50
0 1 58.81
0 2 21.28
0 3 2.41
0 4 0.5
1 28 70.3
1 34 82.48
1 37 82.48
1 44 39.8
1 47 73.71
2 5 71.5
2 32 78.27
2 18 68.14
2 22 68.15
2 25 85.69
2 36 85.92
2 37 93.07
2 38 55.72
2 46 75.29
3 32 76.84
3 25 41.08
3 7 81.77
3 15 72.05
3 16 63.03
3 19 59.6
3 31 39.91
3 37 83.97
3 42 50.73
3 44 41.02
3 48 27.96
4 48 65.05
4 21 26.55
4 12 93.48
4 35 85.82
4 36 52.22
4 37 76.62
4 40 73.38
4 44 78.86
4 46 54.94
5 6 50.98
5 42 51.71
5 9 62.15
5 11 46.5
5 19 72.86
5 32 62.72
5 33 67.47
5 36 79.12
5 38 80.85
5 44 68.61
5 47 64.97
5 48 70.69
32 13 85.51
32 34 52.55
32 35 55.06
32 37 91.73
32 39 54.46
32 41 38.13
32 42 68.13
32 44 70.11
25 7 42.96
25 21 54.38
25 42 57.03
25 27 89.4
25 19 69.16
25 15 79.78
25 8 74.82
25 46 71.43
25 44 49.16
25 45 55.98
25 48 48.35
48 21 76.33
48 34 46.01
48 36 48.5
48 39 91.4
48 40 95.72
48 41 84.68
48 42 82.29
48 44 65.87
48 45 54.46
48 6 67.37
48 10 63.0
48 29 54.14
48 11 72.25
48 23 62.31
48 22 63.44
48 28 73.21
48 30 61.2
48 38 63.1
48 27 70.07
48 19 92.24
48 14 79.48
48 12 98.2
48 37 34.1
48 26 68.48
48 17 73.34
48 15 60.57
48 16 83.22
48 49 61.88
21 19 82.96
21 6 54.14
21 38 60.85
21 34 67.57
21 33 58.84
21 28 84.38
21 39 50.09
21 42 87.05
21 44 63.31
6 8 68.18
6 43 93.13
6 11 77.18
6 19 81.56
6 29 80.88
6 35 81.21
6 36 91.1
6 44 71.37
42 38 85.96
42 41 57.5
42 22 64.65
42 16 73.55
42 31 52.23
42 11 62.82
42 44 40.29
42 29 94.59
42 15 86.23
42 35 62.6
42 19 74.19
42 39 45.1
42 46 66.52
42 13 76.21
42 7 93.79
42 36 58.06
42 27 57.25
42 47 84.19
42 24 56.2
42 12 43.82
42 34 43.92
42 37 31.94
42 40 74.64
8 41 95.91
8 26 71.12
8 9 61.93
8 34 85.16
8 35 54.09
8 40 98.31
8 44 44.97
43 34 52.27
43 38 29.53
43 39 70.37
43 41 78.36
43 36 53.27
43 9 68.69
7 33 65.45
7 35 44.33
7 39 61.99
7 44 43.14
7 47 43.43
41 14 91.64
41 34 79.67
41 37 51.1
41 18 90.75
41 23 42.88
41 27 68.94
41 13 87.4
41 40 95.57
41 16 67.69
41 26 52.84
41 36 57.46
41 38 63.67
41 45 71.42
41 29 92.01
41 28 31.94
41 44 75.2
26 12 88.2
26 20 77.42
26 10 36.84
26 22 80.95
26 44 31.17
26 36 58.74
26 38 74.29
26 40 68.62
9 24 57.76
9 28 37.97
9 23 73.26
9 14 56.26
9 37 59.96
9 38 76.68
9 44 92.53
9 46 30.27
24 15 91.97
24 17 93.24
24 19 71.24
24 46 82.12
24 45 72.6
24 20 53.68
24 27 38.58
24 36 87.56
24 37 46.11
24 44 35.42
28 14 90.17
28 16 72.54
28 29 43.9
28 12 80.5
23 13 86.3
23 47 96.27
23 44 68.92
23 33 73.84
23 34 75.66
23 36 81.15
23 37 46.36
23 39 69.74
10 14 38.25
10 13 56.18
10 39 55.84
10 40 73.98
10 44 55.43
10 46 77.84
14 18 42.28
14 38 68.32
14 34 78.98
14 15 60.89
14 16 48.0
14 27 61.17
14 44 82.46
13 36 81.62
13 35 62.42
13 17 52.32
13 19 69.81
13 27 55.62
13 34 85.69
13 38 79.59
13 39 58.5
13 44 38.14
13 47 35.69
11 19 49.4
11 33 51.54
11 40 72.44
11 46 57.05
11 47 86.87
12 30 67.0
12 31 72.38
12 35 79.8
12 37 48.07
12 46 89.69
36 30 75.65
36 33 53.3
36 17 26.03
36 18 43.89
36 27 68.38
36 16 74.79
36 20 78.51
36 45 83.55
35 20 83.67
35 34 83.07
35 39 86.47
35 18 43.53
35 30 63.89
35 19 78.02
35 33 91.48
35 46 41.45
35 44 85.72
35 47 74.22
18 20 90.88
18 39 65.59
18 40 90.32
18 44 90.54
18 47 87.2
38 19 87.86
38 20 55.91
38 37 72.55
38 44 46.45
38 33 80.75
38 47 68.17
38 16 41.79
38 45 71.89
38 46 70.09
34 15 69.88
34 17 82.89
34 29 83.69
34 27 67.0
34 30 86.42
34 39 71.5
15 44 73.75
15 17 77.54
15 19 89.4
15 27 89.77
15 29 68.45
15 40 68.4
44 31 44.85
44 40 67.11
44 29 71.77
44 19 41.73
44 16 46.31
44 47 46.9
44 17 86.47
44 46 47.11
44 37 89.92
44 39 29.6
44 33 78.55
44 45 52.73
44 20 61.37
17 27 60.83
17 33 54.17
19 47 35.8
19 39 71.18
19 31 91.8
19 37 75.1
19 46 82.28
27 22 66.22
27 40 68.24
16 20 49.62
16 29 78.06
16 37 44.67
16 47 84.27
20 47 83.88
33 31 77.34
33 37 63.58
33 40 55.53
33 45 66.2
47 31 74.99
47 39 51.42
47 30 87.71
47 49 2.39
39 22 65.56
39 29 72.27
39 31 77.39
39 45 81.43
31 40 71.38
22 46 77.47
22 30 77.41
22 37 53.97
46 49 26.08
45 30 84.67
45 49 0.56
30 37 81.46
30 40 71.17
37 40 91.99