49
0 3 1.158
0 1 1.15
1 2 1.027
1 3 1.114
1 4 1.117
1 5 1.034
1 6 1.127
1 7 1.058
1 8 1.171
1 9 1.122
1 10 1.149
1 11 1.044
1 12 1.131
2 3 1.128
2 4 1.032
2 5 1.007
2 6 1.111
2 7 1.174
2 8 1.129
2 9 1.072
2 10 1.198
2 11 1.175
2 12 1.188
3 4 1.054
3 5 1.071
3 6 1.182
3 7 1.06
3 8 1.111
3 9 1.097
3 10 1.101
3 11 1.079
3 12 1.178
4 5 1.179
4 6 1.055
4 7 1.159
4 8 1.194
4 9 1.072
4 10 1.049
4 11 1.072
4 12 1.143
5 6 1.027
5 7 1.157
5 8 1.006
5 9 1.165
5 10 1.038
5 11 1.05
5 12 1.191
6 7 1.074
6 8 1.17
6 9 1.139
6 10 1.147
6 11 1.159
6 12 1.031
7 8 1.054
7 9 1.166
7 10 1.12
7 11 1.084
7 12 1.121
7 30 1.019
8 9 1.017
8 10 1.175
8 11 1.113
8 12 1.185
9 10 1.049
9 11 1.031
9 12 1.167
10 11 1.059
10 12 1.132
11 12 1.059
13 14 1.034
13 15 1.156
13 16 1.071
13 21 1.197
14 15 1.126
14 16 1.098
14 21 1.08
15 16 1.197
15 21 1.183
16 21 1.082
17 18 1.0
17 19 1.028
17 20 1.144
17 21 1.093
18 19 1.169
18 20 1.004
18 21 1.169
19 20 1.044
19 21 1.192
20 21 1.048
21 30 1.061
21 48 1.123
21 39 1.16
22 23 1.096
22 24 1.184
22 25 1.01
22 30 1.184
23 24 1.008
23 25 1.133
23 30 1.142
24 25 1.173
24 30 1.06
25 30 1.057
26 27 1.131
26 28 1.195
26 29 1.109
26 30 1.148
27 28 1.11
27 29 1.087
27 30 1.112
28 29 1.116
28 30 1.125
29 30 1.19
30 48 1.086
31 32 1.116
31 33 1.091
31 34 1.14
31 39 1.19
32 33 1.05
32 34 1.174
32 39 1.054
33 34 1.031
33 39 1.193
34 39 1.144
35 36 1.126
35 37 1.2
35 38 1.185
35 39 1.011
36 37 1.043
36 38 1.119
36 39 1.018
37 38 1.17
37 39 1.003
38 39 1.197
39 48 1.144
40 41 1.033
40 42 1.158
40 43 1.015
40 48 1.053
41 42 1.192
41 43 1.142
41 48 1.01
42 43 1.183
42 48 1.159
43 48 1.033
44 45 1.073
44 46 1.001
44 47 1.035
44 48 1.005
45 46 1.117
45 47 1.001
45 48 1.142
46 47 1.105
46 48 1.092
47 48 1.17