49
0 1 97
0 2 11
0 3 37
0 4 7
0 5 27
0 6 93
0 7 7
0 8 14
0 9 82
0 10 77
0 11 26
0 12 8
0 13 43
0 14 38
0 15 93
0 16 48
0 17 30
0 18 99
0 19 33
0 20 46
0 21 55
0 22 98
0 23 63
0 24 61
0 25 10
0 26 68
0 27 41
0 28 35
0 29 90
0 30 70
0 31 14
0 32 7
0 33 54
0 34 16
0 35 24
0 36 55
0 37 98
0 38 6
0 39 22
0 40 56
0 41 5
0 42 32
0 43 64
0 44 6
0 45 8
0 46 38
0 47 76
0 48 23
1 2 42
1 3 88
1 4 47
1 5 50
1 6 21
1 7 62
1 8 52
1 9 79
1 10 36
1 11 96
1 12 57
1 13 36
1 14 79
1 15 36
1 16 74
1 17 90
1 18 64
1 19 53
1 20 11
1 21 54
1 22 24
1 23 9
1 24 48
1 25 90
1 26 97
1 27 68
1 28 70
1 29 44
1 30 75
1 31 81
1 32 22
1 33 15
1 34 75
1 35 51
1 36 77
1 37 22
1 38 95
1 39 64
1 40 35
1 41 54
1 42 33
1 43 74
1 44 86
1 45 26
1 46 1
1 47 46
1 48 10
2 3 39
2 4 28
2 5 53
2 6 13
2 7 58
2 8 13
2 9 47
2 10 85
2 11 27
2 12 51
2 13 59
2 14 68
2 15 68
2 16 88
2 17 58
2 18 4
2 19 23
2 20 92
2 21 48
2 22 21
2 23 20
2 24 85
2 25 1
2 26 19
2 27 33
2 28 16
2 29 8
2 30 79
2 31 62
2 32 73
2 33 15
2 34 25
2 35 33
2 36 46
2 37 13
2 38 42
2 39 44
2 40 97
2 41 7
2 42 22
2 43 90
2 44 46
2 45 52
2 46 38
2 47 60
2 48 70
3 4 95
3 5 66
3 6 29
3 7 29
3 8 8
3 9 16
3 10 90
3 11 33
3 12 16
3 13 44
3 14 52
3 15 19
3 16 97
3 17 40
3 18 93
3 19 30
3 20 66
3 21 12
3 22 49
3 23 98
3 24 50
3 25 5
3 26 73
3 27 89
3 28 48
3 29 72
3 30 55
3 31 95
3 32 68
3 33 15
3 34 51
3 35 3
3 36 27
3 37 57
3 38 10
3 39 33
3 40 84
3 41 2
3 42 47
3 43 80
3 44 67
3 45 12
3 46 91
3 47 41
3 48 11
4 5 15
4 6 73
4 7 96
4 8 92
4 9 44
4 10 79
4 11 30
4 12 22
4 13 3
4 14 5
4 15 14
4 16 48
4 17 96
4 18 95
4 19 70
4 20 77
4 21 23
4 22 4
4 23 44
4 24 62
4 25 36
4 26 1
4 27 85
4 28 86
4 29 39
4 30 95
4 31 55
4 32 85
4 33 64
4 34 5
4 35 50
4 36 6
4 37 87
4 38 12
4 39 50
4 40 62
4 41 28
4 42 21
4 43 2
4 44 51
4 45 96
4 46 46
4 47 91
4 48 24
5 6 55
5 7 31
5 8 46
5 9 11
5 10 1
5 11 96
5 12 4
5 13 37
5 14 48
5 15 44
5 16 13
5 17 36
5 18 4
5 19 33
5 20 28
5 21 56
5 22 11
5 23 63
5 24 76
5 25 48
5 26 58
5 27 74
5 28 93
5 29 97
5 30 88
5 31 61
5 32 34
5 33 9
5 34 87
5 35 71
5 36 11
5 37 29
5 38 46
5 39 4
5 40 78
5 41 52
5 42 91
5 43 61
5 44 52
5 45 96
5 46 48
5 47 73
5 48 31
6 7 62
6 8 42
6 9 43
6 10 73
6 11 74
6 12 67
6 13 42
6 14 9
6 15 84
6 16 63
6 17 23
6 18 63
6 19 49
6 20 80
6 21 94
6 22 44
6 23 98
6 24 37
6 25 50
6 26 20
6 27 46
6 28 75
6 29 55
6 30 38
6 31 81
6 32 33
6 33 4
6 34 20
6 35 82
6 36 4
6 37 68
6 38 83
6 39 57
6 40 2
6 41 40
6 42 91
6 43 23
6 44 67
6 45 85
6 46 45
6 47 60
6 48 66
7 8 67
7 9 63
7 10 19
7 11 16
7 12 78
7 13 95
7 14 78
7 15 76
7 16 75
7 17 85
7 18 30
7 19 29
7 20 44
7 21 95
7 22 62
7 23 25
7 24 69
7 25 38
7 26 96
7 27 99
7 28 44
7 29 33
7 30 16
7 31 1
7 32 88
7 33 28
7 34 85
7 35 81
7 36 81
7 37 1
7 38 44
7 39 53
7 40 96
7 41 78
7 42 87
7 43 85
7 44 69
7 45 77
7 46 39
7 47 38
7 48 84
8 9 2
8 10 27
8 11 90
8 12 13
8 13 52
8 14 52
8 15 3
8 16 71
8 17 68
8 18 95
8 19 42
8 20 50
8 21 43
8 22 15
8 23 27
8 24 55
8 25 92
8 26 14
8 27 45
8 28 3
8 29 35
8 30 30
8 31 62
8 32 19
8 33 86
8 34 86
8 35 94
8 36 68
8 37 18
8 38 21
8 39 24
8 40 15
8 41 75
8 42 86
8 43 35
8 44 16
8 45 54
8 46 38
8 47 17
8 48 3
9 10 99
9 11 35
9 12 51
9 13 38
9 14 48
9 15 13
9 16 80
9 17 25
9 18 4
9 19 30
9 20 19
9 21 22
9 22 74
9 23 49
9 24 11
9 25 8
9 26 37
9 27 89
9 28 34
9 29 50
9 30 81
9 31 3
9 32 24
9 33 69
9 34 63
9 35 49
9 36 49
9 37 59
9 38 97
9 39 37
9 40 56
9 41 86
9 42 21
9 43 16
9 44 44
9 45 62
9 46 24
9 47 31
9 48 72
10 11 5
10 12 54
10 13 18
10 14 77
10 15 77
10 16 24
10 17 22
10 18 17
10 19 69
10 20 12
10 21 52
10 22 8
10 23 83
10 24 24
10 25 93
10 26 29
10 27 43
10 28 73
10 29 33
10 30 39
10 31 54
10 32 20
10 33 12
10 34 30
10 35 43
10 36 14
10 37 64
10 38 80
10 39 86
10 40 44
10 41 59
10 42 58
10 43 83
10 44 74
10 45 40
10 46 68
10 47 22
10 48 73
11 12 77
11 13 70
11 14 28
11 15 73
11 16 77
11 17 38
11 18 15
11 19 61
11 20 35
11 21 75
11 22 25
11 23 27
11 24 54
11 25 12
11 26 68
11 27 48
11 28 84
11 29 26
11 30 57
11 31 13
11 32 76
11 33 32
11 34 4
11 35 3
11 36 21
11 37 47
11 38 85
11 39 52
11 40 65
11 41 73
11 42 4
11 43 64
11 44 50
11 45 11
11 46 42
11 47 86
11 48 31
12 13 59
12 14 71
12 15 69
12 16 91
12 17 82
12 18 1
12 19 16
12 20 70
12 21 17
12 22 73
12 23 60
12 24 96
12 25 85
12 26 56
12 27 25
12 28 77
12 29 23
12 30 38
12 31 77
12 32 26
12 33 33
12 34 77
12 35 82
12 36 40
12 37 42
12 38 23
12 39 70
12 40 90
12 41 6
12 42 28
12 43 9
12 44 28
12 45 40
12 46 73
12 47 47
12 48 88
13 14 17
13 15 62
13 16 51
13 17 57
13 18 10
13 19 18
13 20 48
13 21 40
13 22 90
13 23 34
13 24 73
13 25 44
13 26 11
13 27 92
13 28 39
13 29 53
13 30 70
13 31 64
13 32 79
13 33 37
13 34 45
13 35 4
13 36 55
13 37 2
13 38 67
13 39 10
13 40 21
13 41 77
13 42 51
13 43 53
13 44 72
13 45 42
13 46 65
13 47 68
13 48 21
14 15 48
14 16 66
14 17 46
14 18 69
14 19 65
14 20 72
14 21 37
14 22 79
14 23 95
14 24 75
14 25 16
14 26 41
14 27 10
14 28 42
14 29 13
14 30 29
14 31 16
14 32 81
14 33 4
14 34 36
14 35 79
14 36 70
14 37 88
14 38 7
14 39 7
14 40 64
14 41 12
14 42 50
14 43 10
14 44 27
14 45 54
14 46 37
14 47 58
14 48 20
15 16 66
15 17 84
15 18 59
15 19 19
15 20 5
15 21 21
15 22 32
15 23 75
15 24 97
15 25 10
15 26 41
15 27 9
15 28 75
15 29 16
15 30 20
15 31 72
15 32 9
15 33 95
15 34 1
15 35 55
15 36 70
15 37 77
15 38 12
15 39 64
15 40 49
15 41 97
15 42 83
15 43 14
15 44 78
15 45 33
15 46 64
15 47 1
15 48 52
16 17 84
16 18 56
16 19 4
16 20 33
16 21 54
16 22 3
16 23 56
16 24 22
16 25 99
16 26 77
16 27 8
16 28 37
16 29 44
16 30 86
16 31 30
16 32 32
16 33 41
16 34 92
16 35 13
16 36 69
16 37 39
16 38 22
16 39 50
16 40 71
16 41 86
16 42 60
16 43 49
16 44 25
16 45 3
16 46 71
16 47 17
16 48 24
17 18 1
17 19 14
17 20 94
17 21 94
17 22 74
17 23 81
17 24 1
17 25 73
17 26 94
17 27 39
17 28 82
17 29 92
17 30 28
17 31 47
17 32 10
17 33 1
17 34 85
17 35 60
17 36 64
17 37 71
17 38 16
17 39 71
17 40 62
17 41 31
17 42 76
17 43 27
17 44 90
17 45 18
17 46 24
17 47 57
17 48 95
18 19 50
18 20 53
18 21 16
18 22 54
18 23 44
18 24 51
18 25 48
18 26 65
18 27 74
18 28 87
18 29 25
18 30 7
18 31 82
18 32 20
18 33 17
18 34 30
18 35 10
18 36 19
18 37 18
18 38 7
18 39 80
18 40 77
18 41 88
18 42 17
18 43 1
18 44 17
18 45 83
18 46 4
18 47 65
18 48 87
19 20 34
19 21 93
19 22 97
19 23 17
19 24 56
19 25 99
19 26 87
19 27 45
19 28 6
19 29 32
19 30 30
19 31 41
19 32 79
19 33 88
19 34 52
19 35 31
19 36 47
19 37 53
19 38 49
19 39 33
19 40 40
19 41 74
19 42 80
19 43 42
19 44 51
19 45 97
19 46 28
19 47 21
19 48 73
20 21 45
20 22 50
20 23 67
20 24 18
20 25 58
20 26 11
20 27 89
20 28 47
20 29 98
20 30 35
20 31 24
20 32 45
20 33 72
20 34 14
20 35 78
20 36 38
20 37 64
20 38 53
20 39 62
20 40 21
20 41 90
20 42 55
20 43 56
20 44 4
20 45 26
20 46 13
20 47 8
20 48 22
21 22 97
21 23 20
21 24 9
21 25 71
21 26 28
21 27 85
21 28 46
21 29 14
21 30 8
21 31 78
21 32 3
21 33 6
21 34 90
21 35 11
21 36 37
21 37 78
21 38 39
21 39 63
21 40 87
21 41 90
21 42 20
21 43 65
21 44 18
21 45 14
21 46 87
21 47 55
21 48 86
22 23 61
22 24 96
22 25 14
22 26 2
22 27 64
22 28 57
22 29 90
22 30 3
22 31 71
22 32 29
22 33 67
22 34 4
22 35 88
22 36 23
22 37 18
22 38 25
22 39 16
22 40 42
22 41 12
22 42 50
22 43 19
22 44 48
22 45 83
22 46 58
22 47 67
22 48 75
23 24 96
23 25 64
23 26 4
23 27 42
23 28 36
23 29 63
23 30 2
23 31 31
23 32 11
23 33 45
23 34 2
23 35 43
23 36 41
23 37 50
23 38 99
23 39 27
23 40 28
23 41 85
23 42 42
23 43 11
23 44 81
23 45 69
23 46 2
23 47 16
23 48 68
24 25 68
24 26 77
24 27 18
24 28 75
24 29 2
24 30 8
24 31 15
24 32 55
24 33 90
24 34 67
24 35 79
24 36 77
24 37 41
24 38 5
24 39 44
24 40 38
24 41 28
24 42 27
24 43 86
24 44 1
24 45 75
24 46 61
24 47 50
24 48 17
25 26 75
25 27 15
25 28 63
25 29 7
25 30 20
25 31 75
25 32 77
25 33 19
25 34 93
25 35 18
25 36 41
25 37 11
25 38 77
25 39 58
25 40 29
25 41 24
25 42 9
25 43 58
25 44 36
25 45 26
25 46 86
25 47 31
25 48 72
26 27 59
26 28 41
26 29 97
26 30 74
26 31 63
26 32 55
26 33 78
26 34 50
26 35 63
26 36 30
26 37 18
26 38 21
26 39 36
26 40 86
26 41 29
26 42 2
26 43 11
26 44 84
26 45 53
26 46 77
26 47 16
26 48 90
27 28 16
27 29 6
27 30 95
27 31 80
27 32 45
27 33 63
27 34 96
27 35 45
27 36 98
27 37 37
27 38 85
27 39 74
27 40 76
27 41 21
27 42 37
27 43 58
27 44 78
27 45 14
27 46 97
27 47 90
27 48 10
28 29 87
28 30 7
28 31 55
28 32 90
28 33 43
28 34 7
28 35 31
28 36 47
28 37 23
28 38 2
28 39 80
28 40 6
28 41 41
28 42 45
28 43 6
28 44 75
28 45 19
28 46 69
28 47 65
28 48 35
29 30 61
29 31 42
29 32 87
29 33 29
29 34 81
29 35 48
29 36 84
29 37 86
29 38 81
29 39 82
29 40 55
29 41 71
29 42 60
29 43 24
29 44 83
29 45 28
29 46 73
29 47 80
29 48 27
30 31 37
30 32 98
30 33 71
30 34 30
30 35 50
30 36 47
30 37 45
30 38 83
30 39 51
30 40 54
30 41 23
30 42 34
30 43 20
30 44 1
30 45 8
30 46 78
30 47 28
30 48 35
31 32 30
31 33 68
31 34 62
31 35 49
31 36 70
31 37 65
31 38 80
31 39 78
31 40 76
31 41 29
31 42 48
31 43 51
31 44 18
31 45 50
31 46 82
31 47 96
31 48 60
32 33 65
32 34 8
32 35 15
32 36 80
32 37 53
32 38 36
32 39 84
32 40 65
32 41 25
32 42 21
32 43 95
32 44 13
32 45 62
32 46 99
32 47 13
32 48 93
33 34 85
33 35 75
33 36 87
33 37 55
33 38 3
33 39 75
33 40 1
33 41 80
33 42 41
33 43 57
33 44 85
33 45 3
33 46 77
33 47 6
33 48 12
34 35 62
34 36 96
34 37 32
34 38 11
34 39 10
34 40 29
34 41 14
34 42 86
34 43 58
34 44 19
34 45 23
34 46 89
34 47 83
34 48 5
35 36 10
35 37 5
35 38 72
35 39 8
35 40 82
35 41 9
35 42 63
35 43 2
35 44 62
35 45 55
35 46 6
35 47 82
35 48 45
36 37 35
36 38 54
36 39 83
36 40 60
36 41 24
36 42 65
36 43 23
36 44 80
36 45 95
36 46 61
36 47 27
36 48 7
37 38 8
37 39 44
37 40 60
37 41 30
37 42 43
37 43 54
37 44 55
37 45 3
37 46 42
37 47 61
37 48 7
38 39 11
38 40 78
38 41 64
38 42 43
38 43 71
38 44 9
38 45 73
38 46 40
38 47 14
38 48 49
39 40 7
39 41 57
39 42 34
39 43 34
39 44 59
39 45 13
39 46 89
39 47 93
39 48 16
40 41 1
40 42 10
40 43 11
40 44 24
40 45 45
40 46 14
40 47 62
40 48 2
41 42 34
41 43 48
41 44 85
41 45 45
41 46 73
41 47 57
41 48 60
42 43 33
42 44 88
42 45 68
42 46 80
42 47 63
42 48 18
43 44 42
43 45 73
43 46 98
43 47 9
43 48 99
44 45 11
44 46 95
44 47 31
44 48 81
45 46 2
45 47 13
45 48 72
46 47 87
46 48 38
47 48 1