34
0 1 2.0
0 2 3.0
0 3 1.0
0 4 4.0
1 5 7.0
1 6 6.0
1 7 8.0
1 8 9.0
2 5 10.0
2 6 8.0
2 7 9.0
2 8 7.0
3 3 9.0
3 6 11.0
3 7 13.0
3 8 12.0
4 5 6.0
4 6 5.0
4 7 6.0
4 8 7.0
5 9 17.0
5 10 16.0
5 11 19.0
5 12 18.0
6 9 20.0
6 10 15.0
6 11 16.0
7 9 17.0
7 10 19.0
7 11 21.0
7 12 18.0
8 9 14.0
8 10 21.0
8 11 22.0
8 12 17.0
9 13 41.0
9 14 39.0
9 15 37.0
9 16 40.0
10 13 38.0
10 14 36.0
10 15 35.0
10 16 37.0
11 13 41.0
11 14 43.0
11 15 35.0
11 16 39.0
12 13 36.0
12 14 38.0
12 15 32.0
12 16 41.0
13 17 61.0
13 18 63.0
13 19 62.0
13 20 64.0
14 17 60.0
14 18 62.0
14 19 58.0
14 20 64.0
15 17 63.0
15 18 62.0
15 19 61.0
15 20 60.0
16 17 39.0
16 18 58.0
16 19 62.0
16 20 59.0
17 21 30.0
17 21 30.0
17 22 21.0
17 23 31.0
17 24 32.0
18 21 28.0
18 22 32.0
18 23 30.0
18 24 34.0
19 21 35.0
19 22 31.0
19 23 33.0
19 24 29.0
20 21 34.0
20 22 31.0
20 23 29.0
20 24 33.0
21 25 54.0
21 26 53.0
21 27 52.0
21 28 51.0
22 25 50.0
22 26 52.0
22 27 48.0
22 28 54.0
23 25 53.0
23 26 51.0
23 27 49.0
23 28 47.0
24 25 50.0
24 26 51.0
24 27 49.0
24 28 48.0
25 29 70.0
25 30 69.0
25 31 69.0
25 32 70.0
26 29 71.0
26 30 70.0
26 31 69.0
26 32 68.0
27 29 72.0
27 30 70.0
27 31 68.0
27 32 66.0
28 29 69.0
28 30 67.0
28 31 71.0
28 32 73.0
29 33 75.0
30 33 74.0
31 33 76.0
32 33 73.0