50
0 1 54.241
0 2 47.896
0 3 14.765
0 4 46.52
0 5 46.45
0 6 8.062
0 7 94.505
0 8 73.539
0 9 30.242
0 10 96.076
0 11 73.439
0 12 39.642
0 13 68.266
0 14 1.543
0 15 42.293
0 16 77.988
0 17 64.174
0 18 51.115
0 19 36.5
0 20 88.247
0 21 17.734
0 22 55.973
0 23 70.345
0 24 79.656
0 25 96.075
0 26 99.073
0 27 40.942
0 28 94.94
0 29 75.632
0 30 62.673
0 31 81.485
0 32 69.762
0 33 78.495
0 34 85.869
0 35 2.973
0 36 51.396
0 37 72.184
0 38 15.628
0 39 22.52
0 40 3.113
0 41 60.375
0 42 10.836
0 43 57.575
0 44 17.844
0 45 95.203
0 46 88.227
0 47 93.061
0 48 64.105
0 49 99.999
1 2 29.386
1 3 75.524
1 4 45.102
1 5 24.437
1 6 36.677
1 7 28.127
1 8 17.625
1 9 82.96
1 10 79.046
1 11 3.247
1 12 46.418
1 13 73.352
1 14 28.6
1 15 96.93
1 16 20.96
1 17 71.255
1 18 35.558
1 19 89.23
1 20 24.393
1 21 70.402
1 22 32.496
1 23 9.51
1 24 60.234
1 25 88.969
1 26 87.427
1 27 4.139
1 28 93.253
1 29 0.936
1 30 0.426
1 31 82.669
1 32 57.381
1 33 39.373
1 34 58.796
1 35 22.313
1 36 96.855
1 37 12.153
1 38 47.387
1 39 94.092
1 40 16.957
1 41 95.1
1 42 90.727
1 43 64.762
1 44 46.673
1 45 18.463
1 46 40.178
1 47 63.747
1 48 79.229
1 49 56.504
2 3 88.349
2 4 46.772
2 5 58.029
2 6 47.56
2 7 85.357
2 8 63.545
2 9 20.768
2 10 17.147
2 11 85.103
2 12 7.989
2 13 1.628
2 14 8.189
2 15 82.641
2 16 40.342
2 17 3.451
2 18 76.95
2 19 4.356
2 20 28.84
2 21 13.112
2 22 94.74
2 23 60.079
2 24 56.698
2 25 95.281
2 26 96.429
2 27 82.719
2 28 37.796
2 29 60.772
2 30 39.096
2 31 69.417
2 32 14.376
2 33 40.108
2 34 32.679
2 35 77.603
2 36 91.456
2 37 13.865
2 38 80.329
2 39 4.75
2 40 72.98
2 41 17.7
2 42 20.029
2 43 98.117
2 44 17.966
2 45 52.208
2 46 62.517
2 47 56.103
2 48 26.885
2 49 91.833
3 4 1.78
3 5 20.376
3 6 90.654
3 7 53.877
3 8 31.694
3 9 51.679
3 10 39.846
3 11 20.657
3 12 23.978
3 13 42.364
3 14 21.518
3 15 20.36
3 16 67.314
3 17 35.884
3 18 2.869
3 19 92.518
3 20 94.67
3 21 97.517
3 22 13.275
3 23 52.954
3 24 41.36
3 25 34.647
3 26 24.392
3 27 64.328
3 28 2.241
3 29 66.853
3 30 53.76
3 31 21.178
3 32 20.214
3 33 67.307
3 34 84.164
3 35 21.233
3 36 10.407
3 37 3.111
3 38 72.037
3 39 86.265
3 40 67.792
3 41 56.631
3 42 64.621
3 43 4.291
3 44 50.651
3 45 94.646
3 46 39.367
3 47 53.933
3 48 96.551
3 49 39.086
4 5 51.939
4 6 50.147
4 7 30.583
4 8 75.586
4 9 74.965
4 10 99.904
4 11 5.686
4 12 52.124
4 13 78.919
4 14 66.702
4 15 11.297
4 16 78.696
4 17 54.883
4 18 69.291
4 19 39.903
4 20 75.44
4 21 8.621
4 22 78.016
4 23 29.709
4 24 22.478
4 25 27.259
4 26 37.951
4 27 5.833
4 28 48.639
4 29 56.907
4 30 15.466
4 31 40.1
4 32 93.883
4 33 81.744
4 34 10.043
4 35 19.089
4 36 55.347
4 37 24.775
4 38 83.423
4 39 75.487
4 40 46.283
4 41 93.835
4 42 94.32
4 43 25.462
4 44 31.685
4 45 32.991
4 46 12.957
4 47 87.048
4 48 79.621
4 49 36.879
5 6 2.324
5 7 7.985
5 8 43.617
5 9 88.532
5 10 47.006
5 11 72.629
5 12 85.535
5 13 5.726
5 14 29.34
5 15 14.797
5 16 17.281
5 17 32.23
5 18 52.443
5 19 90.165
5 20 76.951
5 21 26.249
5 22 19.622
5 23 0.567
5 24 79.676
5 25 85.576
5 26 31.218
5 27 98.879
5 28 6.764
5 29 76.45
5 30 70.109
5 31 45.683
5 32 10.388
5 33 35.722
5 34 29.457
5 35 57.636
5 36 38.523
5 37 95.392
5 38 95.004
5 39 87.169
5 40 32.845
5 41 58.864
5 42 6.659
5 43 59.347
5 44 94.216
5 45 15.239
5 46 45.914
5 47 86.892
5 48 37.517
5 49 47.043
6 7 58.904
6 8 97.355
6 9 43.114
6 10 81.779
6 11 78.756
6 12 60.938
6 13 3.166
6 14 93.274
6 15 13.296
6 16 42.265
6 17 89.856
6 18 1.504
6 19 45.822
6 20 18.944
6 21 22.12
6 22 77.61
6 23 21.308
6 24 15.917
6 25 94.151
6 26 1.907
6 27 50.75
6 28 50.638
6 29 6.003
6 30 13.356
6 31 93.794
6 32 92.049
6 33 99.587
6 34 78.176
6 35 94.466
6 36 19.0
6 37 12.729
6 38 15.786
6 39 66.016
6 40 36.512
6 41 47.047
6 42 32.05
6 43 20.552
6 44 55.518
6 45 87.73
6 46 34.756
6 47 87.816
6 48 65.899
6 49 75.352
7 8 29.576
7 9 13.771
7 10 5.973
7 11 44.555
7 12 10.067
7 13 12.196
7 14 51.945
7 15 96.966
7 16 3.024
7 17 22.375
7 18 98.942
7 19 97.357
7 20 45.727
7 21 23.734
7 22 64.603
7 23 21.704
7 24 45.44
7 25 21.692
7 26 57.029
7 27 21.626
7 28 87.239
7 29 23.537
7 30 39.051
7 31 2.527
7 32 20.781
7 33 67.23
7 34 94.934
7 35 55.607
7 36 36.014
7 37 59.765
7 38 29.728
7 39 48.731
7 40 34.189
7 41 47.408
7 42 79.072
7 43 42.184
7 44 33.146
7 45 33.317
7 46 52.812
7 47 57.992
7 48 9.425
7 49 65.877
8 9 21.564
8 10 23.588
8 11 65.115
8 12 90.35
8 13 25.29
8 14 97.096
8 15 76.003
8 16 20.341
8 17 68.668
8 18 6.678
8 19 7.933
8 20 95.717
8 21 37.795
8 22 27.13
8 23 14.16
8 24 65.364
8 25 40.59
8 26 12.062
8 27 59.122
8 28 20.222
8 29 82.58
8 30 64.931
8 31 73.417
8 32 81.06
8 33 24.862
8 34 59.609
8 35 75.454
8 36 99.832
8 37 34.958
8 38 67.123
8 39 72.743
8 40 76.336
8 41 50.891
8 42 85.975
8 43 52.054
8 44 77.137
8 45 56.322
8 46 42.722
8 47 35.048
8 48 35.072
8 49 41.035
9 10 23.946
9 11 77.93
9 12 23.963
9 13 77.812
9 14 90.309
9 15 77.667
9 16 12.66
9 17 6.272
9 18 73.029
9 19 6.751
9 20 91.225
9 21 52.66
9 22 98.166
9 23 7.941
9 24 14.938
9 25 25.385
9 26 49.077
9 27 51.426
9 28 60.876
9 29 52.1
9 30 8.079
9 31 0.709
9 32 85.545
9 33 18.646
9 34 15.746
9 35 35.86
9 36 35.405
9 37 20.472
9 38 81.211
9 39 25.114
9 40 96.417
9 41 8.879
9 42 83.354
9 43 19.948
9 44 34.789
9 45 43.967
9 46 32.575
9 47 23.407
9 48 15.042
9 49 84.234
10 11 61.864
10 12 10.095
10 13 89.759
10 14 96.204
10 15 86.894
10 16 98.151
10 17 44.267
10 18 40.078
10 19 60.179
10 20 1.059
10 21 87.557
10 22 81.747
10 23 97.576
10 24 98.218
10 25 58.381
10 26 95.628
10 27 3.323
10 28 27.565
10 29 87.305
10 30 10.461
10 31 25.729
10 32 46.296
10 33 10.862
10 34 85.367
10 35 39.172
10 36 7.546
10 37 39.674
10 38 96.123
10 39 36.778
10 40 51.654
10 41 53.463
10 42 37.556
10 43 39.431
10 44 18.709
10 45 75.086
10 46 69.785
10 47 20.766
10 48 26.101
10 49 94.03
11 12 87.39
11 13 18.803
11 14 54.337
11 15 73.103
11 16 30.506
11 17 6.868
11 18 47.616
11 19 81.409
11 20 69.45
11 21 76.439
11 22 97.471
11 23 72.244
11 24 24.833
11 25 97.021
11 26 95.568
11 27 48.287
11 28 63.418
11 29 0.559
11 30 35.256
11 31 76.711
11 32 7.381
11 33 32.626
11 34 37.085
11 35 39.953
11 36 99.61
11 37 70.149
11 38 2.752
11 39 10.268
11 40 32.298
11 41 5.048
11 42 42.75
11 43 33.29
11 44 46.558
11 45 36.401
11 46 37.848
11 47 48.501
11 48 31.569
11 49 30.633
12 13 44.256
12 14 12.489
12 15 82.321
12 16 45.928
12 17 59.818
12 18 54.972
12 19 99.594
12 20 19.699
12 21 37.821
12 22 1.604
12 23 47.248
12 24 5.771
12 25 89.2
12 26 36.378
12 27 54.741
12 28 86.139
12 29 0.308
12 30 85.539
12 31 10.265
12 32 53.933
12 33 44.062
12 34 80.459
12 35 91.233
12 36 21.771
12 37 61.642
12 38 60.409
12 39 79.134
12 40 33.498
12 41 42.807
12 42 4.724
12 43 93.809
12 44 96.305
12 45 52.955
12 46 93.18
12 47 54.74
12 48 86.556
12 49 78.639
13 14 52.27
13 15 65.232
13 16 65.046
13 17 23.647
13 18 74.111
13 19 50.13
13 20 46.72
13 21 22.219
13 22 64.265
13 23 52.983
13 24 75.955
13 25 4.46
13 26 35.353
13 27 57.799
13 28 83.357
13 29 29.106
13 30 90.365
13 31 13.032
13 32 52.796
13 33 9.517
13 34 30.643
13 35 47.022
13 36 83.865
13 37 25.956
13 38 38.68
13 39 58.107
13 40 97.453
13 41 32.584
13 42 75.761
13 43 20.229
13 44 72.565
13 45 39.785
13 46 81.961
13 47 33.74
13 48 75.86
13 49 46.007
14 15 95.973
14 16 0.824
14 17 38.311
14 18 88.282
14 19 63.549
14 20 3.069
14 21 15.389
14 22 46.773
14 23 0.96
14 24 55.333
14 25 56.489
14 26 16.31
14 27 92.747
14 28 6.37
14 29 73.699
14 30 0.697
14 31 9.764
14 32 87.079
14 33 14.581
14 34 33.044
14 35 10.577
14 36 7.432
14 37 91.771
14 38 41.641
14 39 24.044
14 40 9.608
14 41 81.688
14 42 93.677
14 43 3.479
14 44 16.356
14 45 13.074
14 46 3.108
14 47 72.724
14 48 44.234
14 49 24.545
15 16 62.616
15 17 13.235
15 18 60.526
15 19 50.691
15 20 11.215
15 21 94.804
15 22 3.487
15 23 22.722
15 24 45.353
15 25 4.041
15 26 0.268
15 27 38.366
15 28 32.778
15 29 6.365
15 30 99.41
15 31 16.638
15 32 19.837
15 33 29.357
15 34 0.465
15 35 6.532
15 36 1.161
15 37 34.271
15 38 73.137
15 39 44.291
15 40 53.256
15 41 12.189
15 42 56.287
15 43 82.665
15 44 23.655
15 45 84.559
15 46 66.94
15 47 31.325
15 48 92.125
15 49 78.255
16 17 77.398
16 18 46.714
16 19 97.812
16 20 48.651
16 21 16.328
16 22 69.648
16 23 50.28
16 24 44.793
16 25 20.132
16 26 97.2
16 27 32.97
16 28 15.269
16 29 76.188
16 30 37.832
16 31 82.821
16 32 15.964
16 33 58.788
16 34 88.328
16 35 83.613
16 36 45.715
16 37 73.723
16 38 61.165
16 39 71.429
16 40 84.846
16 41 34.284
16 42 89.02
16 43 3.323
16 44 79.639
16 45 2.499
16 46 10.184
16 47 93.923
16 48 24.272
16 49 79.212
17 18 95.926
17 19 73.025
17 20 34.094
17 21 47.403
17 22 70.576
17 23 98.42
17 24 84.317
17 25 54.718
17 26 22.21
17 27 32.229
17 28 34.42
17 29 19.222
17 30 88.087
17 31 98.085
17 32 16.249
17 33 22.725
17 34 86.101
17 35 9.869
17 36 71.867
17 37 75.324
17 38 92.902
17 39 68.1
17 40 45.933
17 41 63.349
17 42 16.421
17 43 89.656
17 44 93.494
17 45 95.863
17 46 73.334
17 47 71.645
17 48 51.891
17 49 6.903
18 19 34.058
18 20 15.367
18 21 24.578
18 22 29.28
18 23 62.996
18 24 42.762
18 25 77.845
18 26 91.648
18 27 73.354
18 28 16.088
18 29 28.933
18 30 84.786
18 31 77.014
18 32 37.421
18 33 80.202
18 34 44.484
18 35 30.53
18 36 44.239
18 37 82.723
18 38 76.291
18 39 19.497
18 40 11.536
18 41 24.453
18 42 4.757
18 43 17.312
18 44 14.228
18 45 48.723
18 46 65.215
18 47 36.206
18 48 42.423
18 49 16.646
19 20 33.186
19 21 15.426
19 22 93.297
19 23 40.755
19 24 51.221
19 25 53.255
19 26 2.082
19 27 85.425
19 28 57.165
19 29 93.946
19 30 42.641
19 31 39.495
19 32 53.352
19 33 84.798
19 34 5.456
19 35 59.457
19 36 76.395
19 37 9.464
19 38 5.042
19 39 96.71
19 40 90.82
19 41 35.575
19 42 96.348
19 43 75.535
19 44 86.029
19 45 81.577
19 46 3.329
19 47 76.29
19 48 16.125
19 49 32.234
20 21 30.439
20 22 3.323
20 23 88.439
20 24 53.388
20 25 60.219
20 26 90.318
20 27 58.581
20 28 6.062
20 29 80.449
20 30 75.06
20 31 56.439
20 32 12.906
20 33 43.537
20 34 35.617
20 35 0.556
20 36 28.523
20 37 95.111
20 38 91.246
20 39 30.639
20 40 45.852
20 41 8.625
20 42 78.404
20 43 21.64
20 44 58.816
20 45 71.584
20 46 80.78
20 47 3.541
20 48 46.158
20 49 84.454
21 22 31.695
21 23 44.062
21 24 19.813
21 25 63.692
21 26 44.708
21 27 63.772
21 28 92.751
21 29 12.687
21 30 29.002
21 31 66.725
21 32 78.647
21 33 45.156
21 34 94.468
21 35 87.336
21 36 3.172
21 37 98.661
21 38 19.155
21 39 70.861
21 40 9.513
21 41 38.804
21 42 5.943
21 43 78.66
21 44 49.548
21 45 11.317
21 46 34.506
21 47 38.523
21 48 16.013
21 49 4.964
22 23 18.852
22 24 83.43
22 25 43.96
22 26 6.509
22 27 67.025
22 28 1.355
22 29 48.052
22 30 72.752
22 31 16.206
22 32 30.46
22 33 54.754
22 34 70.591
22 35 4.777
22 36 63.44
22 37 39.396
22 38 85.93
22 39 42.193
22 40 14.346
22 41 73.613
22 42 55.396
22 43 43.579
22 44 55.92
22 45 78.405
22 46 60.57
22 47 64.368
22 48 54.444
22 49 53.15
23 24 16.941
23 25 44.803
23 26 81.8
23 27 66.363
23 28 54.932
23 29 81.057
23 30 13.116
23 31 0.937
23 32 90.571
23 33 57.886
23 34 86.645
23 35 26.16
23 36 61.243
23 37 63.643
23 38 94.338
23 39 91.961
23 40 61.539
23 41 80.214
23 42 78.942
23 43 88.225
23 44 42.444
23 45 57.223
23 46 67.252
23 47 16.241
23 48 38.626
23 49 42.65
24 25 74.717
24 26 8.51
24 27 43.673
24 28 68.761
24 29 5.844
24 30 59.059
24 31 4.553
24 32 74.093
24 33 46.287
24 34 29.041
24 35 94.317
24 36 81.528
24 37 81.039
24 38 39.917
24 39 44.594
24 40 41.708
24 41 79.585
24 42 41.715
24 43 98.846
24 44 88.183
24 45 6.924
24 46 87.727
24 47 58.743
24 48 0.1
24 49 8.526
25 26 17.015
25 27 6.0
25 28 47.43
25 29 83.37
25 30 79.986
25 31 29.547
25 32 74.249
25 33 94.545
25 34 78.626
25 35 27.485
25 36 54.957
25 37 28.681
25 38 32.203
25 39 29.751
25 40 73.257
25 41 23.305
25 42 57.508
25 43 4.063
25 44 14.478
25 45 7.03
25 46 62.448
25 47 27.026
25 48 56.922
25 49 45.395
26 27 57.69
26 28 93.118
26 29 87.495
26 30 84.345
26 31 83.446
26 32 65.336
26 33 89.202
26 34 79.567
26 35 38.684
26 36 58.729
26 37 71.532
26 38 8.828
26 39 2.726
26 40 70.552
26 41 68.425
26 42 90.386
26 43 59.372
26 44 26.46
26 45 50.736
26 46 29.682
26 47 40.721
26 48 14.365
26 49 3.14
27 28 1.719
27 29 46.187
27 30 44.629
27 31 76.623
27 32 66.805
27 33 76.817
27 34 90.117
27 35 90.18
27 36 6.759
27 37 25.262
27 38 2.895
27 39 82.679
27 40 39.841
27 41 37.306
27 42 80.172
27 43 16.073
27 44 72.635
27 45 19.93
27 46 50.031
27 47 76.89
27 48 83.635
27 49 16.789
28 29 33.771
28 30 52.889
28 31 86.251
28 32 51.115
28 33 53.49
28 34 92.011
28 35 84.322
28 36 63.847
28 37 73.91
28 38 44.583
28 39 6.468
28 40 7.117
28 41 59.839
28 42 18.077
28 43 1.925
28 44 81.546
28 45 45.239
28 46 5.924
28 47 4.973
28 48 84.504
28 49 30.384
29 30 82.257
29 31 85.013
29 32 9.584
29 33 98.342
29 34 64.1
29 35 4.543
29 36 69.206
29 37 3.66
29 38 59.108
29 39 15.743
29 40 68.733
29 41 87.238
29 42 37.245
29 43 55.8
29 44 51.846
29 45 41.26
29 46 32.392
29 47 28.647
29 48 86.012
29 49 31.882
30 31 60.056
30 32 80.767
30 33 32.815
30 34 20.787
30 35 24.501
30 36 15.531
30 37 22.473
30 38 50.653
30 39 53.344
30 40 51.685
30 41 49.611
30 42 27.88
30 43 26.403
30 44 71.677
30 45 23.865
30 46 75.997
30 47 48.941
30 48 41.56
30 49 59.745
31 32 51.632
31 33 14.623
31 34 56.003
31 35 8.486
31 36 31.257
31 37 17.043
31 38 95.297
31 39 9.359
31 40 35.034
31 41 48.043
31 42 81.368
31 43 31.082
31 44 5.877
31 45 43.803
31 46 65.52
31 47 84.827
31 48 58.0
31 49 5.268
32 33 42.451
32 34 27.404
32 35 37.083
32 36 78.685
32 37 23.541
32 38 75.969
32 39 85.998
32 40 3.732
32 41 87.714
32 42 63.183
32 43 4.402
32 44 11.546
32 45 0.177
32 46 57.074
32 47 54.29
32 48 35.875
32 49 85.384
33 34 8.093
33 35 16.473
33 36 95.82
33 37 3.555
33 38 4.133
33 39 30.075
33 40 74.231
33 41 84.989
33 42 98.367
33 43 58.095
33 44 33.009
33 45 11.696
33 46 61.56
33 47 32.258
33 48 96.492
33 49 62.193
34 35 82.479
34 36 49.762
34 37 13.496
34 38 38.721
34 39 58.131
34 40 50.505
34 41 74.75
34 42 63.771
34 43 73.75
34 44 54.393
34 45 32.849
34 46 63.109
34 47 14.32
34 48 49.942
34 49 41.443
35 36 12.945
35 37 60.482
35 38 64.232
35 39 76.909
35 40 62.893
35 41 92.992
35 42 11.808
35 43 91.878
35 44 47.396
35 45 50.868
35 46 67.476
35 47 70.728
35 48 88.413
35 49 75.488
36 37 45.341
36 38 0.175
36 39 14.141
36 40 60.435
36 41 20.653
36 42 44.557
36 43 33.327
36 44 0.87
36 45 17.147
36 46 94.397
36 47 27.406
36 48 14.267
36 49 42.311
37 38 46.427
37 39 61.388
37 40 88.607
37 41 0.98
37 42 66.474
37 43 82.968
37 44 37.196
37 45 45.443
37 46 54.783
37 47 93.168
37 48 20.975
37 49 14.68
38 39 76.019
38 40 47.592
38 41 86.479
38 42 43.452
38 43 89.874
38 44 67.543
38 45 68.056
38 46 32.608
38 47 4.497
38 48 52.296
38 49 1.015
39 40 36.167
39 41 16.86
39 42 56.203
39 43 3.516
39 44 72.348
39 45 4.867
39 46 79.447
39 47 54.03
39 48 54.56
39 49 16.088
40 41 17.922
40 42 25.089
40 43 88.777
40 44 34.344
40 45 29.221
40 46 90.218
40 47 2.283
40 48 0.233
40 49 72.713
41 42 41.235
41 43 89.313
41 44 55.416
41 45 15.884
41 46 11.939
41 47 51.766
41 48 87.55
41 49 19.272
42 43 52.105
42 44 52.808
42 45 32.292
42 46 69.656
42 47 47.562
42 48 72.159
42 49 40.614
43 44 81.546
43 45 89.711
43 46 55.946
43 47 59.875
43 48 36.33
43 49 2.69
44 45 39.257
44 46 95.58
44 47 16.892
44 48 9.25
44 49 92.064
45 46 57.943
45 47 71.919
45 48 71.351
45 49 98.11
46 47 23.0
46 48 21.429
46 49 13.265
47 48 63.342
47 49 78.402
48 49 93.819
