50
8 13 18
8 45 87
8 38 58
13 36 6
13 48 33
12 27 54
12 41 4
12 18 62
27 39 11
27 43 89
0 20 85
0 16 2
0 46 28
20 44 63
20 28 16
22 26 63
22 6 6
22 47 86
26 45 45
26 4 34
1 15 48
1 19 61
1 40 75
15 5 12
15 11 20
7 25 87
7 24 39
7 17 6
25 16 42
25 34 64
14 33 29
14 47 27
14 10 39
33 21 77
33 49 91
16 9 53
23 32 2
23 4 27
23 6 66
32 31 59
32 17 11
34 35 6
34 19 47
35 40 58
35 5 37
10 46 60
10 3 74
46 31 25
30 37 9
30 5 6
30 43 10
37 41 99
37 40 40
6 47 52
31 3 59
9 44 32
9 24 91
44 28 63
45 42 67
19 29 91
29 38 84
29 21 67
3 2 97
36 39 81
36 41 63
24 2 21
18 49 89
18 43 57
49 28 40
4 11 5
21 38 49
2 39 63
11 42 93
42 48 20
17 48 54