48
0 1 5
0 2 88
0 3 62
0 4 91
0 5 31
0 6 78
0 7 4
0 8 77
0 9 69
0 10 2
0 11 84
0 12 92
0 13 45
0 14 81
0 15 37
0 16 28
0 17 21
0 18 70
0 19 14
0 20 74
0 21 32
0 22 25
0 23 80
0 24 67
0 25 90
0 26 31
0 27 74
0 28 89
0 29 82
0 30 66
0 31 23
0 32 11
0 33 17
0 34 76
0 35 62
0 36 9
0 37 5
0 38 92
0 39 59
0 40 67
0 41 46
0 42 77
0 43 49
0 44 99
0 45 55
0 46 41
0 47 8
1 2 80
1 3 83
1 4 31
1 5 29
1 6 9
1 7 80
1 8 40
1 9 58
1 10 54
1 11 32
1 12 91
1 13 50
1 14 96
1 15 1
1 16 75
1 17 78
1 18 53
1 19 94
1 20 51
1 21 27
1 22 56
1 23 16
1 24 33
1 25 80
1 26 83
1 27 36
1 28 10
1 29 65
1 30 75
1 31 2
1 32 61
1 33 54
1 34 5
1 35 80
1 36 41
1 37 31
1 38 53
1 39 94
1 40 67
1 41 96
1 42 2
1 43 44
1 44 96
1 45 96
1 46 94
1 47 71
2 3 71
2 4 18
2 5 22
2 6 61
2 7 7
2 8 93
2 9 20
2 10 60
2 11 41
2 12 66
2 13 43
2 14 50
2 15 20
2 16 82
2 17 65
2 18 95
2 19 37
2 20 28
2 21 68
2 22 64
2 23 16
2 24 87
2 25 22
2 26 80
2 27 56
2 28 74
2 29 97
2 30 11
2 31 32
2 32 96
2 33 22
2 34 91
2 35 46
2 36 96
2 37 65
2 38 80
2 39 61
2 40 72
2 41 61
2 42 26
2 43 50
2 44 83
2 45 10
2 46 37
2 47 68
3 4 39
3 5 49
3 6 21
3 7 37
3 8 95
3 9 25
3 10 91
3 11 44
3 12 91
3 13 51
3 14 31
3 15 55
3 16 71
3 17 14
3 18 14
3 19 91
3 20 25
3 21 46
3 22 86
3 23 41
3 24 73
3 25 97
3 26 3
3 27 75
3 28 46
3 29 82
3 30 39
3 31 14
3 32 11
3 33 4
3 34 92
3 35 63
3 36 46
3 37 90
3 38 41
3 39 75
3 40 81
3 41 9
3 42 46
3 43 39
3 44 10
3 45 62
3 46 9
3 47 7
4 5 8
4 6 60
4 7 54
4 8 4
4 9 45
4 10 80
4 11 59
4 12 77
4 13 70
4 14 78
4 15 38
4 16 95
4 17 7
4 18 19
4 19 35
4 20 90
4 21 86
4 22 79
4 23 34
4 24 31
4 25 36
4 26 27
4 27 50
4 28 81
4 29 55
4 30 3
4 31 97
4 32 18
4 33 5
4 34 49
4 35 75
4 36 13
4 37 90
4 38 65
4 39 99
4 40 1
4 41 90
4 42 57
4 43 37
4 44 75
4 45 14
4 46 32
4 47 66
5 6 59
5 7 53
5 8 99
5 9 14
5 10 13
5 11 5
5 12 62
5 13 16
5 14 10
5 15 66
5 16 32
5 17 74
5 18 81
5 19 89
5 20 76
5 21 57
5 22 19
5 23 57
5 24 33
5 25 30
5 26 98
5 27 29
5 28 47
5 29 22
5 30 9
5 31 89
5 32 88
5 33 28
5 34 77
5 35 18
5 36 83
5 37 33
5 38 26
5 39 43
5 40 49
5 41 16
5 42 48
5 43 77
5 44 14
5 45 68
5 46 47
5 47 69
6 7 96
6 8 3
6 9 78
6 10 72
6 11 98
6 12 97
6 13 75
6 14 6
6 15 36
6 16 16
6 17 43
6 18 52
6 19 97
6 20 18
6 21 37
6 22 51
6 23 61
6 24 5
6 25 92
6 26 67
6 27 35
6 28 54
6 29 33
6 30 13
6 31 43
6 32 28
6 33 82
6 34 72
6 35 7
6 36 56
6 37 62
6 38 86
6 39 45
6 40 12
6 41 82
6 42 7
6 43 48
6 44 62
6 45 45
6 46 27
6 47 7
7 8 71
7 9 55
7 10 41
7 11 35
7 12 22
7 13 36
7 14 51
7 15 50
7 16 63
7 17 43
7 18 59
7 19 98
7 20 73
7 21 93
7 22 83
7 23 94
7 24 78
7 25 44
7 26 10
7 27 57
7 28 32
7 29 95
7 30 17
7 31 97
7 32 17
7 33 13
7 34 81
7 35 47
7 36 2
7 37 6
7 38 53
7 39 18
7 40 64
7 41 39
7 42 11
7 43 75
7 44 49
7 45 97
7 46 64
7 47 65
8 9 40
8 10 51
8 11 75
8 12 54
8 13 29
8 14 45
8 15 92
8 16 58
8 17 60
8 18 22
8 19 30
8 20 91
8 21 82
8 22 64
8 23 2
8 24 56
8 25 52
8 26 83
8 27 22
8 28 87
8 29 74
8 30 69
8 31 32
8 32 71
8 33 27
8 34 29
8 35 38
8 36 42
8 37 26
8 38 19
8 39 72
8 40 42
8 41 26
8 42 57
8 43 60
8 44 84
8 45 72
8 46 5
8 47 21
9 10 88
9 11 71
9 12 89
9 13 17
9 14 17
9 15 24
9 16 2
9 17 88
9 18 17
9 19 1
9 20 62
9 21 63
9 22 34
9 23 53
9 24 2
9 25 95
9 26 94
9 27 80
9 28 52
9 29 16
9 30 87
9 31 2
9 32 62
9 33 66
9 34 49
9 35 9
9 36 8
9 37 53
9 38 75
9 39 18
9 40 22
9 41 59
9 42 27
9 43 36
9 44 15
9 45 46
9 46 76
9 47 33
10 11 44
10 12 11
10 13 39
10 14 79
10 15 23
10 16 58
10 17 77
10 18 33
10 19 37
10 20 61
10 21 77
10 22 84
10 23 44
10 24 82
10 25 75
10 26 84
10 27 9
10 28 77
10 29 83
10 30 88
10 31 23
10 32 1
10 33 29
10 34 87
10 35 6
10 36 85
10 37 40
10 38 7
10 39 25
10 40 63
10 41 43
10 42 78
10 43 91
10 44 35
10 45 90
10 46 65
10 47 41
11 12 15
11 13 83
11 14 71
11 15 49
11 16 4
11 17 3
11 18 48
11 19 39
11 20 91
11 21 66
11 22 97
11 23 32
11 24 83
11 25 31
11 26 43
11 27 93
11 28 19
11 29 47
11 30 4
11 31 19
11 32 80
11 33 18
11 34 30
11 35 68
11 36 53
11 37 30
11 38 38
11 39 54
11 40 38
11 41 55
11 42 10
11 43 88
11 44 59
11 45 8
11 46 98
11 47 52
12 13 86
12 14 94
12 15 66
12 16 74
12 17 52
12 18 46
12 19 15
12 20 38
12 21 22
12 22 34
12 23 80
12 24 77
12 25 96
12 26 53
12 27 22
12 28 17
12 29 64
12 30 3
12 31 65
12 32 69
12 33 50
12 34 19
12 35 90
12 36 47
12 37 30
12 38 48
12 39 44
12 40 45
12 41 11
12 42 36
12 43 60
12 44 55
12 45 59
12 46 68
12 47 12
13 14 41
13 15 62
13 16 51
13 17 51
13 18 99
13 19 72
13 20 52
13 21 53
13 22 51
13 23 47
13 24 99
13 25 56
13 26 11
13 27 55
13 28 20
13 29 44
13 30 87
13 31 99
13 32 42
13 33 34
13 34 99
13 35 18
13 36 96
13 37 13
13 38 97
13 39 84
13 40 55
13 41 40
13 42 86
13 43 12
13 44 40
13 45 65
13 46 25
13 47 50
14 15 10
14 16 25
14 17 93
14 18 45
14 19 13
14 20 35
14 21 43
14 22 52
14 23 64
14 24 9
14 25 53
14 26 23
14 27 94
14 28 82
14 29 41
14 30 45
14 31 64
14 32 58
14 33 40
14 34 50
14 35 68
14 36 82
14 37 34
14 38 89
14 39 33
14 40 86
14 41 20
14 42 78
14 43 24
14 44 2
14 45 55
14 46 34
14 47 59
15 16 37
15 17 70
15 18 11
15 19 8
15 20 31
15 21 86
15 22 48
15 23 95
15 24 98
15 25 45
15 26 4
15 27 70
15 28 30
15 29 52
15 30 80
15 31 59
15 32 76
15 33 70
15 34 11
15 35 45
15 36 8
15 37 44
15 38 83
15 39 54
15 40 1
15 41 36
15 42 97
15 43 75
15 44 58
15 45 23
15 46 13
15 47 34
16 17 72
16 18 12
16 19 29
16 20 4
16 21 26
16 22 55
16 23 75
16 24 89
16 25 17
16 26 2
16 27 96
16 28 97
16 29 71
16 30 73
16 31 49
16 32 77
16 33 26
16 34 67
16 35 72
16 36 22
16 37 26
16 38 59
16 39 81
16 40 8
16 41 88
16 42 44
16 43 95
16 44 31
16 45 61
16 46 92
16 47 73
17 18 6
17 19 9
17 20 22
17 21 23
17 22 50
17 23 22
17 24 45
17 25 83
17 26 95
17 27 32
17 28 55
17 29 13
17 30 92
17 31 36
17 32 97
17 33 8
17 34 44
17 35 81
17 36 54
17 37 60
17 38 1
17 39 85
17 40 4
17 41 62
17 42 97
17 43 46
17 44 53
17 45 12
17 46 93
17 47 6
18 19 80
18 20 38
18 21 11
18 22 9
18 23 36
18 24 55
18 25 75
18 26 75
18 27 79
18 28 10
18 29 31
18 30 32
18 31 58
18 32 17
18 33 72
18 34 90
18 35 81
18 36 91
18 37 45
18 38 65
18 39 78
18 40 17
18 41 34
18 42 28
18 43 12
18 44 3
18 45 38
18 46 83
18 47 6
19 20 69
19 21 48
19 22 52
19 23 98
19 24 13
19 25 63
19 26 78
19 27 44
19 28 34
19 29 40
19 30 37
19 31 18
19 32 27
19 33 86
19 34 63
19 35 30
19 36 14
19 37 78
19 38 97
19 39 1
19 40 97
19 41 56
19 42 94
19 43 11
19 44 13
19 45 81
19 46 44
19 47 82
20 21 36
20 22 9
20 23 93
20 24 53
20 25 4
20 26 79
20 27 51
20 28 41
20 29 5
20 30 11
20 31 2
20 32 43
20 33 52
20 34 78
20 35 63
20 36 84
20 37 15
20 38 26
20 39 72
20 40 65
20 41 97
20 42 28
20 43 87
20 44 56
20 45 54
20 46 94
20 47 3
21 22 66
21 23 55
21 24 64
21 25 89
21 26 76
21 27 35
21 28 76
21 29 81
21 30 54
21 31 43
21 32 42
21 33 9
21 34 7
21 35 73
21 36 19
21 37 10
21 38 9
21 39 49
21 40 30
21 41 41
21 42 12
21 43 47
21 44 68
21 45 55
21 46 84
21 47 76
22 23 73
22 24 15
22 25 34
22 26 20
22 27 20
22 28 24
22 29 93
22 30 95
22 31 13
22 32 70
22 33 23
22 34 65
22 35 84
22 36 45
22 37 58
22 38 29
22 39 28
22 40 51
22 41 30
22 42 98
22 43 22
22 44 70
22 45 64
22 46 12
22 47 9
23 24 65
23 25 38
23 26 73
23 27 60
23 28 73
23 29 46
23 30 56
23 31 24
23 32 29
23 33 57
23 34 61
23 35 40
23 36 75
23 37 44
23 38 93
23 39 53
23 40 88
23 41 1
23 42 86
23 43 69
23 44 3
23 45 95
23 46 35
23 47 62
24 25 94
24 26 62
24 27 1
24 28 34
24 29 57
24 30 75
24 31 73
24 32 67
24 33 11
24 34 78
24 35 24
24 36 58
24 37 48
24 38 79
24 39 43
24 40 52
24 41 31
24 42 86
24 43 11
24 44 92
24 45 89
24 46 63
24 47 24
25 26 69
25 27 18
25 28 67
25 29 10
25 30 56
25 31 10
25 32 7
25 33 20
25 34 83
25 35 89
25 36 47
25 37 20
25 38 87
25 39 93
25 40 99
25 41 73
25 42 8
25 43 24
25 44 49
25 45 57
25 46 83
25 47 11
26 27 73
26 28 79
26 29 2
26 30 50
26 31 39
26 32 25
26 33 46
26 34 24
26 35 56
26 36 1
26 37 93
26 38 92
26 39 37
26 40 55
26 41 10
26 42 63
26 43 4
26 44 53
26 45 5
26 46 67
26 47 25
27 28 89
27 29 21
27 30 30
27 31 93
27 32 60
27 33 18
27 34 15
27 35 50
27 36 91
27 37 93
27 38 90
27 39 76
27 40 20
27 41 77
27 42 96
27 43 97
27 44 25
27 45 87
27 46 41
27 47 22
28 29 97
28 30 81
28 31 11
28 32 3
28 33 83
28 34 72
28 35 44
28 36 27
28 37 92
28 38 57
28 39 83
28 40 63
28 41 36
28 42 94
28 43 20
28 44 89
28 45 95
28 46 74
28 47 33
29 30 57
29 31 6
29 32 68
29 33 35
29 34 26
29 35 47
29 36 15
29 37 67
29 38 30
29 39 14
29 40 27
29 41 38
29 42 34
29 43 62
29 44 40
29 45 49
29 46 5
29 47 21
30 31 83
30 32 3
30 33 80
30 34 14
30 35 68
30 36 2
30 37 95
30 38 28
30 39 10
30 40 38
30 41 59
30 42 30
30 43 12
30 44 20
30 45 22
30 46 90
30 47 37
31 32 95
31 33 54
31 34 49
31 35 41
31 36 78
31 37 51
31 38 32
31 39 76
31 40 52
31 41 58
31 42 95
31 43 3
31 44 32
31 45 4
31 46 28
31 47 55
32 33 98
32 34 49
32 35 30
32 36 65
32 37 55
32 38 83
32 39 28
32 40 52
32 41 21
32 42 24
32 43 89
32 44 48
32 45 18
32 46 80
32 47 22
33 34 75
33 35 93
33 36 54
33 37 89
33 38 93
33 39 56
33 40 21
33 41 19
33 42 26
33 43 56
33 44 74
33 45 67
33 46 13
33 47 65
34 35 5
34 36 43
34 37 68
34 38 65
34 39 45
34 40 48
34 41 81
34 42 12
34 43 15
34 44 57
34 45 21
34 46 60
34 47 2
35 36 43
35 37 70
35 38 68
35 39 26
35 40 76
35 41 84
35 42 2
35 43 66
35 44 77
35 45 39
35 46 99
35 47 26
36 37 21
36 38 54
36 39 82
36 40 14
36 41 34
36 42 85
36 43 54
36 44 64
36 45 92
36 46 73
36 47 80
37 38 17
37 39 7
37 40 81
37 41 51
37 42 3
37 43 36
37 44 20
37 45 60
37 46 73
37 47 75
38 39 77
38 40 21
38 41 29
38 42 90
38 43 11
38 44 9
38 45 94
38 46 40
38 47 20
39 40 21
39 41 75
39 42 71
39 43 19
39 44 76
39 45 94
39 46 73
39 47 57
40 41 90
40 42 41
40 43 73
40 44 21
40 45 55
40 46 74
40 47 25
41 42 20
41 43 94
41 44 15
41 45 68
41 46 79
41 47 15
42 43 2
42 44 32
42 45 72
42 46 98
42 47 12
43 44 89
43 45 26
43 46 71
43 47 99
44 45 46
44 46 65
44 47 77
45 46 4
45 47 55
46 47 43