50
0 41 45.099
0 3 14.561
0 30 68.445
1 7 6.384
1 28 88.517
2 36 43.631
2 22 45.636
3 17 72.162
3 32 48.049
3 23 20.608
3 6 3.725
4 37 78.763
4 5 2.833
4 24 45.949
4 43 69.758
4 36 49.107
5 14 86.116
6 20 11.171
6 23 28.193
6 47 94.252
7 24 22.705
7 32 25.629
7 20 0.138
8 25 27.737
8 31 61.893
8 27 91.243
8 44 8.595
9 9 25.169
9 16 39.968
10 41 37.412
10 37 35.342
10 45 70.665
10 38 42.594
10 26 88.462
11 33 42.642
11 41 71.922
12 48 3.706
12 19 14.478
13 44 22.288
13 17 42.992
13 14 6.542
13 38 21.012
14 43 25.698
15 39 64.76
15 26 45.314
15 19 24.021
15 44 23.725
15 28 8.848
16 30 50.303
16 21 66.2
17 26 20.602
17 23 53.865
17 32 61.117
18 49 29.498
18 26 4.286
20 34 43.732
21 35 80.62
21 43 45.475
22 30 41.943
22 29 42.891
22 31 15.052
24 38 66.3
24 37 90.926
25 46 59.962
25 36 93.222
25 32 1.297
26 30 63.575
27 32 75.869
28 41 72.993
29 39 78.767
33 46 51.553
34 41 56.038
35 40 2.962
35 45 43.35
36 47 8.453
38 49 49.718
38 48 29.827
39 42 16.116
39 46 20.371
39 49 17.363
40 42 37.53
40 44 87.979
40 43 47.427
42 44 81.982
45 49 11.512
46 47 18.804
47 48 47.472