48
0 1 2.119
0 2 4.238
0 3 6.357
0 4 8.476
0 5 10.595
0 6 12.714
0 7 14.833
0 8 16.952
0 9 19.071
0 10 21.19
0 11 23.309
0 12 25.428
0 13 27.547
0 14 29.666
0 15 31.785
0 16 33.904
0 17 36.023
0 18 38.142
0 19 40.261
0 20 42.38
0 21 44.499
0 22 46.618
0 23 48.737
0 24 50.856
0 25 52.975
0 26 55.094
0 27 57.213
0 28 59.332
0 29 61.451
0 30 63.57
0 31 65.689
0 32 67.808
0 33 69.927
0 34 72.046
0 35 74.165
0 36 76.284
0 37 78.403
0 38 80.522
0 39 82.641
0 40 84.76
0 41 86.879
0 42 88.998
0 43 91.117
0 44 93.236
0 45 95.355
0 46 97.474
0 47 99.593
1 2 2.119
1 3 4.238
1 4 6.357
1 5 8.476
1 6 10.595
1 7 12.714
1 8 14.833
1 9 16.952
1 10 19.071
1 11 21.19
1 12 23.309
1 13 25.428
1 14 27.547
1 15 29.666
1 16 31.785
1 17 33.904
1 18 36.023
1 19 38.142
1 20 40.261
1 21 42.38
1 22 44.499
1 23 46.618
1 24 48.737
1 25 50.856
1 26 52.975
1 27 55.094
1 28 57.213
1 29 59.332
1 30 61.451
1 31 63.57
1 32 65.689
1 33 67.808
1 34 69.927
1 35 72.046
1 36 74.165
1 37 76.284
1 38 78.403
1 39 80.522
1 40 82.641
1 41 84.76
1 42 86.879
1 43 88.998
1 44 91.117
1 45 93.236
1 46 95.355
1 47 97.474
2 3 2.119
2 4 4.238
2 5 6.357
2 6 8.476
2 7 10.595
2 8 12.714
2 9 14.833
2 10 16.952
2 11 19.071
2 12 21.19
2 13 23.309
2 14 25.428
2 15 27.547
2 16 29.666
2 17 31.785
2 18 33.904
2 19 36.023
2 20 38.142
2 21 40.261
2 22 42.38
2 23 44.499
2 24 46.618
2 25 48.737
2 26 50.856
2 27 52.975
2 28 55.094
2 29 57.213
2 30 59.332
2 31 61.451
2 32 63.57
2 33 65.689
2 34 67.808
2 35 69.927
2 36 72.046
2 37 74.165
2 38 76.284
2 39 78.403
2 40 80.522
2 41 82.641
2 42 84.76
2 43 86.879
2 44 88.998
2 45 91.117
2 46 93.236
2 47 95.355
3 4 2.119
3 6 6.357
3 5 4.238
3 7 8.476
3 8 10.595
3 9 12.714
3 10 14.833
3 11 16.952
3 12 19.071
3 13 21.19
3 14 23.309
3 15 25.428
3 16 27.547
3 17 29.666
3 18 31.785
3 19 33.904
3 20 36.023
3 21 38.142
3 22 40.261
3 23 42.38
3 24 44.499
3 25 46.618
3 26 48.737
3 27 50.856
3 28 52.975
3 29 55.094
3 30 57.213
3 31 59.332
3 32 61.451
3 33 63.57
3 34 65.689
3 35 67.808
3 36 69.927
3 37 72.046
3 38 74.165
3 39 76.284
3 40 78.403
3 41 80.522
3 42 82.641
3 43 84.76
3 44 86.879
3 45 88.998
3 46 91.117
3 47 93.236
4 5 2.119
4 6 4.238
4 8 8.476
4 7 6.357
4 9 10.595
4 10 12.714
4 11 14.833
4 12 16.952
4 13 19.071
4 14 21.19
4 15 23.309
4 16 25.428
4 17 27.547
4 18 29.666
4 19 31.785
4 20 33.904
4 21 36.023
4 22 38.142
4 23 40.261
4 24 42.38
4 25 44.499
4 26 46.618
4 27 48.737
4 28 50.856
4 29 52.975
4 30 55.094
4 31 57.213
4 32 59.332
4 33 61.451
4 34 63.57
4 35 65.689
4 36 67.808
4 37 69.927
4 38 72.046
4 39 74.165
4 40 76.284
4 41 78.403
4 42 80.522
4 43 82.641
4 44 84.76
4 45 86.879
4 46 88.998
4 47 91.117
5 6 2.119
5 10 10.595
5 7 4.238
5 9 8.476
5 8 6.357
5 11 12.714
5 12 14.833
5 13 16.952
5 14 19.071
5 15 21.19
5 16 23.309
5 17 25.428
5 18 27.547
5 19 29.666
5 20 31.785
5 21 33.904
5 22 36.023
5 23 38.142
5 24 40.261
5 25 42.38
5 26 44.499
5 27 46.618
5 28 48.737
5 29 50.856
5 30 52.975
5 31 55.094
5 32 57.213
5 33 59.332
5 34 61.451
5 35 63.57
5 36 65.689
5 37 67.808
5 38 69.927
5 39 72.046
5 40 74.165
5 41 76.284
5 42 78.403
5 43 80.522
5 44 82.641
5 45 84.76
5 46 86.879
5 47 88.998
6 7 2.119
6 8 4.238
6 9 6.357
6 12 12.714
6 11 10.595
6 10 8.476
6 13 14.833
6 14 16.952
6 15 19.071
6 16 21.19
6 17 23.309
6 18 25.428
6 19 27.547
6 20 29.666
6 21 31.785
6 22 33.904
6 23 36.023
6 24 38.142
6 25 40.261
6 26 42.38
6 27 44.499
6 28 46.618
6 29 48.737
6 30 50.856
6 31 52.975
6 32 55.094
6 33 57.213
6 34 59.332
6 35 61.451
6 36 63.57
6 37 65.689
6 38 67.808
6 39 69.927
6 40 72.046
6 41 74.165
6 42 76.284
6 43 78.403
6 44 80.522
6 45 82.641
6 46 84.76
6 47 86.879
7 8 2.119
7 14 14.833
7 9 4.238
7 10 6.357
7 13 12.714
7 12 10.595
7 11 8.476
7 15 16.952
7 16 19.071
7 17 21.19
7 18 23.309
7 19 25.428
7 20 27.547
7 21 29.666
7 22 31.785
7 23 33.904
7 24 36.023
7 25 38.142
7 26 40.261
7 27 42.38
7 28 44.499
7 29 46.618
7 30 48.737
7 31 50.856
7 32 52.975
7 33 55.094
7 34 57.213
7 35 59.332
7 36 61.451
7 37 63.57
7 38 65.689
7 39 67.808
7 40 69.927
7 41 72.046
7 42 74.165
7 43 76.284
7 44 78.403
7 45 80.522
7 46 82.641
7 47 84.76
8 9 2.119
8 10 4.238
8 12 8.476
8 16 16.952
8 15 14.833
8 11 6.357
8 14 12.714
8 13 10.595
8 17 19.071
8 18 21.19
8 19 23.309
8 20 25.428
8 21 27.547
8 22 29.666
8 23 31.785
8 24 33.904
8 25 36.023
8 26 38.142
8 27 40.261
8 28 42.38
8 29 44.499
8 30 46.618
8 31 48.737
8 32 50.856
8 33 52.975
8 34 55.094
8 35 57.213
8 36 59.332
8 37 61.451
8 38 63.57
8 39 65.689
8 40 67.808
8 41 69.927
8 42 72.046
8 43 74.165
8 44 76.284
8 45 78.403
8 46 80.522
8 47 82.641
9 10 2.119
9 12 6.357
9 18 19.071
9 11 4.238
9 13 8.476
9 17 16.952
9 16 14.833
9 15 12.714
9 14 10.595
9 19 21.19
9 20 23.309
9 21 25.428
9 22 27.547
9 23 29.666
9 24 31.785
9 25 33.904
9 26 36.023
9 27 38.142
9 28 40.261
9 29 42.38
9 30 44.499
9 31 46.618
9 32 48.737
9 33 50.856
9 34 52.975
9 35 55.094
9 36 57.213
9 37 59.332
9 38 61.451
9 39 63.57
9 40 65.689
9 41 67.808
9 42 69.927
9 43 72.046
9 44 74.165
9 45 76.284
9 46 78.403
9 47 80.522
10 11 2.119
10 12 4.238
10 15 10.595
10 20 21.19
10 13 6.357
10 19 19.071
10 14 8.476
10 18 16.952
10 17 14.833
10 16 12.714
10 21 23.309
10 22 25.428
10 23 27.547
10 24 29.666
10 25 31.785
10 26 33.904
10 27 36.023
10 28 38.142
10 29 40.261
10 30 42.38
10 31 44.499
10 32 46.618
10 33 48.737
10 34 50.856
10 35 52.975
10 36 55.094
10 37 57.213
10 38 59.332
10 39 61.451
10 40 63.57
10 41 65.689
10 42 67.808
10 43 69.927
10 44 72.046
10 45 74.165
10 46 76.284
10 47 78.403
11 12 2.119
11 22 23.309
11 13 4.238
11 16 10.595
11 21 21.19
11 14 6.357
11 20 19.071
11 15 8.476
11 19 16.952
11 18 14.833
11 17 12.714
11 23 25.428
11 24 27.547
11 25 29.666
11 26 31.785
11 27 33.904
11 28 36.023
11 29 38.142
11 30 40.261
11 31 42.38
11 32 44.499
11 33 46.618
11 34 48.737
11 35 50.856
11 36 52.975
11 37 55.094
11 38 57.213
11 39 59.332
11 40 61.451
11 41 63.57
11 42 65.689
11 43 67.808
11 44 69.927
11 45 72.046
11 46 74.165
11 47 76.284
12 13 2.119
12 14 4.238
12 15 6.357
12 16 8.476
12 18 12.714
12 24 25.428
12 23 23.309
12 17 10.595
12 22 21.19
12 21 19.071
12 20 16.952
12 19 14.833
12 25 27.547
12 26 29.666
12 27 31.785
12 28 33.904
12 29 36.023
12 30 38.142
12 31 40.261
12 32 42.38
12 33 44.499
12 34 46.618
12 35 48.737
12 36 50.856
12 37 52.975
12 38 55.094
12 39 57.213
12 40 59.332
12 41 61.451
12 42 63.57
12 43 65.689
12 44 67.808
12 45 69.927
12 46 72.046
12 47 74.165
13 14 2.119
13 26 27.547
13 15 4.238
13 16 6.357
13 17 8.476
13 19 12.714
13 25 25.428
13 24 23.309
13 18 10.595
13 23 21.19
13 22 19.071
13 21 16.952
13 20 14.833
13 27 29.666
13 28 31.785
13 29 33.904
13 30 36.023
13 31 38.142
13 32 40.261
13 33 42.38
13 34 44.499
13 35 46.618
13 36 48.737
13 37 50.856
13 38 52.975
13 39 55.094
13 40 57.213
13 41 59.332
13 42 61.451
13 43 63.57
13 44 65.689
13 45 67.808
13 46 69.927
13 47 72.046
14 15 2.119
14 16 4.238
14 21 14.833
14 28 29.666
14 27 27.547
14 17 6.357
14 18 8.476
14 20 12.714
14 26 25.428
14 25 23.309
14 19 10.595
14 24 21.19
14 23 19.071
14 22 16.952
14 29 31.785
14 30 33.904
14 31 36.023
14 32 38.142
14 33 40.261
14 34 42.38
14 35 44.499
14 36 46.618
14 37 48.737
14 38 50.856
14 39 52.975
14 40 55.094
14 41 57.213
14 42 59.332
14 43 61.451
14 44 63.57
14 45 65.689
14 46 67.808
14 47 69.927
15 16 2.119
15 18 6.357
15 20 10.595
15 30 31.785
15 17 4.238
15 22 14.833
15 29 29.666
15 28 27.547
15 19 8.476
15 21 12.714
15 27 25.428
15 26 23.309
15 25 21.19
15 24 19.071
15 23 16.952
15 31 33.904
15 32 36.023
15 33 38.142
15 34 40.261
15 35 42.38
15 36 44.499
15 37 46.618
15 38 48.737
15 39 50.856
15 40 52.975
15 41 55.094
15 42 57.213
15 43 59.332
15 44 61.451
15 45 63.57
15 46 65.689
15 47 67.808
16 17 2.119
16 18 4.238
16 20 8.476
16 24 16.952
16 32 33.904
16 19 6.357
16 21 10.595
16 31 31.785
16 23 14.833
16 30 29.666
16 29 27.547
16 22 12.714
16 28 25.428
16 27 23.309
16 26 21.19
16 25 19.071
16 33 36.023
16 34 38.142
16 35 40.261
16 36 42.38
16 37 44.499
16 38 46.618
16 39 48.737
16 40 50.856
16 41 52.975
16 42 55.094
16 43 57.213
16 44 59.332
16 45 61.451
16 46 63.57
16 47 65.689
17 18 2.119
17 34 36.023
17 19 4.238
17 21 8.476
17 25 16.952
17 33 33.904
17 20 6.357
17 22 10.595
17 32 31.785
17 24 14.833
17 31 29.666
17 30 27.547
17 23 12.714
17 29 25.428
17 28 23.309
17 27 21.19
17 26 19.071
17 35 38.142
17 36 40.261
17 37 42.38
17 38 44.499
17 39 46.618
17 40 48.737
17 41 50.856
17 42 52.975
17 43 55.094
17 44 57.213
17 45 59.332
17 46 61.451
17 47 63.57
18 19 2.119
18 20 4.238
18 21 6.357
18 24 12.714
18 27 19.071
18 36 38.142
18 35 36.023
18 22 8.476
18 26 16.952
18 34 33.904
18 23 10.595
18 33 31.785
18 25 14.833
18 32 29.666
18 31 27.547
18 30 25.428
18 29 23.309
18 28 21.19
18 37 40.261
18 38 42.38
18 39 44.499
18 40 46.618
18 41 48.737
18 42 50.856
18 43 52.975
18 44 55.094
18 45 57.213
18 46 59.332
18 47 61.451
19 20 2.119
19 38 40.261
19 21 4.238
19 22 6.357
19 25 12.714
19 28 19.071
19 37 38.142
19 36 36.023
19 23 8.476
19 27 16.952
19 35 33.904
19 24 10.595
19 34 31.785
19 26 14.833
19 33 29.666
19 32 27.547
19 31 25.428
19 30 23.309
19 29 21.19
19 39 42.38
19 40 44.499
19 41 46.618
19 42 48.737
19 43 50.856
19 44 52.975
19 45 55.094
19 46 57.213
19 47 59.332
20 21 2.119
20 22 4.238
20 24 8.476
20 25 10.595
20 30 21.19
20 40 42.38
20 39 40.261
20 23 6.357
20 26 12.714
20 29 19.071
20 38 38.142
20 37 36.023
20 28 16.952
20 36 33.904
20 35 31.785
20 27 14.833
20 34 29.666
20 33 27.547
20 32 25.428
20 31 23.309
20 41 44.499
20 42 46.618
20 43 48.737
20 44 50.856
20 45 52.975
20 46 55.094
20 47 57.213
21 22 2.119
21 24 6.357
21 28 14.833
21 42 44.499
21 23 4.238
21 25 8.476
21 26 10.595
21 31 21.19
21 41 42.38
21 40 40.261
21 27 12.714
21 30 19.071
21 39 38.142
21 38 36.023
21 29 16.952
21 37 33.904
21 36 31.785
21 35 29.666
21 34 27.547
21 33 25.428
21 32 23.309
21 43 46.618
21 44 48.737
21 45 50.856
21 46 52.975
21 47 55.094
22 23 2.119
22 24 4.238
22 33 23.309
22 44 46.618
22 25 6.357
22 29 14.833
22 43 44.499
22 26 8.476
22 27 10.595
22 32 21.19
22 42 42.38
22 41 40.261
22 28 12.714
22 31 19.071
22 40 38.142
22 39 36.023
22 30 16.952
22 38 33.904
22 37 31.785
22 36 29.666
22 35 27.547
22 34 25.428
22 45 48.737
22 46 50.856
22 47 52.975
23 24 2.119
23 46 48.737
23 25 4.238
23 34 23.309
23 45 46.618
23 26 6.357
23 30 14.833
23 44 44.499
23 27 8.476
23 28 10.595
23 33 21.19
23 43 42.38
23 42 40.261
23 29 12.714
23 32 19.071
23 41 38.142
23 40 36.023
23 31 16.952
23 39 33.904
23 38 31.785
23 37 29.666
23 36 27.547
23 35 25.428
23 47 50.856
24 25 2.119
24 26 4.238
24 27 6.357
24 28 8.476
24 30 12.714
24 32 16.952
24 36 25.428
24 47 48.737
24 35 23.309
24 46 46.618
24 31 14.833
24 45 44.499
24 29 10.595
24 34 21.19
24 44 42.38
24 43 40.261
24 33 19.071
24 42 38.142
24 41 36.023
24 40 33.904
24 39 31.785
24 38 29.666
24 37 27.547
25 26 2.119
25 30 10.595
25 27 4.238
25 28 6.357
25 29 8.476
25 31 12.714
25 33 16.952
25 37 25.428
25 36 23.309
25 47 46.618
25 32 14.833
25 46 44.499
25 35 21.19
25 45 42.38
25 44 40.261
25 34 19.071
25 43 38.142
25 42 36.023
25 41 33.904
25 40 31.785
25 39 29.666
25 38 27.547
26 27 2.119
26 28 4.238
26 39 27.547
26 31 10.595
26 29 6.357
26 30 8.476
26 32 12.714
26 34 16.952
26 38 25.428
26 37 23.309
26 33 14.833
26 47 44.499
26 36 21.19
26 46 42.38
26 45 40.261
26 35 19.071
26 44 38.142
26 43 36.023
26 42 33.904
26 41 31.785
26 40 29.666
27 28 2.119
27 30 6.357
27 36 19.071
27 29 4.238
27 40 27.547
27 32 10.595
27 31 8.476
27 33 12.714
27 35 16.952
27 39 25.428
27 38 23.309
27 34 14.833
27 37 21.19
27 47 42.38
27 46 40.261
27 45 38.142
27 44 36.023
27 43 33.904
27 42 31.785
27 41 29.666
28 29 2.119
28 30 4.238
28 32 8.476
28 35 14.833
28 42 29.666
28 31 6.357
28 37 19.071
28 41 27.547
28 33 10.595
28 34 12.714
28 36 16.952
28 40 25.428
28 39 23.309
28 38 21.19
28 47 40.261
28 46 38.142
28 45 36.023
28 44 33.904
28 43 31.785
29 30 2.119
29 31 4.238
29 33 8.476
29 36 14.833
29 43 29.666
29 32 6.357
29 38 19.071
29 42 27.547
29 34 10.595
29 35 12.714
29 37 16.952
29 41 25.428
29 40 23.309
29 39 21.19
29 47 38.142
29 46 36.023
29 45 33.904
29 44 31.785
30 31 2.119
30 32 4.238
30 33 6.357
30 35 10.595
30 36 12.714
30 40 21.19
30 45 31.785
30 34 8.476
30 37 14.833
30 44 29.666
30 39 19.071
30 43 27.547
30 38 16.952
30 42 25.428
30 41 23.309
30 47 36.023
30 46 33.904
31 32 2.119
31 33 4.238
31 34 6.357
31 36 10.595
31 37 12.714
31 41 21.19
31 46 31.785
31 35 8.476
31 38 14.833
31 45 29.666
31 40 19.071
31 44 27.547
31 39 16.952
31 43 25.428
31 42 23.309
31 47 33.904
32 33 2.119
32 34 4.238
32 36 8.476
32 40 16.952
32 35 6.357
32 37 10.595
32 38 12.714
32 42 21.19
32 47 31.785
32 39 14.833
32 46 29.666
32 41 19.071
32 45 27.547
32 44 25.428
32 43 23.309
33 34 2.119
33 36 6.357
33 44 23.309
33 35 4.238
33 37 8.476
33 41 16.952
33 38 10.595
33 39 12.714
33 43 21.19
33 40 14.833
33 47 29.666
33 42 19.071
33 46 27.547
33 45 25.428
34 35 2.119
34 36 4.238
34 37 6.357
34 45 23.309
34 38 8.476
34 42 16.952
34 39 10.595
34 40 12.714
34 44 21.19
34 41 14.833
34 43 19.071
34 47 27.547
34 46 25.428
35 36 2.119
35 40 10.595
35 42 14.833
35 37 4.238
35 38 6.357
35 46 23.309
35 39 8.476
35 43 16.952
35 41 12.714
35 45 21.19
35 44 19.071
35 47 25.428
36 37 2.119
36 38 4.238
36 39 6.357
36 40 8.476
36 42 12.714
36 45 19.071
36 41 10.595
36 43 14.833
36 47 23.309
36 44 16.952
36 46 21.19
37 38 2.119
37 39 4.238
37 40 6.357
37 41 8.476
37 43 12.714
37 46 19.071
37 42 10.595
37 44 14.833
37 45 16.952
37 47 21.19
38 39 2.119
38 40 4.238
38 41 6.357
38 42 8.476
38 44 12.714
38 47 19.071
38 43 10.595
38 45 14.833
38 46 16.952
39 40 2.119
39 42 6.357
39 41 4.238
39 43 8.476
39 45 12.714
39 44 10.595
39 46 14.833
39 47 16.952
40 41 2.119
40 42 4.238
40 44 8.476
40 45 10.595
40 43 6.357
40 46 12.714
40 47 14.833
41 42 2.119
41 43 4.238
41 45 8.476
41 46 10.595
41 44 6.357
41 47 12.714
42 43 2.119
42 44 4.238
42 45 6.357
42 46 8.476
42 47 10.595
43 44 2.119
43 45 4.238
43 46 6.357
43 47 8.476
44 45 2.119
44 46 4.238
44 47 6.357
45 46 2.119
45 47 4.238
46 47 2.119