50
0 22 20
0 30 13
0 48 66
22 10 3
22 45 67
22 37 34
30 27 59
30 46 43
1 32 96
1 39 16
1 40 81
1 41 91
1 42 63
32 4 5
32 15 55
32 27 4
32 25 31
32 5 84
39 10 10
39 25 88
39 9 12
39 5 79
2 28 80
2 5 17
2 3 50
2 45 59
2 47 3
28 11 51
28 34 86
28 31 70
28 29 3
28 38 54
5 46 55
5 12 37
5 7 49
3 41 20
3 31 49
41 29 3
41 34 40
4 25 40
4 6 98
4 10 62
4 12 43
4 21 6
4 35 18
25 9 35
25 13 69
25 10 38
46 8 35
46 37 29
12 6 50
12 16 82
12 26 43
6 34 84
7 10 67
10 37 1
8 18 48
8 20 57
8 43 30
18 43 18
18 9 45
9 42 48
42 15 75
42 37 8
11 34 60
11 47 44
34 19 89
34 15 27
16 38 26
16 31 86
13 29 21
13 17 61
13 20 62
14 31 54
14 40 60
31 27 34
31 36 78
40 36 23
40 20 62
15 44 19
38 17 96
17 44 23
17 23 4
44 19 51
44 35 36
44 45 52
43 24 14
43 49 47
20 27 84
20 33 81
21 21 1
23 49 13
49 24 30
26 36 14
33 37 4
33 48 1