50
0 3 0.917
0 11 1.823
0 10 1.582
0 40 1.667
0 17 1.441
0 18 1.298
0 2 0.585
0 27 0.346
0 21 0.351
0 13 1.115
0 24 0.815
0 7 1.862
0 49 0.451
0 30 1.642
1 17 1.073
1 9 0.881
1 16 1.985
1 25 0.699
1 43 1.340
1 4 0.997
1 22 1.948
1 30 1.831
1 44 0.849
1 49 0.853
1 41 1.967
1 12 0.426
1 45 0.887
1 46 0.431
1 18 0.536
1 19 1.865
1 23 1.370
1 28 1.205
1 0 0.911
1 15 1.653
1 26 1.829
1 36 1.044
1 2 1.738
1 5 0.515
1 3 1.750
2 38 0.713
2 24 0.338
2 4 0.573
2 48 0.156
2 9 1.192
2 0 0.461
2 41 1.550
2 8 0.699
2 6 0.964
2 3 0.639
2 43 0.228
2 7 0.861
2 21 1.094
2 34 1.504
2 1 0.892
2 14 1.030
2 33 1.607
2 46 1.172
2 31 0.406
2 13 1.676
2 39 0.498
2 5 0.270
2 25 0.751
2 49 1.509
2 32 0.917
2 44 0.927
2 20 0.633
2 30 1.608
2 47 0.978
2 10 0.679
2 29 1.851
2 35 0.325
2 23 1.998
2 26 1.112
2 11 1.617
2 19 1.752
2 37 0.768
2 16 1.695
2 27 1.918
2 42 1.310
3 36 0.309
3 28 1.609
3 4 1.096
3 14 0.706
3 13 1.556
3 47 1.935
3 7 1.124
3 41 0.493
3 10 0.419
3 26 0.265
3 16 1.194
3 32 0.692
3 38 1.994
3 29 1.946
3 20 0.407
5 43 0.550
5 9 0.585
5 30 1.664
5 20 0.126
5 39 0.986
5 26 1.587
5 3 1.898
5 0 0.814
5 48 0.698
5 32 1.986
5 23 0.886
6 27 0.444
6 29 1.645
6 0 0.251
6 28 0.983
6 16 0.263
6 42 0.741
6 21 0.214
6 47 0.221
6 12 0.494
6 8 0.711
6 38 1.540
7 19 1.852
7 33 1.342
7 15 1.094
7 39 1.796
7 13 0.509
7 32 1.999
7 25 0.965
7 26 0.555
7 47 0.403
7 44 0.348
7 23 1.930
7 4 1.926
7 12 1.034
7 41 0.811
7 6 1.759
7 3 0.711
7 18 1.121
7 37 1.498
7 48 1.623
7 22 1.376
7 38 0.554
7 24 0.282
7 1 0.203
7 34 1.941
7 16 0.659
7 11 1.569
7 31 1.558
8 32 1.312
8 27 0.314
8 2 1.818
8 20 1.619
8 47 1.428
8 16 0.431
8 7 1.810
8 30 0.787
8 15 1.668
8 0 1.145
8 5 0.848
8 14 1.028
8 11 1.125
8 18 1.722
8 31 1.763
8 36 1.940
8 45 1.987
8 38 0.395
8 21 1.941
8 22 1.658
8 33 0.755
8 4 1.736
8 6 1.078
8 49 1.707
8 24 0.644
8 13 1.890
8 23 0.999
8 44 1.080
8 43 1.033
8 29 0.598
8 40 0.121
8 41 1.080
8 35 1.346
8 1 0.500
8 46 1.594
8 42 0.634
8 17 1.876
8 48 1.564
9 20 1.617
9 13 0.909
9 31 0.954
9 45 1.790
9 29 1.817
9 25 0.673
9 47 0.215
9 15 1.423
9 11 1.056
9 32 1.257
9 46 0.937
9 42 0.629
10 26 0.212
10 27 0.485
10 38 1.194
10 36 0.983
10 0 0.288
10 13 1.846
10 37 0.248
10 16 0.649
10 19 0.284
10 17 0.671
10 48 1.606
10 47 0.248
10 34 0.888
10 11 0.257
10 22 1.965
10 43 0.816
10 18 1.005
10 2 1.513
10 20 1.839
10 5 1.855
10 24 0.787
10 30 0.655
10 1 1.734
10 44 1.838
10 9 1.169
10 41 0.380
10 23 0.370
10 46 0.578
10 31 0.828
10 49 1.496
10 4 0.525
10 21 0.610
10 12 1.570
11 40 1.174
11 34 1.735
11 27 1.373
11 45 1.528
11 21 1.210
11 13 1.480
11 33 0.281
12 44 0.248
12 39 0.860
12 31 1.967
12 48 0.881
12 13 1.427
12 26 1.920
12 33 0.344
12 40 1.079
12 20 1.111
12 8 0.499
12 38 1.052
12 32 1.222
12 24 1.786
12 35 1.106
12 10 0.189
12 45 1.278
13 22 1.732
13 24 1.266
13 49 1.964
13 33 1.317
13 47 0.664
13 48 0.566
13 10 1.554
13 36 0.589
13 34 1.316
13 42 1.192
13 29 1.245
13 26 1.651
13 38 1.791
13 16 1.945
13 8 1.979
13 18 0.275
13 27 0.606
13 45 0.711
14 5 0.978
14 39 0.832
14 7 0.295
14 38 0.523
14 6 1.372
14 13 0.413
14 17 1.008
14 2 0.314
14 23 0.623
14 28 0.123
14 31 1.021
14 4 1.477
14 47 1.304
14 35 1.615
14 42 0.408
14 36 1.585
14 24 1.258
14 46 1.919
14 0 1.393
14 43 1.373
14 25 1.414
14 3 1.890
14 26 0.395
14 27 1.613
14 49 0.823
14 32 1.543
14 8 0.546
14 15 1.569
14 12 1.862
14 21 0.317
14 16 1.449
15 3 1.654
15 33 0.389
15 9 0.963
15 29 1.452
15 48 1.420
15 13 1.541
15 26 0.561
15 19 0.207
15 39 0.437
15 25 0.763
15 2 1.986
15 42 1.690
15 41 0.856
15 16 0.669
15 11 0.794
15 23 1.702
15 22 1.048
15 6 1.015
15 46 1.081
15 4 0.137
15 35 0.125
15 17 1.651
15 44 1.153
15 31 1.778
15 45 0.930
15 27 1.830
15 32 0.827
15 43 1.201
15 47 0.598
15 10 0.143
15 12 0.509
15 14 0.262
15 0 1.507
15 18 0.139
15 34 1.190
15 7 0.816
15 20 1.264
16 34 0.772
16 24 0.900
16 6 1.602
16 13 1.617
16 28 0.301
16 5 1.701
16 11 1.294
16 23 1.311
16 42 0.839
16 22 0.716
16 29 1.381
16 46 1.923
16 15 1.179
16 20 0.512
16 18 1.638
16 1 0.963
17 9 1.614
17 35 1.112
17 25 0.501
17 10 1.227
17 0 1.287
17 1 1.906
17 18 0.228
17 26 0.641
17 32 0.417
17 49 0.112
17 12 0.135
17 21 0.656
17 19 0.116
17 15 1.728
17 41 0.690
17 42 1.775
17 40 1.691
17 45 1.489
17 20 1.865
17 46 0.384
17 3 1.535
17 48 1.240
17 29 1.663
17 30 0.770
17 44 0.106
18 46 0.461
18 38 1.435
18 26 1.445
18 49 1.683
18 17 1.450
18 0 1.865
18 29 0.449
18 37 0.435
18 43 1.358
18 34 1.459
18 20 0.758
18 27 0.200
18 1 1.060
18 15 0.999
18 22 0.770
19 42 1.773
19 23 1.649
19 13 1.757
19 29 1.258
19 9 0.934
19 21 1.831
19 24 0.685
19 26 1.641
19 12 0.177
19 35 0.205
19 44 0.380
19 2 1.032
20 43 0.571
20 8 1.218
20 19 0.619
20 17 1.237
20 37 0.469
20 2 1.224
20 16 0.265
20 0 1.196
20 4 1.912
20 15 0.386
20 49 1.345
20 30 0.694
20 41 0.518
20 21 0.709
20 7 0.261
20 9 1.113
20 45 1.528
20 14 1.174
21 18 1.320
21 48 0.807
21 20 0.507
21 2 0.600
21 39 0.896
21 22 0.581
21 45 1.019
21 5 1.362
21 33 0.366
21 46 1.296
21 37 1.485
21 6 1.439
21 13 1.372
21 27 1.055
21 9 1.243
21 25 1.352
22 0 0.116
22 18 0.384
22 19 1.069
22 11 0.230
22 12 1.665
22 31 1.504
22 25 0.699
22 33 0.774
22 28 1.596
22 23 0.916
22 30 1.268
22 4 1.031
22 21 1.596
22 44 0.644
22 27 1.680
22 40 0.196
22 42 0.875
22 26 0.261
22 46 1.378
22 9 1.923
22 5 1.289
22 49 1.332
22 6 0.284
22 47 1.318
22 1 1.522
22 13 0.968
22 20 1.904
22 24 1.996
22 36 0.662
22 3 0.778
22 15 1.164
22 2 1.299
22 10 1.313
22 7 0.470
22 16 1.302
22 37 1.076
22 45 0.816
22 38 1.533
23 44 0.609
23 3 0.166
23 13 1.845
23 19 0.920
23 4 1.565
23 37 1.417
23 11 0.840
23 8 1.340
23 26 0.230
23 6 0.888
23 10 1.640
23 40 1.211
23 17 1.220
23 25 1.076
23 30 1.913
23 1 1.078
23 33 0.633
23 49 0.367
23 42 0.901
23 22 0.846
23 7 0.619
23 9 1.594
23 29 1.090
23 31 0.802
23 0 1.111
23 14 0.654
23 21 0.252
23 15 1.928
23 36 0.745
23 16 0.422
23 35 1.345
24 10 1.519
24 13 0.897
24 36 0.707
24 7 1.269
24 0 1.935
24 26 1.938
24 47 1.143
24 8 0.191
24 37 1.442
24 14 1.892
24 12 0.404
24 35 1.315
24 1 1.383
24 27 1.714
25 23 1.430
25 29 1.518
25 0 0.889
25 47 1.914
25 14 0.514
25 10 0.182
25 19 1.443
25 5 0.130
26 49 1.239
26 29 1.302
26 17 1.370
26 16 0.666
26 7 1.870
26 0 1.220
26 31 0.739
27 15 0.669
27 46 0.512
27 37 1.752
27 25 0.863
27 29 0.722
27 31 0.146
27 2 1.467
28 14 0.465
28 2 1.682
29 25 1.818
29 15 0.643
29 31 0.361
29 46 1.857
29 28 1.867
29 22 1.052
29 39 0.263
29 10 0.667
29 38 1.544
30 10 1.661
30 0 0.652
30 45 0.860
30 41 1.629
30 20 0.575
30 38 1.771
30 33 0.317
30 18 0.497
30 49 0.483
30 39 1.856
30 32 0.117
30 16 0.587
30 5 1.618
30 9 0.537
30 23 1.805
30 44 1.284
30 35 0.722
30 42 0.370
30 36 1.243
30 2 0.341
30 13 1.393
30 21 1.355
30 8 0.332
30 34 1.855
30 24 1.952
30 25 1.622
30 15 1.162
30 47 1.430
30 48 1.338
30 26 1.713
30 22 1.110
30 7 1.180
30 14 0.840
30 46 1.967
30 6 0.806
30 11 1.776
30 37 0.459
30 43 0.173
30 29 1.912
30 31 0.270
30 40 0.121
30 3 0.662
30 4 0.909
30 12 0.781
30 17 1.356
31 14 0.494
31 13 0.447
31 19 1.186
31 1 1.238
31 25 1.565
31 2 0.299
31 47 0.106
31 27 1.724
31 24 1.124
31 45 0.297
31 8 1.708
31 48 1.263
31 42 1.540
32 13 0.506
32 47 0.322
32 8 1.932
32 31 1.399
32 17 1.242
32 23 1.954
32 34 0.609
32 6 1.582
32 4 0.104
32 36 0.908
32 22 1.935
32 18 0.916
32 44 1.506
32 41 1.238
32 10 1.756
32 20 1.369
32 28 1.552
32 9 0.707
32 40 0.698
32 0 0.341
32 19 1.890
32 37 0.335
32 26 0.357
32 16 1.784
32 42 0.264
32 25 1.600
32 46 0.565
32 11 0.618
32 24 0.464
32 21 0.829
32 7 1.741
32 39 1.367
32 48 1.879
32 1 0.158
32 35 0.615
32 27 0.538
32 14 1.186
32 5 0.844
32 45 1.642
32 29 0.411
32 38 1.157
32 49 1.142
33 8 0.149
33 18 0.931
33 39 0.373
33 27 0.520
33 28 0.389
33 25 0.202
33 23 0.577
33 21 0.430
33 13 0.183
33 19 1.902
33 6 0.716
33 38 1.484
33 46 1.018
33 2 0.327
34 2 1.420
34 26 0.616
34 8 0.884
34 33 1.096
34 46 0.148
34 44 0.829
34 17 1.966
34 16 1.693
34 40 1.385
35 48 1.509
35 11 1.008
35 30 0.378
35 32 1.311
35 49 1.424
35 38 0.712
35 15 1.879
35 33 0.741
35 10 1.584
35 42 1.771
35 20 0.237
35 29 1.772
35 19 0.864
35 37 1.502
35 34 0.773
35 27 0.884
35 4 1.674
35 21 1.558
35 13 0.814
35 25 0.888
35 44 1.157
35 17 0.734
35 8 1.631
35 9 1.124
35 40 0.663
36 10 1.652
36 16 0.250
36 11 0.815
36 25 0.624
36 39 1.989
36 1 1.929
36 2 0.719
36 12 1.797
36 35 0.153
36 5 1.396
36 20 1.670
36 24 1.521
36 42 0.364
36 33 0.855
36 26 1.352
36 18 1.728
36 30 1.388
36 47 1.024
36 41 1.176
36 31 1.079
36 23 1.376
36 21 0.748
36 44 0.150
36 0 0.185
36 27 1.805
37 30 0.500
37 3 1.559
37 7 1.243
37 29 1.624
37 14 1.941
37 49 0.336
37 44 1.524
37 2 1.170
37 45 0.406
37 11 1.839
37 4 1.904
38 34 0.497
38 22 0.917
38 13 1.124
38 28 0.719
38 30 0.859
38 33 0.447
38 31 1.470
38 23 1.865
38 14 1.108
38 2 0.212
38 40 1.398
38 39 1.203
38 35 1.747
38 32 1.492
38 19 0.639
38 29 0.237
38 5 1.271
38 37 1.915
38 12 0.657
38 44 1.860
38 11 0.746
39 43 1.643
39 1 1.450
39 26 1.965
39 40 0.794
39 29 0.153
39 34 0.382
39 16 0.862
39 47 1.759
39 45 0.103
39 48 0.195
39 49 0.402
39 36 1.078
39 3 1.550
39 44 1.708
39 20 0.318
39 11 1.608
39 37 0.860
39 5 1.947
39 30 1.069
39 22 1.983
39 13 1.995
40 9 0.360
40 16 1.471
40 24 1.690
40 19 0.364
40 5 0.482
40 25 1.158
40 36 0.139
40 39 1.637
40 20 1.131
40 1 1.487
40 2 0.270
41 47 1.399
41 43 0.551
41 31 1.664
41 1 1.663
41 19 1.245
41 16 1.144
41 33 0.693
41 6 0.349
41 13 0.260
41 17 0.987
41 44 0.578
41 27 0.811
41 14 1.898
41 10 1.968
41 20 0.297
41 32 0.159
41 24 0.268
41 48 1.989
41 25 0.355
41 22 0.390
41 42 1.820
41 0 0.502
41 2 1.652
41 35 0.766
42 43 1.584
42 3 0.243
42 44 0.582
42 23 1.813
42 13 0.338
42 34 0.870
42 8 0.997
42 38 0.582
42 9 0.410
42 29 1.820
42 4 1.423
42 40 1.659
42 0 1.141
42 11 0.383
42 35 1.762
42 17 0.156
42 37 0.701
42 47 1.721
42 32 1.674
42 22 0.574
42 2 0.227
42 48 0.605
42 6 1.427
42 31 0.818
42 30 0.702
42 10 0.436
42 36 1.277
42 49 1.796
42 26 1.967
43 22 0.884
43 12 0.114
43 6 1.573
43 46 1.087
43 13 1.500
43 34 0.998
43 5 0.220
43 30 0.455
44 8 0.678
44 11 0.908
44 15 1.231
44 24 1.571
44 47 0.362
44 42 1.916
44 27 0.509
44 33 0.193
44 22 0.915
44 23 0.147
44 43 0.705
44 30 0.215
44 1 1.356
44 16 0.858
44 7 1.428
44 14 1.908
44 39 1.159
44 25 1.945
44 20 1.032
44 4 0.821
44 37 0.980
44 32 1.161
44 46 1.779
44 40 0.841
44 9 1.864
44 38 0.963
44 26 1.155
44 13 1.398
44 48 1.151
44 3 1.669
45 10 1.508
45 28 0.462
45 48 1.269
46 47 1.391
46 48 0.197
46 32 1.092
46 29 1.591
46 1 1.117
46 27 0.527
46 38 0.942
46 21 0.652
46 2 0.730
46 44 1.017
46 23 0.604
46 17 0.873
46 9 1.846
46 3 0.105
46 28 1.442
46 13 0.577
46 10 0.515
46 30 1.271
46 36 0.248
46 14 0.870
46 45 0.803
46 15 1.749
46 11 1.252
46 20 0.682
46 39 0.462
46 33 1.350
46 40 1.243
46 18 1.424
46 42 1.892
46 25 1.702
46 6 0.859
46 24 0.770
46 8 0.400
46 41 1.232
46 16 1.375
46 0 0.248
47 24 0.921
47 22 1.240
47 9 0.585
47 34 0.994
47 45 1.266
47 43 1.169
47 39 0.708
47 44 1.771
47 30 0.671
47 32 0.112
47 13 1.829
47 33 1.815
47 2 1.839
47 8 1.996
47 19 1.630
48 8 0.693
48 27 1.051
48 30 1.105
48 7 0.579
48 15 0.817
48 14 0.267
49 2 0.902
49 29 0.960
49 34 1.811
49 22 0.828
49 26 0.175
49 23 1.671
49 41 0.660
49 18 0.812
49 9 0.859
49 43 0.342
49 48 1.006
49 33 0.699
