50
0 1 29
0 2 8
0 3 13
0 4 89
0 5 19
0 6 50
0 7 40
0 8 47
0 9 70
0 10 74
0 11 19
0 12 57
0 13 91
0 14 84
0 15 8
0 16 98
0 17 24
0 18 42
0 19 64
0 20 9
0 21 43
0 22 67
0 23 90
0 24 58
0 25 66
0 26 81
0 27 4
0 28 34
0 29 15
0 30 97
0 31 51
0 32 4
0 33 73
0 34 62
0 35 43
0 36 76
0 37 56
0 38 38
0 39 84
0 40 11
0 41 50
0 42 56
0 43 13
0 44 68
0 45 21
0 46 67
0 47 7
0 48 62
0 49 76
1 2 88
1 3 67
1 4 13
1 5 43
1 6 47
1 7 72
1 8 97
1 9 27
1 10 35
1 11 76
1 12 68
1 13 89
1 14 92
1 15 74
1 16 96
1 17 36
1 18 33
1 19 91
1 20 4
1 21 6
1 22 34
1 23 34
1 24 74
1 25 77
1 26 49
1 27 9
1 28 90
1 29 29
1 30 39
1 31 64
1 32 16
1 33 79
1 34 30
1 35 88
1 36 22
1 37 76
1 38 7
1 39 19
1 40 82
1 41 90
1 42 82
1 43 49
1 44 87
1 45 50
1 46 13
1 47 21
1 48 34
1 49 37
2 3 79
2 4 28
2 5 47
2 6 16
2 7 31
2 8 53
2 9 78
2 10 27
2 11 21
2 12 91
2 13 6
2 14 38
2 15 59
2 16 50
2 17 83
2 18 55
2 19 2
2 20 65
2 21 37
2 22 84
2 23 14
2 24 97
2 25 85
2 26 61
2 27 31
2 28 13
2 29 25
2 30 85
2 31 45
2 32 66
2 33 67
2 34 61
2 35 79
2 36 54
2 37 47
2 38 69
2 39 46
2 40 10
2 41 55
2 42 24
2 43 68
2 44 80
2 45 43
2 46 16
2 47 94
2 48 17
2 49 65
3 4 67
3 5 7
3 6 51
3 7 54
3 8 62
3 9 65
3 10 96
3 11 17
3 12 53
3 13 74
3 14 25
3 15 36
3 16 40
3 17 11
3 18 46
3 19 44
3 20 66
3 21 33
3 22 50
3 23 62
3 24 65
3 25 51
3 26 83
3 27 28
3 28 42
3 29 40
3 30 80
3 31 61
3 32 63
3 33 41
3 34 38
3 35 27
3 36 16
3 37 74
3 38 69
3 39 27
3 40 62
3 41 26
3 42 54
3 43 72
3 44 60
3 45 82
3 46 11
3 47 48
3 48 72
3 49 83
4 5 46
4 6 27
4 7 52
4 8 59
4 9 28
4 10 87
4 11 37
4 12 38
4 13 93
4 14 67
4 15 25
4 16 25
4 17 84
4 18 80
4 19 38
4 20 51
4 21 76
4 22 12
4 23 53
4 24 33
4 25 9
4 26 7
4 27 38
4 28 63
4 29 79
4 30 70
4 31 56
4 32 42
4 33 74
4 34 24
4 35 7
4 36 9
4 37 76
4 38 17
4 39 67
4 40 48
4 41 82
4 42 54
4 43 18
4 44 81
4 45 48
4 46 7
4 47 2
4 48 80
4 49 30
5 6 5
5 7 18
5 8 61
5 9 50
5 10 25
5 11 94
5 12 81
5 13 35
5 14 67
5 15 12
5 16 26
5 17 75
5 18 69
5 19 72
5 20 31
5 21 69
5 22 67
5 23 45
5 24 24
5 25 33
5 26 40
5 27 91
5 28 35
5 29 34
5 30 53
5 31 24
5 32 56
5 33 69
5 34 55
5 35 59
5 36 42
5 37 37
5 38 42
5 39 90
5 40 54
5 41 51
5 42 31
5 43 86
5 44 49
5 45 83
5 46 25
5 47 70
5 48 49
5 49 71
6 7 14
6 8 38
6 9 84
6 10 47
6 11 64
6 12 64
6 13 4
6 14 90
6 15 56
6 16 29
6 17 98
6 18 14
6 19 29
6 20 26
6 21 86
6 22 49
6 23 92
6 24 9
6 25 4
6 26 56
6 27 4
6 28 52
6 29 23
6 30 36
6 31 19
6 32 60
6 33 51
6 34 32
6 35 77
6 36 12
6 37 83
6 38 75
6 39 61
6 40 48
6 41 14
6 42 31
6 43 73
6 44 37
6 45 44
6 46 82
6 47 88
6 48 58
6 49 78
7 8 57
7 9 52
7 10 7
7 11 30
7 12 65
7 13 42
7 14 64
7 15 79
7 16 98
7 17 46
7 18 87
7 19 61
7 20 90
7 21 48
7 22 66
7 23 58
7 24 84
7 25 44
7 26 8
7 27 30
7 28 18
7 29 43
7 30 93
7 31 5
7 32 47
7 33 69
7 34 10
7 35 29
7 36 17
7 37 22
7 38 44
7 39 47
7 40 43
7 41 21
7 42 7
7 43 47
7 44 14
7 45 50
7 46 51
7 47 57
7 48 57
7 49 91
8 9 79
8 10 11
8 11 20
8 12 30
8 13 84
8 14 95
8 15 18
8 16 80
8 17 95
8 18 88
8 19 83
8 20 51
8 21 58
8 22 62
8 23 40
8 24 75
8 25 69
8 26 83
8 27 98
8 28 15
8 29 66
8 30 26
8 31 79
8 32 82
8 33 78
8 34 10
8 35 59
8 36 62
8 37 78
8 38 24
8 39 63
8 40 54
8 41 58
8 42 23
8 43 69
8 44 65
8 45 44
8 46 10
8 47 82
8 48 19
8 49 77
9 10 64
9 11 8
9 12 63
9 13 48
9 14 7
9 15 50
9 16 9
9 17 81
9 18 49
9 19 70
9 20 51
9 21 22
9 22 51
9 23 40
9 24 77
9 25 3
9 26 67
9 27 28
9 28 34
9 29 60
9 30 51
9 31 27
9 32 77
9 33 19
9 34 28
9 35 4
9 36 40
9 37 86
9 38 73
9 39 55
9 40 20
9 41 70
9 42 23
9 43 80
9 44 51
9 45 30
9 46 17
9 47 14
9 48 32
9 49 86
10 11 82
10 12 96
10 13 23
10 14 54
10 15 34
10 16 92
10 17 78
10 18 15
10 19 15
10 20 74
10 21 68
10 22 8
10 23 70
10 24 46
10 25 91
10 26 38
10 27 45
10 28 45
10 29 42
10 30 70
10 31 80
10 32 25
10 33 32
10 34 95
10 35 31
10 36 22
10 37 77
10 38 23
10 39 43
10 40 47
10 41 37
10 42 7
10 43 96
10 44 46
10 45 92
10 46 48
10 47 24
10 48 72
10 49 25
11 12 45
11 13 64
11 14 45
11 15 63
11 16 93
11 17 61
11 18 33
11 19 73
11 20 71
11 21 37
11 22 73
11 23 77
11 24 88
11 25 88
11 26 60
11 27 33
11 28 88
11 29 20
11 30 7
11 31 83
11 32 5
11 33 40
11 34 61
11 35 23
11 36 32
11 37 83
11 38 58
11 39 83
11 40 69
11 41 61
11 42 92
11 43 44
11 44 14
11 45 41
11 46 70
11 47 57
11 48 11
11 49 36
12 13 5
12 14 96
12 15 67
12 16 27
12 17 6
12 18 21
12 19 37
12 20 81
12 21 9
12 22 91
12 23 67
12 24 79
12 25 78
12 26 31
12 27 20
12 28 76
12 29 81
12 30 79
12 31 70
12 32 87
12 33 61
12 34 2
12 35 35
12 36 74
12 37 18
12 38 32
12 39 33
12 40 62
12 41 44
12 42 53
12 43 79
12 44 68
12 45 91
12 46 27
12 47 4
12 48 5
12 49 43
13 14 6
13 15 75
13 16 31
13 17 19
13 18 15
13 19 10
13 20 60
13 21 2
13 22 52
13 23 66
13 24 78
13 25 70
13 26 65
13 27 37
13 28 8
13 29 3
13 30 84
13 31 59
13 32 73
13 33 57
13 34 56
13 35 78
13 36 5
13 37 71
13 38 70
13 39 71
13 40 30
13 41 62
13 42 53
13 43 96
13 44 14
13 45 87
13 46 16
13 47 47
13 48 20
13 49 3
14 15 9
14 16 51
14 17 18
14 18 29
14 19 10
14 20 4
14 21 94
14 22 88
14 23 89
14 24 21
14 25 16
14 26 88
14 27 19
14 28 4
14 29 42
14 30 26
14 31 25
14 32 51
14 33 49
14 34 16
14 35 60
14 36 58
14 37 3
14 38 88
14 39 74
14 40 9
14 41 68
14 42 50
14 43 29
14 44 74
14 45 83
14 46 51
14 47 6
14 48 92
14 49 9
15 16 17
15 17 23
15 18 51
15 19 76
15 20 50
15 21 28
15 22 84
15 23 76
15 24 62
15 25 37
15 26 67
15 27 33
15 28 97
15 29 49
15 30 6
15 31 49
15 32 4
15 33 79
15 34 66
15 35 11
15 36 75
15 37 59
15 38 63
15 39 28
15 40 27
15 41 27
15 42 39
15 43 32
15 44 35
15 45 39
15 46 19
15 47 42
15 48 37
15 49 94
16 17 20
16 18 32
16 19 62
16 20 4
16 21 37
16 22 4
16 23 84
16 24 87
16 25 98
16 26 5
16 27 25
16 28 10
16 29 19
16 30 7
16 31 9
16 32 29
16 33 20
16 34 44
16 35 31
16 36 23
16 37 70
16 38 67
16 39 93
16 40 84
16 41 55
16 42 47
16 43 33
16 44 40
16 45 32
16 46 66
16 47 24
16 48 48
16 49 93
17 18 40
17 19 50
17 20 42
17 21 51
17 22 89
17 23 28
17 24 78
17 25 51
17 26 54
17 27 37
17 28 39
17 29 24
17 30 31
17 31 94
17 32 34
17 33 44
17 34 92
17 35 67
17 36 89
17 37 94
17 38 53
17 39 12
17 40 39
17 41 37
17 42 7
17 43 32
17 44 64
17 45 90
17 46 22
17 47 63
17 48 15
17 49 87
18 19 25
18 20 35
18 21 77
18 22 10
18 23 53
18 24 55
18 25 74
18 26 42
18 27 46
18 28 44
18 29 69
18 30 42
18 31 19
18 32 79
18 33 82
18 34 3
18 35 53
18 36 40
18 37 84
18 38 30
18 39 68
18 40 6
18 41 17
18 42 12
18 43 80
18 44 73
18 45 30
18 46 42
18 47 87
18 48 24
18 49 92
19 20 40
19 21 65
19 22 97
19 23 19
19 24 57
19 25 53
19 26 46
19 27 92
19 28 9
19 29 88
19 30 69
19 31 4
19 32 91
19 33 16
19 34 4
19 35 30
19 36 78
19 37 15
19 38 93
19 39 59
19 40 2
19 41 50
19 42 90
19 43 5
19 44 81
19 45 35
19 46 89
19 47 81
19 48 98
19 49 51
20 21 5
20 22 61
20 23 14
20 24 47
20 25 28
20 26 39
20 27 92
20 28 57
20 29 27
20 30 36
20 31 50
20 32 65
20 33 16
20 34 79
20 35 97
20 36 72
20 37 17
20 38 26
20 39 13
20 40 12
20 41 37
20 42 2
20 43 24
20 44 61
20 45 5
20 46 34
20 47 82
20 48 78
20 49 51
21 22 96
21 23 25
21 24 62
21 25 96
21 26 75
21 27 69
21 28 87
21 29 18
21 30 61
21 31 23
21 32 19
21 33 85
21 34 33
21 35 77
21 36 40
21 37 96
21 38 41
21 39 15
21 40 77
21 41 21
21 42 38
21 43 87
21 44 31
21 45 21
21 46 78
21 47 90
21 48 50
21 49 76
22 23 66
22 24 45
22 25 98
22 26 2
22 27 75
22 28 16
22 29 94
22 30 21
22 31 12
22 32 50
22 33 15
22 34 47
22 35 33
22 36 81
22 37 31
22 38 5
22 39 36
22 40 58
22 41 9
22 42 11
22 43 91
22 44 60
22 45 37
22 46 5
22 47 12
22 48 89
22 49 8
23 24 98
23 25 40
23 26 41
23 27 11
23 28 44
23 29 17
23 30 14
23 31 18
23 32 3
23 33 96
23 34 3
23 35 38
23 36 96
23 37 42
23 38 86
23 39 67
23 40 75
23 41 74
23 42 66
23 43 44
23 44 57
23 45 94
23 46 28
23 47 79
23 48 42
23 49 22
24 25 15
24 26 12
24 27 10
24 28 46
24 29 50
24 30 5
24 31 73
24 32 29
24 33 74
24 34 2
24 35 61
24 36 61
24 37 91
24 38 87
24 39 4
24 40 37
24 41 28
24 42 34
24 43 66
24 44 49
24 45 90
24 46 60
24 47 36
24 48 70
24 49 10
25 26 61
25 27 69
25 28 75
25 29 30
25 30 92
25 31 73
25 32 17
25 33 57
25 34 60
25 35 75
25 36 18
25 37 84
25 38 71
25 39 42
25 40 84
25 41 24
25 42 19
25 43 82
25 44 3
25 45 76
25 46 19
25 47 76
25 48 93
25 49 78
26 27 4
26 28 93
26 29 42
26 30 66
26 31 76
26 32 2
26 33 92
26 34 8
26 35 98
26 36 26
26 37 65
26 38 22
26 39 96
26 40 40
26 41 23
26 42 55
26 43 90
26 44 9
26 45 88
26 46 2
26 47 15
26 48 80
26 49 65
27 28 35
27 29 71
27 30 82
27 31 92
27 32 41
27 33 42
27 34 89
27 35 8
27 36 8
27 37 71
27 38 62
27 39 80
27 40 68
27 41 21
27 42 13
27 43 34
27 44 57
27 45 54
27 46 26
27 47 83
27 48 65
27 49 43
28 29 82
28 30 36
28 31 5
28 32 96
28 33 91
28 34 31
28 35 13
28 36 15
28 37 76
28 38 49
28 39 51
28 40 56
28 41 70
28 42 89
28 43 68
28 44 41
28 45 62
28 46 30
28 47 82
28 48 79
28 49 11
29 30 49
29 31 25
29 32 56
29 33 18
29 34 26
29 35 88
29 36 88
29 37 59
29 38 86
29 39 95
29 40 32
29 41 22
29 42 75
29 43 3
29 44 67
29 45 4
29 46 8
29 47 59
29 48 13
29 49 59
30 31 82
30 32 81
30 33 36
30 34 8
30 35 58
30 36 47
30 37 92
30 38 45
30 39 11
30 40 81
30 41 44
30 42 76
30 43 3
30 44 66
30 45 80
30 46 19
30 47 54
30 48 68
30 49 7
31 32 84
31 33 28
31 34 72
31 35 41
31 36 41
31 37 20
31 38 24
31 39 58
31 40 24
31 41 6
31 42 3
31 43 58
31 44 7
31 45 7
31 46 47
31 47 50
31 48 49
31 49 80
32 33 78
32 34 49
32 35 15
32 36 31
32 37 93
32 38 38
32 39 6
32 40 12
32 41 74
32 42 19
32 43 28
32 44 75
32 45 69
32 46 25
32 47 27
32 48 87
32 49 12
33 34 2
33 35 22
33 36 74
33 37 91
33 38 36
33 39 56
33 40 8
33 41 84
33 42 48
33 43 13
33 44 41
33 45 39
33 46 32
33 47 6
33 48 63
33 49 93
34 35 28
34 36 85
34 37 39
34 38 17
34 39 36
34 40 39
34 41 31
34 42 78
34 43 55
34 44 36
34 45 4
34 46 86
34 47 86
34 48 91
34 49 93
35 36 51
35 37 68
35 38 12
35 39 6
35 40 5
35 41 31
35 42 27
35 43 6
35 44 26
35 45 86
35 46 10
35 47 49
35 48 79
35 49 72
36 37 55
36 38 56
36 39 49
36 40 45
36 41 63
36 42 64
36 43 89
36 44 46
36 45 84
36 46 74
36 47 51
36 48 82
36 49 3
37 38 77
37 39 43
37 40 88
37 41 56
37 42 3
37 43 3
37 44 86
37 45 36
37 46 67
37 47 84
37 48 47
37 49 42
38 39 35
38 40 22
38 41 45
38 42 71
38 43 3
38 44 67
38 45 61
38 46 74
38 47 11
38 48 7
38 49 88
39 40 95
39 41 25
39 42 18
39 43 22
39 44 69
39 45 62
39 46 11
39 47 47
39 48 34
39 49 45
40 41 94
40 42 3
40 43 13
40 44 88
40 45 23
40 46 59
40 47 96
40 48 93
40 49 22
41 42 14
41 43 87
41 44 15
41 45 40
41 46 34
41 47 12
41 48 83
41 49 12
42 43 9
42 44 30
42 45 36
42 46 54
42 47 10
42 48 90
42 49 47
43 44 60
43 45 67
43 46 37
43 47 66
43 48 57
43 49 56
44 45 33
44 46 91
44 47 64
44 48 96
44 49 11
45 46 83
45 47 34
45 48 4
45 49 98
46 47 84
46 48 24
46 49 79
47 48 14
47 49 47
48 49 57