50
0 1 70.304
0 2 78.666
0 3 43.602
0 4 3.601
0 5 85.65
0 6 42.212
0 7 9.67
0 8 93.471
0 9 39.135
0 10 49.256
0 11 37.412
0 12 51.655
0 13 92.802
0 14 73.399
0 15 82.327
0 16 39.948
0 17 72.512
0 18 30.454
0 19 13.502
0 20 0.816
0 21 83.388
0 22 54.046
0 23 57.329
0 24 83.859
0 25 25.902
0 26 86.92
0 27 5.553
0 28 51.179
0 29 54.91
0 30 66.474
0 31 0.106
0 32 78.197
0 33 47.833
0 34 99.577
0 35 79.898
0 36 57.276
0 37 36.249
0 38 68.162
0 39 72.996
0 40 74.002
0 41 34.163
0 42 30.026
0 43 1.811
0 44 0.556
0 45 54.741
0 46 73.381
0 47 27.998
0 48 36.283
0 49 10.15
1 2 98.395
1 3 55.321
1 4 72.314
1 5 69.619
1 6 88.614
1 7 3.378
1 8 65.984
1 9 38.613
1 10 69.591
1 11 43.248
1 12 64.372
1 13 11.819
1 14 29.644
1 15 27.006
1 16 44.698
1 17 24.765
1 18 46.419
1 19 0.331
1 20 99.959
1 21 77.21
1 22 16.46
1 23 3.219
1 24 74.093
1 25 5.837
1 26 97.34
1 27 60.151
1 28 44.963
1 29 88.335
1 30 47.908
1 31 48.193
1 32 92.756
1 33 16.53
1 34 64.933
1 35 32.896
1 36 87.261
1 37 67.355
1 38 29.157
1 39 97.014
1 40 21.629
1 41 35.621
1 42 0.149
1 43 63.424
1 44 76.803
1 45 91.202
1 46 99.438
1 47 94.664
1 48 76.623
1 49 9.627
2 3 67.399
2 4 9.301
2 5 81.577
2 6 80.622
2 7 96.175
2 8 87.495
2 9 49.023
2 10 6.575
2 11 55.355
2 12 69.038
2 13 73.219
2 14 45.661
2 15 5.74
2 16 43.217
2 17 19.706
2 18 38.596
2 19 94.089
2 20 12.672
2 21 35.913
2 22 38.967
2 23 98.232
2 24 28.913
2 25 89.314
2 26 25.481
2 27 9.47
2 28 58.186
2 29 64.821
2 30 53.952
2 31 20.106
2 32 39.225
2 33 64.999
2 34 20.117
2 35 52.83
2 36 21.042
2 37 35.391
2 38 11.918
2 39 69.252
2 40 72.908
2 41 15.974
2 42 69.024
2 43 67.095
2 44 27.195
2 45 91.734
2 46 33.621
2 47 29.141
2 48 40.672
2 49 47.056
3 4 0.895
3 5 98.452
3 6 53.46
3 7 5.174
3 8 35.257
3 9 99.42
3 10 6.095
3 11 7.189
3 12 17.634
3 13 69.471
3 14 50.515
3 15 11.953
3 16 52.829
3 17 49.128
3 18 14.654
3 19 35.336
3 20 52.422
3 21 60.541
3 22 51.672
3 23 84.757
3 24 83.114
3 25 97.279
3 26 13.818
3 27 3.115
3 28 43.124
3 29 88.547
3 30 63.04
3 31 87.282
3 32 27.493
3 33 31.072
3 34 44.227
3 35 48.295
3 36 76.197
3 37 36.886
3 38 65.317
3 39 3.131
3 40 34.881
3 41 21.503
3 42 58.363
3 43 57.996
3 44 77.35
3 45 83.991
3 46 81.821
3 47 16.184
3 48 83.64
3 49 18.508
4 5 60.195
4 6 61.584
4 7 29.932
4 8 52.076
4 9 44.86
4 10 26.101
4 11 87.542
4 12 74.759
4 13 5.119
4 14 61.498
4 15 66.073
4 16 76.603
4 17 99.261
4 18 5.728
4 19 79.003
4 20 29.848
4 21 80.227
4 22 88.386
4 23 2.216
4 24 88.28
4 25 92.623
4 26 90.925
4 27 4.211
4 28 67.47
4 29 72.906
4 30 66.718
4 31 36.973
4 32 77.696
4 33 20.306
4 34 53.302
4 35 1.663
4 36 15.744
4 37 29.883
4 38 63.661
4 39 77.042
4 40 11.537
4 41 18.25
4 42 38.962
4 43 49.905
4 44 60.723
4 45 12.102
4 46 84.463
4 47 56.715
4 48 55.502
4 49 34.107
5 6 96.062
5 7 52.265
5 8 65.32
5 9 91.603
5 10 17.895
5 11 13.839
5 12 0.418
5 13 73.882
5 14 99.308
5 15 87.793
5 16 97.482
5 17 18.794
5 18 48.909
5 19 80.252
5 20 57.096
5 21 52.589
5 22 64.567
5 23 38.961
5 24 45.637
5 25 54.06
5 26 28.619
5 27 24.84
5 28 90.954
5 29 56.987
5 30 78.179
5 31 64.109
5 32 39.532
5 33 97.453
5 34 59.793
5 35 7.624
5 36 63.465
5 37 89.904
5 38 68.132
5 39 51.465
5 40 12.686
5 41 55.57
5 42 67.302
5 43 82.939
5 44 35.963
5 45 81.785
5 46 87.097
5 47 32.208
5 48 40.262
5 49 60.967
6 7 51.709
6 8 34.672
6 9 32.057
6 10 90.436
6 11 10.558
6 12 83.083
6 13 69.163
6 14 17.063
6 15 44.774
6 16 96.217
6 17 29.24
6 18 36.468
6 19 61.069
6 20 46.239
6 21 46.331
6 22 2.354
6 23 5.288
6 24 80.833
6 25 86.981
6 26 38.478
6 27 96.743
6 28 97.697
6 29 2.527
6 30 24.179
6 31 80.968
6 32 36.037
6 33 84.017
6 34 1.942
6 35 55.996
6 36 41.915
6 37 16.18
6 38 17.672
6 39 2.403
6 40 86.876
6 41 59.83
6 42 31.718
6 43 90.971
6 44 69.287
6 45 39.258
6 46 66.418
6 47 25.834
6 48 86.694
6 49 81.297
7 8 9.312
7 9 13.918
7 10 78.699
7 11 30.322
7 12 77.625
7 13 58.537
7 14 72.836
7 15 97.607
7 16 29.904
7 17 21.757
7 18 0.028
7 19 13.779
7 20 76.875
7 21 93.959
7 22 7.168
7 23 65.325
7 24 83.933
7 25 41.7
7 26 53.718
7 27 78.664
7 28 44.786
7 29 55.902
7 30 92.577
7 31 84.469
7 32 94.723
7 33 15.01
7 34 72.638
7 35 0.027
7 36 42.426
7 37 54.099
7 38 9.95
7 39 92.795
7 40 57.676
7 41 89.491
7 42 19.823
7 43 71.402
7 44 54.48
7 45 18.295
7 46 40.156
7 47 1.055
7 48 37.055
7 49 68.612
8 9 97.735
8 10 12.972
8 11 84.247
8 12 41.435
8 13 90.234
8 14 30.886
8 15 68.642
8 16 63.02
8 17 2.975
8 18 15.443
8 19 15.247
8 20 64.112
8 21 33.12
8 22 58.425
8 23 84.07
8 24 36.8
8 25 90.207
8 26 72.969
8 27 89.454
8 28 69.043
8 29 20.618
8 30 21.53
8 31 19.0
8 32 76.066
8 33 92.926
8 34 64.685
8 35 49.78
8 36 95.612
8 37 44.932
8 38 59.065
8 39 73.591
8 40 73.202
8 41 86.17
8 42 78.542
8 43 33.762
8 44 50.64
8 45 81.71
8 46 85.268
8 47 94.423
8 48 54.758
8 49 90.349
9 10 59.532
9 11 83.381
9 12 1.946
9 13 27.379
9 14 41.223
9 15 57.292
9 16 82.446
9 17 18.9
9 18 54.618
9 19 13.543
9 20 72.343
9 21 46.396
9 22 7.45
9 23 17.248
9 24 30.811
9 25 21.861
9 26 68.983
9 27 19.349
9 28 56.53
9 29 98.019
9 30 36.331
9 31 30.764
9 32 79.646
9 33 9.443
9 34 60.3
9 35 79.823
9 36 73.868
9 37 61.818
9 38 29.301
9 39 31.735
9 40 21.938
9 41 84.062
9 42 6.993
9 43 50.094
9 44 35.595
9 45 29.257
9 46 89.035
9 47 92.302
9 48 69.328
9 49 78.477
10 11 50.641
10 12 28.035
10 13 6.313
10 14 0.733
10 15 18.499
10 16 90.428
10 17 75.988
10 18 87.598
10 19 66.224
10 20 19.087
10 21 65.095
10 22 42.749
10 23 3.152
10 24 29.092
10 25 45.22
10 26 20.37
10 27 64.461
10 28 52.795
10 29 26.193
10 30 81.664
10 31 83.488
10 32 10.492
10 33 52.262
10 34 68.993
10 35 2.508
10 36 7.194
10 37 52.468
10 38 20.487
10 39 65.724
10 40 37.683
10 41 21.908
10 42 7.467
10 43 74.225
10 44 36.773
10 45 30.206
10 46 38.716
10 47 82.765
10 48 26.933
10 49 19.501
11 12 29.764
11 13 34.83
11 14 48.614
11 15 52.691
11 16 96.094
11 17 30.178
11 18 66.686
11 19 23.298
11 20 4.221
11 21 34.18
11 22 19.678
11 23 89.767
11 24 84.463
11 25 93.304
11 26 33.058
11 27 85.762
11 28 78.786
11 29 15.317
11 30 32.782
11 31 84.867
11 32 32.962
11 33 60.659
11 34 81.686
11 35 41.993
11 36 79.751
11 37 34.389
11 38 89.079
11 39 97.389
11 40 97.94
11 41 69.225
11 42 40.112
11 43 44.332
11 44 33.735
11 45 1.729
11 46 97.017
11 47 43.521
11 48 4.748
11 49 99.25
12 13 1.887
12 14 26.69
12 15 14.068
12 16 78.486
12 17 87.826
12 18 39.011
12 19 67.274
12 20 36.445
12 21 19.591
12 22 26.16
12 23 80.921
12 24 8.781
12 25 28.704
12 26 54.006
12 27 61.874
12 28 6.503
12 29 70.519
12 30 26.502
12 31 99.267
12 32 4.614
12 33 74.688
12 34 97.452
12 35 97.255
12 36 12.368
12 37 37.97
12 38 24.047
12 39 14.945
12 40 5.639
12 41 77.813
12 42 66.463
12 43 54.714
12 44 59.426
12 45 7.273
12 46 39.39
12 47 54.384
12 48 25.536
12 49 25.722
13 14 15.015
13 15 3.56
13 16 69.801
13 17 0.082
13 18 3.872
13 19 57.18
13 20 62.312
13 21 76.445
13 22 52.906
13 23 40.249
13 24 16.903
13 25 40.061
13 26 86.978
13 27 47.986
13 28 11.309
13 29 49.693
13 30 70.489
13 31 98.988
13 32 13.82
13 33 7.782
13 34 29.056
13 35 94.441
13 36 56.699
13 37 38.585
13 38 80.262
13 39 15.34
13 40 40.091
13 41 31.263
13 42 41.033
13 43 92.02
13 44 73.387
13 45 82.227
13 46 45.999
13 47 16.464
13 48 88.674
13 49 66.883
14 15 11.91
14 16 85.85
14 17 20.316
14 18 10.584
14 19 22.681
14 20 57.664
14 21 52.96
14 22 26.28
14 23 25.715
14 24 4.703
14 25 5.598
14 26 92.384
14 27 12.215
14 28 2.941
14 29 36.821
14 30 30.867
14 31 14.709
14 32 9.217
14 33 36.295
14 34 81.821
14 35 23.957
14 36 4.658
14 37 61.113
14 38 47.582
14 39 61.346
14 40 45.337
14 41 83.46
14 42 44.484
14 43 80.925
14 44 23.819
14 45 15.234
14 46 61.555
14 47 5.074
14 48 77.311
14 49 40.472
15 16 46.197
15 17 55.719
15 18 33.364
15 19 29.224
15 20 45.878
15 21 71.41
15 22 77.4
15 23 38.288
15 24 47.846
15 25 43.843
15 26 74.256
15 27 28.333
15 28 88.578
15 29 66.583
15 30 91.179
15 31 92.29
15 32 80.145
15 33 55.686
15 34 4.802
15 35 82.388
15 36 39.145
15 37 24.961
15 38 75.994
15 39 8.735
15 40 13.428
15 41 66.689
15 42 38.806
15 43 82.235
15 44 26.027
15 45 79.449
15 46 98.905
15 47 35.181
15 48 64.086
15 49 4.845
16 17 54.921
16 18 9.768
16 19 63.291
16 20 0.634
16 21 72.371
16 22 78.437
16 23 14.002
16 24 39.783
16 25 59.87
16 26 99.204
16 27 82.177
16 28 89.083
16 29 85.216
16 30 24.709
16 31 34.372
16 32 30.286
16 33 17.859
16 34 58.312
16 35 93.071
16 36 36.429
16 37 61.95
16 38 3.9
16 39 48.785
16 40 48.391
16 41 65.892
16 42 6.802
16 43 83.102
16 44 74.932
16 45 18.862
16 46 1.39
16 47 28.331
16 48 6.326
16 49 17.288
17 18 96.701
17 19 65.584
17 20 23.414
17 21 23.871
17 22 35.249
17 23 61.443
17 24 10.873
17 25 89.115
17 26 20.394
17 27 98.419
17 28 62.058
17 29 64.212
17 30 13.691
17 31 52.027
17 32 99.701
17 33 18.797
17 34 83.922
17 35 74.113
17 36 68.187
17 37 91.789
17 38 11.142
17 39 93.528
17 40 61.539
17 41 61.416
17 42 37.94
17 43 0.562
17 44 81.652
17 45 3.878
17 46 42.266
17 47 63.729
17 48 82.58
17 49 93.178
18 19 65.559
18 20 78.095
18 21 77.972
18 22 42.455
18 23 37.572
18 24 96.919
18 25 17.12
18 26 7.042
18 27 98.165
18 28 68.39
18 29 98.01
18 30 55.593
18 31 7.187
18 32 8.408
18 33 94.774
18 34 14.364
18 35 16.141
18 36 86.846
18 37 98.405
18 38 63.354
18 39 48.187
18 40 55.613
18 41 44.528
18 42 26.746
18 43 60.036
18 44 19.618
18 45 64.507
18 46 45.09
18 47 63.072
18 48 11.751
18 49 83.853
19 20 37.86
19 21 13.785
19 22 90.72
19 23 12.598
19 24 26.977
19 25 48.79
19 26 50.445
19 27 7.361
19 28 10.723
19 29 63.488
19 30 28.266
19 31 90.05
19 32 48.82
19 33 89.186
19 34 61.338
19 35 92.503
19 36 3.092
19 37 68.784
19 38 57.612
19 39 51.826
19 40 90.599
19 41 21.85
19 42 48.351
19 43 60.042
19 44 52.382
19 45 97.238
19 46 28.757
19 47 75.999
19 48 48.623
19 49 53.996
20 21 23.164
20 22 12.022
20 23 72.014
20 24 49.646
20 25 56.209
20 26 99.799
20 27 91.605
20 28 87.817
20 29 92.512
20 30 70.287
20 31 45.27
20 32 79.253
20 33 47.422
20 34 64.581
20 35 19.911
20 36 17.755
20 37 63.9
20 38 29.976
20 39 78.15
20 40 46.3
20 41 43.674
20 42 90.254
20 43 10.033
20 44 95.081
20 45 99.817
20 46 23.17
20 47 4.177
20 48 88.319
20 49 62.607
21 22 32.967
21 23 16.465
21 24 9.7
21 25 47.202
21 26 3.7
21 27 42.66
21 28 41.559
21 29 85.668
21 30 99.078
21 31 94.079
21 32 8.324
21 33 7.134
21 34 16.521
21 35 96.089
21 36 42.025
21 37 12.848
21 38 9.136
21 39 89.851
21 40 41.057
21 41 84.73
21 42 3.815
21 43 65.989
21 44 26.189
21 45 98.326
21 46 49.822
21 47 59.033
21 48 46.076
21 49 56.518
22 23 12.135
22 24 7.864
22 25 89.528
22 26 40.155
22 27 19.172
22 28 13.896
22 29 58.508
22 30 57.338
22 31 34.347
22 32 54.217
22 33 98.968
22 34 68.584
22 35 88.984
22 36 57.832
22 37 76.188
22 38 80.686
22 39 58.765
22 40 32.202
22 41 46.572
22 42 24.554
22 43 78.004
22 44 28.801
22 45 14.288
22 46 84.914
22 47 42.894
22 48 5.829
22 49 45.205
23 24 80.508
23 25 90.14
23 26 91.948
23 27 80.93
23 28 31.815
23 29 82.113
23 30 11.506
23 31 62.113
23 32 28.696
23 33 4.724
23 34 92.015
23 35 92.403
23 36 31.116
23 37 86.566
23 38 35.798
23 39 24.429
23 40 7.09
23 41 54.831
23 42 70.271
23 43 36.414
23 44 93.05
23 45 42.727
23 46 89.88
23 47 7.074
23 48 33.54
23 49 73.1
24 25 96.561
24 26 0.332
24 27 93.866
24 28 14.88
24 29 84.765
24 30 27.357
24 31 35.011
24 32 11.954
24 33 56.159
24 34 8.318
24 35 57.15
24 36 99.045
24 37 93.199
24 38 22.779
24 39 11.537
24 40 76.966
24 41 26.893
24 42 77.876
24 43 13.626
24 44 17.408
24 45 63.093
24 46 64.331
24 47 11.554
24 48 43.008
24 49 21.341
25 26 72.083
25 27 25.07
25 28 81.042
25 29 64.75
25 30 67.748
25 31 61.941
25 32 72.827
25 33 48.137
25 34 17.154
25 35 93.103
25 36 42.805
25 37 73.73
25 38 42.938
25 39 98.11
25 40 19.445
25 41 94.835
25 42 67.83
25 43 23.701
25 44 91.929
25 45 55.372
25 46 69.133
25 47 4.042
25 48 30.989
25 49 13.433
26 27 16.237
26 28 4.425
26 29 94.593
26 30 17.782
26 31 36.997
26 32 56.879
26 33 47.172
26 34 99.842
26 35 64.268
26 36 5.497
26 37 68.285
26 38 65.923
26 39 6.852
26 40 7.176
26 41 82.976
26 42 0.434
26 43 59.777
26 44 31.126
26 45 49.187
26 46 24.005
26 47 69.335
26 48 23.092
26 49 76.023
27 28 27.658
27 29 36.248
27 30 74.974
27 31 48.066
27 32 84.063
27 33 83.263
27 34 62.766
27 35 62.091
27 36 68.895
27 37 89.876
27 38 9.431
27 39 26.738
27 40 2.576
27 41 14.667
27 42 38.894
27 43 83.134
27 44 19.658
27 45 61.962
27 46 37.394
27 47 78.822
27 48 78.063
27 49 80.869
28 29 71.356
28 30 26.633
28 31 91.08
28 32 20.45
28 33 91.426
28 34 7.826
28 35 85.667
28 36 29.405
28 37 91.57
28 38 23.879
28 39 18.153
28 40 6.15
28 41 35.175
28 42 76.504
28 43 58.139
28 44 40.717
28 45 87.961
28 46 96.359
28 47 31.251
28 48 54.02
28 49 50.565
29 30 46.289
29 31 83.697
29 32 53.559
29 33 69.926
29 34 38.193
29 35 40.903
29 36 92.348
29 37 65.193
29 38 12.687
29 39 73.933
29 40 57.936
29 41 30.152
29 42 29.703
29 43 10.912
29 44 76.024
29 45 61.281
29 46 83.676
29 47 98.83
29 48 13.122
29 49 47.39
30 31 64.253
30 32 86.842
30 33 4.821
30 34 61.486
30 35 25.592
30 36 41.739
30 37 44.061
30 38 66.838
30 39 13.326
30 40 45.471
30 41 52.635
30 42 33.653
30 43 45.71
30 44 53.046
30 45 48.775
30 46 51.713
30 47 66.141
30 48 24.271
30 49 5.003
31 32 75.497
31 33 5.619
31 34 81.321
31 35 51.587
31 36 21.847
31 37 7.408
31 38 59.902
31 39 15.669
31 40 78.902
31 41 48.612
31 42 24.877
31 43 59.131
31 44 51.472
31 45 25.319
31 46 67.32
31 47 69.017
31 48 10.078
31 49 28.62
32 33 14.955
32 34 87.873
32 35 25.119
32 36 8.197
32 37 81.096
32 38 29.562
32 39 69.59
32 40 89.078
32 41 2.738
32 42 42.07
32 43 87.365
32 44 63.346
32 45 26.557
32 46 7.287
32 47 66.679
32 48 86.218
32 49 87.911
33 34 24.584
33 35 41.214
33 36 32.6
33 37 1.159
33 38 51.96
33 39 25.661
33 40 96.029
33 41 87.664
33 42 42.076
33 43 70.607
33 44 2.043
33 45 80.942
33 46 3.758
33 47 69.599
33 48 25.501
33 49 30.19
34 35 43.09
34 36 90.292
34 37 18.016
34 38 60.814
34 39 21.239
34 40 84.902
34 41 82.629
34 42 34.723
34 43 44.796
34 44 39.89
34 45 32.658
34 46 76.843
34 47 87.739
34 48 24.777
34 49 64.411
35 36 4.252
35 37 33.323
35 38 31.88
35 39 76.299
35 40 29.032
35 41 54.299
35 42 51.058
35 43 5.673
35 44 14.284
35 45 71.146
35 46 94.943
35 47 72.338
35 48 50.305
35 49 11.995
36 37 50.718
36 38 56.313
36 39 53.425
36 40 48.403
36 41 51.863
36 42 99.979
36 43 35.355
36 44 1.828
36 45 76.303
36 46 38.375
36 47 19.253
36 48 68.24
36 49 46.908
37 38 12.639
37 39 84.652
37 40 86.977
37 41 60.033
37 42 40.573
37 43 55.634
37 44 91.666
37 45 31.354
37 46 22.976
37 47 59.929
37 48 1.175
37 49 98.409
38 39 25.444
38 40 82.371
38 41 72.276
38 42 60.432
38 43 93.311
38 44 50.569
38 45 68.855
38 46 48.94
38 47 0.191
38 48 26.213
38 49 90.597
39 40 18.222
39 41 15.157
39 42 54.885
39 43 86.311
39 44 5.921
39 45 24.315
39 46 29.73
39 47 64.079
39 48 38.178
39 49 90.688
40 41 31.794
40 42 7.362
40 43 43.404
40 44 8.204
40 45 57.887
40 46 75.99
40 47 79.984
40 48 50.387
40 49 94.303
41 42 63.798
41 43 63.146
41 44 15.499
41 45 59.286
41 46 86.896
41 47 7.422
41 48 69.914
41 49 2.876
42 43 14.396
42 44 9.19
42 45 59.918
42 46 77.123
42 47 10.03
42 48 20.837
42 49 91.443
43 44 62.603
43 45 35.425
43 46 96.795
43 47 95.022
43 48 59.145
43 49 12.212
44 45 73.28
44 46 61.811
44 47 89.347
44 48 90.919
44 49 40.393
45 46 71.435
45 47 12.978
45 48 73.158
45 49 21.886
46 47 50.681
46 48 60.727
46 49 37.665
47 48 6.385
47 49 59.118
48 49 33.136