50
0 0 45.627
0 1 52.864
0 2 37.28
0 3 80.465
0 4 96.641
0 5 27.733
0 6 39.756
0 7 2.903
0 8 57.924
0 9 50.095
0 10 2.728
0 11 46.517
0 12 9.219
0 13 23.809
0 14 8.819
0 15 86.37
0 16 1.375
0 17 53.454
0 18 95.445
0 19 42.876
0 20 66.679
0 21 22.09
0 22 92.662
0 23 42.601
0 24 92.928
0 25 21.26
0 26 39.616
0 27 13.085
0 28 2.975
0 29 95.467
0 30 63.62
0 31 9.95
0 32 51.236
0 33 25.331
0 34 94.009
0 35 33.886
0 36 46.995
0 37 88.774
0 38 60.54
0 39 88.376
0 40 69.912
0 41 53.968
0 42 87.892
0 43 81.76
0 44 18.805
0 45 40.232
0 46 24.964
0 47 2.691
0 48 93.925
0 49 24.936
1 1 2.379
1 2 36.495
1 3 56.304
1 4 91.068
1 5 38.46
1 6 29.1
1 7 5.494
1 8 48.791
1 9 61.013
1 10 97.861
1 11 39.216
1 12 28.987
1 13 21.125
1 14 42.888
1 15 94.139
1 16 2.845
1 17 83.703
1 18 13.162
1 19 0.715
1 20 21.113
1 21 21.19
1 22 73.574
1 23 31.891
1 24 16.195
1 25 65.473
1 26 55.715
1 27 19.31
1 28 7.787
1 29 49.715
1 30 94.47
1 31 10.057
1 32 1.876
1 33 46.126
1 34 25.417
1 35 97.685
1 36 88.731
1 37 13.27
1 38 34.278
1 39 55.479
1 40 69.944
1 41 52.905
1 42 47.885
1 43 78.314
1 44 62.301
1 45 34.789
1 46 80.234
1 47 23.428
1 48 37.511
1 49 78.199
2 2 22.145
2 3 54.143
2 4 13.873
2 5 11.754
2 6 51.594
2 7 30.624
2 8 51.847
2 9 95.978
2 10 34.011
2 11 50.529
2 12 0.363
2 13 96.26
2 14 20.335
2 15 92.335
2 16 89.211
2 17 8.451
2 18 5.781
2 19 41.182
2 20 39.59
2 21 5.642
2 22 75.108
2 23 80.522
2 24 6.153
2 25 61.185
2 26 55.932
2 27 66.956
2 28 86.612
2 29 39.611
2 30 62.038
2 31 93.802
2 32 39.471
2 33 39.659
2 34 85.609
2 35 20.815
2 36 25.877
2 37 22.184
2 38 6.995
2 39 31.074
2 40 85.311
2 41 72.539
2 42 79.347
2 43 86.195
2 44 45.479
2 45 72.265
2 46 59.5
2 47 29.258
2 48 97.87
2 49 75.703
3 3 76.679
3 4 52.749
3 5 10.849
3 6 14.866
3 7 23.669
3 8 90.843
3 9 7.05
3 10 1.805
3 11 48.855
3 12 57.412
3 13 92.01
3 14 52.065
3 15 75.404
3 16 36.709
3 17 90.888
3 18 65.456
3 19 83.595
3 20 26.148
3 21 4.111
3 22 48.204
3 23 37.712
3 24 92.371
3 25 25.555
3 26 64.739
3 27 28.799
3 28 76.452
3 29 89.481
3 30 8.278
3 31 76.981
3 32 42.426
3 33 92.398
3 34 79.048
3 35 41.885
3 36 64.417
3 37 21.655
3 38 72.856
3 39 28.112
3 40 82.689
3 41 29.709
3 42 40.351
3 43 85.68
3 44 61.377
3 45 1.586
3 46 96.196
3 47 23.443
3 48 95.987
3 49 61.123
4 4 85.96
4 5 63.284
4 6 54.841
4 7 59.745
4 8 65.016
4 9 45.565
4 10 85.096
4 11 86.078
4 12 95.299
4 13 24.623
4 14 38.61
4 15 15.558
4 16 60.484
4 17 87.713
4 18 21.167
4 19 10.223
4 20 74.658
4 21 19.108
4 22 70.862
4 23 47.374
4 24 60.734
4 25 69.292
4 26 97.314
4 27 3.864
4 28 45.684
4 29 60.882
4 30 97.763
4 31 89.246
4 32 51.424
4 33 23.402
4 34 19.043
4 35 32.013
4 36 41.547
4 37 56.989
4 38 95.255
4 39 24.187
4 40 34.915
4 41 65.716
4 42 22.954
4 43 85.396
4 44 24.507
4 45 91.538
4 46 74.731
4 47 88.915
4 48 85.284
4 49 90.384
5 5 16.545
5 6 43.764
5 7 61.314
5 8 81.696
5 9 84.862
5 10 13.551
5 11 40.898
5 12 60.769
5 13 80.658
5 14 2.417
5 15 84.939
5 16 13.733
5 17 68.436
5 18 29.053
5 19 87.292
5 20 95.588
5 21 14.491
5 22 59.768
5 23 89.105
5 24 59.69
5 25 70.701
5 26 15.378
5 27 55.8
5 28 52.973
5 29 84.906
5 30 2.666
5 31 2.438
5 32 7.78
5 33 22.88
5 34 6.185
5 35 31.477
5 36 47.438
5 37 28.759
5 38 63.134
5 39 41.442
5 40 11.187
5 41 0.254
5 42 18.798
5 43 76.508
5 44 65.743
5 45 64.428
5 46 87.137
5 47 72.266
5 48 8.608
5 49 87.749
6 6 98.947
6 7 82.363
6 8 86.886
6 9 17.973
6 10 21.274
6 11 57.388
6 12 37.585
6 13 66.298
6 14 69.834
6 15 55.21
6 16 82.279
6 17 52.375
6 18 58.623
6 19 13.438
6 20 92.279
6 21 73.976
6 22 41.393
6 23 54.938
6 24 57.958
6 25 15.088
6 26 90.317
6 27 6.517
6 28 61.447
6 29 2.035
6 30 54.146
6 31 48.799
6 32 7.733
6 33 92.181
6 34 79.49
6 35 96.043
6 36 15.057
6 37 25.862
6 38 36.272
6 39 36.31
6 40 44.505
6 41 57.327
6 42 30.788
6 43 93.722
6 44 43.375
6 45 4.542
6 46 15.538
6 47 73.705
6 48 64.081
6 49 31.777
7 7 77.433
7 8 59.779
7 9 40.233
7 10 89.505
7 11 21.964
7 12 82.137
7 13 52.759
7 14 7.312
7 15 81.781
7 16 73.344
7 17 0.14
7 18 80.984
7 19 28.224
7 20 15.686
7 21 74.034
7 22 88.824
7 23 69.164
7 24 16.991
7 25 97.743
7 26 96.459
7 27 19.522
7 28 45.432
7 29 73.954
7 30 53.145
7 31 15.327
7 32 71.962
7 33 70.657
7 34 88.954
7 35 74.956
7 36 87.518
7 37 17.82
7 38 45.404
7 39 83.137
7 40 36.041
7 41 83.384
7 42 48.774
7 43 56.614
7 44 9.658
7 45 96.551
7 46 47.138
7 47 16.326
7 48 65.397
7 49 94.102
8 8 72.53
8 9 40.074
8 10 4.848
8 11 20.104
8 12 76.286
8 13 79.979
8 14 59.346
8 15 58.9
8 16 75.867
8 17 35.518
8 18 87.849
8 19 78.303
8 20 86.745
8 21 50.219
8 22 7.246
8 23 22.183
8 24 0.913
8 25 47.768
8 26 9.926
8 27 34.755
8 28 78.983
8 29 97.174
8 30 59.155
8 31 80.934
8 32 13.801
8 33 23.203
8 34 60.301
8 35 18.175
8 36 68.836
8 37 88.123
8 38 53.199
8 39 59.944
8 40 39.196
8 41 64.442
8 42 69.206
8 43 54.425
8 44 97.96
8 45 62.207
8 46 33.896
8 47 20.797
8 48 61.607
8 49 94.41
9 9 3.612
9 10 27.522
9 11 68.499
9 12 28.263
9 13 29.113
9 14 30.811
9 15 40.617
9 16 34.976
9 17 23.304
9 18 26.586
9 19 19.305
9 20 22.899
9 21 57.407
9 22 34.927
9 23 4.681
9 24 1.133
9 25 23.707
9 26 55.748
9 27 7.668
9 28 64.739
9 29 37.626
9 30 82.394
9 31 45.199
9 32 51.809
9 33 52.786
9 34 35.878
9 35 84.315
9 36 30.585
9 37 78.16
9 38 33.773
9 39 39.671
9 40 54.925
9 41 99.542
9 42 99.831
9 43 16.442
9 44 55.103
9 45 22.027
9 46 95.019
9 47 89.896
9 48 95.145
9 49 77.798
10 10 61.405
10 11 23.639
10 12 36.846
10 13 60.206
10 14 14.959
10 15 86.844
10 16 61.441
10 17 28.09
10 18 13.997
10 19 62.779
10 20 62.838
10 21 50.626
10 22 24.026
10 23 91.093
10 24 88.985
10 25 11.937
10 26 50.814
10 27 5.011
10 28 44.68
10 29 58.575
10 30 1.223
10 31 53.932
10 32 98.096
10 33 46.031
10 34 74.639
10 35 2.519
10 36 78.969
10 37 87.292
10 38 63.907
10 39 36.099
10 40 25.834
10 41 83.401
10 42 92.21
10 43 42.261
10 44 18.187
10 45 48.408
10 46 5.964
10 47 91.296
10 48 92.959
10 49 25.594
11 11 28.165
11 12 86.794
11 13 35.62
11 14 63.252
11 15 61.573
11 16 15.057
11 17 37.911
11 18 66.153
11 19 42.786
11 20 39.44
11 21 83.388
11 22 25.559
11 23 59.057
11 24 19.247
11 25 38.007
11 26 83.933
11 27 91.791
11 28 88.878
11 29 31.463
11 30 48.778
11 31 75.322
11 32 30.077
11 33 79.482
11 34 30.178
11 35 69.587
11 36 91.04
11 37 49.63
11 38 49.366
11 39 33.121
11 40 45.161
11 41 4.47
11 42 44.182
11 43 91.47
11 44 54.76
11 45 57.352
11 46 14.436
11 47 14.952
11 48 92.872
11 49 2.164
12 12 61.572
12 13 88.397
12 14 57.121
12 15 29.809
12 16 22.493
12 17 79.648
12 18 41.986
12 19 35.673
12 20 88.216
12 21 97.164
12 22 83.933
12 23 1.928
12 24 79.718
12 25 53.553
12 26 20.967
12 27 56.452
12 28 88.254
12 29 89.989
12 30 58.093
12 31 89.485
12 32 29.396
12 33 68.781
12 34 79.666
12 35 65.027
12 36 70.844
12 37 46.432
12 38 35.448
12 39 85.889
12 40 74.369
12 41 83.798
12 42 10.234
12 43 76.085
12 44 25.848
12 45 34.669
12 46 7.808
12 47 74.165
12 48 85.902
12 49 18.626
13 13 25.953
13 14 99.345
13 15 3.575
13 16 56.69
13 17 60.72
13 18 31.129
13 19 83.412
13 20 72.486
13 21 39.689
13 22 16.013
13 23 10.606
13 24 79.658
13 25 79.078
13 26 16.861
13 27 54.519
13 28 79.153
13 29 42.18
13 30 31.468
13 31 20.673
13 32 37.164
13 33 81.371
13 34 37.332
13 35 80.39
13 36 71.647
13 37 41.909
13 38 11.117
13 39 56.367
13 40 21.272
13 41 15.673
13 42 56.605
13 43 4.755
13 44 87.377
13 45 76.214
13 46 67.979
13 47 56.511
13 48 29.276
13 49 65.527
14 14 46.872
14 15 48.07
14 16 66.925
14 17 12.832
14 18 69.965
14 19 87.249
14 20 39.429
14 21 11.521
14 22 67.166
14 23 38.935
14 24 96.204
14 25 1.817
14 26 80.263
14 27 61.139
14 28 40.687
14 29 49.59
14 30 49.18
14 31 50.49
14 32 73.931
14 33 27.796
14 34 20.449
14 35 51.871
14 36 37.188
14 37 51.388
14 38 61.129
14 39 16.513
14 40 75.805
14 41 64.182
14 42 69.584
14 43 44.565
14 44 16.672
14 45 90.058
14 46 23.272
14 47 96.316
14 48 0.011
14 49 5.775
15 15 77.991
15 16 33.733
15 17 1.931
15 18 29.934
15 19 71.975
15 20 1.058
15 21 72.779
15 22 98.084
15 23 56.968
15 24 67.084
15 25 5.856
15 26 57.25
15 27 86.968
15 28 31.819
15 29 52.034
15 30 45.293
15 31 45.158
15 32 5.724
15 33 69.866
15 34 56.012
15 35 60.111
15 36 66.827
15 37 24.676
15 38 47.607
15 39 42.573
15 40 44.872
15 41 62.515
15 42 16.353
15 43 71.912
15 44 40.854
15 45 28.405
15 46 50.247
15 47 9.794
15 48 66.678
15 49 68.36
16 16 11.49
16 17 89.652
16 18 17.031
16 19 44.648
16 20 41.106
16 21 90.303
16 22 33.898
16 23 8.996
16 24 36.95
16 25 85.823
16 26 52.361
16 27 73.801
16 28 85.027
16 29 28.067
16 30 24.042
16 31 64.083
16 32 96.533
16 33 88.759
16 34 18.025
16 35 12.496
16 36 48.151
16 37 21.487
16 38 49.972
16 39 31.571
16 40 62.348
16 41 99.896
16 42 55.701
16 43 42.884
16 44 40.786
16 45 40.31
16 46 23.934
16 47 9.665
16 48 13.432
16 49 25.964
17 17 36.407
17 18 66.331
17 19 39.815
17 20 11.529
17 21 52.541
17 22 27.665
17 23 91.648
17 24 35.327
17 25 70.662
17 26 29.783
17 27 40.238
17 28 2.83
17 29 41.44
17 30 80.891
17 31 43.413
17 32 75.59
17 33 60.046
17 34 91.02
17 35 33.425
17 36 19.855
17 37 28.738
17 38 27.939
17 39 15.972
17 40 56.592
17 41 16.361
17 42 77.746
17 43 67.953
17 44 63.059
17 45 38.088
17 46 22.51
17 47 40.123
17 48 47.026
17 49 21.851
18 18 40.15
18 19 76.009
18 20 75.96
18 21 20.921
18 22 76.814
18 23 88.766
18 24 55.202
18 25 42.185
18 26 78.164
18 27 10.288
18 28 72.404
18 29 18.549
18 30 37.072
18 31 96.345
18 32 75.656
18 33 78.43
18 34 98.82
18 35 90.095
18 36 93.317
18 37 83.523
18 38 22.801
18 39 71.085
18 40 47.358
18 41 90.15
18 42 84.383
18 43 52.562
18 44 88.544
18 45 88.964
18 46 30.945
18 47 50.474
18 48 36.836
18 49 75.9
19 19 27.151
19 20 62.658
19 21 5.102
19 22 14.685
19 23 64.893
19 24 36.659
19 25 19.439
19 26 33.401
19 27 49.871
19 28 32.571
19 29 12.424
19 30 95.825
19 31 38.113
19 32 82.997
19 33 47.714
19 34 17.604
19 35 49.361
19 36 47.054
19 37 4.742
19 38 83.559
19 39 99.104
19 40 64.365
19 41 20.308
19 42 50.208
19 43 9.268
19 44 62.229
19 45 25.775
19 46 45.623
19 47 39.886
19 48 41.145
19 49 65.47
20 20 93.469
20 21 66.518
20 22 43.897
20 23 34.48
20 24 45.746
20 25 28.295
20 26 51.604
20 27 64.359
20 28 60.889
20 29 57.204
20 30 8.712
20 31 58.649
20 32 86.675
20 33 98.466
20 34 22.284
20 35 32.698
20 36 52.385
20 37 89.519
20 38 71.19
20 39 51.406
20 40 90.826
20 41 94.318
20 42 63.875
20 43 72.11
20 44 37.065
20 45 83.079
20 46 99.925
20 47 96.407
20 48 2.777
20 49 85.879
21 21 11.624
21 22 59.035
21 23 53.437
21 24 68.645
21 25 37.486
21 26 37.088
21 27 25.436
21 28 20.912
21 29 1.739
21 30 15.453
21 31 23.703
21 32 6.484
21 33 49.745
21 34 52.103
21 35 3.501
21 36 86.219
21 37 33.574
21 38 60.865
21 39 95.32
21 40 16.585
21 41 93.673
21 42 56.757
21 43 90.652
21 44 54.526
21 45 35.208
21 46 11.207
21 47 52.301
21 48 18.468
21 49 93.272
22 22 81.82
22 23 50.873
22 24 87.665
22 25 0.607
22 26 88.319
22 27 50.815
22 28 48.113
22 29 88.996
22 30 63.628
22 31 77.834
22 32 58.641
22 33 92.029
22 34 20.269
22 35 33.737
22 36 9.43
22 37 54.563
22 38 48.359
22 39 98.671
22 40 79.075
22 41 50.97
22 42 62.642
22 43 45.722
22 44 74.903
22 45 48.049
22 46 92.865
22 47 54.613
22 48 13.922
22 49 47.273
23 23 96.675
23 24 17.338
23 25 90.245
23 26 60.829
23 27 67.107
23 28 40.661
23 29 50.109
23 30 91.272
23 31 49.904
23 32 91.065
23 33 55.399
23 34 58.331
23 35 97.419
23 36 64.701
23 37 20.159
23 38 60.276
23 39 57.182
23 40 5.266
23 41 97.64
23 42 57.442
23 43 98.332
23 44 76.328
23 45 65.509
23 46 36.871
23 47 11.186
23 48 37.655
23 49 66.313
24 24 50.516
24 25 52.967
24 26 87.886
24 27 86.029
24 28 14.958
24 29 95.472
24 30 41.233
24 31 46.615
24 32 12.142
24 33 34.134
24 34 85.136
24 35 24.218
24 36 78.559
24 37 44.304
24 38 12.396
24 39 10.424
24 40 78.361
24 41 10.106
24 42 89.75
24 43 31.608
24 44 49.962
24 45 77.618
24 46 2.372
24 47 76.158
24 48 5.61
24 49 51.076
25 25 25.09
25 26 57.451
25 27 13.671
25 28 98.229
25 29 36.304
25 30 33.941
25 31 99.595
25 32 43.509
25 33 6.576
25 34 4.694
25 35 6.591
25 36 33.97
25 37 91.812
25 38 15.8
25 39 56.071
25 40 66.593
25 41 74.682
25 42 68.498
25 43 93.377
25 44 81.53
25 45 28.312
25 46 90.502
25 47 35.985
25 48 70.723
25 49 26.647
26 26 64.564
26 27 39.507
26 28 4.907
26 29 42.969
26 30 14.74
26 31 10.633
26 32 99.927
26 33 72.303
26 34 47.089
26 35 17.697
26 36 25.792
26 37 83.854
26 38 29.77
26 39 61.557
26 40 0.524
26 41 11.727
26 42 15.681
26 43 17.326
26 44 65.413
26 45 73.219
26 46 7.643
26 47 72.099
26 48 2.848
26 49 93.565
27 27 32.252
27 28 95.465
27 29 78.386
27 30 93.704
27 31 97.463
27 32 87.283
27 33 67.959
27 34 10.604
27 35 77.827
27 36 5.585
27 37 69.499
27 38 39.36
27 39 19.564
27 40 80.568
27 41 45.383
27 42 42.83
27 43 82.319
27 44 11.732
27 45 75.369
27 46 26.281
27 47 48.648
27 48 29.192
27 49 84.635
28 28 4.509
28 29 68.823
28 30 65.176
28 31 68.985
28 32 82.322
28 33 53.625
28 34 37.347
28 35 18.424
28 36 52.571
28 37 24.222
28 38 37.194
28 39 85.492
28 40 45.107
28 41 28.065
28 42 94.457
28 43 17.818
28 44 46.47
28 45 75.831
28 46 7.318
28 47 41.161
28 48 78.293
28 49 71.991
29 29 85.477
29 30 80.411
29 31 34.571
29 32 70.298
29 33 66.677
29 34 94.725
29 35 77.805
29 36 49.018
29 37 94.385
29 38 98.143
29 39 77.5
29 40 52.457
29 41 60.853
29 42 15.867
29 43 50.218
29 44 35.534
29 45 24.324
29 46 24.925
29 47 32.6
29 48 46.297
29 49 66.107
30 30 40.589
30 31 90.044
30 32 29.05
30 33 6.787
30 34 78.346
30 35 85.753
30 36 85.321
30 37 12.844
30 38 89.181
30 39 99.307
30 40 35.196
30 41 63.717
30 42 78.486
30 43 54.071
30 44 39.192
30 45 3.204
30 46 49.45
30 47 28.848
30 48 70.235
30 49 51.761
31 31 22.952
31 32 18.689
31 33 70.952
31 34 16.858
31 35 50.935
31 36 39.034
31 37 58.888
31 38 80.648
31 39 45.985
31 40 84.897
31 41 67.754
31 42 71.195
31 43 35.66
31 44 79.36
31 45 15.263
31 46 63.938
31 47 45.695
31 48 7.637
31 49 58.265
32 32 5.05
32 33 40.807
32 34 25.096
32 35 2.07
32 36 90.271
32 37 89.935
32 38 16.7
32 39 2.168
32 40 67.624
32 41 88.316
32 42 63.876
32 43 23.515
32 44 13.578
32 45 72.073
32 46 25.968
32 47 98.393
32 48 6.056
32 49 99.996
33 33 84.848
33 34 45.015
33 35 48.821
33 36 7.151
33 37 8.001
33 38 33.08
33 39 47.307
33 40 23.552
33 41 86.313
33 42 72.123
33 43 32.413
33 44 59.081
33 45 45.108
33 46 97.498
33 47 31.812
33 48 60.865
33 49 61.662
34 34 20.269
34 35 15.341
34 36 73.258
34 37 63.588
34 38 80.148
34 39 14.126
34 40 87.453
34 41 42.99
34 42 23.102
34 43 77.406
34 44 3.6
34 45 77.433
34 46 31.152
34 47 42.372
34 48 19.996
34 49 42.196
35 35 0.306
35 36 71.187
35 37 47.977
35 38 78.365
35 39 81.484
35 40 80.542
35 41 91.948
35 42 80.934
35 43 8.784
35 44 48.842
35 45 86.697
35 46 54.098
35 47 36.27
35 48 17.565
35 49 90.668
36 36 47.461
36 37 55.102
36 38 40.494
36 39 99.072
36 40 14.769
36 41 71.162
36 42 9.9
36 43 57.216
36 44 42.494
36 45 22.193
36 46 76.265
36 47 98.569
36 48 18.753
36 49 35.933
37 37 82.602
37 38 29.748
37 39 16.558
37 40 70.184
37 41 62.528
37 42 12.389
37 43 43.249
37 44 92.633
37 45 65.252
37 46 11.857
37 47 20.406
37 48 56.286
37 49 17.298
38 38 31.099
38 39 62.183
38 40 80.377
38 41 92.599
38 42 24.243
38 43 42.131
38 44 79.984
38 45 26.756
38 46 55.593
38 47 38.491
38 48 85.323
38 49 99.396
39 39 54.532
39 40 0.162
39 41 57.83
39 42 22.844
39 43 27.023
39 44 42.815
39 45 77.306
39 46 80.206
39 47 74.347
39 48 48.443
39 49 8.245
40 40 60.376
40 41 41.561
40 42 10.604
40 43 0.858
40 44 55.29
40 45 61.025
40 46 61.219
40 47 71.371
40 48 58.277
40 49 56.525
41 41 70.277
41 42 86.394
41 43 24.897
41 44 84.727
41 45 4.076
41 46 31.518
41 47 20.498
41 48 76.685
41 49 6.614
42 42 10.751
42 43 71.43
42 44 77.747
42 45 90.267
42 46 12.323
42 47 62.378
42 48 62.234
42 49 85.322
43 43 34.63
43 44 81.968
43 45 13.626
43 46 33.725
43 47 16.534
43 48 39.351
43 49 99.709
44 44 12.836
44 45 69.811
44 46 30.82
44 47 59.429
44 48 51.946
44 49 28.538
45 45 4.162
45 46 85.341
45 47 71.169
45 48 93.042
45 49 32.416
46 46 76.56
46 47 31.266
46 48 47.716
46 49 66.36
47 47 42.226
47 48 25.347
47 49 9.86
48 48 94.392
48 49 92.772
49 49 85.903