41
0 19 81.333
0 11 86.232
0 18 64.914
0 14 47.929
0 6 58.57
1 10 79.983
1 27 58.915
1 26 89.254
1 32 5.156
1 24 71.547
1 14 26.055
1 12 75.89
1 33 9.329
2 19 72.423
2 22 86.166
2 23 24.88
2 1 19.917
3 2 28.806
3 40 77.409
3 15 20.628
3 18 44.401
3 9 14.523
3 35 20.632
3 38 25.419
3 14 39.282
3 20 44.653
3 19 12.162
3 39 80.111
4 1 43.875
4 25 71.216
4 0 18.12
4 20 4.954
4 34 31.404
4 36 10.971
4 6 86.301
4 9 82.6
4 8 98.988
4 21 20.321
4 37 93.427
4 5 83.053
5 27 36.459
5 35 89.221
5 8 65.121
5 24 64.912
5 39 64.437
5 17 82.135
6 8 50.025
6 25 17.094
6 39 19.741
6 37 53.79
6 15 88.373
6 32 84.677
6 17 57.455
6 29 13.761
6 1 56.766
6 24 30.164
6 20 9.559
6 36 48.61
6 35 58.693
6 5 42.447
7 35 91.693
7 24 3.104
7 8 15.977
7 34 49.507
7 23 48.555
7 4 0.828
7 18 85.804
8 33 87.412
8 36 88.024
8 26 53.563
8 21 41.371
8 40 26.89
8 29 63.061
8 39 7.916
8 17 23.535
8 35 29.611
8 1 59.06
8 24 52.63
8 15 42.953
9 11 40.907
9 20 9.211
9 34 46.037
9 36 35.27
9 19 74.675
9 33 95.596
9 6 82.114
9 10 58.68
9 31 19.929
10 14 28.585
10 35 73.906
10 40 11.374
10 21 12.885
10 7 82.312
10 13 77.423
10 36 46.896
11 28 55.815
11 25 88.587
11 17 0.835
11 2 42.284
11 40 28.189
11 35 38.503
11 15 12.423
11 4 22.242
11 29 2.017
11 34 16.636
11 32 26.804
12 27 18.068
12 5 63.689
12 23 94.895
12 16 87.261
12 4 43.841
12 8 1.373
13 22 41.734
13 35 2.139
13 11 45.684
13 24 83.216
13 40 93.225
13 21 60.862
13 1 60.706
13 8 12.372
13 37 32.749
14 31 85.35
14 27 68.981
14 17 61.833
14 24 38.969
14 18 40.132
14 7 94.024
14 29 93.437
15 21 29.462
15 30 42.53
15 2 44.924
15 16 2.674
15 31 61.753
15 14 59.391
15 7 65.625
15 33 60.817
15 36 37.832
15 18 88.534
15 23 96.903
15 37 37.145
15 17 25.78
15 29 46.091
16 31 81.192
16 4 20.657
16 5 56.769
16 9 43.008
16 24 42.965
16 2 86.986
16 20 17.795
16 34 74.035
17 25 50.611
17 30 44.164
17 24 99.146
17 35 20.995
18 1 15.055
18 24 56.744
18 11 27.846
18 19 66.372
18 16 53.865
18 12 95.091
18 37 93.347
18 36 0.92
18 20 4.861
18 28 30.65
18 2 50.537
18 32 58.729
19 30 31.579
19 20 52.439
19 22 89.376
19 26 76.172
20 11 89.996
20 30 50.026
20 22 58.033
20 14 92.719
20 38 76.851
20 29 51.493
20 31 96.23
20 32 67.65
21 5 45.569
21 37 12.16
21 1 74.688
21 0 87.271
21 32 51.669
21 34 38.693
21 27 14.968
21 29 97.369
21 24 31.775
21 6 83.537
21 17 61.868
22 4 14.632
22 24 73.842
22 40 8.773
22 11 67.145
22 25 39.481
22 39 96.661
22 0 14.927
22 37 54.43
22 5 45.426
22 33 65.989
22 21 74.302
23 13 11.742
23 35 87.46
23 31 30.694
23 37 37.416
23 20 23.807
23 9 91.112
23 16 84.749
23 34 20.885
23 32 8.874
23 40 41.844
23 17 24.963
24 35 75.687
24 19 99.67
24 15 20.175
24 39 36.598
24 29 13.73
24 30 61.304
24 4 53.137
24 11 96.126
24 20 36.727
24 31 31.25
24 0 87.399
25 19 96.842
25 23 46.929
25 5 37.668
25 28 98.105
25 38 74.622
25 39 56.758
26 31 83.07
26 5 44.263
26 9 34.007
26 23 0.859
26 10 49.262
26 12 73.292
26 29 52.93
26 36 99.512
26 39 18.69
26 0 92.731
26 27 19.036
26 3 32.06
26 16 55.542
26 33 52.959
26 20 63.614
27 39 25.181
27 8 70.804
27 15 19.099
27 19 33.036
27 40 47.589
27 38 4.439
27 22 94.983
27 37 74.971
27 30 43.527
27 7 65.344
27 13 70.15
27 33 22.703
27 34 52.236
27 17 86.907
28 3 85.194
28 23 58.159
28 29 56.008
28 2 25.078
29 34 5.885
29 16 33.348
29 25 26.982
29 7 97.034
29 31 35.318
29 17 30.375
29 22 74.583
29 40 88.088
29 35 5.351
29 10 83.425
29 23 2.194
30 0 25.639
30 6 75.992
30 16 76.104
30 14 29.66
30 40 31.359
30 34 72.963
31 27 89.442
31 28 54.462
31 25 93.851
31 30 97.813
31 32 75.744
31 39 48.925
31 34 83.976
31 2 39.547
31 7 87.8
31 38 88.146
31 3 31.247
31 8 68.487
31 40 0.623
31 6 20.535
32 38 27.968
32 0 36.604
32 37 64.946
32 19 55.364
33 32 21.703
33 12 56.568
33 23 54.492
33 37 50.816
33 40 27.45
33 2 52.964
33 36 27.197
34 10 36.101
34 2 95.797
34 6 24.649
34 8 84.902
34 0 29.373
34 26 18.812
34 19 81.436
34 14 5.693
34 35 75.27
34 15 5.913
34 22 43.062
34 40 8.541
35 16 98.536
35 32 83.24
35 22 44.733
35 39 88.074
35 25 81.387
35 0 50.18
35 38 73.053
35 26 22.832
35 19 79.31
35 18 73.349
36 30 9.919
36 31 77.926
36 32 31.476
36 27 41.354
36 29 85.42
36 28 74.497
36 16 77.033
36 24 83.251
36 37 30.316
36 11 3.597
37 30 11.642
37 28 29.018
37 29 6.705
37 20 64.517
37 35 73.737
37 34 8.231
37 0 55.944
37 16 74.09
37 14 54.705
37 40 81.742
37 19 62.082
37 39 15.577
37 38 62.044
37 1 2.081
37 17 0.888
38 24 87.498
38 39 8.173
38 12 82.339
38 36 16.788
38 16 90.71
38 28 46.812
38 7 2.389
38 1 55.466
38 10 79.219
38 11 73.432
38 26 17.511
39 21 97.995
39 10 89.132
39 7 3.909
39 11 23.871
39 1 31.06
39 2 1.407
39 4 7.919
39 16 13.835
39 14 49.679
39 29 5.904
39 13 66.108
39 40 97.333
40 36 81.891
40 19 98.453
40 16 93.552
40 12 4.934
