50
0 49 0.168
0 1 0.003
0 2 0.002
0 3 0.005
0 4 0.007
0 5 0.005
0 6 0.003
0 7 0.009
0 8 0.004
0 9 0.008
0 10 0.001
49 48 99.007
1 2 0.001
1 3 0.002
1 4 0.007
1 5 0.006
1 6 0.002
1 7 0.006
1 8 0.001
1 9 0.009
1 10 0.005
2 3 0.009
2 4 0.008
2 5 0.009
2 6 0.001
2 7 0.006
2 8 0.007
2 9 0.002
2 10 0.001
3 4 0.001
3 5 0.009
3 6 0.009
3 7 0.007
3 8 0.001
3 9 0.004
3 10 0.004
4 5 0.001
4 6 0.001
4 7 0.008
4 8 0.003
4 9 0.007
4 10 0.006
5 6 0.008
5 7 0.002
5 8 0.008
5 9 0.007
5 10 0.005
6 7 0.001
6 8 0.007
6 9 0.009
6 10 0.009
7 8 0.005
7 9 0.006
7 10 0.002
8 9 0.003
8 10 0.005
9 10 0.008
10 11 99.001
11 12 99.007
12 13 99.003
13 14 99.007
14 15 99.008
15 16 99.003
16 17 99.007
17 18 99.004
18 19 99.004
19 20 99.003
20 21 99.003
21 22 99.005
22 23 99.008
23 24 99.009
24 25 99.002
25 26 99.005
26 27 99.002
27 28 99.005
28 29 99.004
29 30 99.001
30 31 99.009
31 32 99.001
32 33 99.007
33 34 99.003
34 35 99.005
35 36 99.003
36 37 99.008
37 38 99.007
38 39 99.005
39 40 99.009
40 41 99.003
41 42 99.008
42 43 99.009
43 44 99.006
44 45 99.001
45 46 99.007
46 47 99.005
47 48 99.006