49
0 1 8.373
0 14 69.752
0 21 90.018
0 18 39.133
0 24 77.125
0 37 98.225
0 8 36.862
0 42 19.921
0 23 25.61
0 19 87.696
0 10 17.688
0 48 43.476
0 40 20.711
0 2 16.158
0 5 64.023
0 9 96.877
0 26 33.436
0 28 44.094
0 29 80.75
0 32 82.706
0 34 23.616
0 36 17.603
0 39 55.953
0 46 80.675
1 3 53.118
1 20 9.61
1 4 56.473
1 40 87.336
1 17 28.847
1 25 88.361
1 34 48.497
1 9 27.828
1 38 96.68
1 7 43.271
1 8 29.141
1 10 47.201
1 13 53.03
1 16 65.582
1 22 48.001
1 26 1.029
1 30 28.074
1 31 40.668
1 33 72.665
1 36 46.933
1 39 26.216
1 42 39.129
1 44 69.819
1 45 30.417
1 46 70.293
1 48 1.068
2 13 89.4
2 42 17.176
2 25 69.772
2 33 87.758
2 32 62.746
2 29 23.454
2 40 84.904
2 44 61.997
2 7 8.254
2 37 2.751
2 23 45.669
2 30 75.058
2 9 73.391
2 47 71.219
2 10 19.372
2 48 19.392
2 5 35.829
2 12 2.857
2 20 58.374
2 22 18.882
2 27 9.508
2 28 21.103
2 34 56.072
2 36 74.958
2 39 31.799
3 36 31.53
3 44 35.905
3 20 48.573
3 28 84.265
3 26 10.609
3 37 46.129
3 16 53.331
3 46 16.88
3 8 96.452
3 11 30.237
3 23 76.57
3 25 58.16
3 29 49.2
3 32 64.317
3 39 77.402
3 40 17.713
4 39 17.765
4 15 2.662
4 32 40.679
4 7 15.938
4 29 78.982
4 6 88.011
4 9 59.83
4 11 18.593
4 22 4.158
4 23 34.73
4 25 9.163
4 26 3.433
4 31 57.952
4 34 24.978
4 36 49.01
4 37 16.365
4 38 5.475
4 40 53.853
4 41 51.443
4 42 56.679
4 44 47.165
4 48 26.862
5 36 69.164
5 14 55.766
5 6 2.872
5 20 60.353
5 44 95.029
5 15 30.602
5 27 73.512
5 21 2.998
5 42 92.929
5 16 45.518
5 30 34.569
5 28 43.694
5 43 6.387
5 47 4.752
5 37 8.28
5 12 69.284
5 7 96.342
5 9 22.652
5 8 66.932
5 29 23.852
5 10 27.342
5 11 70.834
5 13 62.547
5 22 34.958
5 23 92.019
5 26 39.53
5 32 30.864
5 33 10.794
5 46 92.705
6 17 70.411
6 21 77.573
6 27 6.288
6 45 42.331
6 11 82.358
6 12 14.932
6 42 94.537
6 43 98.719
6 28 21.35
6 7 4.365
6 9 77.491
6 15 24.419
6 19 39.979
6 20 38.785
6 26 86.363
6 29 83.978
6 32 77.819
6 33 22.663
6 34 88.625
6 35 7.488
6 37 65.826
6 38 35.96
6 40 24.407
6 41 22.03
6 44 28.549
6 46 7.267
6 47 97.952
6 48 5.887
7 34 46.453
7 15 54.531
7 42 53.717
7 27 37.578
7 13 36.241
7 36 97.579
7 16 85.03
7 24 27.681
7 47 58.657
7 39 11.517
7 35 19.652
7 19 68.362
7 44 70.862
7 28 5.222
7 8 83.466
7 9 55.469
7 10 46.172
7 17 36.268
7 20 45.376
7 23 12.524
7 26 55.542
7 29 84.137
7 32 6.833
7 33 39.837
7 41 52.056
8 48 31.681
8 30 84.628
8 10 65.987
8 45 31.177
8 28 23.266
8 31 26.925
8 21 87.975
8 9 46.212
8 13 71.291
8 15 29.848
8 20 82.521
8 23 24.37
8 26 88.903
8 27 1.572
8 32 96.268
8 36 24.548
8 37 77.317
8 47 21.144
9 34 8.277
9 29 49.21
9 11 64.075
9 13 43.335
9 15 6.016
9 18 66.459
9 19 52.822
9 20 75.274
9 31 72.384
9 32 70.996
9 37 1.819
9 40 82.466
9 41 10.609
9 43 54.503
9 44 14.493
9 45 4.523
9 47 54.365
10 23 55.004
10 19 82.771
10 20 1.208
10 32 76.294
10 11 90.391
10 34 76.893
10 36 87.145
10 17 5.168
10 44 32.802
10 43 35.345
10 33 32.524
10 26 10.7
10 15 51.594
10 18 41.349
10 37 35.299
10 39 81.884
10 48 59.004
11 25 22.757
11 33 14.378
11 48 30.237
11 26 79.061
11 30 95.623
11 39 5.579
11 15 9.387
11 34 81.703
11 47 22.028
11 31 86.274
11 14 60.08
11 19 31.3
11 41 12.445
11 24 67.86
11 38 36.317
11 20 21.197
11 18 95.145
11 21 14.878
11 23 79.708
11 36 62.729
11 37 68.188
11 40 64.776
11 43 91.733
11 45 15.691
11 46 62.641
12 40 53.326
12 34 37.171
12 36 47.535
12 31 7.55
12 29 11.488
12 32 66.737
12 46 57.42
12 37 30.987
12 13 12.676
12 14 22.697
12 48 16.198
12 44 53.567
12 17 69.031
12 19 42.574
12 21 66.402
12 23 31.76
12 27 85.886
12 33 50.929
12 38 25.751
12 43 92.191
12 45 24.061
13 32 65.594
13 30 37.53
13 43 17.258
13 20 40.735
13 21 20.257
13 38 44.253
13 22 69.964
13 19 53.651
13 36 71.268
13 42 86.516
13 27 60.697
13 31 52.596
13 17 49.806
13 34 74.203
13 48 42.145
13 46 20.217
13 24 54.367
13 15 8.761
13 18 39.008
13 23 18.736
13 26 63.265
13 29 51.009
13 35 85.609
13 37 29.774
14 26 35.818
14 34 83.265
14 21 17.024
14 23 2.546
14 45 58.754
14 20 79.22
14 32 51.047
14 47 92.389
14 17 46.007
14 15 23.671
14 19 9.166
14 22 55.292
14 25 9.077
14 33 64.619
14 35 13.475
14 37 14.07
14 38 19.327
14 42 48.825
14 44 34.437
14 48 2.861
15 23 9.961
15 46 87.526
15 32 72.64
15 31 47.414
15 27 46.208
15 35 9.403
15 34 16.692
15 40 15.534
15 25 25.675
15 20 86.843
15 38 36.802
15 24 8.455
15 17 20.794
15 48 60.864
15 18 91.206
15 47 80.583
15 29 66.536
15 22 74.213
15 36 95.61
15 37 2.895
15 39 68.103
15 41 28.81
15 43 15.889
16 35 34.969
16 22 28.192
16 25 63.193
16 44 97.762
16 21 13.512
16 23 27.25
16 38 65.739
16 19 43.584
16 24 73.825
16 26 18.948
16 27 14.993
16 28 83.059
16 29 48.208
16 31 86.513
16 33 76.733
16 37 70.098
16 42 10.966
16 43 74.908
16 45 9.197
16 46 58.068
16 47 13.919
17 25 22.783
17 32 55.944
17 44 6.821
17 46 98.248
17 22 91.703
17 47 74.923
17 20 95.544
17 23 70.408
17 28 7.378
17 31 52.321
17 33 1.821
17 36 90.513
17 39 5.438
17 40 41.472
17 41 74.08
17 42 90.402
17 45 80.656
18 33 14.295
18 48 82.057
18 23 16.894
18 37 53.921
18 20 82.129
18 32 87.598
18 38 80.543
18 22 39.58
18 45 10.575
18 26 76.639
18 29 7.918
18 34 75.725
18 41 95.4
18 42 43.346
18 47 49.617
19 29 11.582
19 26 26.948
19 42 76.268
19 23 4.737
19 36 67.031
19 35 77.298
19 27 93.194
19 24 76.587
19 31 35.983
19 43 93.06
19 32 53.904
19 39 51.623
19 41 53.562
19 28 29.974
19 44 93.804
19 47 13.462
19 25 79.479
19 20 73.867
19 21 86.55
19 22 72.639
19 33 65.429
19 34 43.712
19 38 6.673
20 39 93.867
20 23 59.46
20 36 66.254
20 24 41.107
20 21 17.005
20 29 77.531
20 33 89.769
20 30 35.824
20 46 30.846
20 45 97.991
20 48 58.08
20 34 36.767
20 25 4.062
20 31 23.348
20 40 60.362
20 22 35.734
20 26 22.432
20 27 70.819
20 28 12.587
20 32 56.685
20 35 22.309
20 37 61.979
20 38 61.094
20 47 3.835
21 44 80.442
21 33 11.348
21 46 88.967
21 29 6.208
21 48 4.591
21 40 41.625
21 39 25.243
21 38 51.962
21 27 4.577
21 28 74.494
21 32 7.932
21 34 69.227
21 37 85.643
21 41 29.855
21 42 88.104
21 47 50.278
22 28 29.055
22 34 84.721
22 38 29.776
22 42 15.512
22 46 13.328
22 23 59.216
22 24 42.395
22 26 88.819
22 31 64.671
22 32 90.925
22 37 30.346
22 39 15.636
22 40 28.288
22 43 16.812
22 44 23.339
22 47 56.805
22 48 51.885
23 28 49.844
23 32 45.448
23 31 15.534
23 37 74.214
23 36 23.715
23 30 78.158
23 38 56.401
23 43 79.144
23 27 28.647
23 24 44.742
23 34 4.6
23 41 11.096
23 45 91.503
23 26 53.427
23 33 92.928
23 40 55.543
23 42 90.207
23 44 60.604
24 28 69.987
24 32 88.179
24 34 75.042
24 39 52.823
24 38 42.693
24 44 27.63
24 27 20.403
24 25 48.467
24 26 29.522
24 31 62.561
24 37 72.493
24 41 59.34
24 45 28.684
24 47 29.259
25 39 65.425
25 31 50.545
25 27 24.691
25 30 9.832
25 47 98.358
25 38 79.516
25 40 8.262
25 42 57.486
25 45 51.672
25 41 29.467
25 29 35.207
25 32 1.309
25 33 75.859
25 34 15.062
25 36 48.273
25 46 87.871
26 40 86.659
26 31 86.678
26 48 61.635
26 41 57.83
26 34 97.578
26 44 73.061
26 30 66.832
26 38 89.166
26 36 2.233
26 45 39.091
26 46 85.051
26 39 48.718
26 47 45.413
27 39 49.384
27 36 51.185
27 46 98.646
27 32 15.346
27 33 26.082
27 47 77.756
27 28 22.537
27 38 91.349
27 44 17.727
27 29 1.414
27 30 29.669
27 35 76.691
27 41 83.875
27 42 44.624
27 43 19.755
27 45 73.476
28 41 84.716
28 38 2.113
28 39 92.917
28 31 81.231
28 34 13.667
28 36 93.794
28 40 56.461
29 46 84.968
29 37 40.939
29 42 43.742
29 35 69.49
29 41 52.334
29 32 92.599
29 36 80.99
29 33 87.215
29 44 20.468
29 31 45.006
29 34 95.072
29 39 57.617
29 45 88.708
29 47 16.319
29 48 52.741
30 34 44.874
30 37 79.164
30 35 11.111
30 42 29.836
30 32 24.616
30 36 36.517
30 38 32.63
30 41 36.719
30 44 98.181
30 45 66.24
31 43 53.621
31 32 9.474
31 34 9.071
31 37 78.974
31 48 45.177
31 40 92.712
31 42 14.697
31 47 50.796
31 45 68.268
31 41 69.585
31 38 78.921
31 39 11.688
31 33 54.468
31 44 94.989
31 46 28.974
32 48 21.891
32 39 48.983
32 37 60.368
32 42 96.754
32 43 58.577
32 40 89.987
32 46 59.18
32 33 59.41
32 34 33.152
32 36 19.508
32 44 90.22
32 47 10.691
33 36 96.667
33 42 68.033
33 48 23.534
33 37 46.326
33 40 33.556
33 43 49.824
33 44 16.455
33 47 63.736
34 38 21.731
34 36 75.109
34 47 84.605
34 42 43.158
34 48 8.031
34 43 35.175
34 37 53.291
34 44 27.787
34 35 71.694
34 39 30.578
34 46 12.025
35 39 75.688
35 42 16.813
35 45 15.779
35 43 26.943
35 40 83.638
35 41 66.257
35 46 72.643
36 45 69.447
36 46 60.926
36 39 15.883
36 48 69.722
36 44 83.686
36 43 52.527
36 38 7.781
36 42 71.207
36 37 50.079
36 40 85.926
36 47 34.013
37 41 88.702
37 38 40.48
37 46 16.98
37 40 74.13
37 45 17.379
37 47 51.691
37 42 2.598
37 39 50.863
37 48 5.681
38 44 86.681
38 47 92.867
38 42 31.674
38 45 10.748
38 46 46.682
38 48 11.086
39 40 30.841
39 41 54.787
39 46 15.086
39 44 40.117
39 45 27.051
39 43 6.647
39 42 70.538
39 47 83.987
40 44 49.021
40 45 67.212
40 46 1.161
40 48 9.381
40 41 93.543
40 42 27.46
40 47 15.42
41 48 86.071
41 42 94.077
41 45 75.733
41 46 74.818
41 47 4.516
42 44 74.727
42 47 56.058
42 43 37.38
42 45 13.48
42 48 69.889
43 45 54.883
43 47 90.698
43 44 92.672
43 46 33.761
44 47 15.137
44 45 63.346
44 48 40.901
45 48 7.963
45 47 75.586
46 47 25.906
47 48 1.902
