32
0 1 76
0 20 8
1 2 9
1 3 13
1 4 60
1 5 5
1 6 84
1 7 26
1 8 64
1 9 3
1 10 52
1 20 80
1 17 69
1 18 93
1 19 92
2 3 81
2 4 66
2 5 53
2 6 63
2 7 28
2 8 37
2 9 90
2 10 98
2 19 75
2 22 97
3 4 96
3 5 53
3 6 31
3 7 30
3 8 25
3 9 31
3 10 52
3 18 84
3 23 13
4 5 85
4 6 29
4 7 73
4 8 57
4 9 2
4 10 49
4 17 42
4 24 27
5 6 68
5 7 72
5 8 32
5 9 36
5 10 69
5 16 97
5 25 13
6 7 25
6 8 14
6 9 99
6 10 55
6 15 25
6 26 97
7 8 92
7 9 10
7 10 10
7 14 16
7 27 77
8 9 85
8 10 42
8 13 91
8 28 17
9 10 2
9 12 51
9 29 52
10 11 62
10 30 2
11 15 24
11 16 86
11 17 48
11 18 28
11 19 19
11 20 65
11 31 48
11 21 95
12 15 12
12 16 69
12 17 8
12 18 89
12 19 71
12 20 2
12 22 17
13 15 36
13 16 43
13 17 46
13 18 77
13 19 2
13 20 43
13 23 55
14 15 37
14 16 82
14 17 18
14 18 69
14 19 52
14 20 77
14 24 88
15 25 26
16 20 8
16 26 6
17 27 25
18 28 65
19 29 34
20 30 41
21 31 11