50
0 8 62.717
0 9 13.554
0 10 84.666
0 11 0.116
0 13 11.23
0 17 26.414
0 25 16.823
0 41 71.952
0 42 65.56
0 43 51.175
0 49 57.07
1 8 58.64
1 9 37.624
1 10 5.118
1 12 79.706
1 14 14.374
1 15 24.765
1 17 74.287
1 22 41.517
1 29 19.68
1 30 4.216
1 31 64.659
1 33 58.89
1 34 8.589
1 40 66.525
1 46 91.502
1 49 63.581
2 8 71.969
2 9 22.683
2 35 58.839
3 8 89.557
3 9 18.849
3 12 13.155
3 22 45.729
3 23 65.826
3 24 68.471
3 32 96.161
3 35 4.028
3 36 73.031
3 41 72.265
3 47 6.647
4 8 30.608
4 9 17.101
4 11 43.189
4 13 25.082
4 17 82.131
4 29 71.151
4 30 11.569
4 36 71.868
4 45 87.801
5 8 83.376
5 10 93.982
5 13 79.69
5 16 13.272
5 18 26.674
5 19 23.086
5 24 68.439
5 26 41.983
5 28 15.144
5 34 85.953
5 36 77.129
5 41 67.346
6 8 92.403
6 9 7.175
6 11 12.701
6 12 29.037
6 13 17.541
6 16 10.38
6 19 73.345
6 23 12.66
6 25 63.315
6 28 3.921
6 45 89.302
6 48 85.516
7 8 77.07
7 9 33.215
7 12 11.187
7 17 95.238
7 22 25.295
7 23 92.497
7 36 34.84
7 37 50.983
8 9 7.489
8 10 0.804
8 12 33.691
8 13 11.431
8 14 75.983
8 16 81.996
8 19 71.026
8 21 80.134
8 22 65.728
8 24 52.455
8 25 44.612
8 26 83.177
8 27 53.229
8 31 14.172
8 32 80.966
8 34 53.264
8 37 19.811
8 39 59.542
8 40 89.992
9 10 0.516
9 11 68.589
9 12 63.663
9 13 74.882
9 14 33.372
9 15 6.083
9 16 75.516
9 17 3.583
9 18 51.043
9 20 86.603
9 21 82.449
9 22 62.111
9 23 3.303
9 26 77.161
9 28 37.173
9 29 54.255
9 30 53.337
9 35 79.321
9 40 18.229
9 48 98.219
9 49 84.993
10 11 31.589
10 12 53.628
10 13 89.003
10 14 11.165
10 15 77.026
10 16 34.657
10 19 35.909
10 20 21.056
10 21 27.479
10 23 21.315
10 24 10.741
10 26 31.814
10 31 14.525
10 44 49.765
10 48 12.822
11 12 82.265
11 16 49.799
11 17 23.255
11 18 4.457
11 20 19.359
11 23 0.523
11 27 71.131
11 31 17.706
11 32 45.603
11 33 95.128
11 39 37.455
11 41 95.079
11 45 68.205
12 13 88.07
12 16 18.269
12 17 37.539
12 19 71.451
12 22 36.221
12 27 7.51
12 29 57.454
12 34 66.295
12 38 85.55
12 42 26.354
12 43 95.793
13 14 25.683
13 15 56.143
13 16 18.439
13 18 55.158
13 22 84.227
13 24 49.775
13 25 1.365
13 27 76.277
13 32 93.03
13 33 11.229
13 35 98.865
13 48 42.38
13 49 55.455
14 15 63.671
14 28 2.82
14 38 45.669
14 39 54.471
14 49 74.114
15 17 13.05
15 20 23.501
15 21 97.916
15 22 46.81
15 26 52.56
15 29 69.778
15 30 98.509
15 34 30.339
15 38 42.069
15 40 26.474
16 20 30.293
16 23 29.75
16 24 7.807
16 27 31.787
16 30 12.911
16 31 20.843
16 48 39.8
17 18 17.282
17 26 87.108
17 30 52.143
17 32 91.295
17 33 89.648
17 34 30.631
18 25 71.621
18 26 14.816
18 36 27.725
18 38 41.341
18 42 35.137
18 46 2.341
18 47 84.293
19 21 82.462
19 23 29.63
19 29 1.257
19 30 47.11
19 31 38.402
19 35 53.425
20 46 82.242
21 24 59.396
21 26 5.056
21 32 94.306
21 33 55.278
21 38 12.397
21 39 61.701
21 43 36.2
21 48 82.8
22 34 47.472
22 35 80.916
22 38 41.034
22 42 12.944
22 44 17.392
22 45 72.808
23 24 25.668
23 28 81.618
23 39 60.12
23 41 72.175
23 43 18.891
24 29 3.61
24 30 5.738
24 33 7.85
25 41 74.686
26 29 11.882
26 35 34.402
26 43 72.671
26 45 50.328
27 31 22.486
28 42 67.383
28 44 79.21
29 32 10.035
29 33 50.679
29 34 15.119
29 37 41.083
29 38 73.935
29 39 17.227
29 45 50.772
30 31 90.69
30 32 26.249
30 33 66.479
30 41 82.139
30 42 66.725
30 45 26.169
31 48 48.475
32 37 71.361
32 47 91.149
33 47 41.542
33 48 96.932
34 35 49.693
34 37 77.526
34 41 76.715
34 42 90.489
34 44 9.224
34 46 35.539
34 47 98.502
35 40 0.933
35 45 39.278
35 46 97.704
36 38 95.621
36 39 72.851
36 44 55.958
36 47 34.581
37 49 46.592
38 39 47.491
40 42 71.943
41 49 65.455
42 47 91.264
43 47 13.364
44 49 39.351