25
0 2 8
0 13 5
0 3 5
0 19 9
0 21 10
0 22 6
0 16 3
1 6 4
1 2 9
1 20 5
1 23 2
1 13 2
1 3 7
2 5 2
2 23 8
2 6 1
2 13 10
2 14 6
2 17 2
3 7 8
3 6 2
3 10 10
3 23 5
3 12 8
3 11 8
3 19 9
4 17 8
4 13 1
4 7 8
4 9 5
4 8 4
5 14 2
5 21 4
5 6 5
5 9 4
5 19 6
5 12 1
5 24 10
6 11 1
6 15 9
6 16 3
6 18 1
6 7 5
6 8 8
6 13 1
7 15 4
7 9 1
7 22 2
7 19 7
7 24 4
7 8 8
8 10 8
8 19 5
8 23 4
8 17 4
8 11 10
8 13 10
9 14 6
9 20 1
9 23 7
9 13 8
9 11 2
10 14 1
10 24 2
10 20 7
10 23 1
11 13 6
11 16 6
11 18 6
11 24 2
11 22 3
12 21 6
12 19 7
12 24 10
12 22 9
13 17 3
13 20 6
13 22 2
14 18 3
14 17 10
14 20 1
14 23 1
15 24 10
15 17 6
15 22 9
16 24 5
17 19 4
17 23 2
17 24 6
17 18 6
18 24 3
18 19 1
18 22 2
19 22 1
19 24 2
20 24 3
20 22 10
21 23 7
21 24 8
22 24 6
