30
6 21 43.704
6 1 18.1
6 28 73.998
21 3 60.187
21 5 92.956
7 20 94.946
7 25 12.677
7 15 20.518
20 19 18.204
20 14 45.696
4 12 83.538
4 2 69.672
4 19 76.026
12 18 30.064
12 27 86.261
3 13 97.641
3 26 98.845
13 9 69.049
13 25 39.546
22 26 54.346
22 24 92.166
22 10 79.134
26 29 13.745
5 19 13.002
5 11 8.15
1 27 79.765
1 16 52.572
9 11 94.459
9 15 81.001
11 16 39.871
0 14 42.499
0 17 26.754
0 23 42.936
14 8 78.023
17 29 26.296
17 28 91.687
23 8 96.602
23 10 31.113
8 24 47.259
24 18 68.93
10 27 29.071
2 29 32.014
2 18 80.703
16 28 67.909
25 15 18.45