30
0 22 57.81
0 13 34.02
0 28 81.61
0 20 76.10
0 19 66.99
0 29 14.04
0 8 20.15
0 1 78.82
0 7 72.20
0 12 70.07
0 18 53.01
0 9 17.04
0 10 76.44
0 26 17.03
0 23 18.96
0 11 74.53
0 14 41.13
0 24 54.60
0 25 8.03
0 4 82.15
0 6 65.50
0 17 92.42
0 16 74.90
0 21 85.66
1 20 8.35
1 23 74.59
1 11 14.48
1 13 74.18
1 2 68.27
1 4 51.23
1 29 97.40
1 26 29.25
1 15 82.10
1 10 79.60
1 17 49.50
1 21 44.96
1 22 21.52
1 6 21.64
1 27 21.49
1 24 43.50
1 19 73.93
1 8 78.52
1 9 18.75
1 7 40.92
1 5 33.79
1 3 27.13
2 16 65.96
2 12 67.78
2 11 4.64
2 23 72.95
2 6 17.98
2 3 64.23
2 26 25.63
2 15 79.24
2 21 59.63
2 8 88.22
2 28 24.76
2 10 74.32
2 17 18.37
2 18 89.74
2 0 40.63
2 13 50.90
2 19 63.27
2 22 60.53
2 4 47.78
2 27 36.41
2 7 35.76
2 9 44.69
2 5 1.58
2 29 58.26
2 14 7.31
2 24 37.97
2 20 61.78
2 25 54.27
3 29 54.63
3 23 78.26
3 17 56.41
3 6 87.22
3 10 2.49
3 15 31.86
3 20 72.11
3 0 43.01
3 28 25.68
3 7 7.08
3 4 53.61
3 14 7.03
3 24 60.89
3 8 72.64
3 19 48.13
3 27 74.78
3 9 36.81
4 23 24.09
4 20 65.95
4 10 61.33
4 12 61.20
4 18 6.47
4 22 95.42
4 5 48.87
4 28 51.68
4 27 49.98
4 13 95.44
4 29 38.09
4 21 40.64
4 16 93.10
4 15 56.01
4 11 88.48
4 14 60.57
4 9 71.45
4 7 24.45
4 26 65.84
4 17 76.57
4 25 60.97
4 6 41.62
4 8 50.30
5 3 20.00
5 16 30.97
5 10 57.99
5 26 25.34
5 22 81.73
5 24 40.30
5 29 43.98
6 13 30.44
6 14 18.70
6 27 36.89
6 18 49.09
6 17 33.37
6 5 15.18
6 23 70.56
7 14 50.28
7 9 25.73
7 23 48.49
7 13 49.31
7 18 52.57
7 15 37.00
7 24 73.55
7 12 61.12
7 27 25.44
7 25 37.07
7 11 4.81
7 22 7.70
7 20 43.98
7 29 21.58
7 16 55.29
7 6 33.56
7 19 68.64
7 10 51.60
7 26 85.00
7 8 19.73
8 20 19.99
8 25 13.11
8 10 84.32
8 29 57.66
8 12 47.73
8 24 35.25
8 26 66.48
8 22 13.60
8 17 42.16
8 13 21.37
9 6 40.17
9 27 27.92
9 5 78.23
9 23 58.41
9 29 52.68
9 12 26.34
9 13 22.90
9 21 53.10
9 18 23.99
9 24 49.81
10 26 37.72
11 21 35.91
11 27 45.65
11 12 66.03
11 13 43.21
11 28 46.46
11 26 30.24
11 17 49.91
11 22 10.01
11 9 15.37
11 18 41.87
12 5 52.70
12 20 77.98
12 14 42.84
12 18 16.28
12 16 21.10
12 10 33.49
12 24 87.30
12 19 2.53
12 13 80.97
12 15 59.70
12 6 28.87
12 26 33.81
12 17 69.39
12 29 47.29
12 1 75.57
13 15 68.96
13 28 24.70
13 10 69.70
13 29 51.70
13 24 53.51
13 17 89.77
13 26 88.46
13 14 38.65
13 5 22.83
13 20 68.21
13 25 50.42
14 5 25.60
14 9 13.40
14 28 47.61
14 29 71.82
14 8 32.46
14 11 88.45
14 26 19.38
14 22 67.68
14 10 30.56
14 1 67.56
14 27 78.47
14 18 63.52
14 21 23.27
14 17 41.12
14 23 60.68
14 24 7.57
14 15 80.56
14 19 56.46
15 20 8.31
15 26 72.04
15 28 22.35
15 21 43.88
15 19 5.36
15 25 74.14
16 13 36.32
16 8 51.21
16 28 83.14
17 25 29.08
17 26 39.76
17 5 28.11
17 16 13.73
17 28 16.79
17 20 84.96
17 10 33.67
17 22 85.24
17 21 20.87
17 29 66.35
17 15 55.19
17 18 53.72
17 9 23.53
17 27 26.70
18 1 92.90
18 13 54.50
18 28 11.55
18 25 70.00
18 8 92.89
18 10 48.73
18 26 6.95
18 22 45.16
18 23 90.54
18 16 50.27
18 29 58.01
18 24 51.07
18 19 67.18
19 13 70.98
19 20 15.99
19 24 70.21
19 4 91.75
19 29 14.36
19 28 65.92
19 23 72.79
19 27 16.95
19 6 34.62
19 8 40.70
19 21 94.25
19 25 74.89
19 11 18.63
19 5 62.17
19 26 8.58
19 10 15.01
19 16 26.85
19 9 53.29
19 17 25.73
19 22 59.76
20 5 66.33
20 11 38.55
20 9 36.63
20 21 31.88
20 22 35.84
20 24 15.31
20 26 5.36
20 27 26.67
20 18 28.46
20 6 54.29
21 7 62.32
21 23 24.97
21 24 75.60
21 10 19.38
21 5 73.17
21 8 72.09
21 6 23.81
21 18 48.27
21 25 88.77
21 16 23.76
22 13 50.91
22 25 96.09
22 15 58.38
22 16 40.48
22 24 83.98
22 10 28.84
22 26 96.58
23 15 21.44
23 13 15.35
23 22 69.61
23 29 61.85
23 10 78.03
23 27 81.17
23 25 30.57
23 5 79.36
23 16 18.98
23 17 57.26
23 28 32.22
23 20 17.41
23 12 81.23
23 8 77.10
23 26 11.63
23 11 84.91
24 25 6.88
24 11 15.86
24 29 69.67
24 15 3.20
24 23 34.92
24 10 36.89
24 17 71.36
24 4 52.51
25 3 6.93
25 9 4.83
25 6 45.36
25 12 82.56
25 10 68.92
26 21 60.40
26 16 46.89
26 6 83.42
26 24 48.94
26 9 31.79
26 29 93.50
26 25 42.22
26 27 57.16
26 28 87.05
26 3 20.97
27 22 16.07
28 1 88.50
29 15 69.65
29 10 53.64
29 6 85.03
29 22 15.12
29 28 94.92
29 25 82.72
29 11 78.81
29 27 44.66
29 16 40.10
29 20 69.00
29 21 11.66