24
0 1 43.6
0 3 53.47
0 4 1.82
0 5 87.1
0 6 2.4
0 7 8.681
0 8 60.773
0 9 35.452
0 10 33.205
0 11 44.695
0 12 73.598
0 13 49.02
0 14 60.441
0 15 51.72
0 16 92.46
0 18 51.789
0 19 85.3
0 21 79.95
0 23 94.1
1 2 72.59
1 3 45.3
1 4 18.0
1 5 35.19
1 6 94.0
1 8 73.0
1 9 96.21
1 11 59.175
1 12 12.939
1 13 17.9
1 14 73.03
1 16 89.0
1 19 76.32
1 20 28.044
1 22 25.743
2 3 68.5
2 4 97.11
2 5 32.03
2 7 61.359
2 8 78.0
2 9 77.57
2 10 51.0
2 11 26.77
2 12 61.18
2 13 15.32
2 14 86.2
2 15 32.35
2 16 71.2
2 17 42.8
2 18 22.0
2 19 38.6
2 20 23.434
2 21 88.553
2 22 63.449
2 23 83.3
3 4 84.0
3 5 57.0
3 7 61.6
3 8 36.9
3 9 88.082
3 10 58.9
3 11 40.3
3 12 12.52
3 13 26.0
3 14 35.24
3 15 18.33
3 16 86.796
3 17 62.2
3 19 9.0
3 20 37.389
3 21 14.0
3 22 9.26
3 23 56.01
4 5 98.8
4 7 6.61
4 8 25.0
4 9 83.8
4 11 31.0
4 12 7.0
4 13 30.7
4 14 90.1
4 16 41.66
4 17 58.0
4 18 8.7
4 19 36.0
4 20 18.895
4 21 69.559
4 22 8.0
4 23 60.0
5 7 12.65
5 8 92.0
5 9 38.73
5 10 6.722
5 12 27.4
5 13 72.945
5 14 53.677
5 15 36.89
5 16 17.99
5 17 2.155
5 18 74.0
5 20 7.0
5 22 39.0
5 23 92.154
6 7 51.33
6 8 33.0
6 9 32.0
6 10 94.0
6 12 20.2
6 13 84.04
6 14 66.226
6 15 34.35
6 16 71.879
6 17 62.0
6 19 73.2
6 21 6.0
6 22 45.5
6 23 36.8
7 8 42.555
7 9 36.93
7 11 3.5
7 13 76.1
7 15 46.0
7 16 4.673
7 18 60.3
7 19 33.033
7 20 28.96
7 21 82.8
7 22 38.205
8 9 23.0
8 13 27.4
8 14 24.64
8 16 29.0
8 17 41.76
8 18 37.9
8 21 66.0
8 23 41.559
9 12 40.316
9 13 11.6
9 14 17.664
9 15 16.7
9 16 36.01
9 17 10.31
9 18 29.28
9 19 9.0
9 20 34.76
9 21 78.48
9 23 86.47
10 11 37.195
10 12 86.3
10 15 19.8
10 16 56.5
10 18 67.106
10 19 61.26
10 21 28.1
10 23 78.0
11 12 20.236
11 13 63.741
11 14 88.9
11 15 38.6
11 16 3.311
11 17 77.6
11 18 90.0
11 19 86.0
11 20 77.7
11 21 45.7
11 22 85.22
11 23 46.82
12 13 17.0
12 14 85.44
12 16 87.0
12 18 74.0
12 20 67.87
12 22 47.0
12 23 12.652
13 14 52.51
13 15 72.5
13 17 95.0
13 18 37.61
13 19 62.98
13 21 7.23
14 15 83.55
14 17 34.6
14 18 67.0
14 20 24.621
14 22 22.463
14 23 58.08
15 16 54.97
15 17 9.7
15 18 48.0
15 21 85.4
15 22 66.24
15 23 21.2
16 17 95.871
16 20 67.169
16 23 39.09
17 18 94.7
17 19 91.1
17 22 54.1
17 23 35.177
18 19 81.38
18 20 62.53
18 21 34.9
18 22 39.0
18 23 9.38
19 20 77.04
19 21 56.9
19 22 63.56
19 23 35.0
20 23 48.2
21 22 68.1
22 23 82.1