30
0 3 86.216
0 9 90.518
0 14 12.127
0 23 68.528
1 9 49.422
1 15 19.484
1 16 33.031
1 17 47.434
1 18 52.458
1 23 9.887
1 24 81.038
2 6 70.516
2 10 26.325
2 11 20.43
2 16 87.952
2 20 29.578
2 22 49.206
2 23 72.625
2 24 14.709
2 27 46.601
3 4 0.107
3 7 62.384
3 9 1.166
3 10 23.618
3 19 25.393
3 21 25.345
4 5 47.11
4 11 41.401
4 14 93.871
4 21 43.465
4 25 30.34
4 26 77.23
4 29 38.009
5 26 68.067
6 10 69.577
6 19 4.617
6 28 36.61
7 15 20.592
7 20 11.328
7 24 5.065
7 27 51.695
7 29 33.601
8 18 14.754
8 19 81.586
8 24 37.677
8 28 76.173
9 11 53.319
9 14 9.745
9 20 59.818
10 12 36.84
10 15 52.492
10 23 10.368
10 25 25.678
10 27 12.631
11 13 13.143
11 20 93.099
12 14 0.188
12 15 36.026
12 22 32.028
12 25 39.566
12 26 16.152
12 27 14.186
13 16 5.672
13 18 21.225
13 19 57.757
13 24 38.431
15 17 4.388
15 23 55.173
15 28 51.787
16 20 98.183
16 22 39.757
17 19 7.307
17 24 90.154
17 27 81.667
18 22 48.2
18 23 80.967
18 25 67.763
18 28 43.158
18 29 15.405
19 27 83.392
20 23 75.046
20 25 5.078
22 27 88.214
22 28 18.832
22 29 64.654
23 29 69.934
24 26 46.935
24 28 64.056
24 29 27.984
26 28 38.292