30
0 1 12
0 2 73
0 3 28
0 4 5
0 5 80
0 6 49
0 7 10
0 8 30
0 9 62
0 10 9
0 11 70
0 12 61
0 13 40
0 14 70
0 15 95
0 16 79
0 17 4
0 18 26
0 19 93
0 20 16
0 21 51
0 22 95
0 23 49
0 24 41
0 25 66
0 26 98
0 27 66
0 28 82
0 29 40
1 2 32
1 3 36
1 4 69
1 5 54
1 6 54
1 7 42
1 8 9
1 9 25
1 10 57
1 11 98
1 12 23
1 13 10
1 14 9
1 15 37
1 16 93
1 17 51
1 18 95
1 19 42
1 20 47
1 21 31
1 22 95
1 23 99
1 24 50
1 25 1
1 26 17
1 27 20
1 28 74
1 29 88
2 3 27
2 4 21
2 5 97
2 6 31
2 7 54
2 8 19
2 9 66
2 10 86
2 11 63
2 12 24
2 13 84
2 14 73
2 15 4
2 16 26
2 17 55
2 18 81
2 19 78
2 20 44
2 21 79
2 22 56
2 23 3
2 24 61
2 25 44
2 26 90
2 27 27
2 28 94
2 29 21
3 4 88
3 5 61
3 6 87
3 7 23
3 8 6
3 9 93
3 10 86
3 11 25
3 12 18
3 13 21
3 14 22
3 15 25
3 16 87
3 17 71
3 18 65
3 19 49
3 20 47
3 21 10
3 22 61
3 23 54
3 24 35
3 25 22
3 26 98
3 27 88
3 28 26
3 29 62
4 5 35
4 6 33
4 7 14
4 8 55
4 9 21
4 10 73
4 11 53
4 12 92
4 13 3
4 14 84
4 15 51
4 16 74
4 17 72
4 18 97
4 19 41
4 20 5
4 21 91
4 22 8
4 23 35
4 24 75
4 25 76
4 26 83
4 27 57
4 28 74
4 29 17
5 6 91
5 7 39
5 8 21
5 9 7
5 10 9
5 11 98
5 12 77
5 13 53
5 14 30
5 15 64
5 16 54
5 17 82
5 18 49
5 19 13
5 20 58
5 21 83
5 22 18
5 23 5
5 24 24
5 25 68
5 26 93
5 27 88
5 28 93
5 29 11
6 7 86
6 8 57
6 9 20
6 10 54
6 11 51
6 12 42
6 13 41
6 14 60
6 15 69
6 16 81
6 17 73
6 18 59
6 19 47
6 20 51
6 21 80
6 22 29
6 23 52
6 24 81
6 25 69
6 26 76
6 27 35
6 28 60
6 29 36
7 8 10
7 9 92
7 10 88
7 11 12
7 12 22
7 13 62
7 14 29
7 15 49
7 16 13
7 17 5
7 18 8
7 19 86
7 20 18
7 21 52
7 22 74
7 23 87
7 24 50
7 25 99
7 26 25
7 27 93
7 28 27
7 29 98
8 9 63
8 10 13
8 11 39
8 12 23
8 13 68
8 14 76
8 15 21
8 16 75
8 17 4
8 18 97
8 19 18
8 20 81
8 21 81
8 22 33
8 23 89
8 24 36
8 25 13
8 26 73
8 27 7
8 28 44
8 29 78
9 10 61
9 11 12
9 12 82
9 13 57
9 14 31
9 15 74
9 16 62
9 17 71
9 18 44
9 19 3
9 20 73
9 21 70
9 22 1
9 23 17
9 24 34
9 25 74
9 26 28
9 27 9
9 28 59
9 29 79
10 11 21
10 12 3
10 13 2
10 14 96
10 15 87
10 16 21
10 17 57
10 18 56
10 19 36
10 20 5
10 21 98
10 22 50
10 23 75
10 24 16
10 25 26
10 26 94
10 27 63
10 28 54
10 29 58
11 12 95
11 13 7
11 14 22
11 15 8
11 16 5
11 17 12
11 18 8
11 19 65
11 20 14
11 21 62
11 22 41
11 23 96
11 24 38
11 25 23
11 26 89
11 27 71
11 28 77
11 29 28
12 13 54
12 14 66
12 15 44
12 16 44
12 17 43
12 18 49
12 19 1
12 20 69
12 21 30
12 22 78
12 23 25
12 24 6
12 25 17
12 26 74
12 27 88
12 28 19
12 29 96
13 14 22
13 15 83
13 16 82
13 17 39
13 18 16
13 19 10
13 20 83
13 21 92
13 22 7
13 23 18
13 24 10
13 25 40
13 26 13
13 27 78
13 28 31
13 29 48
14 15 25
14 16 33
14 17 18
14 18 47
14 19 84
14 20 58
14 21 3
14 22 49
14 23 1
14 24 90
14 25 73
14 26 11
14 27 27
14 28 28
14 29 47
15 16 3
15 17 21
15 18 50
15 19 56
15 20 4
15 21 87
15 22 2
15 23 51
15 24 37
15 25 86
15 26 32
15 27 63
15 28 32
15 29 83
16 17 36
16 18 76
16 19 77
16 20 27
16 21 73
16 22 45
16 23 6
16 24 45
16 25 21
16 26 82
16 27 52
16 28 94
16 29 30
17 18 87
17 19 37
17 20 35
17 21 1
17 22 33
17 23 97
17 24 37
17 25 54
17 26 18
17 27 19
17 28 37
17 29 30
18 19 82
18 20 15
18 21 2
18 22 39
18 23 59
18 24 91
18 25 98
18 26 69
18 27 32
18 28 92
18 29 33
19 20 33
19 21 5
19 22 73
19 23 46
19 24 7
19 25 20
19 26 30
19 27 78
19 28 62
19 29 17
20 21 33
20 22 37
20 23 99
20 24 10
20 25 20
20 26 33
20 27 59
20 28 57
20 29 65
21 22 9
21 23 31
21 24 62
21 25 75
21 26 50
21 27 63
21 28 12
21 29 11
22 23 77
22 24 76
22 25 32
22 26 59
22 27 62
22 28 66
22 29 55
23 24 71
23 25 21
23 26 44
23 27 4
23 28 58
23 29 43
24 25 47
24 26 26
24 27 83
24 28 96
24 29 28
25 26 85
25 27 44
25 28 11
25 29 97
26 27 90
26 28 82
26 29 84
27 28 93
27 29 15
28 29 63