25
0 1 23
0 2 18
0 6 60
0 7 7
0 8 35
0 12 97
0 13 56
0 15 1
0 16 37
0 17 31
0 20 96
0 22 76
1 10 44
1 15 77
2 4 14
2 5 87
2 7 17
2 8 54
2 10 10
2 14 84
2 17 10
2 19 66
2 20 34
3 11 73
3 12 49
3 15 69
3 17 33
3 21 24
3 22 56
3 23 20
4 6 1
4 13 60
4 14 16
4 20 22
4 23 90
4 24 74
5 7 70
5 8 46
5 10 45
5 12 71
5 13 1
5 15 41
5 19 56
5 21 60
5 22 14
5 23 4
5 24 2
6 7 79
6 8 17
6 14 30
6 18 97
6 22 23
6 23 23
7 8 40
7 10 74
7 13 38
7 15 2
7 17 68
8 14 89
8 15 37
8 16 20
8 21 71
8 22 65
8 24 6
9 10 44
9 14 17
9 15 21
9 16 45
9 19 59
9 21 27
9 22 94
9 23 78
10 12 24
10 14 91
10 15 16
11 19 68
11 22 41
11 24 73
12 16 69
12 17 92
12 20 63
12 22 11
12 24 6
13 14 39
13 17 37
13 20 56
13 22 81
14 16 64
14 17 84
14 19 13
14 22 63
14 23 60
15 20 64
15 23 3
16 20 89
16 22 76
16 23 78
18 23 31
19 24 90
20 22 53
20 23 9
21 24 48
22 23 37