30
0 1 87.22
0 2 14.13
0 4 22.69
0 6 69.63
0 8 43.59
0 9 1.48
0 11 4.91
0 13 46.95
0 15 47.21
0 16 20.48
0 17 29.68
0 19 51.81
0 20 85.79
0 21 54.92
0 22 50.37
0 24 44.32
0 25 79.41
0 26 29.59
0 27 99.16
0 28 33.81
0 29 62.51
1 2 70.45
1 5 16.18
1 6 29.38
1 7 88.33
1 9 14.2
1 10 33.59
1 13 1.62
1 14 22.35
1 15 65.75
1 16 59.89
1 17 26.91
1 18 91.59
1 22 1.26
1 23 69.42
1 24 2.74
1 25 11.31
1 26 52.78
1 29 69.87
2 3 46.04
2 4 39.82
2 5 99.97
2 6 25.59
2 7 85.21
2 8 1.83
2 10 88.7
2 11 67.93
2 12 21.84
2 16 61.19
2 17 39.01
2 19 37.63
2 20 83.1
2 22 26.95
2 24 24.81
2 25 18.32
2 26 61.0
2 27 24.98
2 28 32.83
2 29 69.58
3 4 29.75
3 5 6.54
3 6 9.01
3 8 27.82
3 10 38.34
3 11 22.29
3 12 16.42
3 13 58.31
3 14 77.59
3 15 51.62
3 16 49.98
3 20 51.95
3 21 71.28
3 22 80.97
3 23 6.85
3 24 44.05
3 25 88.39
3 26 29.87
3 27 36.75
3 28 87.32
3 29 28.2
4 5 47.97
4 6 44.76
4 7 68.56
4 8 21.1
4 9 59.5
4 10 61.6
4 11 70.65
4 12 99.78
4 13 43.49
4 14 77.4
4 15 43.22
4 16 79.49
4 17 51.62
4 18 82.17
4 21 24.43
4 22 41.52
4 23 29.93
4 24 51.48
4 25 65.47
4 26 2.55
4 27 84.33
4 28 46.87
5 6 47.99
5 7 93.59
5 8 22.15
5 9 37.47
5 10 53.96
5 11 94.58
5 12 26.66
5 15 67.1
5 16 47.98
5 18 35.37
5 19 69.13
5 20 63.12
5 21 68.58
5 24 82.48
5 25 34.37
5 27 96.86
5 28 26.72
5 29 42.8
6 8 12.85
6 10 91.81
6 11 70.2
6 12 68.41
6 13 59.11
6 14 71.06
6 15 63.85
6 16 84.82
6 17 1.28
6 18 3.35
6 19 86.29
6 20 39.2
6 21 79.64
6 22 94.42
6 23 65.44
6 24 20.93
6 25 96.25
6 26 62.64
6 27 99.44
6 28 84.76
6 29 49.24
7 8 44.84
7 9 77.35
7 10 46.78
7 11 5.79
7 12 14.8
7 13 69.66
7 14 56.13
7 15 87.05
7 16 7.16
7 17 53.34
7 18 65.1
7 23 18.32
7 24 99.5
7 25 99.57
7 27 82.26
7 28 24.76
7 29 81.93
8 10 23.5
8 11 53.84
8 12 41.43
8 13 19.21
8 14 39.9
8 15 79.38
8 16 97.44
8 17 98.14
8 18 54.95
8 20 95.22
8 22 94.86
8 23 64.11
8 25 94.58
8 26 96.08
8 28 6.1
8 29 26.01
9 10 10.73
9 11 59.84
9 12 57.38
9 13 26.66
9 14 40.3
9 15 1.57
9 16 17.0
9 17 33.89
9 18 22.14
9 20 97.5
9 21 9.35
9 23 43.71
9 24 16.96
9 25 19.98
9 26 29.72
9 27 89.32
9 28 85.16
10 11 3.84
10 12 35.74
10 13 48.86
10 15 58.35
10 16 53.28
10 17 74.21
10 19 32.58
10 20 7.06
10 22 20.0
10 23 68.27
10 24 16.83
10 26 49.95
10 27 53.63
10 28 54.13
10 29 96.13
11 12 79.34
11 14 32.47
11 15 63.48
11 16 59.86
11 17 19.59
11 18 76.77
11 19 61.99
11 20 43.57
11 21 94.66
11 22 95.52
11 23 55.3
11 25 93.28
11 26 25.6
11 28 21.87
11 29 69.46
12 14 64.36
12 15 87.63
12 19 13.88
12 20 3.64
12 22 65.83
12 23 6.68
12 24 52.83
12 25 49.35
12 26 93.69
12 29 6.42
13 16 73.03
13 17 22.41
13 19 63.31
13 21 62.2
13 22 82.93
13 23 98.59
13 26 48.4
13 27 14.54
13 28 42.44
13 29 97.64
14 15 53.95
14 16 91.21
14 17 40.18
14 18 12.34
14 19 72.58
14 20 10.82
14 21 13.41
14 22 6.23
14 23 20.04
14 25 79.24
14 26 49.4
14 27 81.5
14 28 40.26
15 16 36.63
15 17 62.82
15 18 34.64
15 19 7.49
15 20 59.26
15 21 11.01
15 22 37.88
15 23 64.6
15 24 88.85
15 25 7.1
15 26 92.51
15 27 72.28
15 28 88.45
15 29 24.15
16 18 96.22
16 20 7.77
16 22 11.5
16 24 70.95
16 25 64.53
16 26 71.34
16 27 37.73
16 28 36.18
16 29 90.72
17 18 48.49
17 20 68.44
17 21 36.19
17 22 96.47
17 24 67.23
17 25 63.68
17 26 53.93
18 19 17.42
18 20 21.4
18 21 55.37
18 22 96.48
18 23 13.91
18 24 20.09
18 25 73.08
18 26 38.21
18 27 97.24
18 28 22.31
18 29 52.66
19 20 87.92
19 21 61.88
19 22 83.4
19 24 87.29
19 26 72.69
19 27 16.79
19 28 24.03
19 29 20.43
20 21 88.0
20 22 57.12
20 24 57.79
20 25 22.71
20 26 59.46
20 27 91.87
20 28 51.96
21 22 92.22
21 23 90.18
21 24 77.36
21 27 57.38
21 28 25.18
21 29 86.09
22 23 40.78
22 24 90.19
22 25 99.04
22 26 86.34
22 27 82.26
22 28 66.98
23 24 78.09
23 25 84.35
23 26 87.41
23 27 34.3
23 28 80.35
24 25 68.2
24 26 76.57
24 28 8.97
24 29 30.83
25 26 44.93
25 27 68.1
25 28 91.16
26 27 89.33
26 28 86.54
26 29 83.37
27 28 27.66
27 29 76.04