27
0 1 29
0 2 11
0 3 68
0 4 62
0 5 6
0 6 14
0 7 76
0 8 6
0 9 83
0 10 17
0 11 72
0 12 99
0 13 59
0 14 18
0 15 44
0 16 3
0 17 15
0 18 94
0 19 46
0 20 20
0 21 43
0 22 40
0 23 57
0 24 6
0 25 48
0 26 95
1 2 37
1 3 98
1 4 16
1 5 47
1 6 66
1 7 50
1 8 5
1 9 67
1 10 12
1 11 49
1 12 77
1 13 89
1 14 47
1 15 66
1 16 51
1 17 73
1 18 17
1 19 33
1 20 63
1 21 48
1 22 52
1 23 20
1 24 73
1 25 61
1 26 17
2 3 50
2 4 57
2 5 90
2 6 79
2 7 99
2 8 71
2 9 91
2 10 44
2 11 13
2 12 3
2 13 48
2 14 80
2 15 45
2 16 69
2 17 83
2 18 4
2 19 55
2 20 60
2 21 7
2 22 49
2 23 54
2 24 4
2 25 60
2 26 42
3 4 40
3 5 96
3 6 18
3 7 69
3 8 18
3 9 43
3 10 75
3 11 31
3 12 78
3 13 85
3 14 76
3 15 77
3 16 68
3 17 81
3 18 90
3 19 91
3 20 65
3 21 95
3 22 93
3 23 43
3 24 56
3 25 73
3 26 42
4 5 64
4 6 59
4 7 32
4 8 80
4 9 52
4 10 6
4 11 46
4 12 84
4 13 38
4 14 47
4 15 74
4 16 80
4 17 14
4 18 9
4 19 96
4 20 47
4 21 82
4 22 11
4 23 37
4 24 35
4 25 70
4 26 86
5 6 30
5 7 97
5 8 86
5 9 24
5 10 83
5 11 2
5 12 12
5 13 7
5 14 43
5 15 91
5 16 57
5 17 2
5 18 9
5 19 59
5 20 12
5 21 32
5 22 58
5 23 20
5 24 69
5 25 91
5 26 43
6 7 50
6 8 40
6 9 57
6 10 64
6 11 31
6 12 25
6 13 5
6 14 94
6 15 23
6 16 47
6 17 79
6 18 25
6 19 22
6 20 45
6 21 55
6 22 17
6 23 33
6 24 71
6 25 96
6 26 58
7 8 50
7 9 48
7 10 90
7 11 68
7 12 31
7 13 15
7 14 57
7 15 20
7 16 21
7 17 91
7 18 48
7 19 19
7 20 3
7 21 90
7 22 18
7 23 23
7 24 68
7 25 99
7 26 50
8 9 16
8 10 8
8 11 94
8 12 35
8 13 50
8 14 75
8 15 64
8 16 25
8 17 36
8 18 39
8 19 57
8 20 30
8 21 87
8 22 37
8 23 70
8 24 11
8 25 85
8 26 50
9 10 7
9 11 99
9 12 52
9 13 76
9 14 4
9 15 16
9 16 62
9 17 23
9 18 42
9 19 10
9 20 34
9 21 12
9 22 25
9 23 7
9 24 37
9 25 47
9 26 31
10 11 65
10 12 77
10 13 19
10 14 48
10 15 30
10 16 13
10 17 48
10 18 19
10 19 85
10 20 53
10 21 12
10 22 45
10 23 15
10 24 99
10 25 62
10 26 70
11 12 57
11 13 44
11 14 11
11 15 50
11 16 32
11 17 86
11 18 5
11 19 64
11 20 40
11 21 32
11 22 35
11 23 33
11 24 8
11 25 83
11 26 91
12 13 72
12 14 8
12 15 41
12 16 74
12 17 70
12 18 17
12 19 50
12 20 69
12 21 28
12 22 71
12 23 2
12 24 44
12 25 33
12 26 96
13 14 76
13 15 8
13 16 55
13 17 14
13 18 32
13 19 89
13 20 36
13 21 77
13 22 90
13 23 47
13 24 31
13 25 80
13 26 14
14 15 92
14 16 14
14 17 22
14 18 73
14 19 89
14 20 67
14 21 3
14 22 97
14 23 60
14 24 67
14 25 13
14 26 56
15 16 6
15 17 33
15 18 77
15 19 12
15 20 5
15 21 72
15 22 72
15 23 79
15 24 66
15 25 63
15 26 96
16 17 87
16 18 8
16 19 45
16 20 54
16 21 72
16 22 93
16 23 73
16 24 37
16 25 34
16 26 94
17 18 40
17 19 15
17 20 46
17 21 6
17 22 14
17 23 41
17 24 16
17 25 98
17 26 84
18 19 50
18 20 26
18 21 12
18 22 57
18 23 81
18 24 19
18 25 59
18 26 59
19 20 71
19 21 14
19 22 28
19 23 55
19 24 88
19 25 23
19 26 79
20 21 44
20 22 57
20 23 2
20 24 66
20 25 12
20 26 65
21 22 47
21 23 79
21 24 91
21 25 22
21 26 53
22 23 89
22 24 66
22 25 60
22 26 77
23 24 37
23 25 99
23 26 80
24 25 22
24 26 34
25 26 94