25
0 1 95
0 2 95
0 3 95
0 4 95
0 5 95
0 6 95
0 7 95
0 8 95
0 9 95
0 10 95
0 11 95
0 12 95
0 13 95
0 15 95
0 16 95
0 17 95
0 18 95
0 19 95
0 20 95
0 21 95
0 22 95
0 23 95
0 24 95
1 2 95
1 3 95
1 4 95
1 5 95
1 6 95
1 7 95
1 8 95
1 9 95
1 10 95
1 11 95
1 12 95
1 13 95
1 14 95
1 15 95
1 16 95
1 17 95
1 18 95
1 19 95
1 20 95
1 21 95
1 22 95
1 23 95
1 24 95
2 3 95
2 4 95
2 5 95
2 7 95
2 8 95
2 9 95
2 10 95
2 11 95
2 13 95
2 14 95
2 15 95
2 16 95
2 17 95
2 18 95
2 19 95
2 20 95
2 21 95
2 22 95
2 23 95
2 24 95
3 4 95
3 5 95
3 6 95
3 7 95
3 8 95
3 9 95
3 10 95
3 11 95
3 12 95
3 13 95
3 14 95
3 15 95
3 16 95
3 17 95
3 18 95
3 19 95
3 20 95
3 21 95
3 22 95
3 24 95
4 5 95
4 6 95
4 7 95
4 8 95
4 9 95
4 10 95
4 12 95
4 13 95
4 14 95
4 15 95
4 16 95
4 17 95
4 18 95
4 19 95
4 20 95
4 21 95
4 23 95
4 24 95
5 6 95
5 7 95
5 8 95
5 10 95
5 11 95
5 12 95
5 13 95
5 14 95
5 15 95
5 16 95
5 17 95
5 18 95
5 20 95
5 21 95
5 22 95
5 23 95
5 24 95
6 7 95
6 8 95
6 9 95
6 10 95
6 11 95
6 12 95
6 13 95
6 14 95
6 15 95
6 16 95
6 17 95
6 18 95
6 19 95
6 20 95
6 21 95
6 22 95
6 23 95
7 8 95
7 9 95
7 11 95
7 12 95
7 13 95
7 14 95
7 15 95
7 16 95
7 17 95
7 18 95
7 19 95
7 20 95
7 21 95
7 22 95
7 23 95
7 24 95
8 9 95
8 10 95
8 11 95
8 12 95
8 13 95
8 14 95
8 15 95
8 16 95
8 17 95
8 19 95
8 20 95
8 21 95
8 22 95
8 23 95
8 24 95
9 10 95
9 12 95
9 14 95
9 15 95
9 16 95
9 17 95
9 18 95
9 19 95
9 21 95
9 22 95
9 23 95
9 24 95
10 11 95
10 12 95
10 13 95
10 14 95
10 15 95
10 16 95
10 18 95
10 19 95
10 20 95
10 21 95
10 23 95
10 24 95
11 12 95
11 14 95
11 15 95
11 16 95
11 17 95
11 18 95
11 19 95
11 21 95
11 22 95
11 23 95
11 24 95
12 13 95
12 14 95
12 15 95
12 16 95
12 17 95
12 18 95
12 19 95
12 20 95
12 21 95
12 22 95
12 23 95
12 24 95
13 14 95
13 15 95
13 16 95
13 17 95
13 18 95
13 19 95
13 20 95
13 21 95
13 22 95
13 23 95
14 16 95
14 17 95
14 18 95
14 19 95
14 20 95
14 21 95
14 23 95
15 16 95
15 17 95
15 18 95
15 19 95
15 21 95
15 22 95
15 23 95
15 24 95
16 17 95
16 18 95
16 19 95
16 20 95
16 21 95
16 22 95
16 23 95
16 24 95
17 18 95
17 19 95
17 20 95
17 21 95
17 22 95
17 23 95
17 24 95
18 19 95
18 20 95
18 21 95
18 22 95
18 24 95
19 20 95
19 21 95
19 22 95
19 23 95
19 24 95
20 21 95
20 22 95
20 23 95
20 24 95
21 22 95
21 23 95
21 24 95
22 23 95
22 24 95
23 24 95