30
0 1 48
0 2 76
0 3 11
0 4 53
0 5 27
0 6 48
0 7 7
0 8 41
0 9 50
0 10 67
0 11 24
0 12 46
0 13 11
0 14 80
0 15 20
0 16 31
0 17 87
0 18 25
0 19 53
0 20 5
0 21 68
0 22 29
0 23 68
0 24 72
0 25 75
0 26 20
0 27 83
0 28 83
0 29 10
1 2 17
1 3 73
1 4 10
1 5 86
1 6 32
1 7 84
1 8 90
1 9 76
1 10 19
1 11 13
1 12 61
1 13 2
1 14 15
1 15 14
1 16 24
1 17 40
1 18 97
1 19 87
1 20 72
1 21 7
1 22 60
1 23 78
1 24 26
1 25 8
1 26 47
1 27 77
1 28 72
1 29 81
2 3 96
2 4 22
2 5 23
2 6 44
2 7 46
2 8 29
2 9 86
2 10 66
2 11 84
2 12 46
2 13 76
2 14 46
2 15 78
2 16 32
2 17 48
2 18 38
2 19 30
2 20 7
2 21 89
2 22 38
2 23 61
2 24 85
2 25 56
2 26 8
2 27 12
2 28 24
2 29 76
3 4 26
3 5 29
3 6 2
3 7 11
3 8 69
3 9 23
3 10 47
3 11 12
3 12 15
3 13 98
3 14 70
3 15 59
3 16 52
3 17 70
3 18 1
3 19 71
3 20 50
3 21 97
3 22 8
3 23 33
3 24 25
3 25 28
3 26 14
3 27 33
3 28 23
3 29 97
4 5 20
4 6 84
4 7 65
4 8 76
4 9 99
4 10 96
4 11 81
4 12 38
4 13 28
4 14 71
4 15 19
4 16 71
4 17 28
4 18 46
4 19 70
4 20 80
4 21 6
4 22 89
4 23 50
4 24 65
4 25 47
4 26 56
4 27 31
4 28 18
4 29 55
5 6 12
5 7 98
5 8 13
5 9 3
5 10 76
5 11 70
5 12 45
5 13 91
5 14 82
5 15 26
5 16 62
5 17 75
5 18 57
5 19 76
5 20 62
5 21 29
5 22 58
5 23 38
5 24 9
5 25 35
5 26 78
5 27 43
5 28 46
5 29 73
6 7 79
6 8 41
6 9 91
6 10 39
6 11 86
6 12 53
6 13 15
6 14 16
6 15 86
6 16 27
6 17 91
6 18 86
6 19 25
6 20 47
6 21 49
6 22 90
6 23 68
6 24 61
6 25 84
6 26 85
6 27 43
6 28 85
6 29 55
7 8 37
7 9 8
7 10 37
7 11 16
7 12 69
7 13 59
7 14 18
7 15 44
7 16 34
7 17 59
7 18 36
7 19 51
7 20 45
7 21 49
7 22 18
7 23 69
7 24 54
7 25 96
7 26 53
7 27 45
7 28 48
7 29 23
8 9 57
8 10 34
8 11 44
8 12 62
8 13 29
8 14 87
8 15 17
8 16 43
8 17 86
8 18 25
8 19 95
8 20 30
8 21 91
8 22 67
8 23 71
8 24 56
8 25 99
8 26 47
8 27 64
8 28 72
8 29 2
9 10 62
9 11 12
9 12 4
9 13 76
9 14 64
9 15 24
9 16 59
9 17 34
9 18 16
9 19 35
9 20 8
9 21 90
9 22 46
9 23 60
9 24 97
9 25 33
9 26 4
9 27 73
9 28 42
9 29 97
10 11 7
10 12 27
10 13 98
10 14 20
10 15 82
10 16 53
10 17 15
10 18 15
10 19 8
10 20 60
10 21 60
10 22 88
10 23 44
10 24 21
10 25 62
10 26 77
10 27 55
10 28 83
10 29 98
11 12 64
11 13 55
11 14 89
11 15 15
11 16 97
11 17 70
11 18 47
11 19 26
11 20 83
11 21 53
11 22 32
11 23 12
11 24 18
11 25 50
11 26 13
11 27 44
11 28 74
11 29 21
12 13 79
12 14 78
12 15 24
12 16 29
12 17 57
12 18 39
12 19 94
12 20 81
12 21 40
12 22 22
12 23 99
12 24 55
12 25 12
12 26 42
12 27 50
12 28 53
12 29 45
13 14 5
13 15 90
13 16 37
13 17 89
13 18 26
13 19 31
13 20 71
13 21 5
13 22 75
13 23 18
13 24 28
13 25 28
13 26 64
13 27 90
13 28 3
13 29 29
14 15 78
14 16 9
14 17 42
14 18 80
14 19 38
14 20 97
14 21 2
14 22 92
14 23 88
14 24 38
14 25 94
14 26 54
14 27 80
14 28 98
14 29 56
15 16 71
15 17 21
15 18 20
15 19 23
15 20 85
15 21 43
15 22 15
15 23 36
15 24 14
15 25 69
15 26 82
15 27 48
15 28 32
15 29 37
16 17 25
16 18 34
16 19 20
16 20 16
16 21 62
16 22 90
16 23 6
16 24 30
16 25 36
16 26 69
16 27 62
16 28 22
16 29 46
17 18 21
17 19 17
17 20 2
17 21 68
17 22 52
17 23 17
17 24 19
17 25 23
17 26 71
17 27 28
17 28 93
17 29 16
18 19 74
18 20 11
18 21 28
18 22 10
18 23 65
18 24 71
18 25 49
18 26 17
18 27 84
18 28 11
18 29 35
19 20 18
19 21 60
19 22 1
19 23 89
19 24 36
19 25 98
19 26 21
19 27 70
19 28 8
19 29 58
20 21 60
20 22 58
20 23 89
20 24 31
20 25 33
20 26 38
20 27 39
20 28 49
20 29 64
21 22 31
21 23 9
21 24 3
21 25 10
21 26 38
21 27 87
21 28 49
21 29 78
22 23 15
22 24 91
22 25 13
22 26 94
22 27 16
22 28 27
22 29 96
23 24 79
23 25 19
23 26 45
23 27 50
23 28 67
23 29 49
24 25 55
24 26 54
24 27 75
24 28 45
24 29 93
25 26 64
25 27 42
25 28 52
25 29 90
26 27 53
26 28 44
26 29 81
27 28 51
27 29 52
28 29 67
