24
0 1 0.25
1 2 0.5
1 3 0.75
1 5 0.65
2 0 0.75
2 3 0.75
3 4 0.25
4 2 0.35
4 6 0.25
5 4 0.45
5 6 0.75
6 0 0.75
6 7 0.25
0 8 0.35
7 8 0.65
7 9 0.45
8 9 0.35
9 1 0.25
9 10 0.35
10 1 0.75
10 2 0.45
11 3 0.65
11 4 0.95
1 11 0.45
11 12 0.35
12 13 0.25
2 12 0.35
12 13 0.45
13 14 0.65
1 14 0.35
14 2 0.65
14 15 0.35
14 8 0.45
15 16 0.75
15 7 0.25
15 1 0.55
16 17 0.95
16 18 0.25
16 19 0.55
17 2 0.75
17 11 0.75
17 6 0.35
17 18 0.25
18 3 0.45
18 9 0.55
18 12 0.35
18 19 0.35
19 8 0.15
19 0 0.25
19 20 0.75
20 21 0.55
20 22 0.35
20 4 0.45
20 1 0.55
20 11 0.75
21 22 0.45
21 14 0.75
22 23 0.65
22 6 0.25
22 14 0.25
22 18 0.65
23 10 0.85
23 1 0.25
23 17 0.65