30
0 1 40.801
0 2 0.827
0 3 0.939
0 4 23.607
0 5 91.754
0 6 60.681
0 7 60.771
0 8 77.585
0 9 60.867
0 10 51.772
0 11 89.026
0 12 65.13
0 13 85.562
0 14 90.081
0 15 60.099
0 16 14.289
0 17 7.674
0 18 30.936
0 19 51.217
0 20 66.095
0 21 67.432
0 22 90.203
0 23 0.389
0 24 27.613
0 25 97.737
0 26 46.723
0 27 77.271
0 28 64.5
0 29 68.49
1 2 84.472
1 3 40.631
1 4 57.246
1 5 28.528
1 6 46.701
1 7 53.376
1 8 39.979
1 9 63.605
1 10 24.154
1 11 58.204
1 12 52.543
1 13 8.536
1 14 11.837
1 15 41.459
1 16 35.043
1 17 46.291
1 18 12.124
1 19 76.188
1 20 9.349
1 21 12.106
1 22 61.235
1 23 30.149
1 24 38.031
1 25 80.239
1 26 48.041
1 27 93.467
1 28 29.327
1 29 43.371
2 3 12.722
2 4 23.454
2 5 44.516
2 6 31.437
2 7 41.316
2 8 25.691
2 9 79.705
2 10 32.084
2 11 82.465
2 12 81.807
2 13 81.127
2 14 36.458
2 15 99.47
2 16 50.575
2 17 63.351
2 18 72.504
2 19 40.194
2 20 33.388
2 21 16.909
2 22 52.722
2 23 89.061
2 24 48.786
2 25 2.952
2 26 53.371
2 27 86.896
2 28 37.952
2 29 86.578
3 4 68.226
3 5 36.571
3 6 62.349
3 7 69.17
3 8 16.21
3 9 13.363
3 10 45.778
3 11 68.107
3 12 88.135
3 13 88.195
3 14 54.044
3 15 94.999
3 16 41.138
3 17 24.394
3 18 60.284
3 19 65.924
3 20 9.169
3 21 80.007
3 22 84.994
3 23 39.553
3 24 81.814
3 25 61.992
3 26 58.033
3 27 64.039
3 28 97.61
3 29 99.512
4 5 21.271
4 6 33.556
4 7 54.433
4 8 34.663
4 9 73.815
4 10 50.663
4 11 20.811
4 12 62.017
4 13 97.728
4 14 36.057
4 15 72.689
4 16 81.064
4 17 58.104
4 18 57.708
4 19 14.792
4 20 93.893
4 21 54.201
4 22 65.648
4 23 97.94
4 24 47.646
4 25 54.576
4 26 94.522
4 27 63.529
4 28 99.846
4 29 10.08
5 6 46.184
5 7 67.323
5 8 35.193
5 9 43.737
5 10 95.277
5 11 56.511
5 12 78.676
5 13 46.612
5 14 53.057
5 15 83.579
5 16 93.143
5 17 25.829
5 18 52.499
5 19 44.307
5 20 29.712
5 21 86.077
5 22 78.99
5 23 60.018
5 24 52.547
5 25 84.238
5 26 51.413
5 27 55.875
5 28 75.465
5 29 92.821
6 7 61.48
6 8 30.176
6 9 12.946
6 10 14.406
6 11 49.059
6 12 45.981
6 13 58.707
6 14 95.049
6 15 17.263
6 16 74.612
6 17 53.459
6 18 44.691
6 19 46.686
6 20 61.146
6 21 12.229
6 22 69.195
6 23 65.18
6 24 51.266
6 25 53.473
6 26 91.665
6 27 43.246
6 28 85.144
6 29 38.4
7 8 56.9
7 9 31.085
7 10 61.44
7 11 13.74
7 12 94.019
7 13 0.709
7 14 8.143
7 15 69.3
7 16 99.715
7 17 36.511
7 18 45.687
7 19 33.723
7 20 23.188
7 21 81.487
7 22 2.858
7 23 58.634
7 24 37.163
7 25 64.186
7 26 5.646
7 27 9.435
7 28 16.741
7 29 78.292
8 9 65.651
8 10 44.958
8 11 57.589
8 12 64.691
8 13 30.439
8 14 84.665
8 15 18.244
8 16 81.311
8 17 38.305
8 18 70.213
8 19 70.499
8 20 99.143
8 21 1.115
8 22 79.163
8 23 52.709
8 24 37.534
8 25 78.5
8 26 93.091
8 27 55.317
8 28 24.933
8 29 51.607
9 10 40.855
9 11 3.05
9 12 15.818
9 13 94.722
9 14 45.199
9 15 8.107
9 16 92.424
9 17 74.212
9 18 69.439
9 19 14.57
9 20 18.815
9 21 47.616
9 22 15.635
9 23 84.563
9 24 52.381
9 25 49.6
9 26 40.876
9 27 99.454
9 28 74.285
9 29 75.404
10 11 9.967
10 12 93.256
10 13 85.4
10 14 74.72
10 15 0.496
10 16 88.579
10 17 0.885
10 18 93.113
10 19 11.938
10 20 98.086
10 21 2.256
10 22 1.532
10 23 19.259
10 24 98.358
10 25 69.595
10 26 81.853
10 27 82.679
10 28 36.923
10 29 65.969
11 12 49.996
11 13 93.304
11 14 83.47
11 15 20.926
11 16 22.933
11 17 54.087
11 18 48.901
11 19 18.916
11 20 38.046
11 21 98.021
11 22 55.884
11 23 13.478
11 24 54.276
11 25 62.51
11 26 17.135
11 27 2.843
11 28 47.204
11 29 31.202
12 13 90.117
12 14 69.969
12 15 16.583
12 16 90.769
12 17 46.538
12 18 73.366
12 19 42.23
12 20 1.963
12 21 10.497
12 22 86.894
12 23 56.328
12 24 66.126
12 25 98.733
12 26 79.566
12 27 94.145
12 28 27.161
12 29 95.217
13 14 22.913
13 15 13.358
13 16 17.636
13 17 99.471
13 18 25.841
13 19 44.79
13 20 22.745
13 21 38.896
13 22 85.598
13 23 19.33
13 24 28.327
13 25 58.96
13 26 8.319
13 27 53.222
13 28 60.231
13 29 62.078
14 15 14.334
14 16 87.461
14 17 94.564
14 18 63.738
14 19 6.187
14 20 59.579
14 21 82.94
14 22 30.544
14 23 36.596
14 24 64.274
14 25 35.992
14 26 91.676
14 27 67.393
14 28 54.155
14 29 99.245
15 16 26.426
15 17 64.891
15 18 81.61
15 19 82.511
15 20 36.851
15 21 77.845
15 22 73.073
15 23 51.691
15 24 12.498
15 25 57.859
15 26 54.107
15 27 50.366
15 28 92.664
15 29 95.262
16 17 76.142
16 18 98.635
16 19 42.422
16 20 54.511
16 21 1.708
16 22 62.136
16 23 37.307
16 24 51.406
16 25 76.223
16 26 99.516
16 27 4.96
16 28 60.863
16 29 9.928
17 18 57.422
17 19 85.71
17 20 7.885
17 21 94.005
17 22 72.974
17 23 35.884
17 24 11.405
17 25 74.466
17 26 94.838
17 27 97.391
17 28 91.424
17 29 17.71
18 19 32.341
18 20 35.599
18 21 64.643
18 22 83.942
18 23 47.438
18 24 88.419
18 25 18.747
18 26 82.388
18 27 82.19
18 28 54.405
18 29 76.123
19 20 58.375
19 21 35.875
19 22 22.085
19 23 79.372
19 24 1.976
19 25 0.683
19 26 3.234
19 27 87.19
19 28 65.541
19 29 50.644
20 21 77.363
20 22 50.189
20 23 61.237
20 24 63.815
20 25 40.282
20 26 43.202
20 27 89.854
20 28 61.105
20 29 3.934
21 22 61.815
21 23 43.958
21 24 10.168
21 25 34.047
21 26 78.566
21 27 38.19
21 28 60.924
21 29 22.191
22 23 9.603
22 24 66.144
22 25 24.061
22 26 20.41
22 27 69.795
22 28 76.49
22 29 84.891
23 24 53.403
23 25 32.195
23 26 47.605
23 27 12.204
23 28 17.503
23 29 79.129
24 25 37.174
24 26 74.219
24 27 27.943
24 28 61.075
24 29 13.295
25 26 14.557
25 27 27.403
25 28 86.329
25 29 17.41
26 27 61.39
26 28 33.001
26 29 10.471
27 28 95.658
27 29 78.737
28 29 22.723