30
0 20 20.02
0 20 24.398
0 20 18.858
0 20 48.575
0 20 88.162
0 20 63.743
0 20 79.392
0 20 58.897
0 20 56.138
0 20 43.753
0 20 82.695
0 20 71.899
0 20 25.055
0 20 63.436
0 20 84.137
0 20 46.06
0 20 73.345
0 20 97.044
0 20 93.509
0 20 19.507
0 6 18.433
0 6 71.226
0 6 57.166
0 6 87.015
0 6 66.03
0 6 81.961
0 6 75.702
0 6 52.199
0 6 20.254
0 6 75.457
0 6 64.172
0 6 19.263
0 8 60.512
0 8 91.527
0 8 43.152
0 8 96.807
0 8 86.426
0 8 95.689
0 8 28.844
0 8 83.553
0 8 85.667
0 8 25.613
0 8 30.935
0 8 14.692
0 8 88.302
0 8 78.087
0 8 78.958
0 8 14.491
0 8 17.698
0 27 19.09
0 27 24.625
0 27 46.146
0 27 52.312
0 27 45.635
0 27 53.449
0 27 13.183
0 27 95.589
0 27 24.346
0 27 28.154
0 27 20.639
0 27 63.486
0 27 73.282
0 27 23.862
0 27 90.122
0 27 44.331
0 27 37.175
0 27 64.877
0 27 29.05
0 27 62.354
0 24 57.944
0 24 93.6
0 24 54.488
0 24 33.801
0 24 51.378
0 24 49.693
0 24 73.256
0 24 86.31
0 24 66.262
0 24 74.084
0 24 68.587
0 24 89.557
0 24 98.832
0 24 88.899
0 24 25.197
0 24 67.836
0 5 15.119
0 5 25.756
0 5 54.658
0 5 73.711
0 5 75.912
0 5 46.767
0 5 35.585
0 5 47.344
0 5 70.544
0 5 20.506
0 5 43.719
0 5 31.558
0 5 66.62
0 5 43.259
0 5 51.826
0 5 33.664
0 5 79.005
0 5 28.631
0 16 51.246
0 16 82.041
0 16 80.79
0 16 82.254
0 16 93.719
0 16 19.687
0 16 49.832
0 16 12.857
0 16 65.463
0 16 92.048
0 16 50.738
0 16 61.054
0 16 98.358
0 16 45.761
0 16 71.652
0 26 70.108
0 26 54.255
0 26 72.604
0 26 73.423
0 26 25.636
0 26 69.185
0 26 16.116
0 26 48.223
0 26 84.497
0 26 54.903
0 26 82.217
0 26 38.005
0 3 90.074
0 3 42.138
0 3 28.626
0 3 68.843
0 3 72.643
0 3 86.374
0 3 36.188
0 3 96.191
0 3 79.065
0 3 76.643
0 3 81.428
0 3 32.657
0 10 40.02
0 10 25.469
0 10 63.727
0 10 90.281
0 10 19.238
0 10 83.57
0 10 35.813
0 10 17.241
0 10 86.759
0 10 13.975
0 10 63.328
0 10 81.272
0 10 99.679
0 10 28.339
0 10 24.255
0 10 38.246
0 10 77.961
0 10 57.94
0 21 20.381
0 21 94.051
0 21 62.729
0 21 88.202
0 21 48.4
0 21 72.718
0 21 73.071
0 21 29.937
0 21 99.198
0 21 70.205
0 21 47.792
0 21 16.251
0 21 24.635
0 21 51.653
0 21 75.94
0 21 39.252
0 13 10.152
0 13 95.465
0 13 63.722
0 13 66.402
0 13 87.068
0 13 74.601
0 13 34.943
0 13 86.075
0 13 98.756
0 13 58.236
0 13 62.757
0 13 41.223
0 13 46.646
0 13 80.868
0 7 82.591
0 7 34.714
0 7 86.462
0 7 52.433
0 7 74.881
0 7 32.741
0 7 36.288
0 7 44.476
0 7 61.812
0 7 73.311
0 7 40.408
0 7 66.424
0 7 57.849
0 7 98.719
0 7 81.734
0 7 94.195
0 7 95.33
0 7 74.286
0 7 33.906
0 7 25.464
0 7 37.972
0 7 45.442
0 7 16.977
0 7 99.48
0 7 40.256
0 7 28.295
0 7 70.345
0 7 35.508
0 22 44.997
0 22 79.523
0 22 97.583
0 22 65.333
0 22 23.294
0 22 94.375
0 22 52.366
0 22 16.457
0 22 68.391
0 22 42.627
0 22 90.129
0 22 78.258
0 22 64.303
0 22 74.755
0 22 20.8
0 22 84.154
0 22 61.329
0 22 65.991
0 22 99.277
0 22 81.007
0 0 56.496
0 0 38.682
0 0 31.66
0 0 13.164
0 0 79.722
0 0 57.341
0 0 42.291
0 0 45.267
0 0 19.12
0 2 61.666
0 2 93.216
0 2 36.509
0 2 42.193
0 2 53.656
0 2 94.764
0 2 96.186
0 2 66.6
0 2 36.76
0 2 88.52
0 2 95.966
0 2 68.944
0 2 37.194
0 2 33.348
0 9 73.269
0 9 33.033
0 9 45.834
0 9 54.763
0 9 43.079
0 9 40.398
0 9 99.265
0 9 70.948
0 9 57.195
0 9 79.631
0 9 20.302
0 9 25.673
0 9 69.324
0 9 62.248
0 9 13.247
0 9 80.629
0 9 80.503
0 9 79.015
0 23 99.962
0 23 79.072
0 23 52.254
0 23 22.751
0 23 37.676
0 23 47.769
0 23 30.139
0 23 16.786
0 23 22.96
0 23 36.237
0 23 46.674
0 23 42.654
0 23 14.38
0 23 40.408
0 23 36.708
0 23 49.511
0 23 54.908
0 15 93.939
0 15 42.242
0 15 43.203
0 15 37.1
0 15 38.857
0 15 59.817
0 15 55.165
0 15 82.393
0 15 90.831
0 15 44.543
0 15 97.487
0 15 61.082
0 15 37.914
0 15 57.923
0 15 68.402
0 15 53.242
0 15 64.526
0 15 37.308
0 15 77.625
0 4 55.206
0 4 57.651
0 4 39.517
0 4 19.83
0 4 82.52
0 4 11.505
0 4 29.007
0 4 28.608
0 4 67.656
0 4 20.742
0 4 55.521
0 4 39.44
0 4 33.52
0 4 94.474
0 4 91.327
0 4 22.486
0 1 14.552
0 1 41.675
0 1 73.52
0 1 48.133
0 1 30.679
0 1 63.072
0 1 90.719
0 1 42.281
0 1 86.463
0 1 13.591
0 1 90.727
0 1 80.556
0 1 53.377
0 1 79.437
0 1 25.502
0 1 93.238
0 1 31.365
0 1 26.802
0 1 98.303
0 1 64.406
0 1 82.301
0 1 95.426
0 1 58.847
0 11 88.625
0 11 26.558
0 11 96.452
0 11 74.777
0 11 37.728
0 11 98.317
0 11 73.028
0 11 27.625
0 11 24.031
0 11 75.075
0 28 14.735
0 28 78.304
0 28 92.02
0 28 62.814
0 28 67.05
0 28 68.447
0 28 10.65
0 28 97.878
0 28 86.711
0 28 73.364
0 28 56.591
0 28 99.036
0 28 85.933
0 19 88.595
0 19 66.876
0 19 18.875
0 19 68.986
0 19 58.536
0 19 17.523
0 19 94.41
0 19 96.595
0 19 90.484
0 19 29.892
0 14 13.932
0 14 40.151
0 14 82.432
0 14 11.064
0 14 23.693
0 14 77.44
0 14 70.05
0 14 17.552
0 14 96.309
0 14 45.027
0 14 42.331
0 14 68.378
0 14 17.088
0 14 71.096
0 14 80.385
0 29 17.31
0 29 81.629
0 29 42.434
0 29 53.26
0 29 39.751
0 29 99.107
0 29 36.325
0 29 48.313
0 29 70.552
0 29 28.06
0 29 97.314
0 29 35.619
0 29 40.596
0 29 27.921
0 29 26.161
0 29 96.762
0 29 75.288
0 29 81.158
0 29 52.862
0 29 83.81
0 18 36.266
0 18 34.061
0 18 47.058
0 18 97.312
0 18 99.885
0 18 63.142
0 18 19.175
0 18 84.796
0 18 22.836
0 18 30.441
0 18 93.725
0 25 95.92
0 25 33.869
0 25 60.181
0 25 75.368
0 25 49.799
0 25 15.994
0 25 37.239
0 25 34.224
0 25 58.365
0 25 95.525
0 25 76.867
0 12 22.947
0 12 44.791
0 12 84.558
0 12 39.869
0 12 41.21
0 12 84.884
0 12 46.147
0 12 18.17
0 12 35.644
0 12 63.566
0 12 70.964
0 12 64.973
0 12 53.577
0 12 45.675
0 12 19.261
0 12 23.772
0 12 53.083
0 12 51.98
0 12 72.104
0 12 38.066
0 12 37.016
0 12 84.821
0 17 73.823
0 17 13.334
0 17 97.804
0 17 75.398
0 17 15.495
0 17 20.318
0 17 24.288
0 17 96.549
1 23 34.753
1 23 59.79
1 23 90.903
1 23 21.361
1 23 62.815
1 23 82.536
1 23 29.694
1 23 62.297
1 23 89.0
1 23 69.416
1 23 51.782
1 23 17.615
1 23 34.648
1 23 45.623
1 23 37.479
1 20 75.676
1 20 44.819
1 20 19.113
1 20 88.376
1 20 39.166
1 20 55.039
1 20 15.444
1 20 18.716
1 20 73.246
1 20 64.391
1 20 48.18
1 20 18.396
1 20 93.174
1 20 40.365
1 20 62.157
1 20 10.717
1 20 87.622
1 27 69.514
1 27 51.553
1 27 71.583
1 27 45.681
1 27 82.853
1 27 56.297
1 27 30.673
1 27 37.389
1 27 85.743
1 27 57.511
1 27 44.232
1 27 19.366
1 27 88.88
1 27 90.025
1 27 42.704
1 27 45.864
1 27 76.713
1 8 50.807
1 8 50.934
1 8 37.393
1 8 68.602
1 8 22.612
1 8 30.236
1 8 17.895
1 8 58.04
1 8 28.187
1 8 34.435
1 8 63.664
1 8 17.402
1 8 42.134
1 8 44.241
1 8 74.464
1 8 20.649
1 8 12.657
1 8 11.451
1 21 47.994
1 21 85.45
1 21 19.717
1 21 18.415
1 21 66.258
1 21 98.448
1 21 56.374
1 21 55.658
1 21 92.504
1 21 86.483
1 21 95.578
1 21 66.336
1 21 55.974
1 21 86.212
1 21 41.126
1 21 20.822
1 26 31.678
1 26 22.333
1 26 10.834
1 26 38.821
1 26 66.125
1 26 70.173
1 26 88.998
1 26 11.135
1 26 60.193
1 26 51.343
1 26 76.191
1 26 59.362
1 26 37.132
1 26 85.166
1 26 66.651
1 26 30.71
1 26 10.894
1 4 21.555
1 4 12.198
1 4 32.026
1 4 74.371
1 4 65.27
1 4 43.767
1 4 47.147
1 4 70.627
1 4 49.642
1 4 62.293
1 4 28.179
1 4 12.59
1 4 54.929
1 4 22.16
1 4 82.613
1 4 87.971
1 4 64.664
1 4 64.052
1 4 13.286
1 4 73.508
1 16 30.605
1 16 17.21
1 16 28.661
1 16 19.552
1 16 56.423
1 16 87.729
1 16 66.321
1 16 82.371
1 16 11.712
1 16 28.23
1 16 92.993
1 16 97.264
1 16 17.613
1 16 90.555
1 16 17.541
1 16 28.942
1 16 28.696
1 12 75.539
1 12 38.295
1 12 17.712
1 12 11.167
1 12 54.23
1 12 26.06
1 12 33.372
1 25 62.126
1 25 82.969
1 25 75.452
1 25 92.255
1 25 44.958
1 25 91.323
1 25 36.516
1 25 44.452
1 25 91.76
1 25 52.36
1 25 98.964
1 25 11.904
1 25 78.98
1 25 64.134
1 25 49.004
1 25 65.26
1 25 71.382
1 25 33.492
1 25 20.94
1 29 82.586
1 29 99.873
1 29 15.186
1 29 65.605
1 29 53.488
1 29 80.542
1 29 44.734
1 29 25.498
1 29 51.08
1 29 10.424
1 29 73.079
1 29 86.625
1 29 40.984
1 29 19.398
1 29 49.496
1 29 35.268
1 29 66.549
1 29 99.309
1 29 43.258
1 29 88.969
1 2 74.219
1 2 33.414
1 2 52.301
1 2 70.657
1 2 37.937
1 2 95.071
1 2 94.112
1 2 19.081
1 2 50.18
1 2 55.624
1 2 24.971
1 2 39.996
1 2 91.42
1 2 43.553
1 2 25.918
1 2 42.318
1 2 12.308
1 2 46.765
1 2 20.464
1 6 17.705
1 6 57.683
1 6 48.104
1 6 34.658
1 6 23.126
1 6 85.167
1 6 27.381
1 6 51.433
1 6 15.962
1 6 22.985
1 6 43.179
1 6 67.093
1 6 59.135
1 28 59.802
1 28 84.271
1 28 88.131
1 28 59.332
1 28 21.51
1 28 61.504
1 28 86.321
1 28 90.73
1 28 27.087
1 28 35.892
1 28 33.58
1 28 10.966
1 28 21.896
1 28 38.223
1 28 59.807
1 28 79.067
1 28 71.816
1 15 19.233
1 15 43.061
1 15 90.033
1 15 63.443
1 15 50.476
1 15 44.73
1 15 82.489
1 15 22.64
1 15 78.916
1 15 64.734
1 15 35.067
1 15 93.397
1 15 74.004
1 15 90.342
1 15 81.714
1 15 27.779
1 15 15.521
1 15 38.312
1 15 29.137
1 15 20.148
1 15 35.943
1 15 11.696
1 15 22.328
1 15 71.382
1 5 32.723
1 5 62.162
1 5 77.899
1 5 46.204
1 5 89.61
1 5 43.319
1 5 27.926
1 5 50.895
1 5 12.133
1 5 24.224
1 5 81.087
1 5 11.774
1 5 54.132
1 5 93.084
1 5 48.577
1 5 61.844
1 5 97.13
1 5 49.904
1 5 63.62
1 5 43.681
1 14 16.406
1 14 84.59
1 14 26.387
1 14 19.223
1 14 53.812
1 14 42.972
1 14 78.441
1 14 90.144
1 14 88.687
1 14 51.369
1 14 97.267
1 14 58.369
1 14 94.984
1 14 22.587
1 14 55.344
1 14 47.265
1 14 95.243
1 14 68.171
1 18 28.32
1 18 39.88
1 18 21.753
1 18 45.671
1 18 76.092
1 18 40.395
1 18 84.409
1 18 26.251
1 18 16.06
1 18 82.12
1 18 37.766
1 18 89.695
1 18 15.846
1 18 33.488
1 18 82.519
1 9 55.798
1 9 50.476
1 9 40.876
1 9 36.542
1 9 55.223
1 9 51.521
1 9 47.46
1 9 51.774
1 9 96.741
1 9 89.304
1 9 11.398
1 9 99.123
1 9 70.078
1 9 23.353
1 19 88.376
1 19 89.581
1 19 51.409
1 19 38.668
1 19 45.329
1 19 13.63
1 19 71.273
1 19 36.838
1 19 75.771
1 19 49.737
1 19 40.047
1 19 28.818
1 19 88.544
1 19 40.861
1 19 11.215
1 19 77.23
1 19 91.229
1 19 23.208
1 24 48.064
1 24 81.03
1 24 87.922
1 24 25.175
1 24 27.991
1 24 84.128
1 24 48.812
1 24 95.899
1 24 16.895
1 24 30.941
1 24 51.829
1 11 29.847
1 11 70.873
1 11 29.324
1 11 15.7
1 11 87.433
1 11 53.677
1 11 93.833
1 11 87.363
1 11 57.05
1 11 36.822
1 11 88.577
1 11 73.675
1 11 92.023
1 11 31.63
1 11 85.047
1 13 50.547
1 13 61.325
1 13 49.148
1 13 81.266
1 13 92.01
1 13 37.726
1 13 47.264
1 13 18.793
1 13 13.605
1 13 29.285
1 13 45.225
1 13 46.093
1 13 39.958
1 13 47.172
1 13 22.38
1 13 23.475
1 13 65.855
1 13 41.197
1 13 24.125
1 13 56.112
1 10 17.335
1 10 95.867
1 10 18.983
1 10 97.313
1 10 47.963
1 10 61.391
1 10 58.594
1 10 98.526
1 10 28.741
1 10 98.041
1 10 68.252
1 10 22.548
1 10 79.309
1 10 11.429
1 10 17.363
1 10 86.122
1 10 31.573
1 10 98.022
1 10 23.743
1 10 48.045
1 10 64.376
1 10 68.06
1 10 40.424
1 10 69.455
1 10 98.144
1 3 85.526
1 3 50.803
1 3 97.53
1 3 50.386
1 3 65.557
1 3 18.023
1 3 57.832
1 3 85.877
1 3 12.372
1 3 69.093
1 3 30.2
1 3 21.403
1 3 23.139
1 22 74.698
1 22 15.738
1 22 78.256
1 22 45.394
1 22 78.677
1 22 81.311
1 22 22.09
1 22 17.451
1 22 98.012
1 22 34.797
1 22 31.847
1 7 29.722
1 7 10.246
1 7 33.668
1 7 98.181
1 7 10.076
1 7 16.563
1 7 10.09
1 7 96.287
1 7 20.561
1 7 31.339
1 7 26.358
1 7 98.903
1 7 28.107
1 7 82.901
1 7 79.421
1 7 64.639
1 7 25.769
1 17 60.105
1 17 26.302
1 17 10.453
1 17 51.514
1 17 63.378
1 17 62.204
1 17 57.004
1 17 67.724
1 17 22.031
1 17 72.795
1 17 78.519
1 1 23.833
1 1 41.997
2 7 22.558
2 7 98.554
2 7 34.454
2 7 47.338
2 7 93.152
2 7 97.263
2 7 14.569
2 7 70.49
2 7 54.962
2 7 47.783
2 7 87.093
2 7 80.563
2 7 65.367
2 7 76.543
2 7 46.682
2 7 71.039
2 7 29.072
2 7 11.93
2 7 28.68
2 17 44.193
2 17 97.02
2 17 31.129
2 17 39.521
2 17 70.407
2 17 59.5
2 17 49.516
2 17 16.583
2 17 53.538
2 17 99.216
2 17 77.233
2 17 79.817
2 17 95.027
2 17 36.85
2 17 85.199
2 17 17.566
2 17 26.503
2 17 27.86
2 29 86.979
2 29 74.895
2 29 43.742
2 29 42.501
2 29 20.446
2 29 85.53
2 29 83.635
2 29 97.265
2 29 54.255
2 29 16.915
2 29 92.557
2 29 50.579
2 29 71.914
2 29 55.628
2 29 15.375
2 29 18.624
2 29 74.151
2 26 42.835
2 26 87.092
2 26 43.623
2 26 51.78
2 26 22.935
2 26 42.734
2 26 35.29
2 26 99.925
2 26 83.49
2 6 64.822
2 6 45.619
2 6 93.0
2 6 43.363
2 6 51.208
2 6 37.024
2 6 61.438
2 6 75.121
2 6 15.119
2 6 63.9
2 6 19.704
2 6 20.072
2 6 98.584
2 6 67.996
2 6 83.516
2 6 31.167
2 16 28.988
2 16 55.409
2 16 46.972
2 16 51.151
2 16 43.466
2 16 33.665
2 16 52.5
2 16 97.895
2 16 38.947
2 16 56.289
2 16 34.651
2 16 28.32
2 16 34.88
2 16 98.492
2 16 62.859
2 28 78.02
2 28 75.872
2 28 47.106
2 28 61.011
2 28 71.137
2 28 14.153
2 28 35.912
2 28 53.787
2 28 44.703
2 28 82.668
2 28 92.454
2 28 10.701
2 28 58.585
2 28 49.187
2 2 44.629
2 2 79.166
2 2 62.445
2 2 29.413
2 2 36.507
2 2 92.021
2 2 62.287
2 2 58.098
2 2 32.518
2 2 26.425
2 15 95.216
2 15 73.706
2 15 11.416
2 15 68.426
2 15 89.359
2 15 40.416
2 15 27.971
2 15 82.204
2 15 77.22
2 15 32.507
2 15 19.759
2 15 10.596
2 15 20.491
2 15 26.379
2 15 72.559
2 15 24.86
2 15 33.735
2 15 40.813
2 12 40.428
2 12 93.373
2 12 99.453
2 12 99.155
2 12 26.935
2 12 36.935
2 12 63.271
2 12 44.929
2 12 13.49
2 12 86.63
2 12 17.215
2 12 38.251
2 12 78.084
2 12 33.146
2 12 45.009
2 12 65.172
2 12 97.9
2 12 44.62
2 12 54.162
2 12 76.88
2 25 87.551
2 25 20.895
2 25 87.59
2 25 57.114
2 25 56.735
2 25 54.987
2 25 43.929
2 25 28.618
2 25 71.729
2 25 85.919
2 25 58.014
2 25 81.302
2 25 31.427
2 25 35.362
2 25 97.112
2 25 19.016
2 25 90.44
2 25 36.525
2 25 82.622
2 5 16.167
2 5 95.399
2 5 21.357
2 5 13.951
2 5 34.748
2 5 52.621
2 5 21.085
2 5 80.157
2 5 51.319
2 5 83.157
2 5 13.179
2 5 54.27
2 5 29.27
2 5 79.178
2 5 25.724
2 5 92.53
2 5 40.584
2 5 95.83
2 5 52.279
2 5 49.066
2 5 88.382
2 5 36.392
2 5 66.825
2 3 70.769
2 3 88.677
2 3 90.934
2 3 49.304
2 3 98.752
2 3 41.313
2 3 38.202
2 3 52.37
2 3 71.695
2 3 47.305
2 3 34.106
2 3 81.723
2 3 39.642
2 3 42.643
2 3 97.451
2 3 26.709
2 18 58.387
2 18 22.668
2 18 67.648
2 18 19.208
2 18 16.592
2 18 15.767
2 18 29.585
2 18 38.427
2 18 76.317
2 18 82.691
2 18 79.996
2 18 57.892
2 18 54.367
2 18 49.64
2 18 55.315
2 18 39.393
2 18 80.474
2 21 89.134
2 21 74.749
2 21 22.729
2 21 56.017
2 21 27.798
2 21 18.01
2 21 32.389
2 21 33.963
2 21 82.009
2 21 57.144
2 21 65.34
2 21 53.392
2 21 59.353
2 21 56.738
2 21 25.705
2 21 18.585
2 21 25.533
2 21 45.106
2 8 35.358
2 8 67.086
2 8 52.328
2 8 47.394
2 8 32.465
2 8 81.928
2 8 40.266
2 8 29.493
2 8 16.08
2 8 89.669
2 8 31.194
2 8 43.035
2 8 19.756
2 8 88.948
2 8 78.215
2 4 50.987
2 4 22.454
2 4 67.186
2 4 68.02
2 4 41.032
2 4 21.279
2 4 86.595
2 4 53.036
2 4 71.599
2 4 34.117
2 4 20.825
2 4 21.647
2 4 95.339
2 4 24.58
2 4 73.12
2 4 65.174
2 4 39.415
2 4 24.741
2 4 20.854
2 4 97.123
2 4 88.288
2 4 32.886
2 4 43.89
2 4 42.654
2 4 40.971
2 4 24.998
2 4 62.771
2 11 80.311
2 11 32.829
2 11 88.929
2 11 59.463
2 11 21.414
2 11 14.889
2 11 87.08
2 11 66.413
2 11 70.425
2 11 80.997
2 11 41.699
2 11 80.398
2 11 72.727
2 20 35.104
2 20 30.603
2 20 18.745
2 20 40.176
2 20 12.807
2 20 55.285
2 20 58.085
2 20 39.075
2 20 30.075
2 20 92.317
2 20 78.558
2 23 46.579
2 23 81.161
2 23 18.21
2 23 69.013
2 23 26.828
2 23 23.459
2 23 79.177
2 23 59.244
2 23 38.233
2 23 58.104
2 23 67.959
2 23 63.298
2 23 20.985
2 23 89.847
2 23 52.678
2 23 57.257
2 23 52.86
2 23 73.613
2 23 40.4
2 24 24.135
2 24 18.391
2 24 77.15
2 24 61.492
2 24 24.259
2 24 71.07
2 24 74.321
2 24 14.413
2 24 97.061
2 24 34.956
2 24 11.434
2 24 11.983
2 24 74.594
2 24 28.336
2 24 70.035
2 24 79.213
2 24 42.21
2 24 14.922
2 24 22.72
2 24 89.496
2 24 94.128
2 24 95.666
2 9 15.367
2 9 71.975
2 9 25.139
2 9 67.768
2 9 90.845
2 9 91.011
2 9 56.5
2 9 26.417
2 9 54.735
2 9 68.301
2 9 82.401
2 9 52.652
2 9 87.936
2 9 80.857
2 9 50.824
2 9 84.912
2 9 61.428
2 9 24.909
2 9 40.378
2 9 95.575
2 9 28.67
2 9 41.218
2 9 65.402
2 13 39.998
2 13 97.101
2 13 81.26
2 13 45.711
2 13 66.279
2 13 75.122
2 13 45.867
2 13 36.498
2 13 59.685
2 13 87.128
2 13 93.984
2 13 69.711
2 13 30.98
2 13 63.36
2 13 79.312
2 13 67.949
2 13 74.188
2 13 21.914
2 13 43.812
2 19 71.482
2 19 68.836
2 19 36.584
2 19 14.953
2 19 61.447
2 19 23.562
2 19 52.125
2 19 20.275
2 19 38.024
2 19 17.63
2 19 15.597
2 19 45.577
2 19 48.376
2 19 19.247
2 19 39.44
2 19 63.961
2 19 77.999
2 10 31.921
2 10 99.831
2 10 63.719
2 10 87.782
2 10 41.469
2 10 66.447
2 10 13.364
2 10 89.152
2 10 18.038
2 10 56.701
2 10 63.965
2 10 27.446
2 10 51.242
2 22 91.873
2 22 22.769
2 22 45.736
2 22 92.779
2 22 40.653
2 22 83.95
2 22 76.826
2 22 89.779
2 22 97.16
2 22 84.01
2 22 63.187
2 22 78.937
2 22 22.035
2 22 28.955
2 22 30.841
2 22 41.404
2 22 90.546
2 22 41.37
2 22 14.772
2 22 49.738
2 22 21.447
2 22 95.492
2 22 55.406
2 22 60.878
2 22 43.413
2 14 13.385
2 14 74.444
2 14 82.946
2 14 59.778
2 14 15.055
2 14 53.53
2 14 22.788
2 14 53.76
2 14 19.843
2 14 37.367
2 14 54.832
2 14 69.477
2 14 72.824
2 14 16.141
2 14 82.535
2 14 87.805
2 14 90.636
2 14 37.835
2 14 10.619
2 14 91.553
2 27 53.68
2 27 45.532
2 27 70.797
2 27 34.726
2 27 14.915
2 27 11.443
2 27 87.174
2 27 80.239
2 27 17.15
3 3 70.903
3 3 12.332
3 3 22.203
3 3 85.171
3 3 91.348
3 3 16.377
3 3 98.181
3 3 50.559
3 3 39.271
3 3 58.813
3 11 41.974
3 11 32.312
3 11 81.379
3 11 84.853
3 11 37.921
3 11 51.584
3 11 59.142
3 11 16.678
3 11 97.525
3 11 28.502
3 11 29.747
3 11 93.361
3 11 10.711
3 11 58.64
3 11 27.587
3 11 25.816
3 11 58.64
3 11 26.021
3 19 99.651
3 19 86.476
3 19 29.923
3 19 38.129
3 19 35.644
3 19 67.509
3 19 21.58
3 19 61.613
3 19 16.391
3 19 17.785
3 19 98.778
3 19 83.763
3 19 69.805
3 19 51.642
3 19 66.281
3 19 80.873
3 19 55.396
3 19 62.051
3 19 13.523
3 19 32.612
3 19 31.67
3 19 68.5
3 19 58.324
3 19 93.277
3 7 71.354
3 7 27.243
3 7 22.58
3 7 41.066
3 7 29.363
3 7 74.18
3 7 93.649
3 7 38.962
3 7 55.184
3 7 91.43
3 7 12.901
3 7 51.003
3 7 54.743
3 7 38.484
3 7 85.133
3 7 39.184
3 7 34.398
3 7 97.832
3 7 14.305
3 7 69.353
3 7 14.422
3 7 86.788
3 7 47.676
3 7 87.21
3 10 36.415
3 10 90.372
3 10 29.049
3 10 97.317
3 10 90.474
3 10 55.488
3 10 46.882
3 10 43.171
3 10 32.562
3 10 28.007
3 10 21.622
3 10 11.588
3 10 37.796
3 10 49.14
3 10 80.446
3 10 69.873
3 10 21.376
3 10 55.207
3 10 82.332
3 23 93.619
3 23 76.333
3 23 84.937
3 23 50.68
3 23 98.662
3 23 85.834
3 23 33.279
3 23 46.07
3 23 23.93
3 23 33.621
3 23 83.992
3 23 68.413
3 23 30.307
3 23 94.099
3 23 10.867
3 23 55.773
3 23 78.657
3 5 33.855
3 5 76.291
3 5 47.197
3 5 66.356
3 5 73.646
3 5 93.719
3 5 98.596
3 5 61.388
3 5 87.813
3 5 92.135
3 5 59.903
3 5 91.768
3 5 55.775
3 5 42.003
3 5 26.183
3 5 38.36
3 5 14.787
3 5 51.757
3 5 85.433
3 5 38.712
3 6 74.585
3 6 59.011
3 6 79.435
3 6 33.56
3 6 37.752
3 6 38.828
3 6 71.682
3 6 11.889
3 6 20.673
3 6 77.016
3 6 69.636
3 6 82.673
3 6 17.003
3 6 95.839
3 6 56.464
3 6 39.045
3 15 16.772
3 15 53.084
3 15 98.222
3 15 92.155
3 15 57.293
3 15 26.063
3 15 41.347
3 15 22.601
3 15 86.612
3 15 72.312
3 15 87.598
3 15 82.099
3 15 13.563
3 15 18.067
3 15 29.762
3 15 14.066
3 15 52.637
3 8 74.778
3 8 49.88
3 8 35.492
3 8 14.191
3 8 18.237
3 8 35.662
3 8 77.994
3 8 80.413
3 8 61.197
3 8 49.553
3 8 85.328
3 8 64.144
3 8 43.944
3 8 50.912
3 8 60.779
3 8 30.904
3 17 60.757
3 17 78.235
3 17 52.15
3 17 85.032
3 17 85.302
3 17 57.699
3 17 59.648
3 17 67.899
3 17 87.836
3 17 79.184
3 17 32.137
3 17 69.132
3 17 98.85
3 17 48.326
3 17 28.527
3 17 86.882
3 18 80.437
3 18 74.026
3 18 38.72
3 18 79.807
3 18 62.101
3 18 18.6
3 18 34.568
3 18 83.154
3 18 80.349
3 18 62.006
3 18 23.774
3 18 36.993
3 18 66.729
3 18 54.478
3 18 43.289
3 18 77.822
3 13 60.227
3 13 52.183
3 13 84.101
3 13 14.114
3 13 79.429
3 13 11.076
3 13 52.348
3 13 19.627
3 13 56.984
3 13 97.827
3 13 68.223
3 13 52.622
3 13 34.909
3 13 71.15
3 13 77.816
3 13 73.611
3 13 57.425
3 13 29.086
3 13 88.429
3 13 11.577
3 25 81.212
3 25 50.931
3 25 77.013
3 25 17.435
3 25 78.721
3 25 43.948
3 25 10.877
3 25 19.665
3 25 88.281
3 25 67.375
3 25 98.218
3 25 69.381
3 25 86.486
3 25 76.085
3 25 46.492
3 25 30.207
3 25 17.724
3 25 88.833
3 25 11.916
3 25 27.562
3 25 29.704
3 25 15.038
3 21 19.414
3 21 14.554
3 21 73.296
3 21 76.752
3 21 49.435
3 21 16.063
3 21 13.246
3 21 45.623
3 21 87.432
3 21 87.703
3 21 56.976
3 21 74.128
3 21 48.272
3 21 19.637
3 21 16.734
3 21 34.766
3 21 57.289
3 21 64.813
3 14 18.974
3 14 14.297
3 14 34.555
3 14 77.296
3 14 12.364
3 14 99.163
3 14 60.909
3 14 89.508
3 14 97.748
3 14 35.99
3 14 28.592
3 14 71.696
3 14 44.624
3 14 91.66
3 14 40.508
3 14 66.68
3 14 88.349
3 14 13.686
3 14 32.249
3 14 28.24
3 14 58.396
3 20 68.171
3 20 77.11
3 20 45.451
3 20 56.043
3 20 84.668
3 20 11.491
3 20 80.979
3 20 95.275
3 20 29.051
3 20 66.737
3 20 84.125
3 20 34.236
3 20 84.745
3 20 45.648
3 20 96.585
3 20 21.366
3 20 18.999
3 20 11.865
3 20 43.515
3 20 41.261
3 27 95.411
3 27 51.207
3 27 25.634
3 27 26.322
3 27 91.637
3 27 22.43
3 27 81.413
3 27 90.501
3 27 41.555
3 27 83.975
3 27 94.885
3 27 76.229
3 4 80.828
3 4 31.898
3 4 22.384
3 4 37.419
3 4 49.435
3 4 18.209
3 4 84.593
3 4 71.306
3 4 27.768
3 4 14.727
3 4 90.845
3 4 56.635
3 4 51.931
3 4 89.863
3 4 72.502
3 4 61.556
3 4 46.965
3 4 77.33
3 4 17.454
3 4 38.652
3 4 74.979
3 12 86.751
3 12 76.239
3 12 67.187
3 12 72.842
3 12 79.41
3 12 61.423
3 12 11.373
3 12 60.13
3 12 24.949
3 12 43.432
3 12 38.804
3 12 35.544
3 12 60.593
3 12 31.677
3 12 40.416
3 12 27.356
3 12 49.416
3 12 13.475
3 12 49.996
3 12 48.313
3 12 12.904
3 9 64.037
3 9 78.635
3 9 48.783
3 9 61.989
3 9 71.725
3 9 97.265
3 9 40.454
3 9 19.905
3 9 86.723
3 9 56.533
3 28 57.794
3 28 36.933
3 28 18.138
3 28 40.29
3 28 74.837
3 28 89.106
3 28 18.387
3 28 74.873
3 28 10.37
3 28 49.98
3 28 70.981
3 28 70.74
3 28 95.683
3 29 67.484
3 29 82.253
3 29 26.203
3 29 19.11
3 29 59.83
3 29 14.909
3 29 76.372
3 29 78.017
3 29 63.787
3 29 26.276
3 29 44.527
3 29 10.184
3 29 73.819
3 29 55.626
3 22 10.098
3 22 93.244
3 22 68.549
3 22 80.628
3 22 12.274
3 22 29.872
3 22 67.006
3 22 68.031
3 22 22.903
3 22 47.592
3 22 21.907
3 22 39.819
3 22 84.687
3 22 29.79
3 22 21.525
3 22 95.309
3 22 97.164
3 22 61.367
3 16 63.062
3 16 99.949
3 16 36.902
3 16 39.289
3 16 78.808
3 16 35.39
3 16 78.956
3 16 92.594
3 16 84.66
3 16 13.704
3 16 87.694
3 16 22.999
3 16 56.151
3 16 91.97
3 16 71.567
3 16 27.061
3 16 35.524
3 16 92.271
3 16 82.78
3 16 97.16
3 24 30.556
3 24 50.414
3 24 18.769
3 24 93.914
3 24 25.819
3 24 25.968
3 24 92.817
3 24 70.457
3 24 81.195
3 24 98.615
3 24 76.729
3 24 67.999
3 24 54.83
3 24 55.553
3 24 28.18
3 24 55.196
3 24 73.902
3 24 54.884
3 24 44.465
3 26 32.307
3 26 14.467
3 26 44.729
3 26 81.433
3 26 79.587
3 26 69.77
3 26 16.286
3 26 77.052
3 26 40.014
4 28 59.083
4 28 97.993
4 28 68.238
4 28 44.092
4 28 70.055
4 28 69.281
4 28 68.164
4 28 47.468
4 28 79.538
4 28 76.01
4 28 18.638
4 28 53.536
4 28 85.589
4 28 58.415
4 21 34.028
4 21 33.839
4 21 75.102
4 21 36.214
4 21 86.38
4 21 83.95
4 21 22.363
4 21 54.469
4 21 76.233
4 21 65.286
4 21 71.672
4 21 12.889
4 21 85.736
4 21 34.212
4 21 77.235
4 21 26.369
4 21 76.882
4 21 73.239
4 21 62.064
4 21 27.611
4 21 77.409
4 27 55.857
4 27 64.593
4 27 71.116
4 27 29.915
4 27 10.823
4 27 85.544
4 27 90.217
4 27 48.382
4 27 66.457
4 27 95.301
4 27 98.3
4 27 18.068
4 27 34.961
4 27 38.472
4 27 69.181
4 27 35.796
4 27 98.998
4 27 42.912
4 27 61.418
4 27 64.67
4 27 99.651
4 16 32.627
4 16 52.62
4 16 50.189
4 16 77.701
4 16 19.244
4 16 12.138
4 16 49.591
4 16 91.331
4 16 54.67
4 16 93.107
4 16 61.021
4 17 50.375
4 17 59.103
4 17 82.127
4 17 75.507
4 17 72.42
4 17 94.137
4 17 74.368
4 17 77.427
4 17 61.36
4 17 72.556
4 17 53.335
4 17 74.048
4 17 25.134
4 17 97.952
4 17 83.453
4 17 39.809
4 17 36.069
4 17 86.775
4 17 24.017
4 17 66.469
4 17 76.638
4 17 85.728
4 17 84.687
4 17 45.296
4 17 35.048
4 7 46.34
4 7 51.111
4 7 16.735
4 7 73.128
4 7 16.157
4 7 97.156
4 7 63.327
4 7 68.952
4 7 70.922
4 7 26.077
4 7 22.457
4 7 26.721
4 7 74.926
4 7 82.485
4 7 37.501
4 7 36.199
4 7 94.445
4 7 73.037
4 7 14.684
4 7 72.483
4 6 71.875
4 6 42.78
4 6 73.578
4 6 16.175
4 6 78.296
4 6 78.924
4 6 44.815
4 6 65.257
4 6 22.878
4 6 63.242
4 6 38.121
4 6 87.311
4 6 68.477
4 6 67.65
4 6 11.934
4 6 61.976
4 6 88.197
4 6 62.35
4 6 53.238
4 6 96.602
4 6 17.742
4 11 67.34
4 11 57.947
4 11 44.978
4 11 98.877
4 11 19.324
4 11 86.754
4 11 48.936
4 11 14.379
4 11 31.687
4 11 17.857
4 11 88.734
4 11 24.175
4 11 87.499
4 11 92.238
4 11 80.093
4 11 42.67
4 11 62.461
4 11 32.937
4 11 33.366
4 11 64.555
4 11 35.25
4 11 52.052
4 20 13.765
4 20 72.863
4 20 30.955
4 20 36.263
4 20 50.445
4 20 47.542
4 20 17.034
4 20 64.132
4 20 22.678
4 20 34.083
4 20 46.265
4 20 50.817
4 20 82.871
4 20 75.606
4 10 80.415
4 10 40.375
4 10 26.593
4 10 23.428
4 10 64.747
4 10 96.102
4 10 32.563
4 10 19.942
4 10 45.376
4 10 13.213
4 10 28.701
4 10 77.138
4 10 66.428
4 10 64.193
4 10 34.339
4 10 92.881
4 10 40.512
4 10 81.146
4 10 48.675
4 10 36.792
4 26 98.265
4 26 15.694
4 26 41.047
4 26 85.544
4 26 76.772
4 26 98.135
4 26 15.043
4 26 17.62
4 26 85.385
4 26 86.226
4 26 29.132
4 26 28.879
4 26 40.455
4 26 34.346
4 26 86.122
4 22 52.848
4 22 19.509
4 22 31.382
4 22 59.303
4 22 17.902
4 22 73.462
4 22 79.253
4 22 55.715
4 22 69.479
4 22 43.562
4 22 97.125
4 22 48.144
4 22 95.502
4 22 91.799
4 22 95.389
4 22 80.156
4 22 41.668
4 22 76.17
4 18 69.506
4 18 40.274
4 18 80.859
4 18 15.334
4 18 56.328
4 18 29.779
4 18 79.478
4 18 66.396
4 18 55.627
4 18 56.96
4 18 57.065
4 5 39.682
4 5 44.523
4 5 54.914
4 5 11.46
4 5 83.236
4 5 97.495
4 5 20.58
4 5 96.439
4 5 45.414
4 5 26.44
4 5 80.382
4 5 52.371
4 5 74.338
4 5 86.8
4 5 93.339
4 5 49.506
4 5 79.25
4 5 27.254
4 5 39.136
4 29 51.124
4 29 67.0
4 29 52.993
4 29 26.106
4 29 56.002
4 29 88.143
4 29 65.189
4 29 27.272
4 29 33.437
4 29 62.653
4 29 53.867
4 29 65.012
4 29 22.017
4 29 51.575
4 4 30.897
4 4 74.049
4 4 78.196
4 4 72.799
4 9 80.975
4 9 92.566
4 9 75.427
4 9 32.671
4 9 25.456
4 9 89.623
4 9 91.251
4 9 12.599
4 9 77.789
4 9 56.232
4 9 73.743
4 9 90.685
4 9 84.292
4 9 41.52
4 9 15.833
4 13 53.71
4 13 17.103
4 13 92.427
4 13 60.9
4 13 54.964
4 13 75.437
4 13 82.332
4 13 76.49
4 13 44.851
4 13 32.422
4 13 49.659
4 13 80.001
4 13 87.064
4 13 18.644
4 13 28.381
4 13 37.944
4 13 48.33
4 13 64.122
4 19 16.945
4 19 43.626
4 19 32.301
4 19 44.178
4 19 27.633
4 19 85.883
4 19 26.822
4 19 14.956
4 19 89.854
4 19 85.324
4 19 93.76
4 19 10.955
4 19 41.798
4 19 73.682
4 19 62.511
4 19 10.626
4 19 44.059
4 23 80.542
4 23 56.192
4 23 58.275
4 23 25.808
4 23 10.574
4 23 18.278
4 23 14.776
4 23 68.241
4 23 80.104
4 23 38.123
4 23 20.0
4 23 21.129
4 23 82.572
4 23 25.034
4 23 23.831
4 23 87.028
4 23 47.627
4 8 13.99
4 8 32.471
4 8 77.208
4 8 41.781
4 8 87.661
4 8 91.019
4 8 18.258
4 8 42.553
4 8 97.234
4 8 72.136
4 14 37.371
4 14 31.309
4 14 32.245
4 14 61.101
4 14 65.01
4 14 14.911
4 14 50.497
4 14 88.34
4 14 25.125
4 14 38.823
4 14 36.523
4 14 99.632
4 14 52.112
4 14 28.956
4 15 90.01
4 15 12.856
4 15 62.402
4 15 30.941
4 15 78.583
4 15 88.01
4 15 29.455
4 15 73.884
4 15 24.513
4 15 38.771
4 15 18.016
4 15 40.719
4 15 22.793
4 15 10.385
4 15 43.817
4 15 16.475
4 15 85.173
4 15 29.468
4 15 49.012
4 15 86.303
4 15 13.774
4 15 84.925
4 15 57.03
4 25 20.138
4 25 85.829
4 25 60.313
4 25 28.467
4 25 71.924
4 25 82.089
4 25 13.049
4 25 71.588
4 25 25.596
4 25 39.491
4 25 33.315
4 25 39.24
4 25 55.383
4 25 51.486
4 25 67.258
4 25 83.023
4 25 49.47
4 25 93.315
4 12 31.857
4 12 39.9
4 12 61.968
4 12 79.611
4 12 83.539
4 12 63.942
4 12 32.907
4 12 83.824
4 12 26.864
4 12 86.287
4 12 43.836
4 12 69.466
4 12 12.675
4 12 32.614
4 12 86.807
4 12 75.27
4 12 55.197
4 12 72.789
4 12 26.598
4 12 87.375
4 12 24.834
4 12 69.707
4 24 78.933
4 24 80.712
4 24 14.357
4 24 80.246
4 24 93.402
4 24 63.103
4 24 73.495
4 24 17.588
4 24 97.193
4 24 76.695
4 24 98.262
4 24 87.113
4 24 89.418
4 24 83.764
4 24 49.77
4 24 66.66
4 24 72.415
4 24 86.195
4 24 40.224
4 24 64.447
5 18 47.973
5 18 21.627
5 18 46.04
5 18 15.876
5 18 53.847
5 18 58.992
5 18 67.386
5 18 59.371
5 18 23.924
5 18 78.264
5 18 33.44
5 18 62.179
5 18 70.02
5 18 66.714
5 18 60.904
5 18 95.968
5 18 43.147
5 18 52.426
5 18 64.43
5 29 71.519
5 29 27.804
5 29 15.336
5 29 65.234
5 29 26.476
5 29 16.738
5 29 13.299
5 29 34.287
5 29 44.965
5 29 12.885
5 29 46.186
5 29 23.638
5 29 25.823
5 29 97.516
5 29 55.292
5 29 22.737
5 7 58.073
5 7 44.473
5 7 58.061
5 7 11.268
5 7 93.589
5 7 43.522
5 7 58.012
5 7 82.015
5 7 38.213
5 7 61.557
5 7 64.948
5 7 38.964
5 7 85.465
5 7 17.922
5 7 36.117
5 7 56.098
5 7 33.046
5 17 87.47
5 17 34.594
5 17 13.523
5 17 36.07
5 17 39.531
5 17 22.596
5 17 55.595
5 17 55.973
5 17 68.261
5 17 50.036
5 17 80.971
5 17 17.922
5 17 72.472
5 17 91.912
5 17 95.735
5 17 76.526
5 17 12.709
5 17 64.334
5 17 10.479
5 17 20.719
5 17 64.733
5 17 16.009
5 17 51.453
5 17 15.9
5 11 50.835
5 11 94.053
5 11 88.673
5 11 65.022
5 11 15.403
5 11 70.354
5 11 81.862
5 11 74.043
5 11 83.404
5 11 55.297
5 11 90.788
5 11 19.825
5 11 47.16
5 6 93.602
5 6 59.093
5 6 39.724
5 6 43.899
5 6 69.635
5 6 53.301
5 6 80.674
5 6 15.308
5 6 82.826
5 6 58.741
5 6 91.959
5 13 26.514
5 13 82.201
5 13 33.127
5 13 19.893
5 13 83.52
5 13 83.035
5 13 26.198
5 13 88.698
5 13 54.139
5 13 75.879
5 13 86.844
5 13 67.014
5 13 77.15
5 13 20.101
5 13 40.628
5 13 33.996
5 13 56.125
5 13 87.13
5 13 57.924
5 13 53.56
5 28 61.271
5 28 66.679
5 28 44.121
5 28 17.44
5 28 39.129
5 28 38.207
5 28 20.175
5 28 86.445
5 28 38.194
5 28 49.57
5 28 45.586
5 28 65.596
5 28 93.253
5 28 96.903
5 28 56.036
5 28 26.192
5 27 33.759
5 27 18.127
5 27 84.821
5 27 54.993
5 27 17.723
5 27 36.477
5 27 17.209
5 27 10.324
5 27 12.717
5 27 73.959
5 27 46.357
5 20 64.53
5 20 32.858
5 20 88.288
5 20 95.751
5 20 33.021
5 20 35.403
5 20 33.513
5 20 51.235
5 20 92.183
5 21 43.351
5 21 34.551
5 21 67.257
5 21 54.889
5 21 15.41
5 21 12.358
5 21 84.284
5 21 96.614
5 21 52.364
5 21 17.904
5 21 84.749
5 21 61.056
5 21 78.058
5 21 99.468
5 21 32.546
5 21 20.67
5 21 50.922
5 22 54.174
5 22 54.592
5 22 59.431
5 22 50.72
5 22 82.055
5 22 15.906
5 22 64.103
5 22 98.511
5 22 57.683
5 22 71.618
5 22 35.346
5 22 81.943
5 22 69.022
5 22 65.966
5 22 66.693
5 22 17.647
5 22 24.494
5 22 17.022
5 22 28.691
5 22 48.314
5 22 27.424
5 25 37.204
5 25 59.679
5 25 76.429
5 25 87.765
5 25 27.345
5 25 29.871
5 25 78.431
5 25 58.376
5 25 87.24
5 25 80.715
5 25 38.904
5 25 96.427
5 25 87.761
5 25 34.206
5 26 10.241
5 26 55.874
5 26 68.253
5 26 92.103
5 26 70.488
5 26 63.194
5 26 51.649
5 26 77.494
5 26 64.517
5 26 33.561
5 26 48.075
5 26 47.772
5 26 40.793
5 26 22.752
5 26 95.094
5 26 52.61
5 26 13.306
5 26 41.024
5 26 95.532
5 23 22.974
5 23 72.46
5 23 69.139
5 23 34.727
5 23 71.678
5 23 65.454
5 23 52.77
5 23 22.426
5 23 24.378
5 23 32.464
5 23 49.397
5 23 29.74
5 23 49.366
5 23 18.35
5 23 20.912
5 23 87.84
5 14 91.845
5 14 47.277
5 14 92.091
5 14 66.089
5 14 84.69
5 14 45.887
5 14 62.349
5 14 49.07
5 14 52.602
5 14 29.501
5 14 95.955
5 14 68.281
5 14 48.136
5 14 13.493
5 14 79.367
5 24 59.879
5 24 69.793
5 24 22.496
5 24 88.705
5 24 76.157
5 24 44.081
5 24 48.459
5 24 78.822
5 24 33.426
5 24 55.824
5 24 60.617
5 24 39.44
5 16 29.146
5 16 67.643
5 16 69.3
5 16 91.861
5 16 52.738
5 16 22.232
5 16 50.791
5 16 28.996
5 16 25.414
5 16 54.461
5 16 16.298
5 16 28.886
5 16 46.005
5 16 40.037
5 16 49.771
5 16 27.763
5 16 98.266
5 9 16.874
5 9 54.54
5 9 78.645
5 9 85.389
5 9 54.15
5 9 56.855
5 9 19.025
5 9 38.575
5 9 93.439
5 9 72.629
5 9 24.741
5 9 61.916
5 9 91.336
5 9 15.882
5 9 58.278
5 9 66.228
5 9 85.464
5 9 45.93
5 9 34.917
5 9 46.005
5 19 95.616
5 19 99.559
5 19 44.19
5 19 32.121
5 19 12.346
5 19 81.479
5 19 26.123
5 19 16.199
5 19 10.669
5 19 28.464
5 19 92.841
5 19 83.721
5 19 26.98
5 19 89.01
5 19 98.135
5 12 21.606
5 12 92.219
5 12 74.051
5 12 59.672
5 12 56.211
5 12 89.914
5 12 50.12
5 12 55.35
5 12 31.384
5 12 45.56
5 12 29.988
5 12 97.394
5 12 50.831
5 12 90.409
5 12 97.589
5 12 42.049
5 12 95.028
5 12 51.779
5 12 55.992
5 12 26.997
5 12 90.05
5 12 52.928
5 15 72.646
5 15 39.039
5 15 98.352
5 15 90.64
5 15 13.228
5 15 20.525
5 15 64.527
5 15 47.037
5 15 23.096
5 15 17.523
5 15 22.276
5 15 23.629
5 15 35.107
5 15 66.802
5 10 67.81
5 10 79.1
5 10 49.564
5 10 43.468
5 10 34.413
5 10 75.595
5 10 74.069
5 10 48.756
5 10 12.445
5 10 10.049
5 10 99.196
5 10 80.026
5 10 87.525
5 10 90.988
5 10 71.128
5 10 49.473
5 10 93.437
5 10 93.987
5 5 75.801
5 5 97.447
5 5 17.816
5 5 54.233
5 5 70.707
5 8 90.938
5 8 49.716
5 8 57.078
5 8 30.41
5 8 54.375
5 8 22.279
5 8 67.986
5 8 65.164
5 8 93.395
5 8 77.793
5 8 95.858
5 8 93.152
6 26 73.411
6 26 41.934
6 26 51.362
6 26 56.597
6 26 50.673
6 26 24.84
6 26 42.213
6 26 38.866
6 26 61.966
6 26 83.572
6 26 49.12
6 26 52.699
6 26 39.443
6 26 18.184
6 26 94.507
6 26 48.235
6 26 44.096
6 26 26.839
6 26 42.72
6 18 23.756
6 18 63.507
6 18 51.853
6 18 29.436
6 18 69.23
6 18 20.279
6 18 82.58
6 18 59.514
6 18 21.542
6 18 14.403
6 18 31.512
6 18 27.251
6 18 34.467
6 18 78.666
6 18 16.251
6 18 84.504
6 18 44.416
6 24 75.694
6 24 71.386
6 24 95.608
6 24 80.016
6 24 58.418
6 24 41.259
6 24 67.476
6 24 63.562
6 24 37.745
6 24 42.513
6 24 59.281
6 24 86.137
6 24 94.645
6 24 93.405
6 24 18.067
6 24 52.73
6 24 26.112
6 24 93.619
6 24 97.457
6 24 51.752
6 24 18.989
6 24 37.648
6 7 74.165
6 7 58.578
6 7 90.756
6 7 28.08
6 7 94.458
6 7 23.91
6 7 10.376
6 7 33.342
6 7 38.786
6 7 14.105
6 7 27.741
6 7 65.528
6 25 18.489
6 25 11.552
6 25 43.857
6 25 94.367
6 25 82.49
6 25 61.573
6 25 81.715
6 25 16.105
6 25 60.871
6 25 92.843
6 25 41.435
6 25 91.84
6 25 76.354
6 25 10.939
6 14 32.483
6 14 85.531
6 14 99.944
6 14 79.061
6 14 51.925
6 14 42.627
6 14 17.802
6 14 90.488
6 14 61.003
6 14 59.178
6 14 18.14
6 14 89.429
6 14 32.043
6 14 96.911
6 14 34.533
6 14 11.396
6 14 51.327
6 15 87.819
6 15 32.601
6 15 56.66
6 15 48.706
6 15 73.787
6 15 78.162
6 15 44.149
6 15 42.438
6 15 92.202
6 15 86.212
6 15 84.056
6 15 62.664
6 15 56.7
6 15 69.638
6 15 26.167
6 15 15.424
6 15 48.885
6 15 61.333
6 15 40.881
6 15 59.103
6 15 68.844
6 15 29.369
6 27 76.155
6 27 52.996
6 27 68.93
6 27 78.681
6 27 28.186
6 27 39.659
6 27 97.132
6 27 71.602
6 27 69.335
6 27 40.477
6 27 29.826
6 11 83.493
6 11 38.937
6 11 99.08
6 11 92.258
6 11 30.091
6 11 65.085
6 11 91.097
6 11 97.365
6 11 72.966
6 11 19.721
6 11 19.53
6 11 63.26
6 11 54.805
6 11 20.324
6 11 62.604
6 11 10.288
6 11 75.564
6 11 75.871
6 29 39.718
6 29 63.944
6 29 62.048
6 29 88.267
6 29 65.304
6 29 59.822
6 29 77.823
6 29 47.191
6 29 90.613
6 29 72.874
6 29 24.673
6 29 62.519
6 29 60.115
6 29 59.964
6 29 71.253
6 29 37.096
6 29 32.725
6 29 99.438
6 6 74.651
6 6 77.945
6 6 55.059
6 6 24.803
6 6 23.925
6 6 38.817
6 16 68.279
6 16 38.399
6 16 40.756
6 16 13.943
6 16 68.914
6 16 50.928
6 16 58.058
6 16 62.509
6 16 35.814
6 16 56.467
6 16 49.943
6 16 75.028
6 16 79.607
6 19 29.475
6 19 66.977
6 19 55.636
6 19 67.155
6 19 50.462
6 19 50.149
6 19 35.441
6 19 34.878
6 19 21.816
6 19 94.507
6 19 30.402
6 19 46.999
6 19 76.369
6 19 77.114
6 19 86.933
6 19 47.08
6 19 13.982
6 23 33.818
6 23 21.827
6 23 79.39
6 23 14.908
6 23 97.332
6 23 78.98
6 23 24.116
6 23 64.94
6 23 30.918
6 23 74.3
6 23 34.451
6 23 49.211
6 23 99.657
6 23 71.985
6 23 26.442
6 21 95.067
6 21 53.397
6 21 36.896
6 21 97.696
6 21 90.963
6 21 36.476
6 21 12.774
6 21 71.899
6 21 85.145
6 21 22.457
6 21 74.423
6 21 64.285
6 21 20.979
6 21 50.155
6 21 16.178
6 21 18.659
6 21 37.463
6 21 80.16
6 8 70.016
6 8 99.673
6 8 78.567
6 8 88.034
6 8 90.733
6 8 70.33
6 8 58.912
6 8 80.171
6 8 52.554
6 8 11.922
6 8 81.07
6 8 43.519
6 8 40.038
6 8 85.741
6 8 22.75
6 8 30.349
6 8 39.321
6 8 67.13
6 8 33.806
6 9 21.894
6 9 68.432
6 9 96.904
6 9 53.465
6 9 14.638
6 9 11.543
6 9 62.833
6 9 54.9
6 9 68.361
6 9 52.864
6 9 74.2
6 9 17.748
6 9 41.355
6 9 61.043
6 9 53.888
6 9 10.458
6 9 94.763
6 9 48.658
6 9 44.421
6 9 68.959
6 9 83.781
6 13 37.128
6 13 23.494
6 13 95.99
6 13 99.612
6 13 30.03
6 13 39.746
6 13 31.533
6 13 27.888
6 13 60.021
6 13 89.194
6 13 51.205
6 13 58.114
6 13 43.581
6 13 27.934
6 22 94.42
6 22 52.516
6 22 97.688
6 22 11.022
6 22 40.84
6 22 47.718
6 22 58.536
6 22 81.027
6 22 33.31
6 22 21.944
6 22 36.421
6 22 52.273
6 22 46.354
6 22 95.382
6 22 55.546
6 22 93.702
6 22 62.589
6 22 15.609
6 22 53.047
6 17 89.721
6 17 94.128
6 17 55.043
6 17 66.082
6 17 25.022
6 17 97.595
6 17 69.017
6 17 15.843
6 17 59.988
6 17 36.535
6 17 14.124
6 17 27.439
6 17 74.044
6 17 12.655
6 17 98.645
6 28 85.856
6 28 33.691
6 28 74.759
6 28 96.453
6 28 19.609
6 28 36.304
6 28 61.335
6 28 94.379
6 28 54.552
6 28 78.734
6 28 27.363
6 28 70.811
6 28 57.498
6 28 25.337
6 10 59.165
6 10 25.795
6 10 67.839
6 10 85.303
6 10 42.142
6 10 57.783
6 10 69.473
6 10 27.042
6 10 37.457
6 10 49.958
6 10 67.455
6 10 83.206
6 10 46.242
6 10 55.343
6 10 85.241
6 10 18.22
6 10 22.776
6 10 55.656
6 20 33.154
6 20 23.885
6 20 99.365
6 20 22.25
6 20 78.242
6 20 79.853
6 20 36.222
6 20 19.609
6 20 90.292
6 20 52.584
6 20 20.141
6 20 26.741
6 20 16.35
6 20 47.816
6 20 80.202
6 20 82.923
6 12 48.612
6 12 11.612
6 12 29.403
6 12 57.259
6 12 61.923
6 12 83.158
6 12 24.008
6 12 88.122
6 12 71.375
6 12 63.377
7 7 55.482
7 7 34.013
7 7 24.639
7 7 74.092
7 7 31.902
7 7 34.628
7 7 36.266
7 7 75.683
7 7 61.983
7 7 12.607
7 7 97.02
7 7 81.6
7 8 24.706
7 8 23.281
7 8 39.976
7 8 73.363
7 8 64.485
7 8 11.099
7 8 44.182
7 8 80.108
7 8 39.457
7 8 84.842
7 8 69.28
7 8 95.029
7 8 38.965
7 8 29.643
7 8 25.771
7 8 81.708
7 8 30.551
7 22 77.049
7 22 12.841
7 22 61.476
7 22 35.887
7 22 47.315
7 22 10.804
7 22 42.334
7 22 73.297
7 22 37.245
7 22 50.407
7 22 24.981
7 26 99.759
7 26 15.881
7 26 78.445
7 26 16.117
7 26 72.807
7 26 61.154
7 26 99.161
7 26 72.386
7 26 52.864
7 26 75.455
7 26 80.328
7 26 77.291
7 26 89.777
7 26 12.416
7 26 96.854
7 26 46.34
7 26 79.88
7 26 93.21
7 19 35.063
7 19 17.379
7 19 84.766
7 19 77.209
7 19 87.413
7 19 28.889
7 19 99.521
7 19 43.375
7 19 34.247
7 19 93.406
7 19 69.094
7 19 43.133
7 19 23.543
7 19 20.074
7 19 19.115
7 19 22.391
7 19 11.111
7 19 41.046
7 19 70.165
7 19 11.627
7 29 16.785
7 29 86.149
7 29 70.552
7 29 35.929
7 29 36.56
7 29 15.212
7 29 75.445
7 29 59.315
7 29 93.006
7 29 36.768
7 29 69.317
7 29 82.131
7 29 44.591
7 29 30.12
7 29 16.936
7 29 15.473
7 29 22.181
7 29 49.325
7 29 68.573
7 14 30.063
7 14 62.23
7 14 30.364
7 14 60.462
7 14 52.384
7 14 90.54
7 14 43.006
7 14 51.024
7 14 92.69
7 10 69.705
7 10 89.853
7 10 19.234
7 10 48.755
7 10 78.533
7 10 80.68
7 10 43.443
7 10 28.05
7 10 95.27
7 10 76.397
7 10 15.029
7 10 68.727
7 10 66.062
7 10 57.416
7 10 47.206
7 10 96.353
7 12 54.494
7 12 38.501
7 12 52.385
7 12 22.095
7 12 42.877
7 12 98.877
7 12 53.871
7 12 65.779
7 12 43.688
7 12 99.058
7 12 78.128
7 27 85.588
7 27 30.97
7 27 19.74
7 27 43.397
7 27 14.138
7 27 33.987
7 27 52.712
7 27 38.305
7 27 68.327
7 27 39.092
7 27 78.668
7 27 31.083
7 27 57.757
7 27 11.493
7 27 23.93
7 27 69.979
7 20 53.941
7 20 23.409
7 20 55.961
7 20 18.037
7 20 23.654
7 20 52.521
7 20 28.462
7 20 72.572
7 20 16.538
7 20 43.708
7 13 32.704
7 13 58.928
7 13 89.506
7 13 82.424
7 13 48.48
7 13 27.271
7 13 75.574
7 13 85.788
7 13 56.854
7 13 53.217
7 13 61.877
7 13 98.32
7 13 51.599
7 9 29.944
7 9 77.122
7 9 60.303
7 9 52.74
7 9 82.39
7 9 35.856
7 9 30.969
7 9 93.004
7 9 55.602
7 9 48.331
7 9 60.142
7 9 96.698
7 9 95.695
7 9 15.656
7 9 43.159
7 9 44.077
7 9 37.7
7 15 20.859
7 15 19.252
7 15 50.374
7 15 95.771
7 15 21.764
7 15 44.498
7 15 86.318
7 15 81.06
7 15 89.395
7 15 22.109
7 15 76.325
7 15 72.53
7 15 92.796
7 15 53.011
7 15 75.466
7 15 60.017
7 15 62.229
7 15 35.434
7 15 62.009
7 23 89.139
7 23 61.36
7 23 78.101
7 23 68.129
7 23 32.276
7 23 96.301
7 23 30.679
7 23 88.534
7 23 84.672
7 23 60.914
7 23 62.557
7 23 75.743
7 23 45.306
7 23 64.787
7 23 84.271
7 23 76.075
7 23 11.629
7 23 89.681
7 23 23.872
7 23 88.542
7 28 82.417
7 28 86.441
7 28 59.562
7 28 34.624
7 28 49.485
7 28 11.674
7 28 30.256
7 28 88.937
7 28 19.979
7 16 44.323
7 16 41.006
7 16 47.175
7 16 70.993
7 16 98.011
7 16 92.034
7 16 58.209
7 16 81.934
7 16 69.941
7 16 18.107
7 16 20.185
7 16 38.171
7 16 16.971
7 16 13.04
7 16 35.538
7 24 95.087
7 24 80.066
7 24 87.736
7 24 58.88
7 24 23.064
7 24 63.672
7 24 56.683
7 24 93.021
7 24 86.096
7 24 47.351
7 24 84.901
7 24 92.236
7 24 57.327
7 17 74.094
7 17 10.615
7 17 74.098
7 17 52.489
7 17 16.938
7 17 82.793
7 17 80.316
7 17 30.169
7 17 43.24
7 17 51.988
7 17 66.411
7 17 63.54
7 17 92.503
7 17 12.892
7 17 54.42
7 17 18.279
7 17 78.67
7 17 67.394
7 17 50.238
7 17 85.175
7 17 76.481
7 17 22.471
7 17 62.711
7 18 99.998
7 18 85.134
7 18 74.801
7 18 51.753
7 18 83.301
7 18 63.783
7 18 66.962
7 18 54.368
7 18 73.417
7 18 90.315
7 18 48.442
7 18 48.385
7 18 22.427
7 25 52.211
7 25 82.661
7 25 69.768
7 25 73.97
7 25 97.658
7 25 71.864
7 25 93.233
7 25 75.1
7 21 52.353
7 21 79.479
7 21 79.369
7 21 72.606
7 21 49.185
7 21 19.729
7 21 53.374
7 21 91.405
7 21 68.993
7 21 83.917
7 21 98.942
7 21 10.298
7 21 90.854
7 21 10.925
7 21 18.65
7 21 51.659
7 21 57.996
7 21 90.104
7 21 22.352
7 21 93.86
7 21 68.522
7 21 31.74
7 21 52.714
7 21 74.134
7 21 87.199
7 21 46.153
7 21 64.292
7 11 35.111
7 11 56.473
7 11 84.733
7 11 70.27
7 11 70.704
7 11 29.519
7 11 48.854
7 11 62.296
7 11 63.13
7 11 50.349
7 11 55.687
7 11 22.419
7 11 43.268
7 11 13.445
7 11 55.668
7 11 36.723
7 11 69.423
7 11 67.947
8 15 23.993
8 15 16.667
8 15 55.042
8 15 67.552
8 15 86.582
8 15 60.782
8 15 30.367
8 15 26.451
8 15 94.569
8 15 42.487
8 15 94.639
8 15 86.987
8 15 20.082
8 15 69.934
8 15 69.556
8 15 69.333
8 15 94.323
8 15 14.693
8 15 75.847
8 15 28.838
8 17 77.579
8 17 10.736
8 17 75.213
8 17 41.478
8 17 68.643
8 17 83.868
8 17 66.192
8 17 64.672
8 17 29.176
8 17 49.229
8 17 76.0
8 17 35.07
8 13 97.47
8 13 43.701
8 13 82.555
8 13 66.503
8 13 49.577
8 13 28.278
8 13 26.92
8 13 36.08
8 13 32.685
8 13 22.561
8 13 52.737
8 13 11.873
8 13 43.178
8 12 99.563
8 12 45.621
8 12 24.542
8 12 99.516
8 12 36.769
8 12 29.417
8 12 75.964
8 12 37.614
8 12 41.547
8 12 62.747
8 12 34.412
8 12 73.043
8 12 61.332
8 12 55.57
8 12 63.808
8 12 27.158
8 12 21.564
8 12 79.005
8 12 75.88
8 12 88.943
8 12 41.085
8 25 87.521
8 25 73.115
8 25 97.228
8 25 76.503
8 25 97.159
8 25 37.275
8 25 43.249
8 25 86.948
8 25 72.938
8 25 72.477
8 25 57.612
8 25 65.407
8 25 84.134
8 25 26.399
8 25 61.886
8 25 54.454
8 25 42.786
8 25 98.993
8 21 62.531
8 21 49.225
8 21 13.296
8 21 19.73
8 21 14.228
8 21 67.998
8 21 99.133
8 21 82.208
8 21 95.083
8 21 25.227
8 21 64.268
8 21 57.2
8 21 35.577
8 21 66.274
8 21 18.317
8 21 27.785
8 10 28.383
8 10 58.835
8 10 87.257
8 10 69.483
8 10 81.169
8 10 11.409
8 10 20.608
8 10 77.407
8 10 57.286
8 10 79.033
8 10 23.063
8 10 72.023
8 10 19.783
8 10 11.874
8 18 41.603
8 18 39.007
8 18 14.716
8 18 10.763
8 18 25.753
8 18 75.479
8 18 49.246
8 18 42.505
8 18 58.204
8 18 74.987
8 18 89.521
8 18 86.735
8 22 26.071
8 22 31.897
8 22 68.832
8 22 77.709
8 22 15.273
8 22 40.414
8 22 46.687
8 22 84.896
8 22 69.872
8 22 11.934
8 22 87.347
8 22 61.677
8 22 68.891
8 22 56.46
8 22 45.78
8 22 80.808
8 22 89.045
8 22 61.175
8 22 62.754
8 22 77.63
8 22 86.631
8 22 89.325
8 22 20.691
8 22 97.596
8 22 92.817
8 22 53.797
8 23 13.443
8 23 47.395
8 23 71.267
8 23 88.85
8 23 24.577
8 23 34.964
8 23 10.871
8 23 38.486
8 23 91.205
8 23 71.998
8 29 13.995
8 29 70.999
8 29 39.058
8 29 29.639
8 29 60.836
8 29 55.321
8 29 71.69
8 29 85.705
8 29 60.268
8 29 12.339
8 29 81.627
8 29 47.067
8 29 37.052
8 28 78.923
8 28 35.887
8 28 75.136
8 28 84.615
8 28 14.74
8 28 43.524
8 28 69.494
8 28 21.759
8 28 26.014
8 28 24.849
8 28 66.429
8 28 32.134
8 28 92.655
8 28 88.445
8 28 91.815
8 28 10.471
8 28 99.811
8 19 79.021
8 19 12.944
8 19 31.025
8 19 74.295
8 19 23.676
8 19 22.711
8 19 55.409
8 19 31.045
8 19 19.046
8 19 28.641
8 19 79.414
8 19 97.581
8 19 44.474
8 19 30.382
8 19 37.839
8 19 78.938
8 19 45.447
8 19 89.502
8 26 54.118
8 26 27.083
8 26 27.461
8 26 77.26
8 26 87.356
8 26 66.45
8 26 87.284
8 26 29.514
8 26 58.278
8 26 24.683
8 14 65.432
8 14 37.596
8 14 97.036
8 14 30.362
8 14 38.446
8 14 95.391
8 14 43.796
8 14 96.5
8 14 63.979
8 14 29.834
8 14 32.686
8 14 67.102
8 14 83.666
8 14 41.877
8 14 56.88
8 27 40.63
8 27 14.096
8 27 16.283
8 27 62.61
8 27 60.064
8 27 42.368
8 27 63.717
8 27 21.706
8 27 84.92
8 27 96.005
8 27 37.08
8 27 81.101
8 27 88.557
8 27 91.883
8 27 55.063
8 27 86.148
8 27 11.544
8 27 66.217
8 27 25.566
8 27 62.942
8 27 74.943
8 8 84.397
8 8 46.975
8 8 72.825
8 8 99.43
8 8 55.674
8 8 98.506
8 8 12.83
8 20 10.729
8 20 81.25
8 20 17.524
8 20 30.804
8 20 90.84
8 20 28.61
8 20 77.402
8 20 40.147
8 20 79.242
8 20 28.199
8 20 69.85
8 20 18.705
8 20 94.383
8 20 80.867
8 20 23.333
8 20 37.98
8 20 33.359
8 20 72.78
8 20 36.967
8 24 23.28
8 24 23.377
8 24 28.411
8 24 62.69
8 24 58.819
8 24 54.681
8 24 35.917
8 24 45.351
8 24 96.313
8 24 25.906
8 24 44.226
8 24 38.547
8 24 54.565
8 24 69.707
8 24 59.912
8 24 14.906
8 16 27.754
8 16 56.55
8 16 65.779
8 16 22.74
8 16 35.1
8 16 24.72
8 16 10.768
8 16 68.509
8 16 93.72
8 16 17.467
8 16 91.929
8 16 74.357
8 16 51.62
8 16 43.227
8 9 23.717
8 9 85.856
8 9 67.654
8 9 32.588
8 9 34.898
8 9 66.52
8 9 98.595
8 9 53.734
8 9 20.014
8 9 89.313
8 9 68.791
8 9 61.16
8 11 58.784
8 11 59.172
8 11 95.28
8 11 30.1
8 11 90.066
8 11 56.139
8 11 57.293
8 11 48.551
8 11 53.552
8 11 28.046
8 11 80.219
8 11 38.697
8 11 59.678
9 22 68.49
9 22 10.499
9 22 90.595
9 22 38.989
9 22 36.507
9 22 45.106
9 22 54.99
9 22 12.588
9 22 25.46
9 22 48.013
9 22 33.58
9 22 53.47
9 22 51.046
9 12 34.295
9 12 88.495
9 12 30.238
9 12 22.351
9 12 51.738
9 12 44.88
9 12 72.411
9 12 30.098
9 12 42.235
9 12 23.321
9 12 93.45
9 12 14.073
9 12 24.133
9 12 72.878
9 12 17.714
9 12 22.877
9 24 67.687
9 24 29.593
9 24 30.473
9 24 81.101
9 24 13.745
9 24 47.302
9 24 29.186
9 24 63.73
9 24 51.886
9 24 50.129
9 24 50.917
9 24 23.375
9 24 48.606
9 24 24.533
9 24 42.231
9 24 46.722
9 24 43.951
9 24 94.528
9 20 43.608
9 20 48.071
9 20 71.781
9 20 49.43
9 20 17.549
9 20 51.67
9 20 19.843
9 20 24.77
9 20 33.348
9 20 51.033
9 20 28.905
9 20 99.771
9 20 33.864
9 20 93.62
9 20 39.217
9 20 30.33
9 20 17.234
9 20 49.186
9 17 18.812
9 17 24.218
9 17 40.469
9 17 67.581
9 17 76.562
9 17 82.671
9 17 48.435
9 17 61.872
9 17 52.026
9 17 38.843
9 17 35.366
9 17 45.556
9 17 59.874
9 17 97.761
9 17 52.653
9 17 73.842
9 17 21.795
9 17 85.182
9 17 65.972
9 17 18.512
9 16 38.473
9 16 36.541
9 16 60.743
9 16 11.383
9 16 10.95
9 16 49.87
9 16 35.682
9 16 53.481
9 16 10.763
9 16 60.08
9 16 28.579
9 26 34.901
9 26 42.262
9 26 21.501
9 26 43.881
9 26 74.869
9 26 63.554
9 26 11.777
9 26 71.505
9 26 30.642
9 26 63.619
9 26 98.133
9 26 46.055
9 26 21.281
9 26 85.738
9 26 82.757
9 26 49.637
9 26 64.646
9 26 30.589
9 26 42.158
9 26 13.935
9 26 50.846
9 9 55.641
9 9 50.132
9 9 72.458
9 9 31.075
9 9 50.026
9 9 20.525
9 9 33.771
9 9 11.236
9 9 75.359
9 9 35.608
9 9 21.174
9 9 26.897
9 9 86.058
9 9 88.207
9 9 91.69
9 9 77.577
9 18 35.822
9 18 87.415
9 18 90.22
9 18 70.696
9 18 22.627
9 18 22.789
9 18 30.017
9 18 63.814
9 18 29.236
9 18 62.874
9 18 59.396
9 18 85.349
9 18 49.044
9 18 43.824
9 18 55.034
9 13 15.604
9 13 96.471
9 13 31.388
9 13 79.406
9 13 38.905
9 13 88.045
9 13 11.897
9 13 19.93
9 13 69.999
9 13 24.774
9 13 67.694
9 13 55.058
9 13 27.454
9 13 39.052
9 13 33.278
9 23 58.548
9 23 19.729
9 23 13.786
9 23 17.641
9 23 43.579
9 23 53.827
9 23 39.8
9 23 31.516
9 23 53.108
9 23 99.511
9 23 72.163
9 23 43.683
9 23 38.948
9 23 95.635
9 23 24.326
9 23 37.998
9 21 62.34
9 21 63.382
9 21 95.242
9 21 19.864
9 21 77.927
9 21 41.076
9 21 96.509
9 21 79.798
9 21 57.665
9 21 99.66
9 21 62.607
9 21 39.632
9 21 72.992
9 21 92.114
9 21 70.118
9 21 24.647
9 14 72.976
9 14 76.139
9 14 88.733
9 14 80.288
9 14 31.258
9 14 76.179
9 14 96.059
9 14 39.347
9 14 66.415
9 14 20.038
9 14 11.605
9 14 47.846
9 14 38.525
9 14 12.182
9 14 55.019
9 10 32.716
9 10 66.093
9 10 30.702
9 10 19.932
9 10 40.021
9 10 57.435
9 10 79.551
9 10 87.911
9 10 30.5
9 10 51.125
9 10 61.528
9 10 86.681
9 10 77.069
9 10 52.485
9 10 53.102
9 10 50.273
9 10 43.631
9 10 80.674
9 10 85.24
9 10 67.783
9 10 57.1
9 15 20.451
9 15 16.618
9 15 66.571
9 15 77.072
9 15 27.245
9 15 20.289
9 15 20.415
9 15 69.407
9 15 42.7
9 15 50.09
9 15 48.875
9 15 74.408
9 15 48.898
9 15 40.701
9 15 10.884
9 28 63.638
9 28 44.423
9 28 53.581
9 28 47.438
9 28 59.292
9 28 60.759
9 28 19.369
9 28 91.876
9 28 72.65
9 28 96.042
9 28 17.231
9 28 14.155
9 28 34.998
9 28 53.111
9 28 55.188
9 28 84.446
9 28 86.589
9 11 80.031
9 11 50.506
9 11 19.873
9 11 38.255
9 11 46.586
9 11 83.453
9 11 28.568
9 11 84.622
9 11 91.996
9 25 72.398
9 25 24.375
9 25 34.157
9 25 36.766
9 25 74.147
9 25 81.774
9 25 76.725
9 25 76.364
9 25 98.028
9 25 90.735
9 25 26.259
9 25 13.332
9 25 41.972
9 25 73.735
9 25 75.386
9 25 12.337
9 25 69.296
9 25 57.708
9 25 19.917
9 25 23.9
9 25 38.801
9 29 24.215
9 29 50.891
9 29 87.179
9 29 26.134
9 29 86.088
9 29 53.931
9 29 98.595
9 29 64.161
9 29 61.142
9 29 33.886
9 29 82.768
9 29 66.142
9 29 10.581
9 29 21.674
9 29 52.287
9 19 22.251
9 19 75.339
9 19 99.35
9 19 52.228
9 19 67.427
9 19 58.819
9 19 66.396
9 19 68.683
9 19 96.501
9 19 36.032
9 19 78.305
9 19 63.999
9 19 77.903
9 19 93.728
9 19 96.871
9 27 72.881
9 27 50.698
9 27 37.638
9 27 61.105
9 27 17.014
9 27 61.325
9 27 18.392
9 27 44.933
9 27 84.937
9 27 73.914
9 27 93.113
9 27 57.897
10 17 47.757
10 17 88.881
10 17 11.42
10 17 84.468
10 17 87.735
10 17 43.845
10 17 63.444
10 17 92.611
10 17 36.548
10 17 57.967
10 17 61.707
10 17 23.746
10 17 99.061
10 17 87.804
10 17 67.264
10 17 55.593
10 17 87.279
10 29 67.6
10 29 75.837
10 29 18.668
10 29 22.281
10 29 66.992
10 29 97.344
10 29 39.076
10 29 50.425
10 29 63.259
10 29 53.753
10 29 83.822
10 29 18.008
10 29 83.724
10 29 40.747
10 29 83.847
10 29 25.78
10 29 26.994
10 29 74.018
10 29 15.802
10 29 23.274
10 29 87.788
10 29 19.865
10 29 53.43
10 29 79.345
10 12 85.857
10 12 68.485
10 12 64.599
10 12 70.63
10 12 25.987
10 12 26.639
10 12 97.541
10 12 70.633
10 12 87.436
10 12 18.908
10 12 85.557
10 12 54.706
10 12 52.88
10 12 24.605
10 12 25.626
10 12 93.312
10 12 86.072
10 12 63.205
10 12 31.877
10 12 43.505
10 12 87.887
10 15 46.105
10 15 59.813
10 15 98.415
10 15 28.016
10 15 92.893
10 15 80.99
10 15 85.278
10 15 97.683
10 15 80.401
10 15 40.946
10 15 52.638
10 15 26.336
10 15 66.13
10 15 18.524
10 18 29.136
10 18 16.377
10 18 30.354
10 18 94.003
10 18 85.003
10 18 38.625
10 18 44.954
10 18 15.69
10 18 91.106
10 18 96.676
10 18 61.137
10 18 56.591
10 18 18.743
10 22 53.975
10 22 84.606
10 22 48.35
10 22 49.03
10 22 20.421
10 22 46.796
10 22 16.176
10 22 82.385
10 22 96.202
10 22 31.477
10 22 87.417
10 22 48.096
10 22 41.073
10 22 12.232
10 22 48.929
10 22 71.225
10 28 56.582
10 28 79.915
10 28 33.803
10 28 47.016
10 28 96.511
10 28 54.793
10 28 41.744
10 28 15.906
10 28 80.585
10 28 50.634
10 28 34.572
10 28 83.516
10 28 42.941
10 28 79.538
10 28 92.101
10 28 51.963
10 20 99.935
10 20 90.242
10 20 88.264
10 20 69.86
10 20 20.262
10 20 25.758
10 20 94.153
10 20 37.175
10 20 51.622
10 20 46.149
10 20 68.614
10 20 63.959
10 20 67.924
10 20 87.213
10 20 26.778
10 20 20.436
10 20 29.895
10 27 15.145
10 27 52.362
10 27 82.357
10 27 80.863
10 27 92.54
10 27 60.927
10 27 72.656
10 27 34.92
10 27 66.793
10 27 53.35
10 27 81.958
10 27 70.995
10 27 65.514
10 27 84.414
10 27 39.636
10 27 36.196
10 27 26.091
10 27 75.096
10 27 65.359
10 27 40.654
10 16 35.074
10 16 64.488
10 16 70.042
10 16 20.799
10 16 44.546
10 16 32.156
10 16 46.05
10 16 67.581
10 16 86.037
10 16 28.886
10 16 47.955
10 16 39.537
10 16 27.862
10 21 46.755
10 21 21.94
10 21 48.179
10 21 95.231
10 21 20.589
10 21 98.022
10 21 25.499
10 21 58.545
10 21 51.834
10 21 47.187
10 21 47.437
10 21 67.809
10 21 76.639
10 21 44.566
10 21 14.117
10 24 87.44
10 24 77.023
10 24 88.875
10 24 79.796
10 24 83.862
10 24 34.279
10 24 16.569
10 24 99.653
10 24 63.064
10 24 85.347
10 24 70.587
10 24 95.505
10 24 51.708
10 24 37.8
10 24 90.305
10 26 47.813
10 26 18.506
10 26 23.457
10 26 41.963
10 26 99.636
10 26 34.603
10 26 89.011
10 26 77.136
10 26 31.802
10 26 43.371
10 26 22.44
10 26 12.029
10 11 30.18
10 11 61.973
10 11 72.409
10 11 75.019
10 11 96.925
10 11 65.471
10 11 82.077
10 11 77.311
10 11 50.58
10 11 61.459
10 11 40.584
10 11 90.811
10 11 26.677
10 11 78.664
10 25 26.366
10 25 37.685
10 25 81.653
10 25 61.449
10 25 34.589
10 25 24.792
10 25 21.027
10 25 89.816
10 25 97.824
10 25 55.463
10 25 26.236
10 25 37.027
10 25 28.643
10 25 53.952
10 25 83.357
10 25 80.321
10 25 48.349
10 25 61.256
10 25 93.863
10 25 64.393
10 25 48.71
10 25 29.24
10 13 40.589
10 13 87.534
10 13 62.533
10 13 31.321
10 13 60.386
10 13 28.209
10 13 74.06
10 13 40.361
10 13 88.908
10 13 92.956
10 13 20.872
10 13 38.768
10 13 40.158
10 13 20.733
10 13 51.516
10 13 64.627
10 13 15.472
10 13 26.13
10 13 36.576
10 14 95.071
10 14 51.551
10 14 76.078
10 14 88.042
10 14 93.005
10 14 96.559
10 14 24.996
10 14 84.763
10 14 97.279
10 14 56.481
10 14 84.927
10 14 12.67
10 14 78.157
10 14 18.47
10 14 85.975
10 14 70.705
10 19 41.592
10 19 53.576
10 19 85.779
10 19 74.524
10 19 11.356
10 19 64.757
10 19 89.443
10 19 93.127
10 19 51.662
10 19 93.172
10 19 72.069
10 19 22.084
10 19 19.828
10 19 71.757
10 19 77.704
10 19 95.186
10 19 23.725
10 19 77.666
10 19 90.768
10 23 71.101
10 23 49.723
10 23 59.511
10 23 74.823
10 23 45.176
10 23 25.275
10 23 11.501
10 23 23.018
10 10 64.289
10 10 33.501
10 10 91.972
10 10 53.728
10 10 17.429
10 10 45.644
10 10 28.78
10 10 93.043
10 10 34.776
11 14 63.034
11 14 73.658
11 14 44.223
11 14 82.693
11 14 96.696
11 14 65.596
11 14 91.224
11 14 18.323
11 14 27.844
11 14 85.819
11 14 97.484
11 14 69.065
11 14 33.654
11 14 25.403
11 14 11.554
11 14 40.149
11 14 40.587
11 18 86.274
11 18 95.421
11 18 36.924
11 18 16.078
11 18 84.278
11 18 77.96
11 18 18.795
11 18 45.982
11 18 77.078
11 18 65.439
11 18 53.494
11 18 25.774
11 18 51.624
11 18 64.031
11 18 70.519
11 18 46.085
11 18 80.482
11 18 16.888
11 18 58.508
11 18 78.544
11 18 77.667
11 18 12.421
11 17 29.765
11 17 61.733
11 17 59.909
11 17 56.348
11 17 37.87
11 17 18.789
11 17 20.519
11 17 24.698
11 17 86.773
11 17 34.074
11 17 12.785
11 17 45.306
11 17 77.651
11 17 89.92
11 17 55.057
11 17 65.663
11 17 55.276
11 26 11.328
11 26 83.059
11 26 16.091
11 26 59.862
11 26 45.847
11 26 39.339
11 26 40.779
11 26 26.971
11 26 44.974
11 26 17.153
11 26 95.565
11 26 98.397
11 26 45.78
11 26 20.763
11 26 76.799
11 26 24.431
11 26 18.031
11 26 83.24
11 26 83.504
11 26 15.784
11 26 67.321
11 26 70.479
11 26 39.813
11 22 38.277
11 22 35.649
11 22 56.191
11 22 49.952
11 22 55.788
11 22 94.743
11 22 28.077
11 22 91.847
11 22 95.383
11 22 18.135
11 22 68.508
11 22 29.056
11 22 50.867
11 22 58.179
11 22 70.76
11 22 70.914
11 22 12.63
11 22 34.071
11 22 92.727
11 22 38.059
11 22 62.083
11 22 54.242
11 21 90.908
11 21 95.823
11 21 92.614
11 21 95.666
11 21 87.494
11 21 45.343
11 21 24.158
11 21 62.993
11 21 64.4
11 21 59.807
11 21 17.286
11 21 91.284
11 21 53.187
11 21 48.512
11 12 72.749
11 12 87.842
11 12 70.344
11 12 14.072
11 12 43.808
11 12 83.551
11 12 53.349
11 12 55.422
11 12 76.995
11 12 20.185
11 12 69.482
11 12 97.344
11 12 44.563
11 12 32.05
11 12 25.344
11 12 86.388
11 12 97.259
11 12 67.486
11 12 11.549
11 12 57.34
11 12 91.877
11 28 19.593
11 28 79.282
11 28 31.22
11 28 43.481
11 28 52.813
11 28 59.773
11 28 44.468
11 28 44.33
11 28 44.928
11 28 87.785
11 28 89.558
11 28 44.75
11 28 72.16
11 28 90.118
11 28 93.099
11 28 22.715
11 28 69.147
11 28 60.743
11 28 87.813
11 28 84.037
11 15 36.875
11 15 37.798
11 15 51.8
11 15 59.558
11 15 96.337
11 15 59.88
11 15 53.172
11 15 60.605
11 15 36.422
11 15 71.908
11 15 59.443
11 15 98.954
11 15 41.698
11 15 30.774
11 15 52.832
11 15 99.707
11 15 47.969
11 15 73.041
11 15 29.208
11 15 94.081
11 15 16.034
11 15 92.423
11 15 56.471
11 15 20.05
11 15 48.799
11 15 68.354
11 11 48.295
11 11 57.777
11 11 78.747
11 11 33.45
11 11 81.777
11 11 66.112
11 13 73.257
11 13 86.064
11 13 13.225
11 13 58.877
11 13 53.818
11 13 41.984
11 13 45.287
11 13 47.878
11 13 37.293
11 13 48.315
11 13 53.043
11 13 24.924
11 13 78.194
11 13 77.238
11 13 59.459
11 13 53.219
11 13 78.643
11 13 60.84
11 23 84.182
11 23 99.745
11 23 64.799
11 23 87.592
11 23 31.952
11 23 80.301
11 23 74.432
11 23 51.732
11 23 81.482
11 23 96.549
11 23 20.655
11 23 38.081
11 23 48.565
11 23 28.879
11 23 32.905
11 23 99.081
11 23 64.588
11 23 17.329
11 23 79.513
11 25 55.696
11 25 15.45
11 25 42.594
11 25 90.889
11 25 86.51
11 25 96.817
11 25 57.323
11 25 89.346
11 25 40.01
11 25 37.108
11 25 80.341
11 25 96.965
11 25 10.53
11 25 14.637
11 25 46.031
11 25 65.343
11 25 10.445
11 25 82.218
11 27 39.571
11 27 38.047
11 27 52.067
11 27 67.485
11 27 33.099
11 27 36.19
11 27 49.126
11 27 27.996
11 27 72.832
11 27 82.405
11 27 24.214
11 27 52.768
11 27 19.645
11 27 38.477
11 27 10.876
11 27 64.217
11 29 19.751
11 29 17.648
11 29 10.343
11 29 82.661
11 29 73.189
11 29 65.86
11 29 65.46
11 29 81.609
11 29 21.143
11 29 92.963
11 29 69.857
11 29 75.336
11 29 64.587
11 29 71.942
11 29 60.302
11 29 33.628
11 20 29.554
11 20 14.833
11 20 77.344
11 20 83.797
11 20 98.414
11 20 73.998
11 20 22.967
11 20 64.182
11 20 75.541
11 20 13.305
11 20 67.63
11 20 14.384
11 20 82.86
11 20 81.638
11 20 81.654
11 20 94.155
11 20 45.842
11 20 24.951
11 20 74.559
11 20 35.492
11 20 48.383
11 20 60.719
11 20 54.891
11 16 27.451
11 16 50.207
11 16 44.962
11 16 87.598
11 16 96.897
11 16 86.146
11 16 78.982
11 16 25.311
11 16 50.888
11 16 44.808
11 16 26.817
11 16 39.211
11 16 20.331
11 16 69.879
11 16 21.455
11 16 52.362
11 16 21.471
11 16 62.185
11 16 19.227
11 16 88.24
11 16 51.284
11 24 71.621
11 24 23.961
11 24 84.991
11 24 25.732
11 24 99.275
11 24 24.133
11 24 27.236
11 24 71.519
11 24 39.087
11 24 66.205
11 19 13.559
11 19 20.25
11 19 50.923
11 19 14.99
11 19 90.507
11 19 88.063
11 19 33.06
11 19 36.967
11 19 34.833
11 19 91.23
11 19 60.441
12 25 88.237
12 25 51.963
12 25 81.443
12 25 72.091
12 25 92.434
12 25 70.597
12 25 98.545
12 25 13.952
12 25 32.965
12 25 11.864
12 25 97.298
12 25 20.305
12 25 94.088
12 23 88.827
12 23 59.535
12 23 23.379
12 23 69.177
12 23 84.679
12 23 94.368
12 23 56.865
12 23 83.58
12 23 51.5
12 23 72.553
12 23 18.762
12 23 50.95
12 23 62.942
12 23 64.436
12 23 72.911
12 23 88.796
12 23 96.197
12 23 63.806
12 23 78.025
12 17 10.194
12 17 21.456
12 17 32.559
12 17 41.638
12 17 69.448
12 17 32.746
12 17 10.015
12 17 61.742
12 17 93.826
12 17 45.927
12 17 43.614
12 17 94.885
12 17 71.863
12 17 21.077
12 17 85.641
12 17 15.009
12 17 55.31
12 18 33.868
12 18 47.439
12 18 42.698
12 18 31.197
12 18 45.484
12 18 31.464
12 18 91.816
12 18 86.993
12 18 18.759
12 18 55.019
12 18 13.331
12 18 97.756
12 18 63.023
12 18 25.006
12 18 92.906
12 14 41.469
12 14 70.959
12 14 52.928
12 14 13.812
12 14 25.539
12 14 70.233
12 14 50.679
12 14 80.372
12 14 55.101
12 14 96.811
12 14 60.312
12 14 25.856
12 14 44.341
12 14 34.114
12 14 16.464
12 14 24.565
12 14 31.52
12 14 13.837
12 14 73.532
12 14 55.186
12 14 11.281
12 13 29.696
12 13 25.852
12 13 95.873
12 13 72.128
12 13 20.007
12 13 50.396
12 13 97.185
12 13 48.073
12 13 59.685
12 13 25.059
12 13 16.265
12 13 33.979
12 13 15.669
12 13 10.411
12 13 47.207
12 13 68.859
12 13 75.249
12 13 32.758
12 13 69.421
12 13 71.011
12 13 26.636
12 13 13.601
12 13 82.813
12 13 69.247
12 22 11.758
12 22 31.021
12 22 46.789
12 22 53.068
12 22 87.775
12 22 42.561
12 22 43.945
12 22 83.656
12 22 65.257
12 22 75.419
12 22 59.6
12 22 82.414
12 22 43.097
12 22 86.665
12 22 43.99
12 22 37.796
12 22 38.195
12 22 26.582
12 22 64.269
12 22 41.735
12 22 65.714
12 16 86.81
12 16 57.471
12 16 21.769
12 16 39.467
12 16 42.903
12 16 98.797
12 16 75.966
12 16 64.413
12 16 29.673
12 16 27.339
12 16 87.261
12 16 66.792
12 24 75.176
12 24 83.658
12 24 41.444
12 24 70.528
12 24 32.341
12 24 62.779
12 24 90.258
12 24 76.029
12 24 14.842
12 24 65.401
12 24 46.303
12 24 79.04
12 24 93.387
12 24 91.915
12 24 52.918
12 24 60.467
12 24 47.883
12 24 63.186
12 28 63.27
12 28 68.5
12 28 36.599
12 28 68.632
12 28 11.721
12 28 32.491
12 28 29.86
12 28 10.457
12 28 40.213
12 28 31.464
12 28 66.527
12 28 47.679
12 28 99.212
12 28 36.86
12 28 78.826
12 28 38.483
12 28 72.89
12 28 64.767
12 20 13.623
12 20 27.951
12 20 99.468
12 20 38.281
12 20 49.425
12 20 37.226
12 20 95.968
12 20 34.769
12 20 26.261
12 20 48.031
12 20 43.958
12 20 25.504
12 20 49.604
12 26 45.699
12 26 98.931
12 26 10.231
12 26 44.747
12 26 23.883
12 26 73.247
12 26 60.685
12 26 32.886
12 26 49.956
12 26 53.749
12 26 83.445
12 26 32.537
12 26 68.853
12 26 81.106
12 26 76.712
12 26 19.06
12 26 93.011
12 29 35.975
12 29 34.527
12 29 11.877
12 29 57.375
12 29 40.513
12 29 88.139
12 29 48.866
12 29 47.054
12 29 86.411
12 29 29.569
12 29 13.405
12 29 21.049
12 29 81.156
12 29 93.607
12 29 81.691
12 29 49.251
12 29 95.109
12 29 73.295
12 29 91.799
12 19 50.981
12 19 14.93
12 19 57.381
12 19 80.125
12 19 22.408
12 19 22.844
12 19 44.692
12 19 72.735
12 19 33.225
12 19 72.492
12 19 95.123
12 19 29.572
12 19 94.411
12 19 54.425
12 19 95.723
12 19 21.807
12 21 87.341
12 21 97.054
12 21 83.654
12 21 96.773
12 21 40.381
12 21 89.828
12 21 93.762
12 21 24.236
12 21 78.914
12 21 52.814
12 21 46.181
12 21 36.052
12 21 70.414
12 21 67.299
12 21 20.501
12 21 98.215
12 21 72.131
12 21 19.021
12 21 45.272
12 21 38.586
12 21 73.562
12 21 35.642
12 21 29.647
12 27 73.855
12 27 71.924
12 27 35.408
12 27 68.931
12 27 36.151
12 27 65.23
12 27 51.179
12 27 24.068
12 27 63.0
12 27 55.167
12 27 93.979
12 27 85.873
12 27 93.524
12 27 71.411
12 27 59.685
12 27 57.271
12 15 55.123
12 15 66.678
12 15 58.791
12 15 57.324
12 15 61.718
12 15 65.525
12 15 75.259
12 15 84.472
12 15 62.747
12 15 10.827
12 15 68.479
12 15 50.203
12 15 39.129
12 15 91.383
12 15 75.48
12 12 84.429
12 12 86.568
12 12 18.275
12 12 79.786
12 12 81.221
13 24 82.524
13 24 15.034
13 24 62.883
13 24 83.943
13 24 12.152
13 24 20.866
13 24 96.867
13 24 38.476
13 24 30.926
13 24 93.722
13 24 90.991
13 24 82.232
13 24 72.147
13 24 71.53
13 24 94.994
13 24 22.653
13 24 12.461
13 24 97.973
13 24 11.814
13 24 99.617
13 24 25.567
13 24 31.164
13 24 52.619
13 24 95.113
13 18 59.853
13 18 76.108
13 18 31.642
13 18 38.305
13 18 83.841
13 18 84.354
13 18 46.352
13 18 84.977
13 18 83.921
13 18 76.953
13 18 93.831
13 18 14.039
13 18 10.091
13 18 42.569
13 18 70.568
13 27 46.999
13 27 31.274
13 27 23.101
13 27 92.045
13 27 58.537
13 27 34.837
13 27 37.963
13 27 90.593
13 27 36.582
13 27 12.02
13 27 12.079
13 27 62.083
13 27 77.158
13 27 56.385
13 27 33.718
13 27 80.078
13 27 70.669
13 27 10.022
13 14 53.708
13 14 59.651
13 14 60.482
13 14 64.569
13 14 86.077
13 14 76.469
13 14 69.261
13 14 38.409
13 14 79.644
13 14 44.38
13 14 51.444
13 14 64.035
13 14 14.79
13 14 70.502
13 14 88.849
13 14 36.413
13 14 73.495
13 14 45.881
13 14 72.009
13 14 99.624
13 21 68.095
13 21 88.243
13 21 30.893
13 21 41.951
13 21 49.815
13 21 46.414
13 21 38.042
13 21 50.495
13 21 32.479
13 21 59.042
13 26 81.581
13 26 64.559
13 26 18.389
13 26 21.175
13 26 41.9
13 26 68.042
13 26 98.155
13 26 35.12
13 26 60.82
13 26 66.688
13 26 31.632
13 26 73.73
13 26 29.833
13 26 87.07
13 26 71.2
13 26 14.007
13 26 53.346
13 26 26.157
13 13 69.844
13 13 49.769
13 13 90.826
13 13 90.371
13 13 71.191
13 13 33.652
13 13 19.827
13 13 54.393
13 19 80.718
13 19 37.484
13 19 70.748
13 19 23.468
13 19 84.759
13 19 49.871
13 19 60.366
13 19 97.262
13 19 69.221
13 19 99.82
13 19 47.981
13 19 90.85
13 19 57.23
13 19 28.769
13 19 29.918
13 25 96.217
13 25 23.629
13 25 46.743
13 25 70.909
13 25 88.043
13 25 42.874
13 25 99.436
13 25 45.273
13 25 97.748
13 25 41.614
13 25 78.841
13 25 43.141
13 25 11.59
13 25 13.877
13 25 96.392
13 25 46.067
13 28 78.904
13 28 36.056
13 28 65.343
13 28 70.568
13 28 74.137
13 28 31.472
13 28 26.093
13 28 72.174
13 28 89.211
13 28 37.138
13 28 57.077
13 28 87.913
13 28 68.907
13 28 44.514
13 28 27.952
13 28 87.13
13 28 20.893
13 28 65.409
13 16 96.893
13 16 39.513
13 16 37.045
13 16 33.202
13 16 20.993
13 16 28.158
13 16 97.939
13 16 69.737
13 16 22.765
13 16 32.776
13 16 88.036
13 23 36.87
13 23 72.684
13 23 96.24
13 23 32.344
13 23 96.906
13 23 49.88
13 23 79.769
13 23 58.42
13 23 14.757
13 23 32.287
13 23 34.663
13 23 43.452
13 23 40.782
13 23 29.068
13 23 80.203
13 23 75.093
13 23 67.801
13 23 30.679
13 23 84.762
13 20 98.05
13 20 88.994
13 20 70.341
13 20 44.995
13 20 77.621
13 20 69.554
13 20 57.605
13 20 25.125
13 20 57.945
13 20 21.14
13 20 13.294
13 20 17.153
13 20 70.933
13 20 66.292
13 15 67.506
13 15 34.478
13 15 25.178
13 15 38.249
13 15 33.383
13 15 26.901
13 15 96.508
13 15 96.556
13 15 62.658
13 15 18.365
13 15 37.242
13 15 42.722
13 15 47.71
13 15 94.902
13 15 87.917
13 15 15.273
13 15 90.765
13 15 46.926
13 22 50.06
13 22 72.748
13 22 23.781
13 22 88.15
13 22 67.319
13 22 14.685
13 22 63.127
13 22 39.107
13 22 86.375
13 22 15.891
13 22 55.476
13 22 79.676
13 22 24.778
13 22 25.229
13 22 18.115
13 29 60.775
13 29 15.442
13 29 62.464
13 29 14.933
13 29 46.18
13 29 84.143
13 29 41.922
13 29 91.719
13 29 41.925
13 29 40.372
13 29 18.849
13 17 56.12
13 17 45.602
13 17 73.163
13 17 81.536
13 17 72.733
13 17 78.777
13 17 25.74
13 17 46.655
13 17 53.326
13 17 89.984
13 17 19.331
14 22 48.035
14 22 61.286
14 22 28.655
14 22 71.717
14 22 20.386
14 22 42.287
14 22 84.431
14 22 92.554
14 22 39.685
14 22 94.608
14 22 31.928
14 22 76.394
14 22 49.362
14 22 56.694
14 22 15.757
14 22 14.717
14 22 32.262
14 22 50.862
14 22 54.16
14 22 19.747
14 26 12.889
14 26 33.327
14 26 94.977
14 26 40.681
14 26 86.45
14 26 80.286
14 26 14.557
14 26 38.878
14 26 90.067
14 26 27.425
14 26 48.926
14 26 67.51
14 26 38.997
14 26 39.57
14 26 76.049
14 26 77.107
14 24 26.079
14 24 90.749
14 24 60.752
14 24 79.511
14 24 96.843
14 24 31.627
14 24 22.89
14 24 34.465
14 24 96.384
14 24 68.928
14 24 38.682
14 24 13.764
14 24 51.272
14 24 44.962
14 24 56.104
14 24 77.068
14 24 70.141
14 24 74.366
14 24 91.961
14 24 11.226
14 18 29.82
14 18 62.193
14 18 82.288
14 18 59.13
14 18 74.784
14 18 33.437
14 18 78.05
14 18 73.922
14 18 76.533
14 18 16.411
14 18 31.02
14 18 29.993
14 18 82.046
14 18 99.355
14 18 74.992
14 18 68.779
14 14 38.456
14 14 47.192
14 14 30.867
14 14 77.013
14 14 37.708
14 14 96.748
14 14 39.76
14 23 85.037
14 23 67.753
14 23 43.671
14 23 51.945
14 23 66.72
14 23 31.116
14 23 57.813
14 23 83.209
14 23 72.263
14 23 12.405
14 23 31.603
14 23 90.324
14 23 67.824
14 23 10.331
14 23 85.528
14 23 87.338
14 23 84.632
14 23 62.912
14 23 53.273
14 23 17.505
14 21 49.761
14 21 31.948
14 21 95.55
14 21 60.297
14 21 39.87
14 21 14.565
14 21 54.369
14 21 19.373
14 21 24.836
14 21 66.756
14 16 51.809
14 16 42.565
14 16 60.85
14 16 79.078
14 16 22.117
14 16 10.953
14 16 55.54
14 16 97.911
14 16 39.242
14 16 62.67
14 16 81.909
14 16 56.057
14 17 91.765
14 17 47.721
14 17 74.876
14 17 12.363
14 17 94.765
14 17 29.025
14 17 95.532
14 17 67.907
14 17 49.279
14 17 70.88
14 17 17.664
14 17 97.095
14 17 69.264
14 17 32.947
14 17 86.57
14 17 36.706
14 17 67.502
14 27 72.043
14 27 12.32
14 27 16.146
14 27 54.154
14 27 20.256
14 27 33.851
14 27 34.858
14 27 67.096
14 27 80.283
14 27 17.544
14 27 46.073
14 27 48.517
14 27 85.822
14 27 56.454
14 27 72.012
14 27 77.715
14 27 52.967
14 27 32.276
14 27 60.095
14 27 62.19
14 27 57.638
14 28 95.235
14 28 66.825
14 28 90.517
14 28 22.893
14 28 34.662
14 28 66.854
14 28 66.291
14 28 69.972
14 28 95.958
14 28 64.523
14 28 50.887
14 28 33.215
14 28 26.833
14 28 43.094
14 28 39.286
14 28 13.046
14 20 74.685
14 20 83.353
14 20 32.313
14 20 15.325
14 20 87.426
14 20 65.141
14 20 39.878
14 20 83.508
14 20 43.582
14 20 67.067
14 20 84.453
14 20 34.79
14 20 91.822
14 20 15.135
14 20 93.448
14 20 40.819
14 25 90.921
14 25 64.42
14 25 89.617
14 25 45.721
14 25 45.818
14 25 26.19
14 25 53.428
14 25 13.366
14 25 27.61
14 25 33.857
14 25 17.618
14 25 34.69
14 25 53.543
14 25 44.03
14 25 92.554
14 19 57.166
14 19 99.834
14 19 21.027
14 19 67.378
14 19 64.009
14 19 35.287
14 19 43.279
14 19 93.043
14 19 86.75
14 19 89.35
14 19 95.91
14 15 13.329
14 15 67.195
14 15 92.545
14 15 89.845
14 15 67.467
14 15 76.013
14 15 63.194
14 15 12.518
14 15 87.685
14 15 29.809
14 15 36.695
14 15 18.599
14 15 94.899
14 15 27.112
14 15 72.961
14 15 10.587
14 29 54.888
14 29 71.344
14 29 45.824
14 29 79.465
14 29 70.719
14 29 13.797
14 29 93.295
14 29 95.72
14 29 54.4
14 29 50.434
14 29 37.215
15 19 45.607
15 19 23.714
15 19 29.693
15 19 78.354
15 19 88.909
15 19 74.606
15 19 51.512
15 19 79.421
15 19 42.571
15 19 31.646
15 19 70.489
15 19 58.765
15 19 46.015
15 19 18.14
15 19 71.198
15 19 64.619
15 19 98.443
15 19 53.759
15 19 25.365
15 19 45.846
15 29 19.577
15 29 58.436
15 29 96.834
15 29 69.205
15 29 12.653
15 29 74.082
15 29 49.035
15 29 88.421
15 29 58.487
15 29 98.064
15 29 30.325
15 29 78.161
15 29 14.917
15 20 29.281
15 20 34.885
15 20 54.191
15 20 81.514
15 20 39.456
15 20 42.439
15 20 29.547
15 20 66.013
15 20 10.188
15 20 42.419
15 20 77.068
15 20 64.464
15 20 79.517
15 23 31.87
15 23 23.932
15 23 81.436
15 23 75.394
15 23 26.768
15 23 15.05
15 23 17.014
15 23 57.649
15 23 47.51
15 23 27.878
15 23 84.19
15 23 57.377
15 23 20.908
15 23 38.598
15 23 54.123
15 23 39.409
15 23 61.575
15 23 58.881
15 23 91.201
15 23 98.818
15 23 35.474
15 23 59.511
15 23 48.145
15 23 51.252
15 23 97.516
15 23 63.407
15 24 82.675
15 24 94.216
15 24 53.915
15 24 84.956
15 24 32.997
15 24 18.051
15 24 30.857
15 24 70.771
15 24 33.279
15 24 52.591
15 24 25.26
15 24 86.016
15 24 99.751
15 24 22.731
15 21 27.382
15 21 54.068
15 21 50.345
15 21 56.913
15 21 14.22
15 21 90.687
15 21 95.226
15 21 96.028
15 21 41.203
15 21 81.346
15 21 20.666
15 21 52.162
15 21 42.56
15 21 96.373
15 21 11.23
15 21 27.931
15 21 21.45
15 21 21.679
15 28 25.662
15 28 36.213
15 28 99.637
15 28 55.494
15 28 23.823
15 28 40.991
15 28 55.75
15 28 91.646
15 28 14.641
15 28 48.44
15 28 42.709
15 28 37.329
15 28 75.855
15 28 87.578
15 28 97.057
15 28 73.985
15 28 13.494
15 28 20.559
15 28 57.422
15 28 55.684
15 28 85.143
15 28 97.692
15 17 32.428
15 17 41.061
15 17 77.231
15 17 99.697
15 17 11.992
15 17 41.29
15 17 99.232
15 17 45.579
15 17 12.724
15 17 29.009
15 17 41.339
15 17 83.318
15 17 18.767
15 17 99.071
15 17 87.595
15 16 51.839
15 16 49.398
15 16 41.392
15 16 39.124
15 16 33.807
15 16 60.337
15 16 66.074
15 16 34.829
15 16 13.026
15 16 73.581
15 16 89.781
15 16 55.077
15 16 75.537
15 16 77.333
15 16 54.621
15 25 65.658
15 25 36.563
15 25 97.485
15 25 46.822
15 25 61.544
15 25 42.333
15 25 28.963
15 25 79.727
15 25 44.387
15 25 42.532
15 25 36.197
15 25 11.969
15 25 32.034
15 25 49.246
15 25 87.049
15 25 31.296
15 27 53.489
15 27 32.5
15 27 98.792
15 27 41.083
15 27 29.922
15 27 49.876
15 27 50.863
15 27 33.126
15 27 68.845
15 27 16.265
15 27 71.018
15 27 66.797
15 27 20.608
15 27 73.83
15 27 62.772
15 27 65.109
15 27 97.871
15 27 59.485
15 18 63.707
15 18 25.346
15 18 98.525
15 18 50.968
15 18 22.658
15 18 94.987
15 18 75.14
15 18 20.16
15 18 21.338
15 18 82.751
15 18 57.742
15 18 60.684
15 18 40.124
15 22 54.01
15 22 92.724
15 22 22.288
15 22 74.499
15 22 94.526
15 22 36.965
15 22 64.43
15 22 56.774
15 22 13.801
15 22 54.802
15 22 84.657
15 22 18.47
15 22 33.677
15 22 81.707
15 22 19.415
15 15 28.8
15 15 51.475
15 15 10.39
15 15 84.313
15 15 92.455
15 15 58.055
15 15 11.767
15 26 47.407
15 26 81.991
15 26 65.244
15 26 76.55
15 26 37.252
15 26 67.282
15 26 85.101
15 26 90.955
15 26 40.023
15 26 37.781
15 26 51.418
15 26 13.106
15 26 48.624
15 26 88.953
15 26 10.143
15 26 51.423
15 26 36.996
16 24 40.294
16 24 57.032
16 24 38.686
16 24 18.379
16 24 65.645
16 24 22.821
16 24 70.905
16 24 98.81
16 24 80.094
16 24 14.759
16 24 72.262
16 24 44.574
16 24 80.512
16 24 50.471
16 20 36.86
16 20 60.285
16 20 53.253
16 20 18.036
16 20 32.162
16 20 13.913
16 20 92.297
16 20 66.66
16 20 40.664
16 20 30.072
16 20 13.412
16 20 64.424
16 20 43.98
16 20 45.156
16 20 40.18
16 20 12.614
16 28 15.277
16 28 72.192
16 28 47.085
16 28 47.34
16 28 30.564
16 28 51.129
16 28 51.041
16 28 14.13
16 28 86.152
16 28 39.228
16 28 72.395
16 28 36.405
16 28 97.54
16 28 88.861
16 28 70.354
16 28 37.58
16 28 25.996
16 28 89.268
16 19 33.868
16 19 45.971
16 19 78.08
16 19 86.605
16 19 51.14
16 19 45.84
16 19 77.091
16 19 63.824
16 19 29.881
16 19 90.39
16 19 36.852
16 19 80.297
16 19 20.605
16 19 19.582
16 19 67.725
16 19 61.763
16 19 50.949
16 19 59.661
16 19 74.509
16 19 34.673
16 19 52.182
16 19 77.652
16 27 20.408
16 27 20.922
16 27 68.636
16 27 40.484
16 27 37.147
16 27 58.967
16 27 79.748
16 27 26.978
16 27 86.396
16 27 91.695
16 27 22.158
16 27 78.864
16 27 98.53
16 27 55.057
16 27 48.496
16 27 62.83
16 27 51.454
16 27 63.919
16 27 35.38
16 27 21.315
16 27 38.577
16 18 37.085
16 18 61.987
16 18 30.9
16 18 58.299
16 18 49.766
16 18 80.378
16 18 11.805
16 18 57.079
16 18 61.357
16 18 22.633
16 18 23.867
16 18 17.041
16 18 61.321
16 18 75.395
16 18 47.958
16 18 55.283
16 18 30.748
16 18 35.043
16 18 38.399
16 18 34.777
16 26 69.747
16 26 46.052
16 26 23.08
16 26 83.06
16 26 68.02
16 26 82.219
16 26 19.94
16 26 60.472
16 26 55.522
16 26 75.073
16 26 52.469
16 29 53.614
16 29 39.967
16 29 96.932
16 29 99.991
16 29 82.074
16 29 61.41
16 29 35.741
16 29 85.467
16 29 54.414
16 29 21.203
16 29 91.416
16 29 61.486
16 29 17.265
16 29 89.044
16 29 15.213
16 29 16.048
16 22 63.711
16 22 34.07
16 22 30.292
16 22 71.593
16 22 77.477
16 22 73.256
16 22 68.372
16 22 26.584
16 22 45.498
16 22 12.462
16 22 70.996
16 22 96.377
16 22 69.831
16 22 93.076
16 22 97.438
16 22 22.356
16 22 65.148
16 22 31.694
16 22 70.487
16 22 98.224
16 17 13.231
16 17 90.543
16 17 45.375
16 17 77.482
16 17 62.98
16 17 34.298
16 17 22.724
16 17 60.174
16 17 83.384
16 17 29.735
16 17 99.273
16 17 29.455
16 17 79.342
16 17 97.464
16 25 31.414
16 25 95.311
16 25 13.623
16 25 10.231
16 25 53.621
16 25 87.46
16 25 89.14
16 25 82.903
16 25 89.325
16 25 98.367
16 25 98.765
16 25 13.2
16 25 29.191
16 25 94.676
16 25 54.356
16 25 31.307
16 25 30.244
16 25 80.699
16 25 57.483
16 25 75.63
16 25 49.572
16 21 79.379
16 21 41.268
16 21 13.044
16 21 68.207
16 21 60.219
16 21 63.673
16 21 19.088
16 21 87.363
16 21 19.838
16 21 89.715
16 21 97.049
16 21 17.557
16 21 83.358
16 21 73.822
16 21 78.448
16 21 81.261
16 21 46.286
16 23 13.397
16 23 81.548
16 23 14.371
16 23 71.703
16 23 35.782
16 23 71.48
16 23 52.156
16 23 38.161
16 23 65.087
16 23 36.941
16 23 20.039
16 23 89.189
16 23 47.045
16 23 36.84
16 23 89.415
16 23 38.527
16 23 83.844
16 16 50.532
16 16 79.04
16 16 53.019
16 16 73.685
16 16 45.489
16 16 40.757
16 16 35.318
16 16 33.066
16 16 41.703
16 16 92.941
17 21 21.234
17 21 26.193
17 21 64.09
17 21 66.727
17 21 18.703
17 21 15.489
17 21 88.583
17 21 73.911
17 21 24.926
17 21 76.913
17 21 43.07
17 21 41.378
17 21 22.218
17 21 79.695
17 21 52.452
17 23 36.386
17 23 33.647
17 23 58.228
17 23 14.622
17 23 75.081
17 23 22.596
17 23 97.792
17 23 65.166
17 23 13.701
17 23 99.984
17 23 63.325
17 23 39.297
17 23 68.673
17 23 90.323
17 23 77.716
17 23 96.185
17 23 28.961
17 23 21.128
17 18 88.873
17 18 99.649
17 18 78.659
17 18 53.948
17 18 66.478
17 18 19.37
17 18 20.562
17 18 56.958
17 18 89.479
17 18 67.019
17 18 33.956
17 18 86.808
17 18 51.258
17 20 55.69
17 20 49.784
17 20 34.701
17 20 44.172
17 20 16.34
17 20 14.844
17 20 69.415
17 20 41.845
17 20 77.777
17 20 73.84
17 20 93.855
17 20 86.26
17 20 11.612
17 20 17.628
17 20 66.152
17 20 45.399
17 20 20.888
17 28 12.827
17 28 60.552
17 28 21.679
17 28 34.402
17 28 68.402
17 28 52.313
17 28 44.845
17 28 78.186
17 28 93.189
17 28 82.669
17 22 69.568
17 22 18.409
17 22 94.505
17 22 44.135
17 22 30.327
17 22 84.871
17 22 12.789
17 22 73.859
17 22 39.854
17 22 25.708
17 22 81.684
17 22 82.36
17 22 92.571
17 22 45.133
17 22 14.298
17 22 87.063
17 22 89.559
17 22 51.715
17 22 60.125
17 22 47.633
17 22 26.754
17 22 74.329
17 26 15.486
17 26 47.712
17 26 75.792
17 26 10.531
17 26 91.689
17 26 80.067
17 26 39.035
17 26 11.59
17 26 78.019
17 26 64.617
17 26 79.117
17 26 79.715
17 26 58.692
17 26 70.095
17 26 46.766
17 27 36.944
17 27 12.427
17 27 15.398
17 27 22.455
17 27 75.158
17 27 55.3
17 27 84.821
17 27 28.383
17 27 14.867
17 27 71.995
17 27 97.472
17 27 41.562
17 19 23.328
17 19 63.591
17 19 13.587
17 19 21.791
17 19 73.33
17 19 23.758
17 19 65.444
17 19 47.259
17 19 62.882
17 19 76.461
17 19 95.228
17 19 87.566
17 19 95.42
17 19 94.523
17 19 13.679
17 19 73.439
17 19 44.622
17 19 73.861
17 19 32.763
17 19 92.623
17 19 59.63
17 19 34.573
17 17 85.035
17 17 35.175
17 17 25.018
17 17 83.811
17 17 90.992
17 17 78.365
17 25 11.231
17 25 51.614
17 25 41.178
17 25 89.212
17 25 33.194
17 25 58.23
17 25 53.44
17 25 68.451
17 25 81.822
17 25 76.587
17 25 20.367
17 25 70.366
17 25 19.276
17 25 64.458
17 25 44.16
17 25 53.089
17 25 17.116
17 25 97.831
17 25 45.014
17 24 53.764
17 24 39.844
17 24 55.489
17 24 33.874
17 24 35.148
17 24 54.161
17 24 94.154
17 24 37.14
17 24 10.895
17 24 63.73
17 24 36.476
17 24 59.754
17 24 53.286
17 24 86.11
17 29 11.83
17 29 94.104
17 29 72.655
17 29 11.38
17 29 60.909
17 29 48.953
17 29 50.812
17 29 64.022
17 29 27.115
17 29 83.714
17 29 83.953
17 29 86.801
17 29 90.483
17 29 50.398
17 29 14.698
17 29 21.772
17 29 75.278
17 29 60.905
17 29 77.47
17 29 30.188
17 29 47.897
17 29 85.491
17 29 49.748
17 29 16.954
18 24 48.559
18 24 72.115
18 24 37.809
18 24 68.996
18 24 23.877
18 24 19.158
18 24 30.357
18 24 38.125
18 24 66.382
18 24 35.013
18 24 37.352
18 24 50.714
18 24 52.825
18 24 89.67
18 24 95.969
18 24 69.159
18 24 68.354
18 24 49.223
18 24 97.599
18 24 75.589
18 25 45.946
18 25 70.961
18 25 13.621
18 25 48.741
18 25 72.139
18 25 47.763
18 25 10.64
18 25 88.402
18 25 16.779
18 25 18.526
18 25 14.096
18 25 56.561
18 25 15.203
18 25 16.639
18 25 95.959
18 25 39.041
18 25 95.32
18 25 19.829
18 25 30.02
18 25 44.007
18 25 72.505
18 25 29.349
18 27 95.225
18 27 17.097
18 27 64.25
18 27 59.47
18 27 71.263
18 27 22.267
18 27 88.417
18 27 38.484
18 27 66.652
18 27 48.861
18 27 77.256
18 27 82.107
18 27 75.215
18 27 13.518
18 27 17.999
18 27 53.155
18 27 55.289
18 27 12.934
18 27 78.452
18 27 70.725
18 28 52.911
18 28 72.155
18 28 64.807
18 28 86.141
18 28 17.645
18 28 76.351
18 28 93.449
18 28 14.296
18 28 35.513
18 28 14.317
18 28 29.603
18 28 36.401
18 28 53.332
18 28 60.082
18 28 23.718
18 26 43.229
18 26 48.636
18 26 12.915
18 26 74.902
18 26 80.728
18 26 41.573
18 26 46.645
18 26 77.692
18 26 99.133
18 26 93.203
18 26 18.82
18 26 85.045
18 26 47.085
18 26 70.759
18 26 61.568
18 26 97.15
18 26 81.646
18 26 81.572
18 26 53.013
18 26 22.526
18 21 57.802
18 21 97.895
18 21 92.884
18 21 69.161
18 21 84.526
18 21 40.941
18 21 22.594
18 21 25.629
18 21 77.308
18 21 68.488
18 21 11.655
18 21 12.421
18 21 31.571
18 21 48.281
18 21 82.528
18 21 14.12
18 21 23.274
18 21 92.143
18 23 76.117
18 23 34.611
18 23 65.27
18 23 70.671
18 23 80.159
18 23 90.356
18 23 27.97
18 23 10.738
18 23 23.602
18 23 13.663
18 23 85.848
18 23 27.019
18 23 66.806
18 23 55.21
18 23 82.903
18 23 77.655
18 23 74.73
18 23 75.639
18 22 62.841
18 22 36.571
18 22 50.401
18 22 49.398
18 22 75.175
18 22 94.27
18 22 75.994
18 22 85.421
18 22 15.369
18 22 42.631
18 22 17.401
18 22 57.325
18 22 98.542
18 22 50.628
18 22 25.33
18 22 89.902
18 22 36.405
18 22 84.099
18 29 49.23
18 29 63.66
18 29 13.357
18 29 27.102
18 29 24.502
18 29 87.45
18 29 90.079
18 29 16.814
18 29 96.166
18 29 89.725
18 29 41.917
18 19 46.73
18 19 71.236
18 19 97.467
18 19 33.294
18 19 73.065
18 19 45.467
18 19 67.803
18 19 91.544
18 19 66.091
18 19 21.639
18 19 33.339
18 19 49.468
18 19 50.016
18 19 45.935
18 19 48.619
18 19 55.303
18 20 31.774
18 20 53.995
18 20 27.982
18 20 17.564
18 20 24.85
18 20 62.914
18 20 25.346
18 20 49.251
18 20 69.347
18 20 35.273
18 20 59.106
18 20 44.339
18 20 93.993
18 20 51.456
18 20 12.042
18 20 71.761
18 20 21.234
18 20 83.036
18 20 87.927
18 20 28.561
18 20 98.632
18 20 60.324
18 20 34.746
18 18 89.174
18 18 53.464
18 18 16.196
18 18 27.649
18 18 63.443
18 18 32.034
18 18 16.294
18 18 24.149
18 18 15.471
18 18 18.77
18 18 52.955
19 19 33.807
19 19 32.533
19 19 99.737
19 19 80.394
19 24 24.539
19 24 49.111
19 24 55.821
19 24 34.029
19 24 12.046
19 24 45.703
19 24 97.042
19 24 82.458
19 24 89.443
19 24 15.172
19 24 56.04
19 24 92.338
19 24 16.887
19 24 92.799
19 24 44.325
19 24 55.398
19 24 18.976
19 24 23.192
19 24 86.06
19 24 21.088
19 24 51.08
19 25 80.662
19 25 64.293
19 25 39.089
19 25 21.794
19 25 77.491
19 25 14.911
19 25 17.378
19 25 23.949
19 25 30.945
19 25 94.055
19 25 77.737
19 25 67.699
19 25 64.27
19 25 39.192
19 25 53.305
19 25 20.832
19 25 81.415
19 25 26.732
19 25 71.065
19 25 16.044
19 25 85.426
19 28 77.453
19 28 49.078
19 28 64.906
19 28 85.963
19 28 11.68
19 28 12.845
19 28 64.9
19 28 65.393
19 28 25.486
19 28 28.926
19 20 68.924
19 20 15.421
19 20 24.287
19 20 74.906
19 20 14.825
19 20 29.712
19 20 34.148
19 20 10.792
19 20 13.398
19 20 40.879
19 20 27.906
19 20 41.847
19 20 42.273
19 20 92.089
19 20 57.081
19 20 61.649
19 20 69.629
19 20 61.535
19 20 81.456
19 20 72.956
19 20 32.544
19 20 37.955
19 20 91.268
19 27 40.167
19 27 24.175
19 27 34.8
19 27 31.491
19 27 68.987
19 27 69.483
19 27 58.327
19 27 24.111
19 27 58.225
19 27 29.401
19 27 83.638
19 27 40.035
19 27 37.859
19 27 19.308
19 27 65.843
19 21 83.351
19 21 28.486
19 21 20.596
19 21 19.57
19 21 68.725
19 21 62.42
19 21 65.497
19 21 35.905
19 23 81.938
19 23 47.886
19 23 20.558
19 23 17.003
19 23 31.785
19 23 34.415
19 23 61.034
19 23 80.284
19 23 13.853
19 23 76.86
19 23 79.151
19 23 89.382
19 23 80.093
19 23 35.063
19 23 72.244
19 23 37.966
19 23 76.536
19 23 77.731
19 23 59.767
19 23 64.968
19 26 69.241
19 26 30.063
19 26 58.051
19 26 42.354
19 26 47.551
19 26 49.774
19 26 43.67
19 26 27.117
19 26 34.434
19 26 92.708
19 26 78.516
19 29 90.382
19 29 25.756
19 29 25.762
19 29 90.043
19 29 89.082
19 29 42.006
19 29 68.686
19 29 14.122
19 29 91.502
19 29 58.348
19 29 59.026
19 29 29.096
19 29 15.793
19 22 66.949
19 22 65.642
19 22 92.675
19 22 65.525
19 22 22.892
19 22 27.117
19 22 43.98
19 22 21.067
20 24 65.667
20 24 93.019
20 24 90.228
20 24 67.177
20 24 85.705
20 24 53.103
20 24 69.773
20 24 31.073
20 24 79.83
20 24 63.075
20 24 62.683
20 24 11.259
20 24 56.795
20 24 23.586
20 24 39.341
20 24 72.504
20 24 63.898
20 24 75.002
20 24 70.191
20 24 77.434
20 24 63.571
20 29 67.857
20 29 41.411
20 29 31.856
20 29 84.893
20 29 82.218
20 29 25.948
20 29 44.424
20 29 51.484
20 29 27.369
20 29 98.211
20 29 16.868
20 29 53.537
20 29 41.523
20 29 71.017
20 29 63.21
20 29 73.681
20 29 68.467
20 29 30.513
20 26 58.259
20 26 38.453
20 26 58.873
20 26 42.333
20 26 34.599
20 26 16.749
20 26 94.093
20 26 54.493
20 26 24.453
20 26 98.204
20 26 33.522
20 26 39.836
20 26 62.196
20 26 72.668
20 26 45.774
20 26 61.924
20 26 31.144
20 26 78.902
20 26 30.87
20 28 98.274
20 28 27.112
20 28 96.762
20 28 85.384
20 28 86.257
20 28 21.377
20 28 40.487
20 28 77.949
20 28 18.16
20 28 68.145
20 28 21.706
20 28 80.669
20 28 67.77
20 28 92.5
20 28 40.298
20 28 24.988
20 23 70.697
20 23 97.463
20 23 25.177
20 23 91.102
20 23 62.913
20 23 54.797
20 23 88.649
20 23 58.528
20 23 55.022
20 23 83.144
20 23 24.733
20 23 42.025
20 23 88.896
20 23 67.403
20 23 46.79
20 23 52.472
20 23 37.427
20 20 54.471
20 20 96.151
20 20 17.582
20 20 15.463
20 20 96.264
20 20 70.579
20 20 49.969
20 20 45.137
20 25 40.118
20 25 34.849
20 25 71.787
20 25 16.309
20 25 65.12
20 25 42.777
20 25 40.995
20 25 81.386
20 25 13.465
20 25 50.478
20 25 57.213
20 25 50.903
20 25 71.834
20 25 14.597
20 27 80.931
20 27 68.491
20 27 61.02
20 27 43.652
20 27 89.751
20 27 96.799
20 27 82.535
20 27 99.731
20 27 50.091
20 27 14.381
20 27 48.866
20 27 62.712
20 27 63.208
20 27 92.944
20 27 97.205
20 27 21.114
20 22 27.199
20 22 93.459
20 22 49.909
20 22 80.823
20 22 13.122
20 22 60.477
20 22 56.138
20 22 71.964
20 22 39.952
20 22 72.712
20 22 25.705
20 22 73.384
20 21 25.668
20 21 37.254
20 21 48.448
20 21 18.208
20 21 10.801
20 21 41.141
20 21 75.968
20 21 70.058
20 21 78.898
20 21 37.499
20 21 35.466
20 21 24.402
20 21 94.256
20 21 14.668
20 21 32.009
20 21 11.07
20 21 90.731
20 21 50.061
20 21 56.398
20 21 27.909
20 21 23.385
20 21 90.377
20 21 53.574
21 29 10.051
21 29 68.811
21 29 12.439
21 29 81.327
21 29 29.09
21 29 21.001
21 29 96.797
21 29 92.767
21 29 21.908
21 29 21.73
21 29 49.617
21 29 27.043
21 29 71.047
21 29 75.772
21 29 87.126
21 29 48.238
21 29 23.914
21 26 48.795
21 26 77.411
21 26 55.227
21 26 67.884
21 26 58.117
21 26 30.488
21 26 20.65
21 26 33.701
21 26 34.418
21 26 47.256
21 26 88.968
21 26 31.981
21 26 56.221
21 26 80.915
21 26 55.605
21 26 34.4
21 23 99.588
21 23 71.123
21 23 74.652
21 23 44.109
21 23 18.931
21 23 43.06
21 23 61.559
21 23 59.0
21 23 44.304
21 23 91.04
21 23 67.519
21 23 99.593
21 23 18.366
21 23 91.319
21 23 14.541
21 23 69.736
21 23 60.083
21 23 92.926
21 23 43.832
21 23 34.246
21 23 99.816
21 23 25.635
21 28 19.323
21 28 55.934
21 28 99.346
21 28 87.637
21 28 82.962
21 28 42.265
21 28 53.196
21 28 45.771
21 28 93.768
21 28 65.678
21 28 45.356
21 28 81.989
21 28 71.598
21 28 86.143
21 28 23.52
21 28 18.832
21 28 22.433
21 28 43.237
21 28 19.101
21 25 19.251
21 25 17.632
21 25 66.203
21 25 98.811
21 25 50.056
21 25 88.824
21 25 29.957
21 25 11.149
21 25 96.02
21 25 10.017
21 25 37.435
21 25 97.385
21 25 95.087
21 25 76.717
21 25 90.562
21 25 76.257
21 25 67.052
21 22 29.233
21 22 53.624
21 22 31.492
21 22 93.069
21 22 80.318
21 22 29.332
21 22 70.867
21 22 17.027
21 22 31.258
21 22 91.305
21 22 75.861
21 22 20.985
21 22 48.861
21 22 89.58
21 22 22.877
21 22 36.091
21 22 40.895
21 22 36.21
21 21 85.236
21 21 82.558
21 21 21.299
21 21 96.186
21 21 70.887
21 21 57.922
21 21 43.449
21 21 58.473
21 24 83.928
21 24 67.037
21 24 60.736
21 24 20.64
21 24 62.624
21 24 88.02
21 24 96.835
21 24 65.778
21 24 89.709
21 24 45.731
21 24 15.033
21 24 65.12
21 24 77.418
21 24 24.789
21 24 56.647
21 24 17.563
21 24 13.565
21 24 83.915
21 24 64.628
21 27 81.315
21 27 71.722
21 27 44.791
21 27 39.123
21 27 45.604
21 27 30.571
21 27 12.919
21 27 49.185
21 27 64.111
21 27 46.928
21 27 93.21
21 27 10.008
21 27 51.605
21 27 23.32
21 27 23.242
21 27 59.205
21 27 16.378
21 27 99.18
21 27 17.642
21 27 28.233
21 27 37.006
22 29 44.068
22 29 94.968
22 29 36.337
22 29 75.377
22 29 76.341
22 29 77.012
22 29 52.697
22 29 16.914
22 29 15.895
22 29 70.759
22 29 69.911
22 29 94.733
22 29 96.985
22 29 10.798
22 29 35.297
22 29 59.201
22 29 88.128
22 29 11.098
22 28 61.394
22 28 55.43
22 28 56.202
22 28 80.592
22 28 47.436
22 28 63.547
22 28 72.943
22 28 66.264
22 28 57.738
22 28 70.878
22 28 77.082
22 28 48.248
22 28 13.189
22 28 38.631
22 28 93.465
22 24 37.227
22 24 83.737
22 24 28.701
22 24 24.254
22 24 82.415
22 24 17.113
22 24 59.509
22 24 28.868
22 24 19.261
22 24 81.638
22 24 99.641
22 24 52.774
22 24 40.095
22 24 79.311
22 24 97.27
22 24 93.146
22 24 97.556
22 24 19.541
22 24 10.981
22 24 88.742
22 24 49.588
22 25 97.498
22 25 92.209
22 25 60.158
22 25 15.007
22 25 56.196
22 25 54.856
22 25 14.998
22 25 99.148
22 25 97.981
22 25 21.112
22 25 57.851
22 25 11.341
22 25 38.18
22 25 40.965
22 27 27.85
22 27 19.046
22 27 42.642
22 27 16.69
22 27 75.945
22 27 87.833
22 27 86.842
22 27 74.779
22 27 14.021
22 27 47.606
22 27 22.885
22 27 82.116
22 27 63.668
22 26 58.072
22 26 76.478
22 26 28.35
22 26 45.73
22 26 16.224
22 26 67.847
22 26 40.845
22 26 21.554
22 26 65.674
22 26 63.651
22 26 51.335
22 26 28.881
22 26 62.238
22 26 65.148
22 26 50.456
22 26 65.307
22 23 97.624
22 23 19.891
22 23 31.267
22 23 64.683
22 23 92.55
22 23 55.612
22 23 13.179
22 23 99.528
22 23 15.042
22 23 15.193
22 23 13.091
22 23 12.371
22 23 49.625
22 23 80.279
22 23 14.071
22 23 78.615
22 22 28.406
22 22 61.771
22 22 83.618
22 22 28.283
22 22 37.367
22 22 64.838
22 22 24.247
23 25 80.779
23 25 87.535
23 25 81.641
23 25 74.203
23 25 70.47
23 25 64.17
23 25 51.571
23 25 32.211
23 25 76.24
23 25 50.952
23 25 84.723
23 25 92.977
23 25 85.791
23 25 98.101
23 26 91.617
23 26 49.373
23 26 78.894
23 26 70.139
23 26 44.555
23 26 23.461
23 26 16.335
23 26 37.179
23 26 20.674
23 26 91.145
23 26 19.751
23 26 89.157
23 26 45.94
23 24 46.97
23 24 22.984
23 24 96.592
23 24 65.248
23 24 94.715
23 24 43.508
23 24 35.615
23 24 48.739
23 24 67.422
23 24 71.038
23 24 94.523
23 24 58.341
23 24 18.882
23 24 93.84
23 24 59.887
23 24 42.197
23 24 95.634
23 24 33.925
23 24 82.719
23 24 15.381
23 29 64.577
23 29 89.384
23 29 31.54
23 29 15.032
23 29 61.842
23 29 39.836
23 29 15.798
23 29 82.139
23 29 83.296
23 29 48.785
23 29 34.063
23 29 78.936
23 29 29.48
23 29 89.787
23 23 13.807
23 23 51.546
23 23 97.494
23 23 93.302
23 23 62.08
23 23 49.009
23 23 60.683
23 23 32.493
23 23 92.865
23 23 86.117
23 28 95.809
23 28 68.134
23 28 15.701
23 28 83.543
23 28 68.611
23 28 77.119
23 28 76.731
23 28 47.196
23 28 10.28
23 28 23.507
23 28 43.589
23 28 89.463
23 27 65.651
23 27 35.576
23 27 12.978
23 27 88.683
23 27 78.48
23 27 31.274
23 27 83.207
23 27 28.485
23 27 88.344
23 27 30.209
23 27 72.403
23 27 61.228
23 27 69.172
23 27 65.615
23 27 74.623
23 27 50.949
24 28 36.045
24 28 98.679
24 28 12.605
24 28 98.006
24 28 66.227
24 28 37.988
24 28 40.217
24 28 77.136
24 28 37.434
24 28 53.803
24 28 44.485
24 28 22.467
24 28 42.392
24 28 72.435
24 28 57.917
24 28 83.646
24 26 60.39
24 26 25.767
24 26 27.092
24 26 17.273
24 26 60.251
24 26 81.405
24 26 18.053
24 26 27.543
24 26 24.198
24 26 55.531
24 26 89.889
24 26 13.912
24 26 44.328
24 26 80.23
24 26 77.14
24 26 12.651
24 26 84.411
24 26 19.551
24 25 76.237
24 25 22.499
24 25 39.374
24 25 28.596
24 25 85.107
24 25 35.748
24 25 80.698
24 25 83.821
24 25 12.856
24 25 26.192
24 25 19.628
24 25 38.647
24 25 21.478
24 25 23.106
24 25 71.356
24 25 45.122
24 25 23.517
24 25 81.311
24 25 80.892
24 29 29.983
24 29 16.92
24 29 13.88
24 29 17.524
24 29 17.253
24 29 99.804
24 29 78.941
24 27 91.208
24 27 58.414
24 27 84.642
24 27 31.895
24 27 87.138
24 27 46.053
24 27 45.318
24 27 52.894
24 27 99.423
24 27 12.844
24 27 69.195
24 27 73.698
24 27 45.775
24 27 72.955
24 27 53.944
24 27 62.494
24 27 27.956
24 27 52.94
24 27 35.854
24 27 29.598
24 24 10.575
24 24 62.559
24 24 19.983
24 24 12.132
24 24 36.721
24 24 50.917
24 24 50.839
24 24 56.702
24 24 79.977
25 27 42.547
25 27 41.709
25 27 58.32
25 27 52.816
25 27 74.41
25 27 69.433
25 27 33.732
25 27 75.959
25 27 60.571
25 27 77.354
25 27 11.976
25 25 37.676
25 25 68.858
25 25 54.462
25 25 36.22
25 25 10.65
25 25 30.91
25 25 87.371
25 25 53.38
25 25 22.604
25 25 45.856
25 26 52.065
25 26 30.711
25 26 43.122
25 26 39.469
25 26 37.735
25 26 58.098
25 26 57.083
25 26 37.191
25 26 68.426
25 26 65.21
25 26 54.255
25 26 56.028
25 26 98.756
25 26 78.635
25 26 29.251
25 26 72.557
25 28 35.757
25 28 98.95
25 28 61.056
25 28 65.327
25 28 11.685
25 28 67.42
25 28 98.007
25 28 49.026
25 28 92.263
25 28 39.023
25 28 45.201
25 28 30.553
25 29 34.721
25 29 49.814
25 29 36.052
25 29 71.745
25 29 31.222
25 29 89.692
25 29 60.596
25 29 72.585
25 29 12.243
25 29 20.055
25 29 77.354
25 29 96.467
25 29 82.215
25 29 61.231
25 29 32.473
25 29 87.112
25 29 63.359
25 29 85.448
25 29 71.434
25 29 17.438
26 29 16.229
26 29 88.028
26 29 12.4
26 29 79.344
26 29 54.948
26 29 67.29
26 29 98.019
26 29 88.087
26 29 31.469
26 29 44.996
26 29 44.242
26 29 59.761
26 29 73.459
26 29 88.982
26 29 64.512
26 29 72.666
26 29 92.111
26 29 60.189
26 28 95.68
26 28 67.469
26 28 50.925
26 28 64.463
26 28 10.271
26 28 29.067
26 28 75.199
26 28 81.211
26 28 46.98
26 28 15.186
26 28 35.467
26 28 60.235
26 28 90.714
26 28 19.579
26 28 81.089
26 27 92.164
26 27 93.154
26 27 49.947
26 27 20.853
26 27 87.664
26 27 42.767
26 27 73.698
26 27 34.551
26 27 97.653
26 27 64.514
26 27 42.527
26 27 73.587
26 27 77.133
26 27 80.037
26 27 68.003
26 27 52.262
26 27 94.656
26 27 34.996
26 27 62.67
26 27 31.923
26 26 72.411
26 26 32.747
26 26 11.22
26 26 63.453
26 26 13.038
26 26 49.212
26 26 75.264
27 29 19.868
27 29 76.225
27 29 61.65
27 29 92.638
27 29 72.326
27 29 23.015
27 29 76.165
27 29 45.725
27 29 21.227
27 29 31.44
27 28 75.617
27 28 46.002
27 28 89.902
27 28 97.646
27 28 48.008
27 28 74.288
27 28 84.964
27 28 41.384
27 28 54.625
27 28 60.45
27 28 23.508
27 28 51.043
27 28 53.827
27 28 55.744
27 28 40.877
27 28 49.327
27 28 68.892
27 28 13.367
27 28 30.938
27 28 27.373
27 28 44.58
27 28 91.449
27 27 46.574
27 27 81.609
27 27 64.207
27 27 92.158
27 27 45.903
27 27 27.496
27 27 17.491
27 27 68.279
28 29 22.086
28 29 34.864
28 29 35.034
28 29 24.899
28 29 17.759
28 29 52.444
28 29 98.469
28 29 57.534
28 29 66.396
28 29 71.16
28 29 38.82
28 29 84.044
28 29 71.08
28 29 92.701
28 29 69.851
28 29 92.938
28 29 76.77
28 29 84.533
28 29 11.367
28 28 61.893
28 28 63.654
28 28 54.755
28 28 37.166
28 28 81.62
28 28 52.231
28 28 78.257
28 28 69.682
28 28 56.605
28 28 31.982
28 28 63.932
29 29 86.745
29 29 93.689
29 29 89.538
29 29 28.692
29 29 50.918
29 29 97.269
29 29 13.963
29 29 94.9
29 29 18.023
29 29 17.632
29 29 52.508
29 29 24.524