25
0 1 21
0 2 64
0 3 96
0 4 44
0 5 96
0 6 27
0 7 90
0 8 55
0 9 65
0 10 8
0 11 71
0 12 85
0 13 33
0 14 93
0 15 66
0 16 66
0 17 26
0 18 27
0 19 73
0 20 30
0 21 5
0 22 18
0 23 37
0 24 88
1 2 13
1 3 76
1 4 25
1 5 45
1 6 39
1 7 9
1 8 11
1 9 23
1 10 64
1 11 65
1 12 82
1 13 66
1 14 63
1 15 74
1 16 5
1 17 60
1 18 57
1 19 87
1 20 21
1 21 48
1 22 39
1 23 85
1 24 2
2 3 19
2 4 97
2 5 81
2 6 56
2 7 8
2 8 14
2 9 20
2 10 42
2 11 29
2 12 59
2 13 11
2 14 74
2 15 3
2 16 45
2 17 80
2 18 6
2 19 78
2 20 83
2 21 32
2 22 61
2 23 82
2 24 63
3 4 9
3 5 29
3 6 87
3 7 54
3 8 29
3 9 21
3 10 91
3 11 16
3 12 30
3 13 89
3 14 75
3 15 73
3 16 62
3 17 44
3 18 71
3 19 32
3 20 69
3 21 3
3 22 21
3 23 92
3 24 75
4 5 77
4 6 34
4 7 31
4 8 5
4 9 79
4 10 56
4 11 93
4 12 69
4 13 33
4 14 1
4 15 15
4 16 13
4 17 39
4 18 96
4 19 23
4 20 99
4 21 99
4 22 66
4 23 37
4 24 22
5 6 5
5 7 88
5 8 84
5 9 53
5 10 85
5 11 54
5 12 93
5 13 96
5 14 98
5 15 57
5 16 17
5 17 61
5 18 2
5 19 55
5 20 71
5 21 80
5 22 1
5 23 43
5 24 47
6 7 56
6 8 10
6 9 86
6 10 25
6 11 80
6 12 89
6 13 63
6 14 12
6 15 57
6 16 8
6 17 2
6 18 48
6 19 42
6 20 10
6 21 50
6 22 18
6 23 84
6 24 3
7 8 18
7 9 51
7 10 85
7 11 39
7 12 34
7 13 1
7 14 87
7 15 38
7 16 41
7 17 59
7 18 43
7 19 48
7 20 24
7 21 2
7 22 50
7 23 8
7 24 59
8 9 52
8 10 57
8 11 78
8 12 40
8 13 71
8 14 13
8 15 52
8 16 71
8 17 45
8 18 53
8 19 60
8 20 23
8 21 12
8 22 4
8 23 38
8 24 61
9 10 10
9 11 2
9 12 10
9 13 52
9 14 35
9 15 50
9 16 55
9 17 89
9 18 37
9 19 51
9 20 34
9 21 63
9 22 66
9 23 96
9 24 3
10 11 42
10 12 30
10 13 17
10 14 75
10 15 22
10 16 70
10 17 47
10 18 93
10 19 42
10 20 59
10 21 53
10 22 5
10 23 26
10 24 20
11 12 75
11 13 14
11 14 39
11 15 31
11 16 5
11 17 49
11 18 27
11 19 49
11 20 24
11 21 60
11 22 33
11 23 71
11 24 11
12 13 17
12 14 23
12 15 46
12 16 6
12 17 15
12 18 96
12 19 90
12 20 63
12 21 82
12 22 37
12 23 65
12 24 29
13 14 42
13 15 72
13 16 92
13 17 83
13 18 86
13 19 23
13 20 63
13 21 64
13 22 85
13 23 82
13 24 44
14 15 51
14 16 28
14 17 87
14 18 64
14 19 61
14 20 84
14 21 11
14 22 11
14 23 25
14 24 56
15 16 21
15 17 11
15 18 79
15 19 68
15 20 52
15 21 95
15 22 80
15 23 11
15 24 96
16 17 49
16 18 71
16 19 85
16 20 70
16 21 38
16 22 59
16 23 98
16 24 58
17 18 39
17 19 45
17 20 17
17 21 93
17 22 98
17 23 53
17 24 85
18 19 89
18 20 33
18 21 55
18 22 44
18 23 14
18 24 90
19 20 80
19 21 70
19 22 96
19 23 37
19 24 41
20 21 54
20 22 86
20 23 94
20 24 76
21 22 14
21 23 37
21 24 47
22 23 47
22 24 96
23 24 17