21
0 1 93
0 20 15.0
1 2 57
1 3 83
1 4 34
1 5 91
1 6 47
1 7 54
1 8 51
1 9 59
1 10 86
1 20 33
1 17 22
1 18 88
1 19 92
2 3 12
2 4 74
2 5 74
2 6 93
2 7 85
2 8 11
2 9 72
2 10 70
2 19 98
3 4 6
3 5 89
3 6 29
3 7 74
3 8 73
3 9 71
3 10 44
3 18 73
4 5 87
4 6 14
4 7 39
4 8 3
4 9 17
4 10 27
4 17 30
5 6 93
5 7 14
5 8 75
5 9 6
5 10 50
5 16 48
6 7 10
6 8 28
6 9 68
6 10 99
6 15 63
7 8 53
7 9 21
7 10 63
7 14 83
8 9 45
8 10 62
8 13 6
9 10 71
9 12 45
10 11 29
11 15 65
11 16 41
11 17 99
11 18 51
11 19 43
11 20 42
12 15 18
12 16 96
12 17 76
12 18 29
12 19 50
12 20 19
13 15 30
13 16 2
13 17 79
13 18 68
13 19 92
13 20 36
14 15 79
14 16 12
14 17 86
14 18 48
14 19 76
14 20 94
16 20 64