29
0 1 55
0 2 93
0 3 10
0 4 4
0 5 35
0 6 93
0 7 57
0 8 66
0 9 22
0 10 94
0 11 44
0 12 83
0 13 21
0 14 19
0 15 54
0 16 63
0 17 5
0 18 13
0 19 23
0 20 1
0 21 16
0 22 36
0 23 78
0 24 10
0 25 44
0 26 50
0 27 43
0 28 32
1 2 93
1 3 10
1 4 84
1 5 6
1 6 28
1 7 83
1 8 89
1 9 74
1 10 62
1 11 71
1 12 4
1 13 77
1 14 21
1 15 94
1 16 61
1 17 9
1 18 72
1 19 19
1 20 30
1 21 63
1 22 51
1 23 28
1 24 14
1 25 70
1 26 82
1 27 41
1 28 30
2 3 83
2 4 80
2 5 92
2 6 19
2 7 89
2 8 68
2 9 13
2 10 11
2 11 64
2 12 17
2 13 94
2 14 19
2 15 51
2 16 38
2 17 32
2 18 11
2 19 93
2 20 46
2 21 27
2 22 29
2 23 88
2 24 74
2 25 62
2 26 39
2 27 41
2 28 28
3 4 90
3 5 30
3 6 53
3 7 53
3 8 38
3 9 61
3 10 38
3 11 30
3 12 32
3 13 65
3 14 12
3 15 19
3 16 66
3 17 4
3 18 47
3 19 30
3 20 44
3 21 19
3 22 12
3 23 54
3 24 19
3 25 6
3 26 93
3 27 23
3 28 46
4 5 20
4 6 27
4 7 67
4 8 43
4 9 81
4 10 50
4 11 94
4 12 94
4 13 46
4 14 48
4 15 39
4 16 45
4 17 25
4 18 31
4 19 45
4 20 45
4 21 75
4 22 86
4 23 95
4 24 55
4 25 98
4 26 60
4 27 93
4 28 42
5 6 86
5 7 6
5 8 18
5 9 95
5 10 71
5 11 26
5 12 16
5 13 27
5 14 39
5 15 57
5 16 83
5 17 9
5 18 21
5 19 58
5 20 20
5 21 79
5 22 22
5 23 5
5 24 83
5 25 17
5 26 97
5 27 8
5 28 65
6 7 78
6 8 82
6 9 8
6 10 31
6 11 2
6 12 86
6 13 43
6 14 52
6 15 78
6 16 45
6 17 37
6 18 44
6 19 87
6 20 19
6 21 47
6 22 30
6 23 68
6 24 27
6 25 23
6 26 74
6 27 43
6 28 35
7 8 59
7 9 68
7 10 35
7 11 98
7 12 91
7 13 14
7 14 7
7 15 79
7 16 30
7 17 69
7 18 47
7 19 60
7 20 21
7 21 55
7 22 38
7 23 74
7 24 94
7 25 91
7 26 61
7 27 21
7 28 74
8 9 1
8 10 86
8 11 45
8 12 47
8 13 96
8 14 90
8 15 17
8 16 76
8 17 76
8 18 38
8 19 63
8 20 24
8 21 36
8 22 82
8 23 25
8 24 23
8 25 24
8 26 57
8 27 42
8 28 5
9 10 4
9 11 25
9 12 60
9 13 29
9 14 25
9 15 74
9 16 7
9 17 74
9 18 26
9 19 45
9 20 87
9 21 35
9 22 28
9 23 4
9 24 47
9 25 62
9 26 55
9 27 92
9 28 49
10 11 8
10 12 37
10 13 77
10 14 12
10 15 43
10 16 50
10 17 93
10 18 74
10 19 67
10 20 75
10 21 24
10 22 67
10 23 77
10 24 1
10 25 54
10 26 19
10 27 60
10 28 63
11 12 70
11 13 77
11 14 28
11 15 92
11 16 26
11 17 17
11 18 3
11 19 97
11 20 30
11 21 57
11 22 40
11 23 69
11 24 35
11 25 63
11 26 71
11 27 14
11 28 63
12 13 19
12 14 47
12 15 89
12 16 83
12 17 20
12 18 50
12 19 98
12 20 16
12 21 59
12 22 40
12 23 16
12 24 51
12 25 82
12 26 48
12 27 38
12 28 5
13 14 74
13 15 95
13 16 38
13 17 54
13 18 93
13 19 42
13 20 52
13 21 91
13 22 10
13 23 65
13 24 87
13 25 64
13 26 51
13 27 63
13 28 84
14 15 42
14 16 33
14 17 89
14 18 83
14 19 99
14 20 36
14 21 62
14 22 24
14 23 94
14 24 53
14 25 24
14 26 90
14 27 57
14 28 58
15 16 83
15 17 69
15 18 51
15 19 77
15 20 51
15 21 71
15 22 86
15 23 36
15 24 14
15 25 45
15 26 94
15 27 46
15 28 65
16 17 66
16 18 80
16 19 65
16 20 15
16 21 78
16 22 99
16 23 48
16 24 3
16 25 95
16 26 54
16 27 36
16 28 5
17 18 95
17 19 11
17 20 31
17 21 14
17 22 25
17 23 22
17 24 25
17 25 3
17 26 60
17 27 89
17 28 31
18 19 84
18 20 89
18 21 47
18 22 32
18 23 70
18 24 56
18 25 9
18 26 85
18 27 39
18 28 73
19 20 89
19 21 87
19 22 84
19 23 67
19 24 37
19 25 91
19 26 93
19 27 97
19 28 27
20 21 82
20 22 33
20 23 28
20 24 22
20 25 34
20 26 50
20 27 84
20 28 91
21 22 95
21 23 11
21 24 45
21 25 34
21 26 53
21 27 47
21 28 51
22 23 38
22 24 78
22 25 65
22 26 96
22 27 62
22 28 69
23 24 43
23 25 49
23 26 30
23 27 70
23 28 77
24 25 68
24 26 49
24 27 81
24 28 51
25 26 78
25 27 60
25 28 71
26 27 26
26 28 15
27 28 65