28
0 1 30.856
1 2 41.454
2 3 50.187
3 4 73.515
4 5 85.976
5 6 92.417
6 7 19.957
7 8 97.109
8 9 43.198
9 10 39.072
10 11 28.633
11 12 21.437
12 13 62.307
13 14 37.166
14 15 8.787
15 16 81.904
16 17 12.57
17 18 8.44
18 19 16.701
19 20 58.664
20 21 86.935
21 22 68.962
22 23 91.845
23 24 64.905
24 25 33.93
25 26 46.038
26 27 24.671
0 7 26.248
1 8 47.927
2 9 52.469
3 10 41.198
4 11 11.127
5 12 61.178
6 13 89.166
7 14 87.218
8 15 33.662
9 16 88.674
10 17 27.881
11 18 66.58
12 19 58.206
13 20 15.291
14 21 7.231
15 22 19.017
16 23 75.618
17 24 10.032
18 25 9.154
19 26 89.347
20 27 57.151