29
0 1 41
0 2 8
0 3 54
0 4 4
0 5 41
0 6 51
0 7 26
0 8 21
0 9 30
0 10 99
0 11 31
0 12 80
0 13 51
0 14 78
0 15 54
0 16 87
0 17 84
0 18 5
0 19 48
0 20 80
0 21 93
0 22 66
0 23 84
0 24 18
0 25 64
0 26 40
0 27 35
0 28 40
1 2 42
1 3 17
1 4 57
1 5 84
1 6 26
1 7 64
1 8 55
1 9 41
1 10 32
1 11 19
1 12 9
1 13 62
1 14 60
1 15 57
1 16 64
1 17 33
1 18 44
1 19 18
1 20 4
1 21 98
1 22 98
1 23 64
1 24 19
1 25 78
1 26 34
1 27 51
1 28 49
2 3 61
2 4 50
2 5 19
2 6 5
2 7 18
2 8 22
2 9 14
2 10 57
2 11 63
2 12 70
2 13 56
2 14 30
2 15 30
2 16 19
2 17 46
2 18 86
2 19 38
2 20 54
2 21 22
2 22 52
2 23 60
2 24 57
2 25 16
2 26 39
2 27 95
2 28 4
3 4 58
3 5 15
3 6 71
3 7 64
3 8 71
3 9 51
3 10 17
3 11 55
3 12 98
3 13 17
3 14 83
3 15 95
3 16 78
3 17 86
3 18 91
3 19 59
3 20 23
3 21 56
3 22 48
3 23 10
3 24 17
3 25 45
3 26 38
3 27 65
3 28 76
4 5 37
4 6 56
4 7 11
4 8 12
4 9 59
4 10 56
4 11 75
4 12 42
4 13 45
4 14 67
4 15 77
4 16 17
4 17 26
4 18 32
4 19 90
4 20 54
4 21 78
4 22 77
4 23 63
4 24 39
4 25 68
4 26 91
4 27 5
4 28 62
5 6 95
5 7 56
5 8 43
5 9 64
5 10 35
5 11 39
5 12 30
5 13 62
5 14 91
5 15 16
5 16 86
5 17 84
5 18 70
5 19 81
5 20 63
5 21 68
5 22 26
5 23 31
5 24 57
5 25 31
5 26 97
5 27 31
5 28 14
6 7 26
6 8 38
6 9 33
6 10 18
6 11 58
6 12 1
6 13 81
6 14 75
6 15 11
6 16 77
6 17 49
6 18 86
6 19 79
6 20 46
6 21 33
6 22 45
6 23 19
6 24 75
6 25 77
6 26 85
6 27 4
6 28 63
7 8 37
7 9 71
7 10 66
7 11 64
7 12 1
7 13 79
7 14 88
7 15 92
7 16 9
7 17 50
7 18 15
7 19 18
7 20 47
7 21 80
7 22 8
7 23 57
7 24 98
7 25 9
7 26 34
7 27 75
7 28 96
8 9 88
8 10 45
8 11 32
8 12 79
8 13 25
8 14 90
8 15 84
8 16 84
8 17 13
8 18 48
8 19 29
8 20 95
8 21 25
8 22 65
8 23 43
8 24 97
8 25 32
8 26 43
8 27 35
8 28 3
9 10 6
9 11 43
9 12 52
9 13 81
9 14 86
9 15 10
9 16 42
9 17 23
9 18 86
9 19 98
9 20 58
9 21 4
9 22 60
9 23 18
9 24 46
9 25 14
9 26 88
9 27 68
9 28 84
10 11 97
10 12 6
10 13 1
10 14 61
10 15 44
10 16 29
10 17 71
10 18 2
10 19 11
10 20 60
10 21 37
10 22 83
10 23 28
10 24 79
10 25 68
10 26 90
10 27 55
10 28 41
11 12 94
11 13 58
11 14 90
11 15 79
11 16 69
11 17 48
11 18 26
11 19 76
11 20 18
11 21 19
11 22 33
11 23 54
11 24 2
11 25 81
11 26 61
11 27 41
11 28 81
12 13 8
12 14 29
12 15 68
12 16 32
12 17 33
12 18 25
12 19 81
12 20 36
12 21 24
12 22 92
12 23 75
12 24 5
12 25 85
12 26 95
12 27 51
12 28 32
13 14 52
13 15 92
13 16 37
13 17 3
13 18 23
13 19 76
13 20 9
13 21 47
13 22 96
13 23 65
13 24 81
13 25 1
13 26 52
13 27 64
13 28 56
14 15 87
14 16 41
14 17 38
14 18 72
14 19 96
14 20 60
14 21 70
14 22 75
14 23 86
14 24 77
14 25 97
14 26 5
14 27 70
14 28 71
15 16 7
15 17 29
15 18 6
15 19 30
15 20 76
15 21 57
15 22 3
15 23 57
15 24 1
15 25 50
15 26 30
15 27 46
15 28 45
16 17 65
16 18 82
16 19 4
16 20 77
16 21 10
16 22 93
16 23 77
16 24 6
16 25 54
16 26 23
16 27 32
16 28 94
17 18 48
17 19 10
17 20 54
17 21 35
17 22 56
17 23 48
17 24 16
17 25 69
17 26 4
17 27 17
17 28 68
18 19 72
18 20 71
18 21 24
18 22 80
18 23 81
18 24 31
18 25 79
18 26 72
18 27 68
18 28 86
19 20 93
19 21 47
19 22 33
19 23 4
19 24 73
19 25 23
19 26 73
19 27 60
19 28 2
20 21 19
20 22 13
20 23 51
20 24 49
20 25 79
20 26 31
20 27 82
20 28 11
21 22 94
21 23 52
21 24 50
21 25 49
21 26 10
21 27 7
21 28 56
22 23 64
22 24 95
22 25 87
22 26 44
22 27 55
22 28 94
23 24 22
23 25 91
23 26 44
23 27 9
23 28 84
24 25 22
24 26 74
24 27 70
24 28 59
25 26 81
25 27 20
25 28 72
26 27 4
26 28 79
27 28 76