30
0 1 74.79
0 2 74.79
0 3 74.79
0 4 74.79
0 5 74.79
0 6 74.79
0 7 74.79
0 8 74.79
0 9 74.79
0 10 74.79
0 11 74.79
0 12 74.79
0 13 74.79
0 14 74.79
0 15 74.79
0 16 74.79
0 17 74.79
0 18 74.79
0 19 74.79
0 20 74.79
0 21 74.79
0 22 74.79
0 23 74.79
0 24 74.79
0 25 74.79
0 26 74.79
0 27 74.79
0 28 74.79
0 29 74.79
1 2 74.79
1 3 74.79
1 4 74.79
1 5 74.79
1 6 74.79
1 7 74.79
1 8 74.79
1 9 74.79
1 10 74.79
1 11 74.79
1 12 74.79
1 13 74.79
1 14 74.79
1 15 74.79
1 16 74.79
1 17 74.79
1 18 74.79
1 19 74.79
1 20 74.79
1 21 74.79
1 22 74.79
1 23 74.79
1 24 74.79
1 25 74.79
1 26 74.79
1 27 74.79
1 28 74.79
1 29 74.79
2 3 74.79
2 4 74.79
2 5 74.79
2 6 74.79
2 7 74.79
2 8 74.79
2 9 74.79
2 10 74.79
2 11 74.79
2 12 74.79
2 13 74.79
2 14 74.79
2 15 74.79
2 16 74.79
2 17 74.79
2 18 74.79
2 19 74.79
2 20 74.79
2 21 74.79
2 22 74.79
2 23 74.79
2 24 74.79
2 25 74.79
2 26 74.79
2 27 74.79
2 28 74.79
2 29 74.79
3 4 74.79
3 5 74.79
3 6 74.79
3 7 74.79
3 8 74.79
3 9 74.79
3 10 74.79
3 11 74.79
3 12 74.79
3 13 74.79
3 14 74.79
3 15 74.79
3 16 74.79
3 17 74.79
3 18 74.79
3 19 74.79
3 20 74.79
3 21 74.79
3 22 74.79
3 23 74.79
3 24 74.79
3 25 74.79
3 26 74.79
3 27 74.79
3 28 74.79
3 29 74.79
4 5 74.79
4 6 74.79
4 7 74.79
4 8 74.79
4 9 74.79
4 10 74.79
4 11 74.79
4 12 74.79
4 13 74.79
4 14 74.79
4 15 74.79
4 16 74.79
4 17 74.79
4 18 74.79
4 19 74.79
4 20 74.79
4 21 74.79
4 22 74.79
4 23 74.79
4 24 74.79
4 25 74.79
4 26 74.79
4 27 74.79
4 28 74.79
4 29 74.79
5 6 74.79
5 7 74.79
5 8 74.79
5 9 74.79
5 10 74.79
5 11 74.79
5 12 74.79
5 13 74.79
5 14 74.79
5 15 74.79
5 16 74.79
5 17 74.79
5 18 74.79
5 19 74.79
5 20 74.79
5 21 74.79
5 22 74.79
5 23 74.79
5 24 74.79
5 25 74.79
5 26 74.79
5 27 74.79
5 28 74.79
5 29 74.79
6 7 74.79
6 8 74.79
6 9 74.79
6 10 74.79
6 11 74.79
6 12 74.79
6 13 74.79
6 14 74.79
6 15 74.79
6 16 74.79
6 17 74.79
6 18 74.79
6 19 74.79
6 20 74.79
6 21 74.79
6 22 74.79
6 23 74.79
6 24 74.79
6 25 74.79
6 26 74.79
6 27 74.79
6 28 74.79
6 29 74.79
7 8 74.79
7 9 74.79
7 10 74.79
7 11 74.79
7 12 74.79
7 13 74.79
7 14 74.79
7 15 74.79
7 16 74.79
7 17 74.79
7 18 74.79
7 19 74.79
7 20 74.79
7 21 74.79
7 22 74.79
7 23 74.79
7 24 74.79
7 25 74.79
7 26 74.79
7 27 74.79
7 28 74.79
7 29 74.79
8 9 74.79
8 10 74.79
8 11 74.79
8 12 74.79
8 13 74.79
8 14 74.79
8 15 74.79
8 16 74.79
8 17 74.79
8 18 74.79
8 19 74.79
8 20 74.79
8 21 74.79
8 22 74.79
8 23 74.79
8 24 74.79
8 25 74.79
8 26 74.79
8 27 74.79
8 28 74.79
8 29 74.79
9 10 74.79
9 11 74.79
9 12 74.79
9 13 74.79
9 14 74.79
9 15 74.79
9 16 74.79
9 17 74.79
9 18 74.79
9 19 74.79
9 20 74.79
9 21 74.79
9 22 74.79
9 23 74.79
9 24 74.79
9 25 74.79
9 26 74.79
9 27 74.79
9 28 74.79
9 29 74.79
10 11 74.79
10 12 74.79
10 13 74.79
10 14 74.79
10 15 74.79
10 16 74.79
10 17 74.79
10 18 74.79
10 19 74.79
10 20 74.79
10 21 74.79
10 22 74.79
10 23 74.79
10 24 74.79
10 25 74.79
10 26 74.79
10 27 74.79
10 28 74.79
10 29 74.79
11 12 74.79
11 13 74.79
11 14 74.79
11 15 74.79
11 16 74.79
11 17 74.79
11 18 74.79
11 19 74.79
11 20 74.79
11 21 74.79
11 22 74.79
11 23 74.79
11 24 74.79
11 25 74.79
11 26 74.79
11 27 74.79
11 28 74.79
11 29 74.79
12 13 74.79
12 14 74.79
12 15 74.79
12 16 74.79
12 17 74.79
12 18 74.79
12 19 74.79
12 20 74.79
12 21 74.79
12 22 74.79
12 23 74.79
12 24 74.79
12 25 74.79
12 26 74.79
12 27 74.79
12 28 74.79
12 29 74.79
13 14 74.79
13 15 74.79
13 16 74.79
13 17 74.79
13 18 74.79
13 19 74.79
13 20 74.79
13 21 74.79
13 22 74.79
13 23 74.79
13 24 74.79
13 25 74.79
13 26 74.79
13 27 74.79
13 28 74.79
13 29 74.79
14 15 74.79
14 16 74.79
14 17 74.79
14 18 74.79
14 19 74.79
14 20 74.79
14 21 74.79
14 22 74.79
14 23 74.79
14 24 74.79
14 25 74.79
14 26 74.79
14 27 74.79
14 28 74.79
14 29 74.79
15 16 74.79
15 17 74.79
15 18 74.79
15 19 74.79
15 20 74.79
15 21 74.79
15 22 74.79
15 23 74.79
15 24 74.79
15 25 74.79
15 26 74.79
15 27 74.79
15 28 74.79
15 29 74.79
16 17 74.79
16 18 74.79
16 19 74.79
16 20 74.79
16 21 74.79
16 22 74.79
16 23 74.79
16 24 74.79
16 25 74.79
16 26 74.79
16 27 74.79
16 28 74.79
16 29 74.79
17 18 74.79
17 19 74.79
17 20 74.79
17 21 74.79
17 22 74.79
17 23 74.79
17 24 74.79
17 25 74.79
17 26 74.79
17 27 74.79
17 28 74.79
17 29 74.79
18 19 74.79
18 20 74.79
18 21 74.79
18 22 74.79
18 23 74.79
18 24 74.79
18 25 74.79
18 26 74.79
18 27 74.79
18 28 74.79
18 29 74.79
19 20 74.79
19 21 74.79
19 22 74.79
19 23 74.79
19 24 74.79
19 25 74.79
19 26 74.79
19 27 74.79
19 28 74.79
19 29 74.79
20 21 74.79
20 22 74.79
20 23 74.79
20 24 74.79
20 25 74.79
20 26 74.79
20 27 74.79
20 28 74.79
20 29 74.79
21 22 74.79
21 23 74.79
21 24 74.79
21 25 74.79
21 26 74.79
21 27 74.79
21 28 74.79
21 29 74.79
22 23 74.79
22 24 74.79
22 25 74.79
22 26 74.79
22 27 74.79
22 28 74.79
22 29 74.79
23 24 74.79
23 25 74.79
23 26 74.79
23 27 74.79
23 28 74.79
23 29 74.79
24 25 74.79
24 26 74.79
24 27 74.79
24 28 74.79
24 29 74.79
25 26 74.79
25 27 74.79
25 28 74.79
25 29 74.79
26 27 74.79
26 28 74.79
26 29 74.79
27 28 74.79
27 29 74.79
28 29 74.79