30
7 11 56.222
10 20 81.013
3 10 91.984
0 21 65.039
16 28 14.391
15 20 56.234
5 12 47.909
20 27 11.7
9 28 95.873
13 21 97.984
11 20 87.451
6 28 95.943
9 16 47.993
20 29 35.27
15 16 23.401
12 27 95.16
12 13 17.586
17 24 46.009
3 17 90.918
1 11 79.755
13 23 72.644
0 12 9.777
11 29 7.927
20 22 12.293
15 21 97.596
0 5 78.751
8 18 83.818
15 25 17.412
0 29 21.652
15 26 92.812
10 25 20.73
7 9 78.832
11 19 75.597
12 22 59.235
3 9 94.245
22 25 41.191
22 29 64.26
26 29 97.172
14 17 1.756
1 26 2.507
24 25 78.065
1 27 27.376
6 26 27.46
11 21 61.114
12 19 70.468
5 10 32.467
3 15 47.989
0 16 27.311
5 8 69.374
15 18 62.771
8 10 72.207
9 20 28.108
7 22 32.537
3 19 89.633
9 11 67.39
6 11 59.808
22 28 20.54
0 23 22.154
0 19 23.598
3 7 43.372
9 13 28.642
4 18 77.317
11 16 98.475
14 24 38.797
9 29 42.311
10 27 50.697
6 20 36.619
11 13 76.457
16 20 13.207
2 11 42.655
8 15 52.848
2 8 6.612
15 27 4.103
25 28 51.972
17 25 15.845
20 25 65.825
4 5 11.302
0 9 84.647
1 5 38.041
1 29 59.116
2 15 24.735
2 29 52.865
3 18 96.613
3 28 78.876
4 11 92.724
4 12 82.85
4 13 49.703
4 14 46.429
4 20 17.986
4 26 32.864
5 19 95.571
5 23 27.393
5 24 25.502
6 7 51.255
6 24 87.969
7 8 27.096
7 18 18.747
7 24 62.435
8 25 21.415
9 14 44.665
9 18 79.699
10 21 44.488
10 24 21.422
11 26 51.161
12 26 54.105
12 29 43.719
13 26 65.51
14 15 59.555
14 16 86.709
15 24 52.649
16 19 10.7
16 23 44.581
16 27 74.327
17 19 84.819
17 21 49.665
18 22 16.676
18 24 27.735
18 25 57.435
19 23 58.302
21 22 51.3
21 24 17.252
21 29 23.129
22 23 78.257
22 27 74.036
23 25 27.89
26 27 86.395
