30
0 0 5.7
0 28 3.9
1 7 2.9
1 8 3.5
2 0 4.2
2 22 6.2
3 8 9.3
3 16 4.3
4 23 7.3
4 14 7.5
5 10 2.3
5 18 8.4
6 4 3.8
6 26 9.1
7 1 5.4
7 20 5.0
8 4 8.5
8 17 3.0
9 23 7.4
9 18 5.7
10 16 8.3
10 20 3.7
11 4 5.2
11 2 2.6
12 28 1.6
12 18 7.0
13 17 5.8
13 1 6.7
14 24 7.7
14 1 5.6
15 2 5.5
15 14 4.5
16 2 2.7
16 8 3.4
17 9 5.6
17 19 8.2
18 4 5.0
18 9 3.5
19 25 6.4
19 14 3.0
20 21 9.2
20 11 4.3
21 27 1.0
21 20 3.4
22 18 2.9
22 9 4.1
23 8 1.0
23 4 2.0
24 15 2.9
24 9 2.4
25 4 7.9
25 10 3.9
26 4 1.5
26 6 4.7
27 29 4.9
27 25 5.4
28 20 4.1
28 9 8.3
29 12 9.2
29 11 1.0
