30
0 1 64
0 2 92
0 3 54
0 5 49
0 6 27
0 7 8
0 9 74
0 10 56
0 12 15
0 13 20
0 14 29
0 15 40
0 16 64
0 17 94
0 18 70
0 19 22
0 20 92
0 22 18
0 23 25
0 24 19
0 26 45
0 28 15
0 29 35
1 2 19
1 4 77
1 5 97
1 6 79
1 7 96
1 9 75
1 12 61
1 13 83
1 15 51
1 18 42
1 20 80
1 21 23
1 22 3
1 25 40
1 26 88
1 27 43
1 28 77
1 29 2
2 4 65
2 5 16
2 6 63
2 7 58
2 8 81
2 9 47
2 11 33
2 12 69
2 13 60
2 14 31
2 17 26
2 18 21
2 19 86
2 20 52
2 21 74
2 24 2
2 27 39
2 28 78
3 2 95
3 4 22
3 5 21
3 7 7
3 9 99
3 10 72
3 11 5
3 12 99
3 15 17
3 16 87
3 18 68
3 19 83
3 23 71
3 24 22
3 25 42
3 26 2
3 27 77
3 28 99
3 29 27
4 0 31
4 5 8
4 6 58
4 8 29
4 9 59
4 11 11
4 12 73
4 13 8
4 14 81
4 15 62
4 16 9
4 17 14
4 18 57
4 21 58
4 22 64
4 24 89
4 25 45
4 26 47
4 27 66
4 28 52
5 6 77
5 7 76
5 9 46
5 10 65
5 11 83
5 12 12
5 13 53
5 14 28
5 15 47
5 16 44
5 18 2
5 20 45
5 21 29
5 22 63
5 24 30
5 25 18
5 26 83
5 27 9
6 3 59
6 7 90
6 8 94
6 11 11
6 12 20
6 13 26
6 14 22
6 15 40
6 17 46
6 18 63
6 20 72
6 21 38
6 22 72
6 23 1
6 24 69
6 26 5
6 27 25
6 28 31
7 8 63
7 9 86
7 10 65
7 11 60
7 12 33
7 13 70
7 14 3
7 15 62
7 16 8
7 17 4
7 18 68
7 20 93
7 22 75
7 24 71
7 25 10
7 26 4
7 28 98
7 29 84
8 1 94
8 3 78
8 5 56
8 9 23
8 10 24
8 11 79
8 12 91
8 13 41
8 14 22
8 15 54
8 16 16
8 17 7
8 20 59
8 21 1
8 22 47
8 23 40
8 24 10
8 26 35
8 27 10
8 28 27
8 29 26
9 11 2
9 12 35
9 13 62
9 18 71
9 21 9
9 22 8
9 24 31
9 26 10
9 27 32
9 28 18
9 29 56
10 1 80
10 2 9
10 9 95
10 11 23
10 12 82
10 13 94
10 14 94
10 17 23
10 19 61
10 20 79
10 21 43
10 22 43
10 23 40
10 24 99
10 25 13
10 26 21
10 28 84
10 29 46
11 0 35
11 14 32
11 15 92
11 16 31
11 21 64
11 24 61
11 25 36
11 29 85
12 11 32
12 13 62
12 15 28
12 16 74
12 17 43
12 18 46
12 19 42
12 20 10
12 21 77
12 23 47
12 24 93
12 25 30
12 28 16
12 29 82
13 3 16
13 11 80
13 16 93
13 17 92
13 18 42
13 19 72
13 20 69
13 22 7
13 24 32
13 25 22
13 26 61
13 27 7
13 28 31
13 29 18
14 1 68
14 9 96
14 12 52
14 13 57
14 16 63
14 19 89
14 21 54
14 22 22
14 25 36
14 26 53
14 27 78
14 28 60
15 2 93
15 9 28
15 10 32
15 14 53
15 17 55
15 18 51
15 21 47
15 23 9
15 24 30
15 27 18
15 28 96
15 29 63
16 2 8
16 6 41
16 9 8
16 17 74
16 18 48
16 19 51
16 21 81
16 26 83
16 27 98
16 29 31
17 1 31
17 9 69
17 14 7
17 18 78
17 19 98
17 21 73
17 23 92
17 24 96
17 26 65
17 28 90
17 29 2
18 8 27
18 10 38
18 19 86
18 20 28
18 21 88
18 23 41
18 25 96
18 26 34
18 27 95
19 1 88
19 4 90
19 5 2
19 6 53
19 8 10
19 9 75
19 11 8
19 15 14
19 20 52
19 22 75
19 23 59
19 24 6
19 26 68
20 3 49
20 11 65
20 14 47
20 15 50
20 17 96
20 21 61
20 24 77
20 25 47
20 28 42
21 0 13
21 3 79
21 7 81
21 13 56
21 22 52
21 23 35
21 24 13
21 25 61
21 26 93
21 27 34
21 29 79
22 2 69
22 12 2
22 15 55
22 17 16
22 23 76
22 26 43
22 27 26
22 29 59
23 1 13
23 2 13
23 4 27
23 7 14
23 9 69
23 13 22
23 14 38
23 16 83
23 24 58
23 25 68
23 26 57
23 27 12
23 28 63
23 29 23
24 1 24
24 14 9
24 16 49
24 22 94
24 25 39
24 26 6
24 27 7
24 29 68
25 0 69
25 2 19
25 9 84
25 15 66
25 16 39
25 19 82
25 22 99
25 27 45
25 28 57
26 2 11
26 12 14
26 25 15
26 27 15
26 28 32
26 29 98
27 0 47
27 11 99
27 20 38
27 28 30
27 29 66
28 5 31
28 11 96
28 16 31
28 19 85
28 21 65
28 22 31
28 24 39
28 29 21
29 5 30
29 6 94
29 14 97
29 18 41
29 19 83
29 20 37
29 25 4
