30
0 1 77.17
0 2 39.9
0 3 70.41
0 4 89.76
0 5 7.57
0 6 31.8
0 7 96.14
0 8 87.08
0 9 96.46
0 10 90.83
0 11 63.32
0 12 74.38
0 13 48.12
0 14 78.96
0 15 22.26
0 16 65.04
0 17 8.76
0 18 67.89
0 19 39.95
0 20 77.04
0 21 64.61
0 22 8.63
0 23 69.63
0 24 63.52
0 25 94.4
0 26 98.1
0 27 55.49
0 28 89.89
0 29 90.29
1 2 67.16
1 3 42.24
1 4 44.91
1 5 84.15
1 6 85.91
1 7 62.8
1 8 20.44
1 9 37.5
1 10 64.99
1 11 83.67
1 12 19.63
1 13 29.42
1 14 4.23
1 15 94.88
1 16 32.64
1 17 36.21
1 18 26.74
1 19 5
1 20 33.08
1 21 53.45
1 22 62.11
1 23 82.26
1 24 84.57
1 25 24.75
1 26 96.6
1 27 2.65
1 28 93.67
1 29 2.96
2 3 65.68
2 4 56.67
2 5 91.64
2 6 95.38
2 7 63.11
2 8 96.83
2 9 36.16
2 10 2.37
2 11 55.1
2 12 22.55
2 13 9.13
2 14 42.01
2 15 92.87
2 16 61.1
2 17 0.99
2 18 10.97
2 19 56.35
2 20 50.48
2 21 51.54
2 22 82.33
2 23 50.23
2 24 18.06
2 25 61.02
2 26 42.42
2 27 57.76
2 28 28.35
2 29 73.57
3 4 87.52
3 5 6.85
3 6 50.77
3 7 63.4
3 8 36.59
3 9 89.43
3 10 23.85
3 11 68.39
3 12 62.06
3 13 24.42
3 14 52.13
3 15 28.7
3 16 57.42
3 17 97.88
3 18 69.97
3 19 43.94
3 20 73.13
3 21 22.82
3 22 97.07
3 23 1.11
3 24 16.3
3 25 98.31
3 26 38.35
3 27 23.9
3 28 18.35
3 29 69.56
4 5 51.63
4 6 67.07
4 7 75.02
4 8 72.86
4 9 26.9
4 10 33.06
4 11 81.69
4 12 15.8
4 13 89.04
4 14 16.45
4 15 42.52
4 16 11.7
4 17 73.23
4 18 65.17
4 19 99.74
4 20 14.7
4 21 55.55
4 22 35.27
4 23 60.27
4 24 77.08
4 25 22.18
4 26 22.49
4 27 27.7
4 28 4.14
4 29 17.94
5 6 52.09
5 7 77.21
5 8 63.29
5 9 81.25
5 10 95.86
5 11 82.31
5 12 65.23
5 13 35.96
5 14 18.49
5 15 45.92
5 16 29.39
5 17 30.51
5 18 83.95
5 19 58.03
5 20 87.59
5 21 17.08
5 22 20.88
5 23 66.03
5 24 74.18
5 25 61.71
5 26 25.1
5 27 72.71
5 28 96.05
5 29 73.51
6 7 86.7
6 8 82.82
6 9 48.37
6 10 27.43
6 11 37.82
6 12 89.53
6 13 84.72
6 14 92.23
6 15 76.03
6 16 53.7
6 17 0.44
6 18 16.3
6 19 49.79
6 20 21.16
6 21 4.52
6 22 63.8
6 23 66.01
6 24 11.23
6 25 4.62
6 26 59.48
6 27 45.48
6 28 17.26
6 29 14.16
7 8 19.08
7 9 49.46
7 10 70.89
7 11 59.71
7 12 3.33
7 13 54.66
7 14 11.84
7 15 40.65
7 16 43.68
7 17 45.95
7 18 51.33
7 19 50.72
7 20 88.8
7 21 39.68
7 22 43.08
7 23 66.12
7 24 43.49
7 25 26.79
7 26 13.56
7 27 17.93
7 28 87.63
7 29 93.88
8 9 2.37
8 10 93.74
8 11 47.07
8 12 81.83
8 13 93.32
8 14 70.2
8 15 46.55
8 16 17.41
8 17 16.4
8 18 6.24
8 19 23.07
8 20 27.68
8 21 56.87
8 22 31.82
8 23 57.36
8 24 56.62
8 25 24.83
8 26 60.76
8 27 9.88
8 28 91.8
8 29 26.4
9 10 29.94
9 11 46.32
9 12 54.47
9 13 6.41
9 14 19.1
9 15 86.33
9 16 65.03
9 17 87.72
9 18 37.93
9 19 45.35
9 20 7.81
9 21 80.41
9 22 99.35
9 23 21.34
9 24 33.21
9 25 75.59
9 26 84
9 27 74.58
9 28 82.03
9 29 72.26
10 11 93.3
10 12 66.93
10 13 1.8
10 14 3.78
10 15 96.35
10 16 57.56
10 17 9.55
10 18 42.85
10 19 96.86
10 20 63.92
10 21 15.86
10 22 6.61
10 23 4.89
10 24 27.69
10 25 84.94
10 26 54.51
10 27 64.18
10 28 56.29
10 29 99.04
11 12 44.98
11 13 35.31
11 14 47.76
11 15 29.28
11 16 9.33
11 17 93.1
11 18 45.79
11 19 71.69
11 20 76.6
11 21 89.84
11 22 69.07
11 23 86.14
11 24 60.46
11 25 46.21
11 26 83.94
11 27 87.55
11 28 28.74
11 29 8.32
12 13 4.54
12 14 40.01
12 15 12.13
12 16 98.81
12 17 83.07
12 18 34.4
12 19 7.59
12 20 35.24
12 21 94.89
12 22 43.64
12 23 60.6
12 24 30.31
12 25 46.71
12 26 88.37
12 27 76.41
12 28 78.74
12 29 91.41
13 14 85.99
13 15 45.41
13 16 10.44
13 17 33.29
13 18 77.1
13 19 19.79
13 20 79.19
13 21 78.79
13 22 93.22
13 23 26.04
13 24 20.55
13 25 49.33
13 26 71.24
13 27 87.36
13 28 9.55
13 29 92.5
14 15 25.98
14 16 49.29
14 17 8.42
14 18 67.13
14 19 32.08
14 20 3.92
14 21 68.96
14 22 98.56
14 23 53.22
14 24 11.21
14 25 59.76
14 26 89.22
14 27 28.66
14 28 97.59
14 29 82.48
15 16 74.03
15 17 1.92
15 18 80.8
15 19 83.13
15 20 91.98
15 21 59.05
15 22 63.52
15 23 22.2
15 24 5.05
15 25 66.9
15 26 5.64
15 27 59.04
15 28 47.41
15 29 51.77
16 17 39.16
16 18 55.94
16 19 81.76
16 20 86.28
16 21 90.86
16 22 50.12
16 23 96.25
16 24 1.28
16 25 0.61
16 26 49.17
16 27 59.89
16 28 57.46
16 29 83.33
17 18 70.01
17 19 83.4
17 20 4.72
17 21 2.75
17 22 18.19
17 23 37.4
17 24 83.5
17 25 37.92
17 26 45.68
17 27 81.53
17 28 22.18
17 29 2.32
18 19 59.37
18 20 98.88
18 21 96.84
18 22 92.51
18 23 78.28
18 24 83.77
18 25 64.16
18 26 36.44
18 27 3.24
18 28 11.51
18 29 64.04
19 20 51.82
19 21 95.31
19 22 16.19
19 23 26.48
19 24 96.29
19 25 8.02
19 26 10.47
19 27 35.01
19 28 57.42
19 29 86.2
20 21 85.11
20 22 33.7
20 23 23.12
20 24 28.14
20 25 98.85
20 26 83.18
20 27 67.93
20 28 73.13
20 29 68.02
21 22 14.47
21 23 6.09
21 24 73.25
21 25 5.84
21 26 1.84
21 27 6.29
21 28 24.3
21 29 67.4
22 23 3.96
22 24 75.68
22 25 43.29
22 26 70.41
22 27 63.86
22 28 89.13
22 29 94.64
23 24 76.63
23 25 56.38
23 26 90.91
23 27 24.1
23 28 15.05
23 29 75.27
24 25 33.49
24 26 36.05
24 27 97.76
24 28 15.11
24 29 16.99
25 26 99.11
25 27 24.27
25 28 61.47
25 29 48.89
26 27 37.23
26 28 28.13
26 29 25.71
27 28 87.67
27 29 89.89
28 29 23.61