30
0 18 50.222
0 23 27.643
1 11 26.204
1 9 78.276
2 3 11.726
2 12 48.444
3 14 15.013
3 13 83.845
4 7 67.006
4 22 54.159
5 24 24.063
5 16 23.937
6 15 53.542
6 21 1.740
7 15 34.760
7 19 12.519
8 21 64.368
8 25 3.473
9 28 75.126
9 7 13.599
10 22 78.066
10 7 27.284
11 9 62.343
11 19 68.259
12 0 85.938
12 21 86.319
13 29 59.694
13 5 74.956
14 10 47.369
14 6 66.612
15 19 3.922
15 24 21.763
16 19 45.037
16 27 92.522
17 26 73.470
17 14 84.459
18 5 56.220
18 7 59.665
19 25 54.319
19 5 64.015
20 0 5.192
20 18 53.195
21 2 91.409
21 29 88.767
22 15 43.349
22 8 94.918
23 22 28.897
23 21 49.233
24 11 97.692
24 12 53.446
25 29 94.064
25 27 39.412
26 29 40.629
26 9 97.567
27 28 52.727
27 9 72.926
28 4 75.962
28 6 31.610
29 19 69.823
29 0 34.831
