100
0 1 83
0 1 29
0 10 95
10 11 60
10 11 7
10 1 89
10 20 5
20 21 27
20 21 91
20 11 5
20 30 99
30 31 56
30 31 70
30 21 45
30 40 63
40 41 50
40 41 90
40 31 69
40 50 39
50 51 29
50 51 63
50 41 24
50 60 10
60 61 87
60 61 44
60 51 87
60 70 61
70 71 31
70 71 38
70 61 3
70 80 3
80 81 95
80 81 51
80 71 3
80 90 88
90 91 57
90 91 58
90 81 95
1 2 68
1 2 97
1 11 73
11 12 80
11 12 9
11 2 80
11 21 19
21 22 51
21 22 94
21 12 68
21 31 16
31 32 21
31 32 11
31 22 44
31 41 98
41 42 56
41 42 45
41 32 27
41 51 10
51 52 53
51 52 48
51 42 90
51 61 10
61 62 33
61 62 18
61 52 2
61 71 91
71 72 26
71 72 38
71 62 10
71 81 78
81 82 79
81 82 41
81 72 9
81 91 63
91 92 60
91 92 74
91 82 95
2 3 22
2 3 36
2 12 1
12 13 90
12 13 41
12 3 94
12 22 92
22 23 76
22 23 20
22 13 95
22 32 66
32 33 93
32 33 73
32 23 64
32 42 28
42 43 26
42 43 78
42 33 78
42 52 25
52 53 93
52 53 56
52 43 42
52 62 17
62 63 22
62 63 2
62 53 38
62 72 8
72 73 57
72 73 57
72 63 50
72 82 64
82 83 39
82 83 29
82 73 18
82 92 23
92 93 32
92 93 33
92 83 35
3 4 52
3 4 65
3 13 59
13 14 11
13 14 36
13 4 54
13 23 14
23 24 54
23 24 53
23 14 66
23 33 22
33 34 33
33 34 7
33 24 34
33 43 57
43 44 19
43 44 7
43 34 7
43 53 19
53 54 84
53 54 49
53 44 52
53 63 2
63 64 45
63 64 43
63 54 46
63 73 9
73 74 82
73 74 38
73 64 35
73 83 81
83 84 94
83 84 64
83 74 44
83 93 77
93 94 1
93 94 72
93 84 39
4 5 83
4 5 34
4 14 91
14 15 28
14 15 65
14 5 10
14 24 89
24 25 82
24 25 17
24 15 58
24 34 36
34 35 53
34 35 15
34 25 51
34 44 21
44 45 7
44 45 97
44 35 39
44 54 81
54 55 35
54 55 69
54 45 81
54 64 28
64 65 31
64 65 75
64 55 56
64 74 37
74 75 17
74 75 82
74 65 84
74 84 95
84 85 40
84 85 26
84 75 76
84 94 11
94 95 77
94 95 3
94 85 33
5 6 31
5 6 40
5 15 29
15 16 92
15 16 94
15 6 15
15 25 51
25 26 62
25 26 42
25 16 69
25 35 9
35 36 80
35 36 32
35 26 88
35 45 20
45 46 90
45 46 19
45 36 15
45 55 86
55 56 79
55 56 22
55 46 5
55 65 51
65 66 50
65 66 70
65 56 96
65 75 35
75 76 16
75 76 72
75 66 44
75 85 69
85 86 30
85 86 22
85 76 19
85 95 81
95 96 51
95 96 42
95 86 41
6 7 60
6 7 82
6 16 21
16 17 98
16 17 9
16 7 56
16 26 62
26 27 81
26 27 84
26 17 8
26 36 36
36 37 41
36 37 38
36 27 37
36 46 19
46 47 7
46 47 83
46 37 15
46 56 76
56 57 17
56 57 14
56 47 78
56 66 54
66 67 42
66 67 32
66 57 79
66 76 48
76 77 82
76 77 13
76 67 90
76 86 17
86 87 42
86 87 55
86 77 59
86 96 1
96 97 24
96 97 94
96 87 46
7 8 55
7 8 98
7 17 88
17 18 6
17 18 51
17 8 6
17 27 28
27 28 42
27 28 31
27 18 80
27 37 44
37 38 68
37 38 82
37 28 1
37 47 87
47 48 72
47 48 16
47 38 94
47 57 5
57 58 13
57 58 78
57 48 7
57 67 15
67 68 61
67 68 67
67 58 94
67 77 34
77 78 34
77 78 64
77 68 74
77 87 25
87 88 44
87 88 52
87 78 64
87 97 43
97 98 56
97 98 73
97 88 14
8 9 53
8 9 38
8 18 26
18 19 13
18 19 84
18 9 23
18 28 52
28 29 12
28 29 16
28 19 64
28 38 15
38 39 10
38 39 63
38 29 6
38 48 2
48 49 92
48 49 61
48 39 80
48 58 29
58 59 65
58 59 55
58 49 88
58 68 82
68 69 23
68 69 5
68 59 58
68 78 76
78 79 31
78 79 16
78 69 92
78 88 63
88 89 20
88 89 75
88 79 87
88 98 70
98 99 56
98 99 87
98 89 53
9 19 52
19 29 23
29 39 50
39 49 36
49 59 76
59 69 9
69 79 83
79 89 33
89 99 94
