52
0 2 0.25
0 5 0.5
1 4 1
1 5 2
2 3 3
2 4 0.57
4 5 0.33
1 3 0.8
3 27 2
27 32 0.9
32 39 0.3
32 51 0.4
51 16 0.122
6 41 0.444
41 8 0.66
8 12 1
42 36 0.78
36 6 0.4
42 38 3
14 36 10
14 44 8
44 9 20
9 26 0.33
26 39 0.89
16 12 0.01
17 38 0.02
17 19 0.03
19 15 0.32
15 33 0.56
33 23 0.1
23 20 0.02
20 37 0.3
37 30 0.4
30 31 0.1
30 31 0.2
31 18 0.4
18 11 0.9
11 13 1.2
13 24 1.4
24 48 1.7
45 48 1.9
45 49 2
40 25 1.22
25 27 1.33
40 10 0.32
28 46 0.78
28 50 1
50 49 1
49 47 1
47 34 1
29 30 1
7 29 0.4
48 32 1.032
34 21 2.3
21 35 0.001
35 22 0.23
22 43 10
43 7 2
46 7 3
10 22 3
8 51 2
