100
0 1 7.77
0 2 19.56
0 3 2.35
0 4 7.21
0 5 6.2
0 6 5.32
0 7 12.84
0 8 7.51
0 9 3.81
0 10 15.62
0 11 15.35
0 12 7.35
0 13 3.64
0 14 4.17
0 15 8.95
0 16 1.27
0 17 0.62
0 18 16.81
0 19 11.02
0 20 8.57
0 21 14.25
0 22 15.19
0 23 12.03
0 24 15.15
0 25 13.37
0 26 15.07
0 27 13.16
0 28 8.94
0 29 10.38
0 30 8.93
0 31 14.99
0 32 17.96
0 33 5.44
0 34 0.05
0 35 8.51
0 36 15.77
0 37 18.96
0 38 19.77
0 39 1.79
0 40 1.83
0 41 13.76
0 42 1.04
0 43 5.2
0 44 4.82
0 45 9.88
0 46 10.5
0 47 6.81
0 48 10.88
0 49 9.28
0 50 12.09
0 51 13.43
0 52 0.99
0 53 19.16
0 54 6.02
0 55 18.96
0 56 14.13
0 57 13.73
0 58 9.64
0 59 19.42
0 60 4.51
0 61 14.8
0 62 1.58
0 63 2.27
0 64 11.33
0 65 15.49
0 66 8.87
0 67 3.63
0 68 8.26
0 69 11.54
0 70 0.51
0 71 9.06
0 72 9.69
0 73 11.09
0 74 7.65
0 75 12.15
0 76 15.5
0 77 5.51
0 78 19.55
0 79 19.5
0 80 18.94
0 81 17.68
0 82 10.63
0 83 7.08
0 84 7.15
0 85 3.97
0 86 10.53
0 87 1.77
0 88 12.75
0 89 18.87
0 90 8.97
0 91 0.68
0 92 17.93
0 93 10.92
0 94 17.45
0 95 8.33
0 96 13.77
0 97 16.95
0 98 14.32
0 99 2.1
1 2 9.96
1 3 16.1
1 4 12.23
1 5 7.53
1 6 18.47
1 7 17.93
1 8 12.65
1 9 6.72
1 10 16.5
1 11 9.84
1 12 4.13
1 13 9.8
1 14 5.39
1 15 17.79
1 16 15.0
1 17 16.21
1 18 0.36
1 19 10.25
1 20 9.34
1 21 14.52
1 22 5.46
1 23 18.51
1 24 8.42
1 25 4.32
1 26 16.87
1 27 10.68
1 28 16.32
1 29 9.4
1 30 17.64
1 31 17.94
1 32 16.63
1 33 0.17
1 34 18.38
1 35 2.85
1 36 17.7
1 37 12.08
1 38 1.33
1 39 14.26
1 40 6.74
1 41 12.59
1 42 10.84
1 43 1.68
1 44 14.54
1 45 12.87
1 46 1.16
1 47 5.07
1 48 12.49
1 49 3.47
1 50 1.84
1 51 17.61
1 52 17.25
1 53 13.92
1 54 14.55
1 55 13.36
1 56 16.75
1 57 0.5
1 58 18.96
1 59 2.21
1 60 14.24
1 61 19.84
1 62 13.34
1 63 5.02
1 64 9.34
1 65 9.97
1 66 8.21
1 67 8.91
1 68 19.31
1 69 11.43
1 70 6.88
1 71 1.67
1 72 18.18
1 73 7.55
1 74 1.01
1 75 3.12
1 76 4.39
1 77 12.07
1 78 9.33
1 79 1.23
1 80 12.24
1 81 6.18
1 82 2.85
1 83 2.45
1 84 19.89
1 85 6.14
1 86 12.2
1 87 15.99
1 88 9.78
1 89 15.89
1 90 18.75
1 91 14.26
1 92 11.75
1 93 5.46
1 94 0.51
1 95 14.79
1 96 10.74
1 97 10.05
1 98 8.36
1 99 8.45
2 3 0.39
2 4 13.1
2 5 5.36
2 6 17.5
2 7 8.38
2 8 10.71
2 9 3.96
2 10 18.52
2 11 3.92
2 12 2.54
2 13 9.63
2 14 17.25
2 15 19.45
2 16 14.55
2 17 12.99
2 18 13.58
2 19 5.46
2 20 11.42
2 21 14.53
2 22 16.74
2 23 3.04
2 24 4.51
2 25 0.82
2 26 6.67
2 27 5.75
2 28 7.85
2 29 17.93
2 30 14.71
2 31 18.14
2 32 11.15
2 33 3.98
2 34 6.1
2 35 19.96
2 36 5.64
2 37 15.14
2 38 10.42
2 39 15.13
2 40 0.18
2 41 16.11
2 42 15.95
2 43 14.83
2 44 5.03
2 45 10.18
2 46 7.91
2 47 3.47
2 48 14.43
2 49 16.56
2 50 14.86
2 51 3.57
2 52 8.28
2 53 18.67
2 54 13.13
2 55 19.09
2 56 18.2
2 57 6.33
2 58 0.73
2 59 6.84
2 60 17.75
2 61 17.47
2 62 7.17
2 63 19.76
2 64 10.72
2 65 8.89
2 66 5.7
2 67 18.82
2 68 16.83
2 69 7.1
2 70 16.43
2 71 14.41
2 72 10.91
2 73 14.17
2 74 19.8
2 75 7.77
2 76 1.2
2 77 11.58
2 78 14.63
2 79 19.9
2 80 16.89
2 81 19.54
2 82 19.84
2 83 2.63
2 84 1.34
2 85 2.45
2 86 2.34
2 87 16.42
2 88 19.47
2 89 3.64
2 90 15.08
2 91 7.61
2 92 10.15
2 93 9.55
2 94 5.47
2 95 1.38
2 96 19.34
2 97 13.67
2 98 9.34
2 99 13.18
3 4 7.99
3 5 1.8
3 6 15.15
3 7 10.3
3 8 16.55
3 9 12.91
3 10 4.8
3 11 6.42
3 12 0.33
3 13 13.25
3 14 4.0
3 15 5.05
3 16 12.39
3 17 3.33
3 18 1.68
3 19 9.76
3 20 8.28
3 21 19.29
3 22 3.36
3 23 12.4
3 24 8.28
3 25 0.19
3 26 7.37
3 27 7.96
3 28 9.0
3 29 18.09
3 30 4.04
3 31 11.73
3 32 6.97
3 33 1.97
3 34 15.91
3 35 19.46
3 36 13.24
3 37 7.27
3 38 18.35
3 39 0.27
3 40 0.35
3 41 16.81
3 42 8.42
3 43 16.1
3 44 6.96
3 45 0.75
3 46 19.71
3 47 10.71
3 48 15.11
3 49 16.14
3 50 13.59
3 51 10.24
3 52 1.78
3 53 7.09
3 54 16.41
3 55 14.04
3 56 8.49
3 57 10.33
3 58 0.84
3 59 9.69
3 60 11.83
3 61 15.77
3 62 14.96
3 63 13.47
3 64 5.64
3 65 13.16
3 66 5.89
3 67 3.33
3 68 4.14
3 69 11.27
3 70 12.59
3 71 3.87
3 72 9.88
3 73 4.71
3 74 16.82
3 75 15.72
3 76 1.86
3 77 15.53
3 78 6.18
3 79 19.6
3 80 9.01
3 81 1.21
3 82 10.34
3 83 13.45
3 84 6.04
3 85 4.18
3 86 7.98
3 87 11.53
3 88 14.77
3 89 7.26
3 90 17.18
3 91 8.0
3 92 10.59
3 93 12.78
3 94 3.93
3 95 4.28
3 96 9.12
3 97 16.99
3 98 7.31
3 99 14.92
4 5 0.49
4 6 8.67
4 7 15.65
4 8 3.33
4 9 15.13
4 10 6.48
4 11 1.23
4 12 8.6
4 13 0.28
4 14 6.78
4 15 11.55
4 16 18.73
4 17 0.97
4 18 10.97
4 19 18.12
4 20 9.58
4 21 17.59
4 22 5.97
4 23 0.72
4 24 5.02
4 25 4.88
4 26 7.35
4 27 13.79
4 28 1.45
4 29 5.82
4 30 7.06
4 31 10.76
4 32 18.23
4 33 15.85
4 34 2.59
4 35 6.62
4 36 0.67
4 37 10.45
4 38 16.22
4 39 17.2
4 40 11.99
4 41 3.07
4 42 11.61
4 43 3.63
4 44 6.43
4 45 17.86
4 46 17.74
4 47 16.41
4 48 15.6
4 49 3.46
4 50 16.11
4 51 0.36
4 52 3.72
4 53 15.48
4 54 18.91
4 55 16.87
4 56 6.23
4 57 5.47
4 58 12.61
4 59 13.07
4 60 4.55
4 61 10.05
4 62 17.31
4 63 11.49
4 64 2.44
4 65 5.13
4 66 6.5
4 67 8.16
4 68 17.23
4 69 10.95
4 70 8.08
4 71 11.56
4 72 7.41
4 73 9.91
4 74 4.22
4 75 9.17
4 76 9.25
4 77 3.33
4 78 0.57
4 79 9.39
4 80 19.97
4 81 14.95
4 82 18.46
4 83 16.99
4 84 4.07
4 85 2.66
4 86 16.09
4 87 6.63
4 88 18.92
4 89 6.18
4 90 1.99
4 91 10.95
4 92 11.77
4 93 0.99
4 94 4.24
4 95 10.14
4 96 2.17
4 97 10.03
4 98 5.44
4 99 10.11
5 6 16.04
5 7 11.62
5 8 3.38
5 9 8.97
5 10 16.8
5 11 1.53
5 12 2.06
5 13 4.95
5 14 4.09
5 15 12.61
5 16 3.77
5 17 13.9
5 18 5.61
5 19 15.39
5 20 5.56
5 21 9.94
5 22 1.52
5 23 14.96
5 24 15.84
5 25 0.84
5 26 1.17
5 27 13.11
5 28 15.88
5 29 9.54
5 30 5.82
5 31 17.34
5 32 14.65
5 33 0.56
5 34 2.65
5 35 19.39
5 36 10.62
5 37 19.61
5 38 2.6
5 39 2.3
5 40 3.28
5 41 6.09
5 42 11.74
5 43 4.63
5 44 5.96
5 45 18.14
5 46 19.07
5 47 12.98
5 48 2.35
5 49 1.74
5 50 9.85
5 51 13.77
5 52 13.38
5 53 3.17
5 54 2.06
5 55 1.51
5 56 6.6
5 57 17.92
5 58 10.32
5 59 13.23
5 60 4.26
5 61 17.04
5 62 19.18
5 63 9.19
5 64 19.84
5 65 1.04
5 66 0.58
5 67 15.49
5 68 9.79
5 69 2.5
5 70 12.67
5 71 2.37
5 72 15.26
5 73 3.6
5 74 1.9
5 75 15.24
5 76 3.69
5 77 1.23
5 78 17.25
5 79 16.66
5 80 18.16
5 81 6.84
5 82 7.61
5 83 6.77
5 84 15.7
5 85 6.01
5 86 0.25
5 87 19.74
5 88 9.24
5 89 10.88
5 90 18.49
5 91 8.19
5 92 1.81
5 93 5.16
5 94 4.69
5 95 11.11
5 96 12.36
5 97 16.33
5 98 11.36
5 99 8.44
6 7 0.85
6 8 1.98
6 9 3.56
6 10 3.58
6 11 14.55
6 12 12.44
6 13 1.59
6 14 7.86
6 15 2.3
6 16 9.82
6 17 10.55
6 18 5.52
6 19 7.59
6 20 4.49
6 21 1.4
6 22 19.09
6 23 16.68
6 24 16.2
6 25 12.82
6 26 15.69
6 27 17.46
6 28 15.59
6 29 13.22
6 30 19.84
6 31 1.74
6 32 18.12
6 33 19.89
6 34 4.46
6 35 17.35
6 36 19.0
6 37 11.02
6 38 9.52
6 39 6.92
6 40 16.52
6 41 5.63
6 42 18.92
6 43 0.14
6 44 5.5
6 45 9.59
6 46 6.56
6 47 18.83
6 48 17.69
6 49 4.49
6 50 2.05
6 51 14.08
6 52 13.62
6 53 14.34
6 54 12.31
6 55 14.83
6 56 11.94
6 57 4.44
6 58 6.4
6 59 19.72
6 60 2.66
6 61 2.08
6 62 2.15
6 63 6.17
6 64 15.08
6 65 17.43
6 66 18.98
6 67 7.78
6 68 1.73
6 69 18.87
6 70 13.39
6 71 9.39
6 72 3.94
6 73 13.71
6 74 10.2
6 75 13.62
6 76 5.03
6 77 9.57
6 78 3.06
6 79 14.2
6 80 11.04
6 81 14.28
6 82 17.59
6 83 12.62
6 84 8.75
6 85 5.14
6 86 8.7
6 87 15.69
6 88 17.25
6 89 17.95
6 90 17.5
6 91 1.74
6 92 7.25
6 93 16.87
6 94 11.0
6 95 2.15
6 96 18.47
6 97 3.2
6 98 13.36
6 99 10.96
7 8 6.43
7 9 14.38
7 10 10.3
7 11 14.2
7 12 14.3
7 13 18.99
7 14 10.99
7 15 17.05
7 16 11.03
7 17 18.73
7 18 11.95
7 19 18.79
7 20 4.67
7 21 4.67
7 22 17.82
7 23 4.83
7 24 14.2
7 25 8.38
7 26 1.63
7 27 15.39
7 28 0.23
7 29 17.64
7 30 15.29
7 31 7.67
7 32 16.2
7 33 16.3
7 34 1.19
7 35 10.75
7 36 5.42
7 37 0.74
7 38 9.59
7 39 10.91
7 40 17.47
7 41 13.57
7 42 10.78
7 43 18.91
7 44 19.38
7 45 9.32
7 46 7.88
7 47 18.6
7 48 16.35
7 49 17.22
7 50 4.01
7 51 13.12
7 52 0.64
7 53 15.09
7 54 8.3
7 55 2.35
7 56 11.5
7 57 8.07
7 58 15.63
7 59 11.98
7 60 8.57
7 61 18.98
7 62 14.84
7 63 12.84
7 64 10.84
7 65 4.15
7 66 14.51
7 67 12.97
7 68 12.08
7 69 1.44
7 70 12.77
7 71 15.73
7 72 15.52
7 73 11.96
7 74 15.9
7 75 19.67
7 76 12.52
7 77 13.51
7 78 4.95
7 79 17.93
7 80 13.93
7 81 0.56
7 82 13.27
7 83 1.0
7 84 18.72
7 85 16.23
7 86 13.52
7 87 3.23
7 88 7.59
7 89 9.11
7 90 12.58
7 91 9.68
7 92 14.29
7 93 15.58
7 94 10.13
7 95 11.99
7 96 2.92
7 97 8.57
7 98 19.6
7 99 14.87
8 9 9.77
8 10 0.01
8 11 2.12
8 12 14.93
8 13 14.51
8 14 1.6
8 15 1.15
8 16 11.49
8 17 17.47
8 18 6.08
8 19 10.29
8 20 17.98
8 21 19.86
8 22 8.67
8 23 14.44
8 24 6.01
8 25 17.0
8 26 8.46
8 27 8.73
8 28 8.32
8 29 19.92
8 30 14.64
8 31 2.55
8 32 7.12
8 33 15.55
8 34 8.14
8 35 13.22
8 36 0.4
8 37 9.33
8 38 15.74
8 39 1.37
8 40 5.0
8 41 16.74
8 42 10.92
8 43 4.02
8 44 0.43
8 45 5.16
8 46 4.23
8 47 12.93
8 48 11.46
8 49 17.2
8 50 1.16
8 51 14.08
8 52 19.23
8 53 4.08
8 54 11.34
8 55 12.73
8 56 8.54
8 57 3.07
8 58 4.09
8 59 14.7
8 60 5.0
8 61 13.59
8 62 18.34
8 63 12.55
8 64 4.93
8 65 13.27
8 66 2.94
8 67 4.64
8 68 4.9
8 69 13.86
8 70 1.34
8 71 11.18
8 72 19.28
8 73 4.71
8 74 9.49
8 75 12.86
8 76 5.5
8 77 3.36
8 78 5.43
8 79 15.38
8 80 17.81
8 81 9.1
8 82 19.99
8 83 14.83
8 84 1.54
8 85 4.44
8 86 2.63
8 87 8.4
8 88 11.18
8 89 11.7
8 90 12.5
8 91 16.44
8 92 12.42
8 93 17.47
8 94 14.49
8 95 4.3
8 96 10.01
8 97 11.79
8 98 3.87
8 99 14.34
9 10 12.26
9 11 14.76
9 12 10.21
9 13 0.96
9 14 17.83
9 15 2.69
9 16 15.55
9 17 10.01
9 18 16.92
9 19 7.87
9 20 4.83
9 21 8.75
9 22 5.37
9 23 9.67
9 24 5.05
9 25 6.02
9 26 1.69
9 27 1.25
9 28 0.67
9 29 17.13
9 30 13.81
9 31 16.72
9 32 1.22
9 33 11.13
9 34 6.45
9 35 9.84
9 36 11.91
9 37 5.69
9 38 2.58
9 39 1.29
9 40 13.89
9 41 9.46
9 42 11.11
9 43 19.61
9 44 11.75
9 45 15.89
9 46 17.98
9 47 18.32
9 48 3.68
9 49 7.2
9 50 10.17
9 51 15.1
9 52 17.73
9 53 10.67
9 54 2.83
9 55 6.3
9 56 0.52
9 57 3.71
9 58 3.42
9 59 6.82
9 60 2.17
9 61 15.17
9 62 12.69
9 63 8.61
9 64 14.17
9 65 10.63
9 66 1.04
9 67 9.82
9 68 4.46
9 69 10.37
9 70 1.43
9 71 6.32
9 72 3.52
9 73 11.12
9 74 7.93
9 75 0.03
9 76 12.41
9 77 15.67
9 78 3.44
9 79 9.84
9 80 12.52
9 81 18.03
9 82 1.85
9 83 7.77
9 84 3.72
9 85 19.82
9 86 14.43
9 87 3.76
9 88 0.7
9 89 18.32
9 90 5.46
9 91 2.05
9 92 11.6
9 93 10.7
9 94 3.8
9 95 7.8
9 96 4.67
9 97 19.43
9 98 10.97
9 99 10.73
10 11 6.66
10 12 16.68
10 13 7.79
10 14 8.59
10 15 4.5
10 16 8.05
10 17 4.06
10 18 7.68
10 19 6.38
10 20 12.83
10 21 7.09
10 22 3.2
10 23 18.53
10 24 10.84
10 25 7.52
10 26 10.0
10 27 7.53
10 28 11.58
10 29 14.36
10 30 15.0
10 31 4.25
10 32 2.19
10 33 1.94
10 34 17.14
10 35 16.31
10 36 4.02
10 37 9.05
10 38 3.46
10 39 13.49
10 40 2.36
10 41 5.21
10 42 1.31
10 43 5.79
10 44 4.6
10 45 14.17
10 46 0.88
10 47 17.3
10 48 5.5
10 49 2.89
10 50 4.97
10 51 18.59
10 52 9.64
10 53 18.41
10 54 8.0
10 55 14.3
10 56 2.49
10 57 17.62
10 58 8.37
10 59 4.69
10 60 0.64
10 61 17.37
10 62 16.43
10 63 4.59
10 64 4.75
10 65 1.21
10 66 18.6
10 67 10.8
10 68 1.31
10 69 10.39
10 70 5.87
10 71 1.57
10 72 14.7
10 73 14.77
10 74 13.67
10 75 10.05
10 76 10.18
10 77 8.22
10 78 11.65
10 79 13.52
10 80 16.89
10 81 9.42
10 82 18.38
10 83 14.46
10 84 15.83
10 85 4.96
10 86 1.08
10 87 0.98
10 88 14.53
10 89 12.51
10 90 11.43
10 91 0.49
10 92 3.28
10 93 3.48
10 94 8.02
10 95 12.45
10 96 10.27
10 97 7.1
10 98 0.66
10 99 4.89
11 12 17.24
11 13 18.05
11 14 10.82
11 15 0.41
11 16 0.2
11 17 5.82
11 18 8.02
11 19 5.46
11 20 19.21
11 21 11.35
11 22 15.16
11 23 14.39
11 24 16.23
11 25 14.83
11 26 3.17
11 27 9.19
11 28 18.23
11 29 4.91
11 30 5.07
11 31 12.62
11 32 11.78
11 33 3.2
11 34 8.07
11 35 11.52
11 36 17.61
11 37 7.31
11 38 10.06
11 39 12.93
11 40 15.06
11 41 10.48
11 42 0.66
11 43 3.3
11 44 12.34
11 45 18.33
11 46 5.75
11 47 6.43
11 48 13.97
11 49 19.12
11 50 7.87
11 51 14.42
11 52 0.72
11 53 17.87
11 54 5.09
11 55 15.81
11 56 3.98
11 57 7.95
11 58 1.71
11 59 5.61
11 60 2.05
11 61 11.64
11 62 16.92
11 63 17.58
11 64 13.17
11 65 16.26
11 66 7.88
11 67 7.69
11 68 19.46
11 69 15.06
11 70 13.07
11 71 11.08
11 72 2.01
11 73 4.43
11 74 8.46
11 75 0.88
11 76 18.83
11 77 10.86
11 78 8.82
11 79 19.95
11 80 10.36
11 81 14.67
11 82 19.02
11 83 15.14
11 84 4.93
11 85 8.57
11 86 19.9
11 87 4.29
11 88 12.21
11 89 5.84
11 90 4.1
11 91 9.34
11 92 13.05
11 93 3.17
11 94 5.84
11 95 12.3
11 96 18.0
11 97 4.39
11 98 20.0
11 99 13.0
12 13 5.51
12 14 1.55
12 15 1.16
12 16 11.92
12 17 0.76
12 18 4.15
12 19 14.42
12 20 14.36
12 21 6.98
12 22 0.27
12 23 5.25
12 24 2.34
12 25 1.53
12 26 11.1
12 27 12.96
12 28 9.62
12 29 14.44
12 30 16.63
12 31 5.15
12 32 17.59
12 33 18.25
12 34 7.51
12 35 1.07
12 36 13.24
12 37 5.6
12 38 5.53
12 39 9.33
12 40 18.04
12 41 13.27
12 42 13.66
12 43 6.49
12 44 13.18
12 45 9.54
12 46 19.33
12 47 15.86
12 48 2.39
12 49 0.12
12 50 4.57
12 51 6.67
12 52 4.87
12 53 10.62
12 54 13.53
12 55 18.75
12 56 16.05
12 57 9.06
12 58 3.01
12 59 4.42
12 60 1.95
12 61 5.8
12 62 18.11
12 63 3.77
12 64 2.54
12 65 14.32
12 66 5.2
12 67 7.61
12 68 8.9
12 69 9.74
12 70 16.27
12 71 10.28
12 72 7.42
12 73 10.79
12 74 4.16
12 75 19.45
12 76 4.07
12 77 0.14
12 78 17.89
12 79 6.38
12 80 12.67
12 81 14.55
12 82 15.2
12 83 10.67
12 84 4.33
12 85 13.24
12 86 19.55
12 87 8.77
12 88 18.62
12 89 9.6
12 90 1.55
12 91 13.53
12 92 17.18
12 93 3.24
12 94 3.92
12 95 14.79
12 96 7.28
12 97 16.14
12 98 15.93
12 99 8.0
13 14 2.42
13 15 18.45
13 16 6.67
13 17 11.33
13 18 14.13
13 19 5.01
13 20 6.23
13 21 14.93
13 22 10.46
13 23 13.0
13 24 16.65
13 25 1.67
13 26 8.92
13 27 9.31
13 28 3.76
13 29 19.63
13 30 13.25
13 31 19.05
13 32 17.99
13 33 8.76
13 34 2.8
13 35 1.19
13 36 13.31
13 37 3.31
13 38 16.92
13 39 15.98
13 40 2.06
13 41 9.96
13 42 2.87
13 43 15.87
13 44 0.21
13 45 9.03
13 46 18.88
13 47 0.66
13 48 10.07
13 49 17.02
13 50 18.48
13 51 4.3
13 52 10.31
13 53 16.09
13 54 16.81
13 55 10.23
13 56 10.26
13 57 9.28
13 58 2.29
13 59 16.19
13 60 11.6
13 61 2.59
13 62 4.77
13 63 7.07
13 64 17.12
13 65 9.81
13 66 13.92
13 67 5.54
13 68 7.69
13 69 16.41
13 70 19.65
13 71 7.02
13 72 7.22
13 73 4.48
13 74 6.8
13 75 8.99
13 76 12.67
13 77 3.17
13 78 5.81
13 79 4.69
13 80 19.78
13 81 13.39
13 82 8.97
13 83 7.26
13 84 1.74
13 85 9.82
13 86 17.59
13 87 6.02
13 88 9.7
13 89 16.46
13 90 9.84
13 91 5.07
13 92 12.72
13 93 8.44
13 94 13.52
13 95 12.65
13 96 16.01
13 97 0.75
13 98 2.52
13 99 19.66
14 15 19.16
14 16 17.37
14 17 11.78
14 18 12.22
14 19 19.28
14 20 7.39
14 21 0.41
14 22 10.84
14 23 11.65
14 24 15.45
14 25 18.96
14 26 9.37
14 27 1.38
14 28 1.07
14 29 13.92
14 30 9.3
14 31 18.18
14 32 12.55
14 33 3.88
14 34 3.51
14 35 15.0
14 36 5.33
14 37 7.72
14 38 2.32
14 39 7.48
14 40 19.29
14 41 11.97
14 42 4.17
14 43 17.84
14 44 15.12
14 45 12.7
14 46 5.2
14 47 17.92
14 48 16.96
14 49 3.12
14 50 12.5
14 51 8.24
14 52 19.02
14 53 0.78
14 54 4.01
14 55 16.2
14 56 14.44
14 57 19.0
14 58 17.7
14 59 5.36
14 60 16.11
14 61 5.5
14 62 9.76
14 63 2.42
14 64 1.22
14 65 6.32
14 66 12.83
14 67 13.68
14 68 8.0
14 69 14.75
14 70 0.83
14 71 13.59
14 72 6.51
14 73 2.62
14 74 0.07
14 75 11.9
14 76 15.25
14 77 7.84
14 78 0.87
14 79 8.2
14 80 19.93
14 81 0.47
14 82 19.94
14 83 18.43
14 84 3.9
14 85 18.12
14 86 1.97
14 87 15.47
14 88 1.53
14 89 1.21
14 90 9.73
14 91 5.46
14 92 1.7
14 93 3.19
14 94 13.48
14 95 16.93
14 96 17.6
14 97 8.04
14 98 3.25
14 99 11.33
15 16 15.29
15 17 12.09
15 18 0.54
15 19 3.31
15 20 17.66
15 21 0.11
15 22 6.74
15 23 4.14
15 24 8.58
15 25 9.44
15 26 8.17
15 27 16.26
15 28 7.46
15 29 7.45
15 30 11.02
15 31 18.88
15 32 0.67
15 33 14.69
15 34 6.19
15 35 1.17
15 36 8.94
15 37 18.79
15 38 16.53
15 39 7.85
15 40 5.96
15 41 11.71
15 42 3.26
15 43 11.19
15 44 5.41
15 45 1.63
15 46 18.62
15 47 9.81
15 48 17.9
15 49 2.38
15 50 13.95
15 51 12.75
15 52 13.41
15 53 9.27
15 54 9.71
15 55 18.05
15 56 19.47
15 57 9.73
15 58 14.27
15 59 18.46
15 60 0.12
15 61 8.69
15 62 9.12
15 63 4.13
15 64 4.93
15 65 11.31
15 66 19.76
15 67 5.53
15 68 13.79
15 69 5.43
15 70 6.63
15 71 18.57
15 72 7.82
15 73 14.42
15 74 16.37
15 75 17.14
15 76 18.25
15 77 2.81
15 78 16.47
15 79 8.07
15 80 1.17
15 81 12.26
15 82 15.69
15 83 9.27
15 84 5.34
15 85 18.21
15 86 15.18
15 87 0.79
15 88 14.69
15 89 3.58
15 90 8.81
15 91 11.81
15 92 14.37
15 93 12.29
15 94 10.3
15 95 12.94
15 96 11.11
15 97 1.74
15 98 0.38
15 99 15.38
16 17 1.18
16 18 17.44
16 19 13.71
16 20 2.9
16 21 15.9
16 22 4.91
16 23 0.54
16 24 0.02
16 25 13.39
16 26 9.5
16 27 0.48
16 28 3.39
16 29 12.18
16 30 13.62
16 31 19.31
16 32 8.25
16 33 0.56
16 34 14.2
16 35 15.11
16 36 6.69
16 37 0.26
16 38 8.56
16 39 1.88
16 40 12.44
16 41 12.79
16 42 3.78
16 43 6.71
16 44 15.42
16 45 2.04
16 46 3.85
16 47 10.82
16 48 10.85
16 49 2.71
16 50 2.14
16 51 11.06
16 52 1.32
16 53 18.42
16 54 8.45
16 55 6.91
16 56 12.64
16 57 2.51
16 58 3.52
16 59 14.58
16 60 5.04
16 61 9.06
16 62 4.77
16 63 19.92
16 64 9.54
16 65 4.07
16 66 17.25
16 67 13.87
16 68 18.91
16 69 19.63
16 70 3.86
16 71 15.84
16 72 9.37
16 73 18.87
16 74 5.29
16 75 15.84
16 76 19.76
16 77 16.73
16 78 19.04
16 79 8.44
16 80 19.98
16 81 13.1
16 82 1.52
16 83 18.33
16 84 15.65
16 85 1.7
16 86 7.8
16 87 19.33
16 88 13.31
16 89 13.55
16 90 13.9
16 91 7.07
16 92 5.82
16 93 14.69
16 94 11.88
16 95 11.24
16 96 17.31
16 97 15.17
16 98 17.46
16 99 7.79
17 18 11.24
17 19 4.84
17 20 14.33
17 21 11.97
17 22 15.65
17 23 0.99
17 24 11.89
17 25 6.6
17 26 18.53
17 27 7.89
17 28 19.27
17 29 7.92
17 30 16.39
17 31 7.33
17 32 3.33
17 33 0.9
17 34 5.41
17 35 14.05
17 36 3.07
17 37 2.26
17 38 10.36
17 39 6.53
17 40 0.84
17 41 16.16
17 42 16.62
17 43 5.26
17 44 12.45
17 45 2.16
17 46 11.41
17 47 16.41
17 48 13.09
17 49 16.57
17 50 12.48
17 51 18.74
17 52 18.87
17 53 19.76
17 54 2.21
17 55 0.68
17 56 16.53
17 57 8.28
17 58 0.44
17 59 0.9
17 60 15.67
17 61 10.18
17 62 14.2
17 63 1.81
17 64 19.57
17 65 8.31
17 66 14.37
17 67 15.05
17 68 16.49
17 69 8.86
17 70 0.82
17 71 4.64
17 72 12.37
17 73 1.27
17 74 1.4
17 75 9.61
17 76 2.33
17 77 12.8
17 78 7.97
17 79 14.66
17 80 4.55
17 81 11.32
17 82 7.3
17 83 8.11
17 84 12.27
17 85 0.03
17 86 16.27
17 87 8.22
17 88 8.34
17 89 11.46
17 90 9.79
17 91 8.62
17 92 7.22
17 93 17.96
17 94 8.62
17 95 1.86
17 96 11.03
17 97 15.8
17 98 14.77
17 99 19.79
18 19 10.14
18 20 4.28
18 21 1.29
18 22 13.62
18 23 6.6
18 24 18.37
18 25 3.76
18 26 7.77
18 27 18.2
18 28 15.29
18 29 7.69
18 30 10.58
18 31 18.41
18 32 18.66
18 33 18.19
18 34 3.88
18 35 14.01
18 36 10.44
18 37 19.85
18 38 2.18
18 39 1.55
18 40 9.55
18 41 15.87
18 42 5.52
18 43 12.2
18 44 19.69
18 45 0.83
18 46 6.69
18 47 2.26
18 48 12.06
18 49 2.84
18 50 8.46
18 51 16.02
18 52 13.96
18 53 6.17
18 54 10.29
18 55 3.22
18 56 6.03
18 57 15.71
18 58 1.35
18 59 17.99
18 60 18.66
18 61 18.61
18 62 8.71
18 63 19.93
18 64 7.8
18 65 1.94
18 66 14.81
18 67 18.12
18 68 6.88
18 69 9.78
18 70 14.06
18 71 5.77
18 72 6.77
18 73 5.07
18 74 19.37
18 75 15.97
18 76 17.52
18 77 15.32
18 78 19.84
18 79 9.75
18 80 14.68
18 81 11.94
18 82 15.88
18 83 19.54
18 84 18.51
18 85 3.0
18 86 18.25
18 87 15.5
18 88 1.35
18 89 16.73
18 90 6.43
18 91 15.41
18 92 9.92
18 93 0.88
18 94 1.54
18 95 3.22
18 96 11.52
18 97 0.63
18 98 7.82
18 99 11.21
19 20 10.7
19 21 19.43
19 22 9.77
19 23 0.28
19 24 2.18
19 25 17.52
19 26 19.46
19 27 2.44
19 28 15.81
19 29 10.74
19 30 16.66
19 31 17.74
19 32 14.06
19 33 2.45
19 34 5.22
19 35 17.52
19 36 14.48
19 37 3.5
19 38 0.33
19 39 11.03
19 40 6.93
19 41 9.27
19 42 13.66
19 43 3.22
19 44 11.98
19 45 16.56
19 46 15.26
19 47 2.92
19 48 6.37
19 49 14.29
19 50 7.5
19 51 18.45
19 52 11.77
19 53 6.64
19 54 7.89
19 55 10.29
19 56 3.82
19 57 13.88
19 58 16.24
19 59 13.01
19 60 14.13
19 61 18.28
19 62 5.77
19 63 3.25
19 64 11.37
19 65 18.91
19 66 0.66
19 67 15.56
19 68 16.63
19 69 0.45
19 70 13.14
19 71 15.03
19 72 2.18
19 73 1.11
19 74 6.79
19 75 6.64
19 76 13.49
19 77 3.4
19 78 13.05
19 79 0.58
19 80 2.9
19 81 18.17
19 82 0.88
19 83 8.25
19 84 17.75
19 85 0.45
19 86 9.49
19 87 2.72
19 88 7.2
19 89 10.62
19 90 15.98
19 91 2.32
19 92 4.27
19 93 8.16
19 94 17.48
19 95 2.57
19 96 16.61
19 97 4.39
19 98 10.65
19 99 16.51
20 21 17.96
20 22 18.73
20 23 17.58
20 24 19.19
20 25 17.66
20 26 11.3
20 27 17.18
20 28 4.13
20 29 8.94
20 30 3.85
20 31 16.06
20 32 10.27
20 33 8.79
20 34 18.38
20 35 17.16
20 36 11.87
20 37 16.45
20 38 17.76
20 39 7.84
20 40 0.93
20 41 16.93
20 42 16.36
20 43 11.01
20 44 6.36
20 45 10.92
20 46 13.22
20 47 10.22
20 48 17.76
20 49 4.13
20 50 17.5
20 51 14.63
20 52 14.47
20 53 8.94
20 54 16.31
20 55 3.9
20 56 8.88
20 57 12.5
20 58 6.85
20 59 4.11
20 60 9.1
20 61 17.45
20 62 14.2
20 63 6.6
20 64 14.32
20 65 15.9
20 66 9.26
20 67 13.22
20 68 18.57
20 69 12.66
20 70 14.65
20 71 11.48
20 72 15.9
20 73 13.56
20 74 16.28
20 75 6.79
20 76 3.95
20 77 1.22
20 78 12.83
20 79 4.86
20 80 17.22
20 81 8.87
20 82 7.14
20 83 11.95
20 84 11.25
20 85 11.59
20 86 17.53
20 87 18.59
20 88 9.61
20 89 11.89
20 90 19.03
20 91 6.33
20 92 16.12
20 93 6.65
20 94 5.14
20 95 11.53
20 96 15.31
20 97 4.9
20 98 1.85
20 99 17.6
21 22 17.14
21 23 7.44
21 24 1.59
21 25 8.79
21 26 13.31
21 27 1.71
21 28 0.68
21 29 14.86
21 30 9.65
21 31 13.86
21 32 15.52
21 33 18.26
21 34 15.19
21 35 10.54
21 36 18.56
21 37 16.25
21 38 6.88
21 39 0.2
21 40 19.73
21 41 16.27
21 42 13.27
21 43 14.65
21 44 14.26
21 45 13.84
21 46 10.28
21 47 0.08
21 48 0.08
21 49 15.39
21 50 9.35
21 51 4.43
21 52 2.23
21 53 13.84
21 54 1.42
21 55 9.12
21 56 5.06
21 57 7.09
21 58 17.52
21 59 0.63
21 60 14.06
21 61 0.97
21 62 18.54
21 63 3.46
21 64 9.44
21 65 15.5
21 66 7.51
21 67 17.49
21 68 12.63
21 69 12.4
21 70 10.56
21 71 5.14
21 72 0.56
21 73 5.6
21 74 10.9
21 75 15.55
21 76 1.44
21 77 6.05
21 78 3.64
21 79 9.22
21 80 5.87
21 81 0.09
21 82 13.52
21 83 5.24
21 84 18.52
21 85 8.92
21 86 7.84
21 87 7.22
21 88 3.07
21 89 14.5
21 90 5.11
21 91 10.84
21 92 0.23
21 93 14.15
21 94 1.42
21 95 18.8
21 96 6.98
21 97 0.23
21 98 17.64
21 99 18.61
22 23 2.91
22 24 1.01
22 25 6.85
22 26 19.58
22 27 12.57
22 28 8.15
22 29 8.97
22 30 2.8
22 31 18.37
22 32 11.37
22 33 4.09
22 34 15.77
22 35 19.39
22 36 12.12
22 37 6.18
22 38 14.42
22 39 3.74
22 40 12.02
22 41 8.89
22 42 18.03
22 43 2.68
22 44 11.45
22 45 0.13
22 46 16.4
22 47 18.95
22 48 4.97
22 49 7.15
22 50 12.53
22 51 5.37
22 52 13.42
22 53 3.33
22 54 12.02
22 55 1.95
22 56 5.64
22 57 19.79
22 58 11.79
22 59 0.56
22 60 16.36
22 61 13.02
22 62 18.13
22 63 16.36
22 64 15.87
22 65 10.19
22 66 6.39
22 67 17.1
22 68 16.83
22 69 8.84
22 70 11.27
22 71 7.73
22 72 10.64
22 73 10.04
22 74 3.54
22 75 6.92
22 76 8.69
22 77 2.24
22 78 19.9
22 79 4.64
22 80 7.81
22 81 19.72
22 82 8.86
22 83 3.25
22 84 6.92
22 85 7.94
22 86 16.23
22 87 5.8
22 88 5.08
22 89 7.78
22 90 18.5
22 91 15.18
22 92 14.65
22 93 16.61
22 94 16.06
22 95 0.05
22 96 1.27
22 97 11.07
22 98 7.46
22 99 14.63
23 24 12.59
23 25 10.85
23 26 8.14
23 27 14.9
23 28 4.21
23 29 7.1
23 30 0.98
23 31 7.61
23 32 4.8
23 33 14.78
23 34 16.07
23 35 5.59
23 36 2.11
23 37 18.6
23 38 4.0
23 39 10.75
23 40 6.76
23 41 19.72
23 42 12.81
23 43 4.35
23 44 16.53
23 45 7.97
23 46 4.98
23 47 4.07
23 48 13.92
23 49 10.35
23 50 10.03
23 51 4.78
23 52 6.28
23 53 1.3
23 54 16.12
23 55 15.75
23 56 10.94
23 57 2.06
23 58 14.99
23 59 17.85
23 60 15.13
23 61 12.25
23 62 19.19
23 63 11.92
23 64 8.99
23 65 6.42
23 66 9.92
23 67 6.41
23 68 1.59
23 69 2.58
23 70 18.07
23 71 9.87
23 72 1.82
23 73 1.33
23 74 9.35
23 75 18.18
23 76 16.13
23 77 11.36
23 78 4.12
23 79 10.91
23 80 9.99
23 81 17.57
23 82 7.22
23 83 7.95
23 84 3.01
23 85 9.47
23 86 12.76
23 87 14.25
23 88 4.24
23 89 13.9
23 90 1.99
23 91 14.68
23 92 13.44
23 93 1.26
23 94 12.0
23 95 15.49
23 96 1.49
23 97 1.23
23 98 19.17
23 99 3.11
24 25 4.16
24 26 8.51
24 27 17.04
24 28 17.08
24 29 0.98
24 30 11.77
24 31 4.26
24 32 10.74
24 33 18.46
24 34 14.41
24 35 8.89
24 36 11.97
24 37 13.47
24 38 13.46
24 39 15.67
24 40 16.57
24 41 8.71
24 42 2.53
24 43 10.71
24 44 17.45
24 45 10.15
24 46 0.78
24 47 15.59
24 48 8.03
24 49 7.68
24 50 19.01
24 51 1.17
24 52 11.17
24 53 18.82
24 54 6.29
24 55 4.37
24 56 6.92
24 57 4.18
24 58 4.79
24 59 10.79
24 60 2.83
24 61 4.05
24 62 16.17
24 63 8.15
24 64 1.63
24 65 16.68
24 66 18.48
24 67 9.4
24 68 5.6
24 69 5.71
24 70 8.32
24 71 18.09
24 72 18.72
24 73 13.94
24 74 15.06
24 75 12.47
24 76 2.4
24 77 18.43
24 78 0.32
24 79 16.47
24 80 4.4
24 81 15.73
24 82 1.15
24 83 3.77
24 84 9.28
24 85 10.59
24 86 19.68
24 87 4.66
24 88 2.28
24 89 13.4
24 90 4.14
24 91 9.38
24 92 6.53
24 93 16.23
24 94 5.59
24 95 4.5
24 96 4.49
24 97 14.73
24 98 17.95
24 99 16.07
25 26 3.93
25 27 10.19
25 28 2.3
25 29 6.04
25 30 15.69
25 31 17.35
25 32 17.99
25 33 19.0
25 34 6.29
25 35 8.33
25 36 2.84
25 37 1.46
25 38 11.32
25 39 2.71
25 40 14.19
25 41 13.38
25 42 19.47
25 43 10.68
25 44 2.04
25 45 0.55
25 46 7.8
25 47 3.99
25 48 0.13
25 49 18.83
25 50 2.94
25 51 2.72
25 52 15.09
25 53 15.14
25 54 16.9
25 55 4.54
25 56 12.59
25 57 3.77
25 58 9.91
25 59 6.46
25 60 9.32
25 61 11.55
25 62 3.79
25 63 15.33
25 64 1.88
25 65 17.73
25 66 9.47
25 67 6.29
25 68 5.53
25 69 6.22
25 70 10.98
25 71 17.69
25 72 7.66
25 73 3.37
25 74 2.24
25 75 3.79
25 76 0.47
25 77 14.46
25 78 4.01
25 79 8.6
25 80 14.86
25 81 16.42
25 82 4.45
25 83 3.28
25 84 8.15
25 85 16.39
25 86 5.73
25 87 11.02
25 88 13.61
25 89 16.08
25 90 10.81
25 91 7.21
25 92 2.34
25 93 4.33
25 94 3.47
25 95 2.48
25 96 4.38
25 97 2.05
25 98 1.07
25 99 8.33
26 27 13.99
26 28 3.47
26 29 10.4
26 30 8.86
26 31 14.8
26 32 4.2
26 33 3.46
26 34 13.08
26 35 12.72
26 36 8.02
26 37 18.97
26 38 0.51
26 39 0.8
26 40 6.0
26 41 16.24
26 42 0.4
26 43 11.46
26 44 19.79
26 45 0.28
26 46 5.44
26 47 11.89
26 48 17.53
26 49 11.1
26 50 9.47
26 51 17.78
26 52 15.24
26 53 19.0
26 54 4.76
26 55 9.42
26 56 11.66
26 57 12.72
26 58 9.4
26 59 4.04
26 60 7.47
26 61 3.59
26 62 0.34
26 63 8.75
26 64 1.82
26 65 7.37
26 66 3.72
26 67 19.94
26 68 12.37
26 69 14.48
26 70 14.4
26 71 10.54
26 72 15.24
26 73 16.53
26 74 15.66
26 75 10.21
26 76 17.09
26 77 15.73
26 78 8.53
26 79 10.31
26 80 5.81
26 81 0.81
26 82 17.7
26 83 7.05
26 84 4.69
26 85 9.29
26 86 10.51
26 87 17.37
26 88 7.66
26 89 14.37
26 90 9.79
26 91 16.66
26 92 2.7
26 93 10.08
26 94 3.94
26 95 6.0
26 96 9.72
26 97 16.84
26 98 17.44
26 99 13.08
27 28 7.2
27 29 10.14
27 30 6.04
27 31 7.82
27 32 1.96
27 33 12.96
27 34 19.3
27 35 5.55
27 36 7.17
27 37 3.67
27 38 3.88
27 39 9.06
27 40 18.8
27 41 0.44
27 42 7.9
27 43 6.22
27 44 3.23
27 45 18.12
27 46 17.74
27 47 0.98
27 48 7.57
27 49 10.6
27 50 2.09
27 51 13.21
27 52 14.39
27 53 14.69
27 54 19.17
27 55 19.41
27 56 17.9
27 57 18.93
27 58 5.72
27 59 16.3
27 60 6.86
27 61 15.97
27 62 3.38
27 63 6.91
27 64 9.76
27 65 5.92
27 66 3.87
27 67 13.91
27 68 2.68
27 69 1.79
27 70 12.55
27 71 2.05
27 72 3.68
27 73 7.75
27 74 0.66
27 75 8.85
27 76 0.4
27 77 2.45
27 78 3.87
27 79 18.49
27 80 8.71
27 81 15.22
27 82 16.05
27 83 3.65
27 84 5.54
27 85 0.72
27 86 19.35
27 87 13.79
27 88 11.4
27 89 19.05
27 90 18.49
27 91 10.01
27 92 10.06
27 93 12.71
27 94 4.0
27 95 2.22
27 96 16.96
27 97 9.47
27 98 18.65
27 99 4.95
28 29 14.86
28 30 2.73
28 31 17.92
28 32 9.65
28 33 19.91
28 34 17.06
28 35 5.32
28 36 12.12
28 37 16.89
28 38 15.86
28 39 8.44
28 40 11.21
28 41 4.47
28 42 6.35
28 43 11.11
28 44 11.63
28 45 8.2
28 46 6.36
28 47 7.44
28 48 11.54
28 49 3.58
28 50 15.53
28 51 16.73
28 52 16.28
28 53 6.36
28 54 2.89
28 55 9.9
28 56 15.66
28 57 6.18
28 58 9.18
28 59 17.76
28 60 14.24
28 61 17.39
28 62 15.63
28 63 15.92
28 64 3.66
28 65 16.38
28 66 10.59
28 67 8.74
28 68 19.08
28 69 10.77
28 70 9.76
28 71 19.35
28 72 5.63
28 73 6.37
28 74 6.88
28 75 2.7
28 76 19.0
28 77 5.97
28 78 10.01
28 79 15.11
28 80 17.44
28 81 9.17
28 82 13.05
28 83 6.5
28 84 10.68
28 85 12.7
28 86 15.38
28 87 7.9
28 88 18.04
28 89 4.25
28 90 1.96
28 91 15.71
28 92 2.08
28 93 8.57
28 94 9.35
28 95 7.87
28 96 7.65
28 97 4.23
28 98 11.29
28 99 17.24
29 30 18.13
29 31 12.15
29 32 9.49
29 33 8.26
29 34 19.18
29 35 19.88
29 36 15.4
29 37 17.83
29 38 1.05
29 39 4.73
29 40 5.74
29 41 6.28
29 42 2.15
29 43 17.69
29 44 9.23
29 45 18.57
29 46 5.01
29 47 8.52
29 48 7.82
29 49 1.63
29 50 17.36
29 51 9.24
29 52 11.44
29 53 16.94
29 54 11.24
29 55 13.85
29 56 10.09
29 57 17.94
29 58 10.36
29 59 10.7
29 60 15.39
29 61 2.07
29 62 8.61
29 63 13.3
29 64 19.96
29 65 9.95
29 66 4.69
29 67 16.86
29 68 4.05
29 69 16.41
29 70 0.73
29 71 18.42
29 72 13.11
29 73 4.13
29 74 11.21
29 75 5.08
29 76 0.18
29 77 6.49
29 78 0.64
29 79 8.05
29 80 13.08
29 81 19.21
29 82 0.58
29 83 12.61
29 84 14.64
29 85 3.4
29 86 5.98
29 87 12.3
29 88 11.91
29 89 14.35
29 90 14.73
29 91 14.33
29 92 16.88
29 93 2.42
29 94 6.51
29 95 3.44
29 96 17.19
29 97 1.37
29 98 8.02
29 99 3.44
30 31 1.6
30 32 14.85
30 33 15.79
30 34 12.96
30 35 8.99
30 36 2.2
30 37 18.44
30 38 19.65
30 39 8.8
30 40 11.07
30 41 10.94
30 42 16.35
30 43 17.56
30 44 8.0
30 45 13.71
30 46 10.73
30 47 14.72
30 48 4.5
30 49 9.6
30 50 7.83
30 51 3.77
30 52 9.04
30 53 7.64
30 54 18.08
30 55 4.56
30 56 17.77
30 57 10.07
30 58 8.18
30 59 1.38
30 60 5.47
30 61 9.56
30 62 8.65
30 63 14.61
30 64 2.93
30 65 16.16
30 66 7.03
30 67 11.41
30 68 8.83
30 69 5.11
30 70 11.94
30 71 6.3
30 72 2.89
30 73 4.5
30 74 1.01
30 75 2.84
30 76 19.5
30 77 5.35
30 78 12.35
30 79 9.84
30 80 6.75
30 81 14.14
30 82 9.97
30 83 5.79
30 84 7.91
30 85 3.53
30 86 6.69
30 87 3.83
30 88 11.89
30 89 5.24
30 90 13.4
30 91 5.65
30 92 4.94
30 93 16.91
30 94 13.68
30 95 10.27
30 96 18.03
30 97 9.35
30 98 19.09
30 99 12.38
31 32 8.69
31 33 11.57
31 34 19.28
31 35 18.82
31 36 5.1
31 37 15.43
31 38 5.22
31 39 12.73
31 40 6.31
31 41 4.05
31 42 18.03
31 43 3.21
31 44 9.59
31 45 9.46
31 46 5.29
31 47 11.41
31 48 16.31
31 49 17.84
31 50 9.48
31 51 6.52
31 52 9.57
31 53 11.91
31 54 13.54
31 55 7.62
31 56 12.74
31 57 17.43
31 58 8.08
31 59 19.47
31 60 7.59
31 61 2.71
31 62 11.76
31 63 5.73
31 64 6.43
31 65 1.42
31 66 7.04
31 67 7.01
31 68 9.44
31 69 4.84
31 70 2.03
31 71 8.23
31 72 14.29
31 73 6.57
31 74 9.61
31 75 10.82
31 76 2.16
31 77 4.65
31 78 18.81
31 79 5.43
31 80 17.23
31 81 8.0
31 82 12.71
31 83 16.15
31 84 17.76
31 85 10.79
31 86 18.39
31 87 10.66
31 88 3.69
31 89 19.54
31 90 19.67
31 91 16.9
31 92 7.43
31 93 11.58
31 94 1.63
31 95 3.53
31 96 18.26
31 97 19.98
31 98 2.43
31 99 14.29
32 33 13.41
32 34 3.25
32 35 3.48
32 36 0.98
32 37 4.31
32 38 14.27
32 39 3.15
32 40 17.91
32 41 13.29
32 42 3.48
32 43 14.16
32 44 4.78
32 45 15.93
32 46 18.1
32 47 9.17
32 48 7.44
32 49 16.32
32 50 12.1
32 51 9.7
32 52 4.69
32 53 2.26
32 54 19.7
32 55 2.33
32 56 2.26
32 57 10.7
32 58 2.39
32 59 4.52
32 60 14.5
32 61 3.25
32 62 17.52
32 63 10.5
32 64 1.14
32 65 1.39
32 66 19.14
32 67 6.69
32 68 5.46
32 69 4.85
32 70 3.55
32 71 16.52
32 72 7.69
32 73 14.75
32 74 7.65
32 75 11.19
32 76 16.32
32 77 7.92
32 78 2.73
32 79 12.85
32 80 19.28
32 81 12.29
32 82 17.68
32 83 5.75
32 84 7.03
32 85 5.75
32 86 11.05
32 87 3.95
32 88 8.01
32 89 0.22
32 90 2.41
32 91 12.56
32 92 3.38
32 93 2.21
32 94 10.38
32 95 14.84
32 96 14.32
32 97 16.84
32 98 9.96
32 99 8.04
33 34 17.19
33 35 6.48
33 36 15.8
33 37 1.38
33 38 11.62
33 39 4.26
33 40 6.75
33 41 13.35
33 42 7.28
33 43 16.99
33 44 2.77
33 45 14.56
33 46 8.52
33 47 19.42
33 48 2.56
33 49 6.91
33 50 17.47
33 51 3.13
33 52 14.84
33 53 14.38
33 54 4.34
33 55 14.69
33 56 12.14
33 57 4.22
33 58 5.85
33 59 9.11
33 60 5.41
33 61 17.33
33 62 14.52
33 63 18.54
33 64 17.9
33 65 17.27
33 66 8.61
33 67 5.64
33 68 8.37
33 69 18.93
33 70 14.89
33 71 4.11
33 72 15.7
33 73 8.6
33 74 8.72
33 75 16.8
33 76 16.14
33 77 13.78
33 78 7.49
33 79 16.16
33 80 6.66
33 81 12.9
33 82 8.26
33 83 0.48
33 84 10.33
33 85 18.65
33 86 13.85
33 87 15.86
33 88 1.0
33 89 18.89
33 90 12.76
33 91 3.78
33 92 7.02
33 93 4.11
33 94 7.64
33 95 19.11
33 96 11.56
33 97 2.96
33 98 4.74
33 99 1.15
34 35 4.06
34 36 16.39
34 37 13.64
34 38 4.34
34 39 9.3
34 40 13.29
34 41 1.4
34 42 3.62
34 43 16.78
34 44 3.08
34 45 8.24
34 46 2.09
34 47 11.63
34 48 2.87
34 49 8.16
34 50 7.92
34 51 15.75
34 52 8.43
34 53 7.09
34 54 19.58
34 55 7.67
34 56 5.67
34 57 15.93
34 58 15.2
34 59 17.54
34 60 18.06
34 61 4.13
34 62 13.95
34 63 5.08
34 64 3.77
34 65 7.39
34 66 13.01
34 67 8.59
34 68 9.53
34 69 0.2
34 70 5.49
34 71 17.1
34 72 8.19
34 73 0.1
34 74 1.0
34 75 11.53
34 76 15.08
34 77 10.41
34 78 2.77
34 79 10.39
34 80 13.1
34 81 8.62
34 82 3.86
34 83 18.74
34 84 17.59
34 85 16.04
34 86 10.36
34 87 19.54
34 88 13.72
34 89 19.97
34 90 13.91
34 91 6.74
34 92 17.01
34 93 2.38
34 94 2.38
34 95 2.57
34 96 6.3
34 97 14.2
34 98 9.71
34 99 1.03
35 36 7.3
35 37 11.69
35 38 17.77
35 39 4.66
35 40 16.02
35 41 11.31
35 42 18.86
35 43 14.49
35 44 8.91
35 45 0.4
35 46 15.66
35 47 11.04
35 48 6.3
35 49 13.42
35 50 10.7
35 51 0.73
35 52 9.05
35 53 1.0
35 54 9.35
35 55 2.9
35 56 0.93
35 57 14.92
35 58 0.91
35 59 18.31
35 60 16.83
35 61 13.39
35 62 7.73
35 63 8.27
35 64 7.26
35 65 7.84
35 66 17.96
35 67 13.75
35 68 17.41
35 69 18.61
35 70 3.43
35 71 17.51
35 72 11.78
35 73 13.2
35 74 4.56
35 75 17.49
35 76 15.01
35 77 8.83
35 78 1.15
35 79 0.61
35 80 2.91
35 81 3.25
35 82 4.34
35 83 12.89
35 84 7.64
35 85 19.65
35 86 7.71
35 87 7.59
35 88 14.36
35 89 11.46
35 90 17.83
35 91 18.3
35 92 15.92
35 93 1.49
35 94 1.75
35 95 17.18
35 96 13.04
35 97 8.2
35 98 14.42
35 99 14.18
36 37 7.28
36 38 5.13
36 39 10.68
36 40 18.03
36 41 8.05
36 42 10.23
36 43 16.87
36 44 5.39
36 45 14.58
36 46 9.34
36 47 16.59
36 48 6.66
36 49 12.8
36 50 12.71
36 51 5.61
36 52 8.53
36 53 18.81
36 54 12.96
36 55 3.32
36 56 9.34
36 57 15.91
36 58 7.93
36 59 2.18
36 60 13.65
36 61 0.28
36 62 5.96
36 63 13.28
36 64 6.96
36 65 11.29
36 66 9.67
36 67 5.31
36 68 15.9
36 69 17.32
36 70 10.06
36 71 12.37
36 72 17.47
36 73 13.21
36 74 14.39
36 75 7.74
36 76 2.28
36 77 5.27
36 78 8.32
36 79 13.31
36 80 0.35
36 81 7.95
36 82 19.61
36 83 15.21
36 84 11.39
36 85 3.96
36 86 7.31
36 87 18.22
36 88 8.6
36 89 16.29
36 90 6.53
36 91 6.68
36 92 2.44
36 93 6.35
36 94 4.79
36 95 5.03
36 96 6.02
36 97 0.26
36 98 14.71
36 99 19.21
37 38 19.75
37 39 2.98
37 40 7.57
37 41 6.97
37 42 9.68
37 43 6.29
37 44 19.44
37 45 18.61
37 46 16.29
37 47 4.14
37 48 3.26
37 49 9.82
37 50 19.83
37 51 7.52
37 52 7.22
37 53 10.11
37 54 12.56
37 55 7.04
37 56 12.15
37 57 19.69
37 58 12.82
37 59 9.25
37 60 9.06
37 61 6.9
37 62 8.36
37 63 14.56
37 64 6.31
37 65 12.2
37 66 14.64
37 67 11.08
37 68 17.77
37 69 8.21
37 70 1.38
37 71 4.32
37 72 0.96
37 73 10.59
37 74 15.93
37 75 6.79
37 76 7.54
37 77 19.54
37 78 15.61
37 79 3.37
37 80 11.6
37 81 2.68
37 82 8.5
37 83 12.91
37 84 14.39
37 85 16.01
37 86 6.29
37 87 3.07
37 88 11.04
37 89 10.4
37 90 5.31
37 91 19.82
37 92 17.93
37 93 18.33
37 94 0.32
37 95 15.2
37 96 5.86
37 97 0.73
37 98 14.32
37 99 11.24
38 39 13.79
38 40 0.42
38 41 12.8
38 42 1.42
38 43 8.35
38 44 6.96
38 45 12.83
38 46 2.07
38 47 14.55
38 48 16.07
38 49 19.73
38 50 9.44
38 51 4.77
38 52 19.12
38 53 5.07
38 54 14.19
38 55 19.65
38 56 7.99
38 57 0.81
38 58 9.15
38 59 6.38
38 60 1.34
38 61 1.55
38 62 6.26
38 63 5.03
38 64 18.04
38 65 2.19
38 66 2.02
38 67 19.99
38 68 11.09
38 69 2.28
38 70 11.04
38 71 17.55
38 72 1.96
38 73 11.38
38 74 10.55
38 75 0.39
38 76 5.27
38 77 12.19
38 78 12.9
38 79 15.82
38 80 18.45
38 81 16.92
38 82 17.2
38 83 12.59
38 84 19.26
38 85 17.7
38 86 13.58
38 87 6.52
38 88 2.41
38 89 8.44
38 90 16.21
38 91 4.72
38 92 7.79
38 93 7.45
38 94 13.2
38 95 11.03
38 96 1.78
38 97 1.15
38 98 19.04
38 99 19.86
39 40 0.84
39 41 12.66
39 42 0.39
39 43 7.8
39 44 1.74
39 45 8.67
39 46 3.66
39 47 13.68
39 48 11.31
39 49 16.18
39 50 11.69
39 51 0.67
39 52 13.34
39 53 12.38
39 54 4.06
39 55 0.22
39 56 11.22
39 57 15.03
39 58 18.06
39 59 6.52
39 60 9.03
39 61 14.18
39 62 16.33
39 63 11.92
39 64 9.62
39 65 10.41
39 66 11.21
39 67 8.26
39 68 8.51
39 69 12.67
39 70 8.24
39 71 12.85
39 72 2.71
39 73 8.35
39 74 12.47
39 75 14.75
39 76 1.69
39 77 8.06
39 78 9.08
39 79 7.52
39 80 12.23
39 81 1.22
39 82 1.69
39 83 14.55
39 84 17.01
39 85 13.84
39 86 10.53
39 87 10.34
39 88 6.47
39 89 15.24
39 90 5.55
39 91 17.8
39 92 10.51
39 93 5.5
39 94 18.41
39 95 16.62
39 96 1.97
39 97 15.91
39 98 5.14
39 99 0.56
40 41 14.34
40 42 7.87
40 43 6.27
40 44 18.98
40 45 11.25
40 46 4.34
40 47 18.99
40 48 5.08
40 49 16.62
40 50 16.45
40 51 4.57
40 52 15.02
40 53 12.38
40 54 9.05
40 55 4.06
40 56 1.81
40 57 14.34
40 58 6.63
40 59 4.99
40 60 1.08
40 61 12.55
40 62 6.3
40 63 8.19
40 64 12.24
40 65 2.92
40 66 11.14
40 67 17.49
40 68 12.7
40 69 4.45
40 70 1.44
40 71 3.84
40 72 17.78
40 73 9.34
40 74 12.03
40 75 12.91
40 76 3.68
40 77 11.47
40 78 19.69
40 79 16.67
40 80 8.33
40 81 8.49
40 82 8.37
40 83 10.35
40 84 14.99
40 85 4.54
40 86 9.98
40 87 5.27
40 88 19.61
40 89 16.08
40 90 10.21
40 91 3.81
40 92 1.14
40 93 12.96
40 94 16.7
40 95 0.76
40 96 9.07
40 97 11.86
40 98 8.48
40 99 6.5
41 42 17.73
41 43 6.16
41 44 13.97
41 45 10.61
41 46 16.52
41 47 3.3
41 48 4.93
41 49 1.86
41 50 6.22
41 51 19.4
41 52 4.08
41 53 3.04
41 54 6.43
41 55 0.83
41 56 14.37
41 57 9.18
41 58 10.66
41 59 12.72
41 60 17.71
41 61 0.83
41 62 8.35
41 63 9.16
41 64 13.95
41 65 16.73
41 66 6.13
41 67 8.13
41 68 6.87
41 69 8.37
41 70 13.36
41 71 9.41
41 72 11.99
41 73 11.07
41 74 16.24
41 75 12.7
41 76 7.65
41 77 15.11
41 78 3.26
41 79 13.23
41 80 19.89
41 81 10.26
41 82 8.32
41 83 10.19
41 84 9.53
41 85 19.1
41 86 9.66
41 87 12.95
41 88 0.57
41 89 7.41
41 90 0.51
41 91 15.11
41 92 2.06
41 93 1.05
41 94 2.74
41 95 3.08
41 96 12.33
41 97 5.51
41 98 6.98
41 99 17.41
42 43 7.2
42 44 12.41
42 45 7.68
42 46 0.45
42 47 12.49
42 48 17.36
42 49 12.39
42 50 6.98
42 51 3.09
42 52 1.23
42 53 7.41
42 54 17.4
42 55 3.42
42 56 10.41
42 57 11.19
42 58 6.68
42 59 3.06
42 60 11.92
42 61 9.39
42 62 5.87
42 63 3.05
42 64 9.51
42 65 4.98
42 66 16.15
42 67 2.19
42 68 17.95
42 69 5.45
42 70 15.85
42 71 13.44
42 72 18.31
42 73 10.73
42 74 18.11
42 75 17.54
42 76 13.87
42 77 2.94
42 78 10.8
42 79 18.54
42 80 5.16
42 81 8.38
42 82 1.92
42 83 8.19
42 84 14.2
42 85 11.75
42 86 4.37
42 87 15.21
42 88 7.14
42 89 17.53
42 90 6.27
42 91 17.25
42 92 14.32
42 93 8.9
42 94 11.26
42 95 7.04
42 96 10.12
42 97 5.76
42 98 6.79
42 99 4.5
43 44 15.55
43 45 3.47
43 46 8.86
43 47 9.4
43 48 7.63
43 49 17.49
43 50 17.29
43 51 17.22
43 52 14.8
43 53 4.26
43 54 18.56
43 55 0.95
43 56 19.78
43 57 8.79
43 58 17.2
43 59 4.91
43 60 9.18
43 61 7.58
43 62 16.2
43 63 4.15
43 64 2.33
43 65 17.92
43 66 5.97
43 67 4.35
43 68 10.92
43 69 4.89
43 70 13.12
43 71 4.33
43 72 6.98
43 73 15.07
43 74 0.53
43 75 1.45
43 76 19.56
43 77 4.35
43 78 10.35
43 79 10.36
43 80 3.36
43 81 11.08
43 82 18.15
43 83 10.46
43 84 1.61
43 85 18.68
43 86 5.8
43 87 15.33
43 88 12.8
43 89 7.23
43 90 5.43
43 91 1.09
43 92 10.56
43 93 2.48
43 94 13.43
43 95 4.31
43 96 6.5
43 97 13.67
43 98 0.62
43 99 4.88
44 45 16.35
44 46 0.48
44 47 17.87
44 48 2.24
44 49 12.36
44 50 5.67
44 51 2.14
44 52 6.34
44 53 5.64
44 54 8.82
44 55 18.24
44 56 11.1
44 57 6.14
44 58 17.14
44 59 15.02
44 60 9.1
44 61 0.9
44 62 13.37
44 63 15.73
44 64 19.29
44 65 11.75
44 66 15.99
44 67 17.2
44 68 0.29
44 69 7.77
44 70 7.58
44 71 5.03
44 72 19.99
44 73 6.45
44 74 9.36
44 75 13.67
44 76 3.08
44 77 11.6
44 78 10.67
44 79 2.71
44 80 16.86
44 81 8.46
44 82 14.33
44 83 12.32
44 84 4.84
44 85 4.89
44 86 18.33
44 87 10.7
44 88 15.16
44 89 19.5
44 90 4.69
44 91 3.83
44 92 16.76
44 93 11.05
44 94 18.84
44 95 15.15
44 96 7.19
44 97 4.02
44 98 11.94
44 99 13.67
45 46 13.58
45 47 13.49
45 48 13.23
45 49 16.41
45 50 10.52
45 51 19.25
45 52 15.77
45 53 14.0
45 54 6.9
45 55 14.11
45 56 9.23
45 57 19.12
45 58 11.35
45 59 0.49
45 60 17.93
45 61 16.06
45 62 11.8
45 63 6.57
45 64 18.96
45 65 4.79
45 66 13.46
45 67 18.4
45 68 10.58
45 69 2.57
45 70 16.82
45 71 19.0
45 72 1.22
45 73 17.29
45 74 5.52
45 75 1.18
45 76 14.1
45 77 10.65
45 78 14.91
45 79 11.87
45 80 18.09
45 81 0.23
45 82 1.75
45 83 0.13
45 84 8.5
45 85 9.73
45 86 4.19
45 87 11.87
45 88 2.09
45 89 16.42
45 90 3.62
45 91 17.75
45 92 3.2
45 93 3.03
45 94 2.99
45 95 0.26
45 96 7.02
45 97 15.87
45 98 8.31
45 99 7.38
46 47 13.02
46 48 5.25
46 49 1.14
46 50 1.84
46 51 19.61
46 52 5.4
46 53 6.56
46 54 10.9
46 55 15.79
46 56 9.59
46 57 17.46
46 58 2.74
46 59 17.86
46 60 3.21
46 61 11.3
46 62 7.26
46 63 15.41
46 64 7.55
46 65 13.23
46 66 17.1
46 67 1.82
46 68 10.87
46 69 18.4
46 70 4.42
46 71 7.79
46 72 8.15
46 73 14.92
46 74 4.31
46 75 5.39
46 76 13.38
46 77 0.41
46 78 7.3
46 79 13.65
46 80 2.48
46 81 3.7
46 82 12.4
46 83 19.24
46 84 18.17
46 85 1.26
46 86 3.53
46 87 5.8
46 88 9.36
46 89 3.71
46 90 7.39
46 91 8.4
46 92 14.96
46 93 15.43
46 94 10.21
46 95 0.09
46 96 13.28
46 97 2.2
46 98 8.59
46 99 1.9
47 48 12.8
47 49 13.0
47 50 12.65
47 51 7.38
47 52 7.15
47 53 6.67
47 54 18.82
47 55 13.71
47 56 7.94
47 57 10.07
47 58 10.78
47 59 7.04
47 60 6.94
47 61 12.21
47 62 14.5
47 63 5.67
47 64 8.58
47 65 1.39
47 66 11.95
47 67 9.07
47 68 4.24
47 69 18.96
47 70 8.54
47 71 10.78
47 72 19.94
47 73 8.72
47 74 19.13
47 75 8.34
47 76 17.05
47 77 13.81
47 78 8.68
47 79 14.9
47 80 8.6
47 81 2.41
47 82 10.74
47 83 9.7
47 84 9.99
47 85 15.33
47 86 2.19
47 87 14.35
47 88 0.31
47 89 8.47
47 90 10.12
47 91 2.9
47 92 10.88
47 93 0.27
47 94 9.82
47 95 11.38
47 96 3.62
47 97 9.33
47 98 4.67
47 99 9.87
48 49 14.42
48 50 2.02
48 51 17.05
48 52 4.54
48 53 1.68
48 54 10.79
48 55 3.67
48 56 3.44
48 57 10.88
48 58 18.79
48 59 0.66
48 60 13.76
48 61 6.61
48 62 19.52
48 63 8.13
48 64 18.69
48 65 8.27
48 66 3.06
48 67 6.1
48 68 18.57
48 69 2.5
48 70 2.17
48 71 5.49
48 72 4.08
48 73 18.75
48 74 12.91
48 75 10.54
48 76 7.79
48 77 18.38
48 78 11.84
48 79 19.63
48 80 10.37
48 81 2.96
48 82 13.2
48 83 17.12
48 84 2.75
48 85 9.23
48 86 17.41
48 87 19.9
48 88 7.48
48 89 16.34
48 90 9.01
48 91 2.17
48 92 11.78
48 93 15.78
48 94 10.03
48 95 1.49
48 96 15.8
48 97 11.64
48 98 17.55
48 99 14.46
49 50 11.61
49 51 9.0
49 52 2.83
49 53 2.59
49 54 10.35
49 55 1.75
49 56 8.61
49 57 9.01
49 58 0.98
49 59 9.59
49 60 17.69
49 61 2.25
49 62 7.96
49 63 7.57
49 64 12.63
49 65 5.73
49 66 5.67
49 67 16.54
49 68 3.45
49 69 19.09
49 70 18.97
49 71 8.33
49 72 3.03
49 73 5.13
49 74 11.86
49 75 15.86
49 76 10.16
49 77 12.47
49 78 16.76
49 79 13.58
49 80 1.29
49 81 15.29
49 82 11.05
49 83 5.51
49 84 12.08
49 85 18.3
49 86 11.15
49 87 2.99
49 88 15.92
49 89 0.17
49 90 4.21
49 91 1.03
49 92 19.26
49 93 18.66
49 94 6.94
49 95 2.75
49 96 15.53
49 97 3.29
49 98 7.61
49 99 0.83
50 51 7.29
50 52 14.56
50 53 19.58
50 54 13.1
50 55 17.02
50 56 19.95
50 57 14.69
50 58 1.93
50 59 8.78
50 60 4.53
50 61 4.53
50 62 19.84
50 63 13.33
50 64 8.1
50 65 9.93
50 66 8.18
50 67 18.85
50 68 18.65
50 69 16.25
50 70 3.95
50 71 8.27
50 72 8.56
50 73 8.45
50 74 14.42
50 75 15.62
50 76 10.08
50 77 11.48
50 78 8.25
50 79 3.51
50 80 0.23
50 81 16.74
50 82 0.07
50 83 14.85
50 84 14.93
50 85 15.67
50 86 12.85
50 87 15.53
50 88 11.93
50 89 14.24
50 90 16.64
50 91 19.25
50 92 2.62
50 93 12.7
50 94 13.24
50 95 4.41
50 96 15.57
50 97 3.83
50 98 13.79
50 99 17.86
51 52 11.17
51 53 8.29
51 54 9.94
51 55 7.43
51 56 17.78
51 57 4.52
51 58 13.54
51 59 17.18
51 60 14.07
51 61 6.01
51 62 15.3
51 63 10.4
51 64 14.74
51 65 18.66
51 66 10.33
51 67 1.35
51 68 3.63
51 69 19.83
51 70 8.47
51 71 8.85
51 72 8.4
51 73 6.77
51 74 2.67
51 75 7.44
51 76 14.99
51 77 15.95
51 78 19.99
51 79 6.58
51 80 14.68
51 81 4.97
51 82 8.69
51 83 1.48
51 84 17.15
51 85 5.75
51 86 3.43
51 87 9.01
51 88 3.35
51 89 14.83
51 90 19.91
51 91 4.1
51 92 8.35
51 93 5.49
51 94 10.17
51 95 0.62
51 96 5.01
51 97 18.18
51 98 19.44
51 99 17.91
52 53 18.87
52 54 10.97
52 55 13.57
52 56 14.47
52 57 5.29
52 58 7.27
52 59 3.47
52 60 0.79
52 61 12.53
52 62 0.36
52 63 12.86
52 64 7.2
52 65 16.57
52 66 11.2
52 67 4.62
52 68 2.51
52 69 3.85
52 70 6.37
52 71 6.0
52 72 7.85
52 73 16.79
52 74 4.59
52 75 5.0
52 76 9.85
52 77 6.19
52 78 19.86
52 79 19.23
52 80 9.96
52 81 13.31
52 82 8.12
52 83 13.59
52 84 8.59
52 85 0.45
52 86 9.11
52 87 5.95
52 88 19.11
52 89 11.0
52 90 4.24
52 91 8.59
52 92 5.68
52 93 3.16
52 94 10.98
52 95 8.02
52 96 12.59
52 97 5.99
52 98 12.74
52 99 1.14
53 54 5.15
53 55 3.2
53 56 2.42
53 57 18.36
53 58 11.64
53 59 10.3
53 60 7.0
53 61 17.52
53 62 17.52
53 63 4.76
53 64 11.45
53 65 8.32
53 66 5.24
53 67 9.19
53 68 15.96
53 69 12.4
53 70 0.32
53 71 18.6
53 72 14.77
53 73 11.24
53 74 14.91
53 75 13.47
53 76 13.02
53 77 10.93
53 78 18.16
53 79 12.89
53 80 12.41
53 81 4.57
53 82 12.74
53 83 17.6
53 84 11.51
53 85 4.05
53 86 11.0
53 87 11.15
53 88 6.9
53 89 16.34
53 90 5.61
53 91 8.41
53 92 4.48
53 93 12.88
53 94 4.14
53 95 13.48
53 96 7.85
53 97 8.82
53 98 3.66
53 99 19.43
54 55 18.39
54 56 2.84
54 57 13.73
54 58 14.59
54 59 15.55
54 60 12.92
54 61 15.93
54 62 18.49
54 63 17.39
54 64 13.53
54 65 6.94
54 66 9.91
54 67 5.1
54 68 15.74
54 69 0.17
54 70 9.68
54 71 13.56
54 72 10.06
54 73 8.45
54 74 2.72
54 75 19.78
54 76 8.04
54 77 8.79
54 78 16.77
54 79 17.99
54 80 17.72
54 81 10.25
54 82 4.04
54 83 6.75
54 84 17.98
54 85 4.65
54 86 8.1
54 87 19.97
54 88 17.2
54 89 4.75
54 90 0.35
54 91 10.23
54 92 17.35
54 93 10.39
54 94 4.37
54 95 18.25
54 96 0.4
54 97 13.73
54 98 5.98
54 99 17.4
55 56 0.25
55 57 18.18
55 58 13.35
55 59 16.67
55 60 1.72
55 61 3.8
55 62 3.99
55 63 17.6
55 64 14.67
55 65 1.81
55 66 9.88
55 67 10.3
55 68 13.65
55 69 16.23
55 70 7.22
55 71 16.73
55 72 14.54
55 73 13.85
55 74 18.63
55 75 17.31
55 76 5.82
55 77 4.89
55 78 3.46
55 79 4.81
55 80 17.14
55 81 16.2
55 82 5.61
55 83 4.95
55 84 5.39
55 85 15.61
55 86 10.94
55 87 7.66
55 88 3.87
55 89 9.16
55 90 18.7
55 91 8.34
55 92 3.01
55 93 19.13
55 94 3.9
55 95 8.75
55 96 14.82
55 97 2.73
55 98 5.11
55 99 3.14
56 57 9.39
56 58 13.18
56 59 19.4
56 60 12.95
56 61 0.89
56 62 10.54
56 63 16.93
56 64 14.14
56 65 3.78
56 66 3.03
56 67 4.53
56 68 19.05
56 69 4.25
56 70 3.22
56 71 5.0
56 72 19.0
56 73 6.29
56 74 18.78
56 75 4.73
56 76 15.67
56 77 6.33
56 78 7.99
56 79 15.89
56 80 5.02
56 81 19.6
56 82 14.19
56 83 10.01
56 84 18.21
56 85 3.22
56 86 2.0
56 87 13.66
56 88 3.26
56 89 4.03
56 90 3.57
56 91 1.76
56 92 1.1
56 93 17.56
56 94 3.27
56 95 12.61
56 96 11.43
56 97 14.67
56 98 8.32
56 99 17.46
57 58 7.21
57 59 9.83
57 60 7.63
57 61 3.65
57 62 0.93
57 63 6.36
57 64 4.36
57 65 16.24
57 66 11.28
57 67 1.84
57 68 8.37
57 69 4.63
57 70 11.33
57 71 8.93
57 72 15.93
57 73 18.28
57 74 14.1
57 75 10.01
57 76 15.75
57 77 13.8
57 78 19.0
57 79 3.82
57 80 18.03
57 81 15.18
57 82 15.1
57 83 6.3
57 84 12.83
57 85 5.34
57 86 13.65
57 87 9.8
57 88 7.64
57 89 10.54
57 90 4.58
57 91 10.05
57 92 8.22
57 93 15.78
57 94 10.67
57 95 5.84
57 96 8.56
57 97 2.35
57 98 14.89
57 99 6.88
58 59 8.68
58 60 17.71
58 61 19.41
58 62 0.59
58 63 14.7
58 64 10.65
58 65 19.46
58 66 6.31
58 67 2.48
58 68 7.54
58 69 7.68
58 70 14.8
58 71 0.05
58 72 18.15
58 73 16.53
58 74 8.88
58 75 19.82
58 76 15.94
58 77 0.3
58 78 7.95
58 79 10.53
58 80 5.95
58 81 15.42
58 82 13.53
58 83 18.11
58 84 15.88
58 85 1.6
58 86 10.91
58 87 5.75
58 88 15.93
58 89 0.52
58 90 1.5
58 91 11.34
58 92 11.71
58 93 0.9
58 94 16.44
58 95 2.77
58 96 15.41
58 97 6.0
58 98 14.0
58 99 0.73
59 60 15.57
59 61 12.3
59 62 7.08
59 63 12.43
59 64 13.26
59 65 19.44
59 66 14.85
59 67 4.66
59 68 3.23
59 69 18.46
59 70 7.88
59 71 8.46
59 72 17.87
59 73 14.61
59 74 15.45
59 75 9.48
59 76 6.19
59 77 10.3
59 78 19.84
59 79 13.85
59 80 2.07
59 81 4.18
59 82 18.85
59 83 16.45
59 84 7.39
59 85 6.54
59 86 19.49
59 87 6.13
59 88 2.75
59 89 2.68
59 90 1.41
59 91 19.36
59 92 5.79
59 93 19.9
59 94 18.53
59 95 19.05
59 96 13.67
59 97 17.34
59 98 7.93
59 99 15.65
60 61 19.88
60 62 18.26
60 63 0.42
60 64 19.32
60 65 10.2
60 66 1.24
60 67 3.34
60 68 8.08
60 69 17.57
60 70 16.97
60 71 0.45
60 72 18.61
60 73 10.57
60 74 3.05
60 75 6.37
60 76 10.27
60 77 3.62
60 78 9.51
60 79 13.01
60 80 0.4
60 81 4.71
60 82 4.54
60 83 5.8
60 84 2.29
60 85 17.91
60 86 14.63
60 87 0.51
60 88 11.76
60 89 5.19
60 90 12.39
60 91 5.49
60 92 4.89
60 93 2.36
60 94 0.16
60 95 5.86
60 96 7.35
60 97 13.77
60 98 12.73
60 99 0.87
61 62 8.89
61 63 7.9
61 64 8.3
61 65 1.41
61 66 19.2
61 67 16.0
61 68 9.99
61 69 8.2
61 70 11.83
61 71 16.44
61 72 5.13
61 73 18.91
61 74 14.32
61 75 12.23
61 76 10.08
61 77 19.08
61 78 18.2
61 79 16.52
61 80 3.58
61 81 10.99
61 82 2.58
61 83 6.55
61 84 7.49
61 85 15.18
61 86 3.3
61 87 7.82
61 88 12.35
61 89 1.42
61 90 17.18
61 91 17.03
61 92 3.28
61 93 8.79
61 94 13.45
61 95 13.27
61 96 0.14
61 97 1.92
61 98 18.72
61 99 4.99
62 63 13.5
62 64 14.38
62 65 6.85
62 66 14.74
62 67 2.58
62 68 9.02
62 69 12.38
62 70 5.47
62 71 6.76
62 72 4.35
62 73 10.28
62 74 4.62
62 75 4.93
62 76 10.96
62 77 15.85
62 78 16.96
62 79 7.18
62 80 2.32
62 81 4.39
62 82 16.49
62 83 9.28
62 84 13.56
62 85 1.05
62 86 0.57
62 87 10.2
62 88 17.0
62 89 5.17
62 90 13.85
62 91 4.96
62 92 0.09
62 93 2.42
62 94 3.11
62 95 10.04
62 96 3.67
62 97 7.23
62 98 1.18
62 99 8.19
63 64 5.92
63 65 11.84
63 66 4.0
63 67 14.98
63 68 2.25
63 69 0.8
63 70 18.14
63 71 11.51
63 72 0.53
63 73 8.99
63 74 14.32
63 75 12.44
63 76 1.0
63 77 9.72
63 78 12.12
63 79 15.71
63 80 9.34
63 81 14.53
63 82 16.33
63 83 18.41
63 84 4.46
63 85 11.13
63 86 9.42
63 87 7.78
63 88 10.2
63 89 17.34
63 90 14.29
63 91 4.63
63 92 10.06
63 93 4.51
63 94 19.93
63 95 11.51
63 96 11.6
63 97 2.16
63 98 8.42
63 99 0.02
64 65 9.82
64 66 6.83
64 67 14.15
64 68 6.14
64 69 12.27
64 70 11.41
64 71 11.71
64 72 6.57
64 73 6.21
64 74 2.33
64 75 10.49
64 76 19.57
64 77 15.51
64 78 5.79
64 79 16.77
64 80 9.4
64 81 4.22
64 82 2.79
64 83 1.72
64 84 3.49
64 85 16.34
64 86 7.88
64 87 6.63
64 88 7.28
64 89 3.4
64 90 14.82
64 91 16.28
64 92 3.65
64 93 8.31
64 94 19.57
64 95 2.28
64 96 18.05
64 97 1.34
64 98 18.85
64 99 10.62
65 66 13.97
65 67 3.16
65 68 16.67
65 69 6.07
65 70 3.74
65 71 17.15
65 72 10.51
65 73 15.14
65 74 14.37
65 75 6.1
65 76 6.06
65 77 16.41
65 78 18.57
65 79 19.05
65 80 0.77
65 81 17.39
65 82 18.72
65 83 5.41
65 84 7.51
65 85 10.78
65 86 4.17
65 87 19.8
65 88 1.45
65 89 4.95
65 90 19.02
65 91 1.09
65 92 17.58
65 93 19.56
65 94 0.44
65 95 18.49
65 96 14.45
65 97 2.8
65 98 17.93
65 99 7.07
66 67 12.06
66 68 5.86
66 69 19.2
66 70 12.9
66 71 12.81
66 72 2.01
66 73 13.31
66 74 13.52
66 75 3.73
66 76 15.39
66 77 10.23
66 78 9.02
66 79 14.5
66 80 1.7
66 81 11.37
66 82 18.59
66 83 0.35
66 84 7.72
66 85 3.46
66 86 13.46
66 87 14.37
66 88 10.08
66 89 5.89
66 90 0.53
66 91 4.09
66 92 16.62
66 93 10.99
66 94 1.09
66 95 10.64
66 96 2.36
66 97 7.49
66 98 6.35
66 99 2.16
67 68 17.49
67 69 4.27
67 70 17.98
67 71 9.03
67 72 5.54
67 73 13.87
67 74 17.73
67 75 4.83
67 76 1.23
67 77 5.62
67 78 16.01
67 79 12.58
67 80 6.61
67 81 13.71
67 82 8.75
67 83 14.45
67 84 7.54
67 85 8.62
67 86 19.56
67 87 10.25
67 88 3.73
67 89 18.59
67 90 2.1
67 91 14.33
67 92 5.16
67 93 8.11
67 94 3.76
67 95 0.68
67 96 7.82
67 97 4.6
67 98 3.26
67 99 8.78
68 69 11.27
68 70 3.71
68 71 12.17
68 72 14.88
68 73 5.38
68 74 17.77
68 75 14.13
68 76 19.81
68 77 12.99
68 78 2.87
68 79 18.54
68 80 10.04
68 81 1.97
68 82 15.36
68 83 1.53
68 84 11.36
68 85 2.6
68 86 1.3
68 87 0.71
68 88 11.09
68 89 8.72
68 90 7.07
68 91 15.03
68 92 12.63
68 93 14.24
68 94 14.24
68 95 19.8
68 96 2.27
68 97 14.5
68 98 12.26
68 99 10.61
69 70 15.33
69 71 6.49
69 72 4.01
69 73 17.77
69 74 12.27
69 75 2.6
69 76 4.49
69 77 13.17
69 78 0.74
69 79 13.67
69 80 14.06
69 81 15.7
69 82 10.56
69 83 12.2
69 84 18.02
69 85 14.09
69 86 12.68
69 87 11.46
69 88 3.19
69 89 0.44
69 90 0.26
69 91 15.97
69 92 9.19
69 93 8.4
69 94 2.63
69 95 14.57
69 96 0.72
69 97 1.42
69 98 14.08
69 99 4.93
70 71 0.58
70 72 6.36
70 73 8.52
70 74 3.72
70 75 15.3
70 76 15.74
70 77 3.39
70 78 19.92
70 79 19.95
70 80 14.39
70 81 9.87
70 82 19.41
70 83 5.11
70 84 9.65
70 85 12.62
70 86 12.25
70 87 13.9
70 88 4.42
70 89 11.33
70 90 6.29
70 91 3.12
70 92 13.66
70 93 8.39
70 94 1.05
70 95 7.3
70 96 8.52
70 97 14.58
70 98 19.55
70 99 8.19
71 72 15.12
71 73 16.09
71 74 12.52
71 75 15.29
71 76 0.62
71 77 19.04
71 78 15.74
71 79 1.37
71 80 13.88
71 81 13.73
71 82 5.4
71 83 8.97
71 84 16.52
71 85 4.61
71 86 0.63
71 87 8.82
71 88 3.11
71 89 16.66
71 90 18.99
71 91 11.17
71 92 18.75
71 93 5.55
71 94 19.64
71 95 15.37
71 96 3.52
71 97 3.65
71 98 16.91
71 99 15.06
72 73 16.33
72 74 2.3
72 75 10.08
72 76 1.45
72 77 5.74
72 78 15.24
72 79 13.44
72 80 11.6
72 81 7.15
72 82 13.35
72 83 1.0
72 84 15.77
72 85 10.46
72 86 6.87
72 87 6.57
72 88 9.59
72 89 10.18
72 90 5.25
72 91 16.97
72 92 18.76
72 93 8.16
72 94 3.43
72 95 6.56
72 96 0.82
72 97 8.16
72 98 3.45
72 99 8.67
73 74 7.74
73 75 18.4
73 76 13.94
73 77 15.31
73 78 6.62
73 79 0.93
73 80 15.25
73 81 17.58
73 82 14.52
73 83 16.67
73 84 5.11
73 85 7.23
73 86 5.08
73 87 19.81
73 88 19.23
73 89 18.85
73 90 4.18
73 91 10.23
73 92 17.71
73 93 10.54
73 94 17.75
73 95 5.38
73 96 16.13
73 97 15.91
73 98 18.8
73 99 8.81
74 75 1.47
74 76 17.83
74 77 14.57
74 78 11.06
74 79 1.65
74 80 0.91
74 81 3.81
74 82 3.71
74 83 18.88
74 84 18.67
74 85 18.92
74 86 5.89
74 87 17.33
74 88 6.6
74 89 14.05
74 90 13.67
74 91 0.47
74 92 2.96
74 93 2.54
74 94 9.82
74 95 18.69
74 96 10.91
74 97 10.75
74 98 0.76
74 99 16.15
75 76 6.63
75 77 6.86
75 78 18.36
75 79 15.97
75 80 4.7
75 81 7.16
75 82 15.98
75 83 17.87
75 84 5.55
75 85 17.14
75 86 3.53
75 87 7.57
75 88 13.36
75 89 13.77
75 90 0.94
75 91 14.44
75 92 9.79
75 93 11.64
75 94 14.79
75 95 6.76
75 96 18.12
75 97 12.04
75 98 17.71
75 99 1.19
76 77 19.61
76 78 6.06
76 79 13.66
76 80 9.87
76 81 7.51
76 82 6.5
76 83 1.32
76 84 11.11
76 85 8.56
76 86 1.8
76 87 18.48
76 88 12.51
76 89 15.2
76 90 5.63
76 91 9.24
76 92 3.46
76 93 2.68
76 94 19.41
76 95 0.08
76 96 15.33
76 97 8.04
76 98 8.5
76 99 8.67
77 78 4.32
77 79 1.33
77 80 3.13
77 81 1.42
77 82 5.72
77 83 10.23
77 84 5.99
77 85 7.15
77 86 17.25
77 87 10.3
77 88 2.57
77 89 10.47
77 90 8.14
77 91 13.99
77 92 14.66
77 93 10.43
77 94 11.51
77 95 16.32
77 96 10.59
77 97 8.28
77 98 5.2
77 99 15.58
78 79 6.32
78 80 0.08
78 81 10.67
78 82 19.27
78 83 2.84
78 84 5.72
78 85 9.99
78 86 13.04
78 87 19.41
78 88 9.4
78 89 17.77
78 90 4.65
78 91 18.87
78 92 7.39
78 93 2.01
78 94 7.44
78 95 1.31
78 96 0.54
78 97 10.41
78 98 15.04
78 99 6.71
79 80 0.02
79 81 9.8
79 82 2.85
79 83 15.68
79 84 5.24
79 85 15.53
79 86 8.69
79 87 5.58
79 88 2.87
79 89 9.37
79 90 13.01
79 91 10.59
79 92 11.83
79 93 14.99
79 94 15.88
79 95 10.11
79 96 8.34
79 97 0.34
79 98 6.59
79 99 5.57
80 81 15.15
80 82 10.41
80 83 15.07
80 84 6.88
80 85 18.12
80 86 13.15
80 87 17.98
80 88 13.78
80 89 3.75
80 90 2.51
80 91 4.24
80 92 16.08
80 93 6.09
80 94 18.61
80 95 15.66
80 96 19.56
80 97 19.36
80 98 17.3
80 99 11.28
81 82 6.27
81 83 6.9
81 84 15.84
81 85 7.64
81 86 17.29
81 87 11.97
81 88 2.75
81 89 8.55
81 90 0.92
81 91 17.2
81 92 8.48
81 93 16.63
81 94 7.71
81 95 12.26
81 96 4.16
81 97 3.19
81 98 4.78
81 99 16.28
82 83 14.09
82 84 8.57
82 85 12.87
82 86 1.07
82 87 0.36
82 88 11.06
82 89 7.77
82 90 19.26
82 91 12.46
82 92 4.84
82 93 10.02
82 94 0.82
82 95 12.42
82 96 2.62
82 97 16.84
82 98 10.7
82 99 5.9
83 84 10.4
83 85 4.95
83 86 0.62
83 87 6.3
83 88 4.26
83 89 10.9
83 90 9.26
83 91 2.5
83 92 7.7
83 93 1.85
83 94 18.09
83 95 4.23
83 96 19.89
83 97 19.63
83 98 3.52
83 99 17.39
84 85 8.95
84 86 17.45
84 87 15.94
84 88 13.69
84 89 10.14
84 90 15.65
84 91 13.84
84 92 13.93
84 93 16.76
84 94 10.9
84 95 1.15
84 96 10.16
84 97 6.59
84 98 9.16
84 99 7.61
85 86 12.46
85 87 10.18
85 88 4.74
85 89 11.13
85 90 19.06
85 91 18.62
85 92 14.44
85 93 1.32
85 94 17.79
85 95 10.31
85 96 18.95
85 97 1.07
85 98 0.65
85 99 3.56
86 87 16.42
86 88 13.74
86 89 13.5
86 90 10.0
86 91 7.61
86 92 8.19
86 93 10.78
86 94 17.5
86 95 6.94
86 96 1.23
86 97 5.29
86 98 1.72
86 99 6.98
87 88 19.39
87 89 3.67
87 90 8.5
87 91 13.71
87 92 18.97
87 93 8.96
87 94 9.62
87 95 4.68
87 96 13.96
87 97 19.81
87 98 16.83
87 99 5.9
88 89 6.18
88 90 10.19
88 91 6.65
88 92 12.32
88 93 9.75
88 94 14.11
88 95 19.87
88 96 19.42
88 97 2.54
88 98 5.37
88 99 6.56
89 90 15.27
89 91 3.64
89 92 10.56
89 93 8.42
89 94 15.79
89 95 6.02
89 96 8.91
89 97 2.31
89 98 13.26
89 99 7.45
90 91 11.48
90 92 16.0
90 93 9.53
90 94 10.93
90 95 2.6
90 96 2.66
90 97 13.33
90 98 12.03
90 99 11.4
91 92 4.64
91 93 19.6
91 94 0.92
91 95 4.99
91 96 3.37
91 97 11.15
91 98 10.85
91 99 14.55
92 93 5.57
92 94 4.17
92 95 16.99
92 96 18.13
92 97 1.12
92 98 12.8
92 99 15.26
93 94 3.68
93 95 18.57
93 96 10.6
93 97 16.02
93 98 11.95
93 99 9.21
94 95 14.27
94 96 16.82
94 97 12.23
94 98 4.55
94 99 8.23
95 96 12.68
95 97 11.94
95 98 18.93
95 99 6.96
96 97 1.98
96 98 17.29
96 99 14.73
97 98 4.4
97 99 13.97
98 99 13.92
