100
0 2 82
0 3 79
0 75 18
0 81 80
1 2 29
1 4 78
1 6 80
1 10 28
1 11 10
1 12 2
1 15 48
1 20 38
1 21 30
1 23 93
1 33 59
1 36 47
1 48 8
1 66 72
1 74 80
1 81 90
1 94 36
2 3 29
2 4 75
2 5 19
2 7 62
2 8 79
2 9 41
2 11 82
2 13 90
2 14 66
2 15 67
2 18 90
2 21 55
2 29 17
2 34 81
2 40 72
2 41 49
2 48 26
2 58 38
2 59 14
2 62 6
2 74 85
2 78 43
2 86 9
2 94 31
2 97 85
3 24 44
3 25 16
3 50 42
3 56 16
3 79 89
3 90 59
4 5 19
4 6 22
4 7 74
4 9 40
4 49 65
4 54 25
4 55 5
4 84 4
5 12 73
5 41 88
5 61 68
5 79 40
6 44 5
7 8 68
7 10 25
7 13 23
7 16 79
7 18 18
7 19 55
7 22 73
7 28 63
7 32 81
7 33 35
7 34 2
7 35 49
7 51 89
7 52 45
7 60 4
7 67 4
7 68 94
7 69 49
7 71 60
7 80 52
7 89 67
7 91 3
8 76 19
9 14 63
10 17 99
10 30 58
10 66 61
10 88 91
10 90 54
11 16 92
11 36 42
11 87 32
12 56 9
13 17 71
13 45 84
13 53 68
13 75 9
14 22 53
14 23 78
14 25 12
14 26 25
14 30 1
14 38 61
14 63 77
14 78 20
14 85 98
15 57 61
16 28 28
16 42 83
17 19 46
17 24 27
17 26 74
17 27 16
17 38 58
17 46 41
17 54 26
17 60 67
17 72 54
17 73 78
18 31 20
18 37 14
18 39 6
18 40 29
18 47 45
19 20 66
19 44 92
19 46 74
19 57 69
19 61 80
19 67 60
19 70 89
19 73 28
20 27 40
21 31 60
21 43 87
21 63 61
21 70 40
21 85 38
22 35 6
23 88 70
24 29 12
24 32 14
24 43 82
24 83 24
24 95 96
26 49 32
26 82 71
27 62 35
27 97 52
28 39 80
30 37 85
30 50 77
30 59 80
30 69 37
30 98 99
32 45 12
32 55 39
33 58 1
34 51 66
35 65 65
35 96 11
38 84 57
39 53 75
40 42 30
40 47 40
41 71 91
42 77 90
42 83 9
45 72 19
46 86 84
46 99 34
50 52 74
51 89 44
53 64 69
53 93 11
54 64 79
54 76 75
54 80 71
54 82 30
54 93 97
54 96 73
58 92 40
59 68 86
59 87 8
59 91 30
60 65 77
61 77 87
80 92 24
82 95 20
91 99 92
92 98 22