71
0 1 90.625
0 3 61.657
0 7 57.61
0 8 78.684
0 9 39.382
0 11 30.697
0 14 64.664
0 17 22.066
0 20 2.587
0 21 44.582
0 22 41.994
0 23 1.371
0 25 59.455
0 26 13.622
0 28 64.278
0 32 1.434
0 34 93.666
0 37 76.037
0 38 2.259
0 40 77.377
0 43 44.61
0 46 17.425
0 47 9.648
0 48 48.592
0 49 24.385
0 53 23.467
0 54 46.381
0 55 96.619
0 57 14.351
0 58 21.381
0 60 52.902
0 61 65.977
0 62 78.38
0 65 12.483
0 66 23.162
0 67 77.601
0 68 67.061
0 70 15.474
1 2 91.787
1 3 44.108
1 4 60.449
1 5 45.127
1 6 87.293
1 8 55.116
1 9 91.974
1 10 40.565
1 15 82.712
1 19 80.089
1 20 37.499
1 21 52.816
1 22 75.29
1 23 2.398
1 25 63.959
1 26 35.001
1 28 85.02
1 30 89.865
1 32 80.459
1 33 83.753
1 35 77.688
1 36 39.371
1 37 91.105
1 41 11.226
1 43 17.798
1 44 23.708
1 46 92.364
1 48 86.922
1 49 77.593
1 50 7.772
1 52 89.64
1 53 30.631
1 54 75.584
1 55 38.416
1 56 16.108
1 57 19.249
1 58 95.291
1 59 81.716
1 60 2.091
1 64 45.669
1 65 39.438
1 66 83.399
1 67 56.504
1 68 9.049
1 69 53.702
1 70 73.616
2 3 11.954
2 4 9.049
2 5 93.203
2 8 71.852
2 9 70.042
2 11 12.825
2 12 14.786
2 14 80.929
2 15 69.901
2 16 61.393
2 17 18.259
2 18 49.892
2 19 95.054
2 20 85.79
2 23 33.729
2 24 95.733
2 25 70.782
2 26 58.601
2 30 75.59
2 31 6.628
2 32 28.5
2 33 81.786
2 35 1.738
2 36 44.086
2 39 51.414
2 40 57.1
2 42 64.951
2 43 58.822
2 44 98.468
2 45 3.621
2 46 61.087
2 47 65.565
2 48 24.691
2 49 94.315
2 50 1.933
2 51 82.103
2 53 60.839
2 54 7.6
2 55 22.411
2 57 37.281
2 58 14.596
2 59 79.105
2 60 48.713
2 61 7.105
2 64 1.946
2 65 98.389
2 66 7.344
2 69 14.091
2 70 93.43
3 6 3.474
3 7 27.855
3 8 87.23
3 9 16.474
3 10 2.934
3 11 41.634
3 13 13.164
3 14 99.489
3 16 86.677
3 17 41.172
3 19 1.25
3 20 83.022
3 22 60.599
3 23 55.123
3 26 83.784
3 28 80.991
3 29 27.452
3 30 81.228
3 31 6.314
3 33 49.5
3 35 66.321
3 36 5.24
3 37 37.645
3 38 26.383
3 41 36.305
3 42 45.012
3 43 74.294
3 44 82.453
3 45 7.855
3 46 22.447
3 47 50.537
3 48 5.272
3 49 49.82
3 51 62.066
3 52 59.913
3 53 27.785
3 54 72.834
3 55 17.911
3 57 16.89
3 58 27.319
3 60 59.45
3 61 50.735
3 63 8.563
3 66 90.349
3 68 26.036
3 70 37.768
4 7 9.521
4 8 51.343
4 9 44.434
4 10 89.242
4 13 78.862
4 14 45.142
4 16 88.127
4 17 55.684
4 18 9.667
4 20 75.06
4 21 49.457
4 22 52.396
4 23 4.558
4 24 15.753
4 25 64.089
4 26 52.306
4 27 5.805
4 28 96.639
4 29 9.112
4 30 37.794
4 31 42.286
4 32 52.039
4 33 8.41
4 34 18.915
4 35 69.773
4 37 28.527
4 41 63.571
4 45 89.797
4 46 7.035
4 47 16.582
4 48 59.156
4 49 27.203
4 50 32.203
4 51 19.415
4 53 47.143
4 54 80.011
4 57 83.352
4 59 78.148
4 60 57.752
4 64 95.475
4 65 1.604
4 67 64.72
4 68 19.783
4 69 13.79
4 70 69.048
5 7 57.478
5 8 56.905
5 11 71.541
5 13 7.873
5 14 78.997
5 15 78.606
5 16 92.056
5 23 88.54
5 26 27.047
5 27 10.122
5 30 6.05
5 31 49.453
5 32 99.257
5 33 76.188
5 34 24.894
5 36 92.853
5 37 82.204
5 40 91.655
5 41 87.964
5 42 59.714
5 43 61.845
5 44 43.31
5 46 60.671
5 48 87.353
5 50 44.306
5 53 98.189
5 55 61.068
5 57 30.008
5 58 95.791
5 61 25.81
5 65 77.022
5 66 88.304
5 67 18.081
5 69 16.284
6 7 35.251
6 8 96.851
6 9 70.536
6 10 96.607
6 14 99.869
6 17 33.223
6 18 97.091
6 24 68.337
6 25 31.719
6 27 44.641
6 28 31.949
6 30 56.233
6 31 75.377
6 34 59.82
6 35 62.594
6 37 37.272
6 38 44.617
6 39 93.485
6 40 16.941
6 42 36.748
6 44 61.468
6 46 3.564
6 48 28.478
6 50 63.31
6 51 7.677
6 52 48.855
6 55 19.234
6 56 17.851
6 57 71.511
6 60 86.277
6 62 5.037
6 63 56.107
6 64 34.951
6 65 50.776
6 66 78.893
7 8 42.236
7 11 2.663
7 13 34.795
7 15 12.041
7 16 37.947
7 18 31.806
7 21 66.735
7 22 97.907
7 23 8.156
7 25 75.182
7 26 56.017
7 27 50.216
7 28 54.718
7 31 46.767
7 32 30.736
7 33 28.514
7 35 36.079
7 37 59.869
7 40 46.908
7 41 2.156
7 42 65.373
7 43 92.717
7 45 6.285
7 48 31.28
7 50 42.96
7 53 6.056
7 55 24.631
7 57 30.356
7 59 70.694
7 60 44.678
7 64 0.233
7 65 40.066
7 66 74.555
7 67 14.433
8 9 53.892
8 10 74.834
8 11 40.625
8 12 91.572
8 14 71.119
8 16 98.04
8 19 25.817
8 20 25.771
8 21 53.84
8 23 9.305
8 27 68.449
8 28 8.748
8 29 73.917
8 30 1.689
8 32 0.363
8 33 1.926
8 36 91.099
8 37 56.856
8 39 28.823
8 40 37.548
8 41 26.134
8 42 52.393
8 44 20.134
8 45 5.391
8 46 12.547
8 47 13.837
8 49 36.982
8 50 7.428
8 52 42.129
8 54 97.368
8 55 61.495
8 56 31.33
8 57 19.372
8 58 13.935
8 59 14.902
8 61 45.623
8 62 40.171
8 63 53.122
8 64 51.79
8 65 0.387
8 67 34.245
8 70 73.082
9 10 46.383
9 12 80.707
9 13 25.853
9 15 92.966
9 16 38.796
9 17 70.317
9 19 44.068
9 20 99.604
9 21 49.528
9 22 88.858
9 24 37.838
9 27 6.654
9 28 73.41
9 29 59.143
9 32 3.896
9 33 75.858
9 35 67.174
9 37 96.673
9 38 16.93
9 39 89.552
9 40 98.286
9 43 45.503
9 44 14.05
9 46 17.536
9 47 85.191
9 49 19.258
9 52 61.851
9 53 2.4
9 56 42.316
9 57 34.973
9 58 4.139
9 59 79.456
9 61 36.882
9 62 64.204
9 63 29.854
9 64 90.789
9 66 4.515
10 11 86.474
10 12 57.239
10 13 27.665
10 15 8.703
10 16 89.051
10 17 89.506
10 20 52.706
10 21 76.552
10 24 66.411
10 26 99.531
10 27 15.952
10 28 91.527
10 29 19.088
10 31 39.468
10 34 61.129
10 35 39.074
10 36 43.39
10 37 8.14
10 38 16.222
10 39 17.004
10 40 70.185
10 42 51.413
10 43 70.507
10 45 71.629
10 46 83.757
10 49 56.002
10 51 40.786
10 52 96.887
10 54 88.309
10 57 50.383
10 59 87.21
10 60 29.069
10 61 38.924
10 66 82.722
10 67 86.669
10 69 19.08
10 70 87.457
11 15 48.245
11 16 1.995
11 17 94.955
11 22 57.596
11 23 64.586
11 27 93.963
11 30 95.838
11 32 80.59
11 34 50.432
11 38 27.344
11 39 29.128
11 40 38.377
11 41 60.404
11 42 55.311
11 43 0.461
11 46 43.868
11 49 4.585
11 52 10.358
11 53 65.67
11 54 52.715
11 57 96.905
11 58 11.035
11 62 41.841
11 64 70.707
11 66 26.068
11 67 77.622
11 69 85.294
11 70 60.136
12 13 31.517
12 15 51.207
12 18 97.658
12 23 84.706
12 25 76.189
12 26 25.36
12 27 22.167
12 28 21.779
12 29 0.387
12 31 68.941
12 32 74.91
12 34 41.343
12 35 92.287
12 36 87.244
12 37 9.519
12 41 94.86
12 42 52.823
12 45 71.985
12 46 99.891
12 48 52.508
12 49 96.995
12 50 60.927
12 51 50.172
12 54 16.855
12 55 89.472
12 58 64.138
12 60 18.988
12 62 78.336
12 63 74.522
12 64 94.896
12 65 78.857
12 67 37.986
12 68 37.658
12 69 25.576
13 14 89.687
13 16 53.842
13 17 52.626
13 21 28.251
13 22 17.783
13 23 62.086
13 29 24.485
13 31 65.357
13 32 76.598
13 33 82.433
13 35 66.716
13 37 18.626
13 38 50.557
13 40 17.076
13 41 12.753
13 42 30.031
13 43 44.807
13 44 59.161
13 45 92.727
13 46 19.005
13 47 82.034
13 50 90.624
13 51 36.314
13 52 20.308
13 54 6.994
13 55 38.121
13 58 29.93
13 60 55.303
13 61 29.561
13 65 24.405
13 66 40.389
13 67 87.589
13 68 46.244
13 69 29.766
13 70 42.149
14 15 69.792
14 16 74.242
14 17 41.156
14 18 32.635
14 20 20.142
14 22 58.676
14 23 31.384
14 24 70.399
14 25 71.028
14 27 62.695
14 29 67.931
14 30 82.92
14 31 55.386
14 32 80.405
14 34 32.302
14 36 41.432
14 41 94.195
14 42 68.795
14 44 27.721
14 47 45.034
14 49 44.36
14 54 91.415
14 55 56.649
14 57 71.815
14 58 19.008
14 59 89.056
14 60 78.039
14 61 0.102
14 63 87.384
14 64 67.06
14 65 52.989
14 67 94.284
14 69 49.724
14 70 19.436
15 16 14.156
15 17 51.994
15 19 71.061
15 21 21.848
15 22 93.122
15 23 36.047
15 25 33.594
15 26 30.442
15 27 54.676
15 28 14.141
15 29 22.497
15 30 32.09
15 31 0.567
15 32 33.998
15 33 89.44
15 35 91.017
15 37 1.035
15 40 24.114
15 41 35.567
15 45 51.859
15 46 23.379
15 47 11.865
15 48 62.438
15 49 17.405
15 50 83.452
15 51 61.79
15 52 17.242
15 53 62.613
15 55 82.273
15 57 76.36
15 59 99.709
15 64 80.208
15 65 85.62
15 66 71.276
15 67 71.735
15 68 44.792
15 69 93.411
15 70 35.397
16 17 76.811
16 18 49.29
16 19 15.861
16 21 19.982
16 23 73.768
16 28 50.045
16 29 5.528
16 31 82.549
16 32 56.648
16 34 75.898
16 35 71.316
16 36 56.439
16 37 36.206
16 38 66.621
16 40 38.487
16 42 68.134
16 43 95.108
16 49 26.647
16 50 19.22
16 51 46.092
16 52 54.0
16 54 62.185
16 55 43.631
16 57 25.444
16 61 48.634
16 62 18.946
16 64 51.59
16 66 95.553
16 68 85.265
16 69 35.098
17 19 30.181
17 21 93.403
17 22 78.635
17 23 72.532
17 24 96.974
17 26 65.193
17 27 43.383
17 28 21.818
17 30 22.267
17 31 58.462
17 32 39.796
17 33 14.954
17 34 8.204
17 36 94.881
17 39 31.43
17 41 39.957
17 43 63.335
17 44 59.36
17 45 68.56
17 47 18.887
17 48 99.547
17 49 27.102
17 50 32.39
17 52 9.847
17 53 2.566
17 54 29.074
17 56 98.157
17 57 16.012
17 58 22.371
17 59 20.98
17 60 67.27
17 66 56.071
18 19 88.9
18 20 85.194
18 22 50.62
18 24 47.663
18 26 20.557
18 28 90.025
18 29 45.042
18 30 31.687
18 33 54.574
18 35 74.031
18 37 69.585
18 38 84.255
18 39 50.476
18 40 82.996
18 41 19.999
18 43 17.569
18 45 56.427
18 46 36.25
18 47 65.698
18 48 87.138
18 49 6.343
18 50 93.008
18 54 92.281
18 56 23.669
18 59 78.048
18 60 49.227
18 62 53.649
18 63 1.226
18 65 24.127
18 67 78.68
18 70 29.393
19 20 68.921
19 21 97.628
19 22 36.649
19 23 5.195
19 24 82.463
19 26 58.075
19 29 26.571
19 33 59.675
19 39 77.685
19 40 18.733
19 41 92.417
19 42 90.757
19 45 25.251
19 46 69.294
19 47 7.685
19 48 17.755
19 53 73.896
19 56 10.925
19 58 68.683
19 59 79.914
19 60 77.52
19 61 24.161
19 63 94.873
19 65 99.003
19 66 22.177
19 67 67.479
19 69 44.915
20 22 7.872
20 23 60.125
20 25 98.308
20 26 44.779
20 27 30.062
20 28 3.189
20 29 93.484
20 32 46.36
20 34 22.573
20 36 5.86
20 37 96.262
20 38 65.166
20 40 16.356
20 41 42.519
20 42 99.429
20 43 69.886
20 44 39.292
20 45 0.745
20 46 7.433
20 50 14.548
20 54 58.657
20 57 46.386
20 59 96.829
20 60 59.958
20 61 95.18
20 62 75.345
20 63 67.098
20 64 37.108
20 65 86.988
20 66 65.286
20 69 0.743
21 25 98.401
21 26 86.803
21 29 4.197
21 30 75.624
21 32 36.707
21 33 77.037
21 35 86.794
21 38 68.851
21 39 61.837
21 40 78.333
21 41 23.624
21 45 68.673
21 47 27.322
21 49 20.958
21 51 83.141
21 54 25.922
21 55 22.592
21 57 54.719
21 58 18.24
21 59 60.298
21 60 4.295
21 63 94.491
21 64 17.065
21 65 42.144
21 66 8.389
21 67 49.065
21 68 56.733
21 70 22.723
22 25 5.842
22 28 42.16
22 30 44.05
22 33 1.432
22 36 55.853
22 38 68.299
22 40 52.718
22 41 56.44
22 47 17.052
22 50 79.592
22 51 44.489
22 52 11.63
22 56 84.365
22 58 94.743
22 60 80.146
22 61 9.032
22 62 93.194
22 63 31.111
22 64 29.517
22 65 61.399
22 66 76.792
22 68 6.617
22 70 18.46
23 27 0.393
23 28 14.733
23 32 30.492
23 33 41.36
23 34 46.11
23 36 72.026
23 37 80.186
23 38 31.668
23 39 50.164
23 40 77.176
23 41 15.15
23 43 9.204
23 46 99.16
23 51 22.366
23 53 30.12
23 55 20.54
23 59 39.469
23 60 61.203
23 61 93.913
23 62 18.424
23 63 45.678
23 64 76.668
23 65 95.815
23 66 16.73
23 68 45.602
24 25 23.6
24 26 12.887
24 28 4.933
24 30 74.55
24 31 40.64
24 32 35.542
24 34 93.597
24 37 47.634
24 38 22.578
24 39 62.357
24 40 92.608
24 41 32.093
24 42 42.687
24 43 63.07
24 45 91.755
24 48 55.17
24 49 66.91
24 52 59.172
24 53 37.43
24 56 81.478
24 57 26.047
24 59 75.994
24 61 43.409
24 62 85.971
24 65 64.603
24 66 91.006
24 68 53.557
24 69 32.435
24 70 57.777
25 26 8.948
25 30 1.25
25 31 35.927
25 33 9.281
25 35 43.679
25 37 84.367
25 39 0.344
25 40 45.459
25 42 65.323
25 43 24.311
25 46 6.561
25 47 15.346
25 48 13.498
25 53 80.775
25 54 6.363
25 55 59.237
25 56 64.781
25 57 24.646
25 58 8.634
25 59 6.997
25 61 92.255
25 63 22.044
25 64 69.736
25 65 80.333
26 29 74.081
26 32 61.67
26 34 73.871
26 35 49.266
26 36 76.836
26 37 88.342
26 38 94.273
26 39 85.845
26 42 6.356
26 43 96.947
26 44 18.212
26 45 90.324
26 51 12.168
26 53 10.799
26 54 38.769
26 60 57.646
26 61 39.35
26 63 50.985
26 64 8.518
26 65 31.36
26 66 26.69
26 67 21.766
26 68 61.57
26 69 34.585
26 70 24.979
27 28 69.713
27 31 18.202
27 35 96.928
27 36 96.682
27 37 9.127
27 39 89.161
27 40 1.835
27 42 58.098
27 43 27.829
27 44 85.833
27 46 94.549
27 47 13.661
27 48 30.595
27 49 74.675
27 50 58.634
27 51 64.005
27 53 3.257
27 54 47.669
27 57 27.049
27 58 96.536
27 60 46.636
27 61 33.071
27 63 60.845
27 64 57.641
27 67 61.843
27 68 96.145
27 69 26.027
28 29 47.716
28 30 98.997
28 31 29.088
28 32 0.187
28 33 4.12
28 34 2.892
28 37 61.738
28 38 4.701
28 40 16.096
28 42 42.789
28 43 84.768
28 44 6.851
28 46 46.846
28 49 88.876
28 50 69.127
28 53 21.955
28 55 1.345
28 57 15.357
28 58 27.969
28 59 27.899
28 60 73.906
28 62 80.367
28 63 62.628
28 64 88.184
28 65 38.661
28 68 47.567
29 31 93.781
29 33 31.794
29 36 9.624
29 37 6.603
29 39 99.299
29 40 75.489
29 41 84.473
29 43 65.234
29 45 36.605
29 46 49.669
29 50 46.076
29 56 40.965
29 57 38.363
29 58 30.878
29 59 80.346
29 60 12.675
29 63 61.819
29 65 74.552
29 67 70.614
29 68 10.549
29 69 73.647
29 70 56.376
30 32 86.937
30 33 48.184
30 34 42.785
30 36 8.834
30 39 24.57
30 41 0.602
30 42 49.92
30 43 78.622
30 44 87.424
30 45 28.688
30 46 2.677
30 47 8.844
30 51 85.352
30 55 94.509
30 57 81.869
30 60 9.213
30 61 91.553
30 62 83.315
30 64 90.589
30 68 91.449
30 70 99.949
31 32 51.63
31 33 60.16
31 34 4.075
31 37 57.91
31 38 44.882
31 41 57.573
31 43 25.618
31 45 12.015
31 46 16.149
31 48 19.189
31 50 90.343
31 51 24.735
31 52 64.927
31 53 78.218
31 54 68.806
31 56 15.53
31 60 56.073
31 64 45.07
31 65 96.721
31 67 74.286
31 68 63.066
31 69 24.124
32 34 6.257
32 35 54.89
32 36 65.33
32 38 26.446
32 39 46.774
32 41 52.852
32 44 41.633
32 47 30.45
32 48 17.13
32 49 45.758
32 52 86.074
32 54 9.927
32 55 19.323
32 56 94.141
32 58 21.259
32 61 8.136
32 63 93.765
32 64 67.527
32 66 78.776
32 67 41.032
32 69 47.046
33 34 16.421
33 35 50.08
33 37 8.195
33 40 94.73
33 43 46.037
33 44 23.975
33 46 61.794
33 47 79.045
33 48 47.107
33 50 6.505
33 51 46.042
33 55 69.112
33 56 62.066
33 57 37.512
33 58 94.972
33 60 64.331
33 61 19.972
33 63 5.563
33 64 87.325
33 65 39.512
33 66 96.464
33 67 34.87
33 68 0.848
34 39 93.222
34 40 77.623
34 41 35.297
34 42 94.059
34 43 22.362
34 44 36.728
34 45 24.677
34 46 73.396
34 48 99.227
34 49 34.278
34 50 93.811
34 51 72.106
34 54 88.85
34 55 37.749
34 56 87.038
34 58 57.356
34 59 48.892
34 60 12.452
34 61 81.68
34 65 63.371
34 67 42.564
34 69 85.27
34 70 17.997
35 37 56.507
35 41 88.243
35 43 67.576
35 44 49.131
35 49 43.809
35 50 80.395
35 52 32.057
35 54 88.095
35 55 0.082
35 56 21.972
35 57 19.863
35 63 68.229
35 65 1.532
35 69 86.218
36 37 70.004
36 38 96.072
36 40 40.303
36 42 54.487
36 43 58.451
36 44 53.101
36 45 34.514
36 46 0.017
36 47 2.846
36 48 9.46
36 49 72.56
36 52 42.607
36 53 94.829
36 54 93.066
36 55 85.573
36 56 50.555
36 57 34.194
36 59 63.11
36 61 96.418
36 62 88.242
36 64 93.546
36 65 25.738
36 67 53.873
36 68 12.913
37 38 79.452
37 39 70.97
37 40 69.971
37 42 90.591
37 44 72.229
37 46 26.664
37 48 19.448
37 50 31.078
37 51 31.933
37 53 41.342
37 54 98.89
37 55 71.128
37 56 37.868
37 57 60.157
37 58 7.677
37 60 3.613
37 62 1.185
37 63 94.536
37 65 97.717
37 66 63.741
37 68 90.397
37 69 42.969
37 70 95.862
38 43 6.09
38 44 47.653
38 45 45.419
38 47 0.954
38 48 65.289
38 49 68.772
38 51 66.711
38 53 19.714
38 54 21.963
38 55 24.12
38 56 94.585
38 57 6.603
38 58 31.767
38 60 28.564
38 61 53.033
38 62 16.656
38 63 76.339
38 64 96.568
38 65 73.569
39 44 97.043
39 45 99.09
39 46 62.665
39 47 22.334
39 48 20.156
39 49 36.65
39 53 41.492
39 56 9.197
39 57 28.432
39 58 22.252
39 59 49.34
39 61 76.137
39 63 35.837
39 64 61.859
39 65 33.435
39 66 77.081
39 67 85.526
39 69 59.987
40 42 88.796
40 44 26.05
40 46 31.003
40 48 78.354
40 49 43.716
40 50 8.344
40 51 10.363
40 53 83.876
40 54 3.155
40 56 77.644
40 59 6.575
40 60 38.987
40 61 11.201
40 62 88.439
40 63 77.73
40 66 22.059
40 67 47.385
40 69 6.864
40 70 77.455
41 42 43.22
41 46 26.963
41 47 31.742
41 48 26.318
41 50 34.719
41 51 13.815
41 52 53.422
41 53 76.629
41 54 88.172
41 55 97.675
41 56 77.647
41 57 85.428
41 58 52.556
41 59 37.248
41 60 70.847
41 61 88.864
41 62 17.781
41 63 47.891
41 66 47.185
41 68 40.77
41 69 99.749
42 43 81.959
42 45 0.295
42 46 71.906
42 47 53.672
42 48 62.436
42 49 75.811
42 51 92.794
42 52 82.573
42 53 16.272
42 55 0.021
42 57 3.727
42 58 24.259
42 59 92.846
42 60 0.982
42 62 65.127
42 64 71.745
42 65 99.061
42 66 98.659
42 68 73.083
43 45 0.905
43 46 91.987
43 48 79.198
43 50 38.742
43 54 61.976
43 55 45.485
43 56 20.903
43 57 67.681
43 58 3.239
43 59 93.243
43 60 23.63
43 62 43.32
43 63 28.489
43 65 61.51
43 66 35.081
43 67 48.182
43 69 68.036
43 70 7.733
44 45 60.338
44 46 72.23
44 47 87.336
44 49 60.227
44 53 9.421
44 54 34.396
44 58 44.385
44 59 25.669
44 60 25.951
44 62 55.317
44 64 61.877
44 65 22.803
44 66 68.417
44 67 17.283
44 68 50.051
44 69 50.398
44 70 25.091
45 46 79.201
45 47 5.091
45 48 58.04
45 52 30.584
45 54 39.255
45 55 67.447
45 57 39.625
45 58 58.323
45 59 83.512
45 60 95.053
45 63 6.63
45 64 93.17
45 69 56.028
45 70 30.03
46 48 48.506
46 49 22.243
46 50 83.412
46 52 55.268
46 53 81.699
46 55 16.099
46 57 5.771
46 58 13.032
46 61 68.005
46 62 65.143
46 63 79.23
46 65 97.3
46 66 87.042
46 68 10.071
46 69 49.708
47 48 98.033
47 55 32.309
47 56 38.396
47 57 80.777
47 59 4.929
47 60 56.487
47 61 42.062
47 62 67.005
47 63 36.465
47 65 83.692
47 68 39.591
47 69 30.798
47 70 94.579
48 52 85.854
48 54 76.402
48 56 13.289
48 58 13.89
48 62 33.802
48 63 58.146
48 64 57.737
48 65 19.643
48 66 73.88
48 67 49.665
48 70 46.626
49 51 93.131
49 56 33.77
49 58 27.564
49 59 11.193
49 60 85.016
49 62 88.533
49 63 24.517
49 66 9.452
49 67 35.298
49 68 27.712
49 69 71.189
49 70 13.296
50 51 5.295
50 54 40.839
50 55 95.52
50 56 86.616
50 57 47.569
50 59 63.918
50 60 51.251
50 61 84.477
50 62 38.291
50 66 35.351
50 67 55.386
50 68 92.065
50 70 62.076
51 55 17.843
51 59 54.955
51 60 90.336
51 61 38.687
51 65 59.375
51 66 80.119
51 67 96.723
51 68 63.331
51 69 10.436
51 70 18.61
52 54 53.363
52 56 45.183
52 59 55.739
52 60 39.629
52 64 6.854
52 65 10.715
52 67 27.264
52 68 18.227
52 69 30.547
53 54 21.23
53 55 95.682
53 56 90.596
53 60 78.716
53 61 25.602
53 64 42.607
53 66 20.281
53 67 18.019
53 68 43.49
53 69 8.385
53 70 66.092
54 56 12.985
54 57 84.3
54 58 30.15
54 59 0.553
54 60 41.63
54 61 78.382
54 62 26.488
54 64 7.941
54 66 66.724
54 67 53.465
54 68 92.662
54 69 82.925
54 70 43.523
55 62 92.431
55 64 4.973
55 65 42.256
55 66 39.467
55 69 0.182
55 70 45.422
56 59 55.409
56 62 85.103
56 63 97.382
56 65 10.562
56 66 56.416
56 67 27.363
56 68 88.341
57 58 57.906
57 59 93.268
57 60 60.042
57 63 86.744
57 65 28.802
57 66 77.401
57 67 22.824
57 70 44.983
58 59 41.928
58 63 84.914
58 65 33.725
58 68 7.321
59 60 76.234
59 61 49.985
59 66 64.497
59 67 17.026
59 70 81.389
60 61 59.167
60 62 70.365
60 63 51.954
60 64 79.593
60 65 22.424
60 67 38.757
60 68 38.653
60 70 92.237
61 62 21.011
61 65 0.649
61 66 10.184
61 69 93.991
61 70 18.011
62 65 68.096
62 66 79.092
62 67 79.809
62 69 35.809
63 65 41.283
63 67 7.471
63 69 99.237
63 70 18.239
64 66 81.44
64 67 48.085
64 68 82.78
64 70 31.776
65 66 18.765
65 68 5.306
65 69 40.688
66 70 73.602
67 68 79.279
68 69 58.923
69 70 82.242