100
80 77 47.71
82 17 76.51
91 56 32.58
99 55 14.20
31 90 30.06
35 9 0.92
24 29 33.25
11 87 34.53
40 85 61.12
18 97 41.54
89 64 5.00
56 43 75.13
0 18 38.97
15 24 8.39
79 52 5.61
66 48 78.05
3 19 82.87
98 98 71.02
50 11 25.27
38 60 93.91
14 93 31.16
42 59 9.74
4 44 35.50
93 79 56.95
48 14 40.87
97 76 95.83
76 28 83.00
2 1 63.42
64 4 69.29
1 86 30.30
67 96 87.35
57 45 20.83
17 78 80.22
69 65 69.99
94 21 71.26
70 23 97.61
34 95 36.83
51 25 85.79
45 91 14.03
65 73 15.17
25 58 12.74
9 15 7.32
78 7 53.21
96 80 53.24
26 39 84.32
61 49 5.92
36 51 60.26
13 81 81.15
62 32 8.87
46 27 42.24
27 5 45.21
8 84 1.22
29 88 74.17
58 10 36.02
92 30 4.37
72 82 91.28
23 2 83.22
16 83 26.42
41 35 69.86
44 75 17.05
6 66 9.20
20 41 16.75
88 70 88.37
22 37 18.56
59 89 47.07
84 0 52.18
39 26 6.17
83 99 91.47
74 53 20.85
10 74 87.60
49 12 82.17
86 16 48.73
28 38 63.13
21 8 61.10
7 57 80.14
33 31 24.10
77 40 44.60
75 71 42.76
90 42 29.69
63 72 20.30
85 94 40.45
19 33 84.58
81 47 13.59
37 63 79.38
5 34 79.45
52 3 49.79
30 20 28.09
53 62 56.80
55 69 57.88
60 46 25.72
32 67 86.08
73 6 58.14
43 36 10.14
12 50 63.31
68 13 2.84
54 22 10.89
71 61 72.24
47 92 63.28
87 68 1.12
95 54 67.42
70 65 92.38
40 50 56.91
27 13 13.87
52 2 76.35
99 19 13.57
87 76 67.35
92 86 33.17
88 89 59.42
5 48 83.63
81 58 48.80
77 78 11.87
16 15 7.57
37 36 66.23
22 88 7.34
6 25 6.25
33 96 31.49
98 52 44.46
47 45 24.16
34 27 80.40
76 41 6.72
49 68 15.14
20 17 10.12
44 7 24.31
93 94 57.90
26 8 33.99
17 69 11.73
89 5 97.12
18 73 47.97
0 84 40.71
58 56 99.28
64 64 5.31
39 10 15.98
95 99 97.46
35 44 97.27
55 12 87.17
90 57 98.32
19 66 33.66
38 3 63.08
46 59 82.95
57 93 27.65
82 87 75.95
62 38 21.72
28 91 87.18
72 31 78.99
75 23 92.32
86 77 66.90
79 29 83.67
94 35 7.11
84 81 98.13
56 18 2.75
51 55 5.50
21 82 27.52
66 80 57.41
2 95 59.58
69 92 16.50
80 6 17.53
73 72 80.35
29 54 36.70
48 79 21.15
78 34 26.36
74 63 36.05
59 75 87.19
24 98 94.84
50 21 54.29
45 43 42.16
23 42 33.02
71 16 74.09
31 53 97.68
8 11 61.99
25 22 29.46
11 71 60.15
63 61 14.79
91 49 77.04
1 85 61.05
43 30 2.70
32 74 86.18
7 26 77.90
83 47 72.51
12 90 17.07
85 62 14.57
9 28 83.11
13 51 38.36
65 46 44.54
36 24 2.30
42 0 74.47
14 33 88.14
10 60 64.63
41 37 20.77
3 20 63.11
54 9 66.70
96 67 26.01
30 32 70.66
53 83 12.95
68 70 6.02
67 97 62.58
15 1 5.96
97 14 69.46
61 40 4.47
60 39 25.91
4 4 28.34
