100
0 1 75
0 3 43
0 8 72
0 12 20
0 17 43
0 23 42
0 27 79
0 28 1
0 32 66
0 36 73
0 37 1
0 38 43
0 39 15
0 41 50
0 42 33
0 44 6
0 49 9
0 50 21
0 51 90
0 52 68
0 55 33
0 59 28
0 61 2
0 63 20
0 64 68
0 66 38
0 70 95
0 71 26
0 73 47
0 76 68
0 77 83
0 78 3
0 79 4
0 80 96
0 81 31
0 82 54
0 86 30
0 87 30
0 90 16
0 91 89
0 92 86
0 95 58
0 96 62
0 99 49
1 3 34
1 4 49
1 5 53
1 6 34
1 7 84
1 8 19
1 12 88
1 14 82
1 15 80
1 17 19
1 18 49
1 20 58
1 25 68
1 28 4
1 30 85
1 31 17
1 33 97
1 34 74
1 35 32
1 37 33
1 38 50
1 39 52
1 40 53
1 42 49
1 43 29
1 45 50
1 46 70
1 48 49
1 49 9
1 52 4
1 55 34
1 56 34
1 60 5
1 64 35
1 67 5
1 69 90
1 71 86
1 73 29
1 76 37
1 77 14
1 81 74
1 83 28
1 84 23
1 86 66
1 87 51
1 90 44
1 91 52
1 95 51
1 97 77
1 98 3
1 99 37
2 3 15
2 4 93
2 6 25
2 7 58
2 8 28
2 9 57
2 11 53
2 13 60
2 15 50
2 16 74
2 18 17
2 19 32
2 20 96
2 21 91
2 25 2
2 28 26
2 30 96
2 34 26
2 40 85
2 41 7
2 44 24
2 48 71
2 49 15
2 52 80
2 54 27
2 56 93
2 60 55
2 61 58
2 64 26
2 67 7
2 69 94
2 71 54
2 73 60
2 75 5
2 79 38
2 80 45
2 84 1
2 85 72
2 86 28
2 87 63
2 89 41
2 90 96
2 92 47
2 93 36
2 94 68
2 95 86
2 97 86
2 98 84
3 5 36
3 10 72
3 14 56
3 15 63
3 16 7
3 20 44
3 21 84
3 22 24
3 23 98
3 24 67
3 27 96
3 28 60
3 32 71
3 37 52
3 38 74
3 40 44
3 45 65
3 47 8
3 48 95
3 51 2
3 52 14
3 53 71
3 54 73
3 55 21
3 57 76
3 58 27
3 59 23
3 61 73
3 62 85
3 64 55
3 68 82
3 69 4
3 72 55
3 73 48
3 78 80
3 79 28
3 80 24
3 81 29
3 82 76
3 85 43
3 86 11
3 89 67
3 93 87
3 94 90
3 95 6
3 98 82
3 99 22
4 6 13
4 7 29
4 8 9
4 9 15
4 10 78
4 11 74
4 15 93
4 22 7
4 23 44
4 24 93
4 26 30
4 28 98
4 29 43
4 32 42
4 33 43
4 39 83
4 40 90
4 44 39
4 50 46
4 51 26
4 52 12
4 55 73
4 56 77
4 59 17
4 61 16
4 63 86
4 65 74
4 66 2
4 70 76
4 71 72
4 72 47
4 75 39
4 78 38
4 79 94
4 80 57
4 81 39
4 84 53
4 86 85
4 87 61
4 88 81
4 89 39
4 92 69
4 93 49
4 94 44
4 95 38
4 96 66
4 97 71
4 99 87
5 7 30
5 8 94
5 10 16
5 11 79
5 12 6
5 13 67
5 14 58
5 17 46
5 20 71
5 23 95
5 24 3
5 27 49
5 28 13
5 31 30
5 33 89
5 36 64
5 37 12
5 38 20
5 39 91
5 40 72
5 44 77
5 47 33
5 48 82
5 51 11
5 52 45
5 53 80
5 55 75
5 57 3
5 60 59
5 62 87
5 64 59
5 65 66
5 66 22
5 67 90
5 68 13
5 70 78
5 74 94
5 75 4
5 77 4
5 79 93
5 81 65
5 82 8
5 85 94
5 86 45
5 88 15
5 93 81
5 95 40
5 96 3
5 97 14
6 8 57
6 10 44
6 12 31
6 16 33
6 17 58
6 19 75
6 20 72
6 23 60
6 25 71
6 27 4
6 28 14
6 29 33
6 35 93
6 36 22
6 37 9
6 40 70
6 41 32
6 45 59
6 46 87
6 47 74
6 48 46
6 49 88
6 51 73
6 53 85
6 56 65
6 66 33
6 67 95
6 70 18
6 71 13
6 72 16
6 73 43
6 74 96
6 75 14
6 77 59
6 78 57
6 79 33
6 81 5
6 82 39
6 83 47
6 85 21
6 86 46
6 87 27
6 88 83
6 91 70
6 93 69
6 94 58
6 96 87
6 97 1
6 99 19
7 8 28
7 9 25
7 10 53
7 11 72
7 13 46
7 15 42
7 17 6
7 20 7
7 21 79
7 22 86
7 23 99
7 24 58
7 25 81
7 26 50
7 29 87
7 32 90
7 34 6
7 36 6
7 38 16
7 39 6
7 40 54
7 41 14
7 43 86
7 44 49
7 45 24
7 46 77
7 48 16
7 50 33
7 52 91
7 61 33
7 65 47
7 67 30
7 68 54
7 69 83
7 70 98
7 72 86
7 73 3
7 74 70
7 76 63
7 77 25
7 78 19
7 81 20
7 83 16
7 87 37
7 89 42
7 90 19
7 92 10
7 93 53
7 95 20
7 96 26
7 97 7
7 98 5
7 99 98
8 10 64
8 11 1
8 13 98
8 14 98
8 15 93
8 16 94
8 19 93
8 21 91
8 24 4
8 30 78
8 31 95
8 32 89
8 33 61
8 34 58
8 35 82
8 38 10
8 39 85
8 42 58
8 48 52
8 50 70
8 52 43
8 57 33
8 58 82
8 59 33
8 61 2
8 63 39
8 65 72
8 66 65
8 67 76
8 71 15
8 72 14
8 74 87
8 75 94
8 76 57
8 77 18
8 80 28
8 82 97
8 87 29
8 89 78
8 92 91
8 93 16
8 95 3
8 96 68
8 97 17
8 98 58
8 99 9
9 10 51
9 14 98
9 15 20
9 17 66
9 18 87
9 19 8
9 21 89
9 22 20
9 25 73
9 26 72
9 27 45
9 31 4
9 34 29
9 35 47
9 40 30
9 41 74
9 45 59
9 50 85
9 51 89
9 53 44
9 56 94
9 61 53
9 62 49
9 64 4
9 68 45
9 69 75
9 76 14
9 77 2
9 78 6
9 79 93
9 81 6
9 83 85
9 85 70
9 86 55
9 88 56
9 89 8
9 90 13
9 92 72
9 94 64
9 96 53
9 97 76
9 99 18
10 12 7
10 15 3
10 18 58
10 20 71
10 24 84
10 25 98
10 26 29
10 27 80
10 35 65
10 36 16
10 39 43
10 42 59
10 44 75
10 45 54
10 46 45
10 47 58
10 49 10
10 50 58
10 52 18
10 54 52
10 56 83
10 57 30
10 59 8
10 61 33
10 66 21
10 68 97
10 70 88
10 75 21
10 76 97
10 77 53
10 79 82
10 80 31
10 82 55
10 86 47
10 87 35
10 89 86
10 91 2
10 92 34
10 94 51
10 96 90
10 97 56
10 98 34
11 12 29
11 14 84
11 18 49
11 20 69
11 21 74
11 22 56
11 25 86
11 26 15
11 29 62
11 30 55
11 31 98
11 33 47
11 37 48
11 38 69
11 42 87
11 44 97
11 47 17
11 48 71
11 50 25
11 52 3
11 54 2
11 58 12
11 60 21
11 62 12
11 63 98
11 67 53
11 68 38
11 72 20
11 73 78
11 74 76
11 75 85
11 76 24
11 77 47
11 78 65
11 80 74
11 81 39
11 84 35
11 87 33
11 95 24
12 15 54
12 16 78
12 17 75
12 18 80
12 21 1
12 22 74
12 23 25
12 25 39
12 27 21
12 29 37
12 34 31
12 35 53
12 36 30
12 40 14
12 43 87
12 45 71
12 46 72
12 48 75
12 49 74
12 53 56
12 54 17
12 55 49
12 56 99
12 61 67
12 62 37
12 63 84
12 65 24
12 66 84
12 69 11
12 70 62
12 71 42
12 73 7
12 74 15
12 79 64
12 82 2
12 86 6
12 90 33
12 94 91
12 96 97
13 15 54
13 16 43
13 17 62
13 23 86
13 25 8
13 27 98
13 30 60
13 31 59
13 32 2
13 33 38
13 37 35
13 38 23
13 44 48
13 45 75
13 46 1
13 47 96
13 49 33
13 50 2
13 51 27
13 52 96
13 53 6
13 55 99
13 56 65
13 59 55
13 60 70
13 62 60
13 67 47
13 69 34
13 75 65
13 78 27
13 80 8
13 81 79
13 83 10
13 86 53
13 87 71
13 88 90
13 89 71
13 90 35
13 92 97
13 93 1
13 94 98
13 95 92
13 96 77
13 97 39
13 98 92
13 99 74
14 15 37
14 17 51
14 18 4
14 20 36
14 24 43
14 26 33
14 28 13
14 31 51
14 32 66
14 33 96
14 34 31
14 36 17
14 37 50
14 38 31
14 39 47
14 41 11
14 42 43
14 43 97
14 44 92
14 45 73
14 47 89
14 49 39
14 53 74
14 54 27
14 55 85
14 57 85
14 58 47
14 60 30
14 62 74
14 63 26
14 64 8
14 65 21
14 67 52
14 69 1
14 70 23
14 71 46
14 74 64
14 79 50
14 80 46
14 82 37
14 83 71
14 84 91
14 85 57
14 87 27
14 88 84
14 91 84
14 94 96
14 95 12
14 96 56
14 99 51
15 17 56
15 19 69
15 20 95
15 23 52
15 26 76
15 29 77
15 31 99
15 32 40
15 34 13
15 36 10
15 38 41
15 39 10
15 40 33
15 41 24
15 46 36
15 47 65
15 52 85
15 55 21
15 59 30
15 61 9
15 62 6
15 63 39
15 69 58
15 70 73
15 73 29
15 75 46
15 77 91
15 79 15
15 80 84
15 81 73
15 82 43
15 83 8
15 84 50
15 85 80
15 88 59
15 91 62
15 92 5
15 94 79
15 96 18
15 97 29
16 20 99
16 21 69
16 22 33
16 24 52
16 25 24
16 26 45
16 27 17
16 28 87
16 30 79
16 34 54
16 36 50
16 37 82
16 38 42
16 42 28
16 44 7
16 46 90
16 48 95
16 49 2
16 50 96
16 52 35
16 54 45
16 55 43
16 56 8
16 61 24
16 66 27
16 68 67
16 69 54
16 70 64
16 71 7
16 72 5
16 73 20
16 75 88
16 76 22
16 77 96
16 79 5
16 80 83
16 81 80
16 82 86
16 84 46
16 85 96
16 87 53
16 89 79
16 91 58
16 92 97
16 93 40
16 96 18
16 98 61
16 99 35
17 18 57
17 19 63
17 20 64
17 21 23
17 24 48
17 25 93
17 26 45
17 29 45
17 30 15
17 31 86
17 33 75
17 34 49
17 35 51
17 37 87
17 38 49
17 40 37
17 42 18
17 43 70
17 45 14
17 46 98
17 47 71
17 49 6
17 51 48
17 52 53
17 53 5
17 57 6
17 58 77
17 61 65
17 62 1
17 63 49
17 64 54
17 65 8
17 66 83
17 67 56
17 69 22
17 70 33
17 73 46
17 75 38
17 79 5
17 80 59
17 85 88
17 86 72
17 88 42
17 92 56
17 93 29
17 94 73
17 98 1
17 99 68
18 24 25
18 25 75
18 28 69
18 31 66
18 32 45
18 35 45
18 37 73
18 38 30
18 39 42
18 40 99
18 41 68
18 46 76
18 47 61
18 48 52
18 51 95
18 52 98
18 63 23
18 65 75
18 66 66
18 69 31
18 70 92
18 72 53
18 73 56
18 74 53
18 75 46
18 76 69
18 82 9
18 84 14
18 85 23
18 91 64
18 92 90
18 94 52
18 95 10
18 96 78
18 98 62
18 99 95
19 21 76
19 24 45
19 25 9
19 28 24
19 32 50
19 36 91
19 39 32
19 40 61
19 43 38
19 44 23
19 45 85
19 46 13
19 47 17
19 48 74
19 49 5
19 53 76
19 55 43
19 58 11
19 59 38
19 62 29
19 63 11
19 64 12
19 65 52
19 66 61
19 70 75
19 71 66
19 72 92
19 73 61
19 76 1
19 77 90
19 80 7
19 83 18
19 84 63
19 87 73
19 88 33
19 90 39
19 92 79
19 95 13
19 98 95
20 21 69
20 22 88
20 23 66
20 27 58
20 30 63
20 32 98
20 33 79
20 34 28
20 37 89
20 38 68
20 42 51
20 43 25
20 44 97
20 50 7
20 53 35
20 55 79
20 61 48
20 63 6
20 65 15
20 66 36
20 67 63
20 72 6
20 73 39
20 78 88
20 79 87
20 80 84
20 82 27
20 83 75
20 86 81
20 91 9
20 95 49
20 98 66
20 99 89
21 23 48
21 25 24
21 26 51
21 28 38
21 29 33
21 30 34
21 31 16
21 35 56
21 36 79
21 38 71
21 39 7
21 41 3
21 42 28
21 44 37
21 45 9
21 49 26
21 50 47
21 52 50
21 53 30
21 56 67
21 57 91
21 58 79
21 59 97
21 61 93
21 63 18
21 64 26
21 68 25
21 70 22
21 72 30
21 73 90
21 74 6
21 75 94
21 76 58
21 78 60
21 81 78
21 82 74
21 83 44
21 84 65
21 86 89
21 87 1
21 89 68
21 90 56
21 91 9
21 92 10
21 94 56
21 96 97
21 97 44
22 26 22
22 40 96
22 43 94
22 45 99
22 46 60
22 48 52
22 49 63
22 50 90
22 51 29
22 52 41
22 53 34
22 54 29
22 55 20
22 58 75
22 59 8
22 60 52
22 62 4
22 63 10
22 67 62
22 68 43
22 69 24
22 70 11
22 71 81
22 72 14
22 73 60
22 75 82
22 76 75
22 77 82
22 81 54
22 83 29
22 84 94
22 86 6
22 90 84
22 93 53
22 95 41
22 96 67
22 97 13
22 98 26
22 99 3
23 26 46
23 27 36
23 29 6
23 31 93
23 33 20
23 34 47
23 36 98
23 38 7
23 39 6
23 40 59
23 42 80
23 44 26
23 48 49
23 53 37
23 59 64
23 61 50
23 62 41
23 66 14
23 71 18
23 74 13
23 80 26
23 81 63
23 82 27
23 84 49
23 87 69
23 89 82
23 90 94
23 92 48
23 95 20
23 96 2
24 25 4
24 30 70
24 31 95
24 33 19
24 34 83
24 37 12
24 39 93
24 40 31
24 44 59
24 45 98
24 49 88
24 51 70
24 54 33
24 56 64
24 59 79
24 60 37
24 61 15
24 64 74
24 65 72
24 66 93
24 67 32
24 68 38
24 69 11
24 71 59
24 77 15
24 78 68
24 81 86
24 83 39
24 87 17
24 90 6
24 91 72
24 92 15
24 94 70
24 95 32
24 96 41
24 99 64
25 26 10
25 28 30
25 30 43
25 31 34
25 32 98
25 33 36
25 35 27
25 37 12
25 38 80
25 39 39
25 40 21
25 41 18
25 42 87
25 43 56
25 45 85
25 46 78
25 47 80
25 48 97
25 50 35
25 52 19
25 54 2
25 56 13
25 57 8
25 58 92
25 59 19
25 64 99
25 65 97
25 66 37
25 67 8
25 69 89
25 73 98
25 74 34
25 76 91
25 77 32
25 78 8
25 79 98
25 80 20
25 83 47
25 87 9
25 91 19
25 92 84
25 93 74
25 95 15
25 99 88
26 29 26
26 30 59
26 32 35
26 33 92
26 39 72
26 41 33
26 43 20
26 44 15
26 47 58
26 48 1
26 51 68
26 52 38
26 54 89
26 56 77
26 59 13
26 61 45
26 65 67
26 68 39
26 69 8
26 71 47
26 73 72
26 74 20
26 76 9
26 79 27
26 80 67
26 81 2
26 82 24
26 86 31
26 93 64
26 94 56
26 96 72
26 98 42
26 99 36
27 29 21
27 31 27
27 32 36
27 35 98
27 36 26
27 40 2
27 43 55
27 45 98
27 47 42
27 49 81
27 50 52
27 52 64
27 54 39
27 55 44
27 57 21
27 59 67
27 60 10
27 64 37
27 67 16
27 69 25
27 70 12
27 71 77
27 74 36
27 75 97
27 76 8
27 80 72
27 82 42
27 83 94
27 84 54
27 89 4
27 90 1
27 91 81
27 92 99
27 94 74
27 98 16
28 32 76
28 36 44
28 39 85
28 40 88
28 41 96
28 42 57
28 44 39
28 45 16
28 46 67
28 47 72
28 49 94
28 50 26
28 54 46
28 55 62
28 56 79
28 59 44
28 61 98
28 65 80
28 66 15
28 68 77
28 69 36
28 71 9
28 74 54
28 76 81
28 77 14
28 81 27
28 85 42
28 86 77
28 87 66
28 88 70
28 89 74
28 90 99
28 92 78
28 93 75
28 96 58
28 98 96
28 99 43
29 32 77
29 34 95
29 35 29
29 43 20
29 44 53
29 45 76
29 46 15
29 47 38
29 48 75
29 50 20
29 51 95
29 53 57
29 56 99
29 60 59
29 61 96
29 62 46
29 64 44
29 67 79
29 69 7
29 71 42
29 72 5
29 74 15
29 75 20
29 77 60
29 78 21
29 80 58
29 81 15
29 82 86
29 83 43
29 88 12
29 90 72
29 91 72
29 93 81
29 97 46
29 99 74
30 31 8
30 33 41
30 35 34
30 37 39
30 40 55
30 41 13
30 42 13
30 44 11
30 45 76
30 51 33
30 52 55
30 54 70
30 57 57
30 61 39
30 66 71
30 68 37
30 71 25
30 75 77
30 76 63
30 79 65
30 81 94
30 83 24
30 88 36
30 90 93
30 92 37
30 95 86
30 96 65
30 99 47
31 35 79
31 36 49
31 40 82
31 44 51
31 45 75
31 47 72
31 48 94
31 49 24
31 50 33
31 55 29
31 56 76
31 58 48
31 60 57
31 61 6
31 62 2
31 63 66
31 64 27
31 66 27
31 69 1
31 71 16
31 72 20
31 73 25
31 75 62
31 77 60
31 78 91
31 80 77
31 81 42
31 83 12
31 85 56
31 87 19
31 88 90
31 89 31
31 92 36
31 93 8
31 95 39
31 97 78
32 37 32
32 39 68
32 42 17
32 44 58
32 45 84
32 47 88
32 49 17
32 50 1
32 52 89
32 58 82
32 59 64
32 61 79
32 64 9
32 66 32
32 71 30
32 73 87
32 75 25
32 77 54
32 79 77
32 80 28
32 81 24
32 83 95
32 85 20
32 87 22
32 89 58
32 93 78
32 99 83
33 34 96
33 35 65
33 36 52
33 38 13
33 39 17
33 40 97
33 42 79
33 43 59
33 44 36
33 45 94
33 48 94
33 54 34
33 55 56
33 57 27
33 58 17
33 62 32
33 63 12
33 64 72
33 65 92
33 66 66
33 67 83
33 69 9
33 71 73
33 75 74
33 77 11
33 79 52
33 80 23
33 83 14
33 84 41
33 85 95
33 87 56
33 89 58
33 95 64
33 96 68
33 97 13
33 98 29
33 99 97
34 35 40
34 36 58
34 37 23
34 38 42
34 40 14
34 41 67
34 45 99
34 46 42
34 47 86
34 49 86
34 51 49
34 54 28
34 55 85
34 59 65
34 60 25
34 61 61
34 62 86
34 63 93
34 64 92
34 67 51
34 69 27
34 73 83
34 75 16
34 77 97
34 78 48
34 80 68
34 84 3
34 85 1
34 88 64
34 91 88
34 93 38
34 99 68
35 36 99
35 37 3
35 38 39
35 39 7
35 42 13
35 43 85
35 47 34
35 48 15
35 49 35
35 51 13
35 52 29
35 55 82
35 56 8
35 59 10
35 63 13
35 64 39
35 65 88
35 66 55
35 67 95
35 68 55
35 69 23
35 70 61
35 74 47
35 75 41
35 76 3
35 77 61
35 80 4
35 83 19
35 84 28
35 86 87
35 87 27
35 88 7
35 89 1
35 90 19
35 92 98
35 93 35
35 94 26
35 98 78
35 99 80
36 39 39
36 42 73
36 43 3
36 44 81
36 45 95
36 46 74
36 47 56
36 49 51
36 50 92
36 53 36
36 54 81
36 58 70
36 59 70
36 60 34
36 63 30
36 64 38
36 65 11
36 68 79
36 71 19
36 72 6
36 73 92
36 74 84
36 75 30
36 76 69
36 77 57
36 78 43
36 82 89
36 83 96
36 85 82
36 86 39
36 87 59
36 89 11
36 91 31
36 93 81
36 96 91
37 38 38
37 40 67
37 41 77
37 46 66
37 47 64
37 50 90
37 51 97
37 54 91
37 55 43
37 56 83
37 58 56
37 59 91
37 61 64
37 62 93
37 64 12
37 65 82
37 66 52
37 68 61
37 69 36
37 75 77
37 76 6
37 77 63
37 78 75
37 80 78
37 81 34
37 84 2
37 87 39
37 89 96
37 90 91
37 91 40
37 92 46
37 93 12
37 94 4
37 95 38
37 99 73
38 39 46
38 40 94
38 41 44
38 46 89
38 47 9
38 50 40
38 51 32
38 52 24
38 54 40
38 55 76
38 59 26
38 60 61
38 61 12
38 62 10
38 64 28
38 66 41
38 67 48
38 70 40
38 73 36
38 77 49
38 78 4
38 79 68
38 80 27
38 81 93
38 82 12
38 84 74
38 86 57
38 87 26
38 89 50
38 92 42
38 94 90
38 95 81
38 96 8
38 98 35
38 99 50
39 40 37
39 42 84
39 43 70
39 44 4
39 48 62
39 50 76
39 51 5
39 53 64
39 55 68
39 57 68
39 61 68
39 62 79
39 66 71
39 69 99
39 71 32
39 72 57
39 75 2
39 78 24
39 81 66
39 82 60
39 83 22
39 85 15
39 87 76
39 88 18
39 90 74
39 91 34
39 92 84
39 95 89
39 97 65
39 98 55
40 41 31
40 42 84
40 43 9
40 44 59
40 46 54
40 50 85
40 54 71
40 55 51
40 56 62
40 61 50
40 63 75
40 64 94
40 66 98
40 69 53
40 72 7
40 73 11
40 75 80
40 76 37
40 77 78
40 79 24
40 81 95
40 84 20
40 85 28
40 88 2
40 89 60
40 90 43
40 91 32
40 94 55
40 95 47
40 96 98
40 98 3
40 99 47
41 44 83
41 45 99
41 47 82
41 49 96
41 50 80
41 51 89
41 52 31
41 53 62
41 57 97
41 58 41
41 60 52
41 61 14
41 66 46
41 67 77
41 69 84
41 70 82
41 74 4
41 75 83
41 77 61
41 78 27
41 79 65
41 80 85
41 83 23
41 85 62
41 86 43
41 87 79
41 88 99
41 89 18
41 90 45
41 93 9
41 96 10
41 97 50
41 99 88
42 43 18
42 49 58
42 50 39
42 52 87
42 53 73
42 56 47
42 58 22
42 59 62
42 61 56
42 62 46
42 64 44
42 66 60
42 67 72
42 68 7
42 70 85
42 71 65
42 72 14
42 74 22
42 75 82
42 76 40
42 77 97
42 78 76
42 79 46
42 80 52
42 82 82
42 83 65
42 84 33
42 86 91
42 87 89
42 88 76
42 92 6
42 93 3
42 94 6
42 96 1
42 97 12
42 98 94
42 99 93
43 44 5
43 45 27
43 48 27
43 49 30
43 51 9
43 54 32
43 55 61
43 56 70
43 57 16
43 59 36
43 61 63
43 64 25
43 67 87
43 68 5
43 69 3
43 70 47
43 72 33
43 73 53
43 74 62
43 76 93
43 77 44
43 78 59
43 80 61
43 82 60
43 83 90
43 87 14
43 88 99
43 90 73
43 91 70
43 92 42
43 95 89
43 98 81
43 99 63
44 47 15
44 48 23
44 49 74
44 51 2
44 54 32
44 55 23
44 57 48
44 61 84
44 62 63
44 63 24
44 70 41
44 71 96
44 74 98
44 77 82
44 87 9
44 90 37
44 92 1
44 98 83
45 46 53
45 48 15
45 51 99
45 52 28
45 53 55
45 55 40
45 56 49
45 57 80
45 58 13
45 60 32
45 61 8
45 62 30
45 63 5
45 66 19
45 67 3
45 68 22
45 70 7
45 71 94
45 73 68
45 75 81
45 83 91
45 86 4
45 87 68
45 91 46
45 93 3
45 94 12
45 96 10
45 98 81
45 99 84
46 47 89
46 50 49
46 54 29
46 55 39
46 57 24
46 59 84
46 61 71
46 62 72
46 63 15
46 66 66
46 67 23
46 68 62
46 69 96
46 73 6
46 74 72
46 75 96
46 77 52
46 78 92
46 86 86
46 87 27
46 92 10
46 93 84
46 94 60
46 96 68
46 97 36
46 98 45
47 49 98
47 51 3
47 52 68
47 60 13
47 63 10
47 65 67
47 66 42
47 68 11
47 69 25
47 73 29
47 75 41
47 77 78
47 80 16
47 81 33
47 82 9
47 83 91
47 85 31
47 86 31
47 90 56
47 92 10
47 93 54
47 98 36
47 99 3
48 50 45
48 51 78
48 54 37
48 55 34
48 56 44
48 57 41
48 59 93
48 63 29
48 65 9
48 66 85
48 67 48
48 68 67
48 69 2
48 70 86
48 71 28
48 72 8
48 75 53
48 77 1
48 78 27
48 79 73
48 80 91
48 81 44
48 83 87
48 84 6
48 88 82
48 89 75
48 92 8
48 99 17
49 50 59
49 51 89
49 52 58
49 53 48
49 56 55
49 59 94
49 61 57
49 63 7
49 64 32
49 65 41
49 69 58
49 71 67
49 72 48
49 74 29
49 76 22
49 77 48
49 80 6
49 83 40
49 84 97
49 85 20
49 86 70
49 87 28
49 91 43
49 92 89
49 93 43
49 95 80
50 51 39
50 52 91
50 53 88
50 56 24
50 57 77
50 60 53
50 66 62
50 67 11
50 68 55
50 72 97
50 74 68
50 75 5
50 76 89
50 77 41
50 79 53
50 80 8
50 82 16
50 84 71
50 88 16
50 94 65
51 53 77
51 55 19
51 56 65
51 57 61
51 59 7
51 60 56
51 62 92
51 66 84
51 67 13
51 70 90
51 72 91
51 77 76
51 78 42
51 79 9
51 82 30
51 87 34
51 88 66
51 90 72
51 91 24
51 92 84
51 97 27
52 53 75
52 54 61
52 56 69
52 57 57
52 58 94
52 59 68
52 60 56
52 63 18
52 66 25
52 67 60
52 71 57
52 72 95
52 74 53
52 80 15
52 83 92
52 84 75
52 85 52
52 89 25
52 90 12
52 91 40
52 94 64
52 97 23
52 98 73
53 55 86
53 56 93
53 57 4
53 60 90
53 64 49
53 65 98
53 66 72
53 68 6
53 69 41
53 70 53
53 71 15
53 73 65
53 74 62
53 78 44
53 84 69
53 86 58
53 90 56
53 93 71
53 94 99
53 96 34
53 98 85
54 55 2
54 56 25
54 61 7
54 62 40
54 63 12
54 65 19
54 67 31
54 69 57
54 70 15
54 72 69
54 76 22
54 77 95
54 80 85
54 83 73
54 85 79
54 86 71
54 88 75
54 90 82
54 91 85
54 94 41
54 99 60
55 56 38
55 58 90
55 60 76
55 61 88
55 63 70
55 64 17
55 65 69
55 66 55
55 71 16
55 72 2
55 74 9
55 75 63
55 76 62
55 80 24
55 81 95
55 82 23
55 84 59
55 85 78
55 88 88
55 89 22
55 90 34
55 91 67
55 93 33
55 94 17
55 97 40
56 59 66
56 60 29
56 67 20
56 69 39
56 71 84
56 72 65
56 74 60
56 75 69
56 78 64
56 81 48
56 84 61
56 85 4
56 86 51
56 89 61
56 90 92
56 93 77
56 94 88
56 95 3
56 98 15
56 99 79
57 62 55
57 64 5
57 65 79
57 68 12
57 70 3
57 71 59
57 72 64
57 74 3
57 75 44
57 76 15
57 77 8
57 80 85
57 81 78
57 82 44
57 83 16
57 84 52
57 85 7
57 87 84
57 88 38
57 92 95
57 94 57
57 98 15
57 99 16
58 59 1
58 60 56
58 61 26
58 62 63
58 63 17
58 65 19
58 67 1
58 74 7
58 77 46
58 80 98
58 82 66
58 86 94
58 87 32
58 89 19
58 92 74
58 93 35
58 95 59
58 96 60
59 65 46
59 67 96
59 68 41
59 72 17
59 73 97
59 74 46
59 76 20
59 79 15
59 80 68
59 82 29
59 83 79
59 88 70
59 92 10
59 93 29
59 96 87
60 62 52
60 63 95
60 64 29
60 65 21
60 66 83
60 68 72
60 69 81
60 70 19
60 73 9
60 74 30
60 75 2
60 76 93
60 77 56
60 79 69
60 80 78
60 81 73
60 83 62
60 85 29
60 87 28
60 88 55
60 89 90
60 90 94
60 92 87
60 95 58
60 96 95
60 97 94
61 62 86
61 64 28
61 68 41
61 70 65
61 71 17
61 74 9
61 75 62
61 78 83
61 83 11
61 84 53
61 85 89
61 86 98
61 88 79
61 93 55
61 94 79
61 97 9
61 98 91
61 99 95
62 63 90
62 64 69
62 70 73
62 72 9
62 82 97
62 83 58
62 84 91
62 86 88
62 87 12
62 88 28
62 89 34
62 92 54
62 93 93
62 94 50
62 95 62
62 99 80
63 66 86
63 67 86
63 68 96
63 69 66
63 70 49
63 71 12
63 74 65
63 75 58
63 78 20
63 82 72
63 86 95
63 87 71
63 88 96
63 89 9
63 90 22
63 92 74
63 94 1
63 95 16
63 97 39
64 66 1
64 73 34
64 74 29
64 76 98
64 77 17
64 78 8
64 79 94
64 80 26
64 81 68
64 82 21
64 87 85
64 88 54
64 90 48
64 92 44
64 93 22
64 99 49
65 67 70
65 68 79
65 71 49
65 72 70
65 73 61
65 74 25
65 75 32
65 76 17
65 78 79
65 81 35
65 83 96
65 84 50
65 91 72
65 92 42
65 96 69
66 67 66
66 71 81
66 72 28
66 76 17
66 78 11
66 79 74
66 84 26
66 86 84
66 87 66
66 89 51
66 90 40
66 97 68
66 98 8
66 99 35
67 71 87
67 78 67
67 79 3
67 80 9
67 81 81
67 84 76
67 86 40
67 87 52
67 88 84
67 89 84
67 93 13
67 94 85
67 95 70
67 98 59
68 70 41
68 71 93
68 73 7
68 74 71
68 75 46
68 76 20
68 77 81
68 79 84
68 80 69
68 81 19
68 83 58
68 88 10
68 90 33
68 92 18
68 93 53
68 94 62
68 98 30
68 99 63
69 71 26
69 72 82
69 75 7
69 76 86
69 77 47
69 79 4
69 81 79
69 82 41
69 83 27
69 89 57
69 90 47
69 92 18
69 93 51
69 96 89
69 98 31
69 99 84
70 71 23
70 72 72
70 73 81
70 81 84
70 86 11
70 87 17
70 88 5
70 90 78
70 92 71
70 96 66
71 73 6
71 76 1
71 77 87
71 79 71
71 83 84
71 86 52
71 88 92
71 89 40
71 92 69
71 93 98
71 95 8
71 96 40
71 99 16
72 73 46
72 74 83
72 77 57
72 78 14
72 80 78
72 82 45
72 85 48
72 87 63
72 89 10
72 91 49
72 92 32
72 93 43
72 94 4
72 96 13
72 97 33
73 76 99
73 78 63
73 79 49
73 82 8
73 83 14
73 85 33
73 86 23
73 87 93
73 88 21
73 90 98
73 91 14
73 93 63
73 99 50
74 76 54
74 77 6
74 78 61
74 79 4
74 81 62
74 84 82
74 85 12
74 87 88
74 93 49
74 94 31
74 96 11
75 76 46
75 81 2
75 82 40
75 84 78
75 85 35
75 86 42
75 88 63
75 90 50
75 93 91
75 94 45
75 97 1
75 99 41
76 78 85
76 80 69
76 81 15
76 82 36
76 87 12
76 88 85
76 90 12
76 92 32
76 93 95
76 97 14
76 98 97
77 79 77
77 84 14
77 85 19
77 87 81
77 88 65
77 90 76
77 93 55
77 94 87
77 95 94
77 97 64
77 98 61
78 80 76
78 83 74
78 84 81
78 85 54
78 86 60
78 88 71
78 90 54
78 91 14
78 92 84
78 95 79
78 96 96
78 99 92
79 80 56
79 83 22
79 84 8
79 88 62
79 91 38
79 92 86
79 96 30
80 83 70
80 84 20
80 85 74
80 86 47
80 90 3
80 91 31
80 93 20
80 94 77
80 96 2
80 97 39
81 83 75
81 85 48
81 86 24
81 88 89
81 89 78
81 90 1
81 91 24
81 94 73
81 95 53
81 96 82
82 84 51
82 86 33
82 89 1
82 90 52
82 94 49
82 95 71
82 97 25
82 98 3
82 99 57
83 84 64
83 87 76
83 92 98
83 93 48
83 94 78
83 96 43
83 97 43
84 87 38
84 92 72
84 93 7
84 95 71
84 98 42
84 99 82
85 86 14
85 87 68
85 88 23
85 89 30
85 92 70
85 93 76
85 94 81
85 98 43
86 87 37
86 90 97
86 91 95
86 94 83
86 96 53
87 88 10
87 89 41
87 92 15
87 96 78
87 97 31
87 99 10
88 89 63
88 90 35
88 91 28
88 92 58
88 97 40
88 99 38
89 92 32
89 93 55
89 95 48
89 96 51
89 99 26
90 91 10
90 93 40
90 97 56
90 98 54
90 99 92
91 94 52
91 96 23
92 93 21
92 94 46
92 95 10
92 96 41
92 97 93
92 98 20
92 99 53
93 96 31
93 98 95
94 96 90
95 96 64
95 98 35
95 99 98
96 98 2
97 99 53