100
0 46 67.802
0 49 43.984
1 44 98.390
1 86 41.468
2 77 45.478
2 6 53.486
3 5 21.614
3 65 47.568
4 21 12.344
4 13 44.439
5 73 38.334
5 43 29.101
6 37 4.397
6 11 2.462
7 32 26.262
7 2 9.979
8 15 51.083
8 95 6.201
9 91 10.927
9 82 64.458
10 79 97.931
10 0 48.918
11 43 51.250
11 98 92.876
12 41 3.992
12 79 40.420
13 64 94.737
13 88 95.038
14 28 44.066
14 6 67.372
15 30 71.998
15 10 88.302
16 43 67.264
16 48 75.095
17 94 44.416
17 87 96.031
18 76 15.262
18 2 99.679
19 53 85.972
19 76 49.762
20 4 65.087
20 57 54.233
21 50 59.843
21 35 30.756
22 53 87.868
22 85 84.362
23 34 10.015
23 47 20.487
24 42 26.979
24 1 64.378
25 93 70.584
25 67 75.534
26 0 66.637
26 75 10.849
27 46 44.404
27 12 24.225
28 11 30.266
28 63 66.714
29 82 0.099
29 58 0.804
30 87 70.272
30 26 43.589
31 11 38.341
31 3 75.878
32 58 13.042
32 27 48.277
33 73 44.423
33 59 30.162
34 6 47.147
34 66 3.289
35 82 15.470
35 37 15.562
36 55 33.808
36 44 62.614
37 79 74.030
37 19 60.522
38 87 8.246
38 10 32.176
39 10 2.773
39 88 72.477
40 69 41.399
40 21 55.183
41 5 74.585
41 70 34.469
42 35 11.614
42 78 13.091
43 27 84.334
43 30 21.930
44 45 66.996
44 86 50.247
45 79 43.980
45 8 92.611
46 25 83.324
46 34 74.870
47 1 17.820
47 28 58.988
48 54 7.317
48 74 8.123
49 56 72.161
49 74 10.742
50 85 48.467
50 46 17.303
51 82 76.003
51 95 7.736
52 75 36.397
52 74 1.119
53 74 26.059
53 27 63.733
54 99 51.889
54 77 65.128
55 56 94.514
55 93 50.272
56 57 60.672
56 95 74.871
57 1 29.677
57 93 62.580
58 2 84.446
58 57 93.999
59 35 54.962
59 48 13.770
60 86 56.668
60 96 91.162
61 78 29.210
61 55 3.000
62 25 2.879
62 44 47.998
63 87 36.396
63 30 48.084
64 69 77.204
64 3 88.533
65 73 84.388
65 76 49.292
66 81 34.986
66 45 59.535
67 95 86.522
67 47 13.709
68 65 96.844
68 35 21.134
69 5 58.502
69 47 9.476
70 40 13.954
70 77 70.615
71 61 74.564
71 74 39.878
72 19 2.585
72 35 22.040
73 12 13.745
73 61 1.474
74 62 3.354
74 28 21.395
75 98 82.412
75 49 10.878
76 47 23.992
76 71 49.060
77 7 37.906
77 13 19.989
78 85 91.752
78 7 51.013
79 22 23.978
79 21 39.589
80 95 12.991
80 28 66.105
81 76 47.727
81 39 60.794
82 77 95.332
82 59 97.796
83 78 0.805
83 87 81.742
84 22 19.373
84 57 75.347
85 25 30.775
85 64 97.086
86 75 91.709
86 45 77.448
87 54 19.054
87 90 81.693
88 23 29.529
88 53 26.935
89 34 17.281
89 39 42.860
90 65 81.590
90 94 89.885
91 53 70.977
91 69 95.583
92 62 50.259
92 19 72.309
93 82 96.052
93 40 99.081
94 23 55.849
94 44 76.860
95 13 71.413
95 3 69.083
96 63 82.166
96 70 58.214
97 46 84.266
97 66 51.530
98 40 64.832
98 58 89.877
99 8 79.932
99 98 91.344
