97
0 1 43
0 2 27
0 3 48
0 4 96
0 5 11
0 6 78
0 7 17
0 8 58
0 9 64
0 10 31
0 11 52
0 12 53
0 13 40
0 14 89
0 15 64
0 16 53
0 17 51
0 18 12
0 19 32
0 20 62
0 21 54
0 22 54
0 23 62
0 24 81
0 25 42
0 26 10
0 27 4
0 28 46
0 29 68
0 30 51
0 31 89
0 32 55
0 33 81
0 34 88
0 35 53
0 36 80
0 37 95
0 38 55
0 39 22
0 40 9
0 41 64
0 42 46
0 43 91
0 44 48
0 45 44
0 46 59
0 47 27
0 48 95
0 49 73
0 50 34
0 51 69
0 52 63
0 53 90
0 54 52
0 55 4
0 56 64
0 57 66
0 58 36
0 59 59
0 60 63
0 61 28
0 62 74
0 63 83
0 64 92
0 65 78
0 66 90
0 67 93
0 68 72
0 69 95
0 70 42
0 71 97
0 72 26
0 73 42
0 74 4
0 75 22
0 76 20
0 77 46
0 78 12
0 79 50
0 80 85
0 81 57
0 82 16
0 83 87
0 84 81
0 85 81
0 86 83
0 87 87
0 88 69
0 89 3
0 90 35
0 91 32
0 92 77
0 93 11
0 94 42
0 95 50
0 96 90
1 2 36
1 3 64
1 4 25
1 5 74
1 6 15
1 7 63
1 8 15
1 9 60
1 10 12
1 11 91
1 12 33
1 13 77
1 14 1
1 15 33
1 16 1
1 17 12
1 18 33
1 19 4
1 20 9
1 21 9
1 22 50
1 23 13
1 24 8
1 25 12
1 26 41
1 27 82
1 28 48
1 29 49
1 30 17
1 31 37
1 32 81
1 33 96
1 34 18
1 35 15
1 36 3
1 37 45
1 38 4
1 39 43
1 40 76
1 41 39
1 42 70
1 43 56
1 44 36
1 45 20
1 46 19
1 47 95
1 48 13
1 49 34
1 50 7
1 51 91
1 52 17
1 53 32
1 54 20
1 55 73
1 56 86
1 57 65
1 58 46
1 59 76
1 60 51
1 61 42
1 62 55
1 63 99
1 64 98
1 65 27
1 66 60
1 67 43
1 68 29
1 69 98
1 70 92
1 71 73
1 72 66
1 73 72
1 74 47
1 75 57
1 76 38
1 77 41
1 78 90
1 79 97
1 80 52
1 81 46
1 82 18
1 83 85
1 84 71
1 85 96
1 86 27
1 87 83
1 88 96
1 89 60
1 90 91
1 91 27
1 92 94
1 93 92
1 94 38
1 95 41
1 96 66
2 3 74
2 4 37
2 5 45
2 6 55
2 7 13
2 8 14
2 9 11
2 10 93
2 11 56
2 12 32
2 13 41
2 14 36
2 15 70
2 16 5
2 17 7
2 18 48
2 19 70
2 20 70
2 21 46
2 22 32
2 23 8
2 24 28
2 25 10
2 26 35
2 27 56
2 28 59
2 29 16
2 30 86
2 31 89
2 32 98
2 33 15
2 34 92
2 35 76
2 36 98
2 37 67
2 38 77
2 39 49
2 40 77
2 41 46
2 42 73
2 43 16
2 44 91
2 45 85
2 46 82
2 47 59
2 48 1
2 49 42
2 50 32
2 51 84
2 52 87
2 53 16
2 54 27
2 55 37
2 56 11
2 57 56
2 58 1
2 59 54
2 60 88
2 61 56
2 62 87
2 63 42
2 64 23
2 65 66
2 66 11
2 67 92
2 68 29
2 69 76
2 70 71
2 71 96
2 72 69
2 73 8
2 74 22
2 75 86
2 76 4
2 77 28
2 78 27
2 79 54
2 80 85
2 81 77
2 82 76
2 83 52
2 84 8
2 85 91
2 86 32
2 87 61
2 88 4
2 89 40
2 90 37
2 91 4
2 92 74
2 93 26
2 94 16
2 95 75
2 96 83
3 4 75
3 5 38
3 6 3
3 7 16
3 8 18
3 9 71
3 10 95
3 11 55
3 12 81
3 13 79
3 14 8
3 15 64
3 16 78
3 17 31
3 18 56
3 19 72
3 20 70
3 21 29
3 22 98
3 23 56
3 24 4
3 25 23
3 26 62
3 27 6
3 28 72
3 29 73
3 30 23
3 31 51
3 32 11
3 33 26
3 34 26
3 35 33
3 36 69
3 37 31
3 38 4
3 39 61
3 40 35
3 41 77
3 42 45
3 43 29
3 44 84
3 45 22
3 46 12
3 47 3
3 48 22
3 49 1
3 50 8
3 51 3
3 52 84
3 53 15
3 54 88
3 55 83
3 56 91
3 57 46
3 58 15
3 59 98
3 60 94
3 61 80
3 62 33
3 63 25
3 64 19
3 65 65
3 66 12
3 67 99
3 68 79
3 69 98
3 70 46
3 71 62
3 72 47
3 73 47
3 74 22
3 75 17
3 76 8
3 77 99
3 78 31
3 79 44
3 80 69
3 81 52
3 82 52
3 83 12
3 84 60
3 85 60
3 86 17
3 87 81
3 88 12
3 89 83
3 90 72
3 91 71
3 92 56
3 93 96
3 94 50
3 95 47
3 96 63
4 5 84
4 6 95
4 7 9
4 8 10
4 9 97
4 10 31
4 11 58
4 12 49
4 13 49
4 14 42
4 15 26
4 16 4
4 17 60
4 18 71
4 19 44
4 20 10
4 21 17
4 22 81
4 23 40
4 24 23
4 25 88
4 26 82
4 27 38
4 28 29
4 29 47
4 30 75
4 31 33
4 32 59
4 33 32
4 34 6
4 35 36
4 36 23
4 37 92
4 38 98
4 39 66
4 40 59
4 41 91
4 42 79
4 43 54
4 44 40
4 45 16
4 46 50
4 47 75
4 48 87
4 49 83
4 50 62
4 51 93
4 52 25
4 53 70
4 54 30
4 55 61
4 56 12
4 57 16
4 58 58
4 59 79
4 60 84
4 61 34
4 62 40
4 63 89
4 64 69
4 65 63
4 66 21
4 67 97
4 68 35
4 69 44
4 70 84
4 71 54
4 72 93
4 73 37
4 74 3
4 75 31
4 76 58
4 77 29
4 78 18
4 79 78
4 80 22
4 81 61
4 82 41
4 83 17
4 84 66
4 85 47
4 86 24
4 87 74
4 88 33
4 89 93
4 90 34
4 91 81
4 92 82
4 93 14
4 94 77
4 95 90
4 96 32
5 6 17
5 7 26
5 8 87
5 9 24
5 10 69
5 11 76
5 12 27
5 13 28
5 14 68
5 15 66
5 16 74
5 17 93
5 18 32
5 19 29
5 20 22
5 21 92
5 22 76
5 23 25
5 24 2
5 25 24
5 26 79
5 27 11
5 28 84
5 29 5
5 30 24
5 31 23
5 32 30
5 33 39
5 34 73
5 35 95
5 36 17
5 37 34
5 38 31
5 39 48
5 40 29
5 41 3
5 42 75
5 43 84
5 44 74
5 45 39
5 46 15
5 47 96
5 48 88
5 49 18
5 50 90
5 51 7
5 52 17
5 53 21
5 54 11
5 55 49
5 56 70
5 57 23
5 58 7
5 59 4
5 60 83
5 61 28
5 62 7
5 63 69
5 64 39
5 65 50
5 66 71
5 67 79
5 68 9
5 69 46
5 70 48
5 71 16
5 72 90
5 73 56
5 74 6
5 75 37
5 76 1
5 77 75
5 78 41
5 79 79
5 80 98
5 81 45
5 82 89
5 83 37
5 84 19
5 85 5
5 86 48
5 87 74
5 88 28
5 89 8
5 90 1
5 91 48
5 92 90
5 93 24
5 94 17
5 95 91
5 96 12
6 7 46
6 8 39
6 9 96
6 10 60
6 11 69
6 12 87
6 13 27
6 14 11
6 15 97
6 16 68
6 17 37
6 18 33
6 19 75
6 20 70
6 21 93
6 22 57
6 23 32
6 24 89
6 25 45
6 26 55
6 27 31
6 28 47
6 29 64
6 30 24
6 31 44
6 32 3
6 33 50
6 34 39
6 35 44
6 36 48
6 37 87
6 38 8
6 39 56
6 40 61
6 41 34
6 42 67
6 43 74
6 44 12
6 45 29
6 46 1
6 47 51
6 48 96
6 49 41
6 50 75
6 51 69
6 52 30
6 53 90
6 54 68
6 55 92
6 56 26
6 57 55
6 58 23
6 59 94
6 60 91
6 61 55
6 62 94
6 63 6
6 64 83
6 65 94
6 66 94
6 67 76
6 68 9
6 69 29
6 70 63
6 71 35
6 72 93
6 73 30
6 74 36
6 75 85
6 76 98
6 77 81
6 78 33
6 79 30
6 80 58
6 81 84
6 82 16
6 83 57
6 84 9
6 85 24
6 86 20
6 87 97
6 88 91
6 89 71
6 90 58
6 91 80
6 92 86
6 93 82
6 94 96
6 95 27
6 96 40
7 8 47
7 9 95
7 10 63
7 11 30
7 12 34
7 13 81
7 14 36
7 15 39
7 16 66
7 17 76
7 18 36
7 19 69
7 20 20
7 21 76
7 22 79
7 23 73
7 24 68
7 25 2
7 26 66
7 27 86
7 28 74
7 29 94
7 30 44
7 31 24
7 32 95
7 33 15
7 34 85
7 35 32
7 36 10
7 37 56
7 38 56
7 39 88
7 40 25
7 41 57
7 42 32
7 43 34
7 44 20
7 45 42
7 46 64
7 47 34
7 48 68
7 49 35
7 50 1
7 51 41
7 52 83
7 53 48
7 54 94
7 55 59
7 56 26
7 57 27
7 58 91
7 59 32
7 60 97
7 61 67
7 62 57
7 63 67
7 64 64
7 65 71
7 66 35
7 67 23
7 68 53
7 69 21
7 70 82
7 71 79
7 72 58
7 73 70
7 74 17
7 75 20
7 76 40
7 77 39
7 78 43
7 79 25
7 80 23
7 81 48
7 82 9
7 83 54
7 84 62
7 85 63
7 86 66
7 87 33
7 88 21
7 89 15
7 90 53
7 91 96
7 92 67
7 93 10
7 94 82
7 95 30
7 96 48
8 9 85
8 10 55
8 11 31
8 12 41
8 13 30
8 14 31
8 15 4
8 16 59
8 17 51
8 18 53
8 19 11
8 20 74
8 21 92
8 22 28
8 23 27
8 24 28
8 25 22
8 26 5
8 27 78
8 28 15
8 29 56
8 30 22
8 31 27
8 32 26
8 33 11
8 34 36
8 35 27
8 36 16
8 37 64
8 38 36
8 39 91
8 40 17
8 41 89
8 42 79
8 43 57
8 44 22
8 45 71
8 46 4
8 47 53
8 48 30
8 49 29
8 50 43
8 51 16
8 52 87
8 53 38
8 54 68
8 55 82
8 56 33
8 57 61
8 58 21
8 59 20
8 60 93
8 61 83
8 62 43
8 63 5
8 64 39
8 65 61
8 66 78
8 67 71
8 68 31
8 69 54
8 70 73
8 71 92
8 72 91
8 73 52
8 74 87
8 75 61
8 76 43
8 77 41
8 78 86
8 79 42
8 80 37
8 81 57
8 82 85
8 83 40
8 84 97
8 85 64
8 86 95
8 87 11
8 88 10
8 89 82
8 90 30
8 91 56
8 92 47
8 93 3
8 94 74
8 95 73
8 96 44
9 10 60
9 11 6
9 12 58
9 13 57
9 14 2
9 15 34
9 16 23
9 17 73
9 18 47
9 19 97
9 20 27
9 21 5
9 22 92
9 23 13
9 24 16
9 25 49
9 26 91
9 27 52
9 28 67
9 29 18
9 30 30
9 31 64
9 32 40
9 33 38
9 34 8
9 35 25
9 36 70
9 37 6
9 38 22
9 39 66
9 40 68
9 41 21
9 42 12
9 43 47
9 44 44
9 45 46
9 46 43
9 47 12
9 48 52
9 49 14
9 50 95
9 51 33
9 52 10
9 53 50
9 54 55
9 55 27
9 56 59
9 57 15
9 58 53
9 59 26
9 60 32
9 61 62
9 62 17
9 63 14
9 64 32
9 65 25
9 66 95
9 67 18
9 68 26
9 69 12
9 70 61
9 71 58
9 72 30
9 73 17
9 74 49
9 75 63
9 76 32
9 77 68
9 78 21
9 79 19
9 80 96
9 81 42
9 82 9
9 83 78
9 84 46
9 85 48
9 86 1
9 87 55
9 88 69
9 89 18
9 90 63
9 91 83
9 92 25
9 93 94
9 94 92
9 95 91
9 96 12
10 11 27
10 12 5
10 13 26
10 14 90
10 15 2
10 16 70
10 17 70
10 18 78
10 19 31
10 20 71
10 21 67
10 22 72
10 23 90
10 24 50
10 25 53
10 26 31
10 27 80
10 28 90
10 29 68
10 30 96
10 31 17
10 32 15
10 33 54
10 34 6
10 35 60
10 36 55
10 37 98
10 38 75
10 39 44
10 40 13
10 41 97
10 42 55
10 43 90
10 44 13
10 45 51
10 46 66
10 47 53
10 48 47
10 49 83
10 50 16
10 51 73
10 52 13
10 53 24
10 54 13
10 55 47
10 56 63
10 57 13
10 58 1
10 59 19
10 60 14
10 61 21
10 62 52
10 63 21
10 64 18
10 65 1
10 66 95
10 67 12
10 68 22
10 69 40
10 70 56
10 71 69
10 72 93
10 73 28
10 74 90
10 75 34
10 76 42
10 77 41
10 78 9
10 79 73
10 80 33
10 81 29
10 82 72
10 83 44
10 84 36
10 85 61
10 86 55
10 87 87
10 88 16
10 89 74
10 90 68
10 91 79
10 92 20
10 93 36
10 94 58
10 95 83
10 96 18
11 12 2
11 13 94
11 14 52
11 15 46
11 16 69
11 17 63
11 18 18
11 19 24
11 20 55
11 21 47
11 22 6
11 23 21
11 24 50
11 25 81
11 26 99
11 27 44
11 28 17
11 29 57
11 30 54
11 31 75
11 32 71
11 33 79
11 34 1
11 35 57
11 36 86
11 37 61
11 38 64
11 39 19
11 40 67
11 41 58
11 42 86
11 43 15
11 44 98
11 45 58
11 46 95
11 47 16
11 48 71
11 49 2
11 50 55
11 51 9
11 52 27
11 53 47
11 54 58
11 55 63
11 56 47
11 57 37
11 58 1
11 59 86
11 60 42
11 61 23
11 62 20
11 63 70
11 64 50
11 65 82
11 66 31
11 67 81
11 68 47
11 69 58
11 70 9
11 71 17
11 72 4
11 73 7
11 74 74
11 75 67
11 76 84
11 77 46
11 78 70
11 79 13
11 80 76
11 81 22
11 82 95
11 83 67
11 84 87
11 85 72
11 86 45
11 87 55
11 88 87
11 89 1
11 90 35
11 91 11
11 92 98
11 93 65
11 94 89
11 95 79
11 96 7
12 13 48
12 14 33
12 15 52
12 16 45
12 17 23
12 18 40
12 19 56
12 20 77
12 21 25
12 22 40
12 23 91
12 24 8
12 25 85
12 26 82
12 27 99
12 28 16
12 29 14
12 30 25
12 31 24
12 32 88
12 33 7
12 34 72
12 35 38
12 36 78
12 37 36
12 38 22
12 39 48
12 40 74
12 41 82
12 42 1
12 43 12
12 44 12
12 45 83
12 46 39
12 47 77
12 48 86
12 49 23
12 50 82
12 51 34
12 52 61
12 53 85
12 54 73
12 55 34
12 56 52
12 57 3
12 58 26
12 59 84
12 60 26
12 61 94
12 62 24
12 63 98
12 64 79
12 65 21
12 66 87
12 67 51
12 68 35
12 69 20
12 70 5
12 71 91
12 72 83
12 73 69
12 74 85
12 75 45
12 76 94
12 77 73
12 78 19
12 79 45
12 80 13
12 81 1
12 82 61
12 83 82
12 84 51
12 85 97
12 86 1
12 87 62
12 88 13
12 89 57
12 90 92
12 91 78
12 92 98
12 93 72
12 94 46
12 95 54
12 96 74
13 14 68
13 15 29
13 16 68
13 17 44
13 18 19
13 19 90
13 20 22
13 21 84
13 22 52
13 23 92
13 24 35
13 25 25
13 26 72
13 27 30
13 28 91
13 29 63
13 30 35
13 31 12
13 32 46
13 33 55
13 34 43
13 35 21
13 36 38
13 37 79
13 38 39
13 39 26
13 40 59
13 41 35
13 42 94
13 43 21
13 44 11
13 45 68
13 46 76
13 47 58
13 48 11
13 49 24
13 50 70
13 51 34
13 52 53
13 53 70
13 54 34
13 55 71
13 56 14
13 57 38
13 58 73
13 59 48
13 60 16
13 61 69
13 62 55
13 63 95
13 64 41
13 65 20
13 66 18
13 67 47
13 68 78
13 69 29
13 70 61
13 71 43
13 72 4
13 73 98
13 74 17
13 75 49
13 76 50
13 77 92
13 78 64
13 79 4
13 80 79
13 81 4
13 82 11
13 83 22
13 84 40
13 85 56
13 86 45
13 87 84
13 88 94
13 89 80
13 90 99
13 91 43
13 92 62
13 93 19
13 94 24
13 95 47
13 96 98
14 15 20
14 16 42
14 17 71
14 18 72
14 19 79
14 20 69
14 21 19
14 22 60
14 23 80
14 24 96
14 25 86
14 26 71
14 27 86
14 28 38
14 29 98
14 30 41
14 31 20
14 32 46
14 33 21
14 34 76
14 35 90
14 36 99
14 37 48
14 38 51
14 39 9
14 40 57
14 41 8
14 42 98
14 43 75
14 44 48
14 45 88
14 46 88
14 47 52
14 48 67
14 49 7
14 50 82
14 51 57
14 52 14
14 53 94
14 54 57
14 55 53
14 56 71
14 57 35
14 58 31
14 59 10
14 60 7
14 61 36
14 62 6
14 63 29
14 64 36
14 65 16
14 66 63
14 67 58
14 68 42
14 69 67
14 70 92
14 71 69
14 72 52
14 73 36
14 74 81
14 75 13
14 76 34
14 77 11
14 78 16
14 79 92
14 80 99
14 81 78
14 82 23
14 83 36
14 84 76
14 85 58
14 86 55
14 87 81
14 88 14
14 89 20
14 90 37
14 91 30
14 92 9
14 93 76
14 94 51
14 95 81
14 96 51
15 16 11
15 17 98
15 18 47
15 19 42
15 20 71
15 21 36
15 22 68
15 23 79
15 24 29
15 25 6
15 26 1
15 27 21
15 28 27
15 29 44
15 30 93
15 31 50
15 32 68
15 33 30
15 34 73
15 35 30
15 36 85
15 37 85
15 38 76
15 39 82
15 40 30
15 41 52
15 42 64
15 43 2
15 44 1
15 45 14
15 46 1
15 47 30
15 48 20
15 49 64
15 50 79
15 51 26
15 52 3
15 53 65
15 54 63
15 55 26
15 56 51
15 57 29
15 58 57
15 59 70
15 60 82
15 61 63
15 62 50
15 63 81
15 64 10
15 65 83
15 66 88
15 67 32
15 68 26
15 69 62
15 70 61
15 71 66
15 72 66
15 73 80
15 74 34
15 75 4
15 76 86
15 77 43
15 78 8
15 79 40
15 80 6
15 81 53
15 82 79
15 83 4
15 84 56
15 85 87
15 86 38
15 87 59
15 88 49
15 89 22
15 90 53
15 91 59
15 92 37
15 93 95
15 94 77
15 95 32
15 96 93
16 17 89
16 18 62
16 19 18
16 20 77
16 21 70
16 22 40
16 23 94
16 24 48
16 25 82
16 26 51
16 27 74
16 28 17
16 29 78
16 30 4
16 31 17
16 32 55
16 33 66
16 34 46
16 35 89
16 36 49
16 37 70
16 38 61
16 39 6
16 40 38
16 41 84
16 42 40
16 43 60
16 44 60
16 45 57
16 46 88
16 47 44
16 48 87
16 49 65
16 50 6
16 51 66
16 52 42
16 53 19
16 54 18
16 55 4
16 56 70
16 57 89
16 58 75
16 59 28
16 60 46
16 61 86
16 62 69
16 63 31
16 64 6
16 65 48
16 66 79
16 67 93
16 68 40
16 69 47
16 70 41
16 71 30
16 72 18
16 73 94
16 74 77
16 75 39
16 76 71
16 77 91
16 78 88
16 79 5
16 80 23
16 81 1
16 82 86
16 83 85
16 84 57
16 85 22
16 86 19
16 87 31
16 88 92
16 89 38
16 90 99
16 91 73
16 92 95
16 93 27
16 94 39
16 95 18
16 96 66
17 18 53
17 19 42
17 20 37
17 21 11
17 22 25
17 23 59
17 24 38
17 25 15
17 26 72
17 27 67
17 28 3
17 29 90
17 30 44
17 31 50
17 32 41
17 33 23
17 34 33
17 35 67
17 36 89
17 37 51
17 38 53
17 39 56
17 40 90
17 41 5
17 42 88
17 43 21
17 44 70
17 45 85
17 46 75
17 47 97
17 48 83
17 49 59
17 50 55
17 51 49
17 52 51
17 53 38
17 54 82
17 55 2
17 56 79
17 57 36
17 58 96
17 59 29
17 60 14
17 61 97
17 62 7
17 63 29
17 64 42
17 65 15
17 66 94
17 67 51
17 68 42
17 69 2
17 70 83
17 71 40
17 72 17
17 73 3
17 74 19
17 75 44
17 76 37
17 77 66
17 78 9
17 79 50
17 80 89
17 81 41
17 82 84
17 83 50
17 84 74
17 85 6
17 86 15
17 87 91
17 88 31
17 89 16
17 90 34
17 91 94
17 92 36
17 93 72
17 94 65
17 95 29
17 96 60
18 19 24
18 20 19
18 21 27
18 22 25
18 23 20
18 24 59
18 25 29
18 26 93
18 27 81
18 28 52
18 29 1
18 30 47
18 31 22
18 32 72
18 33 19
18 34 3
18 35 57
18 36 20
18 37 4
18 38 30
18 39 86
18 40 12
18 41 39
18 42 24
18 43 84
18 44 40
18 45 90
18 46 1
18 47 41
18 48 17
18 49 78
18 50 39
18 51 17
18 52 5
18 53 54
18 54 35
18 55 89
18 56 86
18 57 83
18 58 96
18 59 90
18 60 87
18 61 35
18 62 80
18 63 6
18 64 31
18 65 80
18 66 59
18 67 92
18 68 77
18 69 60
18 70 95
18 71 79
18 72 4
18 73 62
18 74 18
18 75 31
18 76 99
18 77 65
18 78 36
18 79 62
18 80 11
18 81 27
18 82 48
18 83 5
18 84 70
18 85 40
18 86 94
18 87 97
18 88 7
18 89 19
18 90 24
18 91 80
18 92 79
18 93 30
18 94 51
18 95 17
18 96 10
19 20 35
19 21 37
19 22 13
19 23 32
19 24 70
19 25 22
19 26 89
19 27 65
19 28 65
19 29 97
19 30 73
19 31 36
19 32 29
19 33 12
19 34 80
19 35 46
19 36 54
19 37 48
19 38 70
19 39 56
19 40 37
19 41 72
19 42 94
19 43 22
19 44 15
19 45 94
19 46 82
19 47 62
19 48 35
19 49 96
19 50 68
19 51 37
19 52 89
19 53 49
19 54 77
19 55 59
19 56 96
19 57 79
19 58 4
19 59 90
19 60 37
19 61 39
19 62 40
19 63 28
19 64 13
19 65 92
19 66 6
19 67 89
19 68 98
19 69 99
19 70 81
19 71 45
19 72 15
19 73 58
19 74 89
19 75 64
19 76 21
19 77 81
19 78 74
19 79 49
19 80 16
19 81 32
19 82 16
19 83 8
19 84 27
19 85 56
19 86 97
19 87 43
19 88 86
19 89 15
19 90 81
19 91 82
19 92 38
19 93 80
19 94 73
19 95 44
19 96 52
20 21 2
20 22 51
20 23 7
20 24 52
20 25 95
20 26 75
20 27 75
20 28 8
20 29 39
20 30 66
20 31 63
20 32 44
20 33 8
20 34 10
20 35 61
20 36 74
20 37 4
20 38 87
20 39 69
20 40 8
20 41 76
20 42 31
20 43 11
20 44 93
20 45 5
20 46 61
20 47 86
20 48 50
20 49 12
20 50 74
20 51 57
20 52 92
20 53 41
20 54 14
20 55 97
20 56 16
20 57 68
20 58 80
20 59 87
20 60 87
20 61 72
20 62 44
20 63 12
20 64 97
20 65 79
20 66 50
20 67 96
20 68 73
20 69 44
20 70 82
20 71 59
20 72 21
20 73 69
20 74 5
20 75 47
20 76 90
20 77 50
20 78 32
20 79 19
20 80 75
20 81 81
20 82 98
20 83 19
20 84 29
20 85 2
20 86 62
20 87 49
20 88 81
20 89 40
20 90 53
20 91 34
20 92 32
20 93 69
20 94 1
20 95 70
20 96 15
21 22 72
21 23 25
21 24 14
21 25 81
21 26 69
21 27 1
21 28 34
21 29 19
21 30 19
21 31 98
21 32 18
21 33 3
21 34 40
21 35 50
21 36 23
21 37 58
21 38 49
21 39 99
21 40 11
21 41 96
21 42 87
21 43 13
21 44 41
21 45 93
21 46 41
21 47 5
21 48 13
21 49 96
21 50 75
21 51 95
21 52 8
21 53 11
21 54 78
21 55 63
21 56 51
21 57 82
21 58 57
21 59 71
21 60 16
21 61 80
21 62 39
21 63 77
21 64 45
21 65 90
21 66 33
21 67 82
21 68 6
21 69 90
21 70 87
21 71 40
21 72 4
21 73 25
21 74 51
21 75 57
21 76 7
21 77 26
21 78 65
21 79 53
21 80 3
21 81 13
21 82 53
21 83 84
21 84 47
21 85 65
21 86 13
21 87 91
21 88 87
21 89 95
21 90 13
21 91 64
21 92 28
21 93 72
21 94 83
21 95 10
21 96 16
22 23 27
22 24 66
22 25 91
22 26 70
22 27 50
22 28 61
22 29 75
22 30 10
22 31 95
22 32 13
22 33 12
22 34 96
22 35 43
22 36 46
22 37 32
22 38 2
22 39 28
22 40 80
22 41 84
22 42 29
22 43 50
22 44 44
22 45 64
22 46 49
22 47 8
22 48 50
22 49 31
22 50 72
22 51 63
22 52 29
22 53 81
22 54 68
22 55 86
22 56 27
22 57 64
22 58 21
22 59 86
22 60 67
22 61 66
22 62 97
22 63 63
22 64 39
22 65 91
22 66 34
22 67 86
22 68 54
22 69 16
22 70 20
22 71 42
22 72 31
22 73 63
22 74 95
22 75 19
22 76 38
22 77 13
22 78 61
22 79 14
22 80 84
22 81 79
22 82 92
22 83 67
22 84 72
22 85 71
22 86 12
22 87 51
22 88 85
22 89 44
22 90 43
22 91 81
22 92 16
22 93 68
22 94 80
22 95 82
22 96 37
23 24 57
23 25 23
23 26 14
23 27 35
23 28 89
23 29 43
23 30 55
23 31 29
23 32 51
23 33 40
23 34 56
23 35 46
23 36 6
23 37 70
23 38 47
23 39 18
23 40 44
23 41 81
23 42 49
23 43 92
23 44 22
23 45 33
23 46 92
23 47 67
23 48 62
23 49 90
23 50 31
23 51 91
23 52 65
23 53 93
23 54 65
23 55 16
23 56 97
23 57 32
23 58 35
23 59 65
23 60 90
23 61 76
23 62 61
23 63 53
23 64 97
23 65 73
23 66 83
23 67 90
23 68 15
23 69 31
23 70 90
23 71 42
23 72 14
23 73 51
23 74 79
23 75 51
23 76 31
23 77 97
23 78 53
23 79 81
23 80 77
23 81 35
23 82 62
23 83 78
23 84 95
23 85 93
23 86 69
23 87 9
23 88 93
23 89 58
23 90 87
23 91 79
23 92 12
23 93 88
23 94 15
23 95 64
23 96 48
24 25 60
24 26 74
24 27 34
24 28 42
24 29 41
24 30 94
24 31 9
24 32 27
24 33 13
24 34 38
24 35 61
24 36 64
24 37 76
24 38 12
24 39 49
24 40 61
24 41 21
24 42 55
24 43 73
24 44 48
24 45 11
24 46 95
24 47 39
24 48 52
24 49 44
24 50 54
24 51 35
24 52 39
24 53 64
24 54 28
24 55 4
24 56 62
24 57 49
24 58 89
24 59 86
24 60 75
24 61 43
24 62 35
24 63 74
24 64 48
24 65 99
24 66 8
24 67 86
24 68 63
24 69 84
24 70 81
24 71 2
24 72 81
24 73 13
24 74 4
24 75 82
24 76 56
24 77 63
24 78 13
24 79 23
24 80 35
24 81 94
24 82 31
24 83 57
24 84 60
24 85 27
24 86 83
24 87 73
24 88 85
24 89 12
24 90 72
24 91 89
24 92 65
24 93 59
24 94 84
24 95 29
24 96 70
25 26 85
25 27 23
25 28 79
25 29 1
25 30 81
25 31 87
25 32 94
25 33 50
25 34 87
25 35 27
25 36 52
25 37 64
25 38 32
25 39 1
25 40 19
25 41 41
25 42 7
25 43 10
25 44 61
25 45 1
25 46 1
25 47 64
25 48 59
25 49 30
25 50 30
25 51 30
25 52 63
25 53 93
25 54 30
25 55 55
25 56 81
25 57 40
25 58 66
25 59 74
25 60 56
25 61 94
25 62 14
25 63 82
25 64 25
25 65 96
25 66 19
25 67 56
25 68 64
25 69 70
25 70 46
25 71 64
25 72 19
25 73 71
25 74 32
25 75 86
25 76 54
25 77 85
25 78 42
25 79 71
25 80 60
25 81 54
25 82 55
25 83 70
25 84 24
25 85 84
25 86 87
25 87 12
25 88 74
25 89 85
25 90 47
25 91 23
25 92 56
25 93 17
25 94 74
25 95 68
25 96 19
26 27 88
26 28 74
26 29 5
26 30 66
26 31 51
26 32 10
26 33 5
26 34 97
26 35 72
26 36 5
26 37 94
26 38 18
26 39 82
26 40 9
26 41 26
26 42 53
26 43 28
26 44 18
26 45 45
26 46 57
26 47 45
26 48 45
26 49 41
26 50 12
26 51 95
26 52 45
26 53 87
26 54 91
26 55 27
26 56 2
26 57 94
26 58 5
26 59 74
26 60 22
26 61 92
26 62 75
26 63 41
26 64 13
26 65 60
26 66 19
26 67 69
26 68 87
26 69 33
26 70 30
26 71 54
26 72 58
26 73 58
26 74 63
26 75 42
26 76 46
26 77 42
26 78 27
26 79 3
26 80 81
26 81 48
26 82 22
26 83 65
26 84 21
26 85 96
26 86 14
26 87 74
26 88 54
26 89 97
26 90 36
26 91 18
26 92 98
26 93 83
26 94 5
26 95 65
26 96 35
27 28 1
27 29 30
27 30 85
27 31 90
27 32 33
27 33 38
27 34 3
27 35 11
27 36 58
27 37 11
27 38 79
27 39 59
27 40 72
27 41 7
27 42 58
27 43 58
27 44 87
27 45 74
27 46 95
27 47 1
27 48 36
27 49 81
27 50 72
27 51 99
27 52 31
27 53 27
27 54 93
27 55 51
27 56 44
27 57 19
27 58 10
27 59 60
27 60 38
27 61 36
27 62 94
27 63 51
27 64 63
27 65 95
27 66 65
27 67 11
27 68 56
27 69 6
27 70 61
27 71 7
27 72 4
27 73 25
27 74 37
27 75 68
27 76 65
27 77 56
27 78 67
27 79 4
27 80 23
27 81 10
27 82 51
27 83 83
27 84 98
27 85 92
27 86 83
27 87 34
27 88 58
27 89 2
27 90 13
27 91 66
27 92 66
27 93 41
27 94 2
27 95 13
27 96 42
28 29 7
28 30 12
28 31 1
28 32 85
28 33 94
28 34 70
28 35 50
28 36 77
28 37 26
28 38 95
28 39 77
28 40 76
28 41 24
28 42 38
28 43 73
28 44 43
28 45 79
28 46 67
28 47 59
28 48 60
28 49 82
28 50 87
28 51 26
28 52 28
28 53 86
28 54 34
28 55 98
28 56 13
28 57 6
28 58 5
28 59 77
28 60 32
28 61 68
28 62 31
28 63 69
28 64 4
28 65 34
28 66 51
28 67 53
28 68 80
28 69 30
28 70 57
28 71 72
28 72 64
28 73 71
28 74 1
28 75 15
28 76 69
28 77 3
28 78 3
28 79 44
28 80 44
28 81 48
28 82 8
28 83 45
28 84 78
28 85 29
28 86 84
28 87 36
28 88 83
28 89 43
28 90 96
28 91 85
28 92 37
28 93 6
28 94 76
28 95 17
28 96 26
29 30 6
29 31 92
29 32 7
29 33 19
29 34 28
29 35 70
29 36 89
29 37 45
29 38 22
29 39 59
29 40 70
29 41 32
29 42 62
29 43 78
29 44 50
29 45 11
29 46 20
29 47 75
29 48 38
29 49 35
29 50 81
29 51 76
29 52 48
29 53 44
29 54 36
29 55 95
29 56 82
29 57 15
29 58 64
29 59 26
29 60 57
29 61 73
29 62 96
29 63 17
29 64 92
29 65 97
29 66 34
29 67 13
29 68 45
29 69 48
29 70 58
29 71 21
29 72 44
29 73 60
29 74 65
29 75 89
29 76 79
29 77 51
29 78 10
29 79 29
29 80 6
29 81 57
29 82 59
29 83 20
29 84 53
29 85 75
29 86 30
29 87 20
29 88 13
29 89 30
29 90 65
29 91 28
29 92 43
29 93 28
29 94 35
29 95 94
29 96 17
30 31 36
30 32 54
30 33 4
30 34 73
30 35 86
30 36 7
30 37 94
30 38 20
30 39 77
30 40 57
30 41 14
30 42 86
30 43 20
30 44 68
30 45 57
30 46 73
30 47 32
30 48 17
30 49 56
30 50 10
30 51 25
30 52 43
30 53 59
30 54 12
30 55 36
30 56 84
30 57 26
30 58 10
30 59 85
30 60 83
30 61 15
30 62 13
30 63 98
30 64 90
30 65 16
30 66 53
30 67 62
30 68 55
30 69 16
30 70 90
30 71 98
30 72 78
30 73 96
30 74 36
30 75 31
30 76 64
30 77 84
30 78 63
30 79 33
30 80 35
30 81 60
30 82 1
30 83 49
30 84 29
30 85 57
30 86 75
30 87 85
30 88 30
30 89 29
30 90 19
30 91 58
30 92 92
30 93 15
30 94 13
30 95 46
30 96 22
31 32 38
31 33 51
31 34 81
31 35 98
31 36 69
31 37 56
31 38 9
31 39 71
31 40 57
31 41 3
31 42 40
31 43 38
31 44 18
31 45 94
31 46 69
31 47 38
31 48 97
31 49 92
31 50 67
31 51 41
31 52 37
31 53 39
31 54 85
31 55 74
31 56 39
31 57 13
31 58 24
31 59 90
31 60 3
31 61 84
31 62 68
31 63 38
31 64 41
31 65 34
31 66 45
31 67 93
31 68 73
31 69 70
31 70 40
31 71 34
31 72 52
31 73 19
31 74 7
31 75 88
31 76 59
31 77 23
31 78 23
31 79 47
31 80 30
31 81 85
31 82 34
31 83 85
31 84 67
31 85 83
31 86 38
31 87 3
31 88 43
31 89 88
31 90 45
31 91 43
31 92 8
31 93 69
31 94 93
31 95 57
31 96 31
32 33 13
32 34 47
32 35 66
32 36 36
32 37 8
32 38 4
32 39 64
32 40 10
32 41 87
32 42 99
32 43 75
32 44 30
32 45 17
32 46 54
32 47 34
32 48 42
32 49 74
32 50 14
32 51 25
32 52 75
32 53 41
32 54 41
32 55 83
32 56 61
32 57 11
32 58 57
32 59 71
32 60 68
32 61 13
32 62 57
32 63 72
32 64 45
32 65 40
32 66 2
32 67 40
32 68 62
32 69 46
32 70 88
32 71 60
32 72 19
32 73 72
32 74 89
32 75 46
32 76 26
32 77 95
32 78 67
32 79 34
32 80 97
32 81 22
32 82 97
32 83 75
32 84 77
32 85 65
32 86 4
32 87 13
32 88 57
32 89 22
32 90 18
32 91 74
32 92 21
32 93 93
32 94 50
32 95 4
32 96 12
33 34 11
33 35 25
33 36 24
33 37 37
33 38 37
33 39 28
33 40 79
33 41 32
33 42 88
33 43 99
33 44 64
33 45 37
33 46 84
33 47 68
33 48 50
33 49 85
33 50 16
33 51 45
33 52 31
33 53 21
33 54 99
33 55 3
33 56 39
33 57 21
33 58 72
33 59 88
33 60 2
33 61 3
33 62 1
33 63 90
33 64 98
33 65 2
33 66 85
33 67 39
33 68 50
33 69 94
33 70 79
33 71 45
33 72 20
33 73 51
33 74 99
33 75 46
33 76 2
33 77 10
33 78 7
33 79 56
33 80 56
33 81 36
33 82 9
33 83 57
33 84 85
33 85 97
33 86 9
33 87 58
33 88 21
33 89 80
33 90 99
33 91 44
33 92 24
33 93 27
33 94 64
33 95 8
33 96 90
34 35 91
34 36 18
34 37 36
34 38 21
34 39 63
34 40 53
34 41 67
34 42 74
34 43 55
34 44 97
34 45 14
34 46 13
34 47 69
34 48 88
34 49 46
34 50 10
34 51 9
34 52 81
34 53 22
34 54 21
34 55 19
34 56 99
34 57 77
34 58 8
34 59 59
34 60 42
34 61 9
34 62 48
34 63 76
34 64 21
34 65 46
34 66 56
34 67 45
34 68 24
34 69 25
34 70 81
34 71 80
34 72 92
34 73 66
34 74 69
34 75 73
34 76 44
34 77 22
34 78 88
34 79 49
34 80 79
34 81 17
34 82 63
34 83 59
34 84 66
34 85 57
34 86 77
34 87 11
34 88 29
34 89 8
34 90 35
34 91 85
34 92 6
34 93 65
34 94 57
34 95 48
34 96 18
35 36 33
35 37 10
35 38 38
35 39 85
35 40 87
35 41 77
35 42 73
35 43 90
35 44 44
35 45 49
35 46 16
35 47 11
35 48 85
35 49 40
35 50 81
35 51 35
35 52 93
35 53 43
35 54 13
35 55 68
35 56 39
35 57 74
35 58 4
35 59 87
35 60 63
35 61 48
35 62 91
35 63 91
35 64 72
35 65 15
35 66 61
35 67 15
35 68 77
35 69 53
35 70 42
35 71 3
35 72 98
35 73 55
35 74 75
35 75 30
35 76 18
35 77 93
35 78 92
35 79 31
35 80 42
35 81 85
35 82 69
35 83 17
35 84 13
35 85 99
35 86 44
35 87 61
35 88 19
35 89 38
35 90 98
35 91 66
35 92 24
35 93 21
35 94 52
35 95 55
35 96 53
36 37 98
36 38 41
36 39 49
36 40 10
36 41 84
36 42 15
36 43 62
36 44 48
36 45 25
36 46 22
36 47 79
36 48 98
36 49 2
36 50 87
36 51 73
36 52 78
36 53 13
36 54 66
36 55 73
36 56 97
36 57 5
36 58 60
36 59 73
36 60 97
36 61 74
36 62 12
36 63 56
36 64 32
36 65 89
36 66 55
36 67 75
36 68 69
36 69 43
36 70 76
36 71 61
36 72 97
36 73 98
36 74 40
36 75 96
36 76 3
36 77 37
36 78 52
36 79 90
36 80 65
36 81 59
36 82 89
36 83 79
36 84 22
36 85 37
36 86 28
36 87 37
36 88 57
36 89 29
36 90 71
36 91 80
36 92 46
36 93 64
36 94 65
36 95 92
36 96 30
37 38 86
37 39 1
37 40 96
37 41 12
37 42 54
37 43 82
37 44 95
37 45 83
37 46 37
37 47 94
37 48 95
37 49 94
37 50 37
37 51 11
37 52 24
37 53 32
37 54 44
37 55 60
37 56 37
37 57 42
37 58 29
37 59 80
37 60 95
37 61 47
37 62 38
37 63 55
37 64 2
37 65 29
37 66 72
37 67 56
37 68 79
37 69 72
37 70 81
37 71 89
37 72 48
37 73 57
37 74 74
37 75 69
37 76 31
37 77 14
37 78 98
37 79 6
37 80 42
37 81 91
37 82 70
37 83 89
37 84 27
37 85 37
37 86 65
37 87 86
37 88 84
37 89 51
37 90 62
37 91 21
37 92 50
37 93 68
37 94 49
37 95 53
37 96 68
38 39 51
38 40 96
38 41 96
38 42 67
38 43 74
38 44 31
38 45 59
38 46 68
38 47 2
38 48 12
38 49 43
38 50 8
38 51 84
38 52 61
38 53 67
38 54 5
38 55 51
38 56 2
38 57 63
38 58 1
38 59 49
38 60 99
38 61 24
38 62 28
38 63 23
38 64 15
38 65 4
38 66 82
38 67 55
38 68 67
38 69 97
38 70 64
38 71 68
38 72 26
38 73 33
38 74 55
38 75 72
38 76 37
38 77 77
38 78 96
38 79 98
38 80 7
38 81 25
38 82 25
38 83 72
38 84 71
38 85 73
38 86 72
38 87 87
38 88 84
38 89 26
38 90 31
38 91 27
38 92 41
38 93 41
38 94 30
38 95 89
38 96 28
39 40 89
39 41 56
39 42 24
39 43 50
39 44 42
39 45 87
39 46 18
39 47 17
39 48 83
39 49 96
39 50 13
39 51 13
39 52 15
39 53 99
39 54 38
39 55 44
39 56 93
39 57 71
39 58 34
39 59 89
39 60 26
39 61 42
39 62 18
39 63 73
39 64 23
39 65 36
39 66 8
39 67 36
39 68 73
39 69 14
39 70 96
39 71 99
39 72 95
39 73 73
39 74 81
39 75 97
39 76 29
39 77 97
39 78 92
39 79 55
39 80 44
39 81 82
39 82 31
39 83 51
39 84 96
39 85 18
39 86 69
39 87 61
39 88 86
39 89 62
39 90 65
39 91 58
39 92 27
39 93 72
39 94 9
39 95 82
39 96 81
40 41 20
40 42 66
40 43 11
40 44 8
40 45 61
40 46 7
40 47 82
40 48 40
40 49 17
40 50 81
40 51 14
40 52 94
40 53 77
40 54 82
40 55 25
40 56 29
40 57 32
40 58 54
40 59 22
40 60 22
40 61 5
40 62 85
40 63 55
40 64 95
40 65 53
40 66 76
40 67 88
40 68 3
40 69 50
40 70 62
40 71 81
40 72 16
40 73 33
40 74 92
40 75 63
40 76 80
40 77 58
40 78 67
40 79 51
40 80 50
40 81 56
40 82 34
40 83 26
40 84 54
40 85 57
40 86 30
40 87 98
40 88 71
40 89 29
40 90 55
40 91 20
40 92 44
40 93 96
40 94 20
40 95 5
40 96 5
41 42 98
41 43 21
41 44 52
41 45 51
41 46 96
41 47 29
41 48 29
41 49 51
41 50 29
41 51 54
41 52 59
41 53 6
41 54 36
41 55 44
41 56 63
41 57 26
41 58 48
41 59 53
41 60 19
41 61 60
41 62 79
41 63 57
41 64 52
41 65 22
41 66 38
41 67 13
41 68 36
41 69 31
41 70 86
41 71 30
41 72 21
41 73 79
41 74 2
41 75 23
41 76 21
41 77 21
41 78 84
41 79 86
41 80 48
41 81 36
41 82 29
41 83 17
41 84 48
41 85 48
41 86 10
41 87 91
41 88 82
41 89 3
41 90 58
41 91 26
41 92 9
41 93 32
41 94 25
41 95 90
41 96 77
42 43 63
42 44 25
42 45 23
42 46 40
42 47 35
42 48 15
42 49 91
42 50 69
42 51 83
42 52 38
42 53 22
42 54 66
42 55 53
42 56 34
42 57 82
42 58 5
42 59 47
42 60 96
42 61 18
42 62 59
42 63 1
42 64 31
42 65 64
42 66 38
42 67 94
42 68 95
42 69 81
42 70 50
42 71 51
42 72 75
42 73 87
42 74 36
42 75 86
42 76 18
42 77 46
42 78 64
42 79 73
42 80 76
42 81 76
42 82 49
42 83 23
42 84 38
42 85 3
42 86 47
42 87 40
42 88 35
42 89 43
42 90 9
42 91 83
42 92 3
42 93 59
42 94 32
42 95 78
42 96 21
43 44 26
43 45 1
43 46 56
43 47 70
43 48 28
43 49 81
43 50 60
43 51 35
43 52 14
43 53 93
43 54 25
43 55 68
43 56 27
43 57 40
43 58 4
43 59 39
43 60 36
43 61 90
43 62 63
43 63 12
43 64 66
43 65 65
43 66 5
43 67 10
43 68 87
43 69 74
43 70 66
43 71 47
43 72 23
43 73 66
43 74 85
43 75 1
43 76 28
43 77 44
43 78 69
43 79 46
43 80 10
43 81 71
43 82 15
43 83 59
43 84 34
43 85 47
43 86 31
43 87 81
43 88 14
43 89 60
43 90 47
43 91 57
43 92 93
43 93 26
43 94 35
43 95 72
43 96 41
44 45 87
44 46 61
44 47 33
44 48 38
44 49 17
44 50 11
44 51 92
44 52 22
44 53 94
44 54 58
44 55 60
44 56 68
44 57 8
44 58 39
44 59 32
44 60 79
44 61 37
44 62 83
44 63 18
44 64 77
44 65 66
44 66 57
44 67 99
44 68 45
44 69 49
44 70 79
44 71 72
44 72 36
44 73 71
44 74 58
44 75 89
44 76 99
44 77 33
44 78 2
44 79 94
44 80 61
44 81 87
44 82 27
44 83 32
44 84 56
44 85 9
44 86 39
44 87 53
44 88 52
44 89 93
44 90 32
44 91 8
44 92 90
44 93 50
44 94 89
44 95 69
44 96 94
45 46 86
45 47 14
45 48 86
45 49 70
45 50 50
45 51 10
45 52 76
45 53 84
45 54 30
45 55 69
45 56 34
45 57 1
45 58 60
45 59 62
45 60 63
45 61 75
45 62 64
45 63 77
45 64 84
45 65 8
45 66 48
45 67 79
45 68 98
45 69 26
45 70 95
45 71 60
45 72 22
45 73 79
45 74 4
45 75 24
45 76 33
45 77 7
45 78 64
45 79 69
45 80 99
45 81 41
45 82 33
45 83 63
45 84 51
45 85 3
45 86 54
45 87 58
45 88 49
45 89 88
45 90 34
45 91 69
45 92 55
45 93 14
45 94 71
45 95 56
45 96 50
46 47 73
46 48 40
46 49 86
46 50 43
46 51 48
46 52 50
46 53 14
46 54 12
46 55 13
46 56 40
46 57 74
46 58 57
46 59 99
46 60 22
46 61 80
46 62 15
46 63 70
46 64 49
46 65 15
46 66 71
46 67 11
46 68 45
46 69 3
46 70 67
46 71 53
46 72 92
46 73 27
46 74 31
46 75 7
46 76 80
46 77 38
46 78 57
46 79 97
46 80 94
46 81 5
46 82 16
46 83 16
46 84 73
46 85 26
46 86 36
46 87 84
46 88 77
46 89 56
46 90 43
46 91 83
46 92 33
46 93 70
46 94 93
46 95 3
46 96 84
47 48 67
47 49 4
47 50 15
47 51 33
47 52 87
47 53 48
47 54 6
47 55 69
47 56 82
47 57 2
47 58 74
47 59 42
47 60 38
47 61 62
47 62 7
47 63 18
47 64 60
47 65 53
47 66 45
47 67 41
47 68 37
47 69 72
47 70 70
47 71 35
47 72 1
47 73 70
47 74 35
47 75 7
47 76 44
47 77 21
47 78 89
47 79 3
47 80 69
47 81 89
47 82 78
47 83 32
47 84 82
47 85 99
47 86 37
47 87 8
47 88 36
47 89 8
47 90 43
47 91 12
47 92 15
47 93 67
47 94 9
47 95 72
47 96 60
48 49 18
48 50 19
48 51 32
48 52 6
48 53 15
48 54 19
48 55 41
48 56 91
48 57 72
48 58 79
48 59 7
48 60 90
48 61 94
48 62 39
48 63 99
48 64 30
48 65 15
48 66 46
48 67 41
48 68 70
48 69 27
48 70 59
48 71 23
48 72 66
48 73 68
48 74 21
48 75 6
48 76 21
48 77 62
48 78 52
48 79 13
48 80 61
48 81 50
48 82 66
48 83 69
48 84 94
48 85 74
48 86 6
48 87 55
48 88 53
48 89 21
48 90 86
48 91 97
48 92 26
48 93 79
48 94 54
48 95 92
48 96 68
49 50 75
49 51 33
49 52 53
49 53 81
49 54 90
49 55 97
49 56 20
49 57 47
49 58 69
49 59 91
49 60 25
49 61 98
49 62 14
49 63 54
49 64 60
49 65 65
49 66 98
49 67 61
49 68 61
49 69 74
49 70 81
49 71 34
49 72 25
49 73 84
49 74 92
49 75 10
49 76 73
49 77 70
49 78 99
49 79 20
49 80 59
49 81 45
49 82 39
49 83 95
49 84 94
49 85 27
49 86 72
49 87 53
49 88 79
49 89 87
49 90 67
49 91 57
49 92 40
49 93 77
49 94 95
49 95 10
49 96 63
50 51 2
50 52 2
50 53 1
50 54 17
50 55 38
50 56 39
50 57 45
50 58 73
50 59 30
50 60 75
50 61 89
50 62 32
50 63 88
50 64 29
50 65 46
50 66 9
50 67 42
50 68 4
50 69 22
50 70 86
50 71 94
50 72 12
50 73 22
50 74 10
50 75 41
50 76 20
50 77 21
50 78 41
50 79 90
50 80 36
50 81 39
50 82 69
50 83 5
50 84 51
50 85 77
50 86 2
50 87 73
50 88 84
50 89 11
50 90 26
50 91 67
50 92 34
50 93 84
50 94 53
50 95 89
50 96 91
51 52 83
51 53 33
51 54 13
51 55 49
51 56 96
51 57 59
51 58 94
51 59 75
51 60 78
51 61 20
51 62 88
51 63 40
51 64 56
51 65 12
51 66 36
51 67 82
51 68 37
51 69 48
51 70 17
51 71 92
51 72 59
51 73 60
51 74 65
51 75 16
51 76 56
51 77 30
51 78 75
51 79 71
51 80 85
51 81 74
51 82 98
51 83 4
51 84 25
51 85 96
51 86 72
51 87 69
51 88 85
51 89 59
51 90 68
51 91 42
51 92 58
51 93 80
51 94 10
51 95 67
51 96 22
52 53 61
52 54 61
52 55 32
52 56 59
52 57 12
52 58 94
52 59 45
52 60 41
52 61 27
52 62 4
52 63 83
52 64 30
52 65 40
52 66 86
52 67 96
52 68 16
52 69 61
52 70 70
52 71 42
52 72 34
52 73 23
52 74 67
52 75 34
52 76 31
52 77 32
52 78 97
52 79 39
52 80 87
52 81 26
52 82 58
52 83 44
52 84 64
52 85 62
52 86 77
52 87 78
52 88 96
52 89 46
52 90 9
52 91 37
52 92 95
52 93 66
52 94 93
52 95 17
52 96 47
53 54 87
53 55 65
53 56 83
53 57 31
53 58 22
53 59 92
53 60 5
53 61 7
53 62 71
53 63 22
53 64 80
53 65 8
53 66 8
53 67 46
53 68 75
53 69 58
53 70 23
53 71 68
53 72 36
53 73 2
53 74 8
53 75 46
53 76 51
53 77 44
53 78 13
53 79 96
53 80 45
53 81 84
53 82 65
53 83 13
53 84 19
53 85 26
53 86 61
53 87 87
53 88 65
53 89 15
53 90 26
53 91 84
53 92 84
53 93 74
53 94 66
53 95 42
53 96 52
54 55 67
54 56 32
54 57 84
54 58 29
54 59 41
54 60 82
54 61 28
54 62 96
54 63 19
54 64 41
54 65 3
54 66 88
54 67 35
54 68 4
54 69 35
54 70 50
54 71 59
54 72 36
54 73 69
54 74 62
54 75 18
54 76 88
54 77 81
54 78 22
54 79 93
54 80 22
54 81 21
54 82 85
54 83 43
54 84 33
54 85 65
54 86 65
54 87 14
54 88 91
54 89 59
54 90 57
54 91 35
54 92 53
54 93 93
54 94 50
54 95 37
54 96 23
55 56 95
55 57 52
55 58 25
55 59 26
55 60 64
55 61 40
55 62 78
55 63 46
55 64 28
55 65 21
55 66 42
55 67 91
55 68 2
55 69 46
55 70 1
55 71 97
55 72 95
55 73 83
55 74 51
55 75 35
55 76 9
55 77 20
55 78 5
55 79 46
55 80 58
55 81 50
55 82 95
55 83 52
55 84 4
55 85 23
55 86 97
55 87 96
55 88 31
55 89 4
55 90 57
55 91 53
55 92 73
55 93 25
55 94 40
55 95 54
55 96 80
56 57 59
56 58 88
56 59 67
56 60 10
56 61 82
56 62 47
56 63 40
56 64 50
56 65 78
56 66 82
56 67 46
56 68 4
56 69 91
56 70 15
56 71 13
56 72 6
56 73 16
56 74 89
56 75 70
56 76 93
56 77 87
56 78 86
56 79 42
56 80 46
56 81 51
56 82 45
56 83 52
56 84 72
56 85 91
56 86 49
56 87 75
56 88 43
56 89 45
56 90 25
56 91 68
56 92 97
56 93 71
56 94 88
56 95 74
56 96 51
57 58 69
57 59 7
57 60 8
57 61 62
57 62 28
57 63 18
57 64 95
57 65 32
57 66 24
57 67 47
57 68 76
57 69 39
57 70 90
57 71 8
57 72 77
57 73 98
57 74 71
57 75 53
57 76 67
57 77 81
57 78 71
57 79 38
57 80 59
57 81 74
57 82 34
57 83 33
57 84 36
57 85 67
57 86 70
57 87 28
57 88 71
57 89 48
57 90 70
57 91 82
57 92 10
57 93 22
57 94 9
57 95 17
57 96 43
58 59 92
58 60 35
58 61 17
58 62 56
58 63 55
58 64 72
58 65 69
58 66 95
58 67 96
58 68 25
58 69 47
58 70 93
58 71 99
58 72 59
58 73 57
58 74 54
58 75 40
58 76 30
58 77 75
58 78 26
58 79 8
58 80 20
58 81 27
58 82 8
58 83 22
58 84 60
58 85 24
58 86 70
58 87 11
58 88 68
58 89 55
58 90 30
58 91 48
58 92 24
58 93 77
58 94 44
58 95 29
58 96 15
59 60 25
59 61 63
59 62 98
59 63 28
59 64 91
59 65 52
59 66 37
59 67 48
59 68 24
59 69 54
59 70 65
59 71 72
59 72 2
59 73 37
59 74 6
59 75 49
59 76 21
59 77 92
59 78 86
59 79 73
59 80 89
59 81 85
59 82 60
59 83 97
59 84 73
59 85 91
59 86 32
59 87 87
59 88 52
59 89 63
59 90 59
59 91 2
59 92 78
59 93 73
59 94 45
59 95 84
59 96 99
60 61 98
60 62 92
60 63 98
60 64 13
60 65 13
60 66 71
60 67 21
60 68 10
60 69 85
60 70 51
60 71 68
60 72 77
60 73 76
60 74 46
60 75 84
60 76 27
60 77 84
60 78 63
60 79 74
60 80 62
60 81 44
60 82 20
60 83 58
60 84 96
60 85 94
60 86 61
60 87 71
60 88 56
60 89 35
60 90 83
60 91 14
60 92 2
60 93 58
60 94 1
60 95 34
60 96 83
61 62 84
61 63 64
61 64 99
61 65 58
61 66 11
61 67 42
61 68 56
61 69 94
61 70 19
61 71 30
61 72 90
61 73 19
61 74 26
61 75 27
61 76 57
61 77 60
61 78 73
61 79 34
61 80 62
61 81 37
61 82 41
61 83 17
61 84 94
61 85 49
61 86 4
61 87 18
61 88 78
61 89 88
61 90 1
61 91 77
61 92 91
61 93 25
61 94 43
61 95 76
61 96 14
62 63 16
62 64 15
62 65 82
62 66 94
62 67 82
62 68 67
62 69 64
62 70 15
62 71 23
62 72 90
62 73 17
62 74 1
62 75 80
62 76 40
62 77 86
62 78 58
62 79 82
62 80 70
62 81 20
62 82 4
62 83 38
62 84 99
62 85 67
62 86 36
62 87 53
62 88 14
62 89 88
62 90 23
62 91 44
62 92 69
62 93 58
62 94 50
62 95 53
62 96 55
63 64 23
63 65 4
63 66 97
63 67 63
63 68 13
63 69 95
63 70 92
63 71 41
63 72 22
63 73 75
63 74 67
63 75 13
63 76 48
63 77 70
63 78 14
63 79 37
63 80 45
63 81 95
63 82 18
63 83 11
63 84 98
63 85 32
63 86 38
63 87 87
63 88 95
63 89 47
63 90 25
63 91 13
63 92 92
63 93 27
63 94 69
63 95 50
63 96 43
64 65 65
64 66 57
64 67 46
64 68 91
64 69 9
64 70 81
64 71 91
64 72 63
64 73 7
64 74 42
64 75 92
64 76 80
64 77 37
64 78 42
64 79 16
64 80 17
64 81 93
64 82 35
64 83 54
64 84 52
64 85 43
64 86 15
64 87 75
64 88 27
64 89 54
64 90 76
64 91 88
64 92 80
64 93 82
64 94 2
64 95 81
64 96 4
65 66 9
65 67 1
65 68 40
65 69 14
65 70 37
65 71 96
65 72 31
65 73 76
65 74 20
65 75 62
65 76 62
65 77 38
65 78 20
65 79 28
65 80 76
65 81 21
65 82 94
65 83 44
65 84 27
65 85 49
65 86 91
65 87 39
65 88 91
65 89 17
65 90 62
65 91 4
65 92 86
65 93 69
65 94 71
65 95 32
65 96 23
66 67 25
66 68 46
66 69 3
66 70 95
66 71 32
66 72 58
66 73 14
66 74 58
66 75 70
66 76 35
66 77 91
66 78 27
66 79 53
66 80 29
66 81 40
66 82 59
66 83 57
66 84 13
66 85 78
66 86 78
66 87 84
66 88 99
66 89 85
66 90 76
66 91 9
66 92 51
66 93 59
66 94 41
66 95 84
66 96 95
67 68 70
67 69 72
67 70 89
67 71 29
67 72 16
67 73 19
67 74 85
67 75 16
67 76 65
67 77 69
67 78 45
67 79 91
67 80 10
67 81 45
67 82 64
67 83 52
67 84 84
67 85 68
67 86 84
67 87 23
67 88 15
67 89 34
67 90 73
67 91 97
67 92 89
67 93 89
67 94 57
67 95 68
67 96 58
68 69 45
68 70 51
68 71 37
68 72 49
68 73 31
68 74 60
68 75 59
68 76 70
68 77 77
68 78 5
68 79 94
68 80 61
68 81 10
68 82 15
68 83 14
68 84 92
68 85 6
68 86 31
68 87 38
68 88 6
68 89 86
68 90 35
68 91 27
68 92 86
68 93 60
68 94 99
68 95 6
68 96 86
69 70 41
69 71 28
69 72 43
69 73 95
69 74 76
69 75 25
69 76 32
69 77 35
69 78 35
69 79 1
69 80 27
69 81 29
69 82 92
69 83 93
69 84 94
69 85 77
69 86 88
69 87 51
69 88 27
69 89 57
69 90 49
69 91 66
69 92 65
69 93 75
69 94 16
69 95 52
69 96 65
70 71 54
70 72 60
70 73 13
70 74 60
70 75 24
70 76 76
70 77 6
70 78 57
70 79 58
70 80 54
70 81 55
70 82 66
70 83 48
70 84 8
70 85 42
70 86 17
70 87 49
70 88 25
70 89 43
70 90 46
70 91 24
70 92 54
70 93 89
70 94 51
70 95 53
70 96 26
71 72 34
71 73 46
71 74 6
71 75 42
71 76 69
71 77 59
71 78 66
71 79 71
71 80 71
71 81 27
71 82 73
71 83 86
71 84 7
71 85 99
71 86 61
71 87 88
71 88 31
71 89 82
71 90 69
71 91 82
71 92 16
71 93 47
71 94 9
71 95 80
71 96 96
72 73 35
72 74 83
72 75 2
72 76 80
72 77 85
72 78 75
72 79 13
72 80 54
72 81 89
72 82 30
72 83 1
72 84 7
72 85 1
72 86 22
72 87 40
72 88 97
72 89 90
72 90 51
72 91 69
72 92 34
72 93 57
72 94 36
72 95 31
72 96 55
73 74 3
73 75 30
73 76 69
73 77 98
73 78 89
73 79 38
73 80 30
73 81 57
73 82 59
73 83 30
73 84 27
73 85 65
73 86 88
73 87 47
73 88 65
73 89 13
73 90 89
73 91 78
73 92 35
73 93 58
73 94 79
73 95 24
73 96 88
74 75 95
74 76 35
74 77 5
74 78 8
74 79 86
74 80 11
74 81 74
74 82 9
74 83 40
74 84 78
74 85 5
74 86 72
74 87 10
74 88 16
74 89 85
74 90 94
74 91 46
74 92 9
74 93 88
74 94 82
74 95 1
74 96 13
75 76 59
75 77 15
75 78 83
75 79 89
75 80 55
75 81 9
75 82 21
75 83 77
75 84 23
75 85 64
75 86 43
75 87 49
75 88 68
75 89 24
75 90 81
75 91 41
75 92 14
75 93 24
75 94 24
75 95 77
75 96 24
76 77 63
76 78 27
76 79 62
76 80 40
76 81 54
76 82 76
76 83 35
76 84 22
76 85 10
76 86 78
76 87 31
76 88 23
76 89 33
76 90 60
76 91 91
76 92 19
76 93 86
76 94 43
76 95 89
76 96 87
77 78 69
77 79 63
77 80 83
77 81 93
77 82 14
77 83 48
77 84 7
77 85 43
77 86 34
77 87 30
77 88 9
77 89 58
77 90 53
77 91 58
77 92 28
77 93 77
77 94 88
77 95 94
77 96 73
78 79 72
78 80 65
78 81 44
78 82 1
78 83 19
78 84 43
78 85 15
78 86 88
78 87 82
78 88 21
78 89 30
78 90 77
78 91 54
78 92 71
78 93 68
78 94 26
78 95 17
78 96 14
79 80 20
79 81 72
79 82 64
79 83 24
79 84 20
79 85 37
79 86 19
79 87 29
79 88 68
79 89 63
79 90 45
79 91 28
79 92 42
79 93 76
79 94 6
79 95 9
79 96 39
80 81 41
80 82 33
80 83 59
80 84 14
80 85 21
80 86 12
80 87 12
80 88 68
80 89 28
80 90 65
80 91 95
80 92 53
80 93 14
80 94 54
80 95 21
80 96 16
81 82 16
81 83 57
81 84 35
81 85 11
81 86 64
81 87 37
81 88 61
81 89 50
81 90 57
81 91 12
81 92 74
81 93 65
81 94 9
81 95 57
81 96 51
82 83 33
82 84 29
82 85 91
82 86 37
82 87 62
82 88 52
82 89 29
82 90 32
82 91 65
82 92 33
82 93 74
82 94 25
82 95 39
82 96 17
83 84 32
83 85 57
83 86 26
83 87 29
83 88 3
83 89 54
83 90 81
83 91 30
83 92 96
83 93 72
83 94 89
83 95 96
83 96 84
84 85 30
84 86 57
84 87 54
84 88 27
84 89 94
84 90 64
84 91 2
84 92 73
84 93 60
84 94 29
84 95 63
84 96 99
85 86 49
85 87 4
85 88 37
85 89 63
85 90 14
85 91 61
85 92 43
85 93 24
85 94 13
85 95 69
85 96 42
86 87 36
86 88 60
86 89 19
86 90 43
86 91 17
86 92 32
86 93 20
86 94 19
86 95 48
86 96 33
87 88 11
87 89 96
87 90 3
87 91 63
87 92 71
87 93 24
87 94 49
87 95 17
87 96 49
88 89 53
88 90 34
88 91 69
88 92 89
88 93 54
88 94 27
88 95 50
88 96 20
89 90 51
89 91 41
89 92 77
89 93 39
89 94 87
89 95 49
89 96 26
90 91 18
90 92 92
90 93 44
90 94 99
90 95 34
90 96 29
91 92 90
91 93 37
91 94 21
91 95 12
91 96 32
92 93 22
92 94 95
92 95 12
92 96 57
93 94 20
93 95 61
93 96 94
94 95 94
94 96 15
95 96 26