95
0 1 62
0 2 82
0 3 45
0 4 76
0 5 93
0 6 42
0 7 47
0 8 23
0 9 33
0 10 66
0 11 33
0 12 64
0 13 89
0 14 6
0 15 93
0 16 77
0 17 18
0 18 39
0 19 59
0 20 78
0 21 21
0 22 52
0 23 54
0 24 61
0 25 4
0 26 37
0 27 72
0 28 29
0 29 71
0 30 92
0 31 29
0 32 88
0 33 7
0 34 7
0 35 3
0 36 22
0 37 31
0 38 31
0 39 13
0 40 21
0 41 75
0 42 6
0 43 13
0 44 54
0 45 39
0 46 80
0 47 61
0 48 17
0 49 18
0 50 59
0 51 87
0 52 1
0 53 55
0 54 38
0 55 35
0 56 9
0 57 39
0 58 60
0 59 83
0 60 40
0 61 7
0 62 77
0 63 62
0 64 42
0 65 35
0 66 23
0 67 63
0 68 70
0 69 19
0 70 6
0 71 50
0 72 6
0 73 84
0 74 96
0 75 43
0 76 9
0 77 71
0 78 70
0 79 18
0 80 13
0 81 39
0 82 51
0 83 5
0 84 44
0 85 54
0 86 32
0 87 96
0 88 97
0 89 75
0 90 47
0 91 61
0 92 40
0 93 51
0 94 6
1 2 65
1 3 75
1 4 74
1 5 73
1 6 56
1 7 7
1 8 75
1 9 17
1 10 19
1 11 65
1 12 92
1 13 27
1 14 27
1 15 91
1 16 88
1 17 27
1 18 48
1 19 48
1 20 87
1 21 1
1 22 60
1 23 11
1 24 29
1 25 84
1 26 45
1 27 94
1 28 76
1 29 32
1 30 44
1 31 33
1 32 26
1 33 21
1 34 97
1 35 31
1 36 85
1 37 74
1 38 13
1 39 96
1 40 8
1 41 52
1 42 57
1 43 58
1 44 26
1 45 47
1 46 17
1 47 73
1 48 29
1 49 84
1 50 97
1 51 65
1 52 1
1 53 76
1 54 1
1 55 70
1 56 28
1 57 53
1 58 82
1 59 9
1 60 99
1 61 73
1 62 86
1 63 88
1 64 11
1 65 37
1 66 28
1 67 74
1 68 41
1 69 9
1 70 77
1 71 87
1 72 28
1 73 25
1 74 63
1 75 98
1 76 5
1 77 80
1 78 78
1 79 50
1 80 53
1 81 11
1 82 22
1 83 43
1 84 68
1 85 69
1 86 50
1 87 82
1 88 21
1 89 19
1 90 52
1 91 58
1 92 37
1 93 23
1 94 82
2 3 94
2 4 53
2 5 27
2 6 78
2 7 76
2 8 70
2 9 86
2 10 61
2 11 46
2 12 14
2 13 59
2 14 52
2 15 65
2 16 52
2 17 50
2 18 44
2 19 14
2 20 5
2 21 49
2 22 59
2 23 43
2 24 86
2 25 20
2 26 96
2 27 44
2 28 83
2 29 13
2 30 38
2 31 86
2 32 98
2 33 47
2 34 14
2 35 77
2 36 39
2 37 52
2 38 58
2 39 37
2 40 38
2 41 99
2 42 80
2 43 48
2 44 83
2 45 80
2 46 55
2 47 7
2 48 31
2 49 96
2 50 86
2 51 1
2 52 99
2 53 22
2 54 5
2 55 12
2 56 17
2 57 17
2 58 83
2 59 71
2 60 67
2 61 81
2 62 37
2 63 84
2 64 86
2 65 9
2 66 96
2 67 40
2 68 22
2 69 93
2 70 66
2 71 23
2 72 16
2 73 76
2 74 30
2 75 66
2 76 97
2 77 36
2 78 75
2 79 77
2 80 36
2 81 44
2 82 65
2 83 71
2 84 40
2 85 33
2 86 97
2 87 73
2 88 85
2 89 64
2 90 72
2 91 6
2 92 29
2 93 41
2 94 86
3 4 80
3 5 83
3 6 72
3 7 87
3 8 8
3 9 66
3 10 75
3 11 46
3 12 35
3 13 48
3 14 62
3 15 49
3 16 97
3 17 79
3 18 52
3 19 33
3 20 49
3 21 69
3 22 67
3 23 91
3 24 81
3 25 7
3 26 88
3 27 33
3 28 42
3 29 38
3 30 49
3 31 61
3 32 51
3 33 49
3 34 41
3 35 35
3 36 94
3 37 14
3 38 72
3 39 25
3 40 36
3 41 90
3 42 75
3 43 45
3 44 97
3 45 96
3 46 98
3 47 99
3 48 87
3 49 61
3 50 51
3 51 7
3 52 91
3 53 52
3 54 61
3 55 15
3 56 93
3 57 23
3 58 67
3 59 15
3 60 29
3 61 84
3 62 81
3 63 78
3 64 99
3 65 40
3 66 38
3 67 65
3 68 78
3 69 84
3 70 19
3 71 41
3 72 67
3 73 23
3 74 72
3 75 39
3 76 93
3 77 94
3 78 54
3 79 10
3 80 49
3 81 67
3 82 48
3 83 25
3 84 71
3 85 78
3 86 40
3 87 23
3 88 34
3 89 6
3 90 91
3 91 7
3 92 82
3 93 70
3 94 19
4 5 1
4 6 30
4 7 97
4 8 60
4 9 2
4 10 34
4 11 32
4 12 83
4 13 48
4 14 55
4 15 63
4 16 72
4 17 81
4 18 46
4 19 45
4 20 46
4 21 12
4 22 11
4 23 5
4 24 85
4 25 70
4 26 28
4 27 67
4 28 71
4 29 80
4 30 86
4 31 9
4 32 52
4 33 4
4 34 66
4 35 36
4 36 32
4 37 55
4 38 8
4 39 33
4 40 54
4 41 71
4 42 87
4 43 98
4 44 66
4 45 44
4 46 84
4 47 67
4 48 42
4 49 5
4 50 55
4 51 96
4 52 23
4 53 59
4 54 11
4 55 14
4 56 45
4 57 84
4 58 70
4 59 84
4 60 81
4 61 43
4 62 30
4 63 78
4 64 13
4 65 69
4 66 80
4 67 93
4 68 56
4 69 97
4 70 16
4 71 48
4 72 54
4 73 94
4 74 87
4 75 17
4 76 62
4 77 62
4 78 75
4 79 42
4 80 19
4 81 6
4 82 13
4 83 20
4 84 62
4 85 18
4 86 56
4 87 79
4 88 91
4 89 74
4 90 2
4 91 9
4 92 34
4 93 73
4 94 89
5 6 41
5 7 59
5 8 1
5 9 44
5 10 77
5 11 59
5 12 51
5 13 65
5 14 92
5 15 77
5 16 12
5 17 21
5 18 81
5 19 74
5 20 64
5 21 5
5 22 48
5 23 91
5 24 44
5 25 78
5 26 77
5 27 66
5 28 80
5 29 26
5 30 89
5 31 56
5 32 3
5 33 42
5 34 64
5 35 19
5 36 85
5 37 49
5 38 32
5 39 59
5 40 18
5 41 52
5 42 42
5 43 17
5 44 68
5 45 23
5 46 68
5 47 67
5 48 10
5 49 86
5 50 71
5 51 44
5 52 19
5 53 85
5 54 21
5 55 87
5 56 99
5 57 65
5 58 11
5 59 3
5 60 90
5 61 18
5 62 53
5 63 63
5 64 44
5 65 55
5 66 93
5 67 84
5 68 46
5 69 28
5 70 21
5 71 60
5 72 83
5 73 67
5 74 49
5 75 25
5 76 39
5 77 50
5 78 79
5 79 10
5 80 10
5 81 43
5 82 56
5 83 47
5 84 53
5 85 20
5 86 19
5 87 13
5 88 38
5 89 40
5 90 27
5 91 36
5 92 53
5 93 96
5 94 6
6 7 59
6 8 68
6 9 59
6 10 75
6 11 52
6 12 41
6 13 82
6 14 78
6 15 13
6 16 46
6 17 70
6 18 26
6 19 37
6 20 13
6 21 44
6 22 88
6 23 60
6 24 6
6 25 49
6 26 83
6 27 36
6 28 24
6 29 47
6 30 2
6 31 35
6 32 25
6 33 73
6 34 48
6 35 12
6 36 10
6 37 88
6 38 88
6 39 91
6 40 30
6 41 79
6 42 61
6 43 27
6 44 34
6 45 46
6 46 65
6 47 60
6 48 51
6 49 66
6 50 62
6 51 88
6 52 63
6 53 80
6 54 44
6 55 80
6 56 75
6 57 79
6 58 14
6 59 80
6 60 6
6 61 7
6 62 80
6 63 33
6 64 1
6 65 93
6 66 46
6 67 33
6 68 75
6 69 59
6 70 21
6 71 35
6 72 78
6 73 24
6 74 53
6 75 45
6 76 23
6 77 41
6 78 77
6 79 92
6 80 34
6 81 52
6 82 3
6 83 86
6 84 10
6 85 59
6 86 39
6 87 58
6 88 80
6 89 94
6 90 33
6 91 43
6 92 23
6 93 18
6 94 75
7 8 48
7 9 83
7 10 14
7 11 84
7 12 40
7 13 48
7 14 41
7 15 38
7 16 30
7 17 27
7 18 77
7 19 18
7 20 47
7 21 96
7 22 21
7 23 48
7 24 88
7 25 75
7 26 36
7 27 37
7 28 39
7 29 70
7 30 2
7 31 43
7 32 77
7 33 65
7 34 14
7 35 58
7 36 39
7 37 2
7 38 43
7 39 69
7 40 54
7 41 78
7 42 19
7 43 3
7 44 79
7 45 19
7 46 98
7 47 82
7 48 90
7 49 89
7 50 30
7 51 38
7 52 26
7 53 67
7 54 31
7 55 29
7 56 1
7 57 52
7 58 64
7 59 38
7 60 11
7 61 23
7 62 32
7 63 69
7 64 94
7 65 33
7 66 82
7 67 50
7 68 98
7 69 16
7 70 43
7 71 98
7 72 69
7 73 38
7 74 88
7 75 88
7 76 55
7 77 64
7 78 87
7 79 10
7 80 28
7 81 81
7 82 53
7 83 37
7 84 8
7 85 96
7 86 87
7 87 87
7 88 87
7 89 94
7 90 33
7 91 39
7 92 88
7 93 52
7 94 60
8 9 13
8 10 66
8 11 83
8 12 30
8 13 65
8 14 91
8 15 84
8 16 78
8 17 21
8 18 97
8 19 43
8 20 43
8 21 75
8 22 54
8 23 67
8 24 32
8 25 75
8 26 54
8 27 82
8 28 52
8 29 94
8 30 6
8 31 36
8 32 58
8 33 85
8 34 60
8 35 99
8 36 6
8 37 58
8 38 19
8 39 17
8 40 59
8 41 88
8 42 23
8 43 96
8 44 2
8 45 9
8 46 28
8 47 19
8 48 74
8 49 12
8 50 60
8 51 98
8 52 94
8 53 69
8 54 88
8 55 33
8 56 33
8 57 83
8 58 33
8 59 51
8 60 57
8 61 26
8 62 45
8 63 8
8 64 95
8 65 46
8 66 39
8 67 57
8 68 9
8 69 99
8 70 86
8 71 7
8 72 84
8 73 85
8 74 85
8 75 66
8 76 38
8 77 47
8 78 24
8 79 96
8 80 31
8 81 72
8 82 63
8 83 93
8 84 48
8 85 25
8 86 52
8 87 93
8 88 73
8 89 89
8 90 1
8 91 58
8 92 4
8 93 18
8 94 21
9 10 1
9 11 35
9 12 31
9 13 63
9 14 53
9 15 99
9 16 52
9 17 62
9 18 29
9 19 83
9 20 28
9 21 35
9 22 84
9 23 2
9 24 34
9 25 78
9 26 14
9 27 12
9 28 22
9 29 73
9 30 46
9 31 51
9 32 22
9 33 2
9 34 34
9 35 70
9 36 99
9 37 27
9 38 28
9 39 84
9 40 6
9 41 69
9 42 28
9 43 47
9 44 66
9 45 91
9 46 2
9 47 6
9 48 64
9 49 11
9 50 16
9 51 17
9 52 80
9 53 18
9 54 71
9 55 78
9 56 43
9 57 63
9 58 42
9 59 97
9 60 17
9 61 75
9 62 77
9 63 54
9 64 1
9 65 15
9 66 39
9 67 63
9 68 97
9 69 3
9 70 41
9 71 93
9 72 75
9 73 16
9 74 63
9 75 98
9 76 35
9 77 35
9 78 43
9 79 82
9 80 71
9 81 72
9 82 13
9 83 70
9 84 76
9 85 70
9 86 86
9 87 57
9 88 7
9 89 79
9 90 78
9 91 13
9 92 99
9 93 26
9 94 69
10 11 9
10 12 6
10 13 7
10 14 17
10 15 52
10 16 50
10 17 88
10 18 18
10 19 82
10 20 29
10 21 92
10 22 84
10 23 54
10 24 9
10 25 34
10 26 15
10 27 95
10 28 39
10 29 13
10 30 81
10 31 37
10 32 95
10 33 91
10 34 67
10 35 52
10 36 32
10 37 2
10 38 83
10 39 5
10 40 83
10 41 33
10 42 52
10 43 57
10 44 34
10 45 90
10 46 26
10 47 47
10 48 92
10 49 92
10 50 22
10 51 86
10 52 80
10 53 16
10 54 47
10 55 10
10 56 53
10 57 92
10 58 42
10 59 28
10 60 57
10 61 5
10 62 50
10 63 31
10 64 4
10 65 74
10 66 98
10 67 99
10 68 3
10 69 62
10 70 88
10 71 18
10 72 36
10 73 90
10 74 7
10 75 20
10 76 19
10 77 49
10 78 23
10 79 97
10 80 65
10 81 64
10 82 49
10 83 86
10 84 25
10 85 16
10 86 74
10 87 61
10 88 10
10 89 30
10 90 44
10 91 43
10 92 97
10 93 12
10 94 58
11 12 72
11 13 48
11 14 48
11 15 21
11 16 62
11 17 49
11 18 54
11 19 98
11 20 80
11 21 86
11 22 67
11 23 1
11 24 82
11 25 25
11 26 64
11 27 49
11 28 86
11 29 55
11 30 97
11 31 8
11 32 57
11 33 77
11 34 88
11 35 47
11 36 36
11 37 23
11 38 29
11 39 52
11 40 65
11 41 97
11 42 15
11 43 85
11 44 39
11 45 25
11 46 27
11 47 16
11 48 64
11 49 12
11 50 93
11 51 27
11 52 59
11 53 2
11 54 37
11 55 94
11 56 34
11 57 3
11 58 71
11 59 23
11 60 24
11 61 9
11 62 31
11 63 68
11 64 67
11 65 50
11 66 34
11 67 8
11 68 30
11 69 65
11 70 13
11 71 80
11 72 32
11 73 91
11 74 9
11 75 95
11 76 5
11 77 53
11 78 58
11 79 18
11 80 70
11 81 86
11 82 2
11 83 90
11 84 85
11 85 1
11 86 85
11 87 8
11 88 10
11 89 52
11 90 79
11 91 3
11 92 33
11 93 13
11 94 42
12 13 9
12 14 47
12 15 36
12 16 28
12 17 98
12 18 32
12 19 50
12 20 82
12 21 43
12 22 33
12 23 93
12 24 79
12 25 73
12 26 41
12 27 31
12 28 63
12 29 15
12 30 27
12 31 99
12 32 44
12 33 77
12 34 36
12 35 87
12 36 92
12 37 89
12 38 46
12 39 84
12 40 68
12 41 95
12 42 11
12 43 14
12 44 39
12 45 27
12 46 80
12 47 53
12 48 9
12 49 79
12 50 60
12 51 63
12 52 48
12 53 1
12 54 52
12 55 22
12 56 7
12 57 39
12 58 97
12 59 94
12 60 81
12 61 22
12 62 17
12 63 71
12 64 52
12 65 87
12 66 60
12 67 58
12 68 56
12 69 66
12 70 84
12 71 57
12 72 38
12 73 9
12 74 61
12 75 7
12 76 29
12 77 69
12 78 50
12 79 17
12 80 16
12 81 75
12 82 21
12 83 59
12 84 87
12 85 4
12 86 62
12 87 42
12 88 86
12 89 95
12 90 71
12 91 18
12 92 13
12 93 6
12 94 7
13 14 50
13 15 89
13 16 42
13 17 92
13 18 26
13 19 71
13 20 1
13 21 46
13 22 55
13 23 39
13 24 98
13 25 26
13 26 79
13 27 75
13 28 46
13 29 60
13 30 8
13 31 87
13 32 95
13 33 49
13 34 33
13 35 87
13 36 4
13 37 10
13 38 41
13 39 52
13 40 15
13 41 31
13 42 66
13 43 73
13 44 87
13 45 62
13 46 81
13 47 54
13 48 18
13 49 37
13 50 64
13 51 85
13 52 36
13 53 86
13 54 20
13 55 98
13 56 56
13 57 12
13 58 38
13 59 86
13 60 83
13 61 28
13 62 68
13 63 88
13 64 88
13 65 72
13 66 75
13 67 82
13 68 5
13 69 84
13 70 10
13 71 11
13 72 3
13 73 15
13 74 1
13 75 43
13 76 91
13 77 52
13 78 74
13 79 85
13 80 60
13 81 59
13 82 46
13 83 25
13 84 94
13 85 86
13 86 32
13 87 66
13 88 89
13 89 48
13 90 45
13 91 32
13 92 77
13 93 1
13 94 2
14 15 87
14 16 89
14 17 6
14 18 41
14 19 91
14 20 2
14 21 28
14 22 37
14 23 97
14 24 19
14 25 17
14 26 50
14 27 72
14 28 78
14 29 17
14 30 69
14 31 47
14 32 14
14 33 58
14 34 13
14 35 74
14 36 52
14 37 86
14 38 41
14 39 97
14 40 67
14 41 81
14 42 69
14 43 9
14 44 9
14 45 20
14 46 55
14 47 15
14 48 16
14 49 82
14 50 8
14 51 63
14 52 11
14 53 97
14 54 6
14 55 25
14 56 78
14 57 30
14 58 12
14 59 15
14 60 77
14 61 92
14 62 15
14 63 10
14 64 31
14 65 87
14 66 87
14 67 55
14 68 35
14 69 36
14 70 82
14 71 24
14 72 80
14 73 85
14 74 5
14 75 47
14 76 63
14 77 77
14 78 83
14 79 91
14 80 18
14 81 38
14 82 98
14 83 92
14 84 88
14 85 83
14 86 86
14 87 21
14 88 53
14 89 84
14 90 73
14 91 99
14 92 69
14 93 96
14 94 33
15 16 76
15 17 87
15 18 69
15 19 44
15 20 91
15 21 45
15 22 71
15 23 57
15 24 28
15 25 61
15 26 64
15 27 69
15 28 61
15 29 69
15 30 21
15 31 46
15 32 9
15 33 72
15 34 48
15 35 98
15 36 14
15 37 94
15 38 18
15 39 16
15 40 93
15 41 43
15 42 93
15 43 45
15 44 71
15 45 23
15 46 41
15 47 19
15 48 99
15 49 38
15 50 47
15 51 54
15 52 47
15 53 26
15 54 37
15 55 61
15 56 57
15 57 80
15 58 47
15 59 71
15 60 7
15 61 2
15 62 30
15 63 70
15 64 97
15 65 83
15 66 94
15 67 51
15 68 36
15 69 22
15 70 98
15 71 23
15 72 36
15 73 48
15 74 66
15 75 25
15 76 18
15 77 64
15 78 99
15 79 39
15 80 85
15 81 19
15 82 95
15 83 43
15 84 55
15 85 85
15 86 48
15 87 23
15 88 95
15 89 40
15 90 48
15 91 47
15 92 43
15 93 20
15 94 82
16 17 99
16 18 86
16 19 83
16 20 97
16 21 78
16 22 72
16 23 77
16 24 13
16 25 20
16 26 2
16 27 50
16 28 51
16 29 7
16 30 60
16 31 58
16 32 82
16 33 88
16 34 50
16 35 13
16 36 12
16 37 93
16 38 24
16 39 66
16 40 83
16 41 94
16 42 55
16 43 17
16 44 79
16 45 32
16 46 21
16 47 22
16 48 73
16 49 27
16 50 24
16 51 82
16 52 79
16 53 45
16 54 25
16 55 35
16 56 23
16 57 53
16 58 20
16 59 2
16 60 90
16 61 25
16 62 21
16 63 7
16 64 37
16 65 72
16 66 94
16 67 9
16 68 58
16 69 82
16 70 36
16 71 94
16 72 53
16 73 72
16 74 9
16 75 25
16 76 7
16 77 44
16 78 26
16 79 7
16 80 98
16 81 33
16 82 36
16 83 59
16 84 22
16 85 70
16 86 45
16 87 45
16 88 99
16 89 79
16 90 13
16 91 18
16 92 10
16 93 40
16 94 34
17 18 72
17 19 45
17 20 44
17 21 61
17 22 86
17 23 54
17 24 51
17 25 95
17 26 88
17 27 40
17 28 6
17 29 13
17 30 39
17 31 91
17 32 21
17 33 21
17 34 34
17 35 24
17 36 43
17 37 16
17 38 95
17 39 13
17 40 85
17 41 15
17 42 27
17 43 2
17 44 5
17 45 3
17 46 32
17 47 11
17 48 15
17 49 34
17 50 12
17 51 40
17 52 51
17 53 49
17 54 25
17 55 58
17 56 61
17 57 38
17 58 89
17 59 34
17 60 89
17 61 55
17 62 23
17 63 27
17 64 51
17 65 86
17 66 78
17 67 46
17 68 73
17 69 69
17 70 6
17 71 88
17 72 96
17 73 44
17 74 18
17 75 31
17 76 68
17 77 42
17 78 43
17 79 48
17 80 27
17 81 74
17 82 27
17 83 13
17 84 64
17 85 69
17 86 79
17 87 73
17 88 61
17 89 57
17 90 97
17 91 94
17 92 93
17 93 49
17 94 97
18 19 2
18 20 69
18 21 86
18 22 90
18 23 96
18 24 12
18 25 83
18 26 31
18 27 18
18 28 36
18 29 90
18 30 22
18 31 82
18 32 44
18 33 76
18 34 98
18 35 67
18 36 19
18 37 47
18 38 79
18 39 91
18 40 91
18 41 64
18 42 4
18 43 82
18 44 64
18 45 1
18 46 7
18 47 72
18 48 42
18 49 69
18 50 83
18 51 81
18 52 22
18 53 34
18 54 89
18 55 3
18 56 22
18 57 67
18 58 60
18 59 21
18 60 50
18 61 3
18 62 38
18 63 24
18 64 49
18 65 74
18 66 29
18 67 3
18 68 78
18 69 57
18 70 27
18 71 60
18 72 91
18 73 34
18 74 78
18 75 92
18 76 61
18 77 58
18 78 75
18 79 93
18 80 12
18 81 90
18 82 12
18 83 82
18 84 5
18 85 4
18 86 83
18 87 90
18 88 17
18 89 53
18 90 33
18 91 24
18 92 10
18 93 33
18 94 64
19 20 66
19 21 50
19 22 7
19 23 83
19 24 13
19 25 28
19 26 99
19 27 30
19 28 83
19 29 7
19 30 37
19 31 89
19 32 40
19 33 24
19 34 81
19 35 81
19 36 56
19 37 90
19 38 81
19 39 88
19 40 19
19 41 4
19 42 76
19 43 71
19 44 67
19 45 57
19 46 22
19 47 28
19 48 40
19 49 74
19 50 88
19 51 67
19 52 93
19 53 85
19 54 36
19 55 3
19 56 56
19 57 57
19 58 54
19 59 34
19 60 97
19 61 53
19 62 21
19 63 44
19 64 55
19 65 44
19 66 13
19 67 58
19 68 36
19 69 86
19 70 14
19 71 56
19 72 85
19 73 86
19 74 25
19 75 56
19 76 12
19 77 84
19 78 81
19 79 24
19 80 10
19 81 78
19 82 64
19 83 34
19 84 21
19 85 21
19 86 58
19 87 68
19 88 27
19 89 22
19 90 1
19 91 91
19 92 83
19 93 94
19 94 92
20 21 6
20 22 85
20 23 46
20 24 79
20 25 37
20 26 29
20 27 9
20 28 92
20 29 72
20 30 83
20 31 60
20 32 37
20 33 32
20 34 93
20 35 28
20 36 19
20 37 41
20 38 6
20 39 56
20 40 97
20 41 27
20 42 50
20 43 31
20 44 50
20 45 15
20 46 82
20 47 83
20 48 90
20 49 68
20 50 67
20 51 1
20 52 4
20 53 41
20 54 66
20 55 18
20 56 40
20 57 76
20 58 23
20 59 81
20 60 27
20 61 6
20 62 21
20 63 66
20 64 35
20 65 64
20 66 60
20 67 8
20 68 9
20 69 60
20 70 82
20 71 90
20 72 84
20 73 9
20 74 6
20 75 92
20 76 58
20 77 57
20 78 5
20 79 2
20 80 5
20 81 73
20 82 68
20 83 20
20 84 47
20 85 59
20 86 40
20 87 40
20 88 39
20 89 1
20 90 69
20 91 73
20 92 90
20 93 18
20 94 68
21 22 45
21 23 11
21 24 80
21 25 54
21 26 2
21 27 55
21 28 55
21 29 83
21 30 91
21 31 61
21 32 37
21 33 23
21 34 26
21 35 89
21 36 40
21 37 3
21 38 3
21 39 91
21 40 3
21 41 93
21 42 37
21 43 36
21 44 31
21 45 11
21 46 74
21 47 55
21 48 87
21 49 1
21 50 88
21 51 76
21 52 35
21 53 64
21 54 37
21 55 48
21 56 1
21 57 11
21 58 50
21 59 94
21 60 23
21 61 46
21 62 91
21 63 47
21 64 42
21 65 73
21 66 75
21 67 44
21 68 51
21 69 29
21 70 50
21 71 2
21 72 46
21 73 63
21 74 46
21 75 9
21 76 28
21 77 75
21 78 80
21 79 30
21 80 28
21 81 85
21 82 72
21 83 90
21 84 63
21 85 8
21 86 4
21 87 82
21 88 37
21 89 87
21 90 48
21 91 27
21 92 54
21 93 20
21 94 46
22 23 89
22 24 88
22 25 83
22 26 15
22 27 60
22 28 54
22 29 39
22 30 97
22 31 98
22 32 66
22 33 28
22 34 53
22 35 84
22 36 93
22 37 95
22 38 26
22 39 59
22 40 94
22 41 61
22 42 15
22 43 78
22 44 79
22 45 6
22 46 24
22 47 8
22 48 26
22 49 32
22 50 41
22 51 93
22 52 31
22 53 39
22 54 73
22 55 26
22 56 74
22 57 83
22 58 40
22 59 28
22 60 63
22 61 74
22 62 10
22 63 67
22 64 95
22 65 51
22 66 28
22 67 76
22 68 90
22 69 89
22 70 29
22 71 21
22 72 71
22 73 18
22 74 55
22 75 33
22 76 7
22 77 60
22 78 34
22 79 48
22 80 19
22 81 41
22 82 9
22 83 4
22 84 70
22 85 94
22 86 65
22 87 33
22 88 38
22 89 7
22 90 42
22 91 84
22 92 24
22 93 67
22 94 64
23 24 48
23 25 61
23 26 45
23 27 14
23 28 19
23 29 88
23 30 39
23 31 41
23 32 36
23 33 64
23 34 43
23 35 70
23 36 59
23 37 40
23 38 74
23 39 79
23 40 94
23 41 83
23 42 69
23 43 17
23 44 9
23 45 6
23 46 53
23 47 77
23 48 18
23 49 23
23 50 77
23 51 56
23 52 50
23 53 1
23 54 52
23 55 98
23 56 92
23 57 26
23 58 34
23 59 67
23 60 65
23 61 7
23 62 15
23 63 57
23 64 28
23 65 68
23 66 59
23 67 47
23 68 68
23 69 18
23 70 81
23 71 84
23 72 84
23 73 57
23 74 94
23 75 68
23 76 78
23 77 41
23 78 56
23 79 23
23 80 55
23 81 7
23 82 3
23 83 18
23 84 46
23 85 97
23 86 99
23 87 17
23 88 1
23 89 85
23 90 74
23 91 39
23 92 30
23 93 2
23 94 16
24 25 39
24 26 25
24 27 86
24 28 14
24 29 90
24 30 1
24 31 71
24 32 90
24 33 9
24 34 58
24 35 56
24 36 11
24 37 95
24 38 70
24 39 59
24 40 99
24 41 18
24 42 57
24 43 95
24 44 45
24 45 91
24 46 34
24 47 93
24 48 22
24 49 28
24 50 40
24 51 53
24 52 17
24 53 86
24 54 74
24 55 48
24 56 20
24 57 40
24 58 93
24 59 23
24 60 40
24 61 21
24 62 28
24 63 89
24 64 77
24 65 61
24 66 8
24 67 68
24 68 73
24 69 48
24 70 57
24 71 72
24 72 59
24 73 77
24 74 42
24 75 39
24 76 88
24 77 1
24 78 86
24 79 22
24 80 19
24 81 42
24 82 57
24 83 91
24 84 20
24 85 82
24 86 79
24 87 15
24 88 51
24 89 23
24 90 78
24 91 91
24 92 70
24 93 88
24 94 52
25 26 67
25 27 90
25 28 69
25 29 81
25 30 86
25 31 27
25 32 69
25 33 33
25 34 64
25 35 86
25 36 14
25 37 50
25 38 43
25 39 9
25 40 51
25 41 14
25 42 90
25 43 15
25 44 18
25 45 43
25 46 81
25 47 22
25 48 36
25 49 83
25 50 56
25 51 76
25 52 44
25 53 98
25 54 99
25 55 79
25 56 46
25 57 86
25 58 3
25 59 24
25 60 53
25 61 45
25 62 14
25 63 53
25 64 30
25 65 10
25 66 19
25 67 37
25 68 22
25 69 59
25 70 19
25 71 2
25 72 13
25 73 19
25 74 31
25 75 5
25 76 97
25 77 6
25 78 8
25 79 21
25 80 80
25 81 86
25 82 73
25 83 63
25 84 45
25 85 66
25 86 76
25 87 5
25 88 53
25 89 77
25 90 4
25 91 10
25 92 84
25 93 2
25 94 10
26 27 28
26 28 40
26 29 59
26 30 12
26 31 6
26 32 69
26 33 59
26 34 9
26 35 88
26 36 84
26 37 42
26 38 25
26 39 38
26 40 98
26 41 65
26 42 40
26 43 35
26 44 60
26 45 52
26 46 27
26 47 43
26 48 85
26 49 70
26 50 21
26 51 82
26 52 79
26 53 67
26 54 38
26 55 12
26 56 6
26 57 95
26 58 30
26 59 93
26 60 99
26 61 48
26 62 7
26 63 51
26 64 28
26 65 81
26 66 68
26 67 94
26 68 15
26 69 94
26 70 26
26 71 14
26 72 92
26 73 70
26 74 55
26 75 20
26 76 56
26 77 29
26 78 43
26 79 50
26 80 5
26 81 75
26 82 78
26 83 31
26 84 87
26 85 26
26 86 64
26 87 27
26 88 28
26 89 64
26 90 68
26 91 26
26 92 3
26 93 8
26 94 24
27 28 73
27 29 26
27 30 41
27 31 70
27 32 15
27 33 79
27 34 5
27 35 15
27 36 18
27 37 12
27 38 43
27 39 79
27 40 71
27 41 68
27 42 59
27 43 61
27 44 94
27 45 90
27 46 32
27 47 81
27 48 58
27 49 79
27 50 49
27 51 67
27 52 59
27 53 21
27 54 93
27 55 60
27 56 10
27 57 14
27 58 99
27 59 59
27 60 76
27 61 35
27 62 78
27 63 85
27 64 66
27 65 50
27 66 46
27 67 50
27 68 30
27 69 80
27 70 16
27 71 73
27 72 51
27 73 51
27 74 23
27 75 4
27 76 72
27 77 8
27 78 53
27 79 16
27 80 95
27 81 17
27 82 9
27 83 52
27 84 81
27 85 71
27 86 90
27 87 90
27 88 57
27 89 73
27 90 9
27 91 45
27 92 52
27 93 17
27 94 39
28 29 35
28 30 23
28 31 74
28 32 44
28 33 91
28 34 30
28 35 29
28 36 69
28 37 71
28 38 12
28 39 56
28 40 9
28 41 59
28 42 32
28 43 59
28 44 35
28 45 64
28 46 75
28 47 84
28 48 10
28 49 95
28 50 93
28 51 54
28 52 65
28 53 81
28 54 73
28 55 70
28 56 45
28 57 50
28 58 21
28 59 84
28 60 4
28 61 26
28 62 86
28 63 45
28 64 10
28 65 70
28 66 44
28 67 32
28 68 98
28 69 58
28 70 12
28 71 70
28 72 29
28 73 91
28 74 79
28 75 91
28 76 6
28 77 20
28 78 2
28 79 41
28 80 35
28 81 43
28 82 17
28 83 41
28 84 52
28 85 62
28 86 68
28 87 29
28 88 8
28 89 85
28 90 13
28 91 72
28 92 61
28 93 4
28 94 69
29 30 52
29 31 47
29 32 93
29 33 50
29 34 93
29 35 31
29 36 51
29 37 30
29 38 52
29 39 58
29 40 27
29 41 14
29 42 8
29 43 77
29 44 58
29 45 17
29 46 35
29 47 48
29 48 49
29 49 48
29 50 90
29 51 28
29 52 29
29 53 47
29 54 92
29 55 93
29 56 80
29 57 54
29 58 65
29 59 1
29 60 57
29 61 21
29 62 29
29 63 76
29 64 9
29 65 83
29 66 93
29 67 98
29 68 19
29 69 89
29 70 30
29 71 67
29 72 66
29 73 1
29 74 46
29 75 66
29 76 94
29 77 72
29 78 73
29 79 38
29 80 41
29 81 46
29 82 86
29 83 61
29 84 36
29 85 95
29 86 69
29 87 59
29 88 57
29 89 44
29 90 81
29 91 11
29 92 43
29 93 12
29 94 76
30 31 16
30 32 26
30 33 5
30 34 19
30 35 40
30 36 71
30 37 31
30 38 4
30 39 90
30 40 25
30 41 11
30 42 5
30 43 62
30 44 10
30 45 81
30 46 73
30 47 13
30 48 77
30 49 7
30 50 8
30 51 27
30 52 1
30 53 21
30 54 10
30 55 35
30 56 58
30 57 58
30 58 72
30 59 21
30 60 53
30 61 69
30 62 29
30 63 83
30 64 47
30 65 11
30 66 85
30 67 24
30 68 72
30 69 4
30 70 20
30 71 65
30 72 24
30 73 93
30 74 77
30 75 21
30 76 41
30 77 67
30 78 24
30 79 77
30 80 83
30 81 85
30 82 75
30 83 57
30 84 66
30 85 94
30 86 96
30 87 91
30 88 65
30 89 79
30 90 49
30 91 5
30 92 20
30 93 23
30 94 18
31 32 90
31 33 60
31 34 9
31 35 62
31 36 53
31 37 95
31 38 90
31 39 2
31 40 27
31 41 75
31 42 78
31 43 72
31 44 32
31 45 17
31 46 15
31 47 39
31 48 85
31 49 31
31 50 2
31 51 55
31 52 10
31 53 50
31 54 42
31 55 63
31 56 86
31 57 35
31 58 29
31 59 63
31 60 30
31 61 29
31 62 46
31 63 80
31 64 73
31 65 2
31 66 3
31 67 9
31 68 45
31 69 97
31 70 2
31 71 68
31 72 24
31 73 37
31 74 84
31 75 50
31 76 97
31 77 44
31 78 41
31 79 87
31 80 82
31 81 4
31 82 70
31 83 80
31 84 68
31 85 41
31 86 61
31 87 10
31 88 68
31 89 43
31 90 80
31 91 59
31 92 70
31 93 79
31 94 21
32 33 55
32 34 41
32 35 8
32 36 1
32 37 22
32 38 98
32 39 17
32 40 18
32 41 88
32 42 7
32 43 2
32 44 55
32 45 75
32 46 82
32 47 61
32 48 99
32 49 65
32 50 30
32 51 63
32 52 23
32 53 57
32 54 99
32 55 87
32 56 36
32 57 10
32 58 51
32 59 1
32 60 37
32 61 59
32 62 60
32 63 93
32 64 5
32 65 18
32 66 82
32 67 49
32 68 52
32 69 72
32 70 27
32 71 59
32 72 6
32 73 92
32 74 53
32 75 43
32 76 5
32 77 64
32 78 39
32 79 17
32 80 63
32 81 53
32 82 95
32 83 85
32 84 69
32 85 24
32 86 83
32 87 35
32 88 74
32 89 81
32 90 43
32 91 6
32 92 9
32 93 44
32 94 50
33 34 12
33 35 12
33 36 34
33 37 31
33 38 47
33 39 2
33 40 13
33 41 93
33 42 20
33 43 18
33 44 4
33 45 40
33 46 7
33 47 13
33 48 69
33 49 34
33 50 74
33 51 93
33 52 18
33 53 81
33 54 77
33 55 91
33 56 4
33 57 50
33 58 98
33 59 16
33 60 10
33 61 58
33 62 2
33 63 35
33 64 63
33 65 84
33 66 41
33 67 5
33 68 34
33 69 55
33 70 81
33 71 97
33 72 97
33 73 54
33 74 32
33 75 81
33 76 51
33 77 13
33 78 32
33 79 49
33 80 94
33 81 80
33 82 24
33 83 2
33 84 37
33 85 60
33 86 36
33 87 40
33 88 22
33 89 21
33 90 78
33 91 84
33 92 34
33 93 25
33 94 74
34 35 46
34 36 18
34 37 20
34 38 6
34 39 67
34 40 44
34 41 29
34 42 76
34 43 80
34 44 71
34 45 19
34 46 5
34 47 86
34 48 64
34 49 42
34 50 32
34 51 54
34 52 36
34 53 32
34 54 34
34 55 99
34 56 96
34 57 93
34 58 87
34 59 2
34 60 82
34 61 26
34 62 63
34 63 22
34 64 54
34 65 45
34 66 37
34 67 97
34 68 70
34 69 11
34 70 70
34 71 77
34 72 54
34 73 78
34 74 95
34 75 23
34 76 9
34 77 17
34 78 76
34 79 70
34 80 74
34 81 8
34 82 83
34 83 6
34 84 87
34 85 87
34 86 90
34 87 85
34 88 80
34 89 28
34 90 34
34 91 18
34 92 25
34 93 73
34 94 17
35 36 75
35 37 2
35 38 27
35 39 4
35 40 31
35 41 53
35 42 14
35 43 65
35 44 4
35 45 8
35 46 50
35 47 7
35 48 79
35 49 64
35 50 99
35 51 67
35 52 37
35 53 44
35 54 32
35 55 87
35 56 41
35 57 89
35 58 80
35 59 99
35 60 65
35 61 41
35 62 14
35 63 45
35 64 11
35 65 51
35 66 50
35 67 94
35 68 31
35 69 80
35 70 53
35 71 82
35 72 89
35 73 64
35 74 67
35 75 53
35 76 80
35 77 25
35 78 65
35 79 29
35 80 6
35 81 73
35 82 84
35 83 69
35 84 80
35 85 11
35 86 30
35 87 27
35 88 94
35 89 51
35 90 79
35 91 6
35 92 6
35 93 8
35 94 98
36 37 20
36 38 41
36 39 79
36 40 37
36 41 53
36 42 41
36 43 95
36 44 16
36 45 87
36 46 65
36 47 16
36 48 8
36 49 95
36 50 43
36 51 12
36 52 68
36 53 5
36 54 46
36 55 63
36 56 16
36 57 65
36 58 14
36 59 53
36 60 60
36 61 98
36 62 47
36 63 21
36 64 23
36 65 48
36 66 41
36 67 28
36 68 96
36 69 6
36 70 56
36 71 16
36 72 40
36 73 46
36 74 19
36 75 49
36 76 81
36 77 62
36 78 40
36 79 34
36 80 70
36 81 26
36 82 67
36 83 32
36 84 73
36 85 99
36 86 24
36 87 85
36 88 18
36 89 84
36 90 36
36 91 15
36 92 66
36 93 35
36 94 56
37 38 55
37 39 57
37 40 59
37 41 44
37 42 53
37 43 62
37 44 73
37 45 5
37 46 49
37 47 94
37 48 79
37 49 50
37 50 83
37 51 16
37 52 42
37 53 76
37 54 11
37 55 45
37 56 74
37 57 43
37 58 73
37 59 72
37 60 8
37 61 56
37 62 24
37 63 71
37 64 31
37 65 81
37 66 61
37 67 91
37 68 84
37 69 99
37 70 24
37 71 99
37 72 24
37 73 41
37 74 24
37 75 69
37 76 43
37 77 92
37 78 1
37 79 2
37 80 57
37 81 58
37 82 22
37 83 89
37 84 78
37 85 33
37 86 92
37 87 95
37 88 53
37 89 9
37 90 18
37 91 96
37 92 97
37 93 25
37 94 76
38 39 36
38 40 96
38 41 17
38 42 8
38 43 13
38 44 15
38 45 20
38 46 51
38 47 93
38 48 24
38 49 84
38 50 3
38 51 92
38 52 20
38 53 19
38 54 55
38 55 44
38 56 79
38 57 80
38 58 94
38 59 58
38 60 47
38 61 5
38 62 41
38 63 58
38 64 89
38 65 92
38 66 59
38 67 34
38 68 6
38 69 93
38 70 60
38 71 19
38 72 79
38 73 71
38 74 76
38 75 51
38 76 33
38 77 83
38 78 13
38 79 78
38 80 82
38 81 63
38 82 48
38 83 78
38 84 59
38 85 36
38 86 28
38 87 96
38 88 17
38 89 4
38 90 11
38 91 61
38 92 78
38 93 38
38 94 74
39 40 41
39 41 71
39 42 27
39 43 93
39 44 71
39 45 57
39 46 75
39 47 18
39 48 97
39 49 37
39 50 83
39 51 79
39 52 66
39 53 28
39 54 76
39 55 21
39 56 37
39 57 96
39 58 26
39 59 10
39 60 17
39 61 41
39 62 59
39 63 28
39 64 60
39 65 37
39 66 23
39 67 86
39 68 33
39 69 29
39 70 67
39 71 79
39 72 97
39 73 14
39 74 66
39 75 39
39 76 74
39 77 39
39 78 19
39 79 79
39 80 73
39 81 49
39 82 9
39 83 43
39 84 19
39 85 39
39 86 62
39 87 48
39 88 74
39 89 85
39 90 1
39 91 42
39 92 7
39 93 65
39 94 5
40 41 10
40 42 77
40 43 46
40 44 97
40 45 23
40 46 6
40 47 5
40 48 79
40 49 7
40 50 47
40 51 12
40 52 40
40 53 44
40 54 1
40 55 94
40 56 42
40 57 65
40 58 26
40 59 7
40 60 75
40 61 72
40 62 21
40 63 70
40 64 12
40 65 20
40 66 69
40 67 98
40 68 71
40 69 78
40 70 77
40 71 7
40 72 59
40 73 62
40 74 71
40 75 30
40 76 67
40 77 64
40 78 81
40 79 40
40 80 8
40 81 63
40 82 8
40 83 41
40 84 1
40 85 9
40 86 37
40 87 16
40 88 35
40 89 5
40 90 59
40 91 43
40 92 37
40 93 27
40 94 83
41 42 35
41 43 46
41 44 87
41 45 87
41 46 28
41 47 88
41 48 72
41 49 94
41 50 99
41 51 85
41 52 62
41 53 58
41 54 73
41 55 43
41 56 84
41 57 18
41 58 6
41 59 26
41 60 9
41 61 17
41 62 82
41 63 10
41 64 37
41 65 71
41 66 4
41 67 14
41 68 27
41 69 83
41 70 81
41 71 97
41 72 18
41 73 11
41 74 59
41 75 70
41 76 72
41 77 56
41 78 54
41 79 4
41 80 90
41 81 3
41 82 43
41 83 44
41 84 13
41 85 66
41 86 26
41 87 37
41 88 33
41 89 6
41 90 29
41 91 49
41 92 73
41 93 46
41 94 24
42 43 50
42 44 86
42 45 78
42 46 66
42 47 85
42 48 81
42 49 55
42 50 83
42 51 58
42 52 90
42 53 51
42 54 89
42 55 32
42 56 19
42 57 36
42 58 7
42 59 49
42 60 30
42 61 41
42 62 45
42 63 88
42 64 42
42 65 48
42 66 97
42 67 95
42 68 18
42 69 23
42 70 34
42 71 63
42 72 91
42 73 4
42 74 63
42 75 98
42 76 79
42 77 75
42 78 45
42 79 22
42 80 63
42 81 26
42 82 86
42 83 86
42 84 52
42 85 78
42 86 30
42 87 53
42 88 63
42 89 29
42 90 6
42 91 15
42 92 88
42 93 85
42 94 39
43 44 9
43 45 61
43 46 97
43 47 90
43 48 71
43 49 21
43 50 81
43 51 14
43 52 25
43 53 43
43 54 11
43 55 46
43 56 30
43 57 36
43 58 13
43 59 58
43 60 62
43 61 73
43 62 3
43 63 21
43 64 96
43 65 54
43 66 78
43 67 31
43 68 48
43 69 23
43 70 55
43 71 8
43 72 61
43 73 32
43 74 27
43 75 90
43 76 66
43 77 67
43 78 78
43 79 49
43 80 68
43 81 28
43 82 60
43 83 83
43 84 72
43 85 29
43 86 34
43 87 99
43 88 38
43 89 39
43 90 87
43 91 25
43 92 51
43 93 97
43 94 76
44 45 68
44 46 98
44 47 53
44 48 25
44 49 78
44 50 15
44 51 74
44 52 37
44 53 31
44 54 31
44 55 80
44 56 68
44 57 35
44 58 96
44 59 19
44 60 4
44 61 95
44 62 50
44 63 1
44 64 78
44 65 48
44 66 71
44 67 50
44 68 74
44 69 26
44 70 84
44 71 66
44 72 50
44 73 48
44 74 35
44 75 80
44 76 10
44 77 85
44 78 34
44 79 69
44 80 65
44 81 96
44 82 67
44 83 15
44 84 34
44 85 36
44 86 57
44 87 40
44 88 50
44 89 16
44 90 37
44 91 28
44 92 58
44 93 81
44 94 1
45 46 31
45 47 87
45 48 12
45 49 21
45 50 56
45 51 57
45 52 78
45 53 56
45 54 92
45 55 53
45 56 74
45 57 26
45 58 18
45 59 59
45 60 26
45 61 29
45 62 13
45 63 62
45 64 94
45 65 93
45 66 3
45 67 14
45 68 15
45 69 35
45 70 48
45 71 62
45 72 32
45 73 96
45 74 93
45 75 26
45 76 21
45 77 70
45 78 84
45 79 31
45 80 25
45 81 5
45 82 71
45 83 10
45 84 49
45 85 70
45 86 84
45 87 34
45 88 56
45 89 44
45 90 94
45 91 58
45 92 44
45 93 96
45 94 94
46 47 38
46 48 73
46 49 5
46 50 75
46 51 37
46 52 69
46 53 54
46 54 89
46 55 53
46 56 58
46 57 19
46 58 11
46 59 54
46 60 52
46 61 35
46 62 31
46 63 42
46 64 77
46 65 55
46 66 88
46 67 58
46 68 9
46 69 15
46 70 95
46 71 52
46 72 84
46 73 62
46 74 17
46 75 34
46 76 71
46 77 31
46 78 44
46 79 77
46 80 7
46 81 21
46 82 18
46 83 46
46 84 29
46 85 44
46 86 71
46 87 9
46 88 52
46 89 97
46 90 30
46 91 66
46 92 98
46 93 77
46 94 19
47 48 33
47 49 56
47 50 1
47 51 23
47 52 25
47 53 39
47 54 48
47 55 36
47 56 10
47 57 19
47 58 58
47 59 40
47 60 95
47 61 11
47 62 34
47 63 46
47 64 98
47 65 28
47 66 16
47 67 54
47 68 27
47 69 93
47 70 45
47 71 96
47 72 71
47 73 48
47 74 70
47 75 16
47 76 8
47 77 86
47 78 95
47 79 2
47 80 15
47 81 69
47 82 17
47 83 64
47 84 38
47 85 61
47 86 96
47 87 27
47 88 71
47 89 66
47 90 34
47 91 76
47 92 80
47 93 72
47 94 8
48 49 2
48 50 5
48 51 83
48 52 85
48 53 77
48 54 66
48 55 85
48 56 62
48 57 62
48 58 79
48 59 84
48 60 73
48 61 60
48 62 74
48 63 54
48 64 63
48 65 31
48 66 32
48 67 65
48 68 48
48 69 16
48 70 95
48 71 55
48 72 56
48 73 83
48 74 43
48 75 85
48 76 98
48 77 15
48 78 5
48 79 24
48 80 79
48 81 98
48 82 35
48 83 75
48 84 81
48 85 53
48 86 95
48 87 86
48 88 15
48 89 50
48 90 54
48 91 68
48 92 56
48 93 18
48 94 35
49 50 43
49 51 36
49 52 78
49 53 75
49 54 88
49 55 83
49 56 66
49 57 86
49 58 85
49 59 90
49 60 74
49 61 66
49 62 16
49 63 72
49 64 45
49 65 61
49 66 57
49 67 69
49 68 82
49 69 57
49 70 55
49 71 90
49 72 49
49 73 47
49 74 52
49 75 78
49 76 68
49 77 87
49 78 68
49 79 87
49 80 99
49 81 72
49 82 55
49 83 99
49 84 10
49 85 53
49 86 25
49 87 32
49 88 73
49 89 23
49 90 38
49 91 55
49 92 23
49 93 9
49 94 38
50 51 13
50 52 28
50 53 5
50 54 84
50 55 2
50 56 84
50 57 59
50 58 56
50 59 83
50 60 48
50 61 9
50 62 35
50 63 78
50 64 56
50 65 94
50 66 24
50 67 44
50 68 3
50 69 4
50 70 61
50 71 74
50 72 51
50 73 69
50 74 92
50 75 66
50 76 33
50 77 9
50 78 60
50 79 30
50 80 22
50 81 22
50 82 58
50 83 77
50 84 73
50 85 84
50 86 74
50 87 51
50 88 84
50 89 70
50 90 10
50 91 4
50 92 51
50 93 51
50 94 40
51 52 99
51 53 84
51 54 33
51 55 24
51 56 27
51 57 21
51 58 45
51 59 24
51 60 49
51 61 4
51 62 30
51 63 31
51 64 71
51 65 39
51 66 26
51 67 13
51 68 93
51 69 29
51 70 85
51 71 27
51 72 20
51 73 7
51 74 62
51 75 19
51 76 43
51 77 55
51 78 22
51 79 59
51 80 98
51 81 20
51 82 51
51 83 51
51 84 35
51 85 80
51 86 55
51 87 49
51 88 99
51 89 5
51 90 93
51 91 46
51 92 40
51 93 39
51 94 14
52 53 36
52 54 74
52 55 86
52 56 29
52 57 10
52 58 33
52 59 33
52 60 83
52 61 11
52 62 80
52 63 65
52 64 71
52 65 3
52 66 1
52 67 39
52 68 75
52 69 60
52 70 69
52 71 27
52 72 28
52 73 91
52 74 99
52 75 30
52 76 18
52 77 65
52 78 52
52 79 99
52 80 2
52 81 68
52 82 80
52 83 38
52 84 61
52 85 83
52 86 24
52 87 47
52 88 66
52 89 5
52 90 77
52 91 44
52 92 54
52 93 32
52 94 57
53 54 51
53 55 41
53 56 45
53 57 80
53 58 74
53 59 97
53 60 71
53 61 66
53 62 28
53 63 52
53 64 84
53 65 56
53 66 86
53 67 29
53 68 27
53 69 35
53 70 42
53 71 25
53 72 25
53 73 4
53 74 85
53 75 90
53 76 98
53 77 45
53 78 91
53 79 36
53 80 70
53 81 10
53 82 86
53 83 35
53 84 97
53 85 22
53 86 83
53 87 87
53 88 52
53 89 36
53 90 42
53 91 88
53 92 38
53 93 62
53 94 36
54 55 86
54 56 11
54 57 45
54 58 50
54 59 40
54 60 19
54 61 87
54 62 79
54 63 96
54 64 48
54 65 14
54 66 49
54 67 37
54 68 14
54 69 52
54 70 70
54 71 15
54 72 5
54 73 71
54 74 15
54 75 59
54 76 10
54 77 32
54 78 9
54 79 54
54 80 69
54 81 75
54 82 48
54 83 40
54 84 32
54 85 69
54 86 26
54 87 32
54 88 77
54 89 52
54 90 70
54 91 18
54 92 59
54 93 84
54 94 67
55 56 29
55 57 60
55 58 31
55 59 68
55 60 35
55 61 96
55 62 62
55 63 38
55 64 95
55 65 87
55 66 86
55 67 68
55 68 81
55 69 57
55 70 99
55 71 86
55 72 36
55 73 4
55 74 8
55 75 38
55 76 67
55 77 31
55 78 4
55 79 33
55 80 20
55 81 79
55 82 2
55 83 63
55 84 84
55 85 12
55 86 23
55 87 56
55 88 82
55 89 90
55 90 4
55 91 76
55 92 93
55 93 54
55 94 72
56 57 2
56 58 62
56 59 21
56 60 19
56 61 29
56 62 12
56 63 88
56 64 84
56 65 97
56 66 44
56 67 18
56 68 36
56 69 28
56 70 94
56 71 43
56 72 71
56 73 71
56 74 16
56 75 73
56 76 34
56 77 99
56 78 55
56 79 25
56 80 63
56 81 31
56 82 12
56 83 64
56 84 59
56 85 19
56 86 42
56 87 60
56 88 6
56 89 75
56 90 94
56 91 7
56 92 18
56 93 1
56 94 35
57 58 55
57 59 5
57 60 36
57 61 63
57 62 67
57 63 94
57 64 73
57 65 23
57 66 17
57 67 52
57 68 79
57 69 29
57 70 79
57 71 35
57 72 64
57 73 56
57 74 98
57 75 5
57 76 77
57 77 66
57 78 14
57 79 74
57 80 34
57 81 85
57 82 96
57 83 20
57 84 7
57 85 12
57 86 67
57 87 33
57 88 17
57 89 92
57 90 50
57 91 4
57 92 91
57 93 23
57 94 35
58 59 30
58 60 28
58 61 4
58 62 82
58 63 15
58 64 8
58 65 55
58 66 56
58 67 76
58 68 43
58 69 63
58 70 36
58 71 41
58 72 57
58 73 15
58 74 10
58 75 32
58 76 19
58 77 42
58 78 21
58 79 33
58 80 39
58 81 75
58 82 61
58 83 12
58 84 18
58 85 58
58 86 69
58 87 87
58 88 55
58 89 41
58 90 10
58 91 82
58 92 82
58 93 55
58 94 89
59 60 96
59 61 99
59 62 55
59 63 66
59 64 14
59 65 19
59 66 16
59 67 87
59 68 13
59 69 67
59 70 34
59 71 37
59 72 13
59 73 6
59 74 35
59 75 13
59 76 38
59 77 18
59 78 84
59 79 12
59 80 75
59 81 89
59 82 15
59 83 15
59 84 87
59 85 99
59 86 48
59 87 82
59 88 15
59 89 30
59 90 76
59 91 64
59 92 92
59 93 76
59 94 52
60 61 27
60 62 28
60 63 82
60 64 72
60 65 72
60 66 27
60 67 57
60 68 56
60 69 16
60 70 3
60 71 58
60 72 53
60 73 18
60 74 63
60 75 81
60 76 27
60 77 73
60 78 66
60 79 58
60 80 50
60 81 79
60 82 84
60 83 1
60 84 8
60 85 32
60 86 59
60 87 48
60 88 40
60 89 21
60 90 67
60 91 17
60 92 91
60 93 42
60 94 71
61 62 52
61 63 54
61 64 31
61 65 56
61 66 80
61 67 24
61 68 88
61 69 1
61 70 88
61 71 55
61 72 52
61 73 68
61 74 63
61 75 53
61 76 1
61 77 57
61 78 96
61 79 53
61 80 2
61 81 13
61 82 42
61 83 4
61 84 31
61 85 67
61 86 81
61 87 64
61 88 64
61 89 88
61 90 60
61 91 41
61 92 90
61 93 58
61 94 2
62 63 32
62 64 35
62 65 21
62 66 31
62 67 69
62 68 67
62 69 57
62 70 71
62 71 61
62 72 27
62 73 18
62 74 93
62 75 58
62 76 92
62 77 27
62 78 96
62 79 51
62 80 74
62 81 60
62 82 61
62 83 41
62 84 38
62 85 26
62 86 54
62 87 91
62 88 67
62 89 30
62 90 38
62 91 26
62 92 35
62 93 64
62 94 7
63 64 71
63 65 65
63 66 95
63 67 32
63 68 81
63 69 18
63 70 55
63 71 82
63 72 97
63 73 12
63 74 26
63 75 85
63 76 68
63 77 51
63 78 84
63 79 59
63 80 93
63 81 75
63 82 74
63 83 58
63 84 72
63 85 43
63 86 61
63 87 95
63 88 28
63 89 74
63 90 58
63 91 38
63 92 9
63 93 35
63 94 37
64 65 31
64 66 69
64 67 29
64 68 60
64 69 4
64 70 91
64 71 16
64 72 22
64 73 34
64 74 74
64 75 92
64 76 44
64 77 87
64 78 38
64 79 36
64 80 57
64 81 85
64 82 31
64 83 65
64 84 46
64 85 67
64 86 77
64 87 64
64 88 75
64 89 68
64 90 21
64 91 35
64 92 71
64 93 31
64 94 25
65 66 93
65 67 11
65 68 67
65 69 16
65 70 98
65 71 60
65 72 28
65 73 85
65 74 87
65 75 94
65 76 3
65 77 27
65 78 7
65 79 9
65 80 45
65 81 40
65 82 23
65 83 24
65 84 65
65 85 5
65 86 8
65 87 57
65 88 99
65 89 8
65 90 74
65 91 77
65 92 94
65 93 45
65 94 12
66 67 66
66 68 64
66 69 82
66 70 47
66 71 29
66 72 34
66 73 56
66 74 39
66 75 55
66 76 43
66 77 60
66 78 98
66 79 27
66 80 88
66 81 74
66 82 43
66 83 55
66 84 48
66 85 31
66 86 45
66 87 25
66 88 98
66 89 97
66 90 44
66 91 40
66 92 57
66 93 22
66 94 68
67 68 69
67 69 40
67 70 36
67 71 84
67 72 37
67 73 60
67 74 49
67 75 63
67 76 22
67 77 11
67 78 81
67 79 36
67 80 84
67 81 2
67 82 84
67 83 91
67 84 97
67 85 32
67 86 2
67 87 29
67 88 33
67 89 1
67 90 76
67 91 51
67 92 84
67 93 76
67 94 83
68 69 2
68 70 64
68 71 81
68 72 28
68 73 79
68 74 56
68 75 73
68 76 59
68 77 95
68 78 86
68 79 29
68 80 81
68 81 2
68 82 24
68 83 65
68 84 9
68 85 48
68 86 14
68 87 84
68 88 74
68 89 28
68 90 3
68 91 2
68 92 66
68 93 87
68 94 95
69 70 25
69 71 84
69 72 7
69 73 3
69 74 64
69 75 26
69 76 39
69 77 4
69 78 62
69 79 8
69 80 51
69 81 59
69 82 14
69 83 79
69 84 1
69 85 49
69 86 20
69 87 99
69 88 90
69 89 31
69 90 11
69 91 17
69 92 69
69 93 45
69 94 81
70 71 43
70 72 60
70 73 45
70 74 92
70 75 99
70 76 40
70 77 8
70 78 84
70 79 50
70 80 92
70 81 42
70 82 6
70 83 92
70 84 21
70 85 48
70 86 21
70 87 37
70 88 70
70 89 79
70 90 16
70 91 19
70 92 77
70 93 61
70 94 57
71 72 15
71 73 71
71 74 66
71 75 43
71 76 24
71 77 35
71 78 48
71 79 64
71 80 4
71 81 13
71 82 74
71 83 44
71 84 43
71 85 84
71 86 51
71 87 59
71 88 23
71 89 79
71 90 15
71 91 71
71 92 15
71 93 52
71 94 64
72 73 14
72 74 15
72 75 28
72 76 60
72 77 58
72 78 56
72 79 11
72 80 17
72 81 39
72 82 41
72 83 41
72 84 63
72 85 75
72 86 65
72 87 80
72 88 56
72 89 74
72 90 57
72 91 55
72 92 2
72 93 24
72 94 71
73 74 97
73 75 90
73 76 97
73 77 75
73 78 60
73 79 76
73 80 10
73 81 57
73 82 14
73 83 47
73 84 82
73 85 97
73 86 6
73 87 37
73 88 26
73 89 5
73 90 16
73 91 38
73 92 59
73 93 5
73 94 37
74 75 60
74 76 54
74 77 19
74 78 91
74 79 84
74 80 43
74 81 83
74 82 68
74 83 2
74 84 29
74 85 75
74 86 73
74 87 28
74 88 48
74 89 65
74 90 69
74 91 83
74 92 22
74 93 94
74 94 74
75 76 42
75 77 87
75 78 68
75 79 83
75 80 48
75 81 37
75 82 88
75 83 81
75 84 8
75 85 23
75 86 81
75 87 31
75 88 35
75 89 20
75 90 8
75 91 92
75 92 38
75 93 99
75 94 86
76 77 62
76 78 18
76 79 88
76 80 20
76 81 29
76 82 81
76 83 77
76 84 77
76 85 12
76 86 12
76 87 75
76 88 99
76 89 37
76 90 83
76 91 35
76 92 50
76 93 81
76 94 68
77 78 82
77 79 2
77 80 8
77 81 74
77 82 26
77 83 40
77 84 25
77 85 4
77 86 24
77 87 74
77 88 12
77 89 24
77 90 58
77 91 35
77 92 62
77 93 24
77 94 1
78 79 12
78 80 74
78 81 92
78 82 27
78 83 79
78 84 78
78 85 2
78 86 68
78 87 32
78 88 96
78 89 54
78 90 25
78 91 48
78 92 25
78 93 67
78 94 65
79 80 20
79 81 51
79 82 33
79 83 29
79 84 77
79 85 36
79 86 62
79 87 56
79 88 85
79 89 21
79 90 21
79 91 61
79 92 31
79 93 1
79 94 36
80 81 96
80 82 48
80 83 64
80 84 24
80 85 79
80 86 96
80 87 19
80 88 59
80 89 13
80 90 88
80 91 98
80 92 37
80 93 75
80 94 63
81 82 63
81 83 87
81 84 80
81 85 44
81 86 92
81 87 16
81 88 12
81 89 68
81 90 77
81 91 65
81 92 26
81 93 67
81 94 15
82 83 83
82 84 6
82 85 79
82 86 99
82 87 89
82 88 84
82 89 74
82 90 56
82 91 12
82 92 31
82 93 83
82 94 29
83 84 42
83 85 17
83 86 68
83 87 55
83 88 65
83 89 78
83 90 30
83 91 28
83 92 38
83 93 9
83 94 19
84 85 76
84 86 38
84 87 24
84 88 42
84 89 15
84 90 19
84 91 90
84 92 59
84 93 43
84 94 8
85 86 55
85 87 36
85 88 17
85 89 39
85 90 2
85 91 79
85 92 62
85 93 94
85 94 3
86 87 42
86 88 52
86 89 43
86 90 67
86 91 12
86 92 76
86 93 7
86 94 67
87 88 95
87 89 96
87 90 7
87 91 93
87 92 86
87 93 77
87 94 7
88 89 91
88 90 77
88 91 89
88 92 34
88 93 23
88 94 30
89 90 57
89 91 49
89 92 72
89 93 99
89 94 5
90 91 13
90 92 40
90 93 61
90 94 84
91 92 52
91 93 28
91 94 13
92 93 72
92 94 44
93 94 47