51
0 1 52
0 7 5
0 9 28
0 16 91
0 31 72
0 49 39
1 3 18
1 8 19
1 19 82
1 22 70
1 29 11
1 35 29
1 46 41
1 47 79
1 50 99
2 15 14
2 20 62
2 26 69
2 39 84
2 45 29
3 4 26
3 13 10
3 37 62
4 25 94
4 29 17
4 30 71
4 40 9
4 45 94
5 7 40
5 9 46
5 13 41
5 16 92
5 33 72
6 12 53
6 18 2
6 42 9
7 14 74
7 17 37
7 22 69
7 29 20
7 31 35
8 11 30
8 19 81
8 26 70
8 29 83
8 35 72
9 10 95
9 16 16
9 23 18
9 50 48
10 12 15
10 18 23
10 21 28
10 26 98
10 34 6
10 36 71
11 14 99
11 23 3
11 27 12
11 31 28
12 15 65
12 19 7
12 37 64
12 49 62
13 32 9
14 33 27
14 34 49
14 40 28
15 32 9
15 48 12
15 50 76
16 44 31
16 47 70
16 30 8
17 24 58
17 26 29
17 46 66
17 38 85
18 28 13
18 29 86
19 43 25
19 48 33
20 25 59
20 43 98
20 47 74
21 45 10
21 46 11
22 25 82
23 36 19
24 44 54
24 27 43
24 41 9
24 42 8
26 29 62
27 41 29
28 38 17
28 39 81