71
0 1 0.75
0 70 69
1 2 1.25
2 3 1.75
3 4 2.25
4 5 2.75
5 6 3.25
6 7 3.75
7 8 4.25
8 9 4.75
9 10 5.25
10 11 5.75
11 12 6.25
12 13 6.75
13 14 7.25
14 15 7.75
15 16 8.25
16 17 8.75
17 18 9.25
18 19 9.75
19 20 10.25
20 21 10.75
21 22 11.25
22 23 11.75
23 24 12.25
24 25 12.75
25 26 13.25
26 27 13.75
27 28 14.25
28 29 14.75
29 30 15.25
30 31 15.75
31 32 16.25
32 33 16.75
33 34 17.25
34 35 17.75
35 36 18.25
36 37 18.75
37 38 19.25
38 39 19.75
39 40 20.25
40 41 20.75
41 42 21.25
42 43 21.75
43 44 22.25
44 45 22.75
45 46 23.25
46 47 23.75
47 48 24.25
48 49 24.75
49 50 25.25
50 51 25.75
51 52 26.25
52 53 26.75
53 54 27.25
54 55 27.75
55 56 28.25
56 57 28.75
57 58 29.25
58 59 29.75
59 60 30.25
60 61 30.75
61 62 31.25
62 63 31.75
63 64 32.25
64 65 32.75
65 66 33.25
66 67 33.75
67 68 34.25
68 69 34.75
69 70 35.25