100
0 1 44
0 2 30
0 3 52
0 4 67
0 5 58
0 6 14
0 7 46
0 8 84
0 9 78
0 10 87
0 11 58
0 12 49
0 13 63
0 14 97
0 15 4
0 16 55
0 17 18
0 18 63
0 19 35
0 20 12
0 21 51
0 22 29
0 23 2
0 24 23
0 25 19
0 26 84
0 27 59
0 28 53
0 29 14
0 30 81
0 31 55
0 32 89
0 33 11
0 34 72
0 35 11
0 36 28
0 37 29
0 38 81
0 39 83
0 40 60
0 41 66
0 42 15
0 43 93
0 44 3
0 45 36
0 46 42
0 47 59
0 48 23
0 49 42
0 50 79
0 51 22
0 52 54
0 53 31
0 54 36
0 55 8
0 56 75
0 57 98
0 58 67
0 59 62
0 60 5
0 61 57
0 62 85
0 63 94
0 64 94
0 65 83
0 66 63
0 67 19
0 68 54
0 69 98
0 70 38
0 71 87
0 72 50
0 73 91
0 74 25
0 75 3
0 76 42
0 77 59
0 78 59
0 79 8
0 80 45
0 81 80
0 82 20
0 83 17
0 84 87
0 85 82
0 86 80
0 87 26
0 88 46
0 89 49
0 90 70
0 91 83
0 92 36
0 93 46
0 94 29
0 95 66
0 96 17
0 97 78
0 98 7
0 99 11
1 2 40
1 3 87
1 4 33
1 5 52
1 6 72
1 7 24
1 8 66
1 9 87
1 10 82
1 11 70
1 12 82
1 13 17
1 14 95
1 15 90
1 16 77
1 17 79
1 18 41
1 19 44
1 20 40
1 21 59
1 22 96
1 23 71
1 24 39
1 25 85
1 26 70
1 27 63
1 28 59
1 29 61
1 30 94
1 31 62
1 32 32
1 33 55
1 34 37
1 35 82
1 36 56
1 37 4
1 38 51
1 39 66
1 40 89
1 41 49
1 42 60
1 43 76
1 44 41
1 45 13
1 46 68
1 47 90
1 48 33
1 49 40
1 50 73
1 51 14
1 52 93
1 53 51
1 54 24
1 55 42
1 56 53
1 57 52
1 58 50
1 59 9
1 60 62
1 61 97
1 62 91
1 63 22
1 64 40
1 65 59
1 66 24
1 67 17
1 68 7
1 69 4
1 70 65
1 71 76
1 72 81
1 73 82
1 74 13
1 75 86
1 76 10
1 77 54
1 78 74
1 79 98
1 80 28
1 81 33
1 82 64
1 83 22
1 84 12
1 85 76
1 86 49
1 87 28
1 88 46
1 89 98
1 90 92
1 91 56
1 92 36
1 93 44
1 94 98
1 95 43
1 96 55
1 97 89
1 98 47
1 99 18
2 3 4
2 4 59
2 5 78
2 6 36
2 7 41
2 8 66
2 9 23
2 10 15
2 11 49
2 12 56
2 13 58
2 14 6
2 15 11
2 16 15
2 17 3
2 18 7
2 19 78
2 20 85
2 21 18
2 22 8
2 23 71
2 24 55
2 25 62
2 26 4
2 27 52
2 28 94
2 29 48
2 30 15
2 31 48
2 32 39
2 33 71
2 34 73
2 35 30
2 36 71
2 37 72
2 38 26
2 39 96
2 40 68
2 41 79
2 42 17
2 43 42
2 44 76
2 45 79
2 46 78
2 47 83
2 48 61
2 49 57
2 50 57
2 51 86
2 52 8
2 53 5
2 54 71
2 55 79
2 56 23
2 57 26
2 58 14
2 59 38
2 60 12
2 61 60
2 62 79
2 63 32
2 64 74
2 65 19
2 66 21
2 67 72
2 68 28
2 69 29
2 70 92
2 71 18
2 72 9
2 73 63
2 74 34
2 75 73
2 76 4
2 77 17
2 78 85
2 79 47
2 80 68
2 81 45
2 82 3
2 83 10
2 84 89
2 85 28
2 86 14
2 87 45
2 88 32
2 89 27
2 90 63
2 91 33
2 92 69
2 93 98
2 94 58
2 95 82
2 96 96
2 97 19
2 98 33
2 99 63
3 4 54
3 5 37
3 6 96
3 7 80
3 8 29
3 9 63
3 10 18
3 11 28
3 12 69
3 13 27
3 14 6
3 15 88
3 16 70
3 17 86
3 18 14
3 19 87
3 20 71
3 21 80
3 22 96
3 23 34
3 24 89
3 25 42
3 26 61
3 27 74
3 28 52
3 29 87
3 30 65
3 31 83
3 32 53
3 33 65
3 34 18
3 35 71
3 36 75
3 37 32
3 38 9
3 39 8
3 40 85
3 41 90
3 42 96
3 43 54
3 44 95
3 45 90
3 46 51
3 47 23
3 48 47
3 49 46
3 50 72
3 51 72
3 52 42
3 53 36
3 54 39
3 55 14
3 56 12
3 57 92
3 58 31
3 59 49
3 60 94
3 61 48
3 62 67
3 63 82
3 64 24
3 65 61
3 66 58
3 67 57
3 68 77
3 69 79
3 70 74
3 71 26
3 72 42
3 73 85
3 74 21
3 75 72
3 76 40
3 77 89
3 78 40
3 79 89
3 80 93
3 81 76
3 82 90
3 83 39
3 84 20
3 85 96
3 86 77
3 87 55
3 88 70
3 89 96
3 90 31
3 91 38
3 92 74
3 93 16
3 94 83
3 95 62
3 96 37
3 97 65
3 98 13
3 99 28
4 5 32
4 6 59
4 7 24
4 8 74
4 9 72
4 10 2
4 11 50
4 12 92
4 13 71
4 14 52
4 15 42
4 16 85
4 17 3
4 18 61
4 19 71
4 20 60
4 21 69
4 22 37
4 23 53
4 24 35
4 25 67
4 26 25
4 27 42
4 28 73
4 29 97
4 30 13
4 31 15
4 32 63
4 33 86
4 34 83
4 35 77
4 36 18
4 37 33
4 38 77
4 39 97
4 40 8
4 41 2
4 42 18
4 43 18
4 44 46
4 45 93
4 46 19
4 47 27
4 48 51
4 49 91
4 50 44
4 51 44
4 52 67
4 53 25
4 54 94
4 55 22
4 56 54
4 57 42
4 58 23
4 59 17
4 60 65
4 61 32
4 62 61
4 63 79
4 64 33
4 65 15
4 66 59
4 67 88
4 68 71
4 69 14
4 70 4
4 71 86
4 72 88
4 73 36
4 74 88
4 75 64
4 76 68
4 77 92
4 78 24
4 79 70
4 80 91
4 81 89
4 82 64
4 83 62
4 84 5
4 85 10
4 86 79
4 87 58
4 88 23
4 89 4
4 90 81
4 91 57
4 92 30
4 93 35
4 94 50
4 95 6
4 96 7
4 97 53
4 98 44
4 99 43
5 6 21
5 7 64
5 8 7
5 9 57
5 10 83
5 11 41
5 12 62
5 13 26
5 14 8
5 15 93
5 16 42
5 17 47
5 18 48
5 19 41
5 20 44
5 21 89
5 22 32
5 23 30
5 24 66
5 25 97
5 26 33
5 27 39
5 28 87
5 29 36
5 30 97
5 31 64
5 32 35
5 33 80
5 34 53
5 35 13
5 36 37
5 37 30
5 38 81
5 39 13
5 40 73
5 41 87
5 42 80
5 43 22
5 44 73
5 45 78
5 46 45
5 47 56
5 48 33
5 49 82
5 50 66
5 51 86
5 52 40
5 53 26
5 54 70
5 55 2
5 56 60
5 57 56
5 58 61
5 59 7
5 60 47
5 61 20
5 62 8
5 63 20
5 64 61
5 65 35
5 66 94
5 67 64
5 68 86
5 69 4
5 70 78
5 71 77
5 72 43
5 73 31
5 74 2
5 75 31
5 76 36
5 77 57
5 78 50
5 79 46
5 80 47
5 81 8
5 82 70
5 83 59
5 84 45
5 85 92
5 86 92
5 87 60
5 88 93
5 89 44
5 90 78
5 91 37
5 92 97
5 93 90
5 94 72
5 95 70
5 96 54
5 97 46
5 98 67
5 99 70
6 7 49
6 8 88
6 9 45
6 10 96
6 11 4
6 12 37
6 13 48
6 14 64
6 15 75
6 16 48
6 17 45
6 18 6
6 19 31
6 20 25
6 21 84
6 22 67
6 23 45
6 24 37
6 25 58
6 26 65
6 27 66
6 28 61
6 29 37
6 30 84
6 31 26
6 32 37
6 33 2
6 34 10
6 35 28
6 36 45
6 37 34
6 38 40
6 39 98
6 40 66
6 41 40
6 42 59
6 43 82
6 44 56
6 45 28
6 46 6
6 47 46
6 48 33
6 49 51
6 50 18
6 51 79
6 52 46
6 53 35
6 54 25
6 55 29
6 56 20
6 57 67
6 58 96
6 59 66
6 60 27
6 61 6
6 62 34
6 63 93
6 64 76
6 65 43
6 66 60
6 67 29
6 68 9
6 69 45
6 70 82
6 71 58
6 72 7
6 73 51
6 74 12
6 75 83
6 76 20
6 77 2
6 78 64
6 79 56
6 80 11
6 81 43
6 82 53
6 83 24
6 84 10
6 85 89
6 86 72
6 87 38
6 88 45
6 89 89
6 90 12
6 91 20
6 92 91
6 93 4
6 94 28
6 95 73
6 96 78
6 97 65
6 98 72
6 99 79
7 8 75
7 9 80
7 10 50
7 11 95
7 12 25
7 13 13
7 14 50
7 15 74
7 16 60
7 17 45
7 18 67
7 19 4
7 20 52
7 21 43
7 22 89
7 23 93
7 24 93
7 25 69
7 26 34
7 27 82
7 28 65
7 29 68
7 30 8
7 31 56
7 32 15
7 33 95
7 34 44
7 35 95
7 36 71
7 37 14
7 38 20
7 39 13
7 40 75
7 41 49
7 42 50
7 43 80
7 44 5
7 45 42
7 46 91
7 47 90
7 48 38
7 49 15
7 50 2
7 51 81
7 52 89
7 53 21
7 54 81
7 55 77
7 56 46
7 57 14
7 58 81
7 59 53
7 60 98
7 61 30
7 62 85
7 63 41
7 64 22
7 65 57
7 66 49
7 67 31
7 68 72
7 69 9
7 70 95
7 71 35
7 72 19
7 73 49
7 74 92
7 75 58
7 76 52
7 77 18
7 78 26
7 79 17
7 80 72
7 81 70
7 82 79
7 83 98
7 84 15
7 85 89
7 86 76
7 87 7
7 88 32
7 89 92
7 90 40
7 91 46
7 92 27
7 93 82
7 94 72
7 95 3
7 96 32
7 97 91
7 98 32
7 99 48
8 9 7
8 10 3
8 11 98
8 12 13
8 13 6
8 14 70
8 15 49
8 16 18
8 17 6
8 18 33
8 19 64
8 20 29
8 21 66
8 22 93
8 23 44
8 24 67
8 25 16
8 26 18
8 27 92
8 28 57
8 29 79
8 30 5
8 31 11
8 32 52
8 33 87
8 34 94
8 35 70
8 36 75
8 37 98
8 38 20
8 39 27
8 40 80
8 41 21
8 42 29
8 43 93
8 44 8
8 45 24
8 46 36
8 47 39
8 48 31
8 49 65
8 50 89
8 51 58
8 52 35
8 53 74
8 54 10
8 55 22
8 56 82
8 57 55
8 58 55
8 59 10
8 60 37
8 61 73
8 62 66
8 63 85
8 64 31
8 65 48
8 66 96
8 67 98
8 68 8
8 69 19
8 70 63
8 71 22
8 72 31
8 73 44
8 74 96
8 75 59
8 76 79
8 77 70
8 78 20
8 79 20
8 80 37
8 81 24
8 82 42
8 83 2
8 84 41
8 85 3
8 86 60
8 87 74
8 88 2
8 89 35
8 90 88
8 91 65
8 92 38
8 93 40
8 94 3
8 95 11
8 96 97
8 97 88
8 98 67
8 99 98
9 10 79
9 11 76
9 12 9
9 13 26
9 14 76
9 15 73
9 16 72
9 17 64
9 18 4
9 19 4
9 20 15
9 21 64
9 22 26
9 23 54
9 24 48
9 25 89
9 26 7
9 27 28
9 28 41
9 29 95
9 30 78
9 31 34
9 32 72
9 33 62
9 34 15
9 35 7
9 36 54
9 37 80
9 38 71
9 39 6
9 40 38
9 41 26
9 42 89
9 43 5
9 44 34
9 45 31
9 46 81
9 47 91
9 48 9
9 49 85
9 50 83
9 51 77
9 52 14
9 53 70
9 54 27
9 55 53
9 56 10
9 57 52
9 58 50
9 59 8
9 60 85
9 61 9
9 62 41
9 63 80
9 64 8
9 65 36
9 66 84
9 67 29
9 68 88
9 69 13
9 70 13
9 71 95
9 72 47
9 73 84
9 74 18
9 75 9
9 76 54
9 77 21
9 78 89
9 79 32
9 80 43
9 81 43
9 82 60
9 83 3
9 84 77
9 85 65
9 86 64
9 87 12
9 88 97
9 89 2
9 90 56
9 91 51
9 92 64
9 93 75
9 94 3
9 95 32
9 96 60
9 97 50
9 98 4
9 99 59
10 11 13
10 12 25
10 13 13
10 14 4
10 15 88
10 16 6
10 17 28
10 18 7
10 19 36
10 20 10
10 21 34
10 22 59
10 23 30
10 24 45
10 25 37
10 26 17
10 27 80
10 28 7
10 29 97
10 30 68
10 31 3
10 32 15
10 33 53
10 34 90
10 35 17
10 36 94
10 37 72
10 38 36
10 39 2
10 40 42
10 41 3
10 42 84
10 43 80
10 44 13
10 45 78
10 46 91
10 47 81
10 48 74
10 49 46
10 50 10
10 51 33
10 52 58
10 53 44
10 54 44
10 55 52
10 56 90
10 57 97
10 58 95
10 59 40
10 60 77
10 61 97
10 62 65
10 63 66
10 64 73
10 65 69
10 66 78
10 67 77
10 68 87
10 69 68
10 70 10
10 71 36
10 72 26
10 73 39
10 74 64
10 75 89
10 76 69
10 77 61
10 78 77
10 79 41
10 80 26
10 81 22
10 82 67
10 83 78
10 84 48
10 85 32
10 86 10
10 87 38
10 88 22
10 89 68
10 90 71
10 91 18
10 92 51
10 93 52
10 94 25
10 95 3
10 96 22
10 97 20
10 98 6
10 99 80
11 12 30
11 13 97
11 14 8
11 15 64
11 16 79
11 17 37
11 18 85
11 19 97
11 20 20
11 21 23
11 22 82
11 23 91
11 24 92
11 25 75
11 26 20
11 27 4
11 28 86
11 29 79
11 30 98
11 31 4
11 32 60
11 33 83
11 34 13
11 35 3
11 36 74
11 37 15
11 38 59
11 39 40
11 40 28
11 41 30
11 42 4
11 43 20
11 44 67
11 45 70
11 46 69
11 47 11
11 48 13
11 49 42
11 50 92
11 51 56
11 52 42
11 53 93
11 54 36
11 55 32
11 56 53
11 57 88
11 58 20
11 59 57
11 60 87
11 61 48
11 62 28
11 63 11
11 64 16
11 65 98
11 66 50
11 67 29
11 68 27
11 69 31
11 70 86
11 71 54
11 72 39
11 73 9
11 74 16
11 75 59
11 76 45
11 77 67
11 78 32
11 79 22
11 80 29
11 81 85
11 82 95
11 83 39
11 84 23
11 85 63
11 86 90
11 87 53
11 88 53
11 89 52
11 90 76
11 91 46
11 92 14
11 93 24
11 94 21
11 95 21
11 96 29
11 97 32
11 98 49
11 99 65
12 13 29
12 14 93
12 15 3
12 16 31
12 17 92
12 18 93
12 19 55
12 20 68
12 21 32
12 22 59
12 23 63
12 24 54
12 25 36
12 26 56
12 27 36
12 28 54
12 29 62
12 30 94
12 31 24
12 32 65
12 33 78
12 34 67
12 35 64
12 36 29
12 37 60
12 38 76
12 39 15
12 40 2
12 41 78
12 42 17
12 43 27
12 44 23
12 45 19
12 46 3
12 47 17
12 48 15
12 49 85
12 50 49
12 51 76
12 52 98
12 53 36
12 54 91
12 55 20
12 56 7
12 57 56
12 58 73
12 59 59
12 60 11
12 61 19
12 62 97
12 63 18
12 64 14
12 65 52
12 66 31
12 67 24
12 68 38
12 69 57
12 70 12
12 71 47
12 72 69
12 73 60
12 74 39
12 75 62
12 76 2
12 77 46
12 78 41
12 79 41
12 80 2
12 81 29
12 82 35
12 83 24
12 84 36
12 85 87
12 86 20
12 87 27
12 88 44
12 89 30
12 90 80
12 91 90
12 92 86
12 93 50
12 94 90
12 95 56
12 96 65
12 97 87
12 98 48
12 99 43
13 14 30
13 15 75
13 16 4
13 17 30
13 18 31
13 19 92
13 20 19
13 21 63
13 22 85
13 23 54
13 24 97
13 25 59
13 26 28
13 27 9
13 28 44
13 29 88
13 30 36
13 31 85
13 32 19
13 33 80
13 34 29
13 35 85
13 36 33
13 37 54
13 38 80
13 39 98
13 40 87
13 41 43
13 42 88
13 43 40
13 44 38
13 45 61
13 46 86
13 47 80
13 48 28
13 49 56
13 50 23
13 51 53
13 52 68
13 53 91
13 54 97
13 55 93
13 56 41
13 57 50
13 58 41
13 59 3
13 60 58
13 61 84
13 62 12
13 63 26
13 64 27
13 65 51
13 66 46
13 67 67
13 68 27
13 69 22
13 70 73
13 71 96
13 72 43
13 73 90
13 74 22
13 75 26
13 76 30
13 77 38
13 78 53
13 79 47
13 80 65
13 81 71
13 82 67
13 83 69
13 84 70
13 85 98
13 86 21
13 87 39
13 88 58
13 89 20
13 90 53
13 91 45
13 92 25
13 93 70
13 94 56
13 95 21
13 96 3
13 97 36
13 98 97
13 99 37
14 15 13
14 16 31
14 17 75
14 18 36
14 19 8
14 20 69
14 21 92
14 22 13
14 23 3
14 24 11
14 25 61
14 26 47
14 27 38
14 28 58
14 29 4
14 30 40
14 31 38
14 32 33
14 33 38
14 34 9
14 35 76
14 36 54
14 37 64
14 38 59
14 39 74
14 40 31
14 41 96
14 42 16
14 43 85
14 44 15
14 45 58
14 46 89
14 47 61
14 48 52
14 49 14
14 50 44
14 51 24
14 52 60
14 53 26
14 54 43
14 55 13
14 56 15
14 57 28
14 58 59
14 59 32
14 60 61
14 61 63
14 62 40
14 63 35
14 64 43
14 65 9
14 66 93
14 67 23
14 68 95
14 69 66
14 70 35
14 71 77
14 72 71
14 73 5
14 74 13
14 75 6
14 76 51
14 77 8
14 78 93
14 79 45
14 80 57
14 81 59
14 82 39
14 83 37
14 84 86
14 85 45
14 86 30
14 87 95
14 88 97
14 89 55
14 90 34
14 91 29
14 92 76
14 93 88
14 94 75
14 95 30
14 96 94
14 97 59
14 98 53
14 99 8
15 16 40
15 17 24
15 18 17
15 19 42
15 20 73
15 21 63
15 22 43
15 23 87
15 24 88
15 25 81
15 26 87
15 27 38
15 28 52
15 29 29
15 30 94
15 31 88
15 32 14
15 33 91
15 34 40
15 35 57
15 36 98
15 37 47
15 38 50
15 39 53
15 40 78
15 41 69
15 42 60
15 43 86
15 44 91
15 45 25
15 46 76
15 47 5
15 48 84
15 49 75
15 50 77
15 51 30
15 52 13
15 53 5
15 54 50
15 55 54
15 56 41
15 57 85
15 58 49
15 59 74
15 60 3
15 61 46
15 62 57
15 63 46
15 64 52
15 65 38
15 66 59
15 67 71
15 68 61
15 69 18
15 70 68
15 71 96
15 72 41
15 73 9
15 74 34
15 75 78
15 76 35
15 77 91
15 78 81
15 79 78
15 80 12
15 81 10
15 82 53
15 83 57
15 84 48
15 85 57
15 86 82
15 87 41
15 88 51
15 89 45
15 90 62
15 91 90
15 92 23
15 93 66
15 94 67
15 95 89
15 96 3
15 97 42
15 98 41
15 99 45
16 17 31
16 18 54
16 19 79
16 20 96
16 21 62
16 22 16
16 23 34
16 24 76
16 25 52
16 26 81
16 27 79
16 28 20
16 29 2
16 30 12
16 31 30
16 32 66
16 33 67
16 34 13
16 35 5
16 36 83
16 37 32
16 38 36
16 39 22
16 40 56
16 41 57
16 42 92
16 43 46
16 44 97
16 45 75
16 46 45
16 47 36
16 48 80
16 49 36
16 50 81
16 51 37
16 52 73
16 53 52
16 54 37
16 55 22
16 56 34
16 57 19
16 58 81
16 59 98
16 60 65
16 61 90
16 62 88
16 63 89
16 64 89
16 65 56
16 66 46
16 67 93
16 68 59
16 69 56
16 70 61
16 71 72
16 72 37
16 73 35
16 74 83
16 75 50
16 76 92
16 77 58
16 78 11
16 79 49
16 80 37
16 81 15
16 82 86
16 83 72
16 84 66
16 85 70
16 86 94
16 87 27
16 88 96
16 89 10
16 90 94
16 91 74
16 92 5
16 93 16
16 94 35
16 95 51
16 96 72
16 97 89
16 98 35
16 99 46
17 18 7
17 19 14
17 20 63
17 21 88
17 22 87
17 23 62
17 24 20
17 25 86
17 26 16
17 27 84
17 28 57
17 29 22
17 30 82
17 31 17
17 32 10
17 33 51
17 34 42
17 35 2
17 36 8
17 37 42
17 38 53
17 39 28
17 40 76
17 41 7
17 42 54
17 43 15
17 44 69
17 45 44
17 46 83
17 47 43
17 48 35
17 49 85
17 50 19
17 51 94
17 52 88
17 53 33
17 54 12
17 55 91
17 56 53
17 57 20
17 58 66
17 59 5
17 60 83
17 61 76
17 62 97
17 63 90
17 64 33
17 65 79
17 66 12
17 67 61
17 68 41
17 69 36
17 70 9
17 71 53
17 72 45
17 73 37
17 74 74
17 75 15
17 76 93
17 77 76
17 78 61
17 79 23
17 80 61
17 81 31
17 82 45
17 83 93
17 84 92
17 85 6
17 86 19
17 87 80
17 88 58
17 89 29
17 90 23
17 91 62
17 92 36
17 93 12
17 94 72
17 95 29
17 96 71
17 97 71
17 98 22
17 99 60
18 19 55
18 20 3
18 21 55
18 22 62
18 23 97
18 24 85
18 25 16
18 26 84
18 27 71
18 28 28
18 29 4
18 30 14
18 31 42
18 32 18
18 33 71
18 34 41
18 35 32
18 36 4
18 37 56
18 38 89
18 39 14
18 40 94
18 41 10
18 42 5
18 43 8
18 44 42
18 45 10
18 46 33
18 47 91
18 48 61
18 49 26
18 50 22
18 51 79
18 52 8
18 53 62
18 54 66
18 55 81
18 56 25
18 57 34
18 58 97
18 59 8
18 60 9
18 61 44
18 62 55
18 63 84
18 64 23
18 65 34
18 66 42
18 67 65
18 68 67
18 69 87
18 70 32
18 71 53
18 72 26
18 73 90
18 74 14
18 75 44
18 76 83
18 77 33
18 78 84
18 79 36
18 80 70
18 81 4
18 82 9
18 83 32
18 84 85
18 85 45
18 86 72
18 87 85
18 88 37
18 89 39
18 90 19
18 91 18
18 92 58
18 93 91
18 94 38
18 95 48
18 96 82
18 97 50
18 98 70
18 99 94
19 20 46
19 21 53
19 22 91
19 23 80
19 24 5
19 25 3
19 26 88
19 27 35
19 28 14
19 29 64
19 30 25
19 31 85
19 32 76
19 33 13
19 34 47
19 35 80
19 36 98
19 37 17
19 38 53
19 39 68
19 40 60
19 41 4
19 42 51
19 43 97
19 44 15
19 45 65
19 46 40
19 47 68
19 48 7
19 49 90
19 50 42
19 51 22
19 52 56
19 53 50
19 54 25
19 55 55
19 56 95
19 57 72
19 58 24
19 59 45
19 60 2
19 61 71
19 62 58
19 63 96
19 64 7
19 65 68
19 66 54
19 67 30
19 68 24
19 69 5
19 70 53
19 71 32
19 72 72
19 73 67
19 74 50
19 75 25
19 76 12
19 77 52
19 78 85
19 79 12
19 80 50
19 81 93
19 82 71
19 83 65
19 84 74
19 85 61
19 86 89
19 87 6
19 88 28
19 89 17
19 90 74
19 91 79
19 92 50
19 93 20
19 94 52
19 95 65
19 96 11
19 97 80
19 98 85
19 99 64
20 21 6
20 22 47
20 23 32
20 24 80
20 25 33
20 26 65
20 27 46
20 28 5
20 29 15
20 30 30
20 31 23
20 32 58
20 33 96
20 34 17
20 35 39
20 36 34
20 37 86
20 38 32
20 39 51
20 40 51
20 41 14
20 42 8
20 43 73
20 44 83
20 45 83
20 46 34
20 47 4
20 48 23
20 49 37
20 50 12
20 51 96
20 52 3
20 53 33
20 54 52
20 55 70
20 56 29
20 57 45
20 58 19
20 59 94
20 60 45
20 61 16
20 62 85
20 63 42
20 64 86
20 65 29
20 66 96
20 67 64
20 68 45
20 69 84
20 70 25
20 71 97
20 72 16
20 73 28
20 74 15
20 75 53
20 76 63
20 77 20
20 78 70
20 79 56
20 80 59
20 81 68
20 82 49
20 83 14
20 84 5
20 85 8
20 86 49
20 87 97
20 88 54
20 89 19
20 90 30
20 91 62
20 92 44
20 93 35
20 94 87
20 95 85
20 96 29
20 97 96
20 98 2
20 99 60
21 22 46
21 23 56
21 24 33
21 25 34
21 26 65
21 27 10
21 28 62
21 29 94
21 30 19
21 31 28
21 32 31
21 33 28
21 34 79
21 35 46
21 36 2
21 37 53
21 38 37
21 39 7
21 40 23
21 41 79
21 42 90
21 43 10
21 44 35
21 45 39
21 46 14
21 47 39
21 48 77
21 49 25
21 50 72
21 51 96
21 52 41
21 53 6
21 54 46
21 55 35
21 56 67
21 57 73
21 58 24
21 59 25
21 60 93
21 61 4
21 62 45
21 63 36
21 64 80
21 65 19
21 66 71
21 67 88
21 68 22
21 69 53
21 70 36
21 71 33
21 72 63
21 73 83
21 74 41
21 75 61
21 76 45
21 77 77
21 78 54
21 79 53
21 80 89
21 81 88
21 82 20
21 83 69
21 84 59
21 85 63
21 86 69
21 87 40
21 88 31
21 89 35
21 90 66
21 91 91
21 92 90
21 93 46
21 94 62
21 95 48
21 96 93
21 97 8
21 98 93
21 99 95
22 23 25
22 24 5
22 25 42
22 26 93
22 27 22
22 28 67
22 29 20
22 30 31
22 31 79
22 32 50
22 33 34
22 34 88
22 35 47
22 36 63
22 37 34
22 38 19
22 39 96
22 40 64
22 41 11
22 42 2
22 43 33
22 44 26
22 45 87
22 46 38
22 47 43
22 48 13
22 49 37
22 50 11
22 51 41
22 52 88
22 53 98
22 54 91
22 55 2
22 56 73
22 57 69
22 58 76
22 59 16
22 60 12
22 61 57
22 62 9
22 63 61
22 64 24
22 65 86
22 66 85
22 67 34
22 68 8
22 69 11
22 70 39
22 71 70
22 72 98
22 73 95
22 74 67
22 75 59
22 76 52
22 77 98
22 78 77
22 79 89
22 80 78
22 81 58
22 82 73
22 83 60
22 84 47
22 85 79
22 86 83
22 87 81
22 88 8
22 89 18
22 90 12
22 91 16
22 92 17
22 93 61
22 94 45
22 95 88
22 96 32
22 97 84
22 98 95
22 99 14
23 24 20
23 25 7
23 26 67
23 27 82
23 28 46
23 29 75
23 30 38
23 31 55
23 32 83
23 33 2
23 34 4
23 35 81
23 36 34
23 37 96
23 38 7
23 39 23
23 40 69
23 41 93
23 42 3
23 43 97
23 44 90
23 45 29
23 46 94
23 47 74
23 48 64
23 49 12
23 50 60
23 51 11
23 52 12
23 53 63
23 54 34
23 55 45
23 56 24
23 57 42
23 58 67
23 59 72
23 60 94
23 61 59
23 62 49
23 63 25
23 64 81
23 65 15
23 66 92
23 67 13
23 68 71
23 69 76
23 70 21
23 71 6
23 72 31
23 73 86
23 74 44
23 75 13
23 76 2
23 77 81
23 78 94
23 79 65
23 80 88
23 81 20
23 82 28
23 83 94
23 84 36
23 85 8
23 86 67
23 87 57
23 88 13
23 89 58
23 90 93
23 91 92
23 92 15
23 93 50
23 94 31
23 95 11
23 96 18
23 97 34
23 98 22
23 99 34
24 25 80
24 26 54
24 27 27
24 28 17
24 29 61
24 30 49
24 31 34
24 32 29
24 33 92
24 34 52
24 35 46
24 36 62
24 37 37
24 38 9
24 39 38
24 40 95
24 41 57
24 42 7
24 43 14
24 44 47
24 45 74
24 46 90
24 47 6
24 48 64
24 49 50
24 50 26
24 51 26
24 52 84
24 53 14
24 54 26
24 55 14
24 56 8
24 57 90
24 58 70
24 59 60
24 60 61
24 61 31
24 62 28
24 63 82
24 64 84
24 65 11
24 66 78
24 67 35
24 68 55
24 69 64
24 70 40
24 71 33
24 72 33
24 73 97
24 74 29
24 75 94
24 76 57
24 77 67
24 78 63
24 79 50
24 80 88
24 81 87
24 82 33
24 83 67
24 84 54
24 85 19
24 86 47
24 87 86
24 88 71
24 89 7
24 90 85
24 91 34
24 92 50
24 93 15
24 94 50
24 95 77
24 96 2
24 97 73
24 98 90
24 99 3
25 26 65
25 27 40
25 28 70
25 29 24
25 30 13
25 31 22
25 32 26
25 33 7
25 34 92
25 35 13
25 36 86
25 37 29
25 38 88
25 39 87
25 40 2
25 41 71
25 42 52
25 43 40
25 44 62
25 45 37
25 46 37
25 47 55
25 48 85
25 49 56
25 50 10
25 51 29
25 52 98
25 53 84
25 54 70
25 55 87
25 56 46
25 57 5
25 58 29
25 59 21
25 60 68
25 61 63
25 62 43
25 63 11
25 64 9
25 65 76
25 66 56
25 67 63
25 68 66
25 69 21
25 70 50
25 71 93
25 72 62
25 73 9
25 74 63
25 75 96
25 76 94
25 77 78
25 78 45
25 79 91
25 80 11
25 81 22
25 82 49
25 83 15
25 84 42
25 85 16
25 86 63
25 87 71
25 88 35
25 89 63
25 90 62
25 91 84
25 92 21
25 93 22
25 94 79
25 95 70
25 96 69
25 97 88
25 98 3
25 99 6
26 27 36
26 28 87
26 29 97
26 30 28
26 31 55
26 32 61
26 33 80
26 34 85
26 35 94
26 36 85
26 37 37
26 38 77
26 39 41
26 40 8
26 41 85
26 42 98
26 43 18
26 44 96
26 45 29
26 46 91
26 47 16
26 48 17
26 49 73
26 50 24
26 51 19
26 52 8
26 53 71
26 54 73
26 55 59
26 56 34
26 57 7
26 58 81
26 59 63
26 60 18
26 61 13
26 62 37
26 63 29
26 64 2
26 65 58
26 66 9
26 67 54
26 68 30
26 69 55
26 70 36
26 71 31
26 72 45
26 73 15
26 74 45
26 75 85
26 76 11
26 77 68
26 78 31
26 79 36
26 80 89
26 81 42
26 82 51
26 83 5
26 84 90
26 85 46
26 86 72
26 87 53
26 88 20
26 89 84
26 90 82
26 91 56
26 92 10
26 93 91
26 94 82
26 95 25
26 96 53
26 97 46
26 98 65
26 99 66
27 28 93
27 29 44
27 30 19
27 31 36
27 32 73
27 33 30
27 34 29
27 35 91
27 36 52
27 37 66
27 38 70
27 39 91
27 40 23
27 41 19
27 42 95
27 43 71
27 44 75
27 45 70
27 46 81
27 47 14
27 48 98
27 49 46
27 50 16
27 51 11
27 52 96
27 53 12
27 54 52
27 55 9
27 56 9
27 57 24
27 58 80
27 59 32
27 60 46
27 61 10
27 62 17
27 63 48
27 64 13
27 65 70
27 66 56
27 67 32
27 68 34
27 69 92
27 70 6
27 71 93
27 72 80
27 73 11
27 74 88
27 75 51
27 76 24
27 77 19
27 78 94
27 79 72
27 80 60
27 81 32
27 82 32
27 83 90
27 84 46
27 85 85
27 86 70
27 87 61
27 88 19
27 89 59
27 90 85
27 91 94
27 92 63
27 93 94
27 94 44
27 95 66
27 96 51
27 97 56
27 98 11
27 99 85
28 29 68
28 30 49
28 31 13
28 32 2
28 33 94
28 34 46
28 35 21
28 36 85
28 37 53
28 38 87
28 39 86
28 40 86
28 41 43
28 42 55
28 43 88
28 44 72
28 45 83
28 46 67
28 47 37
28 48 31
28 49 26
28 50 76
28 51 6
28 52 9
28 53 87
28 54 23
28 55 71
28 56 49
28 57 20
28 58 31
28 59 17
28 60 5
28 61 6
28 62 90
28 63 85
28 64 75
28 65 8
28 66 30
28 67 63
28 68 29
28 69 16
28 70 60
28 71 68
28 72 41
28 73 17
28 74 88
28 75 31
28 76 75
28 77 41
28 78 48
28 79 21
28 80 80
28 81 77
28 82 39
28 83 95
28 84 18
28 85 73
28 86 82
28 87 52
28 88 77
28 89 80
28 90 78
28 91 29
28 92 3
28 93 84
28 94 16
28 95 82
28 96 41
28 97 86
28 98 69
28 99 76
29 30 2
29 31 95
29 32 6
29 33 85
29 34 42
29 35 12
29 36 89
29 37 3
29 38 45
29 39 55
29 40 7
29 41 81
29 42 57
29 43 57
29 44 79
29 45 30
29 46 90
29 47 63
29 48 36
29 49 18
29 50 16
29 51 54
29 52 44
29 53 8
29 54 24
29 55 14
29 56 54
29 57 18
29 58 80
29 59 58
29 60 50
29 61 13
29 62 34
29 63 24
29 64 53
29 65 84
29 66 94
29 67 17
29 68 46
29 69 10
29 70 46
29 71 70
29 72 59
29 73 73
29 74 55
29 75 35
29 76 37
29 77 9
29 78 2
29 79 7
29 80 53
29 81 52
29 82 6
29 83 15
29 84 52
29 85 76
29 86 4
29 87 22
29 88 15
29 89 79
29 90 41
29 91 67
29 92 92
29 93 48
29 94 54
29 95 76
29 96 67
29 97 15
29 98 41
29 99 81
30 31 32
30 32 91
30 33 90
30 34 33
30 35 76
30 36 56
30 37 97
30 38 48
30 39 72
30 40 79
30 41 85
30 42 10
30 43 67
30 44 32
30 45 66
30 46 58
30 47 81
30 48 21
30 49 24
30 50 3
30 51 12
30 52 70
30 53 96
30 54 85
30 55 3
30 56 62
30 57 72
30 58 47
30 59 70
30 60 62
30 61 54
30 62 86
30 63 53
30 64 24
30 65 53
30 66 54
30 67 48
30 68 40
30 69 61
30 70 96
30 71 42
30 72 95
30 73 34
30 74 17
30 75 38
30 76 50
30 77 15
30 78 39
30 79 79
30 80 80
30 81 39
30 82 62
30 83 88
30 84 68
30 85 71
30 86 20
30 87 94
30 88 64
30 89 62
30 90 79
30 91 32
30 92 63
30 93 4
30 94 66
30 95 46
30 96 89
30 97 34
30 98 96
30 99 53
31 32 70
31 33 16
31 34 92
31 35 31
31 36 27
31 37 84
31 38 84
31 39 94
31 40 2
31 41 76
31 42 58
31 43 42
31 44 97
31 45 27
31 46 64
31 47 70
31 48 44
31 49 82
31 50 16
31 51 44
31 52 62
31 53 14
31 54 79
31 55 97
31 56 6
31 57 56
31 58 27
31 59 9
31 60 83
31 61 34
31 62 60
31 63 80
31 64 10
31 65 28
31 66 66
31 67 16
31 68 12
31 69 69
31 70 94
31 71 28
31 72 58
31 73 93
31 74 81
31 75 26
31 76 77
31 77 61
31 78 51
31 79 4
31 80 92
31 81 87
31 82 22
31 83 54
31 84 3
31 85 21
31 86 73
31 87 98
31 88 85
31 89 49
31 90 62
31 91 41
31 92 23
31 93 49
31 94 6
31 95 31
31 96 20
31 97 71
31 98 31
31 99 53
32 33 53
32 34 51
32 35 93
32 36 6
32 37 2
32 38 4
32 39 93
32 40 26
32 41 90
32 42 27
32 43 32
32 44 7
32 45 35
32 46 83
32 47 35
32 48 9
32 49 87
32 50 15
32 51 15
32 52 24
32 53 55
32 54 72
32 55 17
32 56 80
32 57 52
32 58 16
32 59 44
32 60 95
32 61 64
32 62 58
32 63 95
32 64 39
32 65 23
32 66 65
32 67 85
32 68 57
32 69 58
32 70 97
32 71 88
32 72 48
32 73 43
32 74 8
32 75 97
32 76 54
32 77 64
32 78 61
32 79 31
32 80 43
32 81 9
32 82 72
32 83 31
32 84 59
32 85 14
32 86 24
32 87 24
32 88 23
32 89 22
32 90 45
32 91 35
32 92 92
32 93 61
32 94 48
32 95 4
32 96 62
32 97 42
32 98 38
32 99 11
33 34 96
33 35 94
33 36 41
33 37 29
33 38 95
33 39 96
33 40 6
33 41 53
33 42 76
33 43 60
33 44 6
33 45 84
33 46 90
33 47 2
33 48 59
33 49 39
33 50 72
33 51 97
33 52 33
33 53 7
33 54 50
33 55 78
33 56 51
33 57 23
33 58 83
33 59 29
33 60 8
33 61 81
33 62 60
33 63 15
33 64 66
33 65 51
33 66 45
33 67 79
33 68 25
33 69 77
33 70 77
33 71 82
33 72 67
33 73 84
33 74 97
33 75 25
33 76 89
33 77 6
33 78 72
33 79 22
33 80 21
33 81 55
33 82 73
33 83 91
33 84 4
33 85 75
33 86 74
33 87 27
33 88 86
33 89 8
33 90 79
33 91 11
33 92 10
33 93 82
33 94 90
33 95 74
33 96 92
33 97 20
33 98 17
33 99 58
34 35 31
34 36 62
34 37 78
34 38 94
34 39 9
34 40 83
34 41 86
34 42 13
34 43 68
34 44 86
34 45 17
34 46 23
34 47 47
34 48 28
34 49 63
34 50 43
34 51 58
34 52 86
34 53 95
34 54 28
34 55 38
34 56 31
34 57 31
34 58 13
34 59 27
34 60 6
34 61 12
34 62 32
34 63 83
34 64 54
34 65 10
34 66 35
34 67 69
34 68 27
34 69 73
34 70 89
34 71 51
34 72 51
34 73 69
34 74 74
34 75 81
34 76 81
34 77 86
34 78 68
34 79 87
34 80 86
34 81 74
34 82 85
34 83 58
34 84 47
34 85 54
34 86 32
34 87 28
34 88 72
34 89 71
34 90 88
34 91 7
34 92 65
34 93 44
34 94 92
34 95 22
34 96 63
34 97 26
34 98 42
34 99 6
35 36 3
35 37 87
35 38 34
35 39 62
35 40 10
35 41 60
35 42 90
35 43 17
35 44 29
35 45 12
35 46 81
35 47 30
35 48 58
35 49 20
35 50 48
35 51 3
35 52 66
35 53 60
35 54 11
35 55 42
35 56 3
35 57 39
35 58 77
35 59 22
35 60 4
35 61 9
35 62 9
35 63 54
35 64 59
35 65 41
35 66 16
35 67 72
35 68 58
35 69 86
35 70 67
35 71 39
35 72 83
35 73 16
35 74 92
35 75 4
35 76 38
35 77 16
35 78 8
35 79 75
35 80 47
35 81 5
35 82 59
35 83 36
35 84 91
35 85 96
35 86 42
35 87 67
35 88 34
35 89 23
35 90 79
35 91 85
35 92 42
35 93 79
35 94 83
35 95 31
35 96 69
35 97 7
35 98 47
35 99 63
36 37 33
36 38 94
36 39 81
36 40 52
36 41 16
36 42 14
36 43 20
36 44 58
36 45 91
36 46 63
36 47 94
36 48 43
36 49 47
36 50 82
36 51 46
36 52 95
36 53 97
36 54 61
36 55 12
36 56 43
36 57 88
36 58 73
36 59 79
36 60 56
36 61 20
36 62 58
36 63 37
36 64 92
36 65 94
36 66 65
36 67 62
36 68 4
36 69 7
36 70 17
36 71 68
36 72 28
36 73 54
36 74 36
36 75 63
36 76 86
36 77 61
36 78 20
36 79 64
36 80 71
36 81 76
36 82 71
36 83 27
36 84 82
36 85 12
36 86 48
36 87 25
36 88 98
36 89 29
36 90 12
36 91 70
36 92 26
36 93 8
36 94 96
36 95 79
36 96 14
36 97 75
36 98 13
36 99 82
37 38 77
37 39 75
37 40 14
37 41 75
37 42 82
37 43 15
37 44 66
37 45 42
37 46 44
37 47 42
37 48 76
37 49 27
37 50 39
37 51 68
37 52 81
37 53 32
37 54 27
37 55 50
37 56 35
37 57 26
37 58 97
37 59 98
37 60 90
37 61 18
37 62 81
37 63 89
37 64 86
37 65 97
37 66 10
37 67 91
37 68 75
37 69 4
37 70 73
37 71 97
37 72 55
37 73 33
37 74 72
37 75 68
37 76 50
37 77 98
37 78 72
37 79 41
37 80 80
37 81 59
37 82 82
37 83 28
37 84 84
37 85 78
37 86 65
37 87 8
37 88 74
37 89 47
37 90 67
37 91 37
37 92 67
37 93 87
37 94 24
37 95 42
37 96 11
37 97 17
37 98 41
37 99 14
38 39 82
38 40 51
38 41 81
38 42 67
38 43 90
38 44 65
38 45 60
38 46 82
38 47 35
38 48 57
38 49 83
38 50 59
38 51 86
38 52 94
38 53 73
38 54 32
38 55 23
38 56 53
38 57 46
38 58 60
38 59 56
38 60 31
38 61 40
38 62 88
38 63 39
38 64 38
38 65 86
38 66 60
38 67 17
38 68 13
38 69 56
38 70 86
38 71 63
38 72 2
38 73 34
38 74 60
38 75 83
38 76 29
38 77 43
38 78 10
38 79 18
38 80 45
38 81 3
38 82 44
38 83 71
38 84 69
38 85 59
38 86 72
38 87 38
38 88 79
38 89 80
38 90 3
38 91 70
38 92 47
38 93 71
38 94 36
38 95 36
38 96 22
38 97 87
38 98 38
38 99 26
39 40 90
39 41 79
39 42 90
39 43 28
39 44 3
39 45 72
39 46 36
39 47 69
39 48 43
39 49 7
39 50 77
39 51 63
39 52 74
39 53 7
39 54 64
39 55 12
39 56 91
39 57 28
39 58 41
39 59 54
39 60 42
39 61 96
39 62 90
39 63 13
39 64 9
39 65 58
39 66 97
39 67 20
39 68 47
39 69 45
39 70 2
39 71 10
39 72 63
39 73 88
39 74 78
39 75 88
39 76 92
39 77 96
39 78 88
39 79 62
39 80 63
39 81 5
39 82 73
39 83 68
39 84 19
39 85 36
39 86 37
39 87 61
39 88 76
39 89 5
39 90 34
39 91 95
39 92 13
39 93 7
39 94 92
39 95 91
39 96 22
39 97 22
39 98 60
39 99 30
40 41 88
40 42 44
40 43 11
40 44 12
40 45 26
40 46 9
40 47 63
40 48 64
40 49 52
40 50 35
40 51 58
40 52 94
40 53 50
40 54 17
40 55 79
40 56 35
40 57 94
40 58 98
40 59 26
40 60 34
40 61 21
40 62 49
40 63 97
40 64 44
40 65 52
40 66 54
40 67 89
40 68 52
40 69 56
40 70 70
40 71 65
40 72 84
40 73 20
40 74 28
40 75 97
40 76 61
40 77 31
40 78 22
40 79 55
40 80 76
40 81 24
40 82 3
40 83 31
40 84 33
40 85 5
40 86 24
40 87 83
40 88 81
40 89 27
40 90 30
40 91 44
40 92 61
40 93 60
40 94 57
40 95 19
40 96 70
40 97 15
40 98 85
40 99 33
41 42 26
41 43 69
41 44 97
41 45 63
41 46 73
41 47 85
41 48 4
41 49 33
41 50 23
41 51 11
41 52 70
41 53 32
41 54 17
41 55 81
41 56 55
41 57 96
41 58 65
41 59 3
41 60 52
41 61 47
41 62 28
41 63 16
41 64 34
41 65 50
41 66 14
41 67 48
41 68 80
41 69 78
41 70 91
41 71 24
41 72 33
41 73 20
41 74 77
41 75 2
41 76 37
41 77 8
41 78 63
41 79 51
41 80 55
41 81 23
41 82 85
41 83 44
41 84 81
41 85 25
41 86 95
41 87 62
41 88 42
41 89 72
41 90 80
41 91 15
41 92 4
41 93 56
41 94 71
41 95 82
41 96 16
41 97 80
41 98 90
41 99 52
42 43 72
42 44 25
42 45 68
42 46 55
42 47 70
42 48 3
42 49 91
42 50 89
42 51 65
42 52 59
42 53 5
42 54 94
42 55 44
42 56 90
42 57 93
42 58 78
42 59 50
42 60 83
42 61 8
42 62 30
42 63 39
42 64 13
42 65 31
42 66 62
42 67 68
42 68 40
42 69 30
42 70 53
42 71 20
42 72 30
42 73 21
42 74 13
42 75 28
42 76 57
42 77 72
42 78 14
42 79 97
42 80 3
42 81 28
42 82 22
42 83 15
42 84 54
42 85 22
42 86 35
42 87 32
42 88 97
42 89 28
42 90 43
42 91 77
42 92 40
42 93 3
42 94 58
42 95 43
42 96 72
42 97 23
42 98 81
42 99 52
43 44 74
43 45 6
43 46 11
43 47 47
43 48 90
43 49 13
43 50 62
43 51 49
43 52 87
43 53 97
43 54 92
43 55 83
43 56 73
43 57 8
43 58 7
43 59 11
43 60 15
43 61 75
43 62 22
43 63 14
43 64 43
43 65 51
43 66 26
43 67 40
43 68 66
43 69 33
43 70 97
43 71 45
43 72 29
43 73 27
43 74 56
43 75 22
43 76 50
43 77 31
43 78 5
43 79 19
43 80 58
43 81 88
43 82 51
43 83 64
43 84 69
43 85 40
43 86 78
43 87 59
43 88 85
43 89 26
43 90 96
43 91 44
43 92 67
43 93 10
43 94 52
43 95 48
43 96 65
43 97 87
43 98 52
43 99 48
44 45 65
44 46 50
44 47 20
44 48 88
44 49 72
44 50 32
44 51 39
44 52 22
44 53 88
44 54 5
44 55 89
44 56 70
44 57 38
44 58 76
44 59 19
44 60 71
44 61 49
44 62 61
44 63 90
44 64 29
44 65 21
44 66 38
44 67 44
44 68 21
44 69 76
44 70 79
44 71 46
44 72 56
44 73 40
44 74 32
44 75 88
44 76 55
44 77 48
44 78 65
44 79 13
44 80 17
44 81 30
44 82 79
44 83 96
44 84 90
44 85 59
44 86 3
44 87 92
44 88 27
44 89 72
44 90 41
44 91 3
44 92 68
44 93 17
44 94 63
44 95 38
44 96 81
44 97 57
44 98 21
44 99 60
45 46 80
45 47 97
45 48 68
45 49 40
45 50 60
45 51 92
45 52 2
45 53 11
45 54 19
45 55 24
45 56 69
45 57 90
45 58 57
45 59 10
45 60 30
45 61 29
45 62 92
45 63 35
45 64 63
45 65 52
45 66 43
45 67 58
45 68 12
45 69 86
45 70 34
45 71 29
45 72 40
45 73 13
45 74 80
45 75 93
45 76 73
45 77 24
45 78 95
45 79 89
45 80 84
45 81 69
45 82 63
45 83 28
45 84 47
45 85 12
45 86 91
45 87 64
45 88 40
45 89 36
45 90 79
45 91 6
45 92 98
45 93 86
45 94 23
45 95 72
45 96 26
45 97 64
45 98 82
45 99 49
46 47 49
46 48 20
46 49 87
46 50 27
46 51 92
46 52 60
46 53 88
46 54 88
46 55 73
46 56 41
46 57 20
46 58 35
46 59 84
46 60 63
46 61 86
46 62 29
46 63 40
46 64 26
46 65 96
46 66 29
46 67 70
46 68 67
46 69 34
46 70 80
46 71 29
46 72 40
46 73 46
46 74 43
46 75 25
46 76 26
46 77 71
46 78 78
46 79 93
46 80 3
46 81 37
46 82 7
46 83 54
46 84 75
46 85 34
46 86 32
46 87 56
46 88 65
46 89 24
46 90 78
46 91 10
46 92 53
46 93 20
46 94 69
46 95 84
46 96 9
46 97 52
46 98 45
46 99 16
47 48 9
47 49 30
47 50 25
47 51 26
47 52 82
47 53 40
47 54 57
47 55 17
47 56 67
47 57 76
47 58 62
47 59 12
47 60 60
47 61 60
47 62 95
47 63 82
47 64 78
47 65 76
47 66 71
47 67 29
47 68 46
47 69 82
47 70 67
47 71 46
47 72 96
47 73 37
47 74 42
47 75 40
47 76 6
47 77 93
47 78 81
47 79 14
47 80 34
47 81 84
47 82 9
47 83 63
47 84 18
47 85 20
47 86 32
47 87 12
47 88 3
47 89 98
47 90 89
47 91 13
47 92 24
47 93 57
47 94 43
47 95 58
47 96 15
47 97 18
47 98 11
47 99 23
48 49 34
48 50 38
48 51 67
48 52 27
48 53 68
48 54 76
48 55 14
48 56 72
48 57 4
48 58 78
48 59 65
48 60 25
48 61 25
48 62 73
48 63 52
48 64 53
48 65 43
48 66 94
48 67 80
48 68 32
48 69 82
48 70 28
48 71 34
48 72 3
48 73 55
48 74 85
48 75 86
48 76 41
48 77 48
48 78 17
48 79 39
48 80 48
48 81 28
48 82 96
48 83 49
48 84 48
48 85 45
48 86 32
48 87 52
48 88 96
48 89 56
48 90 9
48 91 12
48 92 80
48 93 68
48 94 54
48 95 14
48 96 79
48 97 65
48 98 74
48 99 80
49 50 72
49 51 62
49 52 86
49 53 63
49 54 60
49 55 72
49 56 44
49 57 3
49 58 42
49 59 72
49 60 18
49 61 39
49 62 79
49 63 43
49 64 83
49 65 75
49 66 26
49 67 7
49 68 44
49 69 18
49 70 48
49 71 87
49 72 23
49 73 3
49 74 35
49 75 74
49 76 2
49 77 38
49 78 94
49 79 15
49 80 82
49 81 68
49 82 40
49 83 41
49 84 78
49 85 94
49 86 26
49 87 29
49 88 76
49 89 76
49 90 58
49 91 93
49 92 18
49 93 53
49 94 11
49 95 38
49 96 88
49 97 47
49 98 92
49 99 29
50 51 21
50 52 7
50 53 83
50 54 55
50 55 57
50 56 32
50 57 75
50 58 75
50 59 28
50 60 67
50 61 98
50 62 93
50 63 56
50 64 91
50 65 27
50 66 66
50 67 68
50 68 29
50 69 16
50 70 65
50 71 30
50 72 36
50 73 30
50 74 67
50 75 39
50 76 82
50 77 14
50 78 57
50 79 94
50 80 94
50 81 97
50 82 84
50 83 28
50 84 52
50 85 91
50 86 59
50 87 58
50 88 75
50 89 47
50 90 4
50 91 10
50 92 18
50 93 23
50 94 82
50 95 43
50 96 69
50 97 3
50 98 52
50 99 70
51 52 71
51 53 64
51 54 41
51 55 53
51 56 87
51 57 51
51 58 72
51 59 11
51 60 28
51 61 13
51 62 69
51 63 45
51 64 68
51 65 30
51 66 44
51 67 42
51 68 29
51 69 61
51 70 59
51 71 39
51 72 57
51 73 39
51 74 3
51 75 76
51 76 40
51 77 8
51 78 86
51 79 94
51 80 14
51 81 60
51 82 2
51 83 32
51 84 15
51 85 82
51 86 89
51 87 78
51 88 92
51 89 91
51 90 73
51 91 2
51 92 68
51 93 73
51 94 53
51 95 5
51 96 74
51 97 22
51 98 67
51 99 96
52 53 4
52 54 86
52 55 97
52 56 65
52 57 56
52 58 95
52 59 50
52 60 3
52 61 29
52 62 41
52 63 75
52 64 59
52 65 16
52 66 66
52 67 58
52 68 3
52 69 27
52 70 97
52 71 28
52 72 69
52 73 30
52 74 37
52 75 72
52 76 11
52 77 11
52 78 17
52 79 70
52 80 37
52 81 74
52 82 73
52 83 19
52 84 3
52 85 57
52 86 31
52 87 32
52 88 60
52 89 70
52 90 44
52 91 70
52 92 87
52 93 78
52 94 18
52 95 24
52 96 5
52 97 6
52 98 18
52 99 48
53 54 84
53 55 98
53 56 11
53 57 2
53 58 49
53 59 84
53 60 13
53 61 91
53 62 90
53 63 23
53 64 34
53 65 31
53 66 4
53 67 83
53 68 27
53 69 8
53 70 35
53 71 30
53 72 45
53 73 81
53 74 13
53 75 23
53 76 20
53 77 93
53 78 5
53 79 29
53 80 48
53 81 41
53 82 96
53 83 72
53 84 85
53 85 41
53 86 88
53 87 38
53 88 81
53 89 55
53 90 62
53 91 68
53 92 77
53 93 39
53 94 28
53 95 50
53 96 5
53 97 37
53 98 81
53 99 73
54 55 24
54 56 31
54 57 52
54 58 8
54 59 12
54 60 67
54 61 69
54 62 87
54 63 74
54 64 13
54 65 75
54 66 63
54 67 95
54 68 94
54 69 93
54 70 51
54 71 81
54 72 18
54 73 78
54 74 46
54 75 80
54 76 92
54 77 61
54 78 62
54 79 11
54 80 27
54 81 50
54 82 25
54 83 41
54 84 49
54 85 47
54 86 31
54 87 27
54 88 74
54 89 78
54 90 89
54 91 63
54 92 47
54 93 75
54 94 90
54 95 34
54 96 39
54 97 94
54 98 32
54 99 23
55 56 51
55 57 74
55 58 19
55 59 85
55 60 85
55 61 84
55 62 3
55 63 91
55 64 12
55 65 47
55 66 70
55 67 4
55 68 66
55 69 34
55 70 98
55 71 81
55 72 17
55 73 93
55 74 83
55 75 67
55 76 71
55 77 41
55 78 95
55 79 87
55 80 57
55 81 44
55 82 52
55 83 61
55 84 98
55 85 58
55 86 73
55 87 19
55 88 8
55 89 33
55 90 32
55 91 9
55 92 33
55 93 47
55 94 67
55 95 96
55 96 82
55 97 25
55 98 82
55 99 93
56 57 77
56 58 48
56 59 68
56 60 28
56 61 31
56 62 56
56 63 20
56 64 61
56 65 66
56 66 54
56 67 11
56 68 36
56 69 54
56 70 6
56 71 38
56 72 13
56 73 33
56 74 89
56 75 53
56 76 76
56 77 66
56 78 81
56 79 25
56 80 3
56 81 65
56 82 6
56 83 92
56 84 60
56 85 22
56 86 48
56 87 84
56 88 14
56 89 75
56 90 93
56 91 94
56 92 50
56 93 41
56 94 47
56 95 62
56 96 66
56 97 46
56 98 41
56 99 72
57 58 52
57 59 76
57 60 36
57 61 30
57 62 17
57 63 56
57 64 30
57 65 76
57 66 75
57 67 22
57 68 11
57 69 76
57 70 19
57 71 67
57 72 89
57 73 73
57 74 61
57 75 97
57 76 34
57 77 25
57 78 4
57 79 30
57 80 50
57 81 88
57 82 17
57 83 81
57 84 26
57 85 10
57 86 19
57 87 45
57 88 9
57 89 29
57 90 48
57 91 65
57 92 28
57 93 30
57 94 77
57 95 7
57 96 82
57 97 7
57 98 76
57 99 49
58 59 7
58 60 26
58 61 94
58 62 24
58 63 67
58 64 72
58 65 87
58 66 51
58 67 13
58 68 74
58 69 44
58 70 30
58 71 66
58 72 79
58 73 57
58 74 67
58 75 52
58 76 43
58 77 96
58 78 64
58 79 50
58 80 2
58 81 52
58 82 89
58 83 2
58 84 23
58 85 66
58 86 22
58 87 2
58 88 19
58 89 37
58 90 36
58 91 41
58 92 38
58 93 90
58 94 13
58 95 33
58 96 71
58 97 88
58 98 58
58 99 23
59 60 23
59 61 70
59 62 36
59 63 16
59 64 76
59 65 21
59 66 75
59 67 27
59 68 55
59 69 95
59 70 39
59 71 76
59 72 77
59 73 30
59 74 43
59 75 14
59 76 51
59 77 22
59 78 84
59 79 48
59 80 47
59 81 2
59 82 76
59 83 60
59 84 94
59 85 80
59 86 15
59 87 74
59 88 11
59 89 23
59 90 9
59 91 67
59 92 2
59 93 51
59 94 64
59 95 61
59 96 32
59 97 38
59 98 30
59 99 41
60 61 88
60 62 33
60 63 41
60 64 61
60 65 41
60 66 60
60 67 29
60 68 39
60 69 31
60 70 2
60 71 70
60 72 9
60 73 90
60 74 82
60 75 19
60 76 3
60 77 66
60 78 12
60 79 97
60 80 10
60 81 40
60 82 34
60 83 94
60 84 53
60 85 28
60 86 26
60 87 59
60 88 31
60 89 32
60 90 19
60 91 51
60 92 95
60 93 74
60 94 84
60 95 81
60 96 41
60 97 49
60 98 53
60 99 75
61 62 64
61 63 52
61 64 3
61 65 80
61 66 4
61 67 56
61 68 27
61 69 26
61 70 90
61 71 94
61 72 51
61 73 26
61 74 83
61 75 27
61 76 48
61 77 50
61 78 12
61 79 19
61 80 19
61 81 76
61 82 64
61 83 22
61 84 93
61 85 94
61 86 9
61 87 14
61 88 54
61 89 31
61 90 38
61 91 53
61 92 41
61 93 48
61 94 17
61 95 77
61 96 68
61 97 94
61 98 6
61 99 53
62 63 36
62 64 13
62 65 31
62 66 60
62 67 23
62 68 54
62 69 43
62 70 80
62 71 55
62 72 61
62 73 65
62 74 26
62 75 46
62 76 63
62 77 39
62 78 10
62 79 70
62 80 67
62 81 51
62 82 90
62 83 24
62 84 88
62 85 19
62 86 32
62 87 98
62 88 13
62 89 49
62 90 75
62 91 32
62 92 46
62 93 7
62 94 63
62 95 82
62 96 29
62 97 6
62 98 2
62 99 10
63 64 41
63 65 19
63 66 66
63 67 11
63 68 13
63 69 60
63 70 19
63 71 98
63 72 53
63 73 51
63 74 16
63 75 11
63 76 67
63 77 6
63 78 14
63 79 53
63 80 25
63 81 17
63 82 69
63 83 17
63 84 55
63 85 76
63 86 29
63 87 46
63 88 27
63 89 83
63 90 6
63 91 23
63 92 7
63 93 5
63 94 85
63 95 76
63 96 9
63 97 5
63 98 37
63 99 66
64 65 65
64 66 71
64 67 29
64 68 42
64 69 65
64 70 32
64 71 26
64 72 86
64 73 82
64 74 55
64 75 50
64 76 81
64 77 21
64 78 52
64 79 54
64 80 55
64 81 16
64 82 3
64 83 74
64 84 62
64 85 41
64 86 57
64 87 47
64 88 11
64 89 12
64 90 46
64 91 37
64 92 36
64 93 49
64 94 64
64 95 7
64 96 35
64 97 93
64 98 59
64 99 29
65 66 38
65 67 96
65 68 67
65 69 97
65 70 56
65 71 78
65 72 41
65 73 28
65 74 64
65 75 17
65 76 89
65 77 53
65 78 6
65 79 47
65 80 54
65 81 54
65 82 21
65 83 10
65 84 72
65 85 21
65 86 5
65 87 87
65 88 34
65 89 24
65 90 19
65 91 34
65 92 74
65 93 78
65 94 44
65 95 60
65 96 82
65 97 50
65 98 69
65 99 52
66 67 95
66 68 17
66 69 56
66 70 28
66 71 10
66 72 39
66 73 45
66 74 65
66 75 64
66 76 29
66 77 10
66 78 57
66 79 79
66 80 35
66 81 53
66 82 52
66 83 57
66 84 42
66 85 80
66 86 79
66 87 6
66 88 41
66 89 13
66 90 12
66 91 48
66 92 17
66 93 70
66 94 54
66 95 5
66 96 20
66 97 13
66 98 13
66 99 18
67 68 25
67 69 27
67 70 43
67 71 23
67 72 9
67 73 33
67 74 90
67 75 71
67 76 54
67 77 83
67 78 26
67 79 40
67 80 36
67 81 13
67 82 24
67 83 40
67 84 42
67 85 79
67 86 49
67 87 15
67 88 32
67 89 85
67 90 90
67 91 42
67 92 58
67 93 4
67 94 53
67 95 31
67 96 6
67 97 80
67 98 69
67 99 14
68 69 24
68 70 56
68 71 25
68 72 59
68 73 48
68 74 33
68 75 15
68 76 88
68 77 39
68 78 24
68 79 64
68 80 9
68 81 34
68 82 21
68 83 59
68 84 40
68 85 82
68 86 55
68 87 14
68 88 29
68 89 48
68 90 94
68 91 91
68 92 11
68 93 56
68 94 79
68 95 18
68 96 96
68 97 61
68 98 32
68 99 90
69 70 25
69 71 68
69 72 6
69 73 19
69 74 41
69 75 11
69 76 70
69 77 58
69 78 47
69 79 82
69 80 84
69 81 16
69 82 29
69 83 5
69 84 34
69 85 83
69 86 30
69 87 27
69 88 90
69 89 51
69 90 55
69 91 10
69 92 38
69 93 10
69 94 43
69 95 95
69 96 49
69 97 18
69 98 68
69 99 44
70 71 61
70 72 95
70 73 72
70 74 58
70 75 85
70 76 64
70 77 28
70 78 15
70 79 14
70 80 63
70 81 54
70 82 43
70 83 62
70 84 60
70 85 94
70 86 17
70 87 77
70 88 95
70 89 21
70 90 46
70 91 9
70 92 6
70 93 59
70 94 70
70 95 11
70 96 26
70 97 19
70 98 14
70 99 21
71 72 41
71 73 90
71 74 77
71 75 60
71 76 15
71 77 25
71 78 85
71 79 69
71 80 71
71 81 2
71 82 11
71 83 52
71 84 50
71 85 94
71 86 50
71 87 2
71 88 61
71 89 66
71 90 36
71 91 23
71 92 9
71 93 6
71 94 44
71 95 2
71 96 37
71 97 11
71 98 9
71 99 31
72 73 41
72 74 38
72 75 80
72 76 86
72 77 44
72 78 24
72 79 52
72 80 53
72 81 18
72 82 10
72 83 77
72 84 25
72 85 63
72 86 47
72 87 19
72 88 42
72 89 55
72 90 22
72 91 31
72 92 46
72 93 60
72 94 10
72 95 82
72 96 2
72 97 30
72 98 3
72 99 28
73 74 98
73 75 60
73 76 55
73 77 68
73 78 8
73 79 16
73 80 3
73 81 94
73 82 57
73 83 60
73 84 22
73 85 76
73 86 57
73 87 66
73 88 40
73 89 51
73 90 33
73 91 5
73 92 4
73 93 86
73 94 59
73 95 42
73 96 24
73 97 94
73 98 79
73 99 22
74 75 91
74 76 76
74 77 60
74 78 61
74 79 50
74 80 12
74 81 19
74 82 51
74 83 36
74 84 70
74 85 56
74 86 67
74 87 21
74 88 74
74 89 3
74 90 17
74 91 40
74 92 84
74 93 2
74 94 79
74 95 32
74 96 14
74 97 93
74 98 89
74 99 85
75 76 14
75 77 58
75 78 24
75 79 48
75 80 23
75 81 68
75 82 32
75 83 44
75 84 2
75 85 37
75 86 88
75 87 22
75 88 66
75 89 56
75 90 18
75 91 95
75 92 18
75 93 85
75 94 10
75 95 31
75 96 50
75 97 28
75 98 94
75 99 31
76 77 80
76 78 80
76 79 76
76 80 77
76 81 17
76 82 94
76 83 73
76 84 84
76 85 54
76 86 43
76 87 96
76 88 76
76 89 27
76 90 51
76 91 41
76 92 43
76 93 43
76 94 59
76 95 98
76 96 71
76 97 92
76 98 8
76 99 88
77 78 2
77 79 98
77 80 69
77 81 70
77 82 39
77 83 35
77 84 3
77 85 25
77 86 38
77 87 18
77 88 61
77 89 92
77 90 52
77 91 23
77 92 80
77 93 71
77 94 17
77 95 44
77 96 94
77 97 10
77 98 27
77 99 44
78 79 5
78 80 51
78 81 90
78 82 71
78 83 24
78 84 71
78 85 43
78 86 27
78 87 10
78 88 52
78 89 47
78 90 7
78 91 68
78 92 95
78 93 9
78 94 83
78 95 54
78 96 5
78 97 28
78 98 43
78 99 92
79 80 73
79 81 74
79 82 16
79 83 17
79 84 84
79 85 68
79 86 4
79 87 19
79 88 20
79 89 65
79 90 7
79 91 46
79 92 93
79 93 6
79 94 42
79 95 41
79 96 89
79 97 98
79 98 55
79 99 23
80 81 71
80 82 11
80 83 89
80 84 38
80 85 29
80 86 67
80 87 81
80 88 75
80 89 83
80 90 68
80 91 59
80 92 8
80 93 81
80 94 58
80 95 76
80 96 91
80 97 2
80 98 37
80 99 43
81 82 63
81 83 96
81 84 34
81 85 3
81 86 5
81 87 14
81 88 35
81 89 61
81 90 32
81 91 14
81 92 53
81 93 91
81 94 86
81 95 70
81 96 26
81 97 71
81 98 97
81 99 8
82 83 86
82 84 50
82 85 11
82 86 83
82 87 48
82 88 27
82 89 47
82 90 30
82 91 33
82 92 45
82 93 8
82 94 3
82 95 93
82 96 15
82 97 39
82 98 65
82 99 95
83 84 47
83 85 31
83 86 41
83 87 58
83 88 64
83 89 4
83 90 5
83 91 31
83 92 95
83 93 92
83 94 5
83 95 40
83 96 39
83 97 66
83 98 25
83 99 31
84 85 86
84 86 50
84 87 91
84 88 94
84 89 3
84 90 39
84 91 68
84 92 21
84 93 79
84 94 9
84 95 89
84 96 14
84 97 32
84 98 24
84 99 44
85 86 25
85 87 10
85 88 86
85 89 84
85 90 42
85 91 93
85 92 2
85 93 31
85 94 48
85 95 39
85 96 56
85 97 66
85 98 34
85 99 95
86 87 59
86 88 59
86 89 94
86 90 61
86 91 68
86 92 6
86 93 88
86 94 67
86 95 90
86 96 55
86 97 17
86 98 39
86 99 49
87 88 73
87 89 91
87 90 58
87 91 39
87 92 13
87 93 31
87 94 66
87 95 8
87 96 14
87 97 98
87 98 11
87 99 87
88 89 17
88 90 71
88 91 44
88 92 41
88 93 78
88 94 24
88 95 12
88 96 96
88 97 67
88 98 25
88 99 26
89 90 27
89 91 40
89 92 23
89 93 73
89 94 65
89 95 48
89 96 64
89 97 45
89 98 43
89 99 28
90 91 49
90 92 61
90 93 4
90 94 44
90 95 82
90 96 72
90 97 49
90 98 3
90 99 4
91 92 65
91 93 52
91 94 11
91 95 58
91 96 28
91 97 52
91 98 12
91 99 58
92 93 87
92 94 26
92 95 23
92 96 36
92 97 81
92 98 29
92 99 69
93 94 47
93 95 93
93 96 71
93 97 85
93 98 43
93 99 39
94 95 17
94 96 82
94 97 18
94 98 53
94 99 97
95 96 79
95 97 11
95 98 16
95 99 95
96 97 45
96 98 28
96 99 63
97 98 35
97 99 55
98 99 92