100
0 1 75
0 2 3
0 3 54
0 4 99
0 5 6
0 6 84
0 7 49
0 8 23
0 9 33
0 10 32
0 11 10
0 12 82
0 13 6
0 14 95
0 15 88
0 16 84
0 17 96
0 18 83
0 19 39
0 20 51
0 21 57
0 22 76
0 23 24
0 24 75
0 25 35
0 26 34
0 27 30
0 28 89
0 29 9
0 30 77
0 31 30
0 32 7
0 33 59
0 34 48
0 35 29
0 36 5
0 37 46
0 38 27
0 39 63
0 40 65
0 41 66
0 42 46
0 43 57
0 44 63
0 45 69
0 46 97
0 47 72
0 48 48
0 49 36
0 50 82
0 51 26
0 52 1
0 53 58
0 54 12
0 55 71
0 56 34
0 57 59
0 58 31
0 59 26
0 60 66
0 61 68
0 62 59
0 63 23
0 64 60
0 65 38
0 66 58
0 67 59
0 68 45
0 69 94
0 70 97
0 71 93
0 72 77
0 73 73
0 74 60
0 75 30
0 76 85
0 77 88
0 78 31
0 79 56
0 80 68
0 81 16
0 82 77
0 83 87
0 84 32
0 85 62
0 86 87
0 87 55
0 88 46
0 89 91
0 90 52
0 91 73
0 92 55
0 93 18
0 94 95
0 95 29
0 96 61
0 97 1
0 98 5
0 99 75
1 2 48
1 3 91
1 4 26
1 5 89
1 6 89
1 7 6
1 8 20
1 9 69
1 10 24
1 11 50
1 12 33
1 13 44
1 14 23
1 15 13
1 16 28
1 17 61
1 18 54
1 19 6
1 20 33
1 21 44
1 22 71
1 23 14
1 24 65
1 25 76
1 26 15
1 27 4
1 28 13
1 29 28
1 30 2
1 31 41
1 32 56
1 33 40
1 34 98
1 35 9
1 36 51
1 37 79
1 38 88
1 39 16
1 40 87
1 41 29
1 42 37
1 43 66
1 44 18
1 45 73
1 46 74
1 47 24
1 48 51
1 49 17
1 50 39
1 51 56
1 52 69
1 53 62
1 54 51
1 55 36
1 56 25
1 57 80
1 58 23
1 59 87
1 60 44
1 61 43
1 62 49
1 63 19
1 64 69
1 65 25
1 66 82
1 67 5
1 68 66
1 69 71
1 70 17
1 71 46
1 72 88
1 73 41
1 74 21
1 75 26
1 76 30
1 77 82
1 78 58
1 79 58
1 80 19
1 81 8
1 82 56
1 83 1
1 84 51
1 85 25
1 86 14
1 87 62
1 88 15
1 89 36
1 90 8
1 91 29
1 92 63
1 93 9
1 94 61
1 95 19
1 96 12
1 97 56
1 98 87
1 99 55
2 3 8
2 4 99
2 5 78
2 6 94
2 7 85
2 8 22
2 9 37
2 10 71
2 11 49
2 12 95
2 13 73
2 14 65
2 15 10
2 16 68
2 17 42
2 18 79
2 19 51
2 20 97
2 21 39
2 22 75
2 23 8
2 24 96
2 25 2
2 26 67
2 27 30
2 28 39
2 29 51
2 30 31
2 31 96
2 32 20
2 33 73
2 34 24
2 35 39
2 36 25
2 37 25
2 38 36
2 39 78
2 40 62
2 41 18
2 42 4
2 43 61
2 44 95
2 45 1
2 46 41
2 47 10
2 48 53
2 49 97
2 50 43
2 51 43
2 52 94
2 53 79
2 54 29
2 55 69
2 56 35
2 57 74
2 58 17
2 59 21
2 60 64
2 61 55
2 62 58
2 63 50
2 64 46
2 65 14
2 66 77
2 67 24
2 68 70
2 69 7
2 70 71
2 71 25
2 72 83
2 73 7
2 74 29
2 75 2
2 76 60
2 77 80
2 78 44
2 79 21
2 80 72
2 81 50
2 82 27
2 83 37
2 84 73
2 85 47
2 86 6
2 87 13
2 88 31
2 89 4
2 90 65
2 91 81
2 92 69
2 93 81
2 94 50
2 95 86
2 96 9
2 97 40
2 98 37
2 99 8
3 4 18
3 5 20
3 6 3
3 7 81
3 8 11
3 9 41
3 10 95
3 11 77
3 12 32
3 13 82
3 14 83
3 15 95
3 16 74
3 17 64
3 18 27
3 19 24
3 20 76
3 21 32
3 22 65
3 23 10
3 24 61
3 25 98
3 26 52
3 27 96
3 28 5
3 29 77
3 30 62
3 31 53
3 32 48
3 33 60
3 34 28
3 35 85
3 36 11
3 37 25
3 38 29
3 39 73
3 40 20
3 41 48
3 42 33
3 43 31
3 44 79
3 45 49
3 46 32
3 47 33
3 48 49
3 49 24
3 50 55
3 51 95
3 52 8
3 53 70
3 54 47
3 55 30
3 56 64
3 57 89
3 58 89
3 59 30
3 60 77
3 61 79
3 62 96
3 63 54
3 64 25
3 65 28
3 66 76
3 67 73
3 68 88
3 69 27
3 70 24
3 71 84
3 72 69
3 73 84
3 74 7
3 75 50
3 76 15
3 77 94
3 78 21
3 79 51
3 80 1
3 81 24
3 82 22
3 83 39
3 84 60
3 85 24
3 86 6
3 87 92
3 88 43
3 89 29
3 90 49
3 91 48
3 92 61
3 93 49
3 94 88
3 95 88
3 96 58
3 97 18
3 98 67
3 99 79
4 5 38
4 6 93
4 7 68
4 8 8
4 9 18
4 10 74
4 11 39
4 12 43
4 13 95
4 14 41
4 15 67
4 16 24
4 17 89
4 18 79
4 19 29
4 20 68
4 21 9
4 22 14
4 23 65
4 24 69
4 25 21
4 26 70
4 27 67
4 28 62
4 29 77
4 30 26
4 31 60
4 32 62
4 33 87
4 34 24
4 35 88
4 36 52
4 37 81
4 38 24
4 39 18
4 40 78
4 41 60
4 42 38
4 43 78
4 44 60
4 45 83
4 46 53
4 47 26
4 48 72
4 49 78
4 50 76
4 51 81
4 52 65
4 53 61
4 54 67
4 55 91
4 56 52
4 57 63
4 58 19
4 59 57
4 60 12
4 61 8
4 62 86
4 63 75
4 64 90
4 65 18
4 66 74
4 67 41
4 68 11
4 69 75
4 70 87
4 71 30
4 72 69
4 73 19
4 74 19
4 75 25
4 76 66
4 77 52
4 78 48
4 79 31
4 80 72
4 81 86
4 82 9
4 83 17
4 84 37
4 85 53
4 86 29
4 87 31
4 88 88
4 89 3
4 90 41
4 91 18
4 92 96
4 93 48
4 94 63
4 95 89
4 96 17
4 97 3
4 98 23
4 99 2
5 6 99
5 7 17
5 8 50
5 9 2
5 10 65
5 11 78
5 12 6
5 13 30
5 14 37
5 15 74
5 16 18
5 17 47
5 18 47
5 19 68
5 20 57
5 21 25
5 22 82
5 23 40
5 24 83
5 25 4
5 26 35
5 27 24
5 28 98
5 29 66
5 30 16
5 31 89
5 32 10
5 33 52
5 34 27
5 35 55
5 36 44
5 37 31
5 38 74
5 39 58
5 40 9
5 41 24
5 42 46
5 43 60
5 44 9
5 45 24
5 46 66
5 47 71
5 48 3
5 49 26
5 50 52
5 51 35
5 52 9
5 53 61
5 54 76
5 55 21
5 56 33
5 57 72
5 58 70
5 59 86
5 60 62
5 61 1
5 62 40
5 63 32
5 64 33
5 65 20
5 66 62
5 67 15
5 68 19
5 69 24
5 70 17
5 71 4
5 72 79
5 73 47
5 74 23
5 75 20
5 76 76
5 77 92
5 78 86
5 79 51
5 80 37
5 81 27
5 82 26
5 83 39
5 84 84
5 85 65
5 86 2
5 87 24
5 88 10
5 89 44
5 90 11
5 91 39
5 92 82
5 93 95
5 94 2
5 95 54
5 96 92
5 97 48
5 98 87
5 99 55
6 7 35
6 8 70
6 9 45
6 10 77
6 11 80
6 12 37
6 13 92
6 14 45
6 15 42
6 16 50
6 17 98
6 18 95
6 19 48
6 20 8
6 21 8
6 22 28
6 23 12
6 24 67
6 25 24
6 26 14
6 27 15
6 28 38
6 29 60
6 30 24
6 31 33
6 32 82
6 33 32
6 34 90
6 35 36
6 36 39
6 37 43
6 38 11
6 39 41
6 40 14
6 41 25
6 42 2
6 43 63
6 44 56
6 45 43
6 46 33
6 47 38
6 48 20
6 49 87
6 50 26
6 51 31
6 52 14
6 53 38
6 54 74
6 55 14
6 56 26
6 57 38
6 58 10
6 59 66
6 60 1
6 61 3
6 62 38
6 63 40
6 64 15
6 65 8
6 66 16
6 67 63
6 68 84
6 69 43
6 70 67
6 71 80
6 72 32
6 73 99
6 74 51
6 75 71
6 76 41
6 77 35
6 78 95
6 79 31
6 80 62
6 81 71
6 82 20
6 83 53
6 84 43
6 85 22
6 86 26
6 87 62
6 88 6
6 89 47
6 90 75
6 91 57
6 92 5
6 93 40
6 94 28
6 95 36
6 96 32
6 97 20
6 98 70
6 99 47
7 8 80
7 9 94
7 10 37
7 11 80
7 12 25
7 13 92
7 14 91
7 15 3
7 16 59
7 17 67
7 18 84
7 19 9
7 20 90
7 21 98
7 22 76
7 23 3
7 24 73
7 25 22
7 26 30
7 27 64
7 28 86
7 29 87
7 30 24
7 31 88
7 32 41
7 33 66
7 34 19
7 35 79
7 36 86
7 37 67
7 38 97
7 39 55
7 40 22
7 41 7
7 42 82
7 43 78
7 44 52
7 45 96
7 46 77
7 47 12
7 48 89
7 49 35
7 50 78
7 51 66
7 52 86
7 53 85
7 54 75
7 55 12
7 56 39
7 57 9
7 58 46
7 59 17
7 60 2
7 61 33
7 62 72
7 63 1
7 64 9
7 65 69
7 66 22
7 67 85
7 68 78
7 69 63
7 70 65
7 71 4
7 72 25
7 73 8
7 74 75
7 75 40
7 76 11
7 77 9
7 78 39
7 79 43
7 80 27
7 81 94
7 82 5
7 83 43
7 84 42
7 85 60
7 86 13
7 87 3
7 88 7
7 89 8
7 90 16
7 91 51
7 92 50
7 93 26
7 94 27
7 95 16
7 96 44
7 97 8
7 98 90
7 99 70
8 9 9
8 10 26
8 11 66
8 12 3
8 13 30
8 14 74
8 15 74
8 16 36
8 17 74
8 18 33
8 19 75
8 20 99
8 21 32
8 22 84
8 23 44
8 24 42
8 25 12
8 26 72
8 27 33
8 28 35
8 29 12
8 30 80
8 31 63
8 32 3
8 33 23
8 34 91
8 35 72
8 36 18
8 37 28
8 38 75
8 39 23
8 40 93
8 41 99
8 42 27
8 43 57
8 44 72
8 45 11
8 46 82
8 47 93
8 48 59
8 49 1
8 50 41
8 51 78
8 52 58
8 53 81
8 54 65
8 55 97
8 56 99
8 57 60
8 58 27
8 59 46
8 60 25
8 61 69
8 62 72
8 63 70
8 64 81
8 65 92
8 66 77
8 67 6
8 68 22
8 69 60
8 70 55
8 71 70
8 72 52
8 73 70
8 74 68
8 75 85
8 76 71
8 77 85
8 78 49
8 79 93
8 80 57
8 81 87
8 82 35
8 83 25
8 84 55
8 85 80
8 86 12
8 87 75
8 88 46
8 89 70
8 90 27
8 91 89
8 92 59
8 93 69
8 94 92
8 95 38
8 96 2
8 97 47
8 98 43
8 99 93
9 10 98
9 11 97
9 12 7
9 13 27
9 14 60
9 15 61
9 16 77
9 17 80
9 18 6
9 19 8
9 20 16
9 21 31
9 22 95
9 23 64
9 24 35
9 25 64
9 26 60
9 27 9
9 28 12
9 29 6
9 30 91
9 31 6
9 32 7
9 33 38
9 34 58
9 35 3
9 36 53
9 37 35
9 38 18
9 39 65
9 40 81
9 41 37
9 42 36
9 43 77
9 44 95
9 45 79
9 46 85
9 47 95
9 48 69
9 49 60
9 50 16
9 51 66
9 52 93
9 53 72
9 54 40
9 55 71
9 56 17
9 57 24
9 58 65
9 59 5
9 60 23
9 61 80
9 62 80
9 63 96
9 64 27
9 65 20
9 66 44
9 67 25
9 68 21
9 69 18
9 70 60
9 71 15
9 72 90
9 73 2
9 74 19
9 75 53
9 76 12
9 77 86
9 78 2
9 79 56
9 80 43
9 81 81
9 82 22
9 83 23
9 84 23
9 85 82
9 86 64
9 87 96
9 88 63
9 89 47
9 90 34
9 91 90
9 92 20
9 93 19
9 94 11
9 95 10
9 96 78
9 97 67
9 98 97
9 99 6
10 11 81
10 12 3
10 13 79
10 14 70
10 15 2
10 16 46
10 17 47
10 18 30
10 19 71
10 20 15
10 21 49
10 22 38
10 23 82
10 24 42
10 25 3
10 26 83
10 27 88
10 28 76
10 29 76
10 30 86
10 31 13
10 32 14
10 33 77
10 34 72
10 35 52
10 36 61
10 37 90
10 38 75
10 39 44
10 40 67
10 41 97
10 42 63
10 43 48
10 44 74
10 45 41
10 46 26
10 47 84
10 48 51
10 49 39
10 50 46
10 51 17
10 52 83
10 53 22
10 54 74
10 55 28
10 56 7
10 57 34
10 58 33
10 59 3
10 60 27
10 61 16
10 62 12
10 63 20
10 64 78
10 65 57
10 66 23
10 67 17
10 68 24
10 69 91
10 70 88
10 71 11
10 72 4
10 73 63
10 74 91
10 75 32
10 76 60
10 77 42
10 78 13
10 79 31
10 80 39
10 81 57
10 82 36
10 83 74
10 84 68
10 85 33
10 86 77
10 87 15
10 88 77
10 89 57
10 90 95
10 91 75
10 92 7
10 93 64
10 94 29
10 95 93
10 96 83
10 97 75
10 98 22
10 99 36
11 12 93
11 13 82
11 14 34
11 15 37
11 16 3
11 17 40
11 18 8
11 19 7
11 20 72
11 21 25
11 22 64
11 23 5
11 24 9
11 25 32
11 26 34
11 27 22
11 28 99
11 29 8
11 30 50
11 31 74
11 32 18
11 33 75
11 34 44
11 35 93
11 36 7
11 37 24
11 38 39
11 39 12
11 40 63
11 41 31
11 42 39
11 43 47
11 44 44
11 45 37
11 46 63
11 47 65
11 48 76
11 49 28
11 50 13
11 51 68
11 52 80
11 53 39
11 54 29
11 55 67
11 56 58
11 57 73
11 58 38
11 59 68
11 60 87
11 61 38
11 62 29
11 63 12
11 64 37
11 65 63
11 66 66
11 67 90
11 68 91
11 69 85
11 70 60
11 71 54
11 72 51
11 73 48
11 74 25
11 75 42
11 76 73
11 77 88
11 78 42
11 79 91
11 80 36
11 81 37
11 82 23
11 83 30
11 84 61
11 85 68
11 86 53
11 87 95
11 88 16
11 89 59
11 90 14
11 91 56
11 92 29
11 93 14
11 94 17
11 95 95
11 96 12
11 97 32
11 98 64
11 99 73
12 13 91
12 14 93
12 15 50
12 16 8
12 17 90
12 18 67
12 19 68
12 20 11
12 21 52
12 22 11
12 23 31
12 24 49
12 25 44
12 26 15
12 27 16
12 28 45
12 29 59
12 30 93
12 31 63
12 32 5
12 33 66
12 34 48
12 35 19
12 36 70
12 37 40
12 38 26
12 39 92
12 40 3
12 41 95
12 42 90
12 43 97
12 44 91
12 45 39
12 46 41
12 47 96
12 48 24
12 49 68
12 50 55
12 51 21
12 52 31
12 53 43
12 54 6
12 55 42
12 56 76
12 57 84
12 58 81
12 59 78
12 60 70
12 61 29
12 62 41
12 63 36
12 64 87
12 65 37
12 66 50
12 67 37
12 68 61
12 69 95
12 70 93
12 71 59
12 72 40
12 73 86
12 74 65
12 75 58
12 76 98
12 77 47
12 78 45
12 79 81
12 80 72
12 81 90
12 82 58
12 83 22
12 84 89
12 85 28
12 86 72
12 87 60
12 88 27
12 89 53
12 90 4
12 91 65
12 92 56
12 93 7
12 94 46
12 95 87
12 96 90
12 97 48
12 98 20
12 99 33
13 14 41
13 15 54
13 16 74
13 17 86
13 18 42
13 19 74
13 20 92
13 21 1
13 22 32
13 23 65
13 24 39
13 25 77
13 26 8
13 27 6
13 28 14
13 29 38
13 30 98
13 31 58
13 32 76
13 33 62
13 34 6
13 35 39
13 36 19
13 37 82
13 38 11
13 39 75
13 40 8
13 41 53
13 42 2
13 43 17
13 44 76
13 45 65
13 46 3
13 47 20
13 48 62
13 49 53
13 50 67
13 51 43
13 52 76
13 53 43
13 54 88
13 55 47
13 56 60
13 57 75
13 58 99
13 59 71
13 60 9
13 61 47
13 62 36
13 63 57
13 64 66
13 65 44
13 66 66
13 67 31
13 68 69
13 69 83
13 70 4
13 71 99
13 72 97
13 73 42
13 74 30
13 75 63
13 76 66
13 77 81
13 78 35
13 79 66
13 80 94
13 81 78
13 82 36
13 83 63
13 84 78
13 85 23
13 86 58
13 87 30
13 88 30
13 89 86
13 90 60
13 91 20
13 92 93
13 93 56
13 94 66
13 95 63
13 96 12
13 97 85
13 98 60
13 99 44
14 15 54
14 16 9
14 17 67
14 18 85
14 19 15
14 20 97
14 21 76
14 22 96
14 23 54
14 24 81
14 25 5
14 26 48
14 27 76
14 28 1
14 29 9
14 30 98
14 31 22
14 32 56
14 33 88
14 34 2
14 35 6
14 36 75
14 37 15
14 38 59
14 39 94
14 40 48
14 41 38
14 42 88
14 43 83
14 44 7
14 45 57
14 46 35
14 47 89
14 48 91
14 49 38
14 50 78
14 51 50
14 52 40
14 53 42
14 54 42
14 55 78
14 56 86
14 57 51
14 58 81
14 59 56
14 60 60
14 61 74
14 62 4
14 63 39
14 64 78
14 65 21
14 66 24
14 67 67
14 68 94
14 69 65
14 70 73
14 71 28
14 72 1
14 73 73
14 74 95
14 75 13
14 76 75
14 77 25
14 78 7
14 79 92
14 80 20
14 81 69
14 82 79
14 83 11
14 84 17
14 85 92
14 86 15
14 87 73
14 88 40
14 89 3
14 90 40
14 91 80
14 92 80
14 93 41
14 94 50
14 95 68
14 96 55
14 97 37
14 98 93
14 99 56
15 16 57
15 17 84
15 18 56
15 19 57
15 20 22
15 21 2
15 22 35
15 23 53
15 24 41
15 25 74
15 26 75
15 27 90
15 28 85
15 29 96
15 30 93
15 31 41
15 32 56
15 33 72
15 34 72
15 35 84
15 36 89
15 37 59
15 38 50
15 39 12
15 40 62
15 41 78
15 42 31
15 43 65
15 44 96
15 45 10
15 46 74
15 47 57
15 48 74
15 49 43
15 50 38
15 51 20
15 52 61
15 53 81
15 54 27
15 55 52
15 56 35
15 57 1
15 58 55
15 59 54
15 60 89
15 61 18
15 62 39
15 63 51
15 64 51
15 65 31
15 66 45
15 67 2
15 68 84
15 69 64
15 70 46
15 71 75
15 72 39
15 73 30
15 74 90
15 75 86
15 76 99
15 77 58
15 78 67
15 79 55
15 80 10
15 81 78
15 82 88
15 83 45
15 84 98
15 85 15
15 86 56
15 87 81
15 88 23
15 89 5
15 90 73
15 91 96
15 92 8
15 93 33
15 94 23
15 95 50
15 96 92
15 97 93
15 98 49
15 99 15
16 17 17
16 18 39
16 19 81
16 20 22
16 21 26
16 22 88
16 23 89
16 24 10
16 25 44
16 26 54
16 27 74
16 28 4
16 29 80
16 30 94
16 31 92
16 32 90
16 33 99
16 34 93
16 35 23
16 36 73
16 37 39
16 38 18
16 39 8
16 40 65
16 41 47
16 42 2
16 43 23
16 44 44
16 45 82
16 46 82
16 47 76
16 48 66
16 49 2
16 50 10
16 51 74
16 52 17
16 53 54
16 54 97
16 55 98
16 56 62
16 57 47
16 58 55
16 59 42
16 60 11
16 61 94
16 62 42
16 63 94
16 64 72
16 65 18
16 66 62
16 67 40
16 68 3
16 69 70
16 70 15
16 71 42
16 72 22
16 73 64
16 74 62
16 75 55
16 76 59
16 77 40
16 78 54
16 79 18
16 80 54
16 81 56
16 82 81
16 83 51
16 84 11
16 85 42
16 86 59
16 87 96
16 88 11
16 89 10
16 90 54
16 91 72
16 92 92
16 93 93
16 94 85
16 95 95
16 96 15
16 97 73
16 98 13
16 99 26
17 18 11
17 19 81
17 20 34
17 21 60
17 22 33
17 23 63
17 24 96
17 25 77
17 26 17
17 27 55
17 28 98
17 29 93
17 30 72
17 31 1
17 32 1
17 33 17
17 34 68
17 35 98
17 36 4
17 37 66
17 38 75
17 39 65
17 40 36
17 41 46
17 42 29
17 43 50
17 44 34
17 45 7
17 46 40
17 47 60
17 48 7
17 49 80
17 50 79
17 51 96
17 52 56
17 53 22
17 54 52
17 55 93
17 56 3
17 57 43
17 58 18
17 59 63
17 60 33
17 61 97
17 62 32
17 63 74
17 64 86
17 65 71
17 66 69
17 67 6
17 68 44
17 69 95
17 70 2
17 71 49
17 72 34
17 73 47
17 74 80
17 75 96
17 76 77
17 77 23
17 78 32
17 79 7
17 80 83
17 81 19
17 82 39
17 83 84
17 84 67
17 85 98
17 86 57
17 87 69
17 88 1
17 89 14
17 90 67
17 91 80
17 92 52
17 93 58
17 94 39
17 95 28
17 96 69
17 97 75
17 98 59
17 99 83
18 19 47
18 20 58
18 21 8
18 22 34
18 23 67
18 24 78
18 25 44
18 26 55
18 27 64
18 28 71
18 29 13
18 30 3
18 31 91
18 32 70
18 33 68
18 34 9
18 35 43
18 36 8
18 37 39
18 38 8
18 39 61
18 40 96
18 41 38
18 42 17
18 43 38
18 44 55
18 45 83
18 46 94
18 47 6
18 48 8
18 49 24
18 50 89
18 51 70
18 52 37
18 53 71
18 54 58
18 55 52
18 56 75
18 57 72
18 58 83
18 59 26
18 60 33
18 61 19
18 62 44
18 63 59
18 64 19
18 65 15
18 66 3
18 67 80
18 68 82
18 69 49
18 70 54
18 71 52
18 72 17
18 73 95
18 74 40
18 75 72
18 76 64
18 77 32
18 78 60
18 79 70
18 80 10
18 81 36
18 82 28
18 83 63
18 84 47
18 85 76
18 86 58
18 87 83
18 88 20
18 89 95
18 90 27
18 91 50
18 92 84
18 93 28
18 94 85
18 95 79
18 96 19
18 97 80
18 98 51
18 99 4
19 20 56
19 21 99
19 22 47
19 23 60
19 24 21
19 25 36
19 26 63
19 27 91
19 28 11
19 29 49
19 30 28
19 31 56
19 32 35
19 33 72
19 34 32
19 35 16
19 36 34
19 37 39
19 38 71
19 39 37
19 40 56
19 41 40
19 42 41
19 43 77
19 44 73
19 45 50
19 46 30
19 47 81
19 48 66
19 49 69
19 50 68
19 51 35
19 52 22
19 53 62
19 54 18
19 55 21
19 56 87
19 57 88
19 58 8
19 59 93
19 60 5
19 61 96
19 62 85
19 63 68
19 64 44
19 65 17
19 66 26
19 67 49
19 68 13
19 69 3
19 70 41
19 71 34
19 72 11
19 73 76
19 74 98
19 75 56
19 76 67
19 77 90
19 78 79
19 79 98
19 80 81
19 81 73
19 82 40
19 83 17
19 84 51
19 85 69
19 86 13
19 87 83
19 88 39
19 89 46
19 90 54
19 91 19
19 92 99
19 93 33
19 94 45
19 95 74
19 96 24
19 97 73
19 98 96
19 99 69
20 21 75
20 22 44
20 23 29
20 24 94
20 25 47
20 26 23
20 27 69
20 28 91
20 29 48
20 30 5
20 31 88
20 32 31
20 33 7
20 34 16
20 35 61
20 36 91
20 37 28
20 38 84
20 39 53
20 40 73
20 41 83
20 42 59
20 43 9
20 44 19
20 45 99
20 46 16
20 47 10
20 48 65
20 49 87
20 50 95
20 51 73
20 52 24
20 53 73
20 54 14
20 55 43
20 56 57
20 57 90
20 58 1
20 59 59
20 60 55
20 61 74
20 62 98
20 63 45
20 64 30
20 65 48
20 66 56
20 67 65
20 68 88
20 69 24
20 70 34
20 71 87
20 72 86
20 73 89
20 74 62
20 75 12
20 76 5
20 77 68
20 78 56
20 79 75
20 80 76
20 81 65
20 82 70
20 83 15
20 84 81
20 85 72
20 86 90
20 87 27
20 88 1
20 89 86
20 90 29
20 91 34
20 92 61
20 93 68
20 94 76
20 95 63
20 96 41
20 97 30
20 98 20
20 99 77
21 22 18
21 23 61
21 24 13
21 25 80
21 26 60
21 27 66
21 28 53
21 29 97
21 30 6
21 31 81
21 32 92
21 33 48
21 34 56
21 35 5
21 36 70
21 37 87
21 38 18
21 39 9
21 40 13
21 41 39
21 42 85
21 43 37
21 44 4
21 45 90
21 46 45
21 47 39
21 48 87
21 49 31
21 50 33
21 51 42
21 52 82
21 53 5
21 54 75
21 55 99
21 56 85
21 57 67
21 58 72
21 59 23
21 60 58
21 61 29
21 62 5
21 63 81
21 64 83
21 65 95
21 66 93
21 67 38
21 68 32
21 69 27
21 70 51
21 71 80
21 72 96
21 73 67
21 74 33
21 75 94
21 76 32
21 77 95
21 78 77
21 79 55
21 80 97
21 81 79
21 82 82
21 83 69
21 84 61
21 85 41
21 86 82
21 87 55
21 88 90
21 89 81
21 90 37
21 91 24
21 92 78
21 93 80
21 94 2
21 95 60
21 96 68
21 97 10
21 98 12
21 99 52
22 23 81
22 24 41
22 25 57
22 26 85
22 27 32
22 28 77
22 29 88
22 30 6
22 31 41
22 32 45
22 33 5
22 34 29
22 35 22
22 36 94
22 37 96
22 38 4
22 39 65
22 40 26
22 41 54
22 42 46
22 43 79
22 44 40
22 45 98
22 46 61
22 47 11
22 48 99
22 49 75
22 50 15
22 51 29
22 52 75
22 53 67
22 54 10
22 55 52
22 56 62
22 57 35
22 58 28
22 59 34
22 60 90
22 61 1
22 62 66
22 63 52
22 64 28
22 65 7
22 66 52
22 67 50
22 68 67
22 69 40
22 70 28
22 71 64
22 72 80
22 73 69
22 74 18
22 75 4
22 76 89
22 77 82
22 78 34
22 79 60
22 80 7
22 81 58
22 82 92
22 83 14
22 84 28
22 85 65
22 86 76
22 87 50
22 88 78
22 89 37
22 90 19
22 91 94
22 92 59
22 93 2
22 94 99
22 95 95
22 96 99
22 97 74
22 98 13
22 99 5
23 24 67
23 25 79
23 26 59
23 27 86
23 28 29
23 29 87
23 30 48
23 31 7
23 32 50
23 33 88
23 34 23
23 35 98
23 36 35
23 37 7
23 38 88
23 39 9
23 40 63
23 41 85
23 42 39
23 43 32
23 44 56
23 45 46
23 46 9
23 47 82
23 48 6
23 49 87
23 50 4
23 51 16
23 52 91
23 53 7
23 54 81
23 55 9
23 56 5
23 57 50
23 58 88
23 59 82
23 60 88
23 61 31
23 62 32
23 63 55
23 64 69
23 65 39
23 66 73
23 67 88
23 68 65
23 69 65
23 70 12
23 71 45
23 72 59
23 73 42
23 74 73
23 75 88
23 76 84
23 77 98
23 78 26
23 79 59
23 80 95
23 81 49
23 82 15
23 83 43
23 84 2
23 85 80
23 86 12
23 87 8
23 88 5
23 89 52
23 90 34
23 91 20
23 92 24
23 93 32
23 94 30
23 95 46
23 96 61
23 97 36
23 98 34
23 99 2
24 25 6
24 26 83
24 27 93
24 28 38
24 29 37
24 30 58
24 31 66
24 32 54
24 33 52
24 34 27
24 35 78
24 36 5
24 37 46
24 38 19
24 39 40
24 40 29
24 41 47
24 42 44
24 43 57
24 44 90
24 45 19
24 46 92
24 47 78
24 48 69
24 49 79
24 50 61
24 51 80
24 52 70
24 53 17
24 54 97
24 55 78
24 56 80
24 57 31
24 58 21
24 59 13
24 60 31
24 61 78
24 62 64
24 63 17
24 64 44
24 65 48
24 66 11
24 67 37
24 68 23
24 69 72
24 70 98
24 71 2
24 72 62
24 73 28
24 74 92
24 75 65
24 76 99
24 77 11
24 78 88
24 79 95
24 80 42
24 81 51
24 82 64
24 83 64
24 84 16
24 85 87
24 86 94
24 87 18
24 88 33
24 89 31
24 90 70
24 91 16
24 92 12
24 93 73
24 94 46
24 95 47
24 96 64
24 97 45
24 98 52
24 99 27
25 26 90
25 27 17
25 28 58
25 29 75
25 30 22
25 31 79
25 32 35
25 33 88
25 34 61
25 35 58
25 36 36
25 37 36
25 38 88
25 39 67
25 40 86
25 41 17
25 42 7
25 43 26
25 44 55
25 45 50
25 46 40
25 47 97
25 48 78
25 49 37
25 50 44
25 51 44
25 52 28
25 53 57
25 54 86
25 55 62
25 56 2
25 57 71
25 58 2
25 59 64
25 60 38
25 61 19
25 62 16
25 63 90
25 64 7
25 65 78
25 66 47
25 67 2
25 68 61
25 69 88
25 70 64
25 71 14
25 72 48
25 73 35
25 74 90
25 75 91
25 76 24
25 77 87
25 78 14
25 79 55
25 80 47
25 81 67
25 82 47
25 83 16
25 84 36
25 85 3
25 86 50
25 87 91
25 88 73
25 89 42
25 90 99
25 91 80
25 92 80
25 93 33
25 94 13
25 95 97
25 96 75
25 97 29
25 98 78
25 99 84
26 27 90
26 28 26
26 29 7
26 30 47
26 31 22
26 32 76
26 33 42
26 34 89
26 35 65
26 36 99
26 37 36
26 38 5
26 39 33
26 40 5
26 41 46
26 42 38
26 43 69
26 44 88
26 45 15
26 46 2
26 47 88
26 48 21
26 49 58
26 50 2
26 51 22
26 52 85
26 53 70
26 54 51
26 55 78
26 56 30
26 57 70
26 58 59
26 59 10
26 60 36
26 61 97
26 62 67
26 63 22
26 64 87
26 65 59
26 66 41
26 67 1
26 68 3
26 69 69
26 70 38
26 71 98
26 72 83
26 73 9
26 74 68
26 75 9
26 76 69
26 77 21
26 78 87
26 79 83
26 80 2
26 81 42
26 82 18
26 83 51
26 84 38
26 85 25
26 86 30
26 87 93
26 88 56
26 89 67
26 90 46
26 91 79
26 92 83
26 93 7
26 94 34
26 95 45
26 96 98
26 97 79
26 98 92
26 99 92
27 28 32
27 29 32
27 30 12
27 31 13
27 32 68
27 33 67
27 34 85
27 35 9
27 36 34
27 37 42
27 38 1
27 39 90
27 40 9
27 41 77
27 42 54
27 43 56
27 44 47
27 45 96
27 46 24
27 47 98
27 48 83
27 49 75
27 50 33
27 51 82
27 52 67
27 53 96
27 54 99
27 55 63
27 56 96
27 57 50
27 58 64
27 59 12
27 60 82
27 61 26
27 62 98
27 63 92
27 64 27
27 65 31
27 66 62
27 67 96
27 68 82
27 69 73
27 70 97
27 71 68
27 72 70
27 73 96
27 74 68
27 75 10
27 76 64
27 77 85
27 78 95
27 79 5
27 80 70
27 81 46
27 82 72
27 83 25
27 84 17
27 85 66
27 86 21
27 87 23
27 88 33
27 89 47
27 90 82
27 91 32
27 92 1
27 93 82
27 94 23
27 95 94
27 96 35
27 97 63
27 98 29
27 99 25
28 29 7
28 30 86
28 31 48
28 32 76
28 33 84
28 34 2
28 35 60
28 36 20
28 37 32
28 38 22
28 39 78
28 40 46
28 41 57
28 42 53
28 43 47
28 44 4
28 45 59
28 46 44
28 47 72
28 48 12
28 49 46
28 50 75
28 51 86
28 52 8
28 53 33
28 54 61
28 55 62
28 56 78
28 57 6
28 58 28
28 59 61
28 60 39
28 61 76
28 62 51
28 63 21
28 64 78
28 65 52
28 66 15
28 67 59
28 68 75
28 69 55
28 70 94
28 71 64
28 72 20
28 73 68
28 74 49
28 75 24
28 76 39
28 77 30
28 78 12
28 79 68
28 80 42
28 81 85
28 82 93
28 83 68
28 84 71
28 85 4
28 86 32
28 87 83
28 88 57
28 89 38
28 90 15
28 91 98
28 92 40
28 93 30
28 94 30
28 95 75
28 96 61
28 97 86
28 98 46
28 99 35
29 30 40
29 31 81
29 32 11
29 33 68
29 34 78
29 35 16
29 36 72
29 37 98
29 38 82
29 39 65
29 40 64
29 41 31
29 42 49
29 43 36
29 44 16
29 45 76
29 46 96
29 47 30
29 48 48
29 49 45
29 50 63
29 51 88
29 52 97
29 53 11
29 54 41
29 55 12
29 56 96
29 57 26
29 58 43
29 59 65
29 60 98
29 61 83
29 62 41
29 63 89
29 64 47
29 65 55
29 66 90
29 67 75
29 68 29
29 69 59
29 70 77
29 71 58
29 72 66
29 73 90
29 74 54
29 75 28
29 76 68
29 77 38
29 78 17
29 79 11
29 80 53
29 81 71
29 82 57
29 83 35
29 84 65
29 85 49
29 86 45
29 87 94
29 88 2
29 89 55
29 90 98
29 91 79
29 92 90
29 93 67
29 94 31
29 95 91
29 96 57
29 97 18
29 98 89
29 99 24
30 31 27
30 32 54
30 33 27
30 34 28
30 35 27
30 36 39
30 37 50
30 38 93
30 39 76
30 40 51
30 41 21
30 42 9
30 43 82
30 44 77
30 45 56
30 46 99
30 47 94
30 48 89
30 49 34
30 50 83
30 51 76
30 52 97
30 53 6
30 54 85
30 55 97
30 56 76
30 57 29
30 58 94
30 59 83
30 60 81
30 61 12
30 62 10
30 63 38
30 64 64
30 65 67
30 66 73
30 67 77
30 68 31
30 69 3
30 70 76
30 71 70
30 72 21
30 73 64
30 74 58
30 75 33
30 76 83
30 77 9
30 78 35
30 79 63
30 80 12
30 81 32
30 82 20
30 83 43
30 84 44
30 85 25
30 86 92
30 87 76
30 88 25
30 89 89
30 90 47
30 91 91
30 92 47
30 93 48
30 94 66
30 95 69
30 96 73
30 97 60
30 98 18
30 99 77
31 32 97
31 33 59
31 34 31
31 35 7
31 36 36
31 37 4
31 38 67
31 39 64
31 40 64
31 41 91
31 42 21
31 43 7
31 44 25
31 45 17
31 46 86
31 47 25
31 48 77
31 49 18
31 50 11
31 51 61
31 52 77
31 53 41
31 54 35
31 55 68
31 56 56
31 57 81
31 58 73
31 59 88
31 60 28
31 61 50
31 62 62
31 63 43
31 64 4
31 65 33
31 66 39
31 67 38
31 68 13
31 69 4
31 70 42
31 71 96
31 72 95
31 73 72
31 74 59
31 75 48
31 76 56
31 77 20
31 78 80
31 79 8
31 80 43
31 81 57
31 82 13
31 83 69
31 84 58
31 85 18
31 86 45
31 87 56
31 88 82
31 89 78
31 90 20
31 91 16
31 92 91
31 93 75
31 94 5
31 95 64
31 96 52
31 97 85
31 98 16
31 99 91
32 33 10
32 34 86
32 35 57
32 36 99
32 37 93
32 38 30
32 39 56
32 40 3
32 41 77
32 42 45
32 43 97
32 44 5
32 45 57
32 46 98
32 47 64
32 48 56
32 49 20
32 50 5
32 51 84
32 52 33
32 53 9
32 54 57
32 55 94
32 56 7
32 57 23
32 58 17
32 59 91
32 60 38
32 61 84
32 62 26
32 63 38
32 64 26
32 65 41
32 66 94
32 67 60
32 68 6
32 69 21
32 70 17
32 71 24
32 72 47
32 73 83
32 74 10
32 75 72
32 76 98
32 77 68
32 78 65
32 79 69
32 80 99
32 81 84
32 82 39
32 83 74
32 84 9
32 85 97
32 86 62
32 87 4
32 88 5
32 89 13
32 90 25
32 91 61
32 92 14
32 93 84
32 94 79
32 95 8
32 96 14
32 97 2
32 98 58
32 99 10
33 34 71
33 35 60
33 36 65
33 37 9
33 38 58
33 39 76
33 40 77
33 41 32
33 42 43
33 43 34
33 44 97
33 45 2
33 46 13
33 47 35
33 48 38
33 49 99
33 50 22
33 51 15
33 52 51
33 53 15
33 54 39
33 55 44
33 56 77
33 57 15
33 58 12
33 59 15
33 60 89
33 61 60
33 62 69
33 63 18
33 64 23
33 65 77
33 66 91
33 67 56
33 68 27
33 69 96
33 70 41
33 71 51
33 72 13
33 73 18
33 74 47
33 75 67
33 76 24
33 77 8
33 78 31
33 79 52
33 80 10
33 81 12
33 82 2
33 83 93
33 84 74
33 85 31
33 86 77
33 87 56
33 88 61
33 89 32
33 90 8
33 91 63
33 92 88
33 93 46
33 94 61
33 95 33
33 96 76
33 97 14
33 98 34
33 99 99
34 35 31
34 36 59
34 37 22
34 38 12
34 39 14
34 40 13
34 41 62
34 42 41
34 43 90
34 44 28
34 45 76
34 46 52
34 47 35
34 48 38
34 49 93
34 50 56
34 51 28
34 52 58
34 53 75
34 54 50
34 55 21
34 56 56
34 57 72
34 58 6
34 59 48
34 60 1
34 61 73
34 62 10
34 63 53
34 64 27
34 65 23
34 66 38
34 67 41
34 68 79
34 69 55
34 70 27
34 71 8
34 72 75
34 73 51
34 74 3
34 75 78
34 76 62
34 77 57
34 78 78
34 79 86
34 80 34
34 81 44
34 82 92
34 83 78
34 84 41
34 85 71
34 86 45
34 87 50
34 88 43
34 89 13
34 90 67
34 91 82
34 92 42
34 93 92
34 94 83
34 95 8
34 96 69
34 97 66
34 98 22
34 99 8
35 36 43
35 37 93
35 38 47
35 39 45
35 40 31
35 41 80
35 42 90
35 43 85
35 44 27
35 45 68
35 46 96
35 47 40
35 48 9
35 49 88
35 50 67
35 51 82
35 52 24
35 53 25
35 54 19
35 55 59
35 56 78
35 57 41
35 58 96
35 59 1
35 60 19
35 61 82
35 62 14
35 63 40
35 64 20
35 65 79
35 66 58
35 67 36
35 68 3
35 69 43
35 70 66
35 71 27
35 72 7
35 73 20
35 74 3
35 75 86
35 76 21
35 77 12
35 78 56
35 79 22
35 80 27
35 81 28
35 82 43
35 83 86
35 84 41
35 85 20
35 86 48
35 87 50
35 88 39
35 89 89
35 90 60
35 91 45
35 92 89
35 93 72
35 94 41
35 95 22
35 96 72
35 97 34
35 98 63
35 99 35
36 37 10
36 38 57
36 39 43
36 40 29
36 41 43
36 42 29
36 43 59
36 44 55
36 45 45
36 46 13
36 47 72
36 48 68
36 49 61
36 50 2
36 51 52
36 52 24
36 53 77
36 54 60
36 55 38
36 56 39
36 57 50
36 58 66
36 59 8
36 60 49
36 61 27
36 62 93
36 63 46
36 64 13
36 65 26
36 66 42
36 67 17
36 68 21
36 69 91
36 70 68
36 71 60
36 72 96
36 73 87
36 74 30
36 75 60
36 76 1
36 77 80
36 78 67
36 79 51
36 80 50
36 81 44
36 82 29
36 83 83
36 84 16
36 85 20
36 86 98
36 87 13
36 88 27
36 89 3
36 90 5
36 91 17
36 92 67
36 93 41
36 94 77
36 95 61
36 96 36
36 97 45
36 98 74
36 99 95
37 38 79
37 39 26
37 40 18
37 41 37
37 42 32
37 43 18
37 44 65
37 45 26
37 46 64
37 47 15
37 48 79
37 49 57
37 50 36
37 51 97
37 52 26
37 53 13
37 54 58
37 55 50
37 56 85
37 57 65
37 58 52
37 59 98
37 60 72
37 61 73
37 62 60
37 63 48
37 64 73
37 65 95
37 66 94
37 67 11
37 68 99
37 69 43
37 70 36
37 71 33
37 72 27
37 73 70
37 74 32
37 75 32
37 76 54
37 77 17
37 78 11
37 79 66
37 80 39
37 81 25
37 82 46
37 83 56
37 84 98
37 85 34
37 86 14
37 87 56
37 88 55
37 89 94
37 90 50
37 91 45
37 92 66
37 93 8
37 94 25
37 95 70
37 96 7
37 97 24
37 98 2
37 99 60
38 39 85
38 40 62
38 41 38
38 42 3
38 43 78
38 44 30
38 45 54
38 46 70
38 47 67
38 48 55
38 49 37
38 50 71
38 51 63
38 52 73
38 53 40
38 54 93
38 55 45
38 56 55
38 57 92
38 58 95
38 59 31
38 60 8
38 61 86
38 62 54
38 63 53
38 64 51
38 65 90
38 66 36
38 67 43
38 68 24
38 69 63
38 70 52
38 71 72
38 72 46
38 73 65
38 74 49
38 75 77
38 76 94
38 77 56
38 78 87
38 79 97
38 80 53
38 81 22
38 82 71
38 83 13
38 84 84
38 85 51
38 86 92
38 87 29
38 88 76
38 89 85
38 90 73
38 91 94
38 92 99
38 93 11
38 94 55
38 95 46
38 96 70
38 97 59
38 98 92
38 99 49
39 40 14
39 41 79
39 42 40
39 43 30
39 44 66
39 45 79
39 46 38
39 47 69
39 48 76
39 49 73
39 50 55
39 51 2
39 52 87
39 53 7
39 54 74
39 55 70
39 56 83
39 57 67
39 58 78
39 59 76
39 60 10
39 61 30
39 62 22
39 63 57
39 64 13
39 65 50
39 66 16
39 67 2
39 68 88
39 69 61
39 70 93
39 71 96
39 72 91
39 73 33
39 74 42
39 75 7
39 76 66
39 77 23
39 78 36
39 79 25
39 80 61
39 81 57
39 82 24
39 83 84
39 84 10
39 85 89
39 86 53
39 87 26
39 88 86
39 89 41
39 90 70
39 91 20
39 92 65
39 93 19
39 94 47
39 95 78
39 96 23
39 97 77
39 98 28
39 99 12
40 41 31
40 42 91
40 43 46
40 44 57
40 45 18
40 46 15
40 47 55
40 48 14
40 49 22
40 50 45
40 51 26
40 52 46
40 53 98
40 54 26
40 55 90
40 56 50
40 57 96
40 58 43
40 59 36
40 60 30
40 61 76
40 62 68
40 63 9
40 64 16
40 65 65
40 66 29
40 67 86
40 68 34
40 69 89
40 70 8
40 71 18
40 72 55
40 73 72
40 74 17
40 75 69
40 76 44
40 77 30
40 78 49
40 79 11
40 80 28
40 81 52
40 82 89
40 83 27
40 84 91
40 85 22
40 86 45
40 87 38
40 88 98
40 89 56
40 90 68
40 91 71
40 92 25
40 93 1
40 94 53
40 95 19
40 96 80
40 97 68
40 98 38
40 99 99
41 42 11
41 43 70
41 44 64
41 45 99
41 46 63
41 47 24
41 48 32
41 49 58
41 50 50
41 51 23
41 52 55
41 53 50
41 54 1
41 55 64
41 56 30
41 57 35
41 58 39
41 59 89
41 60 90
41 61 9
41 62 92
41 63 49
41 64 98
41 65 67
41 66 77
41 67 9
41 68 57
41 69 1
41 70 81
41 71 85
41 72 91
41 73 66
41 74 1
41 75 87
41 76 96
41 77 33
41 78 64
41 79 68
41 80 84
41 81 90
41 82 22
41 83 60
41 84 66
41 85 35
41 86 48
41 87 60
41 88 9
41 89 84
41 90 81
41 91 16
41 92 48
41 93 98
41 94 12
41 95 38
41 96 60
41 97 78
41 98 17
41 99 17
42 43 62
42 44 73
42 45 45
42 46 70
42 47 73
42 48 1
42 49 42
42 50 88
42 51 32
42 52 55
42 53 74
42 54 63
42 55 69
42 56 69
42 57 68
42 58 18
42 59 32
42 60 82
42 61 97
42 62 91
42 63 63
42 64 78
42 65 57
42 66 38
42 67 62
42 68 83
42 69 28
42 70 72
42 71 78
42 72 66
42 73 14
42 74 7
42 75 76
42 76 3
42 77 66
42 78 9
42 79 93
42 80 45
42 81 60
42 82 43
42 83 7
42 84 92
42 85 15
42 86 32
42 87 56
42 88 33
42 89 4
42 90 3
42 91 41
42 92 26
42 93 58
42 94 87
42 95 3
42 96 94
42 97 6
42 98 41
42 99 3
43 44 15
43 45 17
43 46 90
43 47 76
43 48 3
43 49 96
43 50 64
43 51 28
43 52 41
43 53 93
43 54 50
43 55 17
43 56 65
43 57 18
43 58 74
43 59 78
43 60 29
43 61 82
43 62 73
43 63 6
43 64 9
43 65 74
43 66 37
43 67 83
43 68 33
43 69 47
43 70 40
43 71 38
43 72 8
43 73 79
43 74 83
43 75 32
43 76 65
43 77 97
43 78 74
43 79 67
43 80 83
43 81 85
43 82 47
43 83 92
43 84 73
43 85 98
43 86 15
43 87 71
43 88 79
43 89 63
43 90 98
43 91 65
43 92 60
43 93 71
43 94 36
43 95 78
43 96 85
43 97 72
43 98 31
43 99 68
44 45 36
44 46 28
44 47 22
44 48 42
44 49 65
44 50 23
44 51 89
44 52 70
44 53 22
44 54 46
44 55 9
44 56 10
44 57 9
44 58 10
44 59 66
44 60 40
44 61 87
44 62 22
44 63 90
44 64 91
44 65 95
44 66 55
44 67 88
44 68 92
44 69 17
44 70 9
44 71 19
44 72 72
44 73 65
44 74 36
44 75 61
44 76 77
44 77 71
44 78 58
44 79 23
44 80 27
44 81 25
44 82 54
44 83 73
44 84 32
44 85 11
44 86 20
44 87 83
44 88 69
44 89 99
44 90 62
44 91 75
44 92 50
44 93 40
44 94 24
44 95 58
44 96 86
44 97 44
44 98 93
44 99 2
45 46 92
45 47 40
45 48 23
45 49 42
45 50 88
45 51 64
45 52 14
45 53 95
45 54 8
45 55 97
45 56 70
45 57 10
45 58 16
45 59 98
45 60 76
45 61 98
45 62 19
45 63 67
45 64 22
45 65 68
45 66 52
45 67 32
45 68 86
45 69 10
45 70 74
45 71 72
45 72 74
45 73 48
45 74 12
45 75 6
45 76 3
45 77 31
45 78 19
45 79 17
45 80 5
45 81 29
45 82 46
45 83 6
45 84 68
45 85 25
45 86 2
45 87 69
45 88 97
45 89 88
45 90 31
45 91 93
45 92 96
45 93 90
45 94 37
45 95 22
45 96 40
45 97 73
45 98 58
45 99 36
46 47 44
46 48 51
46 49 21
46 50 98
46 51 97
46 52 11
46 53 88
46 54 89
46 55 24
46 56 16
46 57 18
46 58 73
46 59 81
46 60 31
46 61 98
46 62 92
46 63 80
46 64 1
46 65 67
46 66 17
46 67 91
46 68 87
46 69 68
46 70 75
46 71 30
46 72 1
46 73 10
46 74 43
46 75 40
46 76 86
46 77 44
46 78 26
46 79 71
46 80 29
46 81 89
46 82 10
46 83 81
46 84 61
46 85 31
46 86 87
46 87 69
46 88 89
46 89 2
46 90 73
46 91 29
46 92 21
46 93 25
46 94 50
46 95 81
46 96 77
46 97 61
46 98 92
46 99 74
47 48 54
47 49 86
47 50 1
47 51 24
47 52 11
47 53 80
47 54 77
47 55 50
47 56 52
47 57 90
47 58 55
47 59 97
47 60 67
47 61 68
47 62 43
47 63 38
47 64 25
47 65 5
47 66 67
47 67 47
47 68 25
47 69 74
47 70 58
47 71 20
47 72 75
47 73 38
47 74 63
47 75 78
47 76 94
47 77 99
47 78 30
47 79 58
47 80 32
47 81 54
47 82 10
47 83 45
47 84 81
47 85 38
47 86 91
47 87 88
47 88 24
47 89 52
47 90 60
47 91 7
47 92 67
47 93 50
47 94 39
47 95 69
47 96 18
47 97 38
47 98 91
47 99 28
48 49 57
48 50 17
48 51 9
48 52 80
48 53 24
48 54 35
48 55 62
48 56 64
48 57 63
48 58 50
48 59 96
48 60 85
48 61 14
48 62 3
48 63 33
48 64 15
48 65 52
48 66 27
48 67 61
48 68 8
48 69 72
48 70 14
48 71 28
48 72 73
48 73 87
48 74 50
48 75 98
48 76 26
48 77 63
48 78 97
48 79 43
48 80 19
48 81 91
48 82 3
48 83 28
48 84 2
48 85 80
48 86 89
48 87 60
48 88 73
48 89 41
48 90 51
48 91 52
48 92 50
48 93 56
48 94 3
48 95 44
48 96 82
48 97 55
48 98 34
48 99 28
49 50 83
49 51 65
49 52 27
49 53 57
49 54 90
49 55 86
49 56 56
49 57 71
49 58 7
49 59 15
49 60 1
49 61 7
49 62 96
49 63 38
49 64 99
49 65 56
49 66 47
49 67 74
49 68 51
49 69 11
49 70 69
49 71 58
49 72 58
49 73 28
49 74 38
49 75 50
49 76 92
49 77 69
49 78 96
49 79 74
49 80 38
49 81 59
49 82 43
49 83 21
49 84 32
49 85 80
49 86 62
49 87 48
49 88 9
49 89 44
49 90 48
49 91 33
49 92 45
49 93 89
49 94 6
49 95 75
49 96 44
49 97 60
49 98 38
49 99 7
50 51 60
50 52 91
50 53 60
50 54 99
50 55 52
50 56 32
50 57 8
50 58 6
50 59 44
50 60 34
50 61 99
50 62 46
50 63 73
50 64 99
50 65 36
50 66 77
50 67 22
50 68 80
50 69 92
50 70 74
50 71 70
50 72 55
50 73 1
50 74 66
50 75 61
50 76 39
50 77 73
50 78 72
50 79 82
50 80 33
50 81 22
50 82 32
50 83 41
50 84 45
50 85 61
50 86 84
50 87 87
50 88 79
50 89 83
50 90 84
50 91 98
50 92 74
50 93 78
50 94 41
50 95 67
50 96 39
50 97 41
50 98 17
50 99 33
51 52 76
51 53 32
51 54 29
51 55 65
51 56 69
51 57 78
51 58 64
51 59 61
51 60 26
51 61 13
51 62 46
51 63 76
51 64 47
51 65 63
51 66 48
51 67 88
51 68 51
51 69 87
51 70 67
51 71 24
51 72 62
51 73 94
51 74 4
51 75 83
51 76 69
51 77 93
51 78 11
51 79 94
51 80 66
51 81 47
51 82 46
51 83 32
51 84 24
51 85 21
51 86 51
51 87 4
51 88 69
51 89 74
51 90 82
51 91 11
51 92 78
51 93 67
51 94 36
51 95 78
51 96 86
51 97 85
51 98 9
51 99 73
52 53 76
52 54 25
52 55 39
52 56 60
52 57 22
52 58 9
52 59 27
52 60 18
52 61 33
52 62 39
52 63 86
52 64 78
52 65 66
52 66 81
52 67 19
52 68 32
52 69 66
52 70 42
52 71 85
52 72 59
52 73 6
52 74 72
52 75 5
52 76 58
52 77 77
52 78 76
52 79 11
52 80 82
52 81 46
52 82 83
52 83 73
52 84 23
52 85 37
52 86 8
52 87 84
52 88 43
52 89 32
52 90 24
52 91 5
52 92 23
52 93 84
52 94 30
52 95 7
52 96 14
52 97 29
52 98 4
52 99 47
53 54 48
53 55 84
53 56 76
53 57 33
53 58 77
53 59 34
53 60 82
53 61 98
53 62 50
53 63 75
53 64 93
53 65 25
53 66 67
53 67 42
53 68 66
53 69 29
53 70 76
53 71 76
53 72 51
53 73 88
53 74 43
53 75 62
53 76 77
53 77 77
53 78 82
53 79 86
53 80 66
53 81 21
53 82 52
53 83 86
53 84 76
53 85 92
53 86 68
53 87 47
53 88 65
53 89 53
53 90 14
53 91 93
53 92 38
53 93 33
53 94 82
53 95 14
53 96 15
53 97 52
53 98 51
53 99 59
54 55 14
54 56 57
54 57 42
54 58 73
54 59 53
54 60 38
54 61 24
54 62 33
54 63 42
54 64 48
54 65 55
54 66 1
54 67 70
54 68 65
54 69 55
54 70 39
54 71 31
54 72 8
54 73 93
54 74 10
54 75 8
54 76 16
54 77 62
54 78 39
54 79 9
54 80 2
54 81 53
54 82 95
54 83 65
54 84 10
54 85 41
54 86 43
54 87 45
54 88 23
54 89 68
54 90 12
54 91 90
54 92 37
54 93 21
54 94 2
54 95 10
54 96 84
54 97 28
54 98 46
54 99 14
55 56 93
55 57 56
55 58 62
55 59 59
55 60 55
55 61 35
55 62 57
55 63 73
55 64 19
55 65 81
55 66 98
55 67 28
55 68 21
55 69 54
55 70 77
55 71 69
55 72 4
55 73 45
55 74 73
55 75 88
55 76 29
55 77 87
55 78 83
55 79 62
55 80 78
55 81 91
55 82 49
55 83 42
55 84 8
55 85 41
55 86 41
55 87 69
55 88 62
55 89 64
55 90 57
55 91 3
55 92 46
55 93 65
55 94 1
55 95 30
55 96 78
55 97 46
55 98 59
55 99 8
56 57 2
56 58 80
56 59 98
56 60 62
56 61 18
56 62 29
56 63 94
56 64 16
56 65 98
56 66 1
56 67 84
56 68 33
56 69 54
56 70 98
56 71 5
56 72 41
56 73 80
56 74 19
56 75 25
56 76 52
56 77 38
56 78 97
56 79 46
56 80 49
56 81 74
56 82 32
56 83 24
56 84 76
56 85 82
56 86 96
56 87 5
56 88 32
56 89 62
56 90 99
56 91 1
56 92 28
56 93 27
56 94 66
56 95 32
56 96 71
56 97 81
56 98 46
56 99 65
57 58 38
57 59 70
57 60 59
57 61 57
57 62 45
57 63 4
57 64 67
57 65 49
57 66 92
57 67 23
57 68 21
57 69 95
57 70 88
57 71 98
57 72 2
57 73 56
57 74 91
57 75 21
57 76 58
57 77 66
57 78 59
57 79 88
57 80 73
57 81 39
57 82 8
57 83 90
57 84 28
57 85 14
57 86 44
57 87 73
57 88 40
57 89 10
57 90 80
57 91 1
57 92 84
57 93 40
57 94 77
57 95 30
57 96 98
57 97 21
57 98 79
57 99 79
58 59 87
58 60 72
58 61 21
58 62 15
58 63 91
58 64 41
58 65 61
58 66 86
58 67 1
58 68 87
58 69 85
58 70 87
58 71 65
58 72 74
58 73 65
58 74 81
58 75 99
58 76 78
58 77 1
58 78 42
58 79 24
58 80 10
58 81 60
58 82 36
58 83 78
58 84 13
58 85 39
58 86 81
58 87 80
58 88 2
58 89 47
58 90 74
58 91 39
58 92 77
58 93 27
58 94 3
58 95 63
58 96 34
58 97 40
58 98 49
58 99 76
59 60 13
59 61 37
59 62 31
59 63 10
59 64 24
59 65 36
59 66 53
59 67 31
59 68 1
59 69 12
59 70 49
59 71 23
59 72 50
59 73 37
59 74 93
59 75 5
59 76 39
59 77 35
59 78 92
59 79 21
59 80 83
59 81 82
59 82 69
59 83 27
59 84 44
59 85 37
59 86 75
59 87 88
59 88 26
59 89 81
59 90 3
59 91 30
59 92 16
59 93 63
59 94 52
59 95 91
59 96 4
59 97 46
59 98 79
59 99 71
60 61 88
60 62 29
60 63 24
60 64 87
60 65 9
60 66 76
60 67 4
60 68 70
60 69 15
60 70 25
60 71 24
60 72 24
60 73 41
60 74 30
60 75 23
60 76 87
60 77 50
60 78 88
60 79 92
60 80 85
60 81 96
60 82 5
60 83 70
60 84 92
60 85 2
60 86 13
60 87 4
60 88 39
60 89 31
60 90 26
60 91 15
60 92 39
60 93 44
60 94 68
60 95 74
60 96 14
60 97 82
60 98 68
60 99 89
61 62 68
61 63 28
61 64 67
61 65 90
61 66 65
61 67 69
61 68 83
61 69 7
61 70 14
61 71 34
61 72 50
61 73 71
61 74 16
61 75 51
61 76 96
61 77 97
61 78 50
61 79 51
61 80 99
61 81 34
61 82 92
61 83 84
61 84 33
61 85 40
61 86 81
61 87 76
61 88 9
61 89 97
61 90 92
61 91 20
61 92 41
61 93 3
61 94 66
61 95 94
61 96 97
61 97 17
61 98 54
61 99 81
62 63 83
62 64 55
62 65 93
62 66 20
62 67 82
62 68 4
62 69 52
62 70 22
62 71 60
62 72 32
62 73 90
62 74 51
62 75 22
62 76 72
62 77 28
62 78 34
62 79 92
62 80 43
62 81 13
62 82 15
62 83 67
62 84 77
62 85 45
62 86 57
62 87 19
62 88 88
62 89 48
62 90 32
62 91 69
62 92 42
62 93 19
62 94 44
62 95 92
62 96 58
62 97 24
62 98 59
62 99 52
63 64 91
63 65 76
63 66 59
63 67 38
63 68 5
63 69 38
63 70 46
63 71 86
63 72 73
63 73 25
63 74 47
63 75 56
63 76 2
63 77 57
63 78 19
63 79 53
63 80 2
63 81 68
63 82 72
63 83 14
63 84 30
63 85 21
63 86 69
63 87 2
63 88 87
63 89 8
63 90 10
63 91 97
63 92 36
63 93 81
63 94 56
63 95 62
63 96 93
63 97 26
63 98 75
63 99 86
64 65 63
64 66 18
64 67 99
64 68 28
64 69 94
64 70 1
64 71 60
64 72 73
64 73 53
64 74 98
64 75 62
64 76 59
64 77 34
64 78 47
64 79 70
64 80 34
64 81 95
64 82 3
64 83 44
64 84 14
64 85 10
64 86 77
64 87 79
64 88 69
64 89 89
64 90 15
64 91 36
64 92 75
64 93 87
64 94 40
64 95 74
64 96 51
64 97 95
64 98 54
64 99 81
65 66 4
65 67 49
65 68 87
65 69 11
65 70 91
65 71 43
65 72 76
65 73 16
65 74 67
65 75 47
65 76 14
65 77 53
65 78 80
65 79 59
65 80 47
65 81 11
65 82 19
65 83 59
65 84 15
65 85 82
65 86 29
65 87 26
65 88 56
65 89 73
65 90 43
65 91 81
65 92 53
65 93 38
65 94 67
65 95 81
65 96 5
65 97 42
65 98 89
65 99 61
66 67 99
66 68 31
66 69 93
66 70 62
66 71 11
66 72 7
66 73 47
66 74 65
66 75 69
66 76 57
66 77 78
66 78 79
66 79 96
66 80 65
66 81 32
66 82 5
66 83 69
66 84 31
66 85 8
66 86 62
66 87 39
66 88 54
66 89 77
66 90 68
66 91 49
66 92 37
66 93 9
66 94 30
66 95 47
66 96 17
66 97 77
66 98 34
66 99 79
67 68 73
67 69 99
67 70 18
67 71 69
67 72 83
67 73 43
67 74 98
67 75 26
67 76 15
67 77 96
67 78 10
67 79 79
67 80 27
67 81 72
67 82 86
67 83 70
67 84 71
67 85 72
67 86 82
67 87 75
67 88 3
67 89 36
67 90 34
67 91 35
67 92 94
67 93 65
67 94 34
67 95 26
67 96 40
67 97 9
67 98 71
67 99 64
68 69 5
68 70 88
68 71 44
68 72 65
68 73 95
68 74 21
68 75 82
68 76 74
68 77 29
68 78 62
68 79 98
68 80 90
68 81 44
68 82 13
68 83 65
68 84 8
68 85 38
68 86 85
68 87 8
68 88 60
68 89 34
68 90 82
68 91 12
68 92 58
68 93 38
68 94 90
68 95 8
68 96 57
68 97 49
68 98 3
68 99 63
69 70 52
69 71 65
69 72 56
69 73 31
69 74 86
69 75 23
69 76 46
69 77 40
69 78 12
69 79 18
69 80 59
69 81 6
69 82 38
69 83 86
69 84 80
69 85 42
69 86 67
69 87 22
69 88 64
69 89 16
69 90 21
69 91 19
69 92 40
69 93 59
69 94 16
69 95 79
69 96 61
69 97 32
69 98 95
69 99 27
70 71 80
70 72 58
70 73 45
70 74 93
70 75 70
70 76 86
70 77 43
70 78 47
70 79 89
70 80 68
70 81 45
70 82 65
70 83 98
70 84 61
70 85 67
70 86 75
70 87 42
70 88 16
70 89 47
70 90 82
70 91 99
70 92 98
70 93 60
70 94 39
70 95 93
70 96 80
70 97 82
70 98 28
70 99 82
71 72 92
71 73 44
71 74 42
71 75 29
71 76 27
71 77 72
71 78 45
71 79 47
71 80 97
71 81 36
71 82 59
71 83 66
71 84 95
71 85 86
71 86 34
71 87 4
71 88 81
71 89 36
71 90 85
71 91 57
71 92 45
71 93 17
71 94 92
71 95 43
71 96 97
71 97 27
71 98 82
71 99 16
72 73 74
72 74 18
72 75 40
72 76 34
72 77 8
72 78 41
72 79 14
72 80 30
72 81 61
72 82 1
72 83 8
72 84 71
72 85 5
72 86 17
72 87 60
72 88 97
72 89 10
72 90 35
72 91 22
72 92 63
72 93 88
72 94 92
72 95 65
72 96 2
72 97 6
72 98 16
72 99 22
73 74 68
73 75 14
73 76 60
73 77 19
73 78 64
73 79 19
73 80 33
73 81 67
73 82 28
73 83 62
73 84 64
73 85 22
73 86 22
73 87 51
73 88 32
73 89 63
73 90 86
73 91 78
73 92 30
73 93 24
73 94 5
73 95 70
73 96 63
73 97 3
73 98 50
73 99 38
74 75 10
74 76 14
74 77 60
74 78 1
74 79 11
74 80 54
74 81 74
74 82 73
74 83 27
74 84 62
74 85 10
74 86 71
74 87 55
74 88 6
74 89 92
74 90 18
74 91 36
74 92 31
74 93 99
74 94 2
74 95 86
74 96 90
74 97 64
74 98 85
74 99 82
75 76 31
75 77 66
75 78 38
75 79 39
75 80 12
75 81 27
75 82 55
75 83 17
75 84 1
75 85 35
75 86 61
75 87 8
75 88 8
75 89 7
75 90 38
75 91 43
75 92 47
75 93 91
75 94 4
75 95 11
75 96 42
75 97 94
75 98 75
75 99 84
76 77 45
76 78 17
76 79 31
76 80 94
76 81 79
76 82 75
76 83 79
76 84 14
76 85 26
76 86 35
76 87 98
76 88 52
76 89 84
76 90 84
76 91 80
76 92 16
76 93 27
76 94 30
76 95 10
76 96 16
76 97 94
76 98 68
76 99 50
77 78 80
77 79 23
77 80 44
77 81 86
77 82 7
77 83 51
77 84 72
77 85 99
77 86 53
77 87 58
77 88 30
77 89 98
77 90 35
77 91 57
77 92 20
77 93 4
77 94 81
77 95 56
77 96 43
77 97 13
77 98 80
77 99 76
78 79 34
78 80 34
78 81 80
78 82 44
78 83 76
78 84 90
78 85 57
78 86 89
78 87 88
78 88 52
78 89 60
78 90 4
78 91 32
78 92 88
78 93 38
78 94 64
78 95 63
78 96 20
78 97 17
78 98 1
78 99 98
79 80 12
79 81 81
79 82 14
79 83 33
79 84 6
79 85 28
79 86 71
79 87 57
79 88 51
79 89 44
79 90 35
79 91 41
79 92 17
79 93 43
79 94 7
79 95 19
79 96 13
79 97 93
79 98 77
79 99 35
80 81 65
80 82 22
80 83 87
80 84 58
80 85 66
80 86 59
80 87 11
80 88 56
80 89 98
80 90 7
80 91 3
80 92 7
80 93 80
80 94 68
80 95 55
80 96 87
80 97 40
80 98 89
80 99 53
81 82 12
81 83 74
81 84 18
81 85 51
81 86 65
81 87 71
81 88 55
81 89 84
81 90 7
81 91 2
81 92 44
81 93 43
81 94 63
81 95 8
81 96 62
81 97 9
81 98 48
81 99 89
82 83 54
82 84 35
82 85 56
82 86 23
82 87 14
82 88 13
82 89 62
82 90 37
82 91 4
82 92 13
82 93 23
82 94 57
82 95 92
82 96 69
82 97 32
82 98 85
82 99 57
83 84 42
83 85 5
83 86 99
83 87 56
83 88 97
83 89 77
83 90 53
83 91 49
83 92 36
83 93 79
83 94 94
83 95 56
83 96 56
83 97 60
83 98 97
83 99 24
84 85 10
84 86 27
84 87 51
84 88 73
84 89 1
84 90 14
84 91 20
84 92 45
84 93 99
84 94 43
84 95 22
84 96 14
84 97 64
84 98 93
84 99 82
85 86 47
85 87 5
85 88 85
85 89 44
85 90 49
85 91 94
85 92 49
85 93 81
85 94 17
85 95 12
85 96 12
85 97 55
85 98 99
85 99 1
86 87 74
86 88 89
86 89 59
86 90 11
86 91 29
86 92 95
86 93 32
86 94 66
86 95 65
86 96 90
86 97 92
86 98 99
86 99 17
87 88 59
87 89 71
87 90 13
87 91 78
87 92 91
87 93 92
87 94 51
87 95 2
87 96 59
87 97 87
87 98 27
87 99 61
88 89 21
88 90 33
88 91 21
88 92 88
88 93 3
88 94 44
88 95 15
88 96 95
88 97 73
88 98 38
88 99 65
89 90 97
89 91 95
89 92 94
89 93 62
89 94 91
89 95 28
89 96 83
89 97 37
89 98 67
89 99 93
90 91 53
90 92 71
90 93 65
90 94 28
90 95 33
90 96 84
90 97 63
90 98 23
90 99 32
91 92 38
91 93 10
91 94 44
91 95 2
91 96 62
91 97 1
91 98 10
91 99 55
92 93 97
92 94 71
92 95 53
92 96 45
92 97 21
92 98 28
92 99 78
93 94 53
93 95 36
93 96 86
93 97 37
93 98 39
93 99 46
94 95 78
94 96 24
94 97 49
94 98 18
94 99 43
95 96 43
95 97 78
95 98 70
95 99 84
96 97 95
96 98 59
96 99 32
97 98 62
97 99 94
98 99 79
