100
0 1 62.15
0 2 20.485
0 3 48.03
0 4 41.764
0 5 25.972
0 6 90.45
0 7 89.587
0 8 78.66
0 9 60.146
0 10 52.681
0 11 2.629
0 12 96.267
0 13 50.578
0 14 81.757
0 15 34.873
0 16 50.171
0 17 41.647
0 18 18.707
0 19 48.795
0 20 97.09
0 21 30.736
0 22 90.653
0 23 94.368
0 24 48.688
0 25 53.293
0 26 44.998
0 27 53.925
0 28 87.024
0 29 38.543
0 30 92.321
0 31 63.908
0 32 38.469
0 33 93.452
0 34 70.091
0 35 89.71
0 36 88.052
0 37 73.796
0 38 26.866
0 39 48.287
0 40 60.758
0 41 62.823
0 42 83.67
0 43 61.916
0 44 47.47
0 45 32.668
0 46 3.869
0 47 90.921
0 48 10.508
0 49 56.452
0 50 45.805
0 51 22.276
0 52 10.694
0 53 51.459
0 54 63.446
0 55 12.148
0 56 56.449
0 57 13.409
0 58 32.411
0 59 89.059
0 60 23.268
0 61 28.142
0 62 8.24
0 63 1.953
0 64 23.678
0 65 70.469
0 66 80.138
0 67 38.716
0 68 1.022
0 69 85.419
0 70 49.703
0 71 16.447
0 72 32.51
0 73 61.794
0 74 48.203
0 75 46.035
0 76 38.573
0 77 89.306
0 78 85.156
0 79 83.245
0 80 46.616
0 81 91.191
0 82 86.665
0 83 16.92
0 84 79.244
0 85 84.644
0 86 88.74
0 87 28.54
0 88 62.1
0 89 90.083
0 90 84.281
0 91 33.787
0 92 78.132
0 93 9.422
0 94 70.71
0 95 96.186
0 96 95.255
0 97 96.458
0 98 55.251
0 99 70.904
1 2 30.745
1 3 15.121
1 4 97.903
1 5 29.918
1 6 79.899
1 7 17.761
1 8 78.407
1 9 76.295
1 10 31.717
1 11 91.599
1 12 87.439
1 13 69.777
1 14 26.128
1 15 0.641
1 16 46.069
1 17 52.32
1 18 81.813
1 19 97.796
1 20 34.097
1 21 69.955
1 22 77.0
1 23 2.848
1 24 34.433
1 25 51.096
1 26 27.79
1 27 0.286
1 28 94.369
1 29 91.167
1 30 35.1
1 31 88.341
1 32 51.055
1 33 88.223
1 34 54.152
1 35 23.96
1 36 40.876
1 37 38.551
1 38 44.957
1 39 11.505
1 40 74.337
1 41 73.444
1 42 54.627
1 43 12.375
1 44 51.866
1 45 64.383
1 46 73.53
1 47 96.523
1 48 2.515
1 49 29.89
1 50 18.856
1 51 20.284
1 52 78.639
1 53 58.612
1 54 33.428
1 55 90.485
1 56 38.044
1 57 13.649
1 58 58.631
1 59 79.717
1 60 49.38
1 61 61.356
1 62 6.963
1 63 52.736
1 64 81.45
1 65 9.135
1 66 23.237
1 67 41.51
1 68 19.688
1 69 26.011
1 70 39.602
1 71 16.893
1 72 11.525
1 73 72.433
1 74 95.514
1 75 92.645
1 76 48.597
1 77 79.943
1 78 37.027
1 79 15.159
1 80 34.398
1 81 97.585
1 82 27.225
1 83 8.425
1 84 50.6
1 85 80.582
1 86 38.977
1 87 58.883
1 88 62.483
1 89 25.171
1 90 94.759
1 91 1.789
1 92 4.129
1 93 88.508
1 94 50.004
1 95 25.658
1 96 14.849
1 97 35.713
1 98 48.479
1 99 66.447
2 3 66.384
2 4 64.128
2 5 71.108
2 6 95.593
2 7 39.69
2 8 32.003
2 9 26.662
2 10 62.678
2 11 66.097
2 12 85.436
2 13 88.133
2 14 20.239
2 15 74.767
2 16 44.001
2 17 95.829
2 18 75.835
2 19 89.031
2 20 26.333
2 21 8.851
2 22 58.054
2 23 45.748
2 24 94.233
2 25 44.394
2 26 86.638
2 27 9.499
2 28 54.072
2 29 81.347
2 30 47.88
2 31 39.517
2 32 92.517
2 33 85.841
2 34 16.3
2 35 57.122
2 36 45.2
2 37 58.65
2 38 69.852
2 39 15.507
2 40 6.2
2 41 45.03
2 42 31.931
2 43 61.54
2 44 7.652
2 45 92.674
2 46 13.014
2 47 19.239
2 48 99.605
2 49 67.74
2 50 21.387
2 51 47.42
2 52 60.517
2 53 28.131
2 54 13.463
2 55 81.79
2 56 84.882
2 57 51.192
2 58 98.853
2 59 32.288
2 60 42.632
2 61 32.948
2 62 78.688
2 63 44.644
2 64 83.646
2 65 47.413
2 66 5.343
2 67 65.102
2 68 59.186
2 69 20.347
2 70 93.251
2 71 84.476
2 72 22.911
2 73 3.634
2 74 51.851
2 75 12.424
2 76 26.739
2 77 36.037
2 78 68.726
2 79 70.642
2 80 27.904
2 81 37.936
2 82 22.217
2 83 61.043
2 84 1.194
2 85 86.806
2 86 9.679
2 87 83.927
2 88 65.895
2 89 80.635
2 90 96.021
2 91 79.689
2 92 35.321
2 93 46.46
2 94 2.446
2 95 91.208
2 96 32.721
2 97 17.654
2 98 0.327
2 99 17.452
3 4 24.636
3 5 53.293
3 6 48.299
3 7 96.082
3 8 80.502
3 9 63.931
3 10 23.187
3 11 26.97
3 12 79.135
3 13 15.713
3 14 28.941
3 15 16.448
3 16 8.482
3 17 14.82
3 18 57.925
3 19 96.612
3 20 26.463
3 21 75.554
3 22 10.473
3 23 77.801
3 24 80.045
3 25 85.129
3 26 24.128
3 27 83.424
3 28 4.435
3 29 75.028
3 30 75.363
3 31 53.681
3 32 18.039
3 33 33.212
3 34 65.59
3 35 58.68
3 36 71.103
3 37 10.87
3 38 66.783
3 39 81.621
3 40 54.029
3 41 44.147
3 42 11.584
3 43 16.998
3 44 8.016
3 45 60.404
3 46 4.246
3 47 10.822
3 48 67.894
3 49 40.557
3 50 95.704
3 51 17.666
3 52 2.242
3 53 59.205
3 54 66.729
3 55 81.498
3 56 60.491
3 57 52.589
3 58 26.322
3 59 74.578
3 60 39.134
3 61 13.414
3 62 57.931
3 63 98.569
3 64 33.957
3 65 1.937
3 66 41.735
3 67 13.551
3 68 28.066
3 69 97.946
3 70 21.854
3 71 71.19
3 72 94.699
3 73 11.249
3 74 76.383
3 75 80.48
3 76 14.689
3 77 38.461
3 78 5.011
3 79 1.81
3 80 2.882
3 81 44.639
3 82 43.208
3 83 33.854
3 84 81.262
3 85 41.796
3 86 21.165
3 87 33.153
3 88 98.922
3 89 10.134
3 90 66.065
3 91 51.511
3 92 96.546
3 93 27.58
3 94 93.967
3 95 80.163
3 96 24.721
3 97 81.505
3 98 61.829
3 99 83.857
4 5 38.607
4 6 87.688
4 7 55.802
4 8 23.54
4 9 76.947
4 10 26.745
4 11 56.629
4 12 47.187
4 13 83.53
4 14 37.758
4 15 43.95
4 16 38.241
4 17 33.979
4 18 27.356
4 19 81.073
4 20 97.556
4 21 3.317
4 22 21.468
4 23 5.989
4 24 32.382
4 25 28.771
4 26 32.999
4 27 9.97
4 28 81.435
4 29 27.231
4 30 51.888
4 31 69.542
4 32 54.552
4 33 68.37
4 34 45.606
4 35 81.254
4 36 99.436
4 37 52.136
4 38 66.079
4 39 57.049
4 40 78.704
4 41 36.034
4 42 80.964
4 43 34.777
4 44 95.738
4 45 64.321
4 46 69.551
4 47 54.256
4 48 11.406
4 49 27.143
4 50 54.479
4 51 24.757
4 52 79.002
4 53 31.145
4 54 1.089
4 55 28.542
4 56 79.013
4 57 67.039
4 58 61.082
4 59 69.053
4 60 4.852
4 61 0.516
4 62 91.777
4 63 35.786
4 64 39.875
4 65 4.642
4 66 74.802
4 67 45.358
4 68 23.227
4 69 13.528
4 70 61.541
4 71 49.982
4 72 94.406
4 73 77.258
4 74 86.189
4 75 72.753
4 76 95.072
4 77 10.299
4 78 37.746
4 79 71.807
4 80 1.269
4 81 81.212
4 82 73.711
4 83 43.212
4 84 9.505
4 85 82.444
4 86 73.866
4 87 83.698
4 88 72.179
4 89 46.936
4 90 47.793
4 91 97.833
4 92 53.698
4 93 45.944
4 94 12.518
4 95 15.242
4 96 14.489
4 97 8.705
4 98 49.709
4 99 3.469
5 6 92.798
5 7 96.711
5 8 90.001
5 9 57.278
5 10 49.508
5 11 10.815
5 12 69.511
5 13 82.745
5 14 76.555
5 15 62.64
5 16 87.646
5 17 51.386
5 18 31.38
5 19 55.613
5 20 22.112
5 21 51.694
5 22 58.778
5 23 16.902
5 24 78.078
5 25 64.929
5 26 88.272
5 27 42.686
5 28 7.188
5 29 57.944
5 30 38.498
5 31 14.951
5 32 52.491
5 33 59.903
5 34 77.602
5 35 75.591
5 36 42.543
5 37 5.811
5 38 8.804
5 39 46.233
5 40 78.062
5 41 34.255
5 42 57.747
5 43 92.454
5 44 93.285
5 45 90.975
5 46 83.536
5 47 62.597
5 48 90.142
5 49 4.042
5 50 97.107
5 51 41.543
5 52 43.971
5 53 42.568
5 54 98.425
5 55 84.532
5 56 13.827
5 57 56.047
5 58 60.338
5 59 8.025
5 60 90.82
5 61 5.884
5 62 66.775
5 63 80.008
5 64 8.685
5 65 24.973
5 66 71.485
5 67 79.669
5 68 66.942
5 69 85.007
5 70 80.717
5 71 18.083
5 72 56.767
5 73 73.034
5 74 72.274
5 75 11.026
5 76 39.322
5 77 16.227
5 78 10.533
5 79 10.482
5 80 74.357
5 81 17.289
5 82 79.09
5 83 52.185
5 84 5.779
5 85 32.793
5 86 4.628
5 87 43.426
5 88 92.111
5 89 97.517
5 90 57.664
5 91 3.606
5 92 89.545
5 93 33.94
5 94 11.758
5 95 10.705
5 96 1.094
5 97 53.763
5 98 15.256
5 99 9.66
6 7 98.894
6 8 38.067
6 9 55.417
6 10 27.845
6 11 83.037
6 12 93.397
6 13 2.285
6 14 0.53
6 15 5.131
6 16 25.626
6 17 36.108
6 18 22.939
6 19 57.52
6 20 49.335
6 21 45.787
6 22 24.64
6 23 73.698
6 24 13.668
6 25 40.276
6 26 72.319
6 27 22.78
6 28 14.941
6 29 10.962
6 30 68.728
6 31 73.132
6 32 8.666
6 33 91.637
6 34 69.851
6 35 78.56
6 36 56.25
6 37 27.069
6 38 57.659
6 39 78.82
6 40 69.988
6 41 81.171
6 42 18.322
6 43 36.872
6 44 90.137
6 45 40.159
6 46 45.623
6 47 1.808
6 48 62.165
6 49 6.211
6 50 13.486
6 51 99.433
6 52 74.292
6 53 67.178
6 54 31.055
6 55 84.959
6 56 38.373
6 57 96.737
6 58 35.287
6 59 54.546
6 60 75.007
6 61 77.058
6 62 33.268
6 63 61.947
6 64 73.37
6 65 63.753
6 66 27.968
6 67 28.044
6 68 19.142
6 69 35.585
6 70 72.607
6 71 96.905
6 72 38.436
6 73 94.259
6 74 25.126
6 75 5.663
6 76 67.17
6 77 92.537
6 78 91.273
6 79 60.069
6 80 45.159
6 81 62.839
6 82 66.15
6 83 72.163
6 84 59.183
6 85 80.567
6 86 32.448
6 87 30.016
6 88 17.573
6 89 18.81
6 90 0.89
6 91 80.709
6 92 37.479
6 93 10.84
6 94 86.189
6 95 1.668
6 96 13.515
6 97 89.734
6 98 10.595
6 99 29.279
7 8 10.545
7 9 53.492
7 10 74.928
7 11 37.844
7 12 0.83
7 13 50.293
7 14 95.481
7 15 61.799
7 16 73.859
7 17 66.664
7 18 20.029
7 19 0.991
7 20 96.341
7 21 37.614
7 22 19.98
7 23 56.812
7 24 3.743
7 25 41.323
7 26 41.599
7 27 52.721
7 28 96.402
7 29 63.64
7 30 43.804
7 31 35.62
7 32 19.166
7 33 85.373
7 34 63.612
7 35 25.236
7 36 44.227
7 37 7.031
7 38 57.123
7 39 20.883
7 40 0.933
7 41 84.711
7 42 19.891
7 43 51.188
7 44 21.83
7 45 92.557
7 46 25.857
7 47 36.858
7 48 79.744
7 49 75.674
7 50 32.279
7 51 68.109
7 52 70.732
7 53 48.192
7 54 23.074
7 55 2.161
7 56 28.622
7 57 11.754
7 58 17.306
7 59 4.56
7 60 55.906
7 61 67.177
7 62 57.047
7 63 5.399
7 64 58.34
7 65 86.476
7 66 62.503
7 67 36.365
7 68 72.521
7 69 87.551
7 70 18.303
7 71 55.1
7 72 55.677
7 73 96.388
7 74 32.132
7 75 41.657
7 76 6.152
7 77 45.729
7 78 64.007
7 79 97.131
7 80 60.107
7 81 87.734
7 82 85.121
7 83 0.186
7 84 58.368
7 85 82.328
7 86 74.131
7 87 91.922
7 88 70.551
7 89 45.515
7 90 92.803
7 91 50.077
7 92 7.698
7 93 71.269
7 94 98.63
7 95 41.931
7 96 47.03
7 97 16.148
7 98 80.509
7 99 84.035
8 9 56.149
8 10 20.297
8 11 19.147
8 12 10.555
8 13 57.683
8 14 73.039
8 15 8.259
8 16 64.8
8 17 2.208
8 18 38.822
8 19 79.83
8 20 17.239
8 21 89.323
8 22 19.435
8 23 16.9
8 24 93.628
8 25 98.999
8 26 91.489
8 27 42.315
8 28 59.43
8 29 51.383
8 30 16.493
8 31 25.826
8 32 52.011
8 33 56.77
8 34 11.736
8 35 69.49
8 36 51.772
8 37 34.959
8 38 30.494
8 39 96.681
8 40 6.754
8 41 60.728
8 42 42.613
8 43 37.774
8 44 68.669
8 45 15.009
8 46 61.417
8 47 73.091
8 48 43.606
8 49 41.012
8 50 20.867
8 51 10.981
8 52 36.727
8 53 84.657
8 54 10.973
8 55 85.631
8 56 70.076
8 57 40.641
8 58 74.254
8 59 37.823
8 60 27.085
8 61 73.619
8 62 49.898
8 63 86.438
8 64 6.615
8 65 20.999
8 66 25.376
8 67 49.104
8 68 33.999
8 69 79.91
8 70 41.853
8 71 37.495
8 72 50.392
8 73 3.83
8 74 48.339
8 75 37.532
8 76 63.263
8 77 56.772
8 78 4.285
8 79 68.83
8 80 17.945
8 81 43.506
8 82 58.089
8 83 45.011
8 84 80.839
8 85 86.112
8 86 86.516
8 87 95.668
8 88 17.667
8 89 37.052
8 90 33.694
8 91 47.731
8 92 81.612
8 93 55.839
8 94 44.53
8 95 41.222
8 96 66.965
8 97 3.65
8 98 1.538
8 99 51.956
9 10 97.934
9 11 95.397
9 12 40.049
9 13 1.322
9 14 88.721
9 15 10.914
9 16 25.693
9 17 55.526
9 18 51.788
9 19 87.104
9 20 42.068
9 21 88.322
9 22 57.269
9 23 5.045
9 24 68.757
9 25 31.272
9 26 28.133
9 27 43.868
9 28 91.117
9 29 69.679
9 30 71.317
9 31 99.622
9 32 63.986
9 33 33.53
9 34 63.616
9 35 40.754
9 36 56.228
9 37 1.84
9 38 51.044
9 39 71.009
9 40 47.808
9 41 11.154
9 42 89.448
9 43 83.806
9 44 60.364
9 45 36.02
9 46 86.08
9 47 32.883
9 48 76.699
9 49 65.656
9 50 15.498
9 51 88.79
9 52 26.819
9 53 47.13
9 54 17.979
9 55 86.365
9 56 75.164
9 57 23.188
9 58 77.217
9 59 98.987
9 60 81.533
9 61 20.337
9 62 6.326
9 63 41.669
9 64 34.1
9 65 91.116
9 66 81.319
9 67 3.223
9 68 61.274
9 69 62.954
9 70 98.97
9 71 10.004
9 72 86.828
9 73 87.596
9 74 54.788
9 75 38.809
9 76 29.15
9 77 86.29
9 78 63.925
9 79 78.393
9 80 40.128
9 81 64.218
9 82 95.114
9 83 80.66
9 84 46.862
9 85 88.918
9 86 36.803
9 87 65.621
9 88 37.055
9 89 19.394
9 90 87.668
9 91 82.667
9 92 40.065
9 93 58.844
9 94 58.311
9 95 17.991
9 96 47.697
9 97 83.032
9 98 25.418
9 99 19.204
10 11 23.099
10 12 45.026
10 13 60.1
10 14 91.494
10 15 49.604
10 16 1.245
10 17 52.077
10 18 71.257
10 19 38.588
10 20 16.067
10 21 2.571
10 22 6.696
10 23 44.404
10 24 72.704
10 25 75.857
10 26 96.553
10 27 37.366
10 28 96.554
10 29 76.126
10 30 44.965
10 31 20.51
10 32 19.369
10 33 16.067
10 34 50.872
10 35 6.223
10 36 51.646
10 37 97.735
10 38 27.742
10 39 88.04
10 40 72.357
10 41 60.531
10 42 86.054
10 43 18.782
10 44 89.26
10 45 44.83
10 46 37.695
10 47 99.594
10 48 1.97
10 49 47.991
10 50 14.267
10 51 23.554
10 52 35.582
10 53 44.419
10 54 61.556
10 55 55.142
10 56 50.271
10 57 92.953
10 58 49.952
10 59 83.465
10 60 13.672
10 61 61.054
10 62 67.571
10 63 45.811
10 64 52.336
10 65 48.118
10 66 54.824
10 67 35.651
10 68 25.974
10 69 72.027
10 70 83.171
10 71 9.197
10 72 16.062
10 73 32.944
10 74 72.947
10 75 68.973
10 76 99.521
10 77 74.248
10 78 77.417
10 79 55.508
10 80 13.407
10 81 78.055
10 82 43.647
10 83 19.249
10 84 50.294
10 85 36.718
10 86 75.474
10 87 63.501
10 88 67.79
10 89 47.567
10 90 64.386
10 91 0.634
10 92 95.842
10 93 96.246
10 94 15.261
10 95 13.156
10 96 90.049
10 97 7.383
10 98 78.95
10 99 93.247
11 12 52.672
11 13 47.4
11 14 0.937
11 15 86.891
11 16 89.808
11 17 74.165
11 18 32.284
11 19 12.344
11 20 77.55
11 21 68.816
11 22 60.99
11 23 57.11
11 24 19.673
11 25 68.393
11 26 87.464
11 27 86.376
11 28 62.245
11 29 7.471
11 30 64.571
11 31 42.356
11 32 85.165
11 33 99.529
11 34 24.154
11 35 98.977
11 36 98.829
11 37 90.912
11 38 64.419
11 39 90.89
11 40 79.874
11 41 8.038
11 42 23.455
11 43 56.498
11 44 34.989
11 45 17.635
11 46 19.778
11 47 56.798
11 48 29.982
11 49 52.459
11 50 73.341
11 51 96.504
11 52 37.575
11 53 48.796
11 54 36.957
11 55 53.345
11 56 55.776
11 57 1.114
11 58 47.384
11 59 5.998
11 60 79.491
11 61 63.01
11 62 36.629
11 63 86.996
11 64 0.713
11 65 94.374
11 66 4.687
11 67 82.169
11 68 61.034
11 69 18.701
11 70 25.946
11 71 86.586
11 72 6.354
11 73 39.24
11 74 22.224
11 75 16.509
11 76 37.005
11 77 88.807
11 78 36.437
11 79 87.225
11 80 97.656
11 81 94.292
11 82 21.626
11 83 95.679
11 84 53.757
11 85 54.674
11 86 25.921
11 87 66.404
11 88 31.526
11 89 2.983
11 90 94.781
11 91 39.243
11 92 54.968
11 93 51.368
11 94 23.509
11 95 62.125
11 96 67.504
11 97 63.291
11 98 58.914
11 99 96.296
12 13 82.224
12 14 89.567
12 15 85.776
12 16 2.593
12 17 20.882
12 18 34.632
12 19 9.932
12 20 65.075
12 21 58.219
12 22 48.491
12 23 24.979
12 24 97.919
12 25 29.743
12 26 55.731
12 27 50.9
12 28 89.255
12 29 68.073
12 30 72.171
12 31 20.08
12 32 99.181
12 33 68.157
12 34 61.402
12 35 47.036
12 36 98.377
12 37 50.806
12 38 25.452
12 39 77.269
12 40 90.441
12 41 74.042
12 42 3.52
12 43 64.672
12 44 1.249
12 45 63.592
12 46 26.302
12 47 87.813
12 48 43.113
12 49 71.66
12 50 73.98
12 51 18.584
12 52 2.601
12 53 3.44
12 54 47.02
12 55 79.618
12 56 7.201
12 57 71.733
12 58 51.331
12 59 82.447
12 60 97.203
12 61 40.594
12 62 59.521
12 63 41.022
12 64 29.702
12 65 36.507
12 66 97.484
12 67 96.946
12 68 85.211
12 69 22.939
12 70 79.313
12 71 30.107
12 72 60.559
12 73 37.813
12 74 96.766
12 75 30.704
12 76 69.449
12 77 61.967
12 78 57.134
12 79 1.753
12 80 94.809
12 81 73.647
12 82 45.463
12 83 2.888
12 84 34.53
12 85 16.629
12 86 99.144
12 87 47.472
12 88 34.579
12 89 90.095
12 90 94.339
12 91 73.022
12 92 45.606
12 93 48.399
12 94 83.909
12 95 46.533
12 96 78.698
12 97 35.136
12 98 43.433
12 99 2.795
13 14 18.302
13 15 99.307
13 16 16.206
13 17 16.477
13 18 21.625
13 19 41.316
13 20 84.223
13 21 95.915
13 22 40.297
13 23 94.957
13 24 95.909
13 25 8.769
13 26 18.067
13 27 96.494
13 28 3.828
13 29 4.96
13 30 3.788
13 31 33.741
13 32 81.844
13 33 64.466
13 34 87.237
13 35 25.234
13 36 53.69
13 37 39.858
13 38 39.808
13 39 58.194
13 40 44.556
13 41 70.501
13 42 72.792
13 43 60.691
13 44 93.32
13 45 22.436
13 46 43.961
13 47 70.543
13 48 43.64
13 49 33.351
13 50 25.272
13 51 54.205
13 52 38.192
13 53 67.883
13 54 85.99
13 55 98.412
13 56 61.419
13 57 80.838
13 58 42.688
13 59 91.787
13 60 87.215
13 61 78.755
13 62 97.689
13 63 87.761
13 64 31.171
13 65 61.921
13 66 3.924
13 67 70.375
13 68 26.748
13 69 24.707
13 70 40.225
13 71 70.978
13 72 92.096
13 73 29.311
13 74 67.021
13 75 55.11
13 76 80.011
13 77 70.039
13 78 15.383
13 79 55.058
13 80 51.473
13 81 15.069
13 82 99.972
13 83 0.424
13 84 12.954
13 85 78.125
13 86 32.454
13 87 12.64
13 88 96.67
13 89 76.963
13 90 67.925
13 91 91.626
13 92 0.549
13 93 72.953
13 94 2.708
13 95 95.605
13 96 33.076
13 97 68.875
13 98 82.147
13 99 61.88
14 15 38.1
14 16 41.826
14 17 5.892
14 18 8.149
14 19 97.92
14 20 91.045
14 21 71.353
14 22 43.669
14 23 82.506
14 24 66.221
14 25 34.507
14 26 46.886
14 27 4.139
14 28 87.774
14 29 72.188
14 30 54.637
14 31 24.275
14 32 17.583
14 33 54.532
14 34 44.182
14 35 45.736
14 36 30.984
14 37 97.476
14 38 50.67
14 39 79.656
14 40 33.92
14 41 62.577
14 42 25.773
14 43 27.698
14 44 55.295
14 45 54.137
14 46 84.987
14 47 66.526
14 48 57.6
14 49 19.414
14 50 55.407
14 51 95.9
14 52 13.485
14 53 72.886
14 54 89.852
14 55 45.604
14 56 57.091
14 57 13.846
14 58 44.285
14 59 50.183
14 60 6.053
14 61 3.586
14 62 76.824
14 63 14.583
14 64 90.726
14 65 5.406
14 66 4.087
14 67 22.366
14 68 78.065
14 69 19.411
14 70 88.0
14 71 8.371
14 72 16.346
14 73 65.912
14 74 55.59
14 75 16.307
14 76 17.467
14 77 81.21
14 78 6.063
14 79 9.189
14 80 32.77
14 81 51.607
14 82 75.983
14 83 46.444
14 84 16.984
14 85 29.486
14 86 32.436
14 87 44.005
14 88 46.828
14 89 93.05
14 90 24.013
14 91 74.471
14 92 59.139
14 93 85.21
14 94 43.421
14 95 70.018
14 96 45.49
14 97 94.585
14 98 22.754
14 99 43.308
15 16 82.725
15 17 14.732
15 18 54.959
15 19 51.852
15 20 22.971
15 21 28.67
15 22 66.235
15 23 70.416
15 24 27.437
15 25 49.735
15 26 49.845
15 27 34.245
15 28 43.798
15 29 96.507
15 30 46.885
15 31 67.191
15 32 17.631
15 33 29.628
15 34 99.81
15 35 22.146
15 36 1.179
15 37 37.873
15 38 93.55
15 39 40.285
15 40 92.568
15 41 54.993
15 42 59.924
15 43 1.328
15 44 91.978
15 45 47.505
15 46 4.105
15 47 58.838
15 48 59.896
15 49 88.006
15 50 73.911
15 51 90.038
15 52 18.04
15 53 83.354
15 54 16.825
15 55 76.334
15 56 84.289
15 57 22.969
15 58 25.444
15 59 69.263
15 60 52.675
15 61 72.373
15 62 15.827
15 63 97.363
15 64 51.945
15 65 29.449
15 66 64.556
15 67 6.202
15 68 87.193
15 69 46.008
15 70 93.479
15 71 67.386
15 72 49.319
15 73 38.749
15 74 29.864
15 75 80.161
15 76 94.63
15 77 10.072
15 78 30.476
15 79 12.167
15 80 67.901
15 81 75.547
15 82 90.241
15 83 45.641
15 84 7.959
15 85 77.509
15 86 17.872
15 87 80.062
15 88 77.725
15 89 95.058
15 90 50.955
15 91 48.368
15 92 49.948
15 93 23.472
15 94 75.618
15 95 13.318
15 96 71.403
15 97 46.014
15 98 37.73
15 99 1.361
16 17 78.746
16 18 68.973
16 19 36.129
16 20 90.732
16 21 58.209
16 22 53.808
16 23 80.517
16 24 11.511
16 25 97.309
16 26 73.027
16 27 83.432
16 28 58.525
16 29 1.004
16 30 17.294
16 31 74.562
16 32 91.18
16 33 10.429
16 34 66.047
16 35 73.566
16 36 12.661
16 37 75.852
16 38 79.483
16 39 13.132
16 40 13.91
16 41 94.44
16 42 5.883
16 43 9.735
16 44 5.951
16 45 22.694
16 46 22.813
16 47 40.037
16 48 36.844
16 49 75.077
16 50 2.77
16 51 86.101
16 52 77.625
16 53 35.229
16 54 56.192
16 55 3.117
16 56 16.489
16 57 94.718
16 58 29.113
16 59 47.311
16 60 39.812
16 61 78.646
16 62 5.347
16 63 31.245
16 64 73.269
16 65 46.474
16 66 58.958
16 67 51.815
16 68 69.373
16 69 10.923
16 70 24.057
16 71 11.685
16 72 52.309
16 73 94.991
16 74 46.635
16 75 36.638
16 76 69.645
16 77 46.844
16 78 12.516
16 79 70.875
16 80 33.495
16 81 41.339
16 82 46.096
16 83 44.119
16 84 52.887
16 85 32.29
16 86 57.039
16 87 6.514
16 88 73.885
16 89 57.713
16 90 85.766
16 91 31.404
16 92 87.408
16 93 57.543
16 94 18.643
16 95 78.277
16 96 43.713
16 97 97.665
16 98 15.83
16 99 0.646
17 18 63.947
17 19 97.057
17 20 99.353
17 21 28.88
17 22 1.465
17 23 52.865
17 24 31.283
17 25 25.091
17 26 81.147
17 27 15.988
17 28 83.197
17 29 52.436
17 30 52.103
17 31 78.671
17 32 50.069
17 33 31.519
17 34 78.813
17 35 28.444
17 36 79.008
17 37 65.938
17 38 35.84
17 39 85.77
17 40 54.352
17 41 85.659
17 42 67.138
17 43 81.373
17 44 87.095
17 45 21.282
17 46 18.389
17 47 50.309
17 48 13.952
17 49 61.417
17 50 37.297
17 51 45.972
17 52 2.258
17 53 68.695
17 54 68.18
17 55 56.396
17 56 59.855
17 57 63.385
17 58 72.219
17 59 9.615
17 60 34.44
17 61 10.81
17 62 52.508
17 63 58.647
17 64 51.528
17 65 74.235
17 66 45.921
17 67 86.396
17 68 62.725
17 69 38.128
17 70 18.768
17 71 13.591
17 72 88.499
17 73 3.46
17 74 48.237
17 75 39.14
17 76 96.985
17 77 39.495
17 78 8.57
17 79 52.894
17 80 77.64
17 81 11.357
17 82 98.167
17 83 96.138
17 84 86.79
17 85 42.301
17 86 76.172
17 87 74.414
17 88 86.622
17 89 45.376
17 90 32.005
17 91 43.42
17 92 26.933
17 93 26.875
17 94 14.252
17 95 65.846
17 96 70.976
17 97 35.707
17 98 41.062
17 99 26.898
18 19 41.18
18 20 45.955
18 21 60.304
18 22 75.588
18 23 51.382
18 24 25.925
18 25 37.135
18 26 27.979
18 27 47.109
18 28 41.648
18 29 32.465
18 30 2.906
18 31 35.436
18 32 37.309
18 33 36.822
18 34 78.117
18 35 76.838
18 36 67.193
18 37 90.177
18 38 88.369
18 39 64.306
18 40 15.924
18 41 68.496
18 42 9.293
18 43 77.982
18 44 74.154
18 45 39.877
18 46 63.883
18 47 39.795
18 48 37.666
18 49 90.577
18 50 31.031
18 51 71.312
18 52 55.118
18 53 53.569
18 54 76.213
18 55 49.695
18 56 67.775
18 57 55.12
18 58 11.103
18 59 49.648
18 60 42.675
18 61 31.399
18 62 73.619
18 63 50.344
18 64 53.104
18 65 84.208
18 66 25.439
18 67 63.649
18 68 84.303
18 69 8.413
18 70 33.517
18 71 73.288
18 72 71.612
18 73 12.417
18 74 22.125
18 75 8.481
18 76 98.154
18 77 45.594
18 78 61.715
18 79 99.474
18 80 38.527
18 81 45.685
18 82 6.017
18 83 41.825
18 84 49.122
18 85 11.685
18 86 29.661
18 87 10.511
18 88 24.423
18 89 26.373
18 90 19.448
18 91 58.968
18 92 99.38
18 93 57.668
18 94 22.319
18 95 38.261
18 96 88.867
18 97 52.02
18 98 15.042
18 99 83.019
19 20 96.558
19 21 89.698
19 22 21.258
19 23 60.755
19 24 54.681
19 25 62.801
19 26 19.231
19 27 16.127
19 28 34.438
19 29 32.8
19 30 12.907
19 31 42.989
19 32 3.963
19 33 24.34
19 34 82.846
19 35 60.731
19 36 53.797
19 37 44.75
19 38 33.967
19 39 4.512
19 40 25.889
19 41 65.778
19 42 10.971
19 43 64.868
19 44 29.588
19 45 85.42
19 46 53.248
19 47 14.747
19 48 24.891
19 49 39.959
19 50 56.402
19 51 39.253
19 52 92.126
19 53 34.516
19 54 20.896
19 55 98.217
19 56 99.514
19 57 12.948
19 58 8.557
19 59 27.393
19 60 28.151
19 61 88.695
19 62 62.638
19 63 14.286
19 64 13.938
19 65 69.528
19 66 43.408
19 67 43.286
19 68 75.347
19 69 68.394
19 70 44.905
19 71 14.248
19 72 92.613
19 73 16.207
19 74 63.538
19 75 60.208
19 76 71.369
19 77 20.359
19 78 30.682
19 79 95.748
19 80 65.029
19 81 57.985
19 82 40.652
19 83 56.669
19 84 80.619
19 85 48.341
19 86 80.646
19 87 69.78
19 88 25.24
19 89 36.453
19 90 83.402
19 91 78.316
19 92 98.735
19 93 91.923
19 94 25.926
19 95 79.598
19 96 96.087
19 97 57.806
19 98 17.17
19 99 90.198
20 21 52.39
20 22 29.784
20 23 68.546
20 24 47.935
20 25 34.424
20 26 57.464
20 27 35.857
20 28 38.501
20 29 84.431
20 30 80.885
20 31 47.297
20 32 18.062
20 33 77.446
20 34 4.137
20 35 76.347
20 36 79.885
20 37 85.764
20 38 35.841
20 39 63.409
20 40 47.15
20 41 3.293
20 42 77.769
20 43 44.626
20 44 41.322
20 45 33.991
20 46 7.672
20 47 82.805
20 48 7.973
20 49 88.414
20 50 81.779
20 51 19.303
20 52 84.134
20 53 20.001
20 54 11.47
20 55 63.496
20 56 58.959
20 57 77.073
20 58 37.375
20 59 64.276
20 60 64.074
20 61 41.849
20 62 77.772
20 63 72.165
20 64 53.253
20 65 7.347
20 66 58.532
20 67 4.944
20 68 47.368
20 69 10.943
20 70 91.344
20 71 51.628
20 72 42.613
20 73 47.517
20 74 27.363
20 75 68.693
20 76 71.521
20 77 99.985
20 78 31.637
20 79 35.066
20 80 28.557
20 81 61.725
20 82 26.07
20 83 61.479
20 84 57.41
20 85 17.322
20 86 29.036
20 87 33.509
20 88 35.155
20 89 78.746
20 90 16.224
20 91 87.364
20 92 60.515
20 93 30.47
20 94 30.53
20 95 95.404
20 96 28.728
20 97 65.945
20 98 12.723
20 99 26.718
21 22 1.052
21 23 78.798
21 24 71.362
21 25 99.29
21 26 22.003
21 27 26.118
21 28 14.484
21 29 36.122
21 30 58.173
21 31 50.071
21 32 26.175
21 33 89.102
21 34 29.156
21 35 93.722
21 36 72.009
21 37 61.506
21 38 10.807
21 39 35.248
21 40 36.143
21 41 32.066
21 42 98.931
21 43 16.242
21 44 96.094
21 45 10.959
21 46 2.73
21 47 89.914
21 48 58.5
21 49 50.372
21 50 94.348
21 51 42.959
21 52 27.808
21 53 54.401
21 54 20.246
21 55 62.281
21 56 38.46
21 57 0.273
21 58 66.29
21 59 0.957
21 60 17.463
21 61 3.581
21 62 70.518
21 63 94.766
21 64 92.324
21 65 83.279
21 66 62.765
21 67 38.272
21 68 93.939
21 69 90.31
21 70 2.359
21 71 20.421
21 72 77.114
21 73 35.038
21 74 48.832
21 75 27.404
21 76 56.32
21 77 18.142
21 78 28.346
21 79 51.225
21 80 52.774
21 81 26.892
21 82 5.367
21 83 13.152
21 84 0.591
21 85 23.124
21 86 29.625
21 87 66.918
21 88 5.972
21 89 19.555
21 90 32.424
21 91 80.959
21 92 44.247
21 93 30.401
21 94 23.632
21 95 67.035
21 96 23.88
21 97 18.602
21 98 0.767
21 99 65.888
22 23 58.849
22 24 21.815
22 25 28.777
22 26 79.434
22 27 91.036
22 28 26.113
22 29 75.695
22 30 83.294
22 31 71.3
22 32 2.951
22 33 80.569
22 34 95.478
22 35 17.813
22 36 34.111
22 37 57.5
22 38 8.822
22 39 41.294
22 40 35.184
22 41 33.06
22 42 78.814
22 43 84.011
22 44 46.821
22 45 62.347
22 46 67.681
22 47 59.627
22 48 68.245
22 49 3.66
22 50 93.9
22 51 12.22
22 52 2.281
22 53 56.701
22 54 50.237
22 55 50.408
22 56 39.931
22 57 59.988
22 58 33.15
22 59 22.724
22 60 69.122
22 61 20.62
22 62 32.606
22 63 5.55
22 64 64.29
22 65 37.562
22 66 21.716
22 67 7.211
22 68 23.522
22 69 90.302
22 70 54.633
22 71 62.081
22 72 66.174
22 73 96.457
22 74 6.839
22 75 75.417
22 76 39.421
22 77 91.196
22 78 50.463
22 79 4.039
22 80 34.366
22 81 26.539
22 82 51.808
22 83 42.343
22 84 18.292
22 85 93.156
22 86 10.752
22 87 68.072
22 88 43.303
22 89 95.658
22 90 40.632
22 91 68.166
22 92 93.279
22 93 14.607
22 94 35.988
22 95 71.931
22 96 80.753
22 97 54.325
22 98 6.711
22 99 58.867
23 24 98.62
23 25 2.903
23 26 98.696
23 27 59.356
23 28 87.199
23 29 46.001
23 30 22.798
23 31 64.219
23 32 88.105
23 33 4.209
23 34 2.669
23 35 52.077
23 36 79.408
23 37 88.447
23 38 69.311
23 39 48.707
23 40 57.609
23 41 43.32
23 42 29.389
23 43 15.461
23 44 69.036
23 45 6.483
23 46 21.788
23 47 15.353
23 48 92.746
23 49 24.503
23 50 54.56
23 51 52.261
23 52 54.035
23 53 82.218
23 54 26.118
23 55 75.055
23 56 14.296
23 57 7.188
23 58 92.018
23 59 80.864
23 60 28.537
23 61 49.001
23 62 35.617
23 63 16.056
23 64 55.139
23 65 23.452
23 66 70.727
23 67 64.252
23 68 31.232
23 69 32.629
23 70 86.889
23 71 24.651
23 72 12.926
23 73 45.164
23 74 89.297
23 75 78.418
23 76 27.808
23 77 68.41
23 78 36.657
23 79 84.293
23 80 72.644
23 81 98.672
23 82 63.654
23 83 54.502
23 84 46.228
23 85 72.274
23 86 21.934
23 87 24.123
23 88 23.768
23 89 7.416
23 90 37.572
23 91 39.973
23 92 14.0
23 93 91.928
23 94 98.592
23 95 81.675
23 96 34.155
23 97 71.783
23 98 17.85
23 99 13.373
24 25 90.225
24 26 66.844
24 27 27.199
24 28 99.304
24 29 19.757
24 30 79.167
24 31 24.579
24 32 20.939
24 33 5.929
24 34 37.388
24 35 55.59
24 36 98.978
24 37 43.924
24 38 62.138
24 39 23.097
24 40 93.114
24 41 46.4
24 42 94.381
24 43 3.227
24 44 47.384
24 45 33.637
24 46 73.722
24 47 18.744
24 48 76.708
24 49 74.308
24 50 95.235
24 51 43.405
24 52 33.271
24 53 25.769
24 54 41.424
24 55 68.55
24 56 66.571
24 57 0.602
24 58 10.421
24 59 70.883
24 60 89.908
24 61 4.092
24 62 52.474
24 63 18.614
24 64 35.706
24 65 11.732
24 66 59.355
24 67 35.945
24 68 39.606
24 69 29.752
24 70 51.966
24 71 39.148
24 72 42.065
24 73 62.304
24 74 64.499
24 75 69.149
24 76 1.847
24 77 51.061
24 78 16.078
24 79 95.192
24 80 50.172
24 81 90.449
24 82 24.543
24 83 31.437
24 84 8.888
24 85 27.945
24 86 78.731
24 87 40.283
24 88 24.203
24 89 71.034
24 90 40.94
24 91 53.728
24 92 97.757
24 93 5.472
24 94 84.498
24 95 78.347
24 96 35.461
24 97 7.781
24 98 86.77
24 99 81.603
25 26 44.132
25 27 13.506
25 28 14.81
25 29 35.659
25 30 64.991
25 31 83.954
25 32 14.641
25 33 78.591
25 34 14.358
25 35 61.532
25 36 39.705
25 37 2.106
25 38 67.113
25 39 16.025
25 40 28.362
25 41 88.305
25 42 97.697
25 43 94.65
25 44 41.316
25 45 98.339
25 46 77.143
25 47 36.132
25 48 82.492
25 49 93.603
25 50 92.965
25 51 36.534
25 52 57.77
25 53 91.757
25 54 12.393
25 55 48.709
25 56 54.882
25 57 88.952
25 58 9.026
25 59 22.545
25 60 12.449
25 61 58.939
25 62 55.295
25 63 43.585
25 64 22.965
25 65 4.383
25 66 62.468
25 67 63.352
25 68 52.689
25 69 67.069
25 70 69.483
25 71 6.282
25 72 86.186
25 73 71.486
25 74 75.492
25 75 6.325
25 76 47.852
25 77 98.135
25 78 86.097
25 79 65.265
25 80 95.506
25 81 92.765
25 82 76.309
25 83 63.751
25 84 55.659
25 85 83.8
25 86 50.134
25 87 30.994
25 88 15.584
25 89 74.73
25 90 9.64
25 91 91.053
25 92 62.752
25 93 44.134
25 94 43.947
25 95 47.597
25 96 93.973
25 97 56.952
25 98 60.904
25 99 65.084
26 27 18.446
26 28 14.991
26 29 30.359
26 30 3.435
26 31 64.908
26 32 2.029
26 33 23.826
26 34 65.998
26 35 14.221
26 36 36.365
26 37 77.794
26 38 31.196
26 39 20.267
26 40 94.857
26 41 29.013
26 42 43.404
26 43 28.222
26 44 44.533
26 45 85.467
26 46 21.434
26 47 16.175
26 48 54.23
26 49 37.752
26 50 91.435
26 51 38.767
26 52 42.26
26 53 41.318
26 54 82.232
26 55 88.298
26 56 78.717
26 57 39.887
26 58 91.683
26 59 92.608
26 60 58.136
26 61 78.327
26 62 7.265
26 63 16.682
26 64 21.127
26 65 70.898
26 66 92.341
26 67 83.512
26 68 3.704
26 69 82.856
26 70 82.228
26 71 77.231
26 72 17.594
26 73 73.489
26 74 24.795
26 75 84.076
26 76 99.685
26 77 11.977
26 78 41.78
26 79 72.12
26 80 91.018
26 81 4.111
26 82 95.325
26 83 51.902
26 84 20.557
26 85 27.038
26 86 45.906
26 87 13.012
26 88 85.673
26 89 59.966
26 90 79.681
26 91 19.696
26 92 99.396
26 93 56.189
26 94 29.524
26 95 13.571
26 96 74.905
26 97 14.053
26 98 42.27
26 99 34.202
27 28 6.118
27 29 4.657
27 30 52.319
27 31 52.174
27 32 23.493
27 33 42.419
27 34 31.777
27 35 12.261
27 36 5.351
27 37 94.066
27 38 45.934
27 39 33.602
27 40 35.279
27 41 73.808
27 42 85.539
27 43 16.569
27 44 1.811
27 45 86.518
27 46 82.319
27 47 96.775
27 48 15.806
27 49 70.116
27 50 32.056
27 51 82.268
27 52 89.899
27 53 54.451
27 54 78.651
27 55 83.812
27 56 52.856
27 57 30.057
27 58 60.869
27 59 89.707
27 60 72.867
27 61 18.841
27 62 73.922
27 63 36.892
27 64 16.604
27 65 36.359
27 66 31.761
27 67 62.189
27 68 85.265
27 69 53.902
27 70 44.729
27 71 53.21
27 72 50.677
27 73 3.689
27 74 0.606
27 75 40.284
27 76 67.246
27 77 48.168
27 78 7.631
27 79 47.516
27 80 13.432
27 81 10.454
27 82 46.097
27 83 21.933
27 84 14.457
27 85 66.156
27 86 25.415
27 87 91.819
27 88 9.46
27 89 4.706
27 90 66.755
27 91 57.101
27 92 53.237
27 93 75.516
27 94 8.387
27 95 62.137
27 96 34.593
27 97 49.078
27 98 29.226
27 99 25.31
28 29 4.156
28 30 21.057
28 31 13.771
28 32 27.261
28 33 45.673
28 34 65.148
28 35 73.327
28 36 74.799
28 37 45.792
28 38 53.436
28 39 59.856
28 40 59.462
28 41 79.514
28 42 96.398
28 43 81.924
28 44 59.115
28 45 10.971
28 46 36.365
28 47 13.759
28 48 91.392
28 49 22.621
28 50 29.682
28 51 12.878
28 52 7.538
28 53 61.802
28 54 88.591
28 55 46.546
28 56 83.804
28 57 1.599
28 58 44.918
28 59 99.532
28 60 29.673
28 61 25.502
28 62 86.629
28 63 96.197
28 64 19.911
28 65 83.272
28 66 62.175
28 67 13.177
28 68 13.075
28 69 22.385
28 70 92.445
28 71 53.623
28 72 67.025
28 73 38.329
28 74 61.458
28 75 57.164
28 76 62.786
28 77 79.698
28 78 16.947
28 79 98.962
28 80 12.219
28 81 67.326
28 82 23.338
28 83 94.079
28 84 23.517
28 85 58.76
28 86 21.444
28 87 81.058
28 88 77.574
28 89 25.037
28 90 89.517
28 91 57.504
28 92 99.98
28 93 80.637
28 94 63.31
28 95 38.027
28 96 30.839
28 97 92.712
28 98 59.851
28 99 72.564
29 30 31.194
29 31 85.758
29 32 79.115
29 33 15.366
29 34 10.184
29 35 76.438
29 36 15.402
29 37 70.652
29 38 91.976
29 39 82.272
29 40 5.722
29 41 85.581
29 42 74.321
29 43 73.477
29 44 69.562
29 45 17.378
29 46 99.287
29 47 22.811
29 48 73.771
29 49 79.138
29 50 48.91
29 51 8.407
29 52 58.152
29 53 60.969
29 54 38.737
29 55 53.597
29 56 56.03
29 57 30.499
29 58 96.486
29 59 21.74
29 60 81.641
29 61 90.096
29 62 18.299
29 63 69.422
29 64 90.579
29 65 18.468
29 66 22.094
29 67 99.875
29 68 61.351
29 69 67.185
29 70 14.181
29 71 17.669
29 72 39.275
29 73 83.545
29 74 81.925
29 75 90.783
29 76 76.836
29 77 21.483
29 78 28.691
29 79 24.56
29 80 18.61
29 81 24.112
29 82 84.354
29 83 15.775
29 84 81.515
29 85 81.199
29 86 21.914
29 87 31.834
29 88 37.898
29 89 10.303
29 90 46.542
29 91 58.702
29 92 20.724
29 93 74.733
29 94 57.45
29 95 5.838
29 96 55.406
29 97 89.277
29 98 0.857
29 99 50.604
30 31 55.904
30 32 89.05
30 33 9.815
30 34 66.588
30 35 9.872
30 36 39.913
30 37 96.142
30 38 46.9
30 39 3.203
30 40 81.089
30 41 58.325
30 42 72.426
30 43 32.568
30 44 38.252
30 45 23.195
30 46 9.254
30 47 38.538
30 48 73.941
30 49 6.694
30 50 41.435
30 51 28.356
30 52 32.031
30 53 33.334
30 54 99.543
30 55 76.391
30 56 97.835
30 57 31.147
30 58 17.149
30 59 20.231
30 60 25.652
30 61 56.382
30 62 72.379
30 63 86.26
30 64 68.578
30 65 32.468
30 66 77.48
30 67 8.097
30 68 98.984
30 69 21.299
30 70 19.252
30 71 61.811
30 72 50.797
30 73 91.594
30 74 3.877
30 75 55.21
30 76 84.292
30 77 64.799
30 78 60.198
30 79 97.206
30 80 66.448
30 81 24.626
30 82 51.202
30 83 53.798
30 84 58.213
30 85 24.042
30 86 44.65
30 87 45.495
30 88 25.592
30 89 1.967
30 90 78.399
30 91 19.362
30 92 99.214
30 93 46.25
30 94 73.489
30 95 33.108
30 96 7.116
30 97 47.833
30 98 22.818
30 99 17.095
31 32 71.176
31 33 76.467
31 34 45.828
31 35 24.287
31 36 99.052
31 37 32.531
31 38 63.166
31 39 61.863
31 40 63.663
31 41 67.332
31 42 41.857
31 43 89.949
31 44 8.184
31 45 7.367
31 46 94.625
31 47 71.088
31 48 61.489
31 49 87.586
31 50 19.929
31 51 5.186
31 52 79.938
31 53 71.648
31 54 78.807
31 55 73.863
31 56 46.151
31 57 13.017
31 58 50.595
31 59 77.294
31 60 30.102
31 61 11.086
31 62 23.833
31 63 48.76
31 64 80.349
31 65 97.864
31 66 23.594
31 67 46.83
31 68 10.811
31 69 87.308
31 70 81.682
31 71 44.612
31 72 27.107
31 73 17.868
31 74 36.749
31 75 8.682
31 76 5.061
31 77 47.356
31 78 91.223
31 79 72.623
31 80 25.124
31 81 34.273
31 82 79.283
31 83 20.536
31 84 4.857
31 85 86.66
31 86 27.197
31 87 53.28
31 88 35.528
31 89 13.008
31 90 74.88
31 91 44.716
31 92 39.683
31 93 1.45
31 94 97.765
31 95 17.213
31 96 87.077
31 97 84.34
31 98 12.38
31 99 95.897
32 33 14.167
32 34 15.8
32 35 58.114
32 36 68.657
32 37 26.095
32 38 66.044
32 39 91.1
32 40 74.497
32 41 1.364
32 42 13.685
32 43 25.016
32 44 27.783
32 45 76.211
32 46 50.862
32 47 67.378
32 48 49.668
32 49 21.768
32 50 92.357
32 51 69.614
32 52 98.305
32 53 68.966
32 54 78.321
32 55 3.404
32 56 58.851
32 57 74.967
32 58 16.556
32 59 98.961
32 60 59.728
32 61 40.782
32 62 20.208
32 63 86.772
32 64 67.148
32 65 16.202
32 66 79.455
32 67 46.61
32 68 22.529
32 69 19.839
32 70 68.806
32 71 51.95
32 72 24.235
32 73 62.658
32 74 21.761
32 75 84.845
32 76 20.343
32 77 69.763
32 78 99.088
32 79 11.963
32 80 24.741
32 81 59.012
32 82 51.99
32 83 34.687
32 84 73.753
32 85 29.153
32 86 25.78
32 87 33.581
32 88 24.248
32 89 45.209
32 90 23.619
32 91 92.518
32 92 77.593
32 93 21.252
32 94 50.937
32 95 61.585
32 96 48.5
32 97 1.69
32 98 8.547
32 99 2.938
33 34 62.189
33 35 64.047
33 36 92.957
33 37 19.976
33 38 3.599
33 39 71.112
33 40 30.223
33 41 97.893
33 42 77.343
33 43 44.237
33 44 69.389
33 45 81.446
33 46 88.402
33 47 14.353
33 48 13.075
33 49 82.947
33 50 1.479
33 51 90.83
33 52 70.252
33 53 50.584
33 54 71.457
33 55 93.796
33 56 91.852
33 57 80.505
33 58 54.403
33 59 31.284
33 60 51.033
33 61 24.148
33 62 84.951
33 63 91.087
33 64 93.378
33 65 99.144
33 66 9.754
33 67 48.58
33 68 97.211
33 69 29.662
33 70 90.657
33 71 91.4
33 72 95.238
33 73 37.435
33 74 48.622
33 75 17.775
33 76 60.838
33 77 40.661
33 78 32.22
33 79 29.103
33 80 76.757
33 81 83.005
33 82 22.714
33 83 59.582
33 84 31.376
33 85 85.743
33 86 13.339
33 87 5.671
33 88 3.567
33 89 71.488
33 90 76.881
33 91 81.481
33 92 21.89
33 93 6.551
33 94 39.309
33 95 32.118
33 96 73.339
33 97 32.323
33 98 85.437
33 99 39.288
34 35 79.459
34 36 34.11
34 37 23.572
34 38 2.48
34 39 28.556
34 40 73.104
34 41 64.591
34 42 42.344
34 43 33.697
34 44 25.824
34 45 81.881
34 46 42.214
34 47 69.814
34 48 43.655
34 49 95.722
34 50 44.388
34 51 59.542
34 52 68.681
34 53 67.904
34 54 32.382
34 55 88.482
34 56 78.096
34 57 83.959
34 58 58.699
34 59 3.315
34 60 6.787
34 61 16.258
34 62 17.46
34 63 20.063
34 64 26.449
34 65 10.564
34 66 96.982
34 67 34.473
34 68 92.859
34 69 33.417
34 70 75.402
34 71 72.65
34 72 12.167
34 73 65.281
34 74 47.916
34 75 3.347
34 76 72.615
34 77 88.179
34 78 23.427
34 79 1.509
34 80 74.224
34 81 10.978
34 82 44.906
34 83 74.523
34 84 16.091
34 85 6.482
34 86 77.929
34 87 92.704
34 88 36.043
34 89 72.092
34 90 37.816
34 91 96.85
34 92 82.428
34 93 56.391
34 94 14.76
34 95 36.406
34 96 42.01
34 97 38.351
34 98 61.263
34 99 60.473
35 36 27.389
35 37 17.68
35 38 67.979
35 39 7.37
35 40 23.007
35 41 90.806
35 42 30.49
35 43 52.471
35 44 89.112
35 45 19.65
35 46 61.017
35 47 45.177
35 48 27.271
35 49 12.03
35 50 99.028
35 51 62.336
35 52 26.561
35 53 43.562
35 54 78.463
35 55 51.395
35 56 50.629
35 57 64.225
35 58 68.203
35 59 87.525
35 60 77.712
35 61 30.407
35 62 73.246
35 63 88.993
35 64 33.513
35 65 93.203
35 66 15.924
35 67 22.448
35 68 78.699
35 69 77.628
35 70 6.616
35 71 38.158
35 72 54.192
35 73 99.806
35 74 69.761
35 75 42.102
35 76 36.026
35 77 57.035
35 78 70.533
35 79 2.69
35 80 68.836
35 81 53.876
35 82 2.827
35 83 6.706
35 84 98.09
35 85 59.789
35 86 69.418
35 87 10.757
35 88 51.13
35 89 92.136
35 90 72.064
35 91 57.029
35 92 24.136
35 93 97.592
35 94 79.405
35 95 38.688
35 96 28.482
35 97 80.618
35 98 46.736
35 99 74.683
36 37 21.373
36 38 12.297
36 39 1.253
36 40 78.028
36 41 21.374
36 42 74.705
36 43 53.359
36 44 30.684
36 45 17.022
36 46 52.015
36 47 94.774
36 48 46.953
36 49 50.351
36 50 42.501
36 51 20.488
36 52 93.337
36 53 6.18
36 54 45.796
36 55 48.738
36 56 94.273
36 57 98.998
36 58 91.53
36 59 12.494
36 60 50.409
36 61 4.794
36 62 56.857
36 63 67.502
36 64 55.619
36 65 17.302
36 66 93.704
36 67 25.513
36 68 51.066
36 69 30.346
36 70 34.126
36 71 65.998
36 72 87.469
36 73 5.208
36 74 57.426
36 75 46.437
36 76 30.367
36 77 26.403
36 78 76.264
36 79 86.038
36 80 47.423
36 81 54.858
36 82 46.828
36 83 99.028
36 84 57.049
36 85 18.757
36 86 57.603
36 87 33.035
36 88 4.108
36 89 97.497
36 90 59.795
36 91 47.076
36 92 68.49
36 93 42.396
36 94 46.875
36 95 60.86
36 96 81.445
36 97 0.682
36 98 61.726
36 99 3.653
37 38 10.105
37 39 17.702
37 40 35.948
37 41 45.927
37 42 19.207
37 43 76.061
37 44 8.696
37 45 91.522
37 46 16.919
37 47 61.603
37 48 35.632
37 49 21.599
37 50 50.887
37 51 10.375
37 52 32.403
37 53 66.897
37 54 77.683
37 55 58.252
37 56 35.862
37 57 20.16
37 58 21.269
37 59 30.484
37 60 38.48
37 61 73.103
37 62 93.088
37 63 69.45
37 64 7.544
37 65 82.814
37 66 99.268
37 67 62.62
37 68 90.991
37 69 28.265
37 70 53.281
37 71 46.718
37 72 23.559
37 73 9.544
37 74 90.524
37 75 5.505
37 76 64.867
37 77 20.651
37 78 72.702
37 79 63.963
37 80 46.15
37 81 84.503
37 82 84.829
37 83 53.945
37 84 20.438
37 85 29.955
37 86 94.861
37 87 31.539
37 88 10.128
37 89 66.212
37 90 70.999
37 91 73.524
37 92 0.479
37 93 34.209
37 94 70.907
37 95 12.3
37 96 64.929
37 97 13.812
37 98 0.366
37 99 5.722
38 39 50.01
38 40 81.662
38 41 92.459
38 42 20.597
38 43 72.767
38 44 20.079
38 45 68.239
38 46 70.149
38 47 10.506
38 48 9.754
38 49 68.0
38 50 13.885
38 51 35.007
38 52 32.35
38 53 79.456
38 54 36.519
38 55 54.099
38 56 54.364
38 57 6.476
38 58 59.257
38 59 34.979
38 60 48.083
38 61 44.536
38 62 14.858
38 63 51.193
38 64 50.216
38 65 73.08
38 66 38.406
38 67 58.78
38 68 45.021
38 69 36.695
38 70 53.911
38 71 34.173
38 72 75.366
38 73 97.122
38 74 65.893
38 75 21.09
38 76 4.637
38 77 66.505
38 78 51.163
38 79 15.636
38 80 17.809
38 81 92.899
38 82 33.191
38 83 58.805
38 84 85.058
38 85 8.183
38 86 24.536
38 87 30.66
38 88 2.178
38 89 33.68
38 90 79.218
38 91 3.912
38 92 1.51
38 93 29.265
38 94 98.787
38 95 25.804
38 96 5.354
38 97 25.356
38 98 39.704
38 99 53.193
39 40 83.946
39 41 6.946
39 42 20.781
39 43 58.107
39 44 40.486
39 45 69.969
39 46 79.667
39 47 90.109
39 48 63.215
39 49 29.942
39 50 21.291
39 51 92.505
39 52 40.302
39 53 89.002
39 54 81.218
39 55 55.063
39 56 70.791
39 57 68.07
39 58 70.392
39 59 63.05
39 60 69.357
39 61 62.107
39 62 16.797
39 63 11.234
39 64 57.648
39 65 96.003
39 66 42.31
39 67 29.272
39 68 8.854
39 69 6.649
39 70 95.928
39 71 59.365
39 72 53.926
39 73 10.553
39 74 55.172
39 75 78.038
39 76 85.153
39 77 65.131
39 78 86.594
39 79 96.47
39 80 13.562
39 81 11.409
39 82 68.047
39 83 82.427
39 84 41.613
39 85 40.894
39 86 65.806
39 87 52.16
39 88 49.027
39 89 72.13
39 90 28.789
39 91 12.256
39 92 65.878
39 93 90.72
39 94 71.55
39 95 17.953
39 96 73.476
39 97 4.259
39 98 46.873
39 99 12.417
40 41 3.329
40 42 37.898
40 43 90.238
40 44 46.17
40 45 8.849
40 46 43.158
40 47 95.6
40 48 27.625
40 49 34.081
40 50 32.422
40 51 42.781
40 52 47.247
40 53 5.735
40 54 87.257
40 55 3.322
40 56 18.126
40 57 48.428
40 58 68.264
40 59 3.35
40 60 65.718
40 61 20.198
40 62 32.75
40 63 45.886
40 64 21.027
40 65 5.023
40 66 48.74
40 67 67.872
40 68 63.153
40 69 43.982
40 70 77.46
40 71 29.407
40 72 73.754
40 73 34.96
40 74 13.863
40 75 85.517
40 76 46.627
40 77 60.426
40 78 61.399
40 79 26.374
40 80 80.989
40 81 99.797
40 82 4.243
40 83 1.734
40 84 90.294
40 85 47.432
40 86 58.864
40 87 94.06
40 88 44.746
40 89 83.796
40 90 69.682
40 91 82.651
40 92 16.601
40 93 20.121
40 94 10.165
40 95 13.737
40 96 84.582
40 97 69.772
40 98 67.073
40 99 44.104
41 42 40.774
41 43 19.723
41 44 55.002
41 45 57.285
41 46 28.29
41 47 91.987
41 48 72.539
41 49 77.404
41 50 19.671
41 51 72.291
41 52 63.389
41 53 91.413
41 54 65.518
41 55 4.831
41 56 5.121
41 57 31.47
41 58 94.392
41 59 46.667
41 60 37.951
41 61 27.653
41 62 84.833
41 63 91.252
41 64 14.1
41 65 93.334
41 66 52.623
41 67 95.233
41 68 18.185
41 69 28.008
41 70 9.956
41 71 70.52
41 72 22.948
41 73 83.835
41 74 87.02
41 75 25.405
41 76 65.389
41 77 92.607
41 78 44.855
41 79 39.167
41 80 97.202
41 81 85.056
41 82 41.52
41 83 62.389
41 84 70.526
41 85 96.768
41 86 36.834
41 87 90.675
41 88 10.435
41 89 16.669
41 90 7.794
41 91 37.446
41 92 20.958
41 93 6.313
41 94 66.64
41 95 16.932
41 96 0.125
41 97 14.716
41 98 73.003
41 99 67.007
42 43 98.48
42 44 97.092
42 45 10.115
42 46 7.088
42 47 57.562
42 48 12.536
42 49 40.87
42 50 30.107
42 51 20.795
42 52 34.474
42 53 76.173
42 54 68.343
42 55 9.388
42 56 93.833
42 57 7.887
42 58 34.16
42 59 10.377
42 60 35.933
42 61 43.321
42 62 2.101
42 63 20.974
42 64 95.779
42 65 18.462
42 66 93.678
42 67 68.727
42 68 7.404
42 69 65.375
42 70 4.681
42 71 32.318
42 72 61.179
42 73 52.906
42 74 19.009
42 75 47.491
42 76 3.188
42 77 83.528
42 78 4.235
42 79 19.377
42 80 54.027
42 81 58.027
42 82 82.964
42 83 51.22
42 84 78.162
42 85 49.152
42 86 19.839
42 87 35.359
42 88 7.8
42 89 0.888
42 90 7.583
42 91 84.804
42 92 50.932
42 93 52.251
42 94 87.206
42 95 74.469
42 96 90.077
42 97 75.964
42 98 53.698
42 99 21.982
43 44 39.551
43 45 43.161
43 46 41.412
43 47 36.572
43 48 71.403
43 49 43.86
43 50 65.087
43 51 52.042
43 52 31.997
43 53 27.46
43 54 61.552
43 55 87.186
43 56 94.49
43 57 60.555
43 58 61.271
43 59 58.274
43 60 54.851
43 61 45.088
43 62 30.668
43 63 64.511
43 64 55.299
43 65 36.046
43 66 42.355
43 67 16.42
43 68 14.792
43 69 90.534
43 70 98.822
43 71 15.494
43 72 72.122
43 73 65.875
43 74 99.844
43 75 99.531
43 76 28.186
43 77 60.765
43 78 87.4
43 79 70.015
43 80 31.547
43 81 49.786
43 82 17.288
43 83 34.929
43 84 3.696
43 85 86.132
43 86 93.967
43 87 79.485
43 88 6.168
43 89 36.37
43 90 32.751
43 91 48.71
43 92 13.16
43 93 70.638
43 94 12.577
43 95 81.241
43 96 18.175
43 97 19.565
43 98 15.487
43 99 44.213
44 45 29.866
44 46 40.479
44 47 25.504
44 48 40.18
44 49 31.094
44 50 51.944
44 51 33.261
44 52 28.364
44 53 50.299
44 54 20.149
44 55 53.32
44 56 70.288
44 57 11.795
44 58 74.401
44 59 6.643
44 60 47.056
44 61 33.227
44 62 91.542
44 63 88.127
44 64 27.13
44 65 75.596
44 66 48.667
44 67 9.585
44 68 29.482
44 69 13.861
44 70 88.789
44 71 10.4
44 72 18.023
44 73 81.218
44 74 51.06
44 75 78.403
44 76 8.812
44 77 14.9
44 78 93.572
44 79 40.98
44 80 61.343
44 81 61.987
44 82 14.797
44 83 19.033
44 84 20.794
44 85 17.996
44 86 6.814
44 87 93.474
44 88 31.228
44 89 89.298
44 90 11.089
44 91 1.754
44 92 26.107
44 93 43.951
44 94 95.795
44 95 58.878
44 96 58.086
44 97 74.566
44 98 75.875
44 99 87.769
45 46 45.532
45 47 44.738
45 48 87.043
45 49 91.118
45 50 31.966
45 51 33.709
45 52 36.883
45 53 29.573
45 54 19.913
45 55 83.878
45 56 55.323
45 57 33.962
45 58 67.61
45 59 26.704
45 60 12.796
45 61 53.679
45 62 63.084
45 63 11.687
45 64 28.901
45 65 41.136
45 66 62.796
45 67 53.539
45 68 91.758
45 69 1.308
45 70 23.573
45 71 25.498
45 72 78.754
45 73 72.367
45 74 51.052
45 75 46.67
45 76 23.212
45 77 37.149
45 78 45.182
45 79 97.164
45 80 72.107
45 81 69.888
45 82 69.959
45 83 56.244
45 84 2.402
45 85 14.731
45 86 44.534
45 87 78.722
45 88 99.952
45 89 67.802
45 90 73.878
45 91 34.235
45 92 21.67
45 93 48.666
45 94 3.878
45 95 48.966
45 96 86.428
45 97 76.596
45 98 15.089
45 99 42.466
46 47 77.83
46 48 31.806
46 49 41.142
46 50 82.825
46 51 24.497
46 52 99.577
46 53 47.134
46 54 87.837
46 55 81.31
46 56 27.319
46 57 87.182
46 58 6.358
46 59 55.491
46 60 66.597
46 61 93.709
46 62 55.797
46 63 41.514
46 64 9.218
46 65 31.692
46 66 0.327
46 67 55.134
46 68 1.625
46 69 7.987
46 70 53.194
46 71 60.995
46 72 8.201
46 73 18.184
46 74 88.976
46 75 35.165
46 76 9.299
46 77 68.597
46 78 76.034
46 79 66.489
46 80 69.451
46 81 21.604
46 82 57.356
46 83 46.386
46 84 98.588
46 85 49.343
46 86 24.913
46 87 57.592
46 88 55.728
46 89 37.506
46 90 61.926
46 91 48.562
46 92 19.32
46 93 71.175
46 94 71.906
46 95 81.116
46 96 5.452
46 97 52.186
46 98 52.126
46 99 95.503
47 48 44.774
47 49 93.81
47 50 8.391
47 51 87.115
47 52 5.255
47 53 24.651
47 54 51.037
47 55 99.017
47 56 63.455
47 57 63.396
47 58 34.196
47 59 73.527
47 60 97.844
47 61 83.49
47 62 7.257
47 63 54.691
47 64 83.342
47 65 98.806
47 66 35.053
47 67 43.067
47 68 45.428
47 69 2.018
47 70 85.465
47 71 23.208
47 72 47.944
47 73 73.604
47 74 36.96
47 75 44.85
47 76 2.422
47 77 2.807
47 78 93.741
47 79 22.552
47 80 30.228
47 81 16.883
47 82 26.375
47 83 55.11
47 84 67.021
47 85 36.807
47 86 97.68
47 87 85.21
47 88 94.309
47 89 91.438
47 90 79.875
47 91 74.996
47 92 30.863
47 93 87.094
47 94 33.411
47 95 10.763
47 96 3.524
47 97 73.829
47 98 29.732
47 99 44.073
48 49 35.663
48 50 42.096
48 51 18.869
48 52 46.49
48 53 70.046
48 54 86.157
48 55 60.119
48 56 11.111
48 57 70.472
48 58 40.892
48 59 11.147
48 60 45.734
48 61 8.156
48 62 48.38
48 63 39.162
48 64 23.786
48 65 60.4
48 66 10.916
48 67 2.691
48 68 25.037
48 69 83.638
48 70 57.714
48 71 9.075
48 72 62.205
48 73 4.193
48 74 56.108
48 75 18.031
48 76 13.2
48 77 49.802
48 78 43.875
48 79 97.427
48 80 61.866
48 81 38.628
48 82 98.97
48 83 28.286
48 84 38.785
48 85 57.468
48 86 24.256
48 87 94.959
48 88 15.111
48 89 13.847
48 90 46.818
48 91 77.403
48 92 46.058
48 93 87.214
48 94 65.485
48 95 9.434
48 96 9.04
48 97 50.115
48 98 80.018
48 99 91.982
49 50 23.05
49 51 73.084
49 52 90.708
49 53 24.795
49 54 18.595
49 55 29.483
49 56 48.536
49 57 92.584
49 58 47.182
49 59 59.603
49 60 10.119
49 61 78.318
49 62 23.856
49 63 79.143
49 64 86.46
49 65 66.174
49 66 91.319
49 67 15.52
49 68 48.115
49 69 42.898
49 70 60.665
49 71 76.591
49 72 35.056
49 73 97.426
49 74 86.163
49 75 87.271
49 76 95.36
49 77 39.1
49 78 58.015
49 79 45.99
49 80 64.212
49 81 46.346
49 82 57.513
49 83 48.467
49 84 91.007
49 85 84.561
49 86 53.846
49 87 36.957
49 88 3.288
49 89 19.621
49 90 23.449
49 91 63.408
49 92 10.758
49 93 36.494
49 94 72.957
49 95 35.576
49 96 92.05
49 97 31.706
49 98 95.306
49 99 53.294
50 51 63.938
50 52 57.539
50 53 44.598
50 54 65.281
50 55 61.735
50 56 20.316
50 57 51.454
50 58 32.591
50 59 3.433
50 60 30.826
50 61 4.957
50 62 87.035
50 63 65.126
50 64 41.671
50 65 81.447
50 66 54.605
50 67 12.078
50 68 78.115
50 69 98.052
50 70 90.805
50 71 8.831
50 72 51.936
50 73 58.329
50 74 99.77
50 75 70.08
50 76 35.661
50 77 4.829
50 78 67.987
50 79 78.901
50 80 93.672
50 81 16.408
50 82 9.702
50 83 30.496
50 84 19.317
50 85 14.203
50 86 93.907
50 87 46.897
50 88 11.316
50 89 83.748
50 90 83.165
50 91 63.037
50 92 18.989
50 93 63.638
50 94 81.901
50 95 41.348
50 96 38.951
50 97 67.644
50 98 51.513
50 99 75.423
51 52 64.586
51 53 25.892
51 54 85.535
51 55 86.421
51 56 23.138
51 57 75.735
51 58 49.82
51 59 15.698
51 60 5.058
51 61 42.506
51 62 93.753
51 63 60.777
51 64 74.787
51 65 73.127
51 66 45.004
51 67 47.113
51 68 4.73
51 69 13.341
51 70 23.041
51 71 60.591
51 72 14.497
51 73 53.613
51 74 21.783
51 75 85.591
51 76 48.425
51 77 69.491
51 78 11.177
51 79 29.537
51 80 88.86
51 81 31.242
51 82 39.488
51 83 42.158
51 84 94.898
51 85 70.492
51 86 77.964
51 87 87.213
51 88 66.872
51 89 4.972
51 90 13.309
51 91 71.962
51 92 12.608
51 93 92.895
51 94 47.493
51 95 99.98
51 96 11.562
51 97 38.963
51 98 81.568
51 99 1.212
52 53 81.657
52 54 98.538
52 55 0.19
52 56 21.667
52 57 8.708
52 58 4.503
52 59 48.743
52 60 7.896
52 61 22.523
52 62 48.659
52 63 16.539
52 64 71.197
52 65 53.528
52 66 72.437
52 67 83.245
52 68 28.375
52 69 13.093
52 70 19.151
52 71 47.982
52 72 42.953
52 73 50.551
52 74 36.649
52 75 74.558
52 76 93.765
52 77 64.262
52 78 20.422
52 79 22.278
52 80 32.251
52 81 88.536
52 82 22.871
52 83 80.117
52 84 86.366
52 85 2.733
52 86 0.262
52 87 73.251
52 88 24.492
52 89 21.35
52 90 63.262
52 91 99.945
52 92 13.43
52 93 47.349
52 94 76.108
52 95 83.065
52 96 51.294
52 97 79.443
52 98 70.845
52 99 88.129
53 54 96.25
53 55 76.521
53 56 30.847
53 57 65.052
53 58 9.101
53 59 14.192
53 60 83.545
53 61 19.09
53 62 93.425
53 63 50.139
53 64 96.525
53 65 3.849
53 66 10.113
53 67 66.805
53 68 26.887
53 69 86.042
53 70 45.951
53 71 22.257
53 72 93.946
53 73 66.276
53 74 82.447
53 75 63.256
53 76 91.437
53 77 96.586
53 78 48.134
53 79 6.846
53 80 24.874
53 81 39.291
53 82 63.587
53 83 12.073
53 84 3.137
53 85 74.122
53 86 3.316
53 87 78.36
53 88 94.434
53 89 82.999
53 90 88.355
53 91 79.15
53 92 27.771
53 93 47.269
53 94 65.755
53 95 92.92
53 96 64.026
53 97 3.936
53 98 51.814
53 99 71.227
54 55 47.328
54 56 33.207
54 57 98.415
54 58 39.211
54 59 85.293
54 60 89.179
54 61 65.621
54 62 56.91
54 63 28.224
54 64 35.431
54 65 46.733
54 66 89.643
54 67 93.233
54 68 11.865
54 69 64.928
54 70 91.242
54 71 98.911
54 72 51.521
54 73 81.297
54 74 73.109
54 75 11.841
54 76 37.705
54 77 37.346
54 78 51.157
54 79 21.487
54 80 94.34
54 81 98.628
54 82 93.502
54 83 19.782
54 84 26.533
54 85 51.696
54 86 81.35
54 87 76.672
54 88 99.862
54 89 51.727
54 90 78.111
54 91 29.341
54 92 87.014
54 93 27.559
54 94 97.892
54 95 97.773
54 96 79.486
54 97 87.664
54 98 92.208
54 99 23.872
55 56 58.922
55 57 50.721
55 58 62.031
55 59 12.62
55 60 56.383
55 61 7.07
55 62 5.74
55 63 65.724
55 64 76.315
55 65 68.088
55 66 71.173
55 67 52.557
55 68 21.587
55 69 87.758
55 70 40.99
55 71 62.53
55 72 90.277
55 73 1.336
55 74 90.214
55 75 45.667
55 76 58.211
55 77 87.334
55 78 92.415
55 79 28.583
55 80 27.007
55 81 93.624
55 82 8.765
55 83 17.075
55 84 31.875
55 85 63.55
55 86 80.225
55 87 85.689
55 88 73.567
55 89 18.994
55 90 44.221
55 91 94.944
55 92 55.297
55 93 61.003
55 94 83.57
55 95 53.369
55 96 96.151
55 97 21.294
55 98 41.819
55 99 25.819
56 57 26.558
56 58 15.131
56 59 87.782
56 60 40.295
56 61 43.391
56 62 35.042
56 63 20.07
56 64 74.251
56 65 62.536
56 66 0.887
56 67 67.725
56 68 72.111
56 69 42.126
56 70 74.645
56 71 91.594
56 72 75.192
56 73 3.031
56 74 98.201
56 75 53.969
56 76 37.448
56 77 60.899
56 78 6.63
56 79 82.757
56 80 57.809
56 81 76.959
56 82 99.986
56 83 83.35
56 84 92.517
56 85 39.408
56 86 91.283
56 87 15.402
56 88 51.401
56 89 5.073
56 90 0.159
56 91 85.782
56 92 10.715
56 93 69.587
56 94 52.933
56 95 12.602
56 96 20.703
56 97 59.74
56 98 56.449
56 99 37.383
57 58 93.573
57 59 31.447
57 60 81.889
57 61 38.242
57 62 94.349
57 63 66.764
57 64 2.612
57 65 28.202
57 66 2.285
57 67 2.518
57 68 32.885
57 69 55.324
57 70 89.515
57 71 12.887
57 72 77.245
57 73 76.763
57 74 65.179
57 75 10.354
57 76 21.872
57 77 95.117
57 78 35.129
57 79 29.376
57 80 59.407
57 81 71.665
57 82 71.128
57 83 45.647
57 84 70.054
57 85 33.839
57 86 46.408
57 87 12.126
57 88 18.847
57 89 1.406
57 90 28.093
57 91 63.287
57 92 88.143
57 93 25.759
57 94 73.51
57 95 72.846
57 96 9.163
57 97 74.66
57 98 58.282
57 99 82.568
58 59 90.56
58 60 84.925
58 61 21.623
58 62 23.182
58 63 45.892
58 64 18.885
58 65 3.681
58 66 83.726
58 67 78.899
58 68 21.839
58 69 8.89
58 70 25.515
58 71 9.363
58 72 13.91
58 73 35.021
58 74 97.732
58 75 28.376
58 76 37.066
58 77 75.524
58 78 10.734
58 79 77.469
58 80 95.809
58 81 58.721
58 82 84.541
58 83 52.459
58 84 6.234
58 85 26.129
58 86 7.796
58 87 3.14
58 88 11.01
58 89 48.528
58 90 40.523
58 91 45.293
58 92 98.475
58 93 75.15
58 94 96.376
58 95 24.186
58 96 30.042
58 97 94.485
58 98 27.528
58 99 28.5
59 60 75.425
59 61 30.741
59 62 68.963
59 63 87.35
59 64 16.139
59 65 74.115
59 66 40.202
59 67 11.571
59 68 91.639
59 69 20.363
59 70 27.823
59 71 66.739
59 72 55.87
59 73 39.571
59 74 43.361
59 75 85.539
59 76 39.489
59 77 83.153
59 78 26.048
59 79 2.215
59 80 48.683
59 81 83.755
59 82 13.282
59 83 67.734
59 84 33.523
59 85 54.648
59 86 39.712
59 87 9.615
59 88 36.394
59 89 69.797
59 90 43.788
59 91 33.917
59 92 0.609
59 93 78.689
59 94 1.529
59 95 22.434
59 96 93.678
59 97 74.687
59 98 99.725
59 99 51.204
60 61 92.514
60 62 38.25
60 63 51.44
60 64 34.652
60 65 75.582
60 66 36.161
60 67 63.863
60 68 33.523
60 69 30.576
60 70 98.523
60 71 96.381
60 72 26.305
60 73 93.989
60 74 72.409
60 75 11.011
60 76 25.578
60 77 89.482
60 78 2.79
60 79 54.037
60 80 65.049
60 81 44.255
60 82 27.145
60 83 82.451
60 84 57.325
60 85 24.644
60 86 15.946
60 87 70.668
60 88 60.765
60 89 14.993
60 90 30.655
60 91 54.553
60 92 51.894
60 93 4.824
60 94 30.273
60 95 22.086
60 96 33.376
60 97 63.915
60 98 31.328
60 99 57.669
61 62 14.267
61 63 40.556
61 64 12.446
61 65 19.194
61 66 1.102
61 67 67.055
61 68 98.807
61 69 40.636
61 70 9.956
61 71 12.93
61 72 52.099
61 73 41.497
61 74 5.383
61 75 21.994
61 76 73.402
61 77 17.492
61 78 26.868
61 79 10.119
61 80 10.686
61 81 16.411
61 82 46.032
61 83 0.224
61 84 27.952
61 85 31.832
61 86 59.239
61 87 57.972
61 88 76.606
61 89 9.48
61 90 88.78
61 91 44.627
61 92 91.96
61 93 48.367
61 94 29.503
61 95 15.869
61 96 63.194
61 97 84.113
61 98 6.455
61 99 54.386
62 63 19.198
62 64 3.935
62 65 80.503
62 66 97.187
62 67 97.992
62 68 42.635
62 69 86.295
62 70 48.593
62 71 7.888
62 72 41.177
62 73 87.819
62 74 30.051
62 75 97.898
62 76 45.706
62 77 68.667
62 78 76.468
62 79 85.572
62 80 88.341
62 81 33.498
62 82 28.393
62 83 86.865
62 84 64.182
62 85 0.993
62 86 94.097
62 87 36.44
62 88 21.73
62 89 43.716
62 90 11.128
62 91 0.521
62 92 53.174
62 93 24.475
62 94 56.23
62 95 54.336
62 96 62.034
62 97 69.891
62 98 19.015
62 99 90.418
63 64 21.524
63 65 14.942
63 66 10.952
63 67 61.175
63 68 77.658
63 69 89.604
63 70 57.97
63 71 68.986
63 72 59.191
63 73 87.306
63 74 52.379
63 75 44.296
63 76 4.766
63 77 78.497
63 78 11.17
63 79 2.008
63 80 67.425
63 81 12.133
63 82 30.569
63 83 21.041
63 84 98.758
63 85 82.733
63 86 85.308
63 87 64.413
63 88 17.122
63 89 40.216
63 90 8.566
63 91 7.28
63 92 45.21
63 93 21.36
63 94 10.972
63 95 95.322
63 96 58.062
63 97 95.036
63 98 17.533
63 99 65.453
64 65 41.505
64 66 32.385
64 67 96.178
64 68 72.672
64 69 48.103
64 70 84.179
64 71 9.289
64 72 0.684
64 73 86.353
64 74 26.0
64 75 57.213
64 76 75.289
64 77 73.135
64 78 56.869
64 79 71.07
64 80 7.836
64 81 91.332
64 82 20.782
64 83 35.68
64 84 6.89
64 85 15.294
64 86 94.066
64 87 84.316
64 88 7.651
64 89 43.505
64 90 74.526
64 91 4.154
64 92 27.917
64 93 34.559
64 94 59.034
64 95 61.623
64 96 85.638
64 97 23.648
64 98 34.646
64 99 43.541
65 66 40.89
65 67 72.73
65 68 76.493
65 69 31.503
65 70 52.992
65 71 54.499
65 72 53.82
65 73 29.338
65 74 56.946
65 75 54.051
65 76 54.823
65 77 99.812
65 78 44.542
65 79 88.103
65 80 56.686
65 81 70.606
65 82 76.079
65 83 49.382
65 84 4.954
65 85 96.579
65 86 97.528
65 87 33.937
65 88 42.081
65 89 42.583
65 90 9.892
65 91 42.551
65 92 41.535
65 93 3.938
65 94 86.69
65 95 42.481
65 96 40.22
65 97 90.895
65 98 78.329
65 99 75.055
66 67 80.151
66 68 54.755
66 69 87.43
66 70 12.105
66 71 17.301
66 72 48.052
66 73 64.488
66 74 8.872
66 75 2.292
66 76 25.593
66 77 55.496
66 78 16.196
66 79 94.547
66 80 81.142
66 81 35.479
66 82 98.721
66 83 90.418
66 84 49.759
66 85 22.241
66 86 69.472
66 87 17.964
66 88 57.07
66 89 63.002
66 90 33.206
66 91 28.974
66 92 80.146
66 93 35.221
66 94 65.385
66 95 11.291
66 96 60.908
66 97 68.191
66 98 16.789
66 99 80.625
67 68 56.295
67 69 29.436
67 70 78.442
67 71 22.227
67 72 66.973
67 73 60.689
67 74 30.418
67 75 81.383
67 76 7.498
67 77 86.386
67 78 96.669
67 79 36.031
67 80 0.221
67 81 45.108
67 82 43.07
67 83 45.432
67 84 4.797
67 85 34.497
67 86 52.308
67 87 34.964
67 88 76.543
67 89 59.428
67 90 23.175
67 91 89.736
67 92 94.744
67 93 68.302
67 94 19.311
67 95 5.086
67 96 20.361
67 97 29.635
67 98 69.391
67 99 71.013
68 69 62.932
68 70 36.551
68 71 16.926
68 72 94.949
68 73 37.576
68 74 45.93
68 75 9.752
68 76 71.032
68 77 59.749
68 78 26.673
68 79 28.681
68 80 38.112
68 81 99.193
68 82 59.326
68 83 91.337
68 84 61.483
68 85 52.573
68 86 93.294
68 87 36.326
68 88 69.427
68 89 12.786
68 90 71.019
68 91 56.596
68 92 85.309
68 93 54.978
68 94 39.994
68 95 62.434
68 96 6.359
68 97 50.154
68 98 94.591
68 99 52.902
69 70 13.785
69 71 59.716
69 72 21.584
69 73 33.528
69 74 0.59
69 75 84.635
69 76 98.212
69 77 89.527
69 78 15.738
69 79 19.979
69 80 41.169
69 81 0.61
69 82 43.653
69 83 52.762
69 84 17.739
69 85 22.392
69 86 47.291
69 87 69.248
69 88 98.446
69 89 69.858
69 90 81.425
69 91 6.196
69 92 49.969
69 93 37.774
69 94 3.43
69 95 90.15
69 96 72.048
69 97 82.627
69 98 2.543
69 99 58.679
70 71 13.754
70 72 49.129
70 73 63.686
70 74 12.148
70 75 54.207
70 76 34.889
70 77 31.326
70 78 43.407
70 79 26.562
70 80 84.601
70 81 60.731
70 82 11.776
70 83 45.56
70 84 22.898
70 85 4.265
70 86 22.873
70 87 53.485
70 88 54.892
70 89 43.244
70 90 23.408
70 91 36.228
70 92 60.455
70 93 89.64
70 94 63.273
70 95 89.012
70 96 76.059
70 97 21.279
70 98 85.445
70 99 71.718
71 72 95.052
71 73 7.267
71 74 44.193
71 75 64.888
71 76 68.08
71 77 18.388
71 78 87.795
71 79 19.764
71 80 62.238
71 81 87.406
71 82 48.886
71 83 90.443
71 84 0.843
71 85 86.767
71 86 91.318
71 87 32.811
71 88 68.988
71 89 81.782
71 90 25.926
71 91 86.7
71 92 42.218
71 93 63.33
71 94 6.969
71 95 57.88
71 96 8.566
71 97 78.577
71 98 9.399
71 99 42.443
72 73 2.661
72 74 44.566
72 75 69.361
72 76 93.69
72 77 82.569
72 78 43.8
72 79 25.375
72 80 86.981
72 81 49.132
72 82 33.673
72 83 0.599
72 84 84.661
72 85 59.322
72 86 70.869
72 87 61.691
72 88 65.214
72 89 11.388
72 90 24.394
72 91 34.629
72 92 76.041
72 93 83.773
72 94 86.562
72 95 38.978
72 96 54.213
72 97 91.875
72 98 95.976
72 99 54.402
73 74 89.214
73 75 4.265
73 76 70.469
73 77 17.664
73 78 59.245
73 79 98.475
73 80 54.183
73 81 64.764
73 82 41.26
73 83 10.121
73 84 55.658
73 85 56.936
73 86 79.753
73 87 53.164
73 88 65.7
73 89 97.716
73 90 26.147
73 91 55.059
73 92 25.023
73 93 19.767
73 94 31.812
73 95 41.365
73 96 87.403
73 97 1.945
73 98 89.032
73 99 67.41
74 75 75.142
74 76 74.541
74 77 78.502
74 78 44.279
74 79 42.438
74 80 46.379
74 81 86.335
74 82 41.167
74 83 51.859
74 84 5.184
74 85 99.787
74 86 3.997
74 87 11.792
74 88 92.971
74 89 30.719
74 90 1.048
74 91 8.309
74 92 14.433
74 93 48.578
74 94 19.551
74 95 11.4
74 96 64.229
74 97 65.19
74 98 2.869
74 99 81.677
75 76 4.184
75 77 45.597
75 78 90.061
75 79 49.557
75 80 96.524
75 81 45.192
75 82 98.228
75 83 37.094
75 84 61.281
75 85 94.769
75 86 65.355
75 87 64.83
75 88 59.477
75 89 55.308
75 90 96.791
75 91 42.962
75 92 89.795
75 93 18.092
75 94 71.753
75 95 17.293
75 96 1.195
75 97 47.36
75 98 3.329
75 99 0.374
76 77 25.711
76 78 20.738
76 79 33.387
76 80 77.277
76 81 53.505
76 82 93.043
76 83 73.326
76 84 76.653
76 85 42.993
76 86 30.867
76 87 91.86
76 88 50.855
76 89 98.268
76 90 85.878
76 91 24.461
76 92 32.419
76 93 76.67
76 94 35.894
76 95 80.088
76 96 86.912
76 97 75.411
76 98 57.496
76 99 36.956
77 78 92.203
77 79 90.21
77 80 24.201
77 81 60.386
77 82 17.249
77 83 86.309
77 84 3.673
77 85 97.65
77 86 65.111
77 87 24.47
77 88 40.984
77 89 74.455
77 90 97.614
77 91 5.396
77 92 69.642
77 93 54.989
77 94 30.029
77 95 99.922
77 96 26.244
77 97 57.458
77 98 99.589
77 99 92.149
78 79 25.435
78 80 11.139
78 81 11.545
78 82 87.595
78 83 23.128
78 84 85.159
78 85 31.15
78 86 52.326
78 87 79.551
78 88 88.631
78 89 81.699
78 90 26.749
78 91 49.807
78 92 95.203
78 93 52.861
78 94 36.332
78 95 24.415
78 96 76.659
78 97 57.77
78 98 26.143
78 99 35.388
79 80 81.246
79 81 15.643
79 82 87.057
79 83 21.056
79 84 53.96
79 85 46.431
79 86 22.856
79 87 60.259
79 88 74.214
79 89 71.101
79 90 71.162
79 91 67.42
79 92 61.081
79 93 25.671
79 94 34.098
79 95 82.647
79 96 13.231
79 97 85.641
79 98 4.588
79 99 72.308
80 81 84.091
80 82 25.997
80 83 21.473
80 84 44.77
80 85 9.469
80 86 41.916
80 87 97.068
80 88 74.256
80 89 55.617
80 90 56.738
80 91 27.099
80 92 75.372
80 93 55.435
80 94 83.882
80 95 88.764
80 96 68.747
80 97 78.393
80 98 6.607
80 99 15.075
81 82 31.876
81 83 65.178
81 84 13.759
81 85 32.417
81 86 94.704
81 87 38.441
81 88 9.833
81 89 5.621
81 90 16.568
81 91 19.827
81 92 61.947
81 93 24.029
81 94 40.325
81 95 83.933
81 96 80.506
81 97 74.036
81 98 42.996
81 99 97.58
82 83 82.252
82 84 88.031
82 85 29.394
82 86 39.104
82 87 72.563
82 88 26.541
82 89 67.21
82 90 16.391
82 91 61.616
82 92 59.336
82 93 43.931
82 94 1.364
82 95 91.62
82 96 68.015
82 97 96.88
82 98 96.628
82 99 35.723
83 84 29.805
83 85 19.705
83 86 27.789
83 87 4.194
83 88 75.873
83 89 67.117
83 90 54.08
83 91 56.299
83 92 35.51
83 93 88.089
83 94 66.477
83 95 86.157
83 96 9.705
83 97 99.756
83 98 8.854
83 99 63.511
84 85 50.054
84 86 6.409
84 87 20.062
84 88 66.821
84 89 1.462
84 90 50.591
84 91 15.963
84 92 76.855
84 93 13.982
84 94 11.817
84 95 47.844
84 96 24.347
84 97 36.741
84 98 80.779
84 99 4.882
85 86 90.651
85 87 48.741
85 88 48.172
85 89 98.638
85 90 27.385
85 91 12.766
85 92 61.547
85 93 23.958
85 94 0.016
85 95 65.395
85 96 9.541
85 97 2.567
85 98 98.789
85 99 81.686
86 87 59.527
86 88 66.267
86 89 45.319
86 90 61.689
86 91 41.511
86 92 71.84
86 93 77.297
86 94 74.804
86 95 65.105
86 96 52.305
86 97 6.575
86 98 81.871
86 99 63.737
87 88 65.456
87 89 11.008
87 90 62.41
87 91 81.081
87 92 9.981
87 93 46.382
87 94 65.936
87 95 33.785
87 96 31.394
87 97 52.618
87 98 50.199
87 99 31.287
88 89 83.884
88 90 28.227
88 91 63.227
88 92 41.804
88 93 68.122
88 94 76.9
88 95 68.649
88 96 82.412
88 97 92.085
88 98 75.913
88 99 70.271
89 90 61.259
89 91 51.574
89 92 15.199
89 93 7.871
89 94 59.076
89 95 32.82
89 96 67.637
89 97 65.688
89 98 76.658
89 99 71.255
90 91 29.258
90 92 82.407
90 93 16.613
90 94 99.549
90 95 55.678
90 96 84.59
90 97 21.367
90 98 68.852
90 99 52.304
91 92 70.356
91 93 73.477
91 94 6.284
91 95 88.383
91 96 75.25
91 97 69.335
91 98 80.794
91 99 40.484
92 93 45.898
92 94 39.14
92 95 24.288
92 96 79.948
92 97 69.957
92 98 62.873
92 99 16.505
93 94 88.184
93 95 44.246
93 96 83.934
93 97 65.602
93 98 49.818
93 99 54.114
94 95 21.712
94 96 30.789
94 97 94.152
94 98 96.925
94 99 77.576
95 96 14.88
95 97 13.739
95 98 46.816
95 99 16.046
96 97 72.451
96 98 59.86
96 99 47.693
97 98 13.399
97 99 9.579
98 99 90.796