69
0 21 7.5
21 11 7.5
11 1 7.5
1 2 7.5
2 12 7.5
12 22 7.5
22 23 7.5
23 13 7.5
13 3 7.5
3 4 7.5
4 14 7.5
14 24 7.5
24 25 7.5
25 15 7.5
15 5 7.5
5 6 7.5
6 16 7.5
16 26 7.5
26 27 7.5
27 17 7.5
17 7 7.5
7 8 7.5
8 18 7.5
18 28 7.5
28 29 7.5
29 19 7.5
19 9 7.5
9 10 7.5
10 20 7.5
20 30 7.5
30 63 7.5
63 31 7.5
31 32 7.5
32 42 7.5
42 52 7.5
52 53 7.5
53 43 7.5
43 33 7.5
33 34 7.5
34 44 7.5
44 54 7.5
54 55 7.5
55 56 7.5
56 46 7.5
46 36 7.5
36 37 7.5
37 47 7.5
47 57 7.5
57 58 7.5
58 48 7.5
48 38 7.5
38 39 7.5
39 49 7.5
49 59 7.5
59 60 7.5
60 68 7.5
0 64 10
64 65 10
65 63 10
63 66 10
66 67 10
67 68 10
0 1 1
0 11 1
0 21 1
0 31 1
0 51 1
10 68 1
20 68 1
30 68 1
40 68 1
50 68 1
60 68 1
41 61 1
41 62 1
41 63 1
61 51 1
61 52 1
61 53 1
61 54 1
61 55 1
61 56 1
61 57 1
61 58 1
61 59 1
61 60 1
62 1 1
62 2 1
62 3 1
62 4 1
62 5 1
62 6 1
62 7 1
62 8 1
62 9 1
62 10 1
63 21 1
63 22 1
63 23 1
63 24 1
63 25 1
63 26 1
63 27 1
63 28 1
63 29 1
63 30 1
63 31 1
63 32 1
63 33 1
63 34 1
63 35 1
63 36 1
63 37 1
63 38 1
63 39 1
63 40 1
2 3 1
4 5 1
6 7 1
8 9 1
11 12 1
12 13 1
13 14 1
14 15 1
15 16 1
16 17 1
17 18 1
18 19 1
19 20 1
21 22 1
23 24 1
25 26 1
27 28 1
29 30 1
51 52 1
32 33 1
42 43 1
53 54 1
43 44 1
34 35 1
35 36 1
44 45 1
45 46 1
35 45 1
45 55 1
34 45 1
45 56 1
54 45 1
45 36 1
46 47 1
47 48 1
48 49 1
49 50 1
56 57 1
37 38 1
58 59 1
39 40 1
40 50 1
50 60 1
