50
10 12 71.847
0 1 89.462
23 36 22.35
20 41 30.368
14 33 0.939
2 24 12.739
6 9 49.266
26 30 90.542
8 38 92.547
12 49 57.969
14 42 12.05
21 31 82.423
8 22 40.242
22 42 45.949
44 45 22.728
27 45 9.753
18 27 43.24
20 23 68.145
18 40 19.167
10 33 61.473
1 9 85.666
32 37 83.186
33 38 19.073
24 48 33.492
5 20 2.499
7 24 10.735
17 29 58.71
2 17 74.627
12 15 86.694
14 30 53.784
22 29 34.321
16 25 80.655
41 44 76.058
27 49 28.58
11 26 77.867
23 48 91.117
25 41 36.018
37 48 99.915
25 33 21.689
23 40 51.878
16 40 65.773
39 48 69.971
19 23 98.15
22 24 26.589
15 42 85.423
44 48 69.464
24 45 50.822
12 46 86.902
12 34 42.898
8 18 37.91
12 24 29.875
24 33 87.496
0 49 8.532
13 16 2.478
35 45 22.044
41 47 45.627
29 44 62.487
5 39 55.696
7 47 48.943
25 28 61.225
5 22 58.025
25 49 90.455
0 43 51.376
15 40 71.307
21 38 18.487
40 43 43.439
38 45 8.75
9 13 18.027
1 24 52.066
2 12 30.587
0 24 98.659
2 23 6.131
1 21 30.277
4 15 73.154
8 40 84.487
17 33 87.087
33 47 62.247
1 49 88.043
8 34 27.519
11 30 73.887
14 45 60.951
15 35 69.161
11 43 99.565
24 43 88.402
25 38 82.503
19 38 75.482
15 17 60.29
38 48 86.68
10 27 22.485
1 32 43.091
4 5 65.713
33 41 85.244
5 48 92.039
20 32 19.412
2 11 22.361
5 46 19.662
12 36 28.542
22 28 19.28
22 23 62.857
3 29 87.978
30 33 61.073
15 43 17.213
0 29 34.764
3 37 79.847
1 35 85.949
34 39 83.977
6 21 29.101
23 44 6.079
13 26 72.165
8 45 90.225
6 31 1.234
0 9 74.515
0 27 80.379
0 42 64.11
0 47 51.257
1 19 37.546
1 23 52.137
1 26 83.715
1 37 32.892
1 39 42.526
1 46 5.521
2 14 63.482
2 26 45.563
2 28 98.283
2 35 20.009
2 47 75.771
3 8 4.294
3 9 80.961
3 13 75.717
3 18 36.188
3 19 0.345
3 24 68.368
3 30 32.164
3 36 8.073
3 46 82.451
4 6 36.732
4 8 50.986
4 10 24.838
4 12 22.224
4 28 53.633
4 33 88.104
5 7 10.424
5 9 66.948
5 12 1.823
5 23 2.988
6 10 9.914
6 41 50.662
6 45 6.132
7 10 80.595
7 23 11.004
7 26 43.086
7 39 19.017
7 45 26.69
7 49 1.079
8 11 62.276
8 23 63.626
8 28 63.039
8 46 19.973
9 22 26.337
9 23 77.028
9 28 2.167
9 30 90.259
9 41 33.857
9 44 44.585
10 22 34.797
10 25 66.754
10 34 20.391
10 35 73.208
11 25 13.281
11 33 44.189
11 34 15.781
12 14 6.988
12 28 8.454
12 48 0.861
13 17 63.581
13 24 39.168
13 28 20.051
13 29 9.919
13 33 49.341
13 38 63.369
13 39 91.658
14 15 73.369
14 20 38.661
14 29 57.645
14 35 58.784
14 41 29.981
14 44 22.368
14 47 56.163
15 18 61.143
15 21 35.767
15 22 53.217
15 23 82.643
15 32 83.945
15 33 44.999
15 36 84.547
15 44 72.951
15 48 81.614
16 21 47.358
16 44 49.743
16 48 15.771
17 44 82.177
17 45 29.225
18 22 82.921
18 48 5.953
19 26 98.564
19 41 0.146
19 42 80.48
19 47 37.14
20 33 9.81
21 33 81.906
22 34 0.53
22 37 76.823
22 45 9.41
22 46 79.079
23 27 84.618
24 31 26.375
24 32 41.962
24 38 86.229
24 39 36.9
25 30 4.828
25 36 64.322
25 37 87.224
25 39 73.373
25 48 59.118
26 33 82.505
27 31 4.356
27 47 44.022
29 35 50.145
30 36 49.67
30 46 33.316
31 36 98.998
31 38 78.259
31 49 96.761
32 45 83.014
32 47 87.088
32 48 98.082
35 44 46.938
36 38 89.9
38 40 25.857
39 41 63.767
41 48 34.828
43 45 23.443
45 46 32.219
46 47 37.225
