50
0 1 37
0 36 9
0 48 94
0 2 81
0 4 33
0 5 42
0 6 2
0 10 89
0 11 75
0 12 81
0 13 60
0 16 31
0 18 30
0 19 37
0 21 91
0 24 10
0 25 97
0 27 47
0 33 38
0 34 49
0 35 56
0 37 2
0 41 35
0 42 74
0 43 49
0 46 84
0 49 56
1 2 41
1 39 52
1 20 30
1 4 5
1 7 68
1 8 43
1 10 73
1 14 43
1 16 11
1 17 96
1 18 33
1 19 99
1 26 39
1 27 99
1 30 17
1 31 97
1 32 90
1 35 9
1 37 56
1 38 14
1 40 18
1 43 38
1 46 55
1 48 69
2 3 39
2 1 86
2 41 80
2 8 95
2 12 80
2 13 22
2 15 64
2 16 76
2 17 19
2 18 36
2 20 36
2 21 85
2 23 36
2 25 38
2 26 55
2 28 52
2 29 44
2 31 57
2 34 6
2 35 32
2 39 91
2 40 52
2 46 33
2 47 9
2 48 81
3 4 13
3 30 39
3 25 6
3 0 70
3 2 98
3 6 50
3 8 41
3 10 74
3 11 3
3 13 25
3 14 73
3 16 4
3 17 13
3 19 85
3 20 40
3 21 75
3 24 97
3 26 56
3 28 28
3 29 80
3 34 87
3 35 49
3 38 72
3 40 2
3 41 2
3 42 71
3 49 38
4 5 79
4 48 17
4 25 89
4 3 52
4 6 56
4 7 65
4 9 92
4 11 16
4 15 44
4 16 1
4 17 82
4 18 54
4 19 19
4 27 39
4 31 12
4 32 30
4 35 11
4 38 40
4 40 3
4 43 74
4 46 74
4 47 61
4 49 96
5 6 1
5 36 78
5 25 56
5 0 17
5 4 11
5 11 5
5 13 42
5 15 35
5 16 83
5 17 73
5 19 34
5 20 8
5 21 22
5 29 84
5 30 2
5 31 68
5 33 45
5 37 55
5 39 15
5 42 20
5 43 6
5 49 3
6 7 83
6 28 86
6 26 91
6 1 73
6 2 2
6 3 57
6 9 50
6 10 52
6 12 12
6 13 34
6 14 9
6 16 76
6 17 39
6 18 77
6 19 33
6 25 32
6 32 44
6 34 44
6 36 66
6 38 13
6 41 54
6 42 86
6 44 41
7 8 82
7 24 32
7 39 52
7 1 6
7 10 14
7 13 89
7 15 57
7 16 75
7 18 92
7 19 58
7 20 37
7 21 6
7 23 41
7 25 87
7 26 88
7 28 53
7 29 17
7 37 41
7 43 85
7 46 67
7 48 72
7 49 10
8 9 28
8 15 19
8 37 67
8 0 81
8 2 58
8 6 26
8 10 26
8 12 57
8 14 1
8 16 13
8 17 69
8 19 51
8 21 76
8 22 73
8 24 32
8 26 26
8 29 96
8 30 28
8 31 39
8 32 99
8 33 85
8 34 91
8 35 42
8 36 54
8 38 71
8 41 95
8 43 89
8 44 28
8 48 83
8 49 22
9 10 64
9 16 5
9 7 3
9 2 47
9 6 53
9 8 46
9 12 43
9 14 61
9 19 46
9 23 13
9 24 64
9 25 22
9 30 99
9 32 84
9 34 66
9 35 87
9 39 94
9 43 9
9 45 21
9 47 52
9 48 95
10 11 65
10 13 60
10 48 48
10 0 75
10 1 26
10 4 37
10 6 78
10 17 99
10 18 64
10 19 23
10 22 11
10 23 5
10 24 87
10 25 95
10 26 20
10 27 13
10 29 43
10 30 65
10 31 96
10 32 66
10 33 4
10 38 46
10 45 92
10 46 37
10 47 14
10 49 29
11 12 38
11 17 19
11 31 41
11 0 62
11 1 19
11 2 89
11 4 42
11 5 59
11 8 9
11 9 97
11 10 43
11 14 30
11 15 3
11 18 35
11 20 94
11 23 47
11 24 81
11 25 78
11 26 67
11 28 31
11 30 28
11 34 16
11 37 62
11 39 44
11 40 54
11 43 84
11 45 45
11 46 44
11 47 35
12 13 46
12 15 20
12 38 78
12 0 81
12 1 60
12 2 82
12 5 67
12 7 35
12 9 84
12 16 37
12 23 77
12 26 46
12 27 31
12 31 46
12 35 96
12 39 83
12 41 45
12 43 67
12 44 89
12 45 90
12 46 20
12 47 53
12 48 38
13 14 11
13 1 7
13 48 90
13 2 90
13 3 91
13 4 45
13 5 6
13 7 56
13 9 38
13 12 1
13 15 3
13 16 61
13 18 27
13 20 13
13 21 65
13 22 27
13 23 33
13 25 98
13 27 96
13 30 9
13 33 21
13 34 23
13 36 7
13 37 2
13 42 62
13 44 52
13 46 88
13 47 14
14 15 99
14 44 97
14 0 19
14 4 33
14 5 31
14 7 93
14 8 72
14 11 41
14 13 87
14 16 65
14 19 44
14 20 44
14 22 40
14 24 63
14 25 66
14 26 73
14 33 59
14 36 68
14 37 57
14 38 99
14 40 10
14 41 71
14 42 38
14 48 41
14 49 16
15 16 35
15 17 42
15 2 50
15 1 77
15 5 53
15 7 13
15 8 71
15 9 13
15 10 16
15 11 93
15 12 90
15 13 4
15 18 10
15 21 33
15 23 13
15 25 53
15 26 33
15 27 5
15 30 82
15 31 92
15 32 30
15 37 75
15 40 81
15 44 18
15 45 43
15 47 57
16 17 90
16 25 11
16 15 84
16 0 14
16 3 64
16 6 99
16 8 91
16 12 84
16 14 29
16 19 6
16 29 5
16 30 5
16 34 93
16 35 77
16 36 70
16 39 23
16 41 79
16 42 27
16 44 49
16 47 69
16 48 42
17 18 81
17 8 30
17 0 18
17 3 81
17 4 56
17 6 11
17 7 14
17 12 94
17 14 1
17 15 70
17 16 59
17 19 20
17 20 85
17 21 21
17 22 10
17 23 80
17 26 45
17 27 24
17 28 29
17 29 94
17 30 58
17 33 10
17 35 2
17 36 85
17 40 37
17 41 80
17 42 11
17 43 17
17 45 58
17 46 96
17 47 43
18 19 86
18 26 71
18 25 5
18 0 77
18 2 24
18 4 39
18 5 53
18 6 27
18 10 75
18 13 74
18 16 31
18 20 35
18 22 38
18 23 87
18 29 34
18 30 23
18 31 71
18 32 31
18 33 36
18 35 91
18 36 10
18 39 15
18 40 56
18 41 3
18 42 25
18 44 69
18 47 80
18 48 10
18 49 31
19 20 46
19 15 26
19 44 27
19 4 86
19 5 75
19 7 33
19 8 2
19 10 77
19 11 33
19 12 23
19 14 65
19 16 85
19 21 47
19 26 44
19 27 56
19 32 95
19 35 69
19 36 85
19 37 95
19 38 4
19 42 52
19 45 83
19 46 89
19 47 47
19 48 30
20 21 67
20 41 75
20 22 57
20 0 23
20 1 94
20 2 35
20 3 26
20 6 47
20 7 98
20 10 13
20 11 35
20 15 74
20 17 91
20 18 20
20 19 21
20 23 96
20 24 92
20 26 66
20 29 92
20 30 56
20 31 20
20 32 56
20 34 83
20 35 51
20 37 18
20 40 2
20 42 21
20 43 72
20 45 4
20 46 63
20 47 15
20 48 5
21 22 66
21 1 94
21 35 24
21 0 35
21 4 4
21 5 84
21 6 6
21 7 27
21 10 96
21 11 80
21 13 68
21 15 59
21 16 47
21 18 97
21 19 76
21 25 11
21 26 58
21 27 54
21 28 43
21 29 30
21 30 10
21 32 96
21 33 34
21 36 48
21 38 29
21 39 1
21 40 33
21 43 1
21 45 3
21 46 53
21 49 90
22 23 70
22 48 62
22 49 43
22 0 83
22 1 70
22 4 71
22 6 63
22 7 45
22 10 82
22 13 92
22 14 47
22 18 59
22 20 95
22 24 49
22 27 4
22 29 3
22 33 26
22 36 64
22 37 7
22 39 37
22 41 99
22 42 37
22 43 58
22 44 10
22 45 86
22 47 16
23 24 6
23 25 72
23 10 15
23 1 91
23 2 13
23 5 2
23 6 31
23 7 64
23 8 30
23 11 55
23 15 83
23 18 38
23 19 49
23 20 64
23 26 82
23 28 10
23 30 47
23 32 73
23 34 67
23 36 70
23 40 64
23 43 58
23 45 76
23 48 20
23 49 84
24 25 59
24 7 68
24 17 77
24 0 3
24 3 24
24 6 4
24 8 44
24 11 53
24 14 32
24 15 29
24 20 47
24 22 97
24 29 52
24 31 44
24 32 79
24 34 66
24 36 98
24 40 48
24 41 42
24 42 1
24 47 54
24 49 7
25 26 40
25 36 7
25 13 28
25 0 34
25 2 78
25 3 52
25 6 52
25 7 64
25 10 94
25 12 26
25 14 84
25 15 13
25 16 85
25 17 96
25 19 40
25 20 38
25 23 97
25 27 29
25 30 33
25 33 57
25 34 77
25 35 17
25 37 9
25 42 23
25 44 90
25 45 24
25 47 54
25 49 98
26 27 80
26 5 88
26 6 37
26 0 9
26 9 70
26 10 64
26 12 17
26 15 72
26 16 34
26 17 47
26 18 42
26 20 72
26 22 41
26 24 56
26 31 36
26 32 14
26 33 4
26 34 53
26 37 20
26 38 17
26 39 41
26 42 26
26 45 51
26 47 27
26 49 66
27 28 8
27 48 95
27 35 9
27 1 4
27 7 70
27 8 49
27 10 37
27 14 71
27 20 61
27 26 41
27 30 69
27 34 56
27 39 84
27 45 66
27 49 87
28 29 58
28 16 35
28 42 79
28 1 5
28 3 28
28 4 75
28 8 86
28 11 81
28 12 79
28 14 8
28 15 5
28 17 82
28 19 99
28 22 41
28 32 44
28 34 29
28 35 88
28 36 77
28 37 41
28 40 24
28 44 14
28 46 49
28 47 95
28 48 27
29 30 40
29 42 71
29 45 24
29 1 2
29 3 27
29 4 25
29 5 72
29 6 55
29 8 35
29 15 29
29 17 75
29 19 27
29 21 79
29 23 41
29 24 57
29 25 95
29 26 47
29 28 64
29 32 88
29 33 80
29 34 21
29 38 39
29 39 77
29 43 32
29 48 4
30 31 61
30 46 77
30 18 73
30 2 38
30 6 24
30 9 18
30 11 2
30 12 72
30 14 38
30 15 30
30 19 17
30 20 97
30 21 3
30 23 14
30 27 84
30 28 18
30 29 1
30 33 62
30 35 20
30 36 90
30 37 86
30 39 52
30 42 38
30 44 46
30 47 72
31 32 16
31 22 73
31 33 73
31 0 93
31 1 16
31 5 50
31 6 12
31 10 66
31 11 98
31 14 71
31 17 54
31 20 86
31 21 3
31 24 5
31 25 98
31 26 9
31 27 6
31 28 71
31 29 23
31 39 35
31 40 85
31 42 24
31 46 65
31 47 23
31 49 47
32 33 51
32 40 48
32 22 17
32 2 62
32 3 93
32 4 36
32 5 87
32 7 45
32 8 30
32 9 2
32 10 67
32 13 68
32 14 90
32 15 89
32 17 6
32 19 75
32 21 89
32 24 15
32 25 57
32 27 56
32 28 10
32 29 41
32 39 79
32 44 64
32 46 73
33 34 88
33 2 29
33 42 37
33 0 86
33 6 18
33 8 76
33 14 91
33 16 13
33 18 2
33 19 20
33 21 42
33 25 61
33 26 46
33 27 47
33 28 78
33 29 23
33 30 96
33 32 36
33 35 36
33 36 73
33 46 71
33 47 47
33 48 40
34 35 78
34 30 59
34 2 16
34 0 20
34 1 48
34 3 4
34 5 23
34 7 66
34 9 50
34 10 32
34 11 41
34 14 59
34 15 95
34 18 41
34 20 16
34 21 96
34 22 49
34 24 80
34 28 99
34 29 40
34 33 48
34 36 11
34 37 50
34 38 99
34 39 61
34 41 85
34 43 11
34 44 43
34 47 94
34 49 67
35 36 98
35 41 48
35 8 63
35 1 3
35 7 30
35 9 40
35 10 10
35 12 52
35 13 62
35 17 8
35 19 86
35 20 80
35 21 22
35 22 12
35 24 70
35 27 11
35 31 85
35 33 33
35 34 28
35 38 93
35 42 77
35 46 4
35 47 4
35 49 47
36 37 94
36 30 44
36 23 32
36 0 58
36 1 24
36 4 62
36 5 74
36 6 13
36 7 63
36 10 76
36 11 55
36 13 24
36 15 99
36 16 1
36 17 14
36 18 49
36 19 37
36 21 81
36 24 66
36 26 13
36 27 45
36 29 54
36 31 99
36 32 75
36 35 42
36 38 9
36 39 10
36 40 58
36 43 13
36 45 88
36 46 42
36 47 70
36 49 33
37 38 25
37 36 38
37 13 49
37 2 5
37 4 30
37 6 69
37 9 9
37 11 83
37 14 21
37 17 95
37 20 7
37 22 86
37 23 91
37 24 85
37 27 20
37 29 80
37 30 25
37 32 40
37 33 88
37 34 9
37 39 16
37 40 38
37 41 31
37 43 40
37 44 36
37 47 3
37 49 9
38 39 97
38 4 69
38 33 55
38 0 17
38 1 22
38 7 19
38 9 28
38 11 29
38 13 72
38 16 49
38 18 39
38 20 65
38 22 61
38 24 30
38 26 98
38 27 2
38 28 37
38 34 14
38 40 66
38 41 7
38 45 5
38 46 86
38 49 37
39 40 4
39 16 16
39 0 30
39 1 3
39 3 21
39 4 70
39 5 52
39 6 3
39 7 25
39 15 87
39 17 38
39 21 47
39 25 81
39 26 71
39 27 81
39 29 29
39 31 35
39 35 82
39 37 73
39 38 29
39 41 69
39 42 44
39 43 20
39 45 84
39 47 93
40 41 6
40 2 20
40 3 12
40 4 96
40 5 43
40 6 56
40 7 73
40 9 48
40 11 38
40 12 46
40 16 84
40 19 76
40 22 10
40 24 33
40 26 39
40 27 63
40 31 73
40 33 2
40 34 69
40 35 74
40 43 62
40 45 51
41 42 4
41 22 95
41 45 64
41 1 62
41 2 82
41 3 38
41 5 42
41 6 62
41 7 67
41 8 11
41 11 5
41 15 21
41 17 1
41 18 59
41 19 96
41 20 62
41 23 71
41 24 84
41 25 46
41 27 71
41 30 58
41 31 3
41 32 12
41 35 64
41 37 25
41 39 43
41 40 40
41 44 23
41 47 70
41 49 34
42 43 53
42 6 17
42 5 61
42 2 70
42 8 11
42 9 83
42 10 97
42 12 40
42 15 83
42 17 7
42 25 2
42 26 86
42 29 15
42 30 57
42 36 51
42 37 93
42 38 88
42 40 55
42 46 1
42 47 67
42 49 34
43 44 75
43 24 14
43 17 81
43 0 44
43 2 96
43 3 15
43 7 27
43 9 8
43 10 64
43 12 21
43 13 10
43 14 2
43 15 87
43 20 83
43 21 82
43 22 71
43 23 53
43 25 17
43 26 66
43 28 4
43 30 78
43 32 66
43 33 69
43 34 45
43 36 87
43 37 79
43 40 46
43 42 17
43 46 14
43 47 77
43 48 89
43 49 5
44 45 83
44 27 25
44 30 54
44 1 82
44 2 83
44 3 37
44 4 40
44 5 45
44 6 74
44 9 98
44 10 19
44 12 68
44 14 52
44 18 27
44 20 25
44 24 63
44 25 94
44 26 60
44 28 12
44 31 28
44 33 47
44 35 97
44 36 2
44 39 78
44 40 71
44 41 20
44 47 84
44 49 53
45 46 72
45 48 98
45 16 41
45 0 20
45 6 14
45 7 74
45 13 9
45 14 10
45 18 81
45 19 20
45 20 99
45 21 90
45 22 14
45 23 5
45 28 75
45 29 91
45 32 82
45 34 17
45 35 16
45 36 88
45 40 16
45 43 60
46 47 36
46 0 58
46 12 4
46 1 48
46 3 45
46 4 99
46 8 11
46 10 67
46 11 66
46 19 38
46 21 52
46 22 52
46 23 62
46 24 81
46 25 45
46 32 74
46 37 72
46 38 30
46 48 8
47 48 29
47 38 91
47 25 25
47 3 10
47 4 43
47 7 88
47 8 40
47 9 80
47 10 1
47 16 45
47 17 49
47 18 12
47 19 16
47 21 38
47 22 20
47 24 11
47 28 89
47 29 19
47 32 19
47 33 62
47 34 97
47 35 29
47 36 56
47 37 14
47 41 67
47 44 94
47 45 17
47 46 80
47 49 31
48 49 15
48 27 70
48 1 23
48 0 62
48 2 43
48 3 47
48 6 12
48 9 47
48 10 47
48 15 82
48 18 17
48 19 42
48 21 52
48 22 36
48 23 95
48 26 49
48 28 85
48 29 65
48 30 12
48 32 64
48 33 32
48 35 22
48 37 47
48 38 61
48 39 69
48 42 89
48 43 68
48 44 29
49 8 38
49 33 71
49 0 82
49 4 43
49 5 43
49 6 79
49 11 41
49 12 16
49 14 40
49 17 74
49 19 43
49 21 55
49 23 12
49 24 8
49 26 2
49 27 86
49 29 24
49 31 97
49 35 32
49 37 76
49 40 67
49 43 74
49 46 57
49 48 3