48
0 1 93
0 2 51
0 3 54
0 4 16
0 5 89
0 6 80
0 7 71
0 8 95
0 9 36
0 10 16
0 11 25
0 12 3
0 13 43
0 14 94
0 15 8
0 16 2
0 17 53
0 18 36
0 19 64
0 20 29
0 21 8
0 22 38
0 23 26
0 24 1
0 25 75
0 26 15
0 27 27
0 28 36
0 29 16
0 30 45
0 31 93
0 32 35
0 33 77
0 34 13
0 35 33
0 36 48
0 37 10
0 38 51
0 39 39
0 40 93
0 41 12
0 42 89
0 43 37
0 44 62
0 45 38
0 46 24
0 47 62
1 2 23
1 3 27
1 4 16
1 5 28
1 6 16
1 7 60
1 8 7
1 9 87
1 10 38
1 11 27
1 12 52
1 13 54
1 14 88
1 15 18
1 16 40
1 17 37
1 18 78
1 19 49
1 20 38
1 21 84
1 22 9
1 23 99
1 24 63
1 25 95
1 26 12
1 27 86
1 28 10
1 29 4
1 30 63
1 31 73
1 32 99
1 33 41
1 34 71
1 35 47
1 36 66
1 37 85
1 38 16
1 39 59
1 40 41
1 41 59
1 42 88
1 43 56
1 44 80
1 45 78
1 46 34
1 47 76
2 3 61
2 4 15
2 5 38
2 6 95
2 7 47
2 8 97
2 9 45
2 10 21
2 11 82
2 12 96
2 13 57
2 14 81
2 15 55
2 16 70
2 17 42
2 18 84
2 19 41
2 20 35
2 21 33
2 22 4
2 23 85
2 24 7
2 25 64
2 26 78
2 27 88
2 28 11
2 29 50
2 30 12
2 31 79
2 32 38
2 33 28
2 34 63
2 35 46
2 36 23
2 37 39
2 38 57
2 39 9
2 40 14
2 41 54
2 42 79
2 43 54
2 44 30
2 45 36
2 46 24
2 47 4
3 4 72
3 5 26
3 6 51
3 7 9
3 8 32
3 9 61
3 10 61
3 11 75
3 12 59
3 13 41
3 14 80
3 15 57
3 16 87
3 17 94
3 18 80
3 19 34
3 20 25
3 21 46
3 22 50
3 23 58
3 24 65
3 25 33
3 26 8
3 27 66
3 28 93
3 29 40
3 30 77
3 31 56
3 32 64
3 33 18
3 34 23
3 35 12
3 36 92
3 37 81
3 38 74
3 39 56
3 40 33
3 41 85
3 42 31
3 43 32
3 44 91
3 45 96
3 46 39
3 47 12
4 5 52
4 6 81
4 7 29
4 8 99
4 9 57
4 10 80
4 11 8
4 12 37
4 13 15
4 14 12
4 15 28
4 16 95
4 17 42
4 18 62
4 19 56
4 20 59
4 21 61
4 22 78
4 23 38
4 24 5
4 25 61
4 26 10
4 27 86
4 28 73
4 29 46
4 30 59
4 31 31
4 32 19
4 33 31
4 34 86
4 35 32
4 36 52
4 37 93
4 38 28
4 39 27
4 40 87
4 41 15
4 42 16
4 43 36
4 44 94
4 45 44
4 46 44
4 47 50
5 6 69
5 7 22
5 8 32
5 9 22
5 10 88
5 11 12
5 12 66
5 13 93
5 14 89
5 15 64
5 16 83
5 17 87
5 18 69
5 19 31
5 20 20
5 21 22
5 22 46
5 23 25
5 24 4
5 25 57
5 26 4
5 27 50
5 28 56
5 29 95
5 30 32
5 31 78
5 32 5
5 33 32
5 34 47
5 35 26
5 36 87
5 37 48
5 38 46
5 39 84
5 40 96
5 41 69
5 42 9
5 43 11
5 44 89
5 45 78
5 46 65
5 47 60
6 7 45
6 8 68
6 9 32
6 10 11
6 11 35
6 12 79
6 13 93
6 14 39
6 15 43
6 16 90
6 17 58
6 18 50
6 19 11
6 20 24
6 21 50
6 22 93
6 23 91
6 24 21
6 25 53
6 26 5
6 27 64
6 28 77
6 29 48
6 30 60
6 31 83
6 32 12
6 33 60
6 34 86
6 35 89
6 36 53
6 37 41
6 38 5
6 39 80
6 40 89
6 41 5
6 42 79
6 43 40
6 44 79
6 45 92
6 46 70
6 47 23
7 8 37
7 9 89
7 10 29
7 11 45
7 12 67
7 13 74
7 14 57
7 15 11
7 16 15
7 17 80
7 18 38
7 19 34
7 20 40
7 21 76
7 22 80
7 23 85
7 24 88
7 25 26
7 26 86
7 27 75
7 28 96
7 29 14
7 30 40
7 31 43
7 32 36
7 33 82
7 34 6
7 35 47
7 36 45
7 37 9
7 38 83
7 39 60
7 40 27
7 41 66
7 42 15
7 43 46
7 44 6
7 45 46
7 46 44
7 47 37
8 9 61
8 10 58
8 11 32
8 12 9
8 13 47
8 14 20
8 15 6
8 16 95
8 17 33
8 18 7
8 19 36
8 20 31
8 21 94
8 22 77
8 23 94
8 24 87
8 25 62
8 26 36
8 27 63
8 28 97
8 29 37
8 30 10
8 31 25
8 32 20
8 33 53
8 34 38
8 35 12
8 36 91
8 37 48
8 38 93
8 39 6
8 40 40
8 41 86
8 42 38
8 43 91
8 44 53
8 45 52
8 46 80
8 47 51
9 10 64
9 11 22
9 12 21
9 13 74
9 14 56
9 15 54
9 16 39
9 17 24
9 18 11
9 19 23
9 20 71
9 21 33
9 22 79
9 23 78
9 24 72
9 25 53
9 26 62
9 27 58
9 28 62
9 29 35
9 30 16
9 31 11
9 32 5
9 33 28
9 34 20
9 35 20
9 36 77
9 37 3
9 38 61
9 39 95
9 40 86
9 41 76
9 42 26
9 43 14
9 44 55
9 45 88
9 46 72
9 47 74
10 11 95
10 12 26
10 13 56
10 14 67
10 15 62
10 16 73
10 17 73
10 18 26
10 19 60
10 20 88
10 21 50
10 22 97
10 23 28
10 24 48
10 25 20
10 26 29
10 27 35
10 28 39
10 29 20
10 30 84
10 31 21
10 32 10
10 33 50
10 34 89
10 35 93
10 36 4
10 37 51
10 38 39
10 39 58
10 40 73
10 41 65
10 42 68
10 43 8
10 44 22
10 45 4
10 46 5
10 47 53
11 12 60
11 13 23
11 14 18
11 15 83
11 16 86
11 17 7
11 18 27
11 19 47
11 20 32
11 21 3
11 22 37
11 23 25
11 24 65
11 25 56
11 26 78
11 27 26
11 28 77
11 29 72
11 30 62
11 31 60
11 32 46
11 33 75
11 34 56
11 35 95
11 36 74
11 37 77
11 38 56
11 39 16
11 40 65
11 41 18
11 42 69
11 43 61
11 44 44
11 45 73
11 46 19
11 47 1
12 13 23
12 14 14
12 15 38
12 16 37
12 17 52
12 18 39
12 19 15
12 20 64
12 21 50
12 22 38
12 23 53
12 24 40
12 25 43
12 26 74
12 27 86
12 28 52
12 29 30
12 30 85
12 31 32
12 32 32
12 33 45
12 34 92
12 35 62
12 36 60
12 37 95
12 38 23
12 39 37
12 40 96
12 41 42
12 42 43
12 43 93
12 44 5
12 45 32
12 46 68
12 47 2
13 14 81
13 15 67
13 16 66
13 17 33
13 18 27
13 19 62
13 20 90
13 21 39
13 22 29
13 23 15
13 24 61
13 25 35
13 26 91
13 27 45
13 28 95
13 29 49
13 30 35
13 31 57
13 32 18
13 33 42
13 34 24
13 35 30
13 36 49
13 37 94
13 38 64
13 39 77
13 40 40
13 41 93
13 42 55
13 43 6
13 44 18
13 45 68
13 46 89
13 47 61
14 15 15
14 16 92
14 17 90
14 18 74
14 19 24
14 20 18
14 21 15
14 22 35
14 23 63
14 24 20
14 25 93
14 26 63
14 27 77
14 28 55
14 29 61
14 30 41
14 31 74
14 32 4
14 33 79
14 34 31
14 35 67
14 36 65
14 37 90
14 38 84
14 39 78
14 40 27
14 41 97
14 42 97
14 43 80
14 44 80
14 45 14
14 46 40
14 47 99
15 16 37
15 17 44
15 18 2
15 19 12
15 20 2
15 21 68
15 22 32
15 23 19
15 24 63
15 25 73
15 26 17
15 27 98
15 28 30
15 29 30
15 30 17
15 31 67
15 32 96
15 33 25
15 34 98
15 35 88
15 36 77
15 37 43
15 38 99
15 39 91
15 40 97
15 41 52
15 42 69
15 43 6
15 44 30
15 45 65
15 46 1
15 47 8
16 17 51
16 18 71
16 19 93
16 20 69
16 21 38
16 22 84
16 23 8
16 24 37
16 25 68
16 26 20
16 27 63
16 28 5
16 29 11
16 30 99
16 31 67
16 32 58
16 33 73
16 34 11
16 35 10
16 36 57
16 37 19
16 38 50
16 39 66
16 40 92
16 41 48
16 42 83
16 43 24
16 44 8
16 45 79
16 46 15
16 47 40
17 18 18
17 19 37
17 20 36
17 21 54
17 22 91
17 23 26
17 24 11
17 25 70
17 26 96
17 27 73
17 28 91
17 29 22
17 30 81
17 31 54
17 32 94
17 33 54
17 34 37
17 35 47
17 36 47
17 37 37
17 38 86
17 39 81
17 40 36
17 41 19
17 42 17
17 43 87
17 44 51
17 45 12
17 46 97
17 47 60
18 19 29
18 20 46
18 21 69
18 22 32
18 23 93
18 24 3
18 25 7
18 26 85
18 27 15
18 28 93
18 29 58
18 30 36
18 31 60
18 32 96
18 33 2
18 34 87
18 35 41
18 36 5
18 37 64
18 38 34
18 39 93
18 40 55
18 41 25
18 42 17
18 43 49
18 44 62
18 45 43
18 46 98
18 47 93
19 20 90
19 21 54
19 22 70
19 23 23
19 24 91
19 25 45
19 26 96
19 27 58
19 28 72
19 29 10
19 30 73
19 31 45
19 32 90
19 33 42
19 34 95
19 35 37
19 36 41
19 37 82
19 38 89
19 39 75
19 40 60
19 41 74
19 42 78
19 43 63
19 44 55
19 45 31
19 46 14
19 47 45
20 21 58
20 22 61
20 23 73
20 24 19
20 25 46
20 26 40
20 27 90
20 28 29
20 29 42
20 30 64
20 31 40
20 32 4
20 33 61
20 34 28
20 35 73
20 36 44
20 37 18
20 38 82
20 39 75
20 40 22
20 41 53
20 42 14
20 43 57
20 44 30
20 45 83
20 46 59
20 47 93
21 22 19
21 23 3
21 24 38
21 25 6
21 26 32
21 27 15
21 28 20
21 29 17
21 30 48
21 31 77
21 32 83
21 33 22
21 34 93
21 35 27
21 36 77
21 37 77
21 38 59
21 39 77
21 40 62
21 41 65
21 42 95
21 43 97
21 44 76
21 45 27
21 46 39
21 47 2
22 23 18
22 24 51
22 25 52
22 26 95
22 27 21
22 28 87
22 29 37
22 30 70
22 31 69
22 32 89
22 33 44
22 34 22
22 35 93
22 36 99
22 37 51
22 38 49
22 39 32
22 40 38
22 41 46
22 42 85
22 43 79
22 44 96
22 45 62
22 46 1
22 47 77
23 24 2
23 25 33
23 26 89
23 27 34
23 28 78
23 29 45
23 30 40
23 31 1
23 32 44
23 33 48
23 34 20
23 35 21
23 36 29
23 37 98
23 38 85
23 39 79
23 40 33
23 41 36
23 42 83
23 43 34
23 44 87
23 45 47
23 46 2
23 47 65
24 25 7
24 26 91
24 27 15
24 28 18
24 29 84
24 30 91
24 31 77
24 32 54
24 33 55
24 34 91
24 35 76
24 36 63
24 37 25
24 38 89
24 39 74
24 40 8
24 41 83
24 42 70
24 43 89
24 44 54
24 45 68
24 46 6
24 47 75
25 26 15
25 27 30
25 28 59
25 29 38
25 30 96
25 31 55
25 32 95
25 33 29
25 34 31
25 35 13
25 36 54
25 37 43
25 38 37
25 39 73
25 40 22
25 41 92
25 42 82
25 43 61
25 44 45
25 45 8
25 46 1
25 47 12
26 27 9
26 28 51
26 29 40
26 30 16
26 31 23
26 32 40
26 33 51
26 34 52
26 35 47
26 36 76
26 37 81
26 38 86
26 39 25
26 40 47
26 41 7
26 42 41
26 43 37
26 44 44
26 45 78
26 46 68
26 47 63
27 28 90
27 29 38
27 30 50
27 31 22
27 32 12
27 33 80
27 34 31
27 35 55
27 36 75
27 37 2
27 38 35
27 39 46
27 40 14
27 41 67
27 42 29
27 43 46
27 44 8
27 45 90
27 46 32
27 47 71
28 29 18
28 30 35
28 31 2
28 32 26
28 33 52
28 34 43
28 35 82
28 36 62
28 37 18
28 38 19
28 39 93
28 40 55
28 41 13
28 42 34
28 43 55
28 44 44
28 45 71
28 46 42
28 47 42
29 30 13
29 31 56
29 32 6
29 33 51
29 34 12
29 35 62
29 36 18
29 37 23
29 38 33
29 39 68
29 40 69
29 41 43
29 42 88
29 43 20
29 44 59
29 45 88
29 46 43
29 47 36
30 31 72
30 32 16
30 33 25
30 34 17
30 35 27
30 36 54
30 37 73
30 38 68
30 39 77
30 40 53
30 41 45
30 42 70
30 43 39
30 44 72
30 45 78
30 46 20
30 47 15
31 32 23
31 33 18
31 34 50
31 35 2
31 36 64
31 37 33
31 38 68
31 39 73
31 40 15
31 41 96
31 42 40
31 43 22
31 44 14
31 45 28
31 46 38
31 47 21
32 33 54
32 34 54
32 35 78
32 36 25
32 37 32
32 38 4
32 39 22
32 40 91
32 41 33
32 42 92
32 43 12
32 44 67
32 45 14
32 46 55
32 47 96
33 34 55
33 35 3
33 36 6
33 37 11
33 38 85
33 39 3
33 40 75
33 41 28
33 42 86
33 43 84
33 44 95
33 45 32
33 46 23
33 47 28
34 35 75
34 36 20
34 37 5
34 38 84
34 39 25
34 40 33
34 41 60
34 42 19
34 43 30
34 44 78
34 45 42
34 46 22
34 47 65
35 36 70
35 37 53
35 38 13
35 39 84
35 40 68
35 41 45
35 42 92
35 43 4
35 44 31
35 45 72
35 46 5
35 47 98
36 37 71
36 38 67
36 39 50
36 40 53
36 41 61
36 42 6
36 43 48
36 44 96
36 45 38
36 46 10
36 47 16
37 38 6
37 39 61
37 40 61
37 41 18
37 42 58
37 43 98
37 44 8
37 45 80
37 46 11
37 47 89
38 39 79
38 40 81
38 41 71
38 42 99
38 43 18
38 44 85
38 45 61
38 46 1
38 47 76
39 40 3
39 41 73
39 42 30
39 43 24
39 44 3
39 45 53
39 46 9
39 47 97
40 41 21
40 42 18
40 43 96
40 44 78
40 45 80
40 46 96
40 47 56
41 42 28
41 43 29
41 44 85
41 45 53
41 46 57
41 47 87
42 43 2
42 44 42
42 45 29
42 46 74
42 47 87
43 44 21
43 45 57
43 46 92
43 47 83
44 45 31
44 46 54
44 47 71
45 46 74
45 47 28
46 47 54