50
0 1 46.494
0 13 60.372
0 14 35.959
0 16 29.001
0 20 25.712
0 22 68.119
0 24 6.683
0 25 99.479
0 26 9.248
0 27 26.601
0 28 79.433
0 30 47.211
0 33 73.136
0 36 71.088
0 41 17.469
0 43 64.03
0 44 73.672
0 45 45.253
0 46 73.368
1 2 44.06
1 3 46.113
1 6 56.526
1 10 88.966
1 12 96.739
1 18 25.242
1 21 99.918
1 23 58.197
1 25 48.817
1 28 9.997
1 30 87.641
1 31 64.045
1 34 46.202
1 35 74.822
1 36 32.488
1 38 8.274
1 40 81.933
1 42 77.024
1 44 49.187
1 45 17.622
1 46 4.602
1 47 88.311
2 3 33.356
2 4 21.11
2 10 32.546
2 13 19.013
2 14 80.53
2 16 4.935
2 22 57.561
2 23 49.477
2 24 3.156
2 26 64.997
2 31 40.939
2 36 10.184
2 39 6.865
2 40 9.915
2 48 68.98
3 7 12.389
3 8 90.231
3 9 20.021
3 11 87.314
3 12 17.455
3 13 0.606
3 14 2.464
3 24 36.339
3 25 66.58
3 39 55.597
3 40 70.128
3 41 23.527
3 42 73.322
4 7 25.037
4 9 51.051
4 11 40.472
4 13 1.913
4 16 29.361
4 17 34.913
4 19 92.469
4 20 48.823
4 25 93.172
4 26 65.446
4 27 15.674
4 29 89.615
4 31 91.549
4 33 56.967
4 34 84.351
4 35 12.07
4 36 92.441
4 38 89.597
4 39 16.571
4 47 32.687
4 49 38.666
5 6 45.482
5 7 19.421
5 11 32.486
5 16 12.747
5 17 81.596
5 20 12.925
5 22 39.008
5 25 95.937
5 26 94.093
5 28 50.192
5 29 85.417
5 30 83.668
5 31 92.848
5 33 76.533
5 35 83.247
5 38 51.745
5 39 31.358
5 46 13.878
5 47 90.15
5 48 66.174
6 7 8.059
6 11 26.003
6 15 42.143
6 16 16.023
6 19 41.516
6 21 60.037
6 32 33.625
6 34 9.881
6 35 28.722
6 38 89.658
6 39 80.859
6 41 64.221
6 43 83.188
6 44 47.369
6 46 76.721
6 49 34.996
7 10 26.731
7 11 18.124
7 13 47.137
7 19 69.798
7 20 40.351
7 21 52.539
7 22 70.454
7 25 40.308
7 26 0.941
7 30 33.572
7 34 51.851
7 35 91.62
7 38 75.983
7 40 30.42
7 41 10.432
7 42 7.846
7 44 92.806
7 47 97.265
8 9 89.813
8 13 77.339
8 14 29.195
8 16 37.795
8 17 0.961
8 18 65.099
8 19 41.233
8 20 42.858
8 22 42.286
8 23 98.363
8 29 57.7
8 32 93.121
8 33 26.4
8 34 78.895
8 35 16.364
8 37 28.856
8 38 70.017
8 40 81.438
8 45 40.102
8 49 75.606
9 10 98.878
9 15 88.642
9 19 54.898
9 21 45.198
9 24 45.453
9 25 45.359
9 27 20.402
9 30 26.987
9 35 44.444
9 44 42.705
9 47 89.908
10 11 99.995
10 12 46.858
10 15 74.551
10 16 24.438
10 17 61.973
10 22 0.086
10 24 54.687
10 25 21.435
10 30 83.602
10 31 36.952
10 34 26.63
10 37 74.185
10 38 99.204
10 39 95.947
10 40 23.117
10 42 7.333
10 44 97.152
10 47 86.162
10 48 41.11
10 49 58.816
11 12 38.742
11 14 27.82
11 15 15.52
11 17 98.224
11 21 69.051
11 22 91.951
11 23 56.639
11 24 19.481
11 30 75.694
11 32 43.108
11 35 6.213
11 36 10.793
11 41 8.589
11 42 95.438
11 43 90.679
11 45 49.737
11 46 85.807
11 47 47.251
11 49 52.251
12 13 53.939
12 17 8.535
12 20 0.324
12 21 43.444
12 22 93.199
12 26 18.491
12 29 70.717
12 30 69.35
12 33 81.046
12 38 43.429
12 39 96.026
12 41 54.982
12 42 56.738
12 44 20.474
12 45 48.703
12 46 69.026
13 15 7.394
13 16 63.597
13 18 71.741
13 23 17.593
13 26 36.969
13 29 30.275
13 31 75.171
13 32 16.392
13 46 77.581
13 48 57.573
14 23 11.239
14 29 74.348
14 31 73.922
14 36 47.331
14 38 50.599
14 43 23.303
14 46 85.283
15 16 21.332
15 19 53.115
15 20 74.87
15 21 82.837
15 23 21.026
15 24 5.613
15 26 64.495
15 28 50.374
15 31 84.98
15 35 65.976
15 42 10.285
15 44 78.713
15 47 12.715
15 49 14.897
16 19 73.598
16 20 24.267
16 23 51.722
16 24 56.06
16 26 2.452
16 27 97.721
16 28 57.806
16 30 14.166
16 34 62.444
16 35 96.61
16 36 35.301
16 42 98.685
16 45 7.032
16 46 71.234
16 49 3.784
17 18 68.23
17 20 89.625
17 22 75.945
17 23 77.811
17 24 42.911
17 25 64.96
17 26 63.275
17 27 66.685
17 28 90.804
17 29 53.246
17 31 83.018
17 40 2.931
17 42 65.112
17 44 28.16
17 49 12.801
18 20 24.008
18 21 38.541
18 22 93.065
18 28 35.008
18 29 75.841
18 30 19.334
18 33 59.368
18 34 86.54
18 38 39.33
18 45 39.52
18 46 85.815
19 23 60.773
19 26 81.89
19 27 76.072
19 29 77.556
19 31 87.864
19 32 61.281
19 40 62.006
19 41 12.875
19 46 74.764
19 47 69.989
19 48 78.401
20 23 61.159
20 28 93.791
20 29 51.572
20 30 88.424
20 34 35.957
20 38 32.658
20 40 85.712
20 43 20.248
20 46 27.454
20 47 62.511
20 48 95.409
21 24 37.28
21 25 0.064
21 28 2.775
21 34 95.338
21 36 64.585
21 37 19.747
21 39 52.703
21 40 72.798
21 45 20.071
21 47 16.212
21 48 14.65
21 49 49.075
22 23 58.713
22 25 95.044
22 26 18.849
22 29 29.298
22 30 70.485
22 32 68.056
22 33 31.537
22 35 42.735
22 38 36.536
22 40 14.681
22 45 85.582
22 46 97.399
22 48 2.482
23 24 86.296
23 25 93.332
23 26 74.865
23 28 64.938
23 34 50.765
23 36 39.069
23 37 58.148
23 38 21.895
23 39 20.366
23 40 8.704
23 43 6.507
23 44 20.901
23 47 45.591
24 25 98.309
24 26 26.484
24 27 20.436
24 28 42.915
24 29 59.658
24 31 8.847
24 36 44.246
24 38 72.655
24 41 58.903
24 42 6.269
24 44 85.417
24 45 56.22
24 49 40.414
25 26 17.144
25 30 46.784
25 34 91.653
25 35 10.966
25 38 88.165
25 41 52.43
25 44 24.126
25 45 85.957
25 46 56.354
25 47 32.176
25 49 14.85
26 29 21.086
26 31 81.618
26 34 38.942
26 35 39.659
26 36 54.557
26 37 62.496
26 39 75.701
26 40 31.763
26 41 35.811
26 43 35.139
26 44 81.554
27 30 54.053
27 32 73.402
27 33 17.932
27 34 21.683
27 35 84.132
27 37 7.864
27 38 25.841
27 41 48.783
27 45 72.854
27 46 35.935
27 48 37.513
27 49 10.835
28 29 50.149
28 38 98.982
28 39 36.862
28 42 36.593
28 47 24.335
28 48 33.855
29 30 75.778
29 31 27.746
29 47 64.927
29 48 93.629
30 33 97.463
30 35 47.02
30 36 1.109
30 43 17.67
30 46 40.755
30 48 80.937
31 32 82.763
31 36 63.494
31 37 82.448
31 39 99.979
31 40 84.844
31 41 48.072
31 42 48.786
31 43 52.633
31 49 98.561
32 34 69.728
32 35 9.912
32 37 23.431
32 39 96.093
32 40 4.481
32 48 36.375
33 38 32.881
33 39 61.009
33 43 86.639
33 44 80.274
33 45 51.001
33 47 32.094
33 49 22.396
34 35 10.384
34 38 0.541
34 40 83.961
34 43 39.29
34 44 42.481
34 45 72.878
34 46 19.309
34 47 78.663
34 48 33.668
35 36 69.058
35 38 93.26
35 42 41.573
35 48 82.116
36 37 21.404
36 45 34.484
36 46 92.165
36 49 77.166
37 39 39.505
37 46 27.139
37 48 48.181
37 49 77.274
38 39 35.953
38 43 61.6
38 45 74.094
38 46 89.256
39 42 39.562
39 43 86.636
39 46 51.538
39 47 33.902
39 49 45.634
40 42 72.767
40 45 59.552
40 47 16.013
40 49 13.89
41 45 2.871
41 47 73.794
41 48 49.528
42 43 85.205
42 44 25.202
42 47 98.857
42 48 66.099
42 49 93.355
43 46 70.63
43 47 70.027
44 46 16.35
45 49 46.093
46 47 88.785
46 49 68.738
48 49 90.379