40
0 31 3.037
0 17 3.352
0 33 3.358
0 12 3.291
1 2 3.217
1 3 3.127
1 4 3.273
1 5 3.437
1 6 3.363
1 7 3.443
1 8 3.463
1 9 3.214
1 10 3.173
1 11 3.211
1 12 3.294
1 13 3.082
1 14 3.315
1 15 3.449
1 16 3.06
1 17 3.317
1 18 3.338
1 19 3.425
1 20 3.425
1 21 3.306
1 22 3.158
1 23 3.357
1 24 3.466
1 25 3.253
1 26 3.402
1 27 3.148
1 28 3.233
1 29 3.362
1 30 3.368
1 31 3.287
1 32 3.485
1 33 3.421
1 34 3.35
1 35 3.258
1 36 3.336
1 37 3.174
1 38 3.387
1 39 3.408
2 3 3.43
2 4 3.008
2 5 3.424
2 6 3.432
2 7 3.432
2 8 3.133
2 9 3.429
2 10 3.165
2 11 3.045
2 12 3.141
2 13 3.019
2 14 3.367
2 15 3.246
2 16 3.203
2 17 3.293
2 18 3.43
2 19 3.183
2 20 3.367
2 21 3.236
2 22 3.406
2 23 3.061
2 24 3.452
2 25 3.307
2 26 3.439
2 27 3.111
2 28 3.466
2 29 3.187
2 30 3.197
2 31 3.124
2 32 3.16
2 33 3.324
2 34 3.06
2 35 3.356
2 36 3.311
2 37 3.119
2 38 3.133
3 4 3.374
3 5 3.417
3 6 3.104
3 7 3.477
3 8 3.169
3 9 3.37
3 10 3.179
3 11 3.222
3 12 3.432
3 13 3.298
3 14 3.213
3 15 3.345
3 16 3.289
3 17 3.274
3 18 3.137
3 19 3.329
3 20 3.386
3 21 3.303
3 22 3.318
3 23 3.317
3 24 3.476
3 25 3.221
3 26 3.112
3 27 3.461
3 28 3.009
3 29 3.207
3 30 3.327
3 31 3.143
3 32 3.326
3 33 3.043
3 34 3.367
3 35 3.445
3 36 3.468
3 37 3.33
3 38 3.003
4 5 3.323
4 6 3.488
4 7 3.136
4 8 3.151
4 9 3.236
4 10 3.378
4 11 3.039
4 12 3.181
4 13 3.223
4 14 3.328
4 15 3.048
4 16 3.001
4 17 3.191
4 18 3.111
4 19 3.328
4 20 3.034
4 21 3.338
4 22 3.116
4 23 3.288
4 24 3.411
4 25 3.095
4 26 3.059
4 27 3.43
4 28 3.249
4 29 3.1
4 30 3.432
4 31 3.48
4 32 3.176
4 33 3.292
4 34 3.124
4 35 3.417
4 36 3.395
4 37 3.297
4 38 3.213
5 6 3.265
5 7 3.138
5 8 3.359
5 9 3.135
5 10 3.24
5 11 3.377
5 12 3.121
5 13 3.197
5 14 3.069
5 15 3.139
5 16 3.4
5 17 3.021
5 18 3.26
5 19 3.025
5 20 3.323
5 21 3.475
5 22 3.102
5 23 3.481
5 24 3.295
5 25 3.335
5 26 3.082
5 27 3.348
5 28 3.279
5 29 3.071
5 30 3.472
5 31 3.164
5 32 3.339
5 33 3.42
5 34 3.188
5 35 3.256
5 36 3.127
5 37 3.355
5 38 3.405
6 7 3.458
6 8 3.436
6 9 3.265
6 10 3.146
6 11 3.365
6 12 3.426
6 13 3.368
6 14 3.098
6 15 3.108
6 16 3.148
6 17 3.079
6 18 3.072
6 19 3.438
6 20 3.19
6 21 3.296
6 22 3.107
6 23 3.349
6 24 3.421
6 25 3.047
6 26 3.285
6 27 3.432
6 28 3.241
6 29 3.216
6 30 3.138
6 31 3.398
6 32 3.075
6 33 3.488
6 34 3.407
6 35 3.221
6 36 3.116
6 37 3.451
6 38 3.49
7 8 3.222
7 9 3.431
7 10 3.001
7 11 3.006
7 12 3.202
7 13 3.323
7 14 3.353
7 15 3.137
7 16 3.465
7 17 3.067
7 18 3.482
7 19 3.258
7 20 3.465
7 21 3.434
7 22 3.369
7 23 3.134
7 24 3.212
7 25 3.26
7 26 3.214
7 27 3.317
7 28 3.361
7 29 3.443
7 30 3.162
7 31 3.354
7 32 3.38
7 33 3.485
7 34 3.201
7 35 3.327
7 36 3.439
7 37 3.308
7 38 3.085
8 9 3.46
8 10 3.453
8 11 3.016
8 12 3.204
8 13 3.095
8 14 3.45
8 15 3.407
8 16 3.077
8 17 3.484
8 18 3.181
8 19 3.411
8 20 3.18
8 21 3.251
8 22 3.114
8 23 3.359
8 24 3.093
8 25 3.455
8 26 3.173
8 27 3.14
8 28 3.076
8 29 3.043
8 30 3.314
8 31 3.243
8 32 3.253
8 33 3.312
8 34 3.432
8 35 3.308
8 36 3.085
8 37 3.483
8 38 3.311
9 10 3.197
9 11 3.104
9 12 3.067
9 13 3.349
9 14 3.427
9 15 3.482
9 16 3.321
9 17 3.089
9 18 3.123
9 19 3.305
9 20 3.462
9 21 3.061
9 22 3.286
9 23 3.248
9 24 3.411
9 25 3.445
9 26 3.257
9 27 3.039
9 28 3.132
9 29 3.211
9 30 3.088
9 31 3.224
9 32 3.108
9 33 3.17
9 34 3.048
9 35 3.314
9 36 3.1
9 37 3.095
9 38 3.137
10 11 3.219
10 12 3.277
10 13 3.371
10 14 3.487
10 15 3.126
10 16 3.2
10 17 3.462
10 18 3.082
10 19 3.276
10 20 3.384
10 21 3.164
10 22 3.022
10 23 3.49
10 24 3.071
10 25 3.29
10 26 3.222
10 27 3.352
10 28 3.288
10 29 3.208
10 30 3.024
10 31 3.475
10 32 3.404
10 33 3.149
10 34 3.446
10 35 3.331
10 36 3.406
10 37 3.009
10 38 3.178
11 12 3.415
11 13 3.043
11 14 3.366
11 15 3.109
11 16 3.073
11 17 3.436
11 18 3.337
11 19 3.166
11 20 3.422
11 21 3.46
11 22 3.043
11 23 3.18
11 24 3.099
11 25 3.142
11 26 3.408
11 27 3.021
11 28 3.391
11 29 3.385
11 30 3.102
11 31 3.125
11 32 3.373
11 33 3.347
11 34 3.463
11 35 3.483
11 36 3.028
11 37 3.221
11 38 3.45
12 13 3.24
12 14 3.202
12 15 3.095
12 16 3.301
12 17 3.2
12 18 3.286
12 19 3.366
12 20 3.411
12 21 3.423
12 22 3.104
12 23 3.445
12 24 3.352
12 25 3.442
12 26 3.181
12 27 3.333
12 28 3.015
12 29 3.249
12 30 3.246
12 31 3.119
12 32 3.332
12 33 3.23
12 34 3.263
12 35 3.091
12 36 3.139
12 37 3.116
12 38 3.394
13 14 3.136
13 15 3.475
13 16 3.173
13 17 3.109
13 18 3.431
13 19 3.49
13 20 3.489
13 21 3.015
13 22 3.265
13 23 3.229
13 24 3.423
13 25 3.282
13 26 3.356
13 27 3.309
13 28 3.145
13 29 3.025
13 30 3.49
13 31 3.21
13 32 3.462
13 33 3.169
13 34 3.413
13 35 3.054
13 36 3.247
13 37 3.14
13 38 3.385
14 15 3.152
14 16 3.322
14 17 3.493
14 18 3.44
14 19 3.056
14 20 3.408
14 21 3.455
14 22 3.344
14 23 3.315
14 24 3.355
14 25 3.371
14 26 3.275
14 27 3.076
14 28 3.212
14 29 3.324
14 30 3.321
14 31 3.079
14 32 3.491
14 33 3.42
14 34 3.439
14 35 3.364
14 36 3.384
14 37 3.484
14 38 3.06
15 16 3.126
15 17 3.39
15 18 3.107
15 19 3.442
15 20 3.013
15 21 3.239
15 22 3.476
15 23 3.194
15 24 3.39
15 25 3.419
15 26 3.118
15 27 3.282
15 28 3.06
15 29 3.226
15 30 3.474
15 31 3.144
15 32 3.137
15 33 3.124
15 34 3.186
15 35 3.123
15 36 3.49
15 37 3.064
15 38 3.281
16 17 3.374
16 18 3.481
16 19 3.44
16 20 3.008
16 21 3.202
16 22 3.435
16 23 3.464
16 24 3.359
16 25 3.493
16 26 3.376
16 27 3.226
16 28 3.182
16 29 3.433
16 30 3.199
16 31 3.235
16 32 3.004
16 33 3.099
16 34 3.314
16 35 3.127
16 36 3.044
16 37 3.484
16 38 3.332
17 18 3.043
17 19 3.08
17 20 3.142
17 21 3.487
17 22 3.232
17 23 3.196
17 24 3.07
17 25 3.035
17 26 3.068
17 27 3.404
17 28 3.399
17 29 3.353
17 30 3.049
17 31 3.081
17 32 3.252
17 33 3.159
17 34 3.161
17 35 3.11
17 36 3.28
17 37 3.128
17 38 3.001
18 19 3.409
18 20 3.267
18 21 3.189
18 22 3.084
18 23 3.2
18 24 3.248
18 25 3.325
18 26 3.151
18 27 3.253
18 28 3.049
18 29 3.332
18 30 3.489
18 31 3.394
18 32 3.132
18 33 3.213
18 34 3.454
18 35 3.207
18 36 3.481
18 37 3.499
18 38 3.344
19 20 3.109
19 21 3.28
19 22 3.203
19 23 3.158
19 24 3.027
19 25 3.053
19 26 3.425
19 27 3.116
19 28 3.383
19 29 3.189
19 30 3.031
19 31 3.322
19 32 3.12
19 33 3.383
19 34 3.492
19 35 3.355
19 36 3.087
19 37 3.202
19 38 3.165
20 21 3.078
20 22 3.378
20 23 3.486
20 24 3.351
20 25 3.334
20 26 3.305
20 27 3.492
20 28 3.094
20 29 3.021
20 30 3.308
20 31 3.225
20 32 3.02
20 33 3.466
20 34 3.447
20 35 3.282
20 36 3.165
20 37 3.47
20 38 3.375
21 22 3.421
21 23 3.07
21 24 3.375
21 25 3.1
21 26 3.0
21 27 3.043
21 28 3.283
21 29 3.01
21 30 3.461
21 31 3.165
21 32 3.411
21 33 3.107
21 34 3.107
21 35 3.089
21 36 3.395
21 37 3.341
21 38 3.168
22 23 3.431
22 24 3.136
22 25 3.328
22 26 3.021
22 27 3.261
22 28 3.123
22 29 3.425
22 30 3.241
22 31 3.25
22 32 3.371
22 33 3.191
22 34 3.129
22 35 3.331
22 36 3.001
22 37 3.447
22 38 3.41
23 24 3.478
23 25 3.101
23 26 3.277
23 27 3.178
23 28 3.108
23 29 3.265
23 30 3.152
23 31 3.094
23 32 3.045
23 33 3.497
23 34 3.203
23 35 3.446
23 36 3.48
23 37 3.135
23 38 3.397
24 25 3.152
24 26 3.144
24 27 3.014
24 28 3.093
24 29 3.324
24 30 3.029
24 31 3.151
24 32 3.087
24 33 3.437
24 34 3.402
24 35 3.425
24 36 3.38
24 37 3.392
24 38 3.362
25 26 3.25
25 27 3.257
25 28 3.117
25 29 3.489
25 30 3.381
25 31 3.211
25 32 3.462
25 33 3.264
25 34 3.075
25 35 3.058
25 36 3.098
25 37 3.361
25 38 3.027
25 39 3.146
26 27 3.419
26 28 3.22
26 29 3.285
26 30 3.492
26 31 3.186
26 32 3.264
26 33 3.297
26 34 3.057
26 35 3.06
26 36 3.103
26 37 3.076
26 38 3.025
26 39 3.426
27 28 3.209
27 29 3.473
27 30 3.391
27 31 3.204
27 32 3.108
27 33 3.407
27 34 3.449
27 35 3.272
27 36 3.212
27 37 3.456
27 38 3.482
28 29 3.167
28 30 3.089
28 31 3.188
28 32 3.136
28 33 3.048
28 34 3.172
28 35 3.133
28 36 3.382
28 37 3.317
28 38 3.329
29 30 3.056
29 31 3.429
29 32 3.02
29 33 3.199
29 34 3.433
29 35 3.35
29 36 3.293
29 37 3.02
29 38 3.382
30 31 3.096
30 32 3.041
30 33 3.467
30 34 3.066
30 35 3.035
30 36 3.298
30 37 3.058
30 38 3.453
31 32 3.369
31 33 3.468
31 34 3.366
31 35 3.398
31 36 3.211
31 37 3.012
31 38 3.423
32 33 3.351
32 34 3.296
32 35 3.26
32 36 3.273
32 37 3.31
32 38 3.229
33 34 3.174
33 35 3.139
33 36 3.167
33 37 3.023
33 38 3.252
34 35 3.213
34 36 3.439
34 37 3.195
34 38 3.027
34 39 3.369
35 36 3.497
35 37 3.393
35 38 3.401
36 37 3.207
36 38 3.07
37 38 3.284