50
0 12 76.599
0 19 85.679
0 1 87.232
1 14 9.699
1 36 97.582
1 23 0.027
2 49 37.3
2 6 78.005
2 3 27.631
3 12 36.004
3 0 99.098
3 38 9.742
4 32 33.878
4 1 17.274
4 0 41.475
5 36 16.356
5 3 12.331
5 41 83.782
6 7 31.674
6 48 8.584
6 46 50.401
7 11 76.547
7 43 62.995
7 42 47.923
8 14 81.614
8 43 45.928
8 36 94.325
9 48 77.07
9 35 74.145
9 14 32.878
10 40 98.435
10 41 28.747
10 14 44.214
11 36 17.248
11 25 25.043
11 44 25.419
12 34 35.681
12 47 34.381
12 45 55.69
13 46 85.134
13 25 67.413
13 44 68.989
14 44 18.783
14 32 70.9
14 4 90.184
15 45 86.907
15 35 89.452
15 42 60.505
16 33 61.166
16 13 74.304
16 41 3.063
17 36 44.465
17 30 90.611
17 32 22.801
18 21 52.153
18 46 1.028
18 22 11.726
19 45 45.383
19 25 25.952
19 46 48.649
20 27 2.127
20 15 73.154
20 26 66.323
21 39 40.095
21 25 6.798
21 12 76.951
22 15 5.323
22 14 80.661
22 8 58.653
23 39 27.493
23 10 79.044
23 42 67.653
24 19 38.021
24 23 34.694
24 4 75.176
25 15 22.589
25 37 4.988
25 31 60.021
26 36 14.772
26 45 20.659
26 15 98.858
27 25 99.268
27 33 62.891
27 34 76.952
28 8 55.344
28 27 15.34
28 47 33.815
29 25 2.528
29 32 9.787
30 27 29.957
30 28 87.05
31 27 15.561
31 1 42.314
32 23 68.109
32 16 70.538
33 6 7.526
33 31 43.4
34 20 19.407
34 19 52.846
35 29 73.245
35 10 38.787
36 10 24.526
36 6 14.232
37 7 4.685
37 17 85.383
38 40 26.528
38 37 76.069
39 6 8.872
39 0 59.75
40 5 97.944
40 36 92.165
41 7 7.591
41 32 32.481
42 5 92.129
42 4 48.47
43 2 51.353
43 28 81.072
44 9 69.024
44 23 46.861
45 4 89.964
45 43 84.223
46 24 71.209
46 29 23.49
47 43 96.474
47 21 76.649
48 5 80.739
48 38 49.88
49 46 91.016
49 41 38.579
