50
0 2 18.063
0 3 89.36
0 4 2.953
0 5 41.506
0 6 20.747
0 7 19.379
0 8 45.351
0 9 37.677
0 10 94.131
0 12 16.67
0 13 5.052
0 15 9.288
0 16 92.721
0 17 35.137
0 18 98.494
0 20 73.086
0 21 11.726
0 22 88.622
0 23 35.606
0 24 30.901
0 25 24.807
0 26 49.221
0 27 77.005
0 28 85.544
0 29 30.03
0 30 26.828
0 31 97.958
0 32 38.659
0 33 66.241
0 34 59.819
0 35 82.786
0 36 65.763
0 37 96.392
0 38 32.311
0 39 25.864
0 40 70.819
0 41 8.728
0 43 5.328
0 45 55.205
0 46 5.174
0 47 27.319
0 48 68.991
0 49 51.915
2 1 15.277
2 3 95.184
2 4 13.8
2 5 23.595
2 6 59.162
2 7 39.996
2 9 51.9
2 10 91.92
2 12 50.35
2 13 44.123
2 14 89.268
2 15 59.237
2 17 52.068
2 18 99.595
2 19 52.621
2 20 64.067
2 21 33.946
2 22 21.025
2 23 7.173
2 24 71.271
2 27 13.689
2 28 82.395
2 29 17.608
2 30 20.769
2 31 86.635
2 32 88.543
2 33 21.271
2 36 77.071
2 37 91.943
2 39 41.979
2 41 67.119
2 42 45.974
2 43 96.779
2 45 70.236
2 47 51.839
2 48 5.951
2 49 37.363
3 1 4.529
3 4 74.17
3 5 27.217
3 8 33.935
3 9 32.675
3 10 88.783
3 11 32.335
3 12 83.818
3 13 29.988
3 14 63.476
3 15 99.167
3 16 31.634
3 17 58.246
3 18 32.496
3 19 26.643
3 20 54.47
3 21 2.548
3 22 18.018
3 23 7.937
3 24 34.202
3 25 97.748
3 26 29.416
3 27 81.632
3 28 71.235
3 29 82.359
3 30 48.907
3 31 41.567
3 32 43.321
3 33 42.379
3 34 91.705
3 35 64.73
3 36 71.813
3 37 88.148
3 38 53.239
3 39 59.766
3 40 8.352
3 41 30.485
3 42 29.304
3 43 11.445
3 44 98.803
3 45 71.383
3 46 32.885
3 47 86.56
3 48 2.858
3 49 58.703
4 1 88.559
4 6 29.019
4 7 83.399
4 8 37.038
4 9 42.405
4 10 11.773
4 11 32.055
4 12 90.95
4 13 94.678
4 15 24.925
4 16 22.293
4 17 34.464
4 18 52.184
4 19 23.938
4 21 97.578
4 22 78.766
4 23 40.925
4 24 36.697
4 25 18.712
4 26 21.459
4 27 4.285
4 28 34.707
4 29 68.449
4 30 5.23
4 31 99.084
4 32 46.576
4 33 69.683
4 34 64.56
4 35 20.865
4 36 58.731
4 38 96.563
4 39 55.513
4 40 73.876
4 41 61.423
4 42 50.142
4 43 64.767
4 44 66.338
4 45 11.394
4 46 45.966
4 47 99.671
4 48 72.871
4 49 78.546
5 1 57.882
5 7 69.588
5 8 23.405
5 9 93.985
5 10 58.545
5 11 23.077
5 12 10.015
5 13 18.883
5 14 37.935
5 15 80.615
5 16 12.256
5 17 10.378
5 18 64.005
5 19 46.676
5 20 0.886
5 21 90.943
5 22 37.807
5 23 26.365
5 24 66.653
5 25 74.454
5 26 56.676
5 28 20.871
5 29 37.214
5 30 20.677
5 31 81.46
5 32 31.6
5 33 78.808
5 34 4.163
5 35 90.992
5 36 38.699
5 37 99.976
5 38 50.721
5 39 93.665
5 41 54.792
5 42 99.944
5 43 5.073
5 44 64.1
5 45 51.855
5 46 95.936
5 48 80.307
5 49 49.031
6 1 83.484
6 7 85.676
6 8 35.883
6 10 46.804
6 11 14.319
6 12 48.431
6 14 48.257
6 15 1.926
6 16 67.863
6 18 32.936
6 19 83.278
6 21 75.79
6 22 70.589
6 23 72.306
6 24 1.812
6 25 51.493
6 27 73.764
6 28 61.015
6 29 43.661
6 31 13.096
6 32 3.622
6 33 94.42
6 34 89.799
6 35 81.919
6 36 32.902
6 37 43.039
6 38 64.163
6 39 35.902
6 41 15.649
6 42 33.446
6 43 78.373
6 44 25.751
6 45 24.354
6 46 53.772
6 47 86.967
6 48 9.371
6 49 10.884
7 9 85.719
7 10 64.931
7 11 53.256
7 12 66.05
7 13 54.609
7 14 26.185
7 15 51.902
7 16 43.811
7 18 64.511
7 19 68.963
7 20 51.465
7 21 21.22
7 22 33.679
7 23 25.177
7 24 97.459
7 25 79.437
7 27 52.789
7 28 33.475
7 29 50.402
7 30 39.59
7 31 67.549
7 33 65.042
7 34 24.677
7 35 43.263
7 36 19.543
7 38 54.973
7 39 99.15
7 40 48.987
7 41 70.454
7 42 51.059
7 43 37.03
7 45 52.957
7 47 92.507
7 48 82.43
7 49 30.009
8 1 94.334
8 9 76.851
8 10 53.926
8 11 17.704
8 12 70.835
8 13 85.995
8 15 81.321
8 16 39.415
8 17 54.117
8 18 51.214
8 19 79.961
8 21 73.336
8 22 13.304
8 25 67.76
8 26 6.075
8 27 0.801
8 29 10.564
8 30 81.238
8 31 57.56
8 33 75.881
8 34 30.378
8 36 64.936
8 37 41.416
8 39 30.394
8 42 55.696
8 43 95.303
8 44 17.737
8 45 94.53
8 46 95.741
8 47 16.382
8 48 77.042
9 1 56.406
9 10 6.12
9 11 34.793
9 12 68.746
9 13 25.339
9 14 56.707
9 15 78.715
9 16 20.326
9 17 33.286
9 18 20.289
9 21 84.554
9 22 80.574
9 24 13.499
9 25 39.697
9 26 80.014
9 27 17.559
9 28 52.61
9 29 12.265
9 30 76.342
9 31 2.266
9 32 24.588
9 33 87.262
9 35 12.21
9 36 13.522
9 37 57.569
9 39 15.421
9 40 67.751
9 41 50.087
9 42 5.427
9 45 69.586
9 46 63.522
9 47 71.479
9 48 52.341
10 11 38.615
10 12 15.052
10 13 81.03
10 14 45.38
10 15 38.754
10 16 16.111
10 17 97.622
10 19 32.109
10 21 93.056
10 22 72.614
10 23 0.769
10 24 41.866
10 25 98.464
10 26 37.484
10 27 44.839
10 29 74.129
10 31 5.701
10 32 17.217
10 33 62.143
10 34 6.593
10 35 40.374
10 36 91.257
10 37 21.6
10 38 62.964
10 39 29.639
10 40 62.315
10 41 29.37
10 43 17.811
10 44 83.983
10 45 6.481
10 46 99.926
10 47 42.377
10 48 1.579
10 49 62.899
12 1 55.142
12 11 9.507
12 13 14.676
12 14 46.286
12 15 38.997
12 16 66.96
12 17 18.517
12 19 43.531
12 20 66.243
12 21 6.381
12 22 24.516
12 23 34.672
12 24 1.677
12 25 12.657
12 26 10.095
12 27 50.483
12 28 8.814
12 29 63.508
12 32 29.931
12 33 77.169
12 34 31.097
12 35 56.83
12 36 2.039
12 37 64.122
12 38 28.32
12 39 5.628
12 41 4.769
12 42 54.635
12 43 59.309
12 45 63.508
12 46 86.459
12 47 58.293
12 48 37.341
13 1 69.685
13 15 83.821
13 16 38.661
13 17 60.262
13 18 91.676
13 20 34.231
13 21 41.478
13 23 2.204
13 24 22.173
13 25 24.5
13 26 26.754
13 27 49.008
13 28 55.437
13 29 58.259
13 30 52.558
13 31 55.697
13 32 49.653
13 33 58.332
13 35 31.717
13 36 81.636
13 37 78.267
13 38 67.168
13 40 6.365
13 42 31.36
13 43 69.96
13 44 84.728
13 45 73.08
13 46 16.193
13 47 43.861
13 49 37.019
15 1 65.617
15 11 98.633
15 16 98.096
15 18 78.06
15 19 57.596
15 20 5.755
15 21 0.57
15 22 68.201
15 23 76.78
15 24 50.416
15 25 49.737
15 27 95.874
15 28 7.644
15 29 10.315
15 30 6.899
15 31 0.156
15 32 6.405
15 33 10.874
15 34 36.34
15 35 17.214
15 36 56.596
15 37 69.029
15 38 58.439
15 39 65.319
15 40 75.814
15 41 77.846
15 43 70.715
15 44 59.33
15 45 84.499
15 46 44.543
15 47 79.535
15 48 21.439
15 49 47.263
16 1 71.134
16 11 50.331
16 14 65.844
16 17 67.708
16 18 24.384
16 19 38.243
16 20 66.622
16 21 97.375
16 23 73.475
16 24 57.016
16 25 53.34
16 26 80.581
16 27 23.276
16 28 38.054
16 29 79.393
16 30 9.366
16 31 98.084
16 32 73.299
16 33 46.101
16 34 24.382
16 36 45.046
16 37 93.652
16 38 54.163
16 39 99.203
16 40 10.935
16 41 95.657
16 42 91.549
16 43 90.398
16 44 57.709
16 45 38.916
16 46 46.974
16 47 22.709
16 48 32.129
16 49 56.22
17 1 42.079
17 18 0.197
17 20 94.015
17 22 97.691
17 25 12.166
17 26 45.337
17 27 50.586
17 28 98.276
17 29 93.225
17 30 67.328
17 31 16.152
17 32 51.998
17 33 14.414
17 34 41.922
17 35 53.545
17 36 10.101
17 37 41.647
17 38 89.881
17 39 71.456
17 40 92.379
17 41 49.762
17 43 13.516
17 44 16.246
17 45 86.344
17 46 84.785
17 47 35.436
17 48 27.355
18 1 73.823
18 11 66.053
18 14 29.87
18 19 85.177
18 21 5.263
18 22 35.478
18 23 13.359
18 24 43.105
18 26 92.149
18 28 80.835
18 29 19.175
18 30 65.694
18 31 87.713
18 32 92.187
18 33 47.267
18 34 84.861
18 35 32.634
18 36 50.29
18 37 15.678
18 38 31.215
18 39 24.68
18 40 7.521
18 41 2.99
18 42 43.31
18 43 9.433
18 44 87.664
18 45 78.642
18 47 61.546
18 48 77.599
18 49 41.997
20 1 43.407
20 11 91.171
20 14 81.361
20 21 4.434
20 22 18.358
20 23 33.956
20 25 31.432
20 26 8.496
20 27 61.072
20 28 76.377
20 29 17.067
20 31 72.235
20 32 31.108
20 33 4.585
20 34 81.338
20 35 66.74
20 37 99.121
20 38 33.799
20 39 48.095
20 40 78.767
20 41 43.695
20 43 42.124
20 45 97.843
20 46 29.636
20 48 33.472
20 49 13.811
21 1 23.245
21 11 59.406
21 19 85.136
21 22 82.643
21 23 23.463
21 24 49.838
21 25 83.505
21 26 33.864
21 27 32.653
21 28 73.214
21 29 43.905
21 30 72.942
21 31 40.373
21 32 4.669
21 33 70.542
21 34 88.133
21 35 58.897
21 36 70.225
21 38 25.363
21 39 59.139
21 41 60.128
21 42 99.704
21 43 79.2
21 45 44.186
21 47 96.138
21 48 44.959
21 49 20.006
22 1 58.957
22 14 2.617
22 19 47.652
22 23 60.574
22 24 71.868
22 25 73.586
22 27 17.004
22 28 58.398
22 29 59.901
22 30 98.026
22 31 21.18
22 32 52.355
22 33 3.239
22 34 19.801
22 35 57.722
22 36 85.517
22 37 66.499
22 38 8.148
22 40 40.65
22 41 82.076
22 42 90.272
22 43 60.358
22 46 78.19
22 47 30.568
22 48 92.218
22 49 11.935
23 1 12.079
23 11 84.73
23 14 51.045
23 19 75.824
23 24 64.155
23 25 72.754
23 26 1.447
23 27 70.166
23 28 81.053
23 29 20.496
23 30 20.338
23 31 91.201
23 33 78.431
23 34 34.904
23 35 72.266
23 37 53.495
23 38 82.743
23 39 92.918
23 40 36.158
23 41 66.934
23 42 83.97
23 43 73.544
23 44 67.879
23 45 88.989
23 46 41.232
23 47 25.986
23 48 84.336
23 49 65.719
24 1 60.061
24 11 79.583
24 19 51.311
24 25 51.909
24 27 37.665
24 28 98.466
24 29 4.456
24 30 75.404
24 31 36.101
24 32 11.841
24 33 61.774
24 34 7.453
24 35 13.946
24 36 46.729
24 37 19.567
24 38 51.938
24 39 5.599
24 40 96.285
24 41 48.002
24 42 49.863
24 43 48.853
24 44 29.728
24 45 53.316
24 46 39.626
24 47 35.406
24 48 33.42
24 49 18.851
25 1 54.949
25 11 96.617
25 14 4.467
25 19 68.347
25 26 81.758
25 27 96.061
25 28 42.651
25 29 91.5
25 30 9.024
25 31 56.563
25 32 69.047
25 33 43.035
25 34 98.281
25 35 78.744
25 36 95.587
25 38 62.176
25 39 41.489
25 40 91.564
25 41 52.273
25 43 28.552
25 44 26.438
25 45 63.694
25 46 18.275
25 47 58.887
25 48 96.788
26 1 24.817
26 11 27.54
26 14 96.243
26 27 14.132
26 28 47.742
26 30 97.664
26 31 31.755
26 32 1.249
26 33 76.96
26 34 57.774
26 36 86.759
26 37 16.437
26 38 19.9
26 40 24.586
26 41 24.212
26 42 39.45
26 43 87.844
26 44 53.723
26 48 78.169
27 11 45.471
27 14 47.355
27 29 39.261
27 30 61.649
27 31 99.261
27 33 17.875
27 34 92.09
27 36 86.242
27 38 59.159
27 39 42.641
27 40 10.168
27 42 67.039
27 44 24.713
27 45 88.173
27 46 11.874
27 47 56.883
27 48 42.146
27 49 14.012
28 1 80.869
28 11 41.22
28 29 45.333
28 30 16.929
28 31 80.304
28 32 7.721
28 33 76.36
28 35 85.969
28 36 42.417
28 38 96.326
28 39 40.846
28 41 30.943
28 42 58.154
28 43 3.297
28 44 45.51
28 45 39.794
28 46 36.663
28 49 19.802
29 1 79.813
29 11 92.819
29 14 0.3
29 19 9.738
29 30 3.733
29 31 34.545
29 32 87.686
29 33 16.3
29 34 6.718
29 35 6.95
29 36 4.104
29 37 22.709
29 38 47.877
29 39 57.261
29 40 83.297
29 41 49.623
29 43 38.968
29 44 52.463
29 45 92.221
29 46 22.618
29 47 38.612
29 48 44.607
29 49 57.229
30 1 60.908
30 11 45.824
30 14 18.066
30 19 73.109
30 31 73.763
30 33 46.69
30 34 48.431
30 35 44.814
30 36 59.461
30 37 58.138
30 38 96.275
30 39 14.053
30 40 16.446
30 41 50.821
30 42 63.697
30 43 30.637
30 44 96.946
30 45 7.251
30 47 36.979
30 48 37.42
30 49 43.845
31 1 85.716
31 11 96.392
31 14 78.897
31 19 56.501
31 32 72.176
31 33 25.831
31 34 87.649
31 36 85.429
31 37 50.004
31 38 52.914
31 39 0.854
31 40 4.31
31 43 1.362
31 44 24.187
31 46 4.322
31 48 69.047
31 49 14.988
32 1 50.436
32 11 43.0
32 14 51.384
32 19 33.473
32 33 44.174
32 35 80.938
32 36 49.994
32 37 58.993
32 38 3.17
32 39 22.154
32 40 94.642
32 41 71.926
32 42 79.601
32 43 76.214
32 44 15.937
32 45 93.591
32 46 56.115
32 47 31.917
32 48 74.074
32 49 41.029
33 1 1.503
33 11 55.77
33 14 47.273
33 19 68.5
33 34 32.187
33 35 18.866
33 36 80.486
33 37 11.541
33 38 87.203
33 39 67.356
33 40 93.559
33 41 97.783
33 42 16.316
33 43 93.968
33 44 21.511
33 45 2.925
33 46 30.811
33 48 82.009
33 49 75.496
34 1 30.838
34 14 62.056
34 19 59.988
34 35 1.61
34 36 67.75
34 37 63.333
34 38 41.176
34 39 8.732
34 40 50.233
34 42 21.862
34 43 71.574
34 44 84.564
34 45 82.163
34 46 44.229
34 47 16.987
34 48 18.771
34 49 29.714
35 1 97.009
35 11 68.163
35 14 59.34
35 36 54.503
35 37 86.529
35 38 42.226
35 39 58.504
35 40 71.109
35 41 42.93
35 42 7.325
35 43 91.527
35 44 29.872
35 45 41.668
35 46 48.002
35 47 3.649
35 48 22.552
35 49 73.3
36 1 91.877
36 19 69.542
36 37 46.067
36 38 34.403
36 39 85.494
36 40 85.92
36 41 34.903
36 42 86.002
36 44 30.593
36 45 73.594
36 47 63.416
36 48 82.354
37 1 40.002
37 14 40.642
37 19 73.644
37 39 48.791
37 40 13.001
37 41 3.488
37 42 44.22
37 43 94.381
37 44 63.025
37 45 96.605
37 46 16.839
37 47 49.051
37 48 42.411
38 1 3.671
38 11 20.197
38 14 41.884
38 19 82.244
38 39 62.466
38 40 85.34
38 41 54.981
38 42 29.581
38 43 94.59
38 45 71.165
38 46 27.62
38 48 35.497
38 49 29.474
39 1 17.192
39 11 16.358
39 14 40.251
39 19 37.644
39 40 98.031
39 41 1.05
39 43 6.752
39 44 13.478
39 45 43.833
39 46 86.007
39 47 12.154
39 49 76.7
40 1 30.508
40 11 70.504
40 14 68.306
40 19 71.788
40 41 61.454
40 42 77.478
40 43 53.118
40 45 94.888
40 46 9.643
40 47 23.121
40 48 93.926
41 1 59.835
41 14 92.54
41 19 7.763
41 42 26.882
41 43 80.88
41 44 15.326
41 45 31.152
41 46 52.049
41 47 37.049
41 48 52.392
41 49 7.697
43 1 35.746
43 11 45.66
43 14 78.516
43 19 76.786
43 44 29.921
43 45 80.042
43 46 93.157
43 48 85.437
45 11 31.046
45 19 91.55
45 42 40.562
45 44 65.617
45 47 85.238
45 48 93.37
45 49 61.577
46 1 19.025
46 11 50.571
46 19 52.916
46 42 20.267
46 44 53.284
46 47 8.962
46 48 3.797
46 49 17.582
47 1 80.167
47 11 72.059
47 14 42.141
47 19 57.101
47 42 67.77
47 44 75.084
47 48 80.636
47 49 47.111
48 1 4.86
48 11 1.498
48 14 45.447
48 19 25.32
48 42 16.116
48 44 58.857
48 49 72.145
49 1 65.443
49 11 44.458
49 19 60.841
49 42 28.473
49 44 83.183
1 11 57.126
1 14 67.821
1 19 30.606
1 42 0.985
1 44 3.604
11 14 55.116
11 19 67.178
11 42 61.118
11 44 44.88
14 42 84.097
14 44 69.334
19 44 60.546
42 44 62.916