46
0 45 3
0 3 29
0 5 15
0 14 7
45 4 24
45 17 3
45 44 7
3 19 37
3 29 11
3 37 23
5 23 8
5 6 7
14 40 12
1 19 31
1 34 29
1 28 6
1 11 19
1 15 23
1 18 44
1 36 10
19 4 29
19 40 16
19 43 21.5
34 10 21
28 2 11
11 16 4
11 22 2
11 29 0.75
15 36 29
15 30 25
18 10 21
18 29 10
18 39 10
18 25 10
2 38 33
2 17 28
2 39 9
2 42 32
2 27 31
2 41 8
2 44 18
38 6 21
38 20 7
42 4 98
42 43 5
27 4 32
27 10 6
41 7 29
41 12 0.25
37 16 9
4 26 19
26 33 5
23 13 22.5
6 9 42
6 21 11
9 8 15
9 31 41
9 25 34
21 32 6.5
7 31 33
8 24 23
24 33 7
16 30 21
22 12 1.54
22 20 4
13 35 10.1
35 32 9.5