50
0 1 42
0 2 47
0 3 3
0 4 44
0 5 7
0 6 41
0 7 53
0 8 17
0 9 47
0 10 81
0 11 3
0 12 6
0 13 61
0 14 64
0 15 48
0 16 92
0 17 47
0 18 63
0 19 97
0 20 63
0 21 85
0 22 67
0 23 79
0 24 19
0 25 40
0 26 6
0 27 96
0 28 96
0 29 75
0 30 92
0 31 43
0 32 82
0 33 70
0 34 32
0 35 83
0 36 51
0 37 93
0 38 68
0 39 51
0 40 71
0 41 73
0 42 30
0 43 76
0 44 25
0 45 87
0 46 19
0 47 66
0 48 71
0 49 51
1 2 21
1 3 56
1 4 70
1 5 55
1 6 84
1 7 33
1 8 85
1 9 72
1 10 17
1 11 13
1 12 82
1 13 8
1 14 60
1 15 41
1 16 48
1 17 53
1 18 76
1 19 35
1 20 45
1 21 29
1 22 35
1 23 12
1 24 19
1 25 10
1 26 72
1 27 53
1 28 41
1 29 9
1 30 33
1 31 29
1 32 95
1 33 55
1 34 3
1 35 87
1 36 77
1 37 47
1 38 9
1 39 88
1 40 61
1 41 34
1 42 42
1 43 65
1 44 14
1 45 38
1 46 55
1 47 50
1 48 26
1 49 48
2 3 5
2 4 60
2 5 10
2 6 55
2 7 78
2 8 7
2 9 19
2 10 63
2 11 4
2 12 97
2 13 63
2 14 23
2 15 40
2 16 55
2 17 73
2 18 64
2 19 96
2 20 45
2 21 83
2 22 90
2 23 6
2 24 40
2 25 69
2 26 98
2 27 7
2 28 96
2 29 47
2 30 3
2 31 35
2 32 8
2 33 11
2 34 86
2 35 27
2 36 68
2 37 71
2 38 10
2 39 16
2 40 86
2 41 37
2 42 54
2 43 15
2 44 78
2 45 53
2 46 99
2 47 18
2 48 16
2 49 79
3 4 77
3 5 3
3 6 54
3 7 80
3 8 27
3 9 35
3 10 70
3 11 1
3 12 65
3 13 39
3 14 68
3 15 38
3 16 95
3 17 38
3 18 94
3 19 51
3 20 53
3 21 56
3 22 29
3 23 39
3 24 28
3 25 20
3 26 31
3 27 31
3 28 42
3 29 15
3 30 15
3 31 48
3 32 74
3 33 37
3 34 3
3 35 25
3 36 13
3 37 63
3 38 76
3 39 42
3 40 36
3 41 96
3 42 43
3 43 50
3 44 98
3 45 94
3 46 57
3 47 51
3 48 3
3 49 1
4 5 23
4 6 34
4 7 59
4 8 34
4 9 87
4 10 62
4 11 76
4 12 21
4 13 81
4 14 79
4 15 31
4 16 26
4 17 6
4 18 32
4 19 52
4 20 6
4 21 10
4 22 1
4 23 71
4 24 54
4 25 47
4 26 45
4 27 31
4 28 50
4 29 73
4 30 42
4 31 93
4 32 29
4 33 86
4 34 4
4 35 25
4 36 54
4 37 7
4 38 49
4 39 89
4 40 68
4 41 14
4 42 41
4 43 72
4 44 84
4 45 36
4 46 48
4 47 76
4 48 21
4 49 52
5 6 50
5 7 96
5 8 7
5 9 67
5 10 77
5 11 1
5 12 15
5 13 10
5 14 33
5 15 14
5 16 16
5 17 47
5 18 80
5 19 45
5 20 31
5 21 7
5 22 17
5 23 2
5 24 63
5 25 71
5 26 15
5 27 94
5 28 4
5 29 57
5 30 69
5 31 9
5 32 58
5 33 74
5 34 22
5 35 18
5 36 75
5 37 4
5 38 14
5 39 94
5 40 27
5 41 72
5 42 22
5 43 39
5 44 8
5 45 99
5 46 1
5 47 17
5 48 50
5 49 65
6 7 73
6 8 40
6 9 61
6 10 34
6 11 23
6 12 59
6 13 77
6 14 78
6 15 2
6 16 56
6 17 6
6 18 15
6 19 18
6 20 56
6 21 79
6 22 99
6 23 57
6 24 21
6 25 19
6 26 43
6 27 41
6 28 15
6 29 23
6 30 83
6 31 17
6 32 50
6 33 95
6 34 87
6 35 54
6 36 43
6 37 24
6 38 66
6 39 57
6 40 57
6 41 11
6 42 14
6 43 7
6 44 47
6 45 98
6 46 80
6 47 23
6 48 92
6 49 93
7 8 16
7 9 39
7 10 53
7 11 46
7 12 64
7 13 44
7 14 59
7 15 40
7 16 48
7 17 80
7 18 60
7 19 32
7 20 83
7 21 55
7 22 12
7 23 45
7 24 46
7 25 55
7 26 5
7 27 55
7 28 3
7 29 25
7 30 24
7 31 99
7 32 84
7 33 29
7 34 9
7 35 89
7 36 90
7 37 49
7 38 7
7 39 62
7 40 5
7 41 25
7 42 35
7 43 19
7 44 55
7 45 66
7 46 60
7 47 42
7 48 78
7 49 10
8 9 94
8 10 62
8 11 9
8 12 75
8 13 42
8 14 3
8 15 47
8 16 73
8 17 31
8 18 46
8 19 13
8 20 54
8 21 60
8 22 35
8 23 27
8 24 78
8 25 62
8 26 62
8 27 26
8 28 33
8 29 82
8 30 26
8 31 97
8 32 10
8 33 37
8 34 6
8 35 97
8 36 44
8 37 58
8 38 20
8 39 53
8 40 51
8 41 96
8 42 98
8 43 15
8 44 19
8 45 65
8 46 20
8 47 96
8 48 55
8 49 26
9 10 38
9 11 72
9 12 34
9 13 57
9 14 80
9 15 33
9 16 24
9 17 42
9 18 84
9 19 26
9 20 45
9 21 13
9 22 49
9 23 94
9 24 63
9 25 84
9 26 21
9 27 25
9 28 87
9 29 80
9 30 97
9 31 41
9 32 53
9 33 14
9 34 30
9 35 9
9 36 75
9 37 15
9 38 77
9 39 12
9 40 35
9 41 67
9 42 67
9 43 57
9 44 83
9 45 86
9 46 72
9 47 8
9 48 1
9 49 85
10 11 71
10 12 7
10 13 95
10 14 92
10 15 48
10 16 10
10 17 44
10 18 15
10 19 2
10 20 27
10 21 34
10 22 34
10 23 71
10 24 35
10 25 34
10 26 53
10 27 78
10 28 15
10 29 60
10 30 71
10 31 36
10 32 91
10 33 32
10 34 20
10 35 52
10 36 37
10 37 91
10 38 50
10 39 34
10 40 94
10 41 23
10 42 99
10 43 69
10 44 57
10 45 26
10 46 4
10 47 86
10 48 75
10 49 87
11 12 40
11 13 79
11 14 90
11 15 1
11 16 17
11 17 59
11 18 77
11 19 67
11 20 67
11 21 59
11 22 70
11 23 66
11 24 21
11 25 98
11 26 12
11 27 54
11 28 63
11 29 2
11 30 90
11 31 91
11 32 32
11 33 66
11 34 89
11 35 14
11 36 62
11 37 31
11 38 90
11 39 30
11 40 77
11 41 8
11 42 12
11 43 84
11 44 90
11 45 59
11 46 64
11 47 59
11 48 74
11 49 78
12 13 5
12 14 65
12 15 2
12 16 2
12 17 93
12 18 23
12 19 43
12 20 26
12 21 24
12 22 28
12 23 28
12 24 36
12 25 83
12 26 68
12 27 16
12 28 32
12 29 24
12 30 67
12 31 51
12 32 17
12 33 72
12 34 16
12 35 65
12 36 40
12 37 9
12 38 27
12 39 53
12 40 80
12 41 79
12 42 60
12 43 38
12 44 53
12 45 38
12 46 14
12 47 12
12 48 86
12 49 80
13 14 3
13 15 49
13 16 16
13 17 14
13 18 41
13 19 7
13 20 4
13 21 81
13 22 15
13 23 61
13 24 99
13 25 34
13 26 80
13 27 21
13 28 98
13 29 9
13 30 61
13 31 34
13 32 56
13 33 94
13 34 18
13 35 19
13 36 55
13 37 92
13 38 4
13 39 50
13 40 91
13 41 44
13 42 19
13 43 30
13 44 33
13 45 24
13 46 24
13 47 76
13 48 97
13 49 79
14 15 38
14 16 92
14 17 18
14 18 67
14 19 43
14 20 65
14 21 24
14 22 19
14 23 60
14 24 42
14 25 40
14 26 48
14 27 44
14 28 94
14 29 84
14 30 21
14 31 8
14 32 57
14 33 77
14 34 41
14 35 96
14 36 79
14 37 86
14 38 39
14 39 20
14 40 97
14 41 45
14 42 45
14 43 38
14 44 44
14 45 74
14 46 37
14 47 9
14 48 5
14 49 95
15 16 75
15 17 64
15 18 68
15 19 56
15 20 99
15 21 2
15 22 10
15 23 52
15 24 37
15 25 7
15 26 60
15 27 51
15 28 4
15 29 93
15 30 80
15 31 84
15 32 55
15 33 48
15 34 6
15 35 30
15 36 72
15 37 51
15 38 39
15 39 19
15 40 46
15 41 4
15 42 39
15 43 77
15 44 78
15 45 7
15 46 9
15 47 60
15 48 90
15 49 2
16 17 63
16 18 77
16 19 57
16 20 46
16 21 14
16 22 4
16 23 62
16 24 33
16 25 79
16 26 76
16 27 88
16 28 21
16 29 44
16 30 6
16 31 34
16 32 92
16 33 89
16 34 32
16 35 82
16 36 76
16 37 96
16 38 41
16 39 84
16 40 84
16 41 79
16 42 20
16 43 69
16 44 53
16 45 65
16 46 18
16 47 67
16 48 30
16 49 81
17 18 16
17 19 56
17 20 38
17 21 79
17 22 80
17 23 43
17 24 79
17 25 96
17 26 1
17 27 39
17 28 95
17 29 31
17 30 87
17 31 77
17 32 91
17 33 62
17 34 92
17 35 82
17 36 41
17 37 12
17 38 11
17 39 95
17 40 60
17 41 78
17 42 61
17 43 33
17 44 58
17 45 4
17 46 36
17 47 91
17 48 53
17 49 29
18 19 58
18 20 52
18 21 31
18 22 32
18 23 57
18 24 53
18 25 79
18 26 14
18 27 4
18 28 86
18 29 57
18 30 85
18 31 23
18 32 44
18 33 51
18 34 37
18 35 53
18 36 50
18 37 83
18 38 88
18 39 9
18 40 46
18 41 64
18 42 6
18 43 29
18 44 41
18 45 15
18 46 21
18 47 20
18 48 51
18 49 52
19 20 43
19 21 86
19 22 41
19 23 68
19 24 51
19 25 69
19 26 25
19 27 66
19 28 67
19 29 65
19 30 61
19 31 83
19 32 2
19 33 33
19 34 99
19 35 36
19 36 51
19 37 64
19 38 85
19 39 77
19 40 2
19 41 68
19 42 38
19 43 45
19 44 81
19 45 93
19 46 4
19 47 22
19 48 62
19 49 55
20 21 27
20 22 73
20 23 42
20 24 56
20 25 45
20 26 44
20 27 64
20 28 46
20 29 27
20 30 80
20 31 62
20 32 50
20 33 26
20 34 42
20 35 19
20 36 54
20 37 20
20 38 38
20 39 59
20 40 4
20 41 3
20 42 91
20 43 65
20 44 59
20 45 81
20 46 73
20 47 77
20 48 75
20 49 47
21 22 40
21 23 85
21 24 60
21 25 19
21 26 85
21 27 95
21 28 95
21 29 18
21 30 49
21 31 86
21 32 92
21 33 10
21 34 82
21 35 92
21 36 27
21 37 52
21 38 55
21 39 28
21 40 68
21 41 80
21 42 62
21 43 16
21 44 76
21 45 15
21 46 6
21 47 63
21 48 61
21 49 25
22 23 45
22 24 39
22 25 38
22 26 65
22 27 52
22 28 96
22 29 11
22 30 34
22 31 95
22 32 65
22 33 12
22 34 22
22 35 50
22 36 50
22 37 9
22 38 38
22 39 50
22 40 6
22 41 29
22 42 34
22 43 7
22 44 52
22 45 21
22 46 12
22 47 92
22 48 89
22 49 69
23 24 70
23 25 60
23 26 92
23 27 75
23 28 29
23 29 34
23 30 10
23 31 25
23 32 51
23 33 34
23 34 21
23 35 98
23 36 35
23 37 30
23 38 53
23 39 54
23 40 39
23 41 54
23 42 25
23 43 68
23 44 24
23 45 92
23 46 33
23 47 16
23 48 78
23 49 55
24 25 85
24 26 65
24 27 50
24 28 88
24 29 70
24 30 30
24 31 41
24 32 78
24 33 43
24 34 60
24 35 95
24 36 24
24 37 88
24 38 37
24 39 73
24 40 45
24 41 25
24 42 74
24 43 48
24 44 30
24 45 23
24 46 62
24 47 75
24 48 48
24 49 66
25 26 39
25 27 44
25 28 85
25 29 75
25 30 49
25 31 39
25 32 8
25 33 5
25 34 92
25 35 49
25 36 33
25 37 44
25 38 8
25 39 2
25 40 66
25 41 60
25 42 50
25 43 64
25 44 57
25 45 48
25 46 39
25 47 97
25 48 60
25 49 60
26 27 92
26 28 65
26 29 33
26 30 39
26 31 81
26 32 39
26 33 98
26 34 14
26 35 43
26 36 64
26 37 29
26 38 69
26 39 51
26 40 86
26 41 61
26 42 14
26 43 53
26 44 11
26 45 5
26 46 63
26 47 27
26 48 7
26 49 26
27 28 45
27 29 90
27 30 81
27 31 73
27 32 7
27 33 46
27 34 89
27 35 81
27 36 83
27 37 77
27 38 53
27 39 47
27 40 92
27 41 81
27 42 25
27 43 89
27 44 95
27 45 44
27 46 15
27 47 47
27 48 20
27 49 76
28 29 75
28 30 86
28 31 90
28 32 35
28 33 26
28 34 44
28 35 36
28 36 6
28 37 24
28 38 94
28 39 69
28 40 40
28 41 20
28 42 2
28 43 42
28 44 71
28 45 68
28 46 70
28 47 66
28 48 21
28 49 6
29 30 94
29 31 19
29 32 43
29 33 38
29 34 21
29 35 68
29 36 49
29 37 4
29 38 17
29 39 48
29 40 29
29 41 35
29 42 93
29 43 12
29 44 55
29 45 55
29 46 48
29 47 23
29 48 75
29 49 82
30 31 69
30 32 12
30 33 38
30 34 42
30 35 19
30 36 19
30 37 61
30 38 9
30 39 86
30 40 93
30 41 19
30 42 22
30 43 58
30 44 6
30 45 98
30 46 43
30 47 66
30 48 53
30 49 47
31 32 56
31 33 9
31 34 64
31 35 99
31 36 89
31 37 42
31 38 6
31 39 94
31 40 67
31 41 2
31 42 26
31 43 62
31 44 15
31 45 78
31 46 87
31 47 33
31 48 83
31 49 85
32 33 49
32 34 3
32 35 78
32 36 49
32 37 9
32 38 97
32 39 73
32 40 15
32 41 87
32 42 68
32 43 8
32 44 70
32 45 37
32 46 6
32 47 17
32 48 61
32 49 67
33 34 67
33 35 45
33 36 29
33 37 64
33 38 98
33 39 67
33 40 13
33 41 78
33 42 32
33 43 97
33 44 21
33 45 61
33 46 39
33 47 78
33 48 87
33 49 70
34 35 80
34 36 38
34 37 34
34 38 20
34 39 18
34 40 12
34 41 23
34 42 65
34 43 54
34 44 20
34 45 1
34 46 86
34 47 87
34 48 55
34 49 24
35 36 36
35 37 76
35 38 42
35 39 57
35 40 80
35 41 65
35 42 9
35 43 10
35 44 82
35 45 92
35 46 29
35 47 32
35 48 59
35 49 27
36 37 49
36 38 11
36 39 59
36 40 43
36 41 48
36 42 94
36 43 81
36 44 50
36 45 84
36 46 4
36 47 18
36 48 50
36 49 46
37 38 16
37 39 54
37 40 24
37 41 40
37 42 20
37 43 74
37 44 12
37 45 42
37 46 54
37 47 94
37 48 97
37 49 4
38 39 95
38 40 90
38 41 6
38 42 26
38 43 95
38 44 35
38 45 75
38 46 8
38 47 27
38 48 60
38 49 22
39 40 26
39 41 66
39 42 49
39 43 18
39 44 18
39 45 10
39 46 2
39 47 95
39 48 25
39 49 55
40 41 73
40 42 71
40 43 47
40 44 79
40 45 17
40 46 51
40 47 77
40 48 61
40 49 11
41 42 92
41 43 81
41 44 48
41 45 12
41 46 38
41 47 14
41 48 71
41 49 83
42 43 1
42 44 44
42 45 66
42 46 18
42 47 30
42 48 7
42 49 45
43 44 63
43 45 8
43 46 11
43 47 16
43 48 81
43 49 85
44 45 20
44 46 49
44 47 59
44 48 97
44 49 53
45 46 73
45 47 2
45 48 42
45 49 47
46 47 60
46 48 85
46 49 81
47 48 64
47 49 58
48 49 35
