50
0 1 76
0 2 95
0 3 6
0 4 47
0 5 28
0 6 11
0 7 38
0 8 98
0 9 38
0 10 25
0 11 73
0 12 17
0 13 7
0 14 20
0 15 49
0 16 19
0 17 60
0 18 49
0 19 51
0 20 24
0 21 35
0 22 14
0 23 43
0 24 20
0 25 23
0 26 66
0 27 98
0 28 68
0 29 88
0 30 25
0 31 27
0 32 51
0 33 9
0 34 90
0 35 49
0 36 19
0 37 98
0 38 24
0 39 14
0 40 95
0 41 59
0 42 80
0 43 89
0 44 24
0 45 73
0 46 85
0 47 38
0 48 49
0 49 59
1 2 16
1 3 39
1 4 52
1 5 31
1 6 21
1 7 32
1 8 74
1 9 44
1 10 82
1 11 93
1 12 96
1 13 92
1 14 12
1 15 14
1 16 55
1 17 72
1 18 17
1 19 90
1 20 5
1 21 8
1 22 3
1 23 80
1 24 98
1 25 7
1 26 53
1 27 31
1 28 83
1 29 85
1 30 2
1 31 59
1 32 8
1 33 49
1 34 54
1 35 19
1 36 90
1 37 30
1 38 43
1 39 47
1 40 46
1 41 82
1 42 6
1 43 15
1 44 77
1 45 60
1 46 44
1 47 88
1 48 46
1 49 68
2 3 70
2 4 72
2 5 81
2 6 13
2 7 16
2 8 83
2 9 85
2 10 6
2 11 46
2 12 51
2 13 64
2 14 30
2 15 45
2 16 32
2 17 44
2 18 95
2 19 37
2 20 9
2 21 44
2 22 6
2 23 58
2 24 81
2 25 78
2 26 76
2 27 41
2 28 48
2 29 3
2 30 13
2 31 51
2 32 72
2 33 55
2 34 61
2 35 85
2 36 77
2 37 66
2 38 59
2 39 27
2 40 75
2 41 74
2 42 75
2 43 62
2 44 69
2 45 73
2 46 33
2 47 2
2 48 45
2 49 37
3 4 7
3 5 80
3 6 6
3 7 57
3 8 72
3 9 83
3 10 3
3 11 80
3 12 74
3 13 53
3 14 81
3 15 61
3 16 21
3 17 48
3 18 49
3 19 76
3 20 49
3 21 65
3 22 44
3 23 23
3 24 40
3 25 78
3 26 37
3 27 62
3 28 2
3 29 18
3 30 97
3 31 5
3 32 3
3 33 80
3 34 84
3 35 56
3 36 78
3 37 78
3 38 84
3 39 82
3 40 67
3 41 77
3 42 23
3 43 95
3 44 83
3 45 89
3 46 61
3 47 62
3 48 78
3 49 96
4 5 36
4 6 72
4 7 17
4 8 4
4 9 38
4 10 64
4 11 52
4 12 81
4 13 54
4 14 31
4 15 25
4 16 37
4 17 22
4 18 14
4 19 30
4 20 91
4 21 75
4 22 89
4 23 50
4 24 49
4 25 55
4 26 96
4 27 28
4 28 97
4 29 33
4 30 87
4 31 26
4 32 50
4 33 22
4 34 93
4 35 32
4 36 50
4 37 47
4 38 87
4 39 42
4 40 26
4 41 72
4 42 96
4 43 11
4 44 13
4 45 25
4 46 15
4 47 89
4 48 57
4 49 80
5 6 64
5 7 10
5 8 60
5 9 22
5 10 5
5 11 59
5 12 34
5 13 87
5 14 43
5 15 25
5 16 18
5 17 28
5 18 8
5 19 47
5 20 84
5 21 71
5 22 16
5 23 98
5 24 68
5 25 55
5 26 3
5 27 83
5 28 96
5 29 34
5 30 24
5 31 3
5 32 7
5 33 49
5 34 73
5 35 86
5 36 15
5 37 21
5 38 43
5 39 55
5 40 6
5 41 5
5 42 88
5 43 6
5 44 31
5 45 21
5 46 53
5 47 64
5 48 26
5 49 30
6 7 74
6 8 27
6 9 61
6 10 5
6 11 7
6 12 59
6 13 32
6 14 69
6 15 81
6 16 18
6 17 51
6 18 52
6 19 46
6 20 86
6 21 54
6 22 84
6 23 7
6 24 73
6 25 63
6 26 35
6 27 2
6 28 44
6 29 65
6 30 50
6 31 20
6 32 11
6 33 21
6 34 67
6 35 16
6 36 82
6 37 67
6 38 65
6 39 36
6 40 96
6 41 9
6 42 34
6 43 16
6 44 10
6 45 34
6 46 76
6 47 15
6 48 70
6 49 20
7 8 92
7 9 36
7 10 68
7 11 29
7 12 52
7 13 79
7 14 13
7 15 12
7 16 45
7 17 28
7 18 42
7 19 87
7 20 62
7 21 97
7 22 44
7 23 17
7 24 51
7 25 26
7 26 83
7 27 41
7 28 2
7 29 51
7 30 71
7 31 64
7 32 59
7 33 87
7 34 4
7 35 54
7 36 72
7 37 35
7 38 25
7 39 65
7 40 10
7 41 34
7 42 14
7 43 5
7 44 24
7 45 16
7 46 86
7 47 73
7 48 51
7 49 76
8 9 77
8 10 36
8 11 93
8 12 54
8 13 78
8 14 30
8 15 12
8 16 50
8 17 83
8 18 25
8 19 52
8 20 64
8 21 69
8 22 16
8 23 24
8 24 84
8 25 77
8 26 38
8 27 44
8 28 10
8 29 25
8 30 86
8 31 18
8 32 18
8 33 51
8 34 3
8 35 25
8 36 32
8 37 22
8 38 9
8 39 83
8 40 40
8 41 41
8 42 57
8 43 59
8 44 40
8 45 23
8 46 2
8 47 69
8 48 29
8 49 97
9 10 34
9 11 52
9 12 90
9 13 78
9 14 96
9 15 45
9 16 79
9 17 44
9 18 34
9 19 51
9 20 76
9 21 14
9 22 37
9 23 28
9 24 40
9 25 85
9 26 31
9 27 68
9 28 40
9 29 3
9 30 61
9 31 98
9 32 19
9 33 97
9 34 87
9 35 26
9 36 65
9 37 59
9 38 7
9 39 79
9 40 37
9 41 86
9 42 53
9 43 13
9 44 34
9 45 30
9 46 58
9 47 69
9 48 76
9 49 50
10 11 76
10 12 28
10 13 61
10 14 79
10 15 46
10 16 39
10 17 56
10 18 40
10 19 29
10 20 31
10 21 73
10 22 6
10 23 82
10 24 31
10 25 85
10 26 17
10 27 17
10 28 24
10 29 57
10 30 36
10 31 27
10 32 51
10 33 63
10 34 62
10 35 63
10 36 19
10 37 83
10 38 44
10 39 72
10 40 17
10 41 10
10 42 53
10 43 33
10 44 2
10 45 7
10 46 11
10 47 61
10 48 36
10 49 83
11 12 34
11 13 29
11 14 88
11 15 74
11 16 16
11 17 33
11 18 37
11 19 97
11 20 47
11 21 13
11 22 30
11 23 24
11 24 57
11 25 45
11 26 69
11 27 21
11 28 58
11 29 30
11 30 12
11 31 41
11 32 79
11 33 21
11 34 82
11 35 71
11 36 5
11 37 13
11 38 52
11 39 72
11 40 35
11 41 43
11 42 20
11 43 57
11 44 17
11 45 69
11 46 90
11 47 54
11 48 12
11 49 28
12 13 91
12 14 46
12 15 4
12 16 66
12 17 49
12 18 16
12 19 28
12 20 6
12 21 22
12 22 24
12 23 57
12 24 13
12 25 85
12 26 45
12 27 46
12 28 79
12 29 89
12 30 10
12 31 60
12 32 2
12 33 23
12 34 10
12 35 22
12 36 51
12 37 30
12 38 26
12 39 44
12 40 82
12 41 8
12 42 70
12 43 86
12 44 6
12 45 88
12 46 16
12 47 38
12 48 43
12 49 61
13 14 88
13 15 12
13 16 61
13 17 75
13 18 40
13 19 83
13 20 68
13 21 23
13 22 48
13 23 26
13 24 66
13 25 30
13 26 9
13 27 91
13 28 21
13 29 4
13 30 8
13 31 37
13 32 86
13 33 55
13 34 60
13 35 88
13 36 23
13 37 93
13 38 85
13 39 65
13 40 18
13 41 2
13 42 75
13 43 59
13 44 97
13 45 39
13 46 49
13 47 17
13 48 70
13 49 60
14 15 35
14 16 96
14 17 98
14 18 91
14 19 41
14 20 71
14 21 72
14 22 46
14 23 48
14 24 73
14 25 31
14 26 24
14 27 93
14 28 65
14 29 54
14 30 85
14 31 32
14 32 6
14 33 5
14 34 81
14 35 14
14 36 9
14 37 17
14 38 14
14 39 40
14 40 61
14 41 7
14 42 92
14 43 61
14 44 22
14 45 95
14 46 93
14 47 51
14 48 66
14 49 9
15 16 65
15 17 33
15 18 14
15 19 68
15 20 50
15 21 24
15 22 93
15 23 22
15 24 44
15 25 72
15 26 32
15 27 37
15 28 92
15 29 53
15 30 6
15 31 45
15 32 33
15 33 50
15 34 34
15 35 2
15 36 79
15 37 88
15 38 47
15 39 23
15 40 45
15 41 42
15 42 69
15 43 81
15 44 69
15 45 51
15 46 49
15 47 9
15 48 41
15 49 44
16 17 31
16 18 71
16 19 98
16 20 59
16 21 27
16 22 71
16 23 29
16 24 70
16 25 81
16 26 78
16 27 89
16 28 52
16 29 47
16 30 91
16 31 97
16 32 52
16 33 21
16 34 9
16 35 10
16 36 58
16 37 43
16 38 80
16 39 27
16 40 89
16 41 41
16 42 87
16 43 16
16 44 5
16 45 24
16 46 44
16 47 47
16 48 11
16 49 7
17 18 48
17 19 2
17 20 70
17 21 81
17 22 95
17 23 57
17 24 98
17 25 12
17 26 41
17 27 10
17 28 82
17 29 83
17 30 38
17 31 54
17 32 91
17 33 21
17 34 92
17 35 15
17 36 49
17 37 58
17 38 96
17 39 37
17 40 9
17 41 25
17 42 81
17 43 13
17 44 89
17 45 13
17 46 73
17 47 75
17 48 66
17 49 42
18 19 2
18 20 12
18 21 74
18 22 21
18 23 39
18 24 9
18 25 7
18 26 52
18 27 17
18 28 75
18 29 75
18 30 56
18 31 34
18 32 87
18 33 47
18 34 46
18 35 29
18 36 23
18 37 89
18 38 32
18 39 88
18 40 55
18 41 68
18 42 96
18 43 88
18 44 66
18 45 27
18 46 65
18 47 83
18 48 18
18 49 94
19 20 84
19 21 3
19 22 68
19 23 38
19 24 43
19 25 62
19 26 84
19 27 61
19 28 84
19 29 46
19 30 84
19 31 65
19 32 11
19 33 64
19 34 60
19 35 52
19 36 40
19 37 20
19 38 80
19 39 24
19 40 34
19 41 60
19 42 33
19 43 48
19 44 33
19 45 38
19 46 8
19 47 91
19 48 17
19 49 57
20 21 17
20 22 98
20 23 22
20 24 44
20 25 98
20 26 42
20 27 56
20 28 84
20 29 67
20 30 33
20 31 11
20 32 42
20 33 66
20 34 70
20 35 57
20 36 45
20 37 70
20 38 40
20 39 6
20 40 37
20 41 71
20 42 8
20 43 87
20 44 51
20 45 65
20 46 95
20 47 46
20 48 25
20 49 61
21 22 38
21 23 98
21 24 53
21 25 64
21 26 65
21 27 15
21 28 51
21 29 86
21 30 97
21 31 50
21 32 44
21 33 63
21 34 94
21 35 73
21 36 31
21 37 60
21 38 73
21 39 73
21 40 85
21 41 11
21 42 9
21 43 89
21 44 26
21 45 18
21 46 97
21 47 91
21 48 9
21 49 9
22 23 87
22 24 9
22 25 90
22 26 46
22 27 8
22 28 81
22 29 64
22 30 27
22 31 48
22 32 83
22 33 51
22 34 16
22 35 98
22 36 71
22 37 79
22 38 67
22 39 88
22 40 25
22 41 40
22 42 69
22 43 56
22 44 44
22 45 72
22 46 87
22 47 8
22 48 71
22 49 51
23 24 71
23 25 79
23 26 3
23 27 39
23 28 97
23 29 9
23 30 26
23 31 79
23 32 80
23 33 84
23 34 11
23 35 78
23 36 36
23 37 2
23 38 34
23 39 91
23 40 47
23 41 43
23 42 15
23 43 12
23 44 63
23 45 53
23 46 17
23 47 35
23 48 8
23 49 81
24 25 29
24 26 57
24 27 25
24 28 83
24 29 44
24 30 37
24 31 75
24 32 45
24 33 9
24 34 72
24 35 25
24 36 9
24 37 34
24 38 63
24 39 89
24 40 75
24 41 59
24 42 77
24 43 74
24 44 59
24 45 19
24 46 59
24 47 45
24 48 4
24 49 42
25 26 17
25 27 85
25 28 4
25 29 17
25 30 14
25 31 26
25 32 7
25 33 9
25 34 59
25 35 30
25 36 4
25 37 22
25 38 78
25 39 84
25 40 78
25 41 39
25 42 29
25 43 2
25 44 3
25 45 86
25 46 29
25 47 5
25 48 13
25 49 86
26 27 90
26 28 62
26 29 63
26 30 31
26 31 28
26 32 82
26 33 87
26 34 98
26 35 68
26 36 64
26 37 9
26 38 63
26 39 48
26 40 12
26 41 59
26 42 45
26 43 9
26 44 2
26 45 31
26 46 46
26 47 77
26 48 49
26 49 71
27 28 3
27 29 94
27 30 67
27 31 67
27 32 39
27 33 49
27 34 58
27 35 44
27 36 16
27 37 11
27 38 10
27 39 73
27 40 49
27 41 34
27 42 51
27 43 21
27 44 7
27 45 86
27 46 5
27 47 36
27 48 53
27 49 23
28 29 36
28 30 32
28 31 19
28 32 49
28 33 48
28 34 89
28 35 81
28 36 24
28 37 30
28 38 24
28 39 13
28 40 30
28 41 55
28 42 75
28 43 63
28 44 35
28 45 52
28 46 42
28 47 27
28 48 38
28 49 39
29 30 40
29 31 9
29 32 15
29 33 72
29 34 10
29 35 16
29 36 71
29 37 21
29 38 61
29 39 84
29 40 66
29 41 72
29 42 38
29 43 20
29 44 28
29 45 60
29 46 36
29 47 76
29 48 83
29 49 85
30 31 95
30 32 12
30 33 16
30 34 83
30 35 63
30 36 75
30 37 95
30 38 12
30 39 69
30 40 80
30 41 11
30 42 8
30 43 6
30 44 47
30 45 83
30 46 88
30 47 43
30 48 65
30 49 12
31 32 24
31 33 43
31 34 82
31 35 39
31 36 96
31 37 77
31 38 63
31 39 74
31 40 41
31 41 47
31 42 53
31 43 63
31 44 59
31 45 71
31 46 78
31 47 71
31 48 10
31 49 24
32 33 60
32 34 56
32 35 30
32 36 25
32 37 60
32 38 47
32 39 94
32 40 66
32 41 95
32 42 69
32 43 62
32 44 55
32 45 67
32 46 40
32 47 73
32 48 51
32 49 66
33 34 27
33 35 81
33 36 63
33 37 41
33 38 59
33 39 16
33 40 2
33 41 94
33 42 80
33 43 65
33 44 77
33 45 83
33 46 13
33 47 13
33 48 82
33 49 39
34 35 35
34 36 69
34 37 31
34 38 26
34 39 37
34 40 96
34 41 83
34 42 96
34 43 33
34 44 29
34 45 77
34 46 93
34 47 87
34 48 13
34 49 60
35 36 77
35 37 33
35 38 12
35 39 21
35 40 63
35 41 39
35 42 57
35 43 74
35 44 5
35 45 24
35 46 28
35 47 87
35 48 4
35 49 72
36 37 44
36 38 25
36 39 43
36 40 88
36 41 8
36 42 25
36 43 47
36 44 59
36 45 73
36 46 24
36 47 17
36 48 82
36 49 2
37 38 42
37 39 29
37 40 41
37 41 54
37 42 19
37 43 40
37 44 74
37 45 30
37 46 76
37 47 82
37 48 53
37 49 39
38 39 31
38 40 62
38 41 13
38 42 23
38 43 3
38 44 63
38 45 22
38 46 44
38 47 19
38 48 89
38 49 9
39 40 78
39 41 62
39 42 23
39 43 94
39 44 9
39 45 29
39 46 25
39 47 49
39 48 28
39 49 14
40 41 22
40 42 33
40 43 74
40 44 63
40 45 33
40 46 89
40 47 91
40 48 14
40 49 69
41 42 45
41 43 72
41 44 59
41 45 44
41 46 11
41 47 57
41 48 25
41 49 56
42 43 64
42 44 54
42 45 55
42 46 5
42 47 96
42 48 40
42 49 41
43 44 61
43 45 81
43 46 84
43 47 32
43 48 4
43 49 95
44 45 51
44 46 28
44 47 91
44 48 42
44 49 19
45 46 87
45 47 5
45 48 31
45 49 43
46 47 34
46 48 84
46 49 18
47 48 21
47 49 27
48 49 12