45
0 9 31
0 16 93
0 19 71
0 29 22
0 30 84
0 38 3
1 5 9
1 12 14
1 14 38
1 17 12
1 20 57
1 27 50
1 33 26
1 34 66
1 35 41
1 39 63
1 40 47
1 43 57
2 4 65
2 10 16
2 14 85
2 17 12
2 18 56
2 19 72
2 24 97
2 29 40
2 30 78
2 33 43
2 40 15
2 41 9
3 4 62
3 9 48
3 14 90
3 15 78
3 16 6
3 24 34
3 27 18
3 28 6
3 30 45
3 31 57
3 35 32
3 37 34
3 42 75
4 6 57
4 8 42
4 12 26
4 13 7
4 16 37
4 17 14
4 19 81
4 28 42
4 35 69
4 38 86
5 11 35
5 12 60
5 17 99
5 20 79
5 22 70
5 29 16
5 40 95
6 7 19
6 10 95
6 13 16
6 15 97
6 16 14
6 17 26
6 21 1
6 23 33
6 27 32
6 32 26
6 33 11
6 34 46
6 40 27
6 42 62
6 44 50
7 11 24
7 12 44
7 16 45
7 22 22
7 23 60
7 28 84
7 30 88
7 32 23
7 33 7
8 14 20
8 15 73
8 18 86
8 20 1
8 29 52
8 38 23
8 40 71
9 16 28
9 18 93
9 25 9
9 31 60
9 35 57
9 36 54
9 40 69
9 41 92
9 44 80
10 12 81
10 13 26
10 15 63
10 21 61
10 26 97
10 28 7
10 30 19
10 34 12
10 38 9
10 40 51
10 43 34
11 17 47
11 35 59
11 39 71
11 40 23
11 42 21
12 20 12
12 21 37
12 23 32
12 30 2
12 33 67
12 38 74
12 40 49
13 14 59
13 15 1
13 22 48
13 28 77
13 33 66
13 34 44
13 40 7
13 41 43
14 20 89
14 23 88
14 25 93
14 30 32
14 33 54
14 36 95
14 37 83
15 16 79
15 18 1
15 25 39
15 26 35
15 28 84
15 39 31
16 35 92
17 18 61
17 24 31
17 32 67
17 33 36
17 38 87
17 40 61
18 28 72
18 31 46
18 33 75
18 42 9
19 24 43
19 26 82
19 28 89
19 37 82
19 38 1
19 40 18
19 44 27
20 22 58
20 27 38
20 28 95
20 30 10
20 41 58
20 44 92
21 25 2
21 27 93
21 32 25
21 44 44
22 24 65
22 27 93
22 30 89
22 38 8
22 39 71
23 29 62
23 30 44
23 32 97
23 43 86
23 44 16
24 34 87
24 42 85
25 34 4
25 37 43
25 38 68
25 40 19
25 42 89
26 29 27
26 30 62
26 34 59
26 35 20
26 36 95
27 31 81
27 36 14
27 38 61
28 31 7
28 38 79
29 32 16
29 37 80
30 34 91
30 36 17
30 44 16
31 32 30
31 35 8
31 40 89
32 38 30
32 39 66
33 43 72
34 38 67
34 42 12
35 44 56
36 40 40
36 41 2
36 42 80
37 40 13
41 42 69
41 44 49