50
0 1 97.37
0 2 41.25
0 49 66.28
1 2 74.15
1 3 21.91
2 3 1.31
2 4 65.14
3 4 50.73
3 5 69.21
4 5 79.3
4 6 98.68
5 6 72.8
5 7 89.84
6 7 29.16
6 8 25.73
7 8 99.33
7 9 63.59
8 9 28.87
8 10 33.85
9 10 57.38
9 11 36.1
10 11 98.1
10 12 76.94
11 12 9.66
11 13 38.75
12 13 99.95
12 14 4.67
13 14 50.68
13 15 7.65
14 15 97.81
14 16 45.86
15 16 90.1
15 17 76.01
16 17 83.09
16 18 66.47
17 18 44.21
17 19 45.29
18 19 61.87
18 20 40.92
19 20 42.88
19 21 5.17
20 21 16.23
20 22 46.36
21 22 8.06
21 23 88.17
22 23 82.87
22 24 67.01
23 24 69.39
23 25 20.09
24 25 46.46
24 26 15.8
25 26 92.39
25 27 54.41
26 27 94.39
26 28 95.53
27 28 61.55
27 29 10.75
28 29 35.6
28 30 18.7
29 30 53.74
29 31 38.71
30 31 67.99
30 32 31.6
31 32 23.32
31 33 68.21
32 33 28.38
32 34 43.75
33 34 1.65
33 35 38.77
34 35 86.25
34 36 14.94
35 36 60.29
35 37 12.77
36 37 38.79
36 38 56.62
37 38 15.17
37 39 71.17
38 39 0.46
38 40 3.65
39 40 23.86
39 41 55.27
40 41 15.3
40 42 68.96
41 42 19.26
41 43 45.49
42 43 76.24
42 44 81.81
43 44 79.91
43 45 21.2
44 45 27.07
44 46 33.14
45 46 81.67
45 47 38.3
46 47 94.19
46 48 34.54
47 48 69.82
47 49 12.18
