45
0 1 24
0 2 71
0 3 77
0 4 43
0 5 24
0 6 30
0 7 30
0 8 6
0 9 68
0 10 84
0 11 18
0 12 87
0 13 50
0 14 82
0 15 2
0 16 65
0 17 15
0 18 48
0 19 93
0 20 1
0 21 13
0 22 87
0 23 23
0 24 73
0 25 32
0 26 29
0 27 75
0 28 55
0 29 55
0 30 13
0 31 79
0 32 75
0 33 23
0 34 26
0 35 63
0 36 4
0 37 18
0 38 1
0 39 89
0 40 73
0 41 71
0 42 7
0 43 66
0 44 63
1 2 21
1 3 20
1 4 19
1 5 37
1 6 65
1 7 88
1 8 66
1 9 65
1 10 80
1 11 7
1 12 36
1 13 87
1 14 15
1 15 48
1 16 84
1 17 43
1 18 67
1 19 48
1 20 10
1 21 70
1 22 73
1 23 4
1 24 34
1 25 30
1 26 83
1 27 16
1 28 53
1 29 43
1 30 58
1 31 65
1 32 63
1 33 25
1 34 28
1 35 13
1 36 2
1 37 54
1 38 90
1 39 28
1 40 52
1 41 79
1 42 96
1 43 89
1 44 58
2 3 82
2 4 29
2 5 43
2 6 44
2 7 33
2 8 88
2 9 59
2 10 56
2 11 15
2 12 94
2 13 54
2 14 62
2 15 96
2 16 31
2 17 76
2 18 37
2 19 21
2 20 23
2 21 38
2 22 95
2 23 35
2 24 60
2 25 40
2 26 67
2 27 47
2 28 61
2 29 80
2 30 61
2 31 24
2 32 96
2 33 61
2 34 86
2 35 68
2 36 43
2 37 45
2 38 47
2 39 6
2 40 48
2 41 63
2 42 42
2 43 29
2 44 8
3 4 59
3 5 33
3 6 79
3 7 21
3 8 92
3 9 19
3 10 34
3 11 87
3 12 52
3 13 93
3 14 17
3 15 92
3 16 78
3 17 24
3 18 57
3 19 59
3 20 23
3 21 83
3 22 29
3 23 74
3 24 87
3 25 50
3 26 25
3 27 81
3 28 50
3 29 2
3 30 12
3 31 76
3 32 11
3 33 28
3 34 19
3 35 95
3 36 49
3 37 86
3 38 96
3 39 90
3 40 67
3 41 52
3 42 44
3 43 48
3 44 3
4 5 45
4 6 3
4 7 32
4 8 38
4 9 80
4 10 66
4 11 85
4 12 24
4 13 76
4 14 12
4 15 33
4 16 98
4 17 81
4 18 59
4 19 70
4 20 4
4 21 7
4 22 66
4 23 94
4 24 90
4 25 33
4 26 20
4 27 5
4 28 94
4 29 12
4 30 46
4 31 73
4 32 52
4 33 53
4 34 76
4 35 22
4 36 40
4 37 49
4 38 75
4 39 48
4 40 44
4 41 49
4 42 85
4 43 67
4 44 41
5 6 89
5 7 97
5 8 42
5 9 81
5 10 26
5 11 37
5 12 73
5 13 73
5 14 61
5 15 22
5 16 72
5 17 15
5 18 2
5 19 40
5 20 88
5 21 43
5 22 40
5 23 72
5 24 47
5 25 86
5 26 15
5 27 8
5 28 46
5 29 62
5 30 58
5 31 16
5 32 12
5 33 25
5 34 76
5 35 13
5 36 27
5 37 55
5 38 26
5 39 94
5 40 37
5 41 29
5 42 77
5 43 81
5 44 36
6 7 84
6 8 99
6 9 50
6 10 53
6 11 94
6 12 73
6 13 35
6 14 96
6 15 71
6 16 94
6 17 39
6 18 32
6 19 38
6 20 35
6 21 42
6 22 17
6 23 4
6 24 88
6 25 35
6 26 32
6 27 42
6 28 32
6 29 19
6 30 52
6 31 41
6 32 52
6 33 51
6 34 36
6 35 15
6 36 47
6 37 50
6 38 28
6 39 18
6 40 31
6 41 4
6 42 81
6 43 50
6 44 14
7 8 26
7 9 61
7 10 93
7 11 60
7 12 47
7 13 43
7 14 17
7 15 16
7 16 44
7 17 49
7 18 82
7 19 6
7 20 61
7 21 5
7 22 48
7 23 81
7 24 38
7 25 3
7 26 27
7 27 94
7 28 96
7 29 93
7 30 64
7 31 89
7 32 52
7 33 62
7 34 27
7 35 25
7 36 10
7 37 5
7 38 80
7 39 40
7 40 37
7 41 13
7 42 55
7 43 67
7 44 70
8 9 83
8 10 17
8 11 39
8 12 82
8 13 77
8 14 24
8 15 75
8 16 41
8 17 37
8 18 77
8 19 90
8 20 41
8 21 97
8 22 61
8 23 41
8 24 68
8 25 3
8 26 74
8 27 53
8 28 63
8 29 14
8 30 48
8 31 79
8 32 15
8 33 28
8 34 82
8 35 46
8 36 51
8 37 96
8 38 26
8 39 8
8 40 19
8 41 98
8 42 70
8 43 72
8 44 31
9 10 43
9 11 66
9 12 25
9 13 2
9 14 62
9 15 98
9 16 43
9 17 38
9 18 37
9 19 32
9 20 75
9 21 3
9 22 62
9 23 31
9 24 62
9 25 23
9 26 13
9 27 55
9 28 22
9 29 92
9 30 66
9 31 73
9 32 2
9 33 81
9 34 63
9 35 35
9 36 9
9 37 21
9 38 82
9 39 23
9 40 38
9 41 21
9 42 3
9 43 67
9 44 88
10 11 48
10 12 59
10 13 71
10 14 49
10 15 41
10 16 32
10 17 42
10 18 71
10 19 1
10 20 70
10 21 60
10 22 16
10 23 19
10 24 44
10 25 66
10 26 88
10 27 57
10 28 2
10 29 46
10 30 47
10 31 53
10 32 56
10 33 36
10 34 35
10 35 27
10 36 19
10 37 91
10 38 87
10 39 95
10 40 45
10 41 76
10 42 2
10 43 13
10 44 49
11 12 69
11 13 44
11 14 5
11 15 11
11 16 46
11 17 4
11 18 51
11 19 9
11 20 67
11 21 83
11 22 17
11 23 73
11 24 37
11 25 33
11 26 19
11 27 9
11 28 23
11 29 97
11 30 65
11 31 99
11 32 56
11 33 21
11 34 16
11 35 22
11 36 54
11 37 90
11 38 65
11 39 32
11 40 82
11 41 59
11 42 95
11 43 17
11 44 76
12 13 15
12 14 84
12 15 44
12 16 22
12 17 43
12 18 69
12 19 31
12 20 41
12 21 66
12 22 2
12 23 13
12 24 78
12 25 22
12 26 68
12 27 74
12 28 16
12 29 26
12 30 96
12 31 37
12 32 27
12 33 93
12 34 46
12 35 57
12 36 97
12 37 24
12 38 59
12 39 63
12 40 2
12 41 11
12 42 66
12 43 81
12 44 54
13 14 11
13 15 89
13 16 13
13 17 48
13 18 52
13 19 34
13 20 47
13 21 11
13 22 6
13 23 69
13 24 18
13 25 97
13 26 77
13 27 95
13 28 12
13 29 82
13 30 76
13 31 73
13 32 30
13 33 83
13 34 27
13 35 28
13 36 49
13 37 54
13 38 67
13 39 95
13 40 2
13 41 7
13 42 31
13 43 42
13 44 68
14 15 47
14 16 30
14 17 67
14 18 3
14 19 68
14 20 67
14 21 22
14 22 70
14 23 10
14 24 9
14 25 54
14 26 37
14 27 20
14 28 84
14 29 23
14 30 52
14 31 28
14 32 52
14 33 48
14 34 10
14 35 30
14 36 62
14 37 83
14 38 56
14 39 69
14 40 52
14 41 1
14 42 54
14 43 45
14 44 97
15 16 73
15 17 49
15 18 25
15 19 23
15 20 24
15 21 70
15 22 68
15 23 62
15 24 23
15 25 69
15 26 36
15 27 60
15 28 98
15 29 38
15 30 41
15 31 14
15 32 52
15 33 47
15 34 88
15 35 98
15 36 4
15 37 35
15 38 88
15 39 48
15 40 72
15 41 78
15 42 18
15 43 50
15 44 89
16 17 18
16 18 92
16 19 92
16 20 10
16 21 31
16 22 58
16 23 53
16 24 29
16 25 87
16 26 76
16 27 74
16 28 32
16 29 25
16 30 71
16 31 23
16 32 39
16 33 45
16 34 60
16 35 82
16 36 93
16 37 88
16 38 46
16 39 92
16 40 2
16 41 21
16 42 69
16 43 4
16 44 9
17 18 96
17 19 50
17 20 56
17 21 22
17 22 6
17 23 96
17 24 47
17 25 92
17 26 53
17 27 80
17 28 98
17 29 43
17 30 14
17 31 66
17 32 92
17 33 52
17 34 96
17 35 75
17 36 70
17 37 31
17 38 83
17 39 19
17 40 81
17 41 62
17 42 81
17 43 77
17 44 7
18 19 11
18 20 76
18 21 66
18 22 89
18 23 47
18 24 90
18 25 13
18 26 74
18 27 57
18 28 78
18 29 53
18 30 25
18 31 97
18 32 87
18 33 79
18 34 23
18 35 87
18 36 95
18 37 30
18 38 2
18 39 79
18 40 97
18 41 90
18 42 74
18 43 24
18 44 33
19 20 1
19 21 72
19 22 44
19 23 70
19 24 88
19 25 39
19 26 97
19 27 96
19 28 80
19 29 74
19 30 89
19 31 88
19 32 93
19 33 6
19 34 34
19 35 60
19 36 65
19 37 34
19 38 54
19 39 62
19 40 71
19 41 84
19 42 9
19 43 24
19 44 9
20 21 71
20 22 43
20 23 78
20 24 35
20 25 26
20 26 76
20 27 42
20 28 69
20 29 32
20 30 4
20 31 97
20 32 23
20 33 88
20 34 84
20 35 44
20 36 78
20 37 46
20 38 21
20 39 99
20 40 59
20 41 53
20 42 22
20 43 97
20 44 96
21 22 18
21 23 59
21 24 20
21 25 73
21 26 59
21 27 6
21 28 67
21 29 3
21 30 68
21 31 72
21 32 79
21 33 36
21 34 39
21 35 28
21 36 59
21 37 98
21 38 41
21 39 14
21 40 81
21 41 13
21 42 71
21 43 30
21 44 9
22 23 44
22 24 28
22 25 43
22 26 81
22 27 87
22 28 86
22 29 64
22 30 78
22 31 91
22 32 3
22 33 16
22 34 5
22 35 26
22 36 31
22 37 23
22 38 82
22 39 98
22 40 99
22 41 81
22 42 66
22 43 92
22 44 24
23 24 80
23 25 28
23 26 57
23 27 81
23 28 7
23 29 91
23 30 13
23 31 42
23 32 2
23 33 33
23 34 45
23 35 10
23 36 13
23 37 98
23 38 97
23 39 5
23 40 1
23 41 48
23 42 11
23 43 45
23 44 5
24 25 72
24 26 91
24 27 14
24 28 75
24 29 73
24 30 31
24 31 7
24 32 5
24 33 41
24 34 5
24 35 70
24 36 71
24 37 69
24 38 7
24 39 22
24 40 84
24 41 12
24 42 34
24 43 70
24 44 6
25 26 94
25 27 24
25 28 34
25 29 35
25 30 18
25 31 88
25 32 76
25 33 58
25 34 18
25 35 81
25 36 85
25 37 9
25 38 54
25 39 28
25 40 3
25 41 60
25 42 46
25 43 11
25 44 42
26 27 71
26 28 35
26 29 7
26 30 71
26 31 59
26 32 66
26 33 49
26 34 36
26 35 51
26 36 91
26 37 18
26 38 86
26 39 62
26 40 42
26 41 77
26 42 19
26 43 31
26 44 92
27 28 18
27 29 68
27 30 29
27 31 40
27 32 38
27 33 31
27 34 38
27 35 99
27 36 94
27 37 91
27 38 38
27 39 19
27 40 36
27 41 1
27 42 30
27 43 29
27 44 71
28 29 7
28 30 91
28 31 94
28 32 92
28 33 29
28 34 58
28 35 27
28 36 36
28 37 24
28 38 8
28 39 63
28 40 10
28 41 3
28 42 13
28 43 90
28 44 78
29 30 78
29 31 18
29 32 11
29 33 80
29 34 3
29 35 58
29 36 78
29 37 80
29 38 38
29 39 85
29 40 80
29 41 8
29 42 93
29 43 37
29 44 69
30 31 33
30 32 80
30 33 72
30 34 48
30 35 31
30 36 11
30 37 21
30 38 66
30 39 64
30 40 44
30 41 20
30 42 46
30 43 93
30 44 56
31 32 7
31 33 97
31 34 34
31 35 73
31 36 65
31 37 22
31 38 18
31 39 20
31 40 54
31 41 83
31 42 50
31 43 45
31 44 62
32 33 11
32 34 80
32 35 18
32 36 81
32 37 18
32 38 6
32 39 6
32 40 88
32 41 90
32 42 45
32 43 58
32 44 56
33 34 4
33 35 99
33 36 20
33 37 48
33 38 24
33 39 11
33 40 18
33 41 71
33 42 49
33 43 72
33 44 12
34 35 67
34 36 84
34 37 79
34 38 63
34 39 32
34 40 89
34 41 31
34 42 26
34 43 52
34 44 51
35 36 82
35 37 91
35 38 47
35 39 85
35 40 35
35 41 74
35 42 91
35 43 4
35 44 91
36 37 6
36 38 86
36 39 66
36 40 28
36 41 89
36 42 86
36 43 32
36 44 8
37 38 86
37 39 84
37 40 30
37 41 31
37 42 31
37 43 75
37 44 18
38 39 11
38 40 19
38 41 64
38 42 61
38 43 75
38 44 89
39 40 43
39 41 60
39 42 45
39 43 67
39 44 16
40 41 55
40 42 28
40 43 63
40 44 74
41 42 61
41 43 86
41 44 16
42 43 84
42 44 1
43 44 77