48
0 1 35
0 2 21
0 6 80
0 9 30
0 11 98
0 12 36
0 13 78
0 16 75
0 19 22
0 20 45
0 23 44
0 25 95
0 26 80
0 29 13
0 30 72
0 33 37
0 34 30
0 35 16
0 36 10
0 38 50
0 39 1
0 41 85
0 44 85
0 47 66
1 2 9
1 3 19
1 5 47
1 7 33
1 9 51
1 10 61
1 14 93
1 16 44
1 18 12
1 21 13
1 24 84
1 30 50
1 34 67
1 37 57
1 40 37
1 47 57
2 4 78
2 5 74
2 8 14
2 10 13
2 13 57
2 19 13
2 23 42
2 24 20
2 26 20
2 28 41
2 30 51
2 33 17
2 38 93
2 42 2
2 43 25
2 44 96
3 4 34
3 7 5
3 11 48
3 13 86
3 14 42
3 15 87
3 16 2
3 17 43
3 18 88
3 20 2
3 23 13
3 27 28
3 28 19
3 30 82
3 34 67
3 37 23
3 39 16
3 40 47
3 42 53
3 43 73
3 46 7
4 7 71
4 9 77
4 17 96
4 18 41
4 21 3
4 23 93
4 30 58
4 32 32
4 34 7
4 38 58
4 40 49
4 44 23
4 45 83
5 6 75
5 7 94
5 12 98
5 13 22
5 14 29
5 15 99
5 16 19
5 22 32
5 23 51
5 28 22
5 29 96
5 34 51
5 39 48
5 43 10
6 9 83
6 10 17
6 11 59
6 13 45
6 15 89
6 17 53
6 19 22
6 22 28
6 31 96
6 32 6
6 36 5
6 37 40
6 41 23
6 44 55
6 45 99
7 10 28
7 12 64
7 13 96
7 14 20
7 17 79
7 18 53
7 20 48
7 21 67
7 22 10
7 23 20
7 24 74
7 28 95
7 30 63
7 31 6
7 34 46
7 36 92
7 38 52
7 39 26
7 47 97
8 11 88
8 18 40
8 19 50
8 22 34
8 23 8
8 29 45
8 30 25
8 31 16
8 32 68
8 33 42
8 34 82
8 37 95
8 38 6
8 40 84
8 43 13
9 12 61
9 15 75
9 20 95
9 21 41
9 27 42
9 30 63
9 39 23
9 42 38
9 47 29
10 11 73
10 13 84
10 14 95
10 19 61
10 21 96
10 24 75
10 25 46
10 27 70
10 29 26
10 31 42
10 33 36
10 35 1
10 38 59
10 39 64
10 42 44
11 16 12
11 17 89
11 18 55
11 19 59
11 20 17
11 21 41
11 23 9
11 25 57
11 30 19
11 32 73
11 33 14
11 35 88
11 38 15
11 39 5
11 40 20
12 13 35
12 17 8
12 18 90
12 21 41
12 22 54
12 31 75
12 32 12
12 37 57
12 38 90
12 40 74
12 41 88
12 42 18
12 45 99
13 15 24
13 19 27
13 28 83
13 31 56
13 37 35
13 43 11
13 44 88
13 45 42
14 18 26
14 22 27
14 24 95
14 28 34
14 30 2
14 31 70
14 33 64
14 35 41
14 36 11
14 38 82
14 42 74
14 43 66
14 44 9
14 45 93
15 16 85
15 17 79
15 22 19
15 24 82
15 28 89
15 29 54
15 30 22
15 31 12
15 33 68
15 38 59
15 41 11
15 44 19
15 45 56
16 17 51
16 18 78
16 20 95
16 22 6
16 24 50
16 25 91
16 29 68
16 31 6
16 33 69
16 35 24
16 36 58
16 37 60
16 40 95
16 44 89
16 45 64
16 47 30
17 20 10
17 22 21
17 32 33
17 34 58
17 35 54
17 41 1
17 46 73
17 47 8
18 23 18
18 24 76
18 25 53
18 27 60
18 28 10
18 36 2
18 42 99
18 43 40
18 44 91
18 46 45
19 20 57
19 21 71
19 26 69
19 27 71
19 29 24
19 33 13
19 34 8
19 38 84
19 41 79
19 44 99
19 45 95
19 47 67
20 29 46
20 32 15
20 36 88
20 39 24
20 43 11
21 29 2
21 32 32
21 33 54
21 34 35
21 35 17
21 41 29
22 23 96
22 24 36
22 25 36
22 27 61
22 30 35
22 33 11
22 34 31
22 40 52
22 41 20
22 42 61
22 43 89
22 47 96
23 25 37
23 27 68
23 28 93
23 29 39
23 32 82
23 35 88
23 38 29
23 41 50
23 42 49
24 27 4
24 32 96
24 33 11
24 35 44
24 36 67
24 41 21
24 46 57
24 47 20
25 32 49
25 33 27
25 43 7
25 45 82
26 29 34
26 30 70
26 31 77
26 33 61
26 38 3
26 41 29
26 47 96
27 33 9
27 34 14
27 35 3
27 38 90
27 41 86
27 47 19
28 31 95
28 32 93
28 35 83
28 47 49
29 31 91
29 32 24
29 35 91
29 41 96
29 42 59
29 47 71
30 31 88
30 32 58
30 40 45
30 45 5
30 47 37
31 33 92
31 35 70
31 36 83
31 37 93
31 41 76
31 43 77
32 34 27
32 36 25
32 37 18
32 43 6
33 36 42
33 37 96
33 38 85
33 40 45
33 42 53
33 43 59
33 44 34
33 46 65
34 39 93
34 42 2
34 44 37
34 47 15
35 37 29
35 38 8
35 41 32
35 43 60
35 44 60
35 46 6
36 37 51
36 39 38
36 47 11
37 39 40
37 42 40
37 46 86
38 39 80
38 40 21
38 41 48
38 42 44
38 45 75
38 46 94
39 41 47
39 43 18
39 44 71
40 41 48
40 43 88
40 44 49
40 46 55
41 45 9
41 46 81
41 47 66
43 46 62