45
0 1 0.25
1 2 0.5
1 4 0.65
1 19 2.56
2 0 0.45
2 3 1.5
0 15 1.25
3 4 0.25
4 5 0.45
3 2 0.5
13 21 1.11
6 15 0.75
3 12 0.15
15 17 0.25
9 6 0.69
6 9 0.69
10 16 0.72
22 24 0.13
3 19 1.79
18 6 2.34
7 17 1.16
1 4 0.31
2 8 0.87
11 23 2.4
2 17 1.89
14 22 0.67
7 3 0.15
10 11 0.25
16 12 0.5
3 18 0.75
19 2 0.75
12 18 1.5
9 13 1.25
14 12 0.24
5 16 0.95
17 19 0.15
20 21 0.10
22 23 0.10
23 2 1.5
23 6 0.25
4 17 3.45
5 20 2.33
8 9 0.10
8 17 0.25
17 14 2.12
17 2 3.01
19 21 0.5
20 4 0.75
5 7 0.13
24 16 0.75
17 15 1.5
15 6 0.25
13 24 0.33
11 9 0.45
25 26 0.22
6 25 0.97
26 1 4.25
9 26 0.67
27 22 2.5
7 27 2.11
28 16 1.65
12 28 1.22
29 26 0.56
24 29 0.88
30 20 0.85
31 30 0.5
32 31 1.05
33 14 1.25
38 33 0.22
34 25 2.45
18 34 1.18
35 32 0.5
36 35 0.91
37 4 2.75
0 37 3.88
38 6 0.95
39 17 2.25
1 39 4.00
40 14 0.69
2 40 3.89
41 37 0.69
23 41 2.19
42 36 0.72
43 42 0.13
26 43 0.77
44 19 1.79
4 44 0.34
7 42 0.97
