48
0 1 73
0 2 10
0 3 22
0 4 94
0 5 69
0 6 70
0 7 19
0 8 18
0 9 75
0 10 74
0 11 24
0 12 63
0 13 36
0 14 5
0 15 58
0 16 88
0 17 15
0 18 56
0 19 95
0 20 18
0 21 33
0 22 70
0 23 78
0 24 49
0 25 80
0 26 94
0 27 27
0 28 39
0 29 49
0 30 38
0 31 49
0 32 50
0 33 67
0 34 64
0 35 97
0 36 40
0 37 65
0 38 46
0 39 43
0 40 40
0 41 58
0 42 52
0 43 25
0 44 5
0 45 84
0 46 43
0 47 36
1 2 34
1 3 13
1 4 50
1 5 89
1 6 23
1 7 20
1 8 91
1 9 33
1 10 13
1 11 2
1 12 58
1 13 6
1 14 32
1 15 76
1 16 95
1 17 96
1 18 56
1 19 55
1 20 40
1 21 9
1 22 27
1 23 52
1 24 25
1 25 23
1 26 85
1 27 27
1 28 8
1 29 36
1 30 82
1 31 56
1 32 85
1 33 97
1 34 33
1 35 7
1 36 38
1 37 59
1 38 27
1 39 47
1 40 54
1 41 80
1 42 24
1 43 79
1 44 28
1 45 42
1 46 50
1 47 79
2 3 21
2 4 85
2 5 16
2 6 73
2 7 39
2 8 63
2 9 97
2 10 4
2 11 9
2 12 48
2 13 99
2 14 80
2 15 47
2 16 28
2 17 3
2 18 89
2 19 6
2 20 96
2 21 32
2 22 66
2 23 99
2 24 92
2 25 94
2 26 67
2 27 80
2 28 98
2 29 93
2 30 13
2 31 3
2 32 57
2 33 45
2 34 7
2 35 9
2 36 95
2 37 4
2 38 20
2 39 41
2 40 49
2 41 68
2 42 97
2 43 74
2 44 59
2 45 37
2 46 22
2 47 75
3 4 59
3 5 55
3 6 54
3 7 69
3 8 7
3 9 37
3 10 14
3 11 69
3 12 19
3 13 81
3 14 29
3 15 96
3 16 10
3 17 19
3 18 71
3 19 28
3 20 33
3 21 86
3 22 95
3 23 92
3 24 54
3 25 78
3 26 84
3 27 34
3 28 94
3 29 30
3 30 41
3 31 82
3 32 45
3 33 52
3 34 26
3 35 46
3 36 97
3 37 70
3 38 36
3 39 59
3 40 79
3 41 40
3 42 83
3 43 28
3 44 68
3 45 14
3 46 69
3 47 50
4 5 41
4 6 4
4 7 60
4 8 63
4 9 78
4 10 77
4 11 97
4 12 1
4 13 70
4 14 68
4 15 75
4 16 39
4 17 23
4 18 44
4 19 97
4 20 51
4 21 59
4 22 78
4 23 94
4 24 43
4 25 58
4 26 19
4 27 14
4 28 39
4 29 23
4 30 42
4 31 69
4 32 42
4 33 95
4 34 45
4 35 6
4 36 19
4 37 92
4 38 17
4 39 14
4 40 13
4 41 84
4 42 84
4 43 66
4 44 23
4 45 36
4 46 65
4 47 30
5 6 56
5 7 49
5 8 48
5 9 88
5 10 43
5 11 56
5 12 30
5 13 88
5 14 50
5 15 43
5 16 65
5 17 83
5 18 98
5 19 36
5 20 84
5 21 89
5 22 49
5 23 69
5 24 9
5 25 13
5 26 59
5 27 45
5 28 73
5 29 28
5 30 45
5 31 83
5 32 29
5 33 86
5 34 21
5 35 10
5 36 58
5 37 44
5 38 7
5 39 9
5 40 3
5 41 24
5 42 32
5 43 22
5 44 80
5 45 74
5 46 88
5 47 47
6 7 8
6 8 77
6 9 32
6 10 86
6 11 64
6 12 34
6 13 78
6 14 21
6 15 46
6 16 34
6 17 35
6 18 46
6 19 66
6 20 33
6 21 61
6 22 43
6 23 23
6 24 8
6 25 45
6 26 17
6 27 10
6 28 87
6 29 15
6 30 25
6 31 30
6 32 16
6 33 51
6 34 50
6 35 44
6 36 60
6 37 32
6 38 96
6 39 5
6 40 43
6 41 70
6 42 88
6 43 5
6 44 57
6 45 71
6 46 64
6 47 19
7 8 64
7 9 68
7 10 71
7 11 6
7 12 86
7 13 77
7 14 64
7 15 99
7 16 66
7 17 44
7 18 85
7 19 1
7 20 45
7 21 33
7 22 29
7 23 9
7 24 39
7 25 29
7 26 41
7 27 78
7 28 66
7 29 15
7 30 28
7 31 55
7 32 82
7 33 60
7 34 61
7 35 73
7 36 7
7 37 11
7 38 47
7 39 86
7 40 43
7 41 81
7 42 85
7 43 44
7 44 61
7 45 38
7 46 88
7 47 38
8 9 40
8 10 16
8 11 59
8 12 61
8 13 18
8 14 92
8 15 93
8 16 94
8 17 40
8 18 12
8 19 5
8 20 85
8 21 41
8 22 94
8 23 61
8 24 49
8 25 66
8 26 47
8 27 42
8 28 12
8 29 24
8 30 12
8 31 42
8 32 49
8 33 20
8 34 19
8 35 20
8 36 60
8 37 55
8 38 30
8 39 62
8 40 68
8 41 81
8 42 25
8 43 62
8 44 90
8 45 16
8 46 83
8 47 48
9 10 23
9 11 22
9 12 99
9 13 22
9 14 48
9 15 41
9 16 19
9 17 14
9 18 10
9 19 29
9 20 70
9 21 32
9 22 8
9 23 69
9 24 69
9 25 60
9 26 66
9 27 71
9 28 9
9 29 1
9 30 53
9 31 11
9 32 54
9 33 92
9 34 34
9 35 7
9 36 77
9 37 14
9 38 88
9 39 58
9 40 34
9 41 17
9 42 40
9 43 43
9 44 99
9 45 30
9 46 96
9 47 88
10 11 31
10 12 34
10 13 95
10 14 11
10 15 45
10 16 12
10 17 21
10 18 79
10 19 42
10 20 63
10 21 80
10 22 40
10 23 63
10 24 33
10 25 57
10 26 34
10 27 30
10 28 60
10 29 16
10 30 25
10 31 3
10 32 55
10 33 44
10 34 88
10 35 60
10 36 76
10 37 48
10 38 34
10 39 47
10 40 99
10 41 29
10 42 88
10 43 46
10 44 26
10 45 11
10 46 97
10 47 13
11 12 94
11 13 94
11 14 2
11 15 3
11 16 1
11 17 71
11 18 70
11 19 98
11 20 83
11 21 88
11 22 71
11 23 77
11 24 6
11 25 59
11 26 64
11 27 46
11 28 53
11 29 67
11 30 54
11 31 68
11 32 35
11 33 71
11 34 17
11 35 49
11 36 81
11 37 1
11 38 48
11 39 16
11 40 2
11 41 4
11 42 90
11 43 67
11 44 63
11 45 98
11 46 74
11 47 95
12 13 66
12 14 6
12 15 73
12 16 60
12 17 33
12 18 41
12 19 65
12 20 24
12 21 78
12 22 49
12 23 11
12 24 95
12 25 64
12 26 14
12 27 51
12 28 98
12 29 38
12 30 49
12 31 52
12 32 30
12 33 41
12 34 77
12 35 78
12 36 44
12 37 58
12 38 44
12 39 83
12 40 77
12 41 41
12 42 57
12 43 4
12 44 43
12 45 3
12 46 69
12 47 73
13 14 5
13 15 28
13 16 63
13 17 72
13 18 13
13 19 82
13 20 27
13 21 94
13 22 26
13 23 61
13 24 5
13 25 79
13 26 80
13 27 70
13 28 8
13 29 9
13 30 92
13 31 61
13 32 36
13 33 77
13 34 28
13 35 86
13 36 50
13 37 16
13 38 59
13 39 28
13 40 37
13 41 26
13 42 59
13 43 6
13 44 9
13 45 16
13 46 72
13 47 65
14 15 69
14 16 80
14 17 70
14 18 61
14 19 15
14 20 18
14 21 11
14 22 1
14 23 68
14 24 41
14 25 32
14 26 19
14 27 20
14 28 74
14 29 98
14 30 76
14 31 28
14 32 66
14 33 69
14 34 12
14 35 93
14 36 22
14 37 19
14 38 28
14 39 45
14 40 17
14 41 9
14 42 23
14 43 13
14 44 91
14 45 1
14 46 54
14 47 69
15 16 50
15 17 88
15 18 96
15 19 56
15 20 33
15 21 21
15 22 15
15 23 81
15 24 15
15 25 13
15 26 36
15 27 91
15 28 9
15 29 86
15 30 89
15 31 2
15 32 25
15 33 1
15 34 31
15 35 50
15 36 46
15 37 45
15 38 14
15 39 23
15 40 61
15 41 82
15 42 30
15 43 91
15 44 57
15 45 46
15 46 57
15 47 8
16 17 42
16 18 34
16 19 37
16 20 57
16 21 92
16 22 13
16 23 46
16 24 1
16 25 84
16 26 4
16 27 33
16 28 51
16 29 56
16 30 62
16 31 68
16 32 43
16 33 92
16 34 41
16 35 68
16 36 74
16 37 92
16 38 84
16 39 83
16 40 93
16 41 43
16 42 22
16 43 52
16 44 5
16 45 68
16 46 72
16 47 32
17 18 80
17 19 58
17 20 36
17 21 44
17 22 11
17 23 69
17 24 93
17 25 24
17 26 42
17 27 70
17 28 98
17 29 47
17 30 48
17 31 40
17 32 16
17 33 67
17 34 62
17 35 63
17 36 56
17 37 53
17 38 45
17 39 62
17 40 8
17 41 53
17 42 50
17 43 77
17 44 78
17 45 46
17 46 99
17 47 70
18 19 80
18 20 26
18 21 24
18 22 7
18 23 94
18 24 58
18 25 22
18 26 76
18 27 60
18 28 90
18 29 87
18 30 16
18 31 98
18 32 62
18 33 33
18 34 19
18 35 41
18 36 56
18 37 50
18 38 83
18 39 22
18 40 98
18 41 59
18 42 8
18 43 44
18 44 89
18 45 70
18 46 31
18 47 99
19 20 36
19 21 20
19 22 73
19 23 73
19 24 18
19 25 63
19 26 50
19 27 23
19 28 16
19 29 67
19 30 55
19 31 97
19 32 39
19 33 26
19 34 90
19 35 65
19 36 83
19 37 45
19 38 52
19 39 58
19 40 76
19 41 51
19 42 55
19 43 10
19 44 41
19 45 64
19 46 54
19 47 55
20 21 46
20 22 53
20 23 73
20 24 15
20 25 89
20 26 90
20 27 76
20 28 15
20 29 67
20 30 12
20 31 67
20 32 16
20 33 56
20 34 7
20 35 83
20 36 24
20 37 20
20 38 54
20 39 60
20 40 39
20 41 49
20 42 17
20 43 31
20 44 67
20 45 46
20 46 75
20 47 66
21 22 96
21 23 66
21 24 50
21 25 95
21 26 71
21 27 53
21 28 58
21 29 89
21 30 3
21 31 64
21 32 76
21 33 59
21 34 65
21 35 1
21 36 89
21 37 12
21 38 92
21 39 28
21 40 2
21 41 31
21 42 43
21 43 60
21 44 57
21 45 96
21 46 57
21 47 71
22 23 27
22 24 41
22 25 68
22 26 61
22 27 20
22 28 77
22 29 4
22 30 23
22 31 53
22 32 58
22 33 19
22 34 25
22 35 38
22 36 82
22 37 19
22 38 31
22 39 79
22 40 37
22 41 56
22 42 27
22 43 36
22 44 94
22 45 63
22 46 90
22 47 13
23 24 96
23 25 95
23 26 3
23 27 35
23 28 93
23 29 99
23 30 12
23 31 65
23 32 60
23 33 11
23 34 48
23 35 74
23 36 36
23 37 13
23 38 53
23 39 12
23 40 62
23 41 48
23 42 63
23 43 56
23 44 90
23 45 20
23 46 83
23 47 59
24 25 78
24 26 48
24 27 66
24 28 39
24 29 3
24 30 46
24 31 9
24 32 80
24 33 96
24 34 79
24 35 71
24 36 15
24 37 9
24 38 63
24 39 1
24 40 38
24 41 51
24 42 40
24 43 80
24 44 91
24 45 3
24 46 45
24 47 31
25 26 53
25 27 2
25 28 73
25 29 89
25 30 36
25 31 77
25 32 52
25 33 81
25 34 57
25 35 90
25 36 49
25 37 52
25 38 64
25 39 92
25 40 14
25 41 22
25 42 75
25 43 42
25 44 93
25 45 39
25 46 88
25 47 16
26 27 1
26 28 62
26 29 7
26 30 13
26 31 76
26 32 21
26 33 90
26 34 76
26 35 77
26 36 28
26 37 91
26 38 54
26 39 38
26 40 47
26 41 2
26 42 72
26 43 44
26 44 68
26 45 97
26 46 74
26 47 44
27 28 98
27 29 23
27 30 85
27 31 83
27 32 4
27 33 88
27 34 70
27 35 4
27 36 15
27 37 95
27 38 32
27 39 10
27 40 31
27 41 41
27 42 84
27 43 39
27 44 77
27 45 19
27 46 30
27 47 33
28 29 82
28 30 3
28 31 27
28 32 15
28 33 50
28 34 81
28 35 91
28 36 24
28 37 73
28 38 9
28 39 7
28 40 88
28 41 72
28 42 33
28 43 51
28 44 78
28 45 19
28 46 41
28 47 96
29 30 92
29 31 78
29 32 82
29 33 43
29 34 6
29 35 85
29 36 92
29 37 21
29 38 48
29 39 40
29 40 17
29 41 34
29 42 51
29 43 71
29 44 42
29 45 71
29 46 32
29 47 70
30 31 28
30 32 31
30 33 72
30 34 77
30 35 25
30 36 84
30 37 38
30 38 41
30 39 27
30 40 67
30 41 28
30 42 49
30 43 25
30 44 75
30 45 2
30 46 93
30 47 14
31 32 83
31 33 88
31 34 10
31 35 37
31 36 82
31 37 18
31 38 18
31 39 57
31 40 83
31 41 37
31 42 38
31 43 78
31 44 37
31 45 84
31 46 75
31 47 7
32 33 92
32 34 16
32 35 38
32 36 97
32 37 85
32 38 39
32 39 82
32 40 29
32 41 95
32 42 51
32 43 65
32 44 77
32 45 87
32 46 6
32 47 5
33 34 83
33 35 55
33 36 59
33 37 83
33 38 6
33 39 65
33 40 55
33 41 51
33 42 50
33 43 82
33 44 57
33 45 65
33 46 85
33 47 13
34 35 83
34 36 59
34 37 9
34 38 10
34 39 66
34 40 27
34 41 7
34 42 31
34 43 50
34 44 37
34 45 83
34 46 7
34 47 10
35 36 49
35 37 2
35 38 52
35 39 22
35 40 14
35 41 44
35 42 94
35 43 1
35 44 84
35 45 72
35 46 73
35 47 95
36 37 17
36 38 89
36 39 92
36 40 19
36 41 62
36 42 91
36 43 48
36 44 87
36 45 65
36 46 25
36 47 80
37 38 13
37 39 51
37 40 99
37 41 67
37 42 3
37 43 80
37 44 82
37 45 59
37 46 43
37 47 68
38 39 50
38 40 31
38 41 22
38 42 46
38 43 31
38 44 79
38 45 59
38 46 11
38 47 59
39 40 51
39 41 51
39 42 60
39 43 8
39 44 20
39 45 64
39 46 55
39 47 94
40 41 19
40 42 1
40 43 39
40 44 7
40 45 10
40 46 17
40 47 34
41 42 27
41 43 39
41 44 57
41 45 48
41 46 69
41 47 32
42 43 83
42 44 63
42 45 62
42 46 80
42 47 56
43 44 53
43 45 5
43 46 50
43 47 18
44 45 33
44 46 54
44 47 78
45 46 32
45 47 50
46 47 43