40
0 36 1
0 29 6
0 5 8
0 17 7
0 11 6
1 27 6
1 12 2
1 15 5
1 22 7
1 37 10
2 20 9
2 33 8
2 8 10
2 6 7
2 22 10
2 21 4
3 22 1
3 4 2
3 15 6
3 16 8
3 19 3
3 27 8
4 30 10
4 39 7
4 33 7
4 34 8
5 35 5
5 12 9
5 13 3
5 21 2
5 19 7
5 28 4
5 16 7
5 29 9
6 21 3
6 15 7
6 14 5
6 37 6
6 30 3
7 31 4
7 10 7
7 22 3
7 30 9
7 37 6
7 29 5
7 8 2
7 34 8
7 27 5
8 32 4
8 20 1
8 28 1
8 22 9
9 23 10
9 25 10
9 35 4
9 15 7
9 24 2
10 21 10
10 12 8
10 18 6
10 30 1
11 28 4
11 17 9
11 19 7
11 22 7
11 36 4
11 33 2
11 13 8
11 18 6
12 35 4
12 26 4
12 21 10
12 18 3
12 17 3
13 24 5
13 23 7
13 14 2
13 32 4
13 34 8
13 38 10
13 25 7
13 31 9
14 26 8
14 21 1
14 30 1
14 37 4
14 15 5
14 24 9
14 31 3
15 31 5
15 18 6
15 27 1
15 37 6
15 20 7
15 26 10
16 39 2
16 37 3
16 23 6
16 25 5
17 39 2
17 19 9
17 31 3
18 30 5
18 27 9
19 27 4
19 21 6
19 23 5
20 30 5
20 39 3
20 24 1
20 37 5
20 32 2
21 26 7
21 28 4
21 23 9
21 34 6
21 25 6
21 31 8
21 39 10
21 37 6
22 32 8
22 36 8
22 23 9
22 25 7
22 29 5
23 31 6
23 38 7
23 35 10
24 28 7
24 36 9
25 28 6
25 38 4
26 28 4
26 27 1
26 37 5
26 33 3
27 31 6
28 34 7
29 35 9
29 30 8
29 36 9
30 38 6
31 36 5
31 38 6
31 39 2
32 39 10
33 35 6
34 37 2
35 36 3
37 39 7
