50
0 42 83.035
0 32 68.528
1 2 29.213
1 4 90.193
1 3 89.958
1 29 71.352
1 35 61.929
1 38 52.985
1 40 28.973
2 22 96.484
2 10 52.889
2 6 21.072
2 42 54.153
3 9 26.594
3 5 97.971
3 20 8.852
4 42 27.574
4 14 7.509
4 5 40.674
4 30 25.796
5 6 35.632
5 13 80.342
7 40 90.491
7 34 70.758
7 32 53.383
8 36 28.745
8 38 20.846
8 34 87.11
8 37 72.985
9 27 20.107
9 9 32.915
10 10 9.197
10 15 3.375
11 43 97.603
11 42 87.683
12 18 57.283
12 35 87.762
13 45 7.456
13 39 62.761
14 31 64.944
14 29 93.177
14 18 93.739
14 24 30.981
14 27 35.721
15 47 12.309
15 46 41.062
16 29 6.647
16 40 76.963
16 31 70.058
17 46 35.107
17 45 27.141
18 46 81.789
18 19 86.987
18 26 2.13
18 39 41.27
19 33 24.675
19 36 22.709
20 41 24.776
20 46 47.827
21 31 27.648
21 47 63.346
21 29 78.074
22 38 56.785
22 31 98.22
22 45 7.604
22 47 41.553
23 28 7.175
23 48 55.156
24 41 3.322
24 45 10.007
25 29 21.11
25 42 71.291
25 48 88.528
26 32 87.443
26 31 40.515
27 28 25.401
28 48 47.754
28 43 42.317
28 40 19.648
28 46 9.83
29 43 38.352
30 34 23.913
30 32 7.0
30 43 33.45
31 35 30.093
31 42 5.784
31 44 59.302
33 42 88.612
33 33 32.494
34 46 16.163
35 48 37.242
36 47 36.585
37 37 53.794
37 49 55.781
38 38 97.587
38 49 34.161
40 41 49.669
41 47 53.956
44 44 60.362
