50
0 1 11
0 2 20
0 4 74
0 6 90
0 14 60
0 16 99
0 18 28
0 22 49
0 23 98
0 25 79
0 48 54
1 9 69
1 14 91
1 16 66
1 32 19
1 33 71
1 40 47
1 41 7
1 43 44
1 45 72
1 47 96
2 17 68
2 19 60
2 22 55
2 27 55
2 33 50
2 34 37
2 43 6
2 47 12
3 13 81
3 20 50
3 38 54
3 45 17
3 46 67
4 13 25
4 21 2
4 26 94
4 28 49
4 43 6
4 47 40
4 49 75
5 20 6
5 28 96
5 37 69
5 43 51
5 47 12
6 13 22
6 15 79
6 17 41
6 20 57
6 27 70
6 31 93
6 42 52
6 43 35
6 46 53
7 8 94
7 13 24
7 18 39
7 22 76
7 25 88
7 27 39
7 28 72
7 29 71
7 33 82
7 36 36
7 45 4
7 46 60
8 10 32
8 11 18
8 14 39
8 31 54
8 35 81
8 39 37
8 44 73
9 12 55
9 19 10
9 24 94
9 25 67
9 27 17
9 32 40
9 42 20
9 43 3
9 44 23
10 13 80
10 14 20
10 18 91
10 25 71
10 26 77
10 37 70
10 38 32
11 12 92
11 22 14
11 23 2
11 26 76
11 30 78
11 41 11
11 42 5
11 45 55
12 23 21
12 49 96
13 15 19
13 40 61
13 42 49
14 19 35
14 34 80
14 35 41
14 47 92
14 48 59
15 22 51
15 26 16
15 28 65
15 31 57
15 35 3
15 44 95
16 23 43
16 24 47
16 31 97
16 33 73
16 36 14
17 29 55
17 32 91
17 39 71
18 20 13
18 22 29
18 25 10
18 28 22
18 38 30
18 43 93
18 48 5
19 21 15
19 24 6
19 26 12
19 42 67
20 25 20
20 28 90
20 38 1
20 45 7
20 47 85
21 22 84
21 29 34
21 44 3
21 45 94
22 28 30
22 41 77
23 29 59
23 30 10
23 31 12
23 47 26
24 27 5
24 34 84
24 38 72
24 45 24
24 47 25
24 49 45
25 37 40
25 46 25
26 28 34
26 30 71
27 37 95
27 38 80
27 49 46
28 30 41
28 35 9
29 40 40
29 46 94
29 47 47
29 49 3
30 31 22
30 33 4
30 39 98
30 40 64
30 43 78
31 38 52
31 42 42
31 48 10
32 39 99
32 40 21
33 37 1
33 39 12
33 40 24
33 46 92
34 44 80
35 40 97
35 42 86
36 46 97
37 48 97
38 39 83
38 41 61
38 48 85
39 49 84
41 42 39
41 47 31
41 49 23
42 48 43
43 44 17
44 46 2
46 47 75