50
0 1 1
0 2 2
0 3 3
0 4 4
0 5 5
0 6 6
0 7 7
0 8 8
0 9 9
0 10 10
0 11 11
0 12 12
0 13 13
0 14 14
0 15 15
0 16 16
0 17 17
0 18 18
0 19 19
0 20 20
0 21 21
0 22 22
0 23 23
0 24 24
0 25 25
0 26 26
0 27 27
0 28 28
0 29 29
0 30 30
0 31 31
0 32 32
0 33 33
0 34 34
0 35 35
0 36 36
0 37 37
0 38 38
0 39 39
0 40 40
0 41 41
0 42 42
0 43 43
0 44 44
0 45 45
0 46 46
0 47 47
0 48 99.9
48 49 99.9
47 49 1
46 49 1
45 49 1
44 49 1
43 49 1
42 49 1
41 49 1
40 49 1
39 49 1
38 49 1
37 49 1
36 49 1
35 49 1
34 49 1
33 49 1
32 49 1
31 49 1
30 49 1
29 49 1
28 49 1
27 49 1
26 49 1
25 49 1
24 49 1
23 49 1
22 49 1
21 49 1
20 49 1
19 49 1
18 49 1
17 49 1
16 49 1
15 49 1
14 49 1
13 49 1
12 49 1
11 49 1
10 49 1
9 49 1
8 49 1
7 49 1
6 49 1
5 49 1
4 49 1
3 49 1
2 49 1
1 49 1
1 2 99
2 3 99
3 4 99
4 5 99
5 6 99
6 7 99
7 8 99
8 9 99
9 10 99
10 11 99
11 12 99
12 13 99
13 14 99
14 15 99
15 16 99
16 17 99
17 18 99
18 19 99
19 20 99
20 21 99
21 22 99
22 23 99
23 24 99
24 25 99
25 26 99
26 27 99
27 28 99
28 29 99
29 30 99
30 31 99
31 32 99
32 33 99
33 34 99
34 35 99
35 36 99
36 37 99
37 38 99
38 39 99
39 40 99
40 41 99
41 42 99
42 43 99
43 44 99
44 45 99
45 46 99
46 47 99
47 48 99
