50
0 1 64
0 2 58
0 3 2
0 4 84
0 5 26
0 6 5
0 7 95
0 8 26
0 9 88
0 10 23
0 11 84
0 12 74
0 13 37
0 14 2
0 15 51
0 16 71
0 17 4
0 18 29
0 19 4
0 20 9
0 21 78
0 22 76
0 23 38
0 24 84
0 25 88
0 26 82
0 27 93
0 28 69
0 29 78
0 30 22
0 31 59
0 32 79
0 33 97
0 34 9
0 35 52
0 36 56
0 37 33
0 38 36
0 39 54
0 40 12
0 41 32
0 42 10
0 43 32
0 44 11
0 45 46
0 46 70
0 47 72
0 48 23
0 49 1
1 2 89
1 3 62
1 4 59
1 5 45
1 6 33
1 7 49
1 8 74
1 9 48
1 10 24
1 11 44
1 12 13
1 13 96
1 14 81
1 15 34
1 16 13
1 17 47
1 18 12
1 19 98
1 20 54
1 21 65
1 22 41
1 23 77
1 24 20
1 25 18
1 26 94
1 27 10
1 28 32
1 29 78
1 30 71
1 31 31
1 32 91
1 33 5
1 34 11
1 35 59
1 36 40
1 37 45
1 38 44
1 39 77
1 40 96
1 41 73
1 42 29
1 43 83
1 44 9
1 45 78
1 46 90
1 47 43
1 48 90
1 49 32
2 3 56
2 4 52
2 5 66
2 6 84
2 7 67
2 8 83
2 9 38
2 10 64
2 11 17
2 12 40
2 13 42
2 14 5
2 15 51
2 16 85
2 17 36
2 18 28
2 19 55
2 20 69
2 21 4
2 22 4
2 23 35
2 24 51
2 25 41
2 26 87
2 27 34
2 28 30
2 29 49
2 30 7
2 31 70
2 32 92
2 33 3
2 34 54
2 35 97
2 36 95
2 37 9
2 38 60
2 39 26
2 40 92
2 41 98
2 42 26
2 43 10
2 44 28
2 45 37
2 46 10
2 47 60
2 48 31
2 49 20
3 4 11
3 5 87
3 6 21
3 7 3
3 8 40
3 9 86
3 10 30
3 11 17
3 12 11
3 13 26
3 14 82
3 15 12
3 16 49
3 17 23
3 18 78
3 19 91
3 20 44
3 21 42
3 22 42
3 23 56
3 24 7
3 25 77
3 26 29
3 27 79
3 28 2
3 29 77
3 30 17
3 31 54
3 32 14
3 33 23
3 34 84
3 35 42
3 36 71
3 37 5
3 38 2
3 39 31
3 40 23
3 41 15
3 42 79
3 43 83
3 44 75
3 45 15
3 46 16
3 47 61
3 48 73
3 49 39
4 5 4
4 6 4
4 7 62
4 8 73
4 9 84
4 10 10
4 11 72
4 12 6
4 13 18
4 14 7
4 15 95
4 16 10
4 17 73
4 18 61
4 19 84
4 20 9
4 21 24
4 22 59
4 23 68
4 24 37
4 25 23
4 26 99
4 27 95
4 28 51
4 29 18
4 30 64
4 31 35
4 32 10
4 33 24
4 34 25
4 35 67
4 36 58
4 37 72
4 38 55
4 39 76
4 40 39
4 41 67
4 42 52
4 43 27
4 44 95
4 45 8
4 46 83
4 47 54
4 48 75
4 49 95
5 6 98
5 7 91
5 8 54
5 9 49
5 10 87
5 11 97
5 12 48
5 13 45
5 14 48
5 15 35
5 16 23
5 17 18
5 18 53
5 19 78
5 20 45
5 21 23
5 22 60
5 23 34
5 24 59
5 25 96
5 26 60
5 27 1
5 28 8
5 29 62
5 30 21
5 31 92
5 32 46
5 33 65
5 34 33
5 35 25
5 36 72
5 37 6
5 38 42
5 39 30
5 40 4
5 41 93
5 42 57
5 43 36
5 44 49
5 45 79
5 46 35
5 47 63
5 48 73
5 49 75
6 7 79
6 8 23
6 9 91
6 10 65
6 11 35
6 12 90
6 13 94
6 14 89
6 15 29
6 16 2
6 17 13
6 18 22
6 19 23
6 20 21
6 21 66
6 22 33
6 23 44
6 24 84
6 25 43
6 26 43
6 27 41
6 28 63
6 29 97
6 30 9
6 31 96
6 32 35
6 33 90
6 34 82
6 35 32
6 36 33
6 37 99
6 38 25
6 39 46
6 40 37
6 41 72
6 42 15
6 43 40
6 44 47
6 45 39
6 46 27
6 47 11
6 48 25
6 49 67
7 8 88
7 9 34
7 10 28
7 11 61
7 12 63
7 13 36
7 14 2
7 15 87
7 16 37
7 17 57
7 18 32
7 19 92
7 20 69
7 21 43
7 22 31
7 23 55
7 24 42
7 25 97
7 26 61
7 27 87
7 28 47
7 29 80
7 30 23
7 31 10
7 32 22
7 33 51
7 34 13
7 35 56
7 36 56
7 37 67
7 38 89
7 39 22
7 40 42
7 41 41
7 42 71
7 43 93
7 44 90
7 45 80
7 46 9
7 47 91
7 48 43
7 49 76
8 9 38
8 10 19
8 11 91
8 12 99
8 13 46
8 14 31
8 15 45
8 16 83
8 17 67
8 18 95
8 19 45
8 20 32
8 21 46
8 22 63
8 23 90
8 24 40
8 25 20
8 26 73
8 27 25
8 28 27
8 29 83
8 30 14
8 31 5
8 32 32
8 33 17
8 34 48
8 35 51
8 36 50
8 37 39
8 38 37
8 39 54
8 40 63
8 41 10
8 42 72
8 43 36
8 44 17
8 45 90
8 46 63
8 47 59
8 48 61
8 49 96
9 10 31
9 11 7
9 12 97
9 13 93
9 14 80
9 15 39
9 16 57
9 17 88
9 18 78
9 19 12
9 20 63
9 21 83
9 22 94
9 23 33
9 24 3
9 25 55
9 26 76
9 27 25
9 28 42
9 29 10
9 30 1
9 31 97
9 32 11
9 33 41
9 34 33
9 35 37
9 36 23
9 37 61
9 38 55
9 39 87
9 40 76
9 41 75
9 42 85
9 43 23
9 44 97
9 45 43
9 46 73
9 47 20
9 48 82
9 49 25
10 11 99
10 12 55
10 13 13
10 14 23
10 15 86
10 16 36
10 17 92
10 18 21
10 19 7
10 20 5
10 21 69
10 22 10
10 23 27
10 24 36
10 25 77
10 26 78
10 27 62
10 28 24
10 29 45
10 30 76
10 31 72
10 32 5
10 33 23
10 34 88
10 35 83
10 36 41
10 37 65
10 38 38
10 39 43
10 40 40
10 41 74
10 42 4
10 43 10
10 44 21
10 45 38
10 46 4
10 47 32
10 48 96
10 49 66
11 12 58
11 13 65
11 14 15
11 15 98
11 16 70
11 17 25
11 18 1
11 19 12
11 20 30
11 21 59
11 22 77
11 23 51
11 24 92
11 25 97
11 26 26
11 27 96
11 28 8
11 29 1
11 30 81
11 31 95
11 32 32
11 33 30
11 34 64
11 35 58
11 36 64
11 37 53
11 38 3
11 39 71
11 40 70
11 41 68
11 42 61
11 43 96
11 44 27
11 45 52
11 46 59
11 47 85
11 48 59
11 49 8
12 13 43
12 14 22
12 15 23
12 16 76
12 17 53
12 18 90
12 19 52
12 20 47
12 21 37
12 22 62
12 23 28
12 24 97
12 25 74
12 26 27
12 27 51
12 28 51
12 29 84
12 30 42
12 31 59
12 32 98
12 33 54
12 34 34
12 35 73
12 36 45
12 37 31
12 38 9
12 39 13
12 40 20
12 41 55
12 42 35
12 43 33
12 44 56
12 45 67
12 46 57
12 47 11
12 48 91
12 49 5
13 14 23
13 15 98
13 16 78
13 17 79
13 18 17
13 19 86
13 20 71
13 21 77
13 22 90
13 23 11
13 24 4
13 25 59
13 26 34
13 27 81
13 28 95
13 29 14
13 30 46
13 31 27
13 32 57
13 33 43
13 34 15
13 35 34
13 36 14
13 37 71
13 38 31
13 39 72
13 40 14
13 41 87
13 42 53
13 43 36
13 44 40
13 45 57
13 46 48
13 47 4
13 48 13
13 49 44
14 15 84
14 16 77
14 17 28
14 18 89
14 19 98
14 20 30
14 21 36
14 22 44
14 23 61
14 24 94
14 25 9
14 26 85
14 27 88
14 28 83
14 29 13
14 30 41
14 31 50
14 32 56
14 33 25
14 34 95
14 35 17
14 36 46
14 37 37
14 38 79
14 39 83
14 40 27
14 41 3
14 42 33
14 43 34
14 44 21
14 45 99
14 46 25
14 47 13
14 48 18
14 49 27
15 16 89
15 17 1
15 18 12
15 19 78
15 20 46
15 21 22
15 22 6
15 23 43
15 24 63
15 25 46
15 26 19
15 27 19
15 28 72
15 29 20
15 30 90
15 31 27
15 32 34
15 33 1
15 34 13
15 35 27
15 36 36
15 37 63
15 38 37
15 39 33
15 40 43
15 41 51
15 42 40
15 43 94
15 44 77
15 45 25
15 46 53
15 47 91
15 48 86
15 49 24
16 17 66
16 18 24
16 19 7
16 20 20
16 21 76
16 22 79
16 23 92
16 24 90
16 25 10
16 26 65
16 27 15
16 28 62
16 29 86
16 30 29
16 31 28
16 32 33
16 33 93
16 34 16
16 35 31
16 36 10
16 37 45
16 38 63
16 39 95
16 40 29
16 41 58
16 42 36
16 43 2
16 44 66
16 45 74
16 46 70
16 47 65
16 48 23
16 49 39
17 18 6
17 19 20
17 20 69
17 21 21
17 22 67
17 23 39
17 24 78
17 25 54
17 26 44
17 27 39
17 28 72
17 29 78
17 30 32
17 31 3
17 32 29
17 33 87
17 34 26
17 35 33
17 36 65
17 37 91
17 38 57
17 39 69
17 40 68
17 41 81
17 42 67
17 43 70
17 44 7
17 45 7
17 46 7
17 47 99
17 48 16
17 49 42
18 19 3
18 20 38
18 21 45
18 22 71
18 23 25
18 24 13
18 25 76
18 26 57
18 27 12
18 28 41
18 29 82
18 30 91
18 31 86
18 32 33
18 33 4
18 34 52
18 35 92
18 36 17
18 37 34
18 38 83
18 39 59
18 40 12
18 41 49
18 42 15
18 43 87
18 44 20
18 45 75
18 46 35
18 47 89
18 48 89
18 49 13
19 20 50
19 21 38
19 22 74
19 23 59
19 24 54
19 25 42
19 26 60
19 27 49
19 28 73
19 29 93
19 30 72
19 31 14
19 32 95
19 33 61
19 34 80
19 35 94
19 36 30
19 37 78
19 38 42
19 39 35
19 40 2
19 41 80
19 42 48
19 43 65
19 44 17
19 45 26
19 46 77
19 47 18
19 48 10
19 49 19
20 21 81
20 22 48
20 23 72
20 24 88
20 25 57
20 26 23
20 27 48
20 28 28
20 29 70
20 30 7
20 31 88
20 32 2
20 33 92
20 34 49
20 35 23
20 36 16
20 37 60
20 38 42
20 39 75
20 40 54
20 41 36
20 42 47
20 43 99
20 44 22
20 45 98
20 46 85
20 47 82
20 48 91
20 49 90
21 22 45
21 23 20
21 24 19
21 25 9
21 26 39
21 27 53
21 28 48
21 29 14
21 30 79
21 31 60
21 32 33
21 33 82
21 34 24
21 35 29
21 36 91
21 37 33
21 38 43
21 39 12
21 40 64
21 41 94
21 42 43
21 43 65
21 44 86
21 45 44
21 46 31
21 47 13
21 48 2
21 49 88
22 23 18
22 24 34
22 25 11
22 26 61
22 27 71
22 28 46
22 29 45
22 30 72
22 31 95
22 32 73
22 33 8
22 34 86
22 35 40
22 36 44
22 37 91
22 38 26
22 39 39
22 40 75
22 41 64
22 42 32
22 43 91
22 44 29
22 45 14
22 46 52
22 47 62
22 48 32
22 49 77
23 24 88
23 25 97
23 26 3
23 27 38
23 28 44
23 29 9
23 30 76
23 31 89
23 32 74
23 33 32
23 34 73
23 35 85
23 36 30
23 37 80
23 38 81
23 39 96
23 40 99
23 41 9
23 42 67
23 43 5
23 44 1
23 45 25
23 46 79
23 47 2
23 48 39
23 49 12
24 25 88
24 26 66
24 27 8
24 28 27
24 29 47
24 30 70
24 31 16
24 32 15
24 33 86
24 34 49
24 35 73
24 36 87
24 37 40
24 38 65
24 39 15
24 40 96
24 41 47
24 42 68
24 43 86
24 44 30
24 45 22
24 46 22
24 47 78
24 48 41
24 49 9
25 26 99
25 27 80
25 28 59
25 29 60
25 30 72
25 31 64
25 32 45
25 33 45
25 34 44
25 35 93
25 36 4
25 37 14
25 38 82
25 39 79
25 40 10
25 41 48
25 42 93
25 43 15
25 44 61
25 45 63
25 46 3
25 47 25
25 48 41
25 49 75
26 27 55
26 28 41
26 29 88
26 30 20
26 31 58
26 32 20
26 33 95
26 34 70
26 35 53
26 36 82
26 37 48
26 38 8
26 39 24
26 40 91
26 41 23
26 42 45
26 43 93
26 44 98
26 45 22
26 46 37
26 47 85
26 48 97
26 49 41
27 28 81
27 29 72
27 30 75
27 31 22
27 32 60
27 33 74
27 34 57
27 35 89
27 36 94
27 37 39
27 38 65
27 39 24
27 40 28
27 41 53
27 42 89
27 43 41
27 44 18
27 45 11
27 46 65
27 47 48
27 48 58
27 49 32
28 29 99
28 30 33
28 31 62
28 32 87
28 33 55
28 34 17
28 35 55
28 36 84
28 37 18
28 38 38
28 39 53
28 40 71
28 41 99
28 42 84
28 43 33
28 44 58
28 45 59
28 46 93
28 47 91
28 48 75
28 49 14
29 30 28
29 31 48
29 32 10
29 33 15
29 34 51
29 35 81
29 36 39
29 37 98
29 38 39
29 39 59
29 40 51
29 41 73
29 42 72
29 43 23
29 44 23
29 45 37
29 46 97
29 47 86
29 48 7
29 49 22
30 31 13
30 32 39
30 33 20
30 34 83
30 35 6
30 36 6
30 37 90
30 38 57
30 39 74
30 40 28
30 41 20
30 42 3
30 43 84
30 44 42
30 45 94
30 46 90
30 47 14
30 48 23
30 49 54
31 32 33
31 33 95
31 34 21
31 35 80
31 36 55
31 37 97
31 38 17
31 39 18
31 40 37
31 41 73
31 42 3
31 43 48
31 44 51
31 45 70
31 46 48
31 47 45
31 48 38
31 49 68
32 33 83
32 34 85
32 35 83
32 36 44
32 37 53
32 38 13
32 39 19
32 40 84
32 41 45
32 42 72
32 43 39
32 44 24
32 45 50
32 46 18
32 47 13
32 48 39
32 49 31
33 34 91
33 35 44
33 36 29
33 37 61
33 38 33
33 39 13
33 40 44
33 41 35
33 42 87
33 43 57
33 44 65
33 45 43
33 46 43
33 47 35
33 48 81
33 49 53
34 35 51
34 36 83
34 37 56
34 38 79
34 39 30
34 40 66
34 41 98
34 42 47
34 43 75
34 44 31
34 45 64
34 46 55
34 47 52
34 48 14
34 49 41
35 36 95
35 37 66
35 38 12
35 39 37
35 40 45
35 41 37
35 42 29
35 43 16
35 44 96
35 45 58
35 46 5
35 47 11
35 48 82
35 49 28
36 37 24
36 38 17
36 39 70
36 40 12
36 41 42
36 42 23
36 43 60
36 44 84
36 45 23
36 46 10
36 47 80
36 48 19
36 49 75
37 38 80
37 39 67
37 40 2
37 41 82
37 42 68
37 43 81
37 44 6
37 45 24
37 46 56
37 47 84
37 48 42
37 49 43
38 39 26
38 40 57
38 41 30
38 42 36
38 43 55
38 44 67
38 45 9
38 46 9
38 47 54
38 48 21
38 49 71
39 40 94
39 41 48
39 42 58
39 43 87
39 44 74
39 45 94
39 46 74
39 47 58
39 48 94
39 49 72
40 41 53
40 42 61
40 43 34
40 44 78
40 45 12
40 46 25
40 47 61
40 48 85
40 49 43
41 42 52
41 43 38
41 44 11
41 45 72
41 46 47
41 47 34
41 48 74
41 49 73
42 43 94
42 44 85
42 45 74
42 46 60
42 47 44
42 48 53
42 49 73
43 44 34
43 45 50
43 46 4
43 47 92
43 48 64
43 49 70
44 45 15
44 46 95
44 47 67
44 48 41
44 49 24
45 46 65
45 47 92
45 48 32
45 49 98
46 47 40
46 48 57
46 49 79
47 48 57
47 49 15
48 49 57
