46
0 1 55
0 2 80
0 3 98
0 4 53
0 5 48
0 6 70
0 7 44
0 8 39
0 9 49
0 10 47
0 11 53
0 12 18
0 13 60
0 14 66
0 15 25
0 16 22
0 17 58
0 18 5
0 19 54
0 20 41
0 21 34
0 22 18
0 23 72
0 24 23
0 25 99
0 26 87
0 27 18
0 28 51
0 29 18
0 30 92
0 31 85
0 32 56
0 33 72
0 34 7
0 35 10
0 36 59
0 37 53
0 38 50
0 39 6
0 40 45
0 41 40
0 42 8
0 43 57
0 44 62
0 45 9
1 2 91
1 3 38
1 4 44
1 5 59
1 6 57
1 7 89
1 8 99
1 9 46
1 10 77
1 11 49
1 12 34
1 13 70
1 14 93
1 15 44
1 16 39
1 17 47
1 18 23
1 19 43
1 20 88
1 21 89
1 22 61
1 23 42
1 24 70
1 25 95
1 26 97
1 27 92
1 28 51
1 29 83
1 30 57
1 31 19
1 32 74
1 33 23
1 34 4
1 35 52
1 36 67
1 37 98
1 38 96
1 39 70
1 40 71
1 41 28
1 42 35
1 43 75
1 44 18
1 45 69
2 3 60
2 4 53
2 5 20
2 6 56
2 7 3
2 8 20
2 9 92
2 10 92
2 11 64
2 12 77
2 13 37
2 14 20
2 15 31
2 16 50
2 17 83
2 18 61
2 19 43
2 20 4
2 21 15
2 22 9
2 23 71
2 24 74
2 25 36
2 26 79
2 27 76
2 28 6
2 29 32
2 30 87
2 31 67
2 32 2
2 33 86
2 34 52
2 35 34
2 36 32
2 37 18
2 38 23
2 39 49
2 40 34
2 41 73
2 42 21
2 43 35
2 44 70
2 45 25
3 4 18
3 5 23
3 6 28
3 7 3
3 8 41
3 9 49
3 10 57
3 11 63
3 12 27
3 13 43
3 14 57
3 15 8
3 16 16
3 17 76
3 18 8
3 19 29
3 20 6
3 21 70
3 22 88
3 23 83
3 24 90
3 25 42
3 26 75
3 27 63
3 28 96
3 29 41
3 30 41
3 31 5
3 32 88
3 33 93
3 34 16
3 35 26
3 36 44
3 37 71
3 38 1
3 39 93
3 40 60
3 41 63
3 42 24
3 43 26
3 44 36
3 45 54
4 5 81
4 6 22
4 7 41
4 8 93
4 9 17
4 10 91
4 11 96
4 12 2
4 13 44
4 14 34
4 15 15
4 16 15
4 17 18
4 18 2
4 19 81
4 20 19
4 21 35
4 22 86
4 23 85
4 24 12
4 25 94
4 26 48
4 27 5
4 28 26
4 29 25
4 30 16
4 31 31
4 32 51
4 33 11
4 34 90
4 35 40
4 36 62
4 37 63
4 38 2
4 39 51
4 40 39
4 41 88
4 42 19
4 43 76
4 44 1
4 45 36
5 6 35
5 7 71
5 8 75
5 9 15
5 10 42
5 11 77
5 12 74
5 13 34
5 14 10
5 15 12
5 16 91
5 17 43
5 18 83
5 19 46
5 20 28
5 21 94
5 22 66
5 23 51
5 24 28
5 25 16
5 26 92
5 27 24
5 28 86
5 29 67
5 30 27
5 31 82
5 32 75
5 33 94
5 34 96
5 35 64
5 36 22
5 37 65
5 38 88
5 39 62
5 40 19
5 41 17
5 42 8
5 43 76
5 44 30
5 45 99
6 7 15
6 8 80
6 9 58
6 10 73
6 11 74
6 12 30
6 13 31
6 14 57
6 15 7
6 16 30
6 17 94
6 18 98
6 19 21
6 20 16
6 21 39
6 22 89
6 23 60
6 24 21
6 25 90
6 26 64
6 27 64
6 28 55
6 29 42
6 30 18
6 31 43
6 32 60
6 33 6
6 34 60
6 35 42
6 36 66
6 37 72
6 38 83
6 39 94
6 40 7
6 41 92
6 42 76
6 43 89
6 44 21
6 45 93
7 8 68
7 9 63
7 10 5
7 11 35
7 12 52
7 13 55
7 14 58
7 15 74
7 16 50
7 17 4
7 18 24
7 19 27
7 20 56
7 21 4
7 22 75
7 23 9
7 24 65
7 25 8
7 26 56
7 27 32
7 28 88
7 29 45
7 30 82
7 31 96
7 32 23
7 33 99
7 34 61
7 35 74
7 36 43
7 37 52
7 38 11
7 39 60
7 40 33
7 41 20
7 42 79
7 43 56
7 44 41
7 45 65
8 9 61
8 10 91
8 11 42
8 12 83
8 13 70
8 14 70
8 15 6
8 16 13
8 17 26
8 18 47
8 19 64
8 20 79
8 21 45
8 22 33
8 23 44
8 24 78
8 25 43
8 26 88
8 27 73
8 28 77
8 29 69
8 30 18
8 31 83
8 32 37
8 33 43
8 34 29
8 35 84
8 36 27
8 37 22
8 38 81
8 39 73
8 40 25
8 41 55
8 42 46
8 43 95
8 44 20
8 45 80
9 10 8
9 11 23
9 12 70
9 13 50
9 14 73
9 15 76
9 16 27
9 17 93
9 18 38
9 19 52
9 20 50
9 21 65
9 22 41
9 23 29
9 24 45
9 25 72
9 26 94
9 27 34
9 28 93
9 29 10
9 30 51
9 31 51
9 32 83
9 33 17
9 34 28
9 35 76
9 36 18
9 37 66
9 38 75
9 39 12
9 40 44
9 41 52
9 42 49
9 43 37
9 44 36
9 45 39
10 11 4
10 12 84
10 13 95
10 14 61
10 15 99
10 16 23
10 17 29
10 18 71
10 19 3
10 20 2
10 21 86
10 22 48
10 23 74
10 24 55
10 25 30
10 26 76
10 27 2
10 28 20
10 29 21
10 30 95
10 31 98
10 32 55
10 33 90
10 34 76
10 35 8
10 36 81
10 37 28
10 38 83
10 39 8
10 40 55
10 41 79
10 42 69
10 43 64
10 44 29
10 45 28
11 12 83
11 13 74
11 14 78
11 15 79
11 16 36
11 17 51
11 18 99
11 19 56
11 20 55
11 21 53
11 22 62
11 23 58
11 24 67
11 25 43
11 26 56
11 27 72
11 28 66
11 29 21
11 30 78
11 31 68
11 32 48
11 33 18
11 34 76
11 35 16
11 36 7
11 37 37
11 38 62
11 39 75
11 40 66
11 41 34
11 42 26
11 43 9
11 44 86
11 45 86
12 13 38
12 14 86
12 15 74
12 16 55
12 17 39
12 18 14
12 19 66
12 20 10
12 21 25
12 22 50
12 23 56
12 24 15
12 25 29
12 26 71
12 27 64
12 28 17
12 29 94
12 30 6
12 31 47
12 32 40
12 33 62
12 34 33
12 35 71
12 36 23
12 37 49
12 38 90
12 39 56
12 40 7
12 41 11
12 42 24
12 43 17
12 44 5
12 45 60
13 14 50
13 15 52
13 16 80
13 17 88
13 18 77
13 19 62
13 20 92
13 21 57
13 22 35
13 23 6
13 24 47
13 25 9
13 26 67
13 27 73
13 28 77
13 29 78
13 30 43
13 31 84
13 32 23
13 33 32
13 34 78
13 35 33
13 36 64
13 37 16
13 38 51
13 39 14
13 40 66
13 41 92
13 42 35
13 43 40
13 44 3
13 45 55
14 15 71
14 16 98
14 17 97
14 18 28
14 19 61
14 20 56
14 21 76
14 22 5
14 23 6
14 24 79
14 25 31
14 26 65
14 27 22
14 28 6
14 29 5
14 30 57
14 31 1
14 32 34
14 33 21
14 34 51
14 35 18
14 36 21
14 37 10
14 38 28
14 39 66
14 40 64
14 41 84
14 42 7
14 43 17
14 44 31
14 45 82
15 16 13
15 17 52
15 18 94
15 19 70
15 20 12
15 21 27
15 22 36
15 23 29
15 24 69
15 25 27
15 26 54
15 27 71
15 28 84
15 29 19
15 30 30
15 31 52
15 32 11
15 33 4
15 34 6
15 35 96
15 36 2
15 37 97
15 38 5
15 39 23
15 40 69
15 41 39
15 42 5
15 43 12
15 44 18
15 45 37
16 17 35
16 18 40
16 19 53
16 20 18
16 21 36
16 22 10
16 23 47
16 24 59
16 25 97
16 26 18
16 27 8
16 28 35
16 29 65
16 30 85
16 31 58
16 32 5
16 33 40
16 34 89
16 35 95
16 36 17
16 37 36
16 38 97
16 39 59
16 40 9
16 41 89
16 42 30
16 43 31
16 44 15
16 45 80
17 18 57
17 19 84
17 20 77
17 21 44
17 22 92
17 23 94
17 24 24
17 25 40
17 26 4
17 27 71
17 28 49
17 29 60
17 30 36
17 31 2
17 32 33
17 33 82
17 34 12
17 35 40
17 36 78
17 37 50
17 38 23
17 39 35
17 40 49
17 41 21
17 42 6
17 43 84
17 44 82
17 45 96
18 19 98
18 20 85
18 21 10
18 22 63
18 23 8
18 24 42
18 25 13
18 26 31
18 27 72
18 28 77
18 29 81
18 30 12
18 31 23
18 32 76
18 33 89
18 34 61
18 35 57
18 36 4
18 37 46
18 38 21
18 39 36
18 40 79
18 41 36
18 42 84
18 43 76
18 44 66
18 45 75
19 20 16
19 21 75
19 22 69
19 23 74
19 24 2
19 25 28
19 26 13
19 27 73
19 28 11
19 29 54
19 30 16
19 31 48
19 32 73
19 33 35
19 34 15
19 35 38
19 36 45
19 37 93
19 38 15
19 39 5
19 40 83
19 41 51
19 42 25
19 43 70
19 44 8
19 45 94
20 21 89
20 22 79
20 23 70
20 24 57
20 25 66
20 26 31
20 27 17
20 28 99
20 29 80
20 30 68
20 31 10
20 32 65
20 33 20
20 34 59
20 35 44
20 36 44
20 37 87
20 38 27
20 39 46
20 40 62
20 41 94
20 42 49
20 43 27
20 44 94
20 45 78
21 22 98
21 23 71
21 24 31
21 25 19
21 26 63
21 27 1
21 28 90
21 29 83
21 30 50
21 31 98
21 32 89
21 33 31
21 34 50
21 35 85
21 36 16
21 37 85
21 38 52
21 39 60
21 40 8
21 41 56
21 42 75
21 43 69
21 44 44
21 45 1
22 23 5
22 24 77
22 25 31
22 26 11
22 27 25
22 28 72
22 29 62
22 30 27
22 31 56
22 32 52
22 33 84
22 34 35
22 35 57
22 36 14
22 37 75
22 38 42
22 39 87
22 40 84
22 41 3
22 42 90
22 43 6
22 44 42
22 45 3
23 24 79
23 25 75
23 26 11
23 27 62
23 28 2
23 29 52
23 30 40
23 31 99
23 32 78
23 33 97
23 34 69
23 35 83
23 36 51
23 37 29
23 38 35
23 39 24
23 40 76
23 41 51
23 42 16
23 43 68
23 44 50
23 45 41
24 25 65
24 26 32
24 27 20
24 28 88
24 29 36
24 30 48
24 31 52
24 32 23
24 33 55
24 34 9
24 35 90
24 36 90
24 37 88
24 38 6
24 39 39
24 40 92
24 41 8
24 42 71
24 43 87
24 44 55
24 45 24
25 26 26
25 27 89
25 28 84
25 29 26
25 30 65
25 31 74
25 32 81
25 33 80
25 34 31
25 35 96
25 36 53
25 37 35
25 38 42
25 39 46
25 40 47
25 41 24
25 42 12
25 43 81
25 44 84
25 45 49
26 27 6
26 28 3
26 29 13
26 30 93
26 31 3
26 32 22
26 33 58
26 34 57
26 35 24
26 36 68
26 37 71
26 38 88
26 39 37
26 40 19
26 41 48
26 42 54
26 43 29
26 44 74
26 45 28
27 28 15
27 29 8
27 30 32
27 31 69
27 32 92
27 33 72
27 34 48
27 35 63
27 36 18
27 37 6
27 38 67
27 39 12
27 40 51
27 41 98
27 42 43
27 43 14
27 44 27
27 45 1
28 29 74
28 30 45
28 31 80
28 32 1
28 33 96
28 34 99
28 35 78
28 36 26
28 37 89
28 38 78
28 39 97
28 40 80
28 41 79
28 42 24
28 43 38
28 44 33
28 45 69
29 30 49
29 31 80
29 32 51
29 33 48
29 34 24
29 35 86
29 36 18
29 37 86
29 38 97
29 39 85
29 40 80
29 41 28
29 42 80
29 43 99
29 44 80
29 45 97
30 31 83
30 32 70
30 33 56
30 34 87
30 35 46
30 36 79
30 37 46
30 38 20
30 39 60
30 40 83
30 41 47
30 42 48
30 43 45
30 44 4
30 45 26
31 32 48
31 33 86
31 34 45
31 35 75
31 36 27
31 37 59
31 38 57
31 39 7
31 40 35
31 41 48
31 42 5
31 43 24
31 44 73
31 45 41
32 33 69
32 34 56
32 35 36
32 36 49
32 37 16
32 38 43
32 39 33
32 40 27
32 41 91
32 42 47
32 43 72
32 44 57
32 45 38
33 34 87
33 35 8
33 36 8
33 37 7
33 38 90
33 39 27
33 40 15
33 41 27
33 42 16
33 43 98
33 44 13
33 45 86
34 35 35
34 36 8
34 37 26
34 38 57
34 39 32
34 40 72
34 41 78
34 42 88
34 43 46
34 44 37
34 45 74
35 36 4
35 37 72
35 38 16
35 39 24
35 40 90
35 41 14
35 42 4
35 43 17
35 44 1
35 45 31
36 37 87
36 38 35
36 39 43
36 40 89
36 41 45
36 42 59
36 43 56
36 44 55
36 45 60
37 38 59
37 39 32
37 40 69
37 41 29
37 42 26
37 43 59
37 44 17
37 45 40
38 39 29
38 40 81
38 41 68
38 42 47
38 43 73
38 44 75
38 45 56
39 40 27
39 41 24
39 42 99
39 43 26
39 44 21
39 45 40
40 41 62
40 42 38
40 43 22
40 44 22
40 45 24
41 42 1
41 43 18
41 44 1
41 45 28
42 43 31
42 44 84
42 45 89
43 44 10
43 45 15
44 45 74