50
0 1 29.48
0 3 83.429
0 4 78.429
0 6 2.315
0 8 96.186
0 11 67.708
0 12 14.442
0 13 44.391
0 17 27.183
0 28 41.675
0 29 92.024
0 30 72.266
0 31 22.376
0 32 42.818
0 33 92.424
0 40 50.101
0 41 74.963
0 43 99.256
0 44 58.789
0 45 17.848
1 4 57.339
1 5 66.576
1 6 14.996
1 9 98.454
1 10 31.953
1 11 17.752
1 12 4.789
1 13 80.594
1 14 49.622
1 15 11.527
1 16 99.33
1 18 12.061
1 19 76.243
1 21 70.382
1 22 95.623
1 23 47.801
1 24 71.472
1 28 63.668
1 31 33.117
1 33 93.509
1 35 47.654
1 40 26.94
1 42 60.841
1 44 8.196
1 47 16.451
1 48 60.22
1 49 54.277
2 4 23.891
2 7 21.821
2 9 58.506
2 10 56.741
2 11 90.971
2 13 50.054
2 16 73.377
2 19 66.123
2 20 62.016
2 21 2.27
2 23 75.652
2 24 67.412
2 25 11.263
2 26 56.723
2 29 39.78
2 32 2.158
2 33 98.033
2 36 1.597
2 37 9.381
2 39 84.441
2 41 38.362
2 42 87.825
2 44 51.718
2 48 5.731
2 49 42.093
3 4 20.589
3 7 8.979
3 9 16.097
3 10 84.815
3 11 34.902
3 14 53.076
3 15 46.937
3 16 70.581
3 19 22.408
3 21 53.086
3 23 77.861
3 26 34.15
3 28 38.587
3 31 53.37
3 33 10.588
3 34 6.403
3 35 61.051
3 37 97.112
3 38 22.461
3 40 14.02
3 46 56.029
4 5 72.035
4 6 95.312
4 7 39.453
4 10 25.509
4 11 55.668
4 13 22.522
4 14 66.799
4 15 36.085
4 18 95.515
4 20 71.311
4 21 24.113
4 22 37.23
4 23 85.222
4 24 35.265
4 27 26.025
4 28 60.943
4 30 56.338
4 31 32.347
4 33 65.805
4 34 18.673
4 38 50.619
4 39 63.248
4 42 64.199
4 44 68.38
4 49 70.497
5 6 35.395
5 8 51.616
5 9 88.291
5 10 92.712
5 15 89.406
5 16 27.562
5 19 97.884
5 25 3.258
5 28 97.75
5 29 50.142
5 30 11.002
5 31 99.326
5 35 71.963
5 38 31.102
5 40 61.504
5 41 79.847
5 42 88.435
5 44 51.557
5 45 15.678
5 47 68.673
5 48 53.047
6 7 39.182
6 10 11.267
6 13 30.489
6 14 59.805
6 17 16.066
6 18 70.199
6 21 92.197
6 23 1.285
6 26 44.796
6 27 28.936
6 28 43.474
6 31 39.881
6 32 52.349
6 33 12.359
6 34 93.09
6 36 22.339
6 39 93.896
6 40 66.463
6 41 55.104
6 43 22.36
6 46 8.304
6 48 14.248
6 49 6.97
7 10 34.216
7 11 60.741
7 20 33.435
7 22 5.35
7 23 47.597
7 24 4.131
7 25 96.114
7 26 6.967
7 27 73.093
7 32 72.946
7 33 24.228
7 34 65.878
7 35 34.711
7 36 86.875
7 40 57.028
7 43 98.965
7 44 53.319
7 47 66.784
7 48 35.845
8 10 63.343
8 15 99.282
8 16 77.851
8 17 86.962
8 21 6.106
8 22 15.589
8 23 30.942
8 24 97.817
8 25 9.648
8 30 26.36
8 32 63.836
8 34 53.167
8 35 91.436
8 36 54.137
8 37 24.357
8 40 36.628
8 41 61.624
8 44 13.042
8 45 82.082
8 46 87.094
8 47 64.786
8 48 39.8
9 10 64.335
9 11 62.145
9 12 90.374
9 15 16.295
9 17 63.197
9 18 13.944
9 20 19.779
9 24 91.864
9 28 78.872
9 29 69.431
9 31 72.52
9 34 15.067
9 37 43.156
9 38 68.974
9 39 73.513
9 40 19.66
9 49 67.526
10 13 63.434
10 14 57.217
10 15 43.395
10 16 32.677
10 17 83.948
10 18 81.028
10 19 44.031
10 21 0.989
10 23 43.029
10 24 40.088
10 25 43.19
10 27 79.326
10 29 67.322
10 30 31.741
10 35 93.446
10 36 50.928
10 39 94.028
10 40 6.203
10 41 87.231
10 43 19.184
10 44 77.289
10 47 39.357
10 48 97.901
10 49 30.643
11 13 66.415
11 16 99.604
11 19 35.766
11 20 43.646
11 21 46.95
11 22 3.192
11 23 67.316
11 25 65.66
11 32 75.3
11 33 14.029
11 35 23.628
11 39 42.622
11 42 31.799
11 43 15.429
12 15 78.545
12 16 26.714
12 17 29.539
12 18 48.637
12 20 36.707
12 21 71.733
12 23 6.703
12 24 84.259
12 26 76.09
12 31 41.698
12 33 14.773
12 35 97.359
12 36 19.903
12 37 63.948
12 38 52.508
12 39 37.428
12 40 5.775
12 41 57.547
12 43 36.832
12 47 94.676
12 48 38.886
12 49 34.13
13 14 16.323
13 16 7.377
13 20 13.702
13 21 95.149
13 22 18.151
13 23 14.917
13 24 4.957
13 25 49.348
13 28 32.383
13 30 18.594
13 34 24.754
13 35 49.376
13 39 68.471
13 43 29.322
13 44 23.187
13 48 41.809
13 49 47.554
14 15 34.363
14 16 39.786
14 19 17.292
14 21 25.765
14 22 66.216
14 23 8.427
14 25 91.173
14 26 50.629
14 28 15.84
14 29 80.823
14 30 45.351
14 32 13.787
14 35 93.454
14 36 39.529
14 39 85.379
14 42 16.595
14 43 31.097
14 45 24.456
14 47 43.69
14 48 28.146
15 22 24.078
15 23 76.47
15 24 80.931
15 26 89.072
15 28 88.474
15 30 98.288
15 31 84.477
15 32 55.977
15 36 0.197
15 41 30.949
15 45 16.37
15 46 11.341
15 49 61.651
16 20 58.223
16 21 96.281
16 22 18.975
16 23 73.1
16 25 43.256
16 26 20.925
16 27 11.075
16 28 82.847
16 29 28.963
16 30 17.676
16 31 42.747
16 36 50.404
16 38 6.045
16 39 0.829
16 40 32.683
16 42 40.229
16 44 16.811
16 46 45.834
16 47 18.704
16 48 71.658
16 49 72.585
17 18 94.484
17 19 61.505
17 23 98.124
17 24 81.465
17 25 28.349
17 26 69.262
17 29 18.524
17 32 97.371
17 36 47.178
17 39 87.466
17 42 71.995
17 45 31.872
17 47 74.497
17 48 88.438
18 20 76.859
18 23 8.796
18 25 1.951
18 27 89.079
18 31 92.921
18 32 64.686
18 33 67.024
18 36 36.772
18 43 38.51
19 20 33.434
19 21 84.891
19 22 55.449
19 24 70.064
19 30 59.246
19 32 40.028
19 34 93.737
19 37 96.611
19 38 89.176
19 39 59.715
19 41 21.644
19 45 55.922
19 46 33.445
19 47 91.679
19 48 79.871
19 49 27.676
20 22 93.364
20 24 5.667
20 27 33.801
20 35 31.857
20 36 5.677
20 39 21.165
20 40 30.08
20 45 83.805
20 46 36.699
21 22 28.696
21 26 84.199
21 27 44.673
21 30 11.527
21 31 38.816
21 35 7.902
21 36 66.55
21 38 68.705
21 39 30.564
21 40 6.011
21 42 48.607
21 47 34.47
22 23 74.62
22 26 78.938
22 27 69.965
22 31 39.798
22 33 59.694
22 36 10.438
22 37 41.339
22 39 83.598
22 44 56.022
22 45 16.795
22 46 81.74
22 49 89.9
23 25 42.937
23 27 82.18
23 28 71.323
23 32 35.934
23 33 44.077
23 35 45.854
23 37 44.508
23 38 16.698
23 39 85.739
23 40 0.104
23 43 32.739
23 45 9.902
23 49 59.446
24 29 93.787
24 31 10.634
24 32 35.346
24 33 0.419
24 36 6.274
24 37 59.556
24 38 97.294
24 39 88.932
24 40 22.03
24 41 63.806
24 43 0.453
24 44 57.201
24 48 90.16
24 49 90.487
25 26 84.562
25 27 29.025
25 29 57.552
25 31 50.508
25 32 20.032
25 33 38.274
25 34 63.954
25 35 54.241
25 36 88.716
25 38 70.753
25 40 11.469
25 44 57.622
25 45 52.922
25 47 24.925
26 27 1.905
26 28 53.17
26 30 91.46
26 31 38.461
26 33 4.424
26 34 30.331
26 37 1.616
26 38 15.288
26 41 63.86
26 42 85.701
26 43 93.593
26 45 59.427
26 48 67.661
27 28 67.239
27 29 64.739
27 31 39.792
27 34 27.353
27 39 49.272
27 40 30.583
27 41 67.578
27 42 13.672
27 43 72.259
27 45 45.563
27 48 26.567
28 29 70.709
28 33 16.19
28 36 58.093
28 38 21.533
28 39 42.96
28 41 45.316
28 43 66.663
28 44 77.13
28 45 28.611
28 47 75.069
29 33 56.684
29 34 19.549
29 36 88.721
29 39 82.68
29 41 53.198
29 43 50.981
29 45 11.142
29 46 83.848
29 48 24.99
29 49 70.709
30 33 80.524
30 35 83.229
30 37 12.563
30 38 73.431
30 42 77.453
30 43 98.243
30 45 0.91
30 46 89.278
31 35 13.997
31 37 61.904
31 38 45.741
31 39 46.442
31 40 28.744
31 41 79.75
31 44 7.853
31 46 72.224
31 47 39.011
31 48 51.142
31 49 86.246
32 35 54.18
32 36 61.355
32 38 95.366
32 39 92.354
32 40 14.725
32 43 76.55
32 48 51.66
33 35 59.584
33 36 71.311
33 39 28.387
33 42 98.645
33 43 71.995
33 44 83.629
33 45 6.763
33 46 43.633
33 48 96.33
34 35 81.717
34 41 84.911
34 43 57.462
34 44 96.179
34 47 68.13
34 49 83.833
35 36 21.944
35 37 57.694
35 39 50.254
35 40 82.12
35 41 80.39
35 42 1.273
35 43 42.884
35 44 94.348
35 45 53.238
35 46 48.687
35 49 94.784
36 37 91.404
36 43 0.442
36 44 95.125
36 45 82.574
36 46 50.242
37 38 7.135
37 39 25.745
37 41 30.503
37 42 26.263
37 46 50.767
37 47 13.295
37 48 84.419
38 42 73.484
38 43 55.092
38 45 28.088
38 46 51.125
38 48 14.301
39 40 62.566
39 41 61.268
39 44 58.621
39 45 8.81
39 46 63.37
39 47 5.483
39 48 38.572
39 49 16.761
40 41 60.204
40 43 91.055
40 44 61.004
40 45 67.872
40 46 16.772
40 47 9.79
41 45 28.622
41 47 47.628
41 49 63.237
42 44 56.584
42 45 33.309
42 48 57.51
42 49 53.858
43 46 17.14
43 47 49.469
43 49 53.587
44 45 27.476
44 48 13.341
45 46 41.165
45 48 9.23
46 47 42.259
46 49 46.77
47 48 68.4