40
0 1 42
0 2 17
0 3 75
0 4 15
0 5 90
0 6 60
0 7 94
0 14 27
0 20 94
0 24 28
0 25 3
0 28 13
0 32 2
0 34 30
0 39 66
1 5 35
1 7 96
1 9 1
1 10 12
1 17 31
1 24 15
1 26 10
1 27 24
1 28 88
1 29 39
1 34 57
1 35 99
1 36 37
1 37 75
1 38 94
2 3 28
2 9 1
2 13 25
2 19 98
2 25 53
2 36 10
2 37 78
2 38 68
2 39 64
3 4 54
3 5 11
3 9 72
3 10 23
3 16 97
3 23 94
3 24 14
3 25 10
3 27 32
3 36 94
3 38 71
3 39 35
4 5 71
4 9 56
4 10 96
4 14 13
4 16 6
4 18 61
4 22 92
4 23 66
4 30 71
4 32 18
4 36 12
4 38 72
5 6 62
5 8 31
5 13 59
5 14 92
5 17 5
5 19 8
5 24 88
5 25 73
5 27 34
5 30 45
5 39 99
6 8 11
6 9 68
6 10 47
6 14 21
6 15 18
6 17 76
6 19 25
6 25 8
6 27 81
6 28 48
6 36 66
6 38 60
6 39 51
7 8 54
7 9 22
7 11 81
7 13 13
7 16 89
7 24 94
7 25 14
7 26 71
7 30 68
7 31 28
7 34 98
7 37 97
8 10 98
8 12 35
8 17 10
8 19 53
8 21 60
8 22 13
8 28 70
8 32 68
8 35 12
8 37 62
8 38 90
9 11 80
9 12 7
9 14 78
9 22 39
9 23 60
9 25 31
9 26 45
9 29 62
9 33 38
9 38 44
9 39 55
10 16 66
10 20 25
10 23 60
10 33 71
10 34 11
10 36 47
11 12 88
11 19 24
11 25 82
11 26 11
11 29 78
11 32 17
11 35 65
12 16 87
12 17 66
12 18 89
12 23 54
12 24 93
12 25 91
12 26 16
12 30 13
12 32 15
12 34 49
12 36 72
12 37 55
12 39 94
13 17 93
13 21 93
13 22 21
13 24 77
13 28 28
13 29 85
13 31 50
13 32 65
13 34 17
13 37 54
14 15 10
14 17 71
14 20 72
14 25 2
14 33 96
14 35 76
14 38 71
15 16 36
15 19 44
15 24 27
15 25 99
15 32 24
15 35 20
15 36 43
16 19 48
16 23 65
16 24 59
16 27 21
16 29 16
16 30 29
16 32 22
16 37 88
17 18 29
17 20 15
17 21 91
17 22 64
17 29 83
17 39 9
18 22 9
18 27 73
18 28 85
18 30 96
18 31 62
18 33 59
18 35 61
18 36 29
19 21 9
19 26 8
19 27 41
19 30 2
19 31 80
19 35 8
20 21 67
20 31 11
20 33 16
20 37 97
21 22 30
21 23 37
21 34 12
21 36 60
22 25 93
22 28 44
22 30 25
22 32 54
22 33 75
22 36 29
23 25 93
23 29 40
23 33 22
23 38 33
23 39 20
24 29 49
24 31 32
24 32 44
24 34 55
25 26 23
25 29 19
25 37 45
25 39 37
26 39 48
27 28 27
27 34 34
27 38 17
28 30 9
28 31 97
28 32 18
28 33 14
28 34 67
28 35 54
28 36 37
29 33 13
29 35 76
29 36 34
29 37 75
29 38 28
30 31 57
30 34 47
30 35 61
30 37 32
31 33 44
31 36 88
32 34 18
32 36 27
33 38 46
35 37 76
36 38 10
36 39 68
37 39 78