48
0 1 68
0 2 63
0 3 50
0 4 22
0 5 39
0 6 27
0 7 83
0 8 7
0 9 14
0 10 7
0 11 50
0 12 1
0 13 55
0 14 32
0 15 32
0 16 54
0 17 18
0 18 93
0 19 4
0 20 43
0 21 71
0 22 89
0 23 9
0 24 60
0 25 2
0 26 74
0 27 56
0 28 17
0 29 35
0 30 94
0 31 94
0 32 96
0 33 74
0 34 23
0 35 58
0 36 75
0 37 67
0 38 38
0 39 63
0 40 30
0 41 76
0 42 17
0 43 75
0 44 17
0 45 70
0 46 53
0 47 35
1 2 13
1 3 80
1 4 42
1 5 14
1 6 56
1 7 35
1 8 84
1 9 63
1 10 51
1 11 4
1 12 41
1 13 69
1 14 50
1 15 42
1 16 43
1 17 12
1 18 71
1 19 64
1 20 53
1 21 95
1 22 26
1 23 53
1 24 15
1 25 79
1 26 97
1 27 17
1 28 33
1 29 44
1 30 79
1 31 69
1 32 46
1 33 71
1 34 32
1 35 41
1 36 10
1 37 48
1 38 67
1 39 20
1 40 88
1 41 16
1 42 5
1 43 1
1 44 90
1 45 9
1 46 57
1 47 23
2 3 32
2 4 76
2 5 20
2 6 23
2 7 60
2 8 35
2 9 25
2 10 98
2 11 29
2 12 77
2 13 29
2 14 56
2 15 80
2 16 15
2 17 82
2 18 53
2 19 96
2 20 4
2 21 89
2 22 57
2 23 98
2 24 36
2 25 8
2 26 65
2 27 57
2 28 17
2 29 28
2 30 6
2 31 96
2 32 22
2 33 25
2 34 47
2 35 82
2 36 38
2 37 14
2 38 16
2 39 97
2 40 55
2 41 25
2 42 56
2 43 12
2 44 9
2 45 68
2 46 36
2 47 2
3 4 18
3 5 34
3 6 51
3 7 74
3 8 17
3 9 50
3 10 13
3 11 35
3 12 6
3 13 70
3 14 5
3 15 52
3 16 87
3 17 30
3 18 6
3 19 44
3 20 97
3 21 16
3 22 96
3 23 60
3 24 78
3 25 68
3 26 85
3 27 8
3 28 86
3 29 56
3 30 80
3 31 95
3 32 76
3 33 79
3 34 81
3 35 91
3 36 78
3 37 91
3 38 19
3 39 73
3 40 59
3 41 22
3 42 17
3 43 86
3 44 68
3 45 30
3 46 5
3 47 54
4 5 17
4 6 41
4 7 55
4 8 13
4 9 42
4 10 21
4 11 28
4 12 20
4 13 60
4 14 17
4 15 22
4 16 3
4 17 28
4 18 55
4 19 28
4 20 96
4 21 2
4 22 58
4 23 67
4 24 71
4 25 38
4 26 58
4 27 93
4 28 82
4 29 98
4 30 61
4 31 40
4 32 55
4 33 10
4 34 16
4 35 58
4 36 15
4 37 1
4 38 83
4 39 22
4 40 27
4 41 14
4 42 32
4 43 35
4 44 74
4 45 53
4 46 20
4 47 24
5 6 37
5 7 27
5 8 52
5 9 93
5 10 67
5 11 38
5 12 35
5 13 69
5 14 72
5 15 4
5 16 86
5 17 87
5 18 99
5 19 19
5 20 2
5 21 61
5 22 88
5 23 56
5 24 81
5 25 47
5 26 74
5 27 60
5 28 45
5 29 26
5 30 67
5 31 84
5 32 27
5 33 60
5 34 91
5 35 17
5 36 42
5 37 50
5 38 42
5 39 50
5 40 90
5 41 43
5 42 67
5 43 36
5 44 76
5 45 67
5 46 54
5 47 23
6 7 62
6 8 19
6 9 6
6 10 39
6 11 29
6 12 96
6 13 20
6 14 32
6 15 97
6 16 51
6 17 10
6 18 10
6 19 14
6 20 80
6 21 41
6 22 84
6 23 84
6 24 86
6 25 80
6 26 27
6 27 65
6 28 75
6 29 19
6 30 84
6 31 37
6 32 38
6 33 45
6 34 33
6 35 16
6 36 24
6 37 71
6 38 79
6 39 54
6 40 31
6 41 78
6 42 42
6 43 39
6 44 8
6 45 25
6 46 76
6 47 85
7 8 96
7 9 6
7 10 91
7 11 34
7 12 33
7 13 87
7 14 39
7 15 76
7 16 27
7 17 66
7 18 35
7 19 44
7 20 91
7 21 95
7 22 35
7 23 61
7 24 31
7 25 45
7 26 93
7 27 82
7 28 52
7 29 5
7 30 77
7 31 44
7 32 52
7 33 68
7 34 49
7 35 42
7 36 79
7 37 45
7 38 21
7 39 80
7 40 67
7 41 61
7 42 81
7 43 66
7 44 88
7 45 47
7 46 32
7 47 2
8 9 46
8 10 11
8 11 54
8 12 87
8 13 21
8 14 44
8 15 72
8 16 46
8 17 42
8 18 47
8 19 75
8 20 8
8 21 49
8 22 66
8 23 90
8 24 41
8 25 46
8 26 48
8 27 60
8 28 22
8 29 26
8 30 73
8 31 37
8 32 90
8 33 77
8 34 16
8 35 70
8 36 26
8 37 96
8 38 64
8 39 37
8 40 57
8 41 24
8 42 15
8 43 94
8 44 39
8 45 4
8 46 86
8 47 42
9 10 43
9 11 48
9 12 72
9 13 5
9 14 6
9 15 10
9 16 13
9 17 83
9 18 29
9 19 81
9 20 80
9 21 82
9 22 56
9 23 29
9 24 69
9 25 54
9 26 52
9 27 9
9 28 3
9 29 27
9 30 38
9 31 51
9 32 48
9 33 63
9 34 71
9 35 71
9 36 73
9 37 43
9 38 82
9 39 54
9 40 66
9 41 17
9 42 67
9 43 84
9 44 41
9 45 94
9 46 82
9 47 45
10 11 17
10 12 6
10 13 29
10 14 13
10 15 53
10 16 54
10 17 19
10 18 53
10 19 14
10 20 70
10 21 76
10 22 88
10 23 66
10 24 66
10 25 38
10 26 7
10 27 60
10 28 77
10 29 37
10 30 61
10 31 33
10 32 90
10 33 93
10 34 72
10 35 15
10 36 17
10 37 68
10 38 38
10 39 34
10 40 70
10 41 5
10 42 59
10 43 33
10 44 22
10 45 26
10 46 62
10 47 75
11 12 76
11 13 32
11 14 23
11 15 49
11 16 17
11 17 93
11 18 74
11 19 18
11 20 95
11 21 54
11 22 95
11 23 43
11 24 92
11 25 33
11 26 7
11 27 58
11 28 5
11 29 16
11 30 51
11 31 25
11 32 98
11 33 90
11 34 30
11 35 57
11 36 19
11 37 28
11 38 67
11 39 82
11 40 3
11 41 55
11 42 88
11 43 85
11 44 79
11 45 77
11 46 29
11 47 47
12 13 36
12 14 63
12 15 83
12 16 44
12 17 59
12 18 29
12 19 21
12 20 82
12 21 26
12 22 79
12 23 5
12 24 84
12 25 87
12 26 4
12 27 90
12 28 25
12 29 52
12 30 11
12 31 3
12 32 81
12 33 96
12 34 96
12 35 18
12 36 14
12 37 90
12 38 95
12 39 32
12 40 67
12 41 51
12 42 39
12 43 37
12 44 51
12 45 98
12 46 35
12 47 32
13 14 71
13 15 14
13 16 91
13 17 92
13 18 62
13 19 88
13 20 50
13 21 94
13 22 58
13 23 1
13 24 68
13 25 39
13 26 21
13 27 90
13 28 82
13 29 53
13 30 55
13 31 19
13 32 63
13 33 3
13 34 62
13 35 32
13 36 78
13 37 60
13 38 69
13 39 51
13 40 80
13 41 1
13 42 29
13 43 29
13 44 62
13 45 36
13 46 92
13 47 87
14 15 42
14 16 26
14 17 50
14 18 26
14 19 19
14 20 1
14 21 42
14 22 15
14 23 35
14 24 91
14 25 61
14 26 5
14 27 8
14 28 95
14 29 94
14 30 64
14 31 42
14 32 52
14 33 59
14 34 72
14 35 16
14 36 37
14 37 35
14 38 49
14 39 47
14 40 96
14 41 22
14 42 6
14 43 11
14 44 60
14 45 90
14 46 12
14 47 28
15 16 44
15 17 77
15 18 36
15 19 40
15 20 45
15 21 84
15 22 10
15 23 74
15 24 85
15 25 44
15 26 26
15 27 31
15 28 74
15 29 43
15 30 21
15 31 93
15 32 50
15 33 70
15 34 33
15 35 21
15 36 64
15 37 8
15 38 52
15 39 45
15 40 98
15 41 63
15 42 66
15 43 57
15 44 71
15 45 9
15 46 41
15 47 8
16 17 57
16 18 40
16 19 4
16 20 3
16 21 18
16 22 84
16 23 62
16 24 2
16 25 15
16 26 13
16 27 38
16 28 20
16 29 43
16 30 52
16 31 10
16 32 68
16 33 76
16 34 77
16 35 34
16 36 57
16 37 58
16 38 45
16 39 81
16 40 10
16 41 91
16 42 68
16 43 38
16 44 93
16 45 7
16 46 91
16 47 11
17 18 77
17 19 21
17 20 19
17 21 78
17 22 68
17 23 77
17 24 53
17 25 63
17 26 85
17 27 73
17 28 82
17 29 47
17 30 71
17 31 68
17 32 28
17 33 53
17 34 5
17 35 41
17 36 34
17 37 75
17 38 79
17 39 78
17 40 1
17 41 98
17 42 21
17 43 20
17 44 65
17 45 55
17 46 89
17 47 66
18 19 76
18 20 19
18 21 99
18 22 35
18 23 80
18 24 99
18 25 85
18 26 66
18 27 60
18 28 37
18 29 67
18 30 14
18 31 44
18 32 22
18 33 16
18 34 60
18 35 90
18 36 89
18 37 36
18 38 3
18 39 27
18 40 70
18 41 72
18 42 62
18 43 34
18 44 15
18 45 43
18 46 81
18 47 20
19 20 12
19 21 6
19 22 21
19 23 64
19 24 21
19 25 58
19 26 7
19 27 67
19 28 73
19 29 67
19 30 97
19 31 98
19 32 44
19 33 5
19 34 44
19 35 94
19 36 58
19 37 7
19 38 7
19 39 33
19 40 49
19 41 64
19 42 39
19 43 27
19 44 4
19 45 5
19 46 95
19 47 78
20 21 94
20 22 50
20 23 62
20 24 66
20 25 48
20 26 98
20 27 74
20 28 60
20 29 93
20 30 95
20 31 97
20 32 61
20 33 19
20 34 57
20 35 60
20 36 9
20 37 65
20 38 41
20 39 28
20 40 63
20 41 64
20 42 81
20 43 80
20 44 60
20 45 21
20 46 98
20 47 82
21 22 42
21 23 60
21 24 59
21 25 64
21 26 35
21 27 86
21 28 40
21 29 30
21 30 62
21 31 3
21 32 83
21 33 13
21 34 1
21 35 88
21 36 31
21 37 98
21 38 33
21 39 30
21 40 34
21 41 70
21 42 82
21 43 15
21 44 17
21 45 68
21 46 88
21 47 7
22 23 56
22 24 64
22 25 17
22 26 4
22 27 25
22 28 70
22 29 36
22 30 31
22 31 61
22 32 58
22 33 24
22 34 6
22 35 86
22 36 73
22 37 53
22 38 75
22 39 64
22 40 84
22 41 40
22 42 73
22 43 72
22 44 76
22 45 32
22 46 49
22 47 87
23 24 71
23 25 46
23 26 77
23 27 85
23 28 50
23 29 33
23 30 40
23 31 97
23 32 80
23 33 53
23 34 31
23 35 37
23 36 62
23 37 9
23 38 59
23 39 41
23 40 57
23 41 5
23 42 20
23 43 25
23 44 34
23 45 26
23 46 47
23 47 73
24 25 59
24 26 83
24 27 40
24 28 59
24 29 11
24 30 41
24 31 27
24 32 83
24 33 8
24 34 54
24 35 84
24 36 64
24 37 67
24 38 50
24 39 43
24 40 93
24 41 52
24 42 51
24 43 50
24 44 26
24 45 55
24 46 75
24 47 68
25 26 98
25 27 61
25 28 66
25 29 33
25 30 88
25 31 23
25 32 53
25 33 84
25 34 5
25 35 48
25 36 36
25 37 72
25 38 47
25 39 56
25 40 26
25 41 60
25 42 9
25 43 30
25 44 82
25 45 93
25 46 95
25 47 17
26 27 62
26 28 54
26 29 38
26 30 88
26 31 89
26 32 4
26 33 73
26 34 88
26 35 84
26 36 27
26 37 91
26 38 55
26 39 7
26 40 61
26 41 70
26 42 30
26 43 25
26 44 94
26 45 45
26 46 42
26 47 28
27 28 29
27 29 98
27 30 18
27 31 97
27 32 10
27 33 53
27 34 69
27 35 59
27 36 43
27 37 83
27 38 89
27 39 32
27 40 5
27 41 57
27 42 31
27 43 77
27 44 26
27 45 92
27 46 74
27 47 68
28 29 21
28 30 67
28 31 46
28 32 41
28 33 10
28 34 73
28 35 54
28 36 51
28 37 31
28 38 98
28 39 65
28 40 27
28 41 54
28 42 55
28 43 11
28 44 57
28 45 3
28 46 41
28 47 82
29 30 30
29 31 47
29 32 99
29 33 69
29 34 86
29 35 59
29 36 3
29 37 64
29 38 24
29 39 88
29 40 34
29 41 94
29 42 30
29 43 33
29 44 29
29 45 1
29 46 92
29 47 10
30 31 69
30 32 97
30 33 89
30 34 72
30 35 37
30 36 78
30 37 27
30 38 27
30 39 76
30 40 86
30 41 43
30 42 65
30 43 20
30 44 83
30 45 81
30 46 53
30 47 74
31 32 58
31 33 50
31 34 84
31 35 32
31 36 14
31 37 55
31 38 55
31 39 32
31 40 57
31 41 22
31 42 29
31 43 21
31 44 75
31 45 94
31 46 45
31 47 54
32 33 75
32 34 30
32 35 52
32 36 55
32 37 3
32 38 74
32 39 89
32 40 38
32 41 61
32 42 85
32 43 59
32 44 63
32 45 72
32 46 47
32 47 21
33 34 78
33 35 72
33 36 73
33 37 29
33 38 72
33 39 98
33 40 25
33 41 89
33 42 76
33 43 47
33 44 14
33 45 6
33 46 7
33 47 93
34 35 48
34 36 33
34 37 8
34 38 44
34 39 8
34 40 86
34 41 71
34 42 36
34 43 92
34 44 33
34 45 1
34 46 64
34 47 68
35 36 56
35 37 24
35 38 15
35 39 3
35 40 28
35 41 33
35 42 53
35 43 26
35 44 64
35 45 87
35 46 24
35 47 65
36 37 4
36 38 49
36 39 49
36 40 77
36 41 40
36 42 2
36 43 41
36 44 88
36 45 4
36 46 8
36 47 86
37 38 76
37 39 13
37 40 30
37 41 30
37 42 13
37 43 47
37 44 15
37 45 45
37 46 2
37 47 68
38 39 75
38 40 63
38 41 74
38 42 38
38 43 35
38 44 3
38 45 8
38 46 71
38 47 7
39 40 35
39 41 28
39 42 59
39 43 61
39 44 31
39 45 66
39 46 77
39 47 82
40 41 94
40 42 36
40 43 33
40 44 93
40 45 90
40 46 92
40 47 25
41 42 90
41 43 86
41 44 72
41 45 99
41 46 66
41 47 87
42 43 89
42 44 89
42 45 17
42 46 36
42 47 9
43 44 50
43 45 67
43 46 19
43 47 85
44 45 16
44 46 11
44 47 19
45 46 94
45 47 34
46 47 24