50
0 3 11
0 42 66
1 3 59
1 32 22
2 36 59
2 25 55
3 5 97
3 6 14
4 3 87
4 18 35
5 34 34
5 44 16
6 44 61
6 9 76
7 42 87
7 19 60
8 33 50
8 1 16
9 19 76
9 18 9
10 27 2
10 45 38
11 6 89
11 4 43
12 36 10
12 45 3
13 45 76
13 35 88
14 4 39
14 48 65
15 45 70
15 20 64
16 31 78
16 15 30
17 37 53
17 11 45
18 28 78
18 2 71
19 17 6
19 44 35
20 28 14
20 45 5
21 32 9
21 10 81
22 37 32
22 19 15
23 46 97
23 45 21
24 7 89
24 12 52
25 46 80
25 47 36
26 40 48
26 27 59
27 45 94
27 29 7
28 11 17
28 2 3
29 7 27
29 48 64
30 32 58
30 41 29
31 36 75
31 40 3
32 45 52
32 11 25
33 18 92
33 11 98
34 24 33
34 29 75
35 38 53
35 37 97
36 15 92
36 44 8
37 9 58
37 3 28
38 34 24
38 36 33
39 40 92
39 18 84
40 44 73
40 9 27
41 25 89
41 16 79
42 5 24
42 23 40
43 31 42
43 29 56
44 15 21
44 0 40
45 28 64
45 22 13
46 49 34
46 2 13
47 22 8
47 41 52
48 42 5
48 49 5
49 34 4
49 25 7