46
0 1 26
0 2 71
0 3 27
0 4 71
0 5 22
0 6 41
0 7 38
0 8 46
0 9 82
0 10 98
0 11 49
0 12 38
0 13 14
0 14 90
0 15 64
0 16 78
0 17 43
0 18 83
0 19 80
0 20 45
0 21 46
0 22 76
0 23 32
0 24 91
0 25 7
0 26 4
0 27 58
0 28 56
0 29 72
0 30 29
0 31 27
0 32 87
0 33 91
0 34 20
0 35 75
0 36 7
0 37 24
0 38 76
0 39 66
0 40 69
0 41 77
0 42 96
0 43 90
0 44 54
0 45 54
1 2 55
1 3 95
1 4 95
1 5 85
1 6 77
1 7 10
1 8 10
1 9 40
1 10 79
1 11 4
1 12 3
1 13 58
1 14 99
1 15 58
1 16 21
1 17 53
1 18 11
1 19 71
1 20 15
1 21 75
1 22 79
1 23 60
1 24 50
1 25 24
1 26 41
1 27 90
1 28 52
1 29 61
1 30 48
1 31 93
1 32 52
1 33 50
1 34 35
1 35 84
1 36 85
1 37 40
1 38 32
1 39 87
1 40 9
1 41 64
1 42 56
1 43 60
1 44 25
1 45 55
2 3 58
2 4 97
2 5 31
2 6 46
2 7 68
2 8 62
2 9 73
2 10 61
2 11 66
2 12 40
2 13 12
2 14 92
2 15 98
2 16 73
2 17 8
2 18 92
2 19 69
2 20 32
2 21 70
2 22 93
2 23 19
2 24 47
2 25 98
2 26 6
2 27 40
2 28 89
2 29 63
2 30 97
2 31 75
2 32 35
2 33 94
2 34 32
2 35 33
2 36 22
2 37 78
2 38 36
2 39 33
2 40 41
2 41 92
2 42 86
2 43 18
2 44 88
2 45 11
3 4 90
3 5 56
3 6 51
3 7 2
3 8 48
3 9 62
3 10 2
3 11 48
3 12 57
3 13 48
3 14 79
3 15 56
3 16 7
3 17 94
3 18 6
3 19 55
3 20 52
3 21 57
3 22 83
3 23 94
3 24 16
3 25 5
3 26 82
3 27 13
3 28 3
3 29 28
3 30 76
3 31 21
3 32 62
3 33 90
3 34 52
3 35 15
3 36 48
3 37 43
3 38 50
3 39 68
3 40 74
3 41 76
3 42 82
3 43 78
3 44 34
3 45 37
4 5 75
4 6 89
4 7 66
4 8 71
4 9 16
4 10 92
4 11 81
4 12 53
4 13 48
4 14 11
4 15 62
4 16 71
4 17 19
4 18 85
4 19 39
4 20 84
4 21 80
4 22 3
4 23 59
4 24 85
4 25 94
4 26 34
4 27 60
4 28 47
4 29 60
4 30 1
4 31 6
4 32 22
4 33 39
4 34 87
4 35 49
4 36 41
4 37 4
4 38 99
4 39 51
4 40 5
4 41 4
4 42 15
4 43 11
4 44 8
4 45 77
5 6 4
5 7 50
5 8 47
5 9 61
5 10 35
5 11 77
5 12 12
5 13 74
5 14 60
5 15 53
5 16 57
5 17 73
5 18 38
5 19 45
5 20 21
5 21 40
5 22 11
5 23 45
5 24 49
5 25 38
5 26 58
5 27 31
5 28 3
5 29 79
5 30 78
5 31 34
5 32 53
5 33 24
5 34 39
5 35 52
5 36 37
5 37 61
5 38 83
5 39 83
5 40 89
5 41 95
5 42 81
5 43 52
5 44 77
5 45 25
6 7 53
6 8 39
6 9 84
6 10 13
6 11 37
6 12 20
6 13 34
6 14 47
6 15 79
6 16 26
6 17 85
6 18 58
6 19 71
6 20 43
6 21 5
6 22 30
6 23 70
6 24 10
6 25 3
6 26 89
6 27 33
6 28 61
6 29 78
6 30 15
6 31 9
6 32 68
6 33 27
6 34 52
6 35 74
6 36 88
6 37 8
6 38 52
6 39 63
6 40 90
6 41 13
6 42 97
6 43 77
6 44 21
6 45 6
7 8 65
7 9 81
7 10 14
7 11 80
7 12 44
7 13 12
7 14 28
7 15 79
7 16 52
7 17 86
7 18 47
7 19 76
7 20 66
7 21 89
7 22 32
7 23 95
7 24 12
7 25 14
7 26 73
7 27 47
7 28 1
7 29 13
7 30 11
7 31 43
7 32 59
7 33 35
7 34 44
7 35 97
7 36 14
7 37 42
7 38 35
7 39 9
7 40 29
7 41 55
7 42 70
7 43 23
7 44 15
7 45 92
8 9 67
8 10 69
8 11 2
8 12 85
8 13 92
8 14 63
8 15 98
8 16 54
8 17 43
8 18 57
8 19 17
8 20 80
8 21 43
8 22 89
8 23 39
8 24 1
8 25 38
8 26 56
8 27 40
8 28 49
8 29 36
8 30 35
8 31 87
8 32 51
8 33 52
8 34 15
8 35 5
8 36 89
8 37 90
8 38 20
8 39 76
8 40 44
8 41 38
8 42 9
8 43 71
8 44 53
8 45 24
9 10 11
9 11 60
9 12 25
9 13 95
9 14 43
9 15 72
9 16 49
9 17 63
9 18 23
9 19 98
9 20 39
9 21 79
9 22 13
9 23 3
9 24 7
9 25 13
9 26 52
9 27 89
9 28 59
9 29 64
9 30 5
9 31 84
9 32 99
9 33 21
9 34 38
9 35 63
9 36 27
9 37 81
9 38 90
9 39 15
9 40 39
9 41 92
9 42 85
9 43 16
9 44 9
9 45 3
10 11 70
10 12 51
10 13 84
10 14 23
10 15 11
10 16 57
10 17 88
10 18 79
10 19 31
10 20 48
10 21 21
10 22 1
10 23 27
10 24 20
10 25 59
10 26 88
10 27 3
10 28 78
10 29 4
10 30 14
10 31 65
10 32 4
10 33 49
10 34 3
10 35 63
10 36 35
10 37 29
10 38 63
10 39 44
10 40 58
10 41 82
10 42 29
10 43 30
10 44 97
10 45 44
11 12 87
11 13 56
11 14 35
11 15 29
11 16 13
11 17 80
11 18 57
11 19 52
11 20 58
11 21 51
11 22 56
11 23 8
11 24 64
11 25 62
11 26 16
11 27 72
11 28 23
11 29 26
11 30 90
11 31 54
11 32 92
11 33 81
11 34 80
11 35 90
11 36 37
11 37 76
11 38 76
11 39 53
11 40 34
11 41 1
11 42 54
11 43 34
11 44 44
11 45 65
12 13 62
12 14 54
12 15 97
12 16 35
12 17 98
12 18 7
12 19 14
12 20 89
12 21 25
12 22 23
12 23 21
12 24 98
12 25 20
12 26 23
12 27 10
12 28 5
12 29 39
12 30 70
12 31 16
12 32 93
12 33 48
12 34 85
12 35 25
12 36 26
12 37 45
12 38 81
12 39 60
12 40 55
12 41 51
12 42 11
12 43 62
12 44 63
12 45 76
13 14 50
13 15 16
13 16 31
13 17 49
13 18 31
13 19 72
13 20 97
13 21 19
13 22 46
13 23 46
13 24 86
13 25 3
13 26 56
13 27 35
13 28 25
13 29 79
13 30 84
13 31 75
13 32 4
13 33 78
13 34 10
13 35 51
13 36 57
13 37 61
13 38 49
13 39 92
13 40 19
13 41 19
13 42 76
13 43 40
13 44 34
13 45 27
14 15 52
14 16 35
14 17 99
14 18 98
14 19 93
14 20 16
14 21 8
14 22 47
14 23 66
14 24 98
14 25 57
14 26 2
14 27 4
14 28 39
14 29 74
14 30 62
14 31 13
14 32 17
14 33 36
14 34 41
14 35 43
14 36 97
14 37 89
14 38 37
14 39 37
14 40 54
14 41 6
14 42 41
14 43 56
14 44 70
14 45 54
15 16 14
15 17 82
15 18 53
15 19 92
15 20 74
15 21 59
15 22 89
15 23 18
15 24 66
15 25 2
15 26 38
15 27 4
15 28 66
15 29 66
15 30 10
15 31 78
15 32 36
15 33 41
15 34 30
15 35 1
15 36 26
15 37 55
15 38 7
15 39 30
15 40 95
15 41 30
15 42 8
15 43 37
15 44 34
15 45 91
16 17 50
16 18 57
16 19 25
16 20 29
16 21 79
16 22 15
16 23 4
16 24 10
16 25 28
16 26 83
16 27 60
16 28 11
16 29 81
16 30 60
16 31 1
16 32 95
16 33 24
16 34 93
16 35 92
16 36 36
16 37 35
16 38 84
16 39 27
16 40 94
16 41 23
16 42 18
16 43 68
16 44 46
16 45 90
17 18 70
17 19 17
17 20 33
17 21 57
17 22 65
17 23 26
17 24 49
17 25 99
17 26 92
17 27 95
17 28 38
17 29 14
17 30 24
17 31 87
17 32 51
17 33 20
17 34 86
17 35 86
17 36 16
17 37 68
17 38 96
17 39 12
17 40 49
17 41 31
17 42 57
17 43 65
17 44 85
17 45 61
18 19 24
18 20 68
18 21 51
18 22 75
18 23 15
18 24 69
18 25 77
18 26 29
18 27 25
18 28 20
18 29 48
18 30 2
18 31 97
18 32 61
18 33 90
18 34 39
18 35 65
18 36 23
18 37 14
18 38 47
18 39 84
18 40 59
18 41 32
18 42 2
18 43 22
18 44 20
18 45 97
19 20 28
19 21 76
19 22 45
19 23 81
19 24 65
19 25 18
19 26 12
19 27 82
19 28 32
19 29 10
19 30 17
19 31 3
19 32 19
19 33 72
19 34 37
19 35 2
19 36 7
19 37 4
19 38 42
19 39 13
19 40 55
19 41 23
19 42 16
19 43 63
19 44 44
19 45 74
20 21 88
20 22 2
20 23 15
20 24 40
20 25 43
20 26 83
20 27 71
20 28 46
20 29 57
20 30 69
20 31 38
20 32 83
20 33 90
20 34 63
20 35 29
20 36 22
20 37 4
20 38 11
20 39 38
20 40 16
20 41 39
20 42 20
20 43 54
20 44 25
20 45 93
21 22 75
21 23 19
21 24 30
21 25 33
21 26 57
21 27 24
21 28 68
21 29 27
21 30 33
21 31 5
21 32 32
21 33 45
21 34 77
21 35 71
21 36 96
21 37 3
21 38 21
21 39 91
21 40 28
21 41 5
21 42 70
21 43 55
21 44 17
21 45 36
22 23 78
22 24 75
22 25 78
22 26 67
22 27 50
22 28 29
22 29 22
22 30 50
22 31 55
22 32 8
22 33 64
22 34 3
22 35 55
22 36 14
22 37 77
22 38 26
22 39 79
22 40 68
22 41 17
22 42 42
22 43 43
22 44 84
22 45 92
23 24 74
23 25 32
23 26 80
23 27 50
23 28 53
23 29 20
23 30 63
23 31 22
23 32 96
23 33 30
23 34 5
23 35 5
23 36 27
23 37 2
23 38 6
23 39 83
23 40 3
23 41 50
23 42 76
23 43 19
23 44 18
23 45 3
24 25 73
24 26 66
24 27 61
24 28 14
24 29 56
24 30 66
24 31 51
24 32 33
24 33 39
24 34 40
24 35 10
24 36 92
24 37 50
24 38 32
24 39 77
24 40 6
24 41 7
24 42 13
24 43 13
24 44 89
24 45 10
25 26 70
25 27 38
25 28 4
25 29 76
25 30 4
25 31 61
25 32 82
25 33 49
25 34 44
25 35 48
25 36 31
25 37 20
25 38 80
25 39 91
25 40 78
25 41 29
25 42 10
25 43 19
25 44 21
25 45 75
26 27 77
26 28 91
26 29 16
26 30 22
26 31 35
26 32 7
26 33 81
26 34 62
26 35 12
26 36 80
26 37 73
26 38 90
26 39 82
26 40 36
26 41 62
26 42 52
26 43 16
26 44 39
26 45 62
27 28 35
27 29 11
27 30 70
27 31 81
27 32 59
27 33 3
27 34 91
27 35 26
27 36 16
27 37 56
27 38 31
27 39 97
27 40 14
27 41 28
27 42 98
27 43 70
27 44 89
27 45 94
28 29 75
28 30 28
28 31 35
28 32 65
28 33 68
28 34 9
28 35 79
28 36 31
28 37 85
28 38 92
28 39 16
28 40 50
28 41 98
28 42 43
28 43 51
28 44 52
28 45 74
29 30 16
29 31 70
29 32 20
29 33 63
29 34 65
29 35 46
29 36 60
29 37 90
29 38 32
29 39 42
29 40 91
29 41 59
29 42 35
29 43 41
29 44 89
29 45 29
30 31 94
30 32 72
30 33 40
30 34 28
30 35 28
30 36 13
30 37 47
30 38 99
30 39 95
30 40 49
30 41 31
30 42 1
30 43 88
30 44 44
30 45 33
31 32 10
31 33 4
31 34 35
31 35 46
31 36 79
31 37 72
31 38 77
31 39 8
31 40 18
31 41 55
31 42 5
31 43 10
31 44 72
31 45 1
32 33 74
32 34 28
32 35 11
32 36 87
32 37 38
32 38 56
32 39 99
32 40 64
32 41 63
32 42 69
32 43 64
32 44 60
32 45 5
33 34 59
33 35 76
33 36 11
33 37 66
33 38 64
33 39 73
33 40 14
33 41 82
33 42 30
33 43 59
33 44 51
33 45 54
34 35 41
34 36 33
34 37 53
34 38 58
34 39 31
34 40 38
34 41 5
34 42 51
34 43 67
34 44 70
34 45 94
35 36 89
35 37 92
35 38 19
35 39 69
35 40 39
35 41 44
35 42 83
35 43 63
35 44 77
35 45 9
36 37 6
36 38 46
36 39 59
36 40 30
36 41 81
36 42 37
36 43 35
36 44 54
36 45 46
37 38 42
37 39 33
37 40 5
37 41 4
37 42 59
37 43 50
37 44 19
37 45 74
38 39 91
38 40 43
38 41 2
38 42 46
38 43 51
38 44 22
38 45 62
39 40 17
39 41 92
39 42 52
39 43 16
39 44 92
39 45 80
40 41 6
40 42 67
40 43 39
40 44 85
40 45 70
41 42 61
41 43 62
41 44 31
41 45 31
42 43 3
42 44 67
42 45 78
43 44 39
43 45 93
44 45 15