38
0 4 1
0 1 1
0 2 1
0 3 1
1 7 1
1 4 1
1 2 1
2 5 1
3 5 1
3 11 1
3 6 1
3 12 1
4 11 1
4 5 1
5 8 1
6 11 1
6 9 1
7 10 1
7 11 1
8 11 1
9 11 1
9 12 1
10 13 1
11 13 1
11 16 1
11 14 1
11 18 1
11 15 1
11 12 1
12 15 1
13 16 1
14 17 1
15 21 1
16 31 1
16 22 1
17 19 1
17 20 1
17 18 1
18 20 1
18 23 1
18 21 1
19 22 1
19 23 1
20 23 1
21 23 1
21 30 1
22 25 1
22 26 1
22 23 1
23 26 1
23 30 1
23 24 1
24 27 1
25 28 1
25 29 1
26 29 1
27 30 1
28 32 1
28 29 1
29 32 1
30 32 1
30 33 1
31 34 1
31 37 1
32 35 1
32 36 1
33 36 1
34 37 1
35 37 1
35 36 1
36 37 1
