32
0 1 5
0 3 10
0 5 15
0 7 20
0 9 25
1 2 10
1 4 8
1 6 6
1 8 4
1 10 2
3 2 10
3 4 8
3 6 6
3 8 4
3 10 2
5 2 10
5 4 8
5 6 6
5 8 4
5 10 2
7 2 10
7 4 8
7 6 6
7 8 4
7 10 2
9 2 10
9 4 8
9 6 6
9 8 4
9 10 2
2 15 2
4 14 3
6 13 4
8 12 5
10 11 6
11 16 1
11 17 2
11 18 3
11 19 4
11 20 5
12 16 1
12 17 2
12 18 3
12 19 4
12 20 5
13 16 1
13 17 2
13 18 3
13 19 4
13 20 5
14 16 1
14 17 2
14 18 3
14 19 4
14 20 5
15 16 1
15 17 2
15 18 3
15 19 4
15 20 5
16 25 4
17 24 3
18 23 2
19 22 1
20 21 1
21 26 1
21 27 3
21 28 5
21 29 7
21 30 9
22 26 1
22 27 3
22 28 5
22 29 7
22 30 9
23 26 1
23 27 3
23 28 5
23 29 7
23 30 9
24 26 1
24 27 3
24 28 5
24 29 7
24 30 9
25 26 1
25 27 3
25 28 5
25 29 7
25 30 9
26 31 20
27 31 3
28 31 2
29 31 15
30 31 1