50
0 1 35.833
0 2 43.588
0 3 45.913
0 4 35.004
0 5 51.732
0 6 39.849
0 7 5.05
0 8 42.435
0 9 3.342
0 10 11.143
0 11 27.117
0 12 96.592
0 13 48.674
0 14 55.122
0 15 91.823
0 16 89.975
0 17 57.189
0 18 23.775
0 19 52.804
0 20 36.549
0 21 95.819
0 22 4.293
0 23 38.043
0 24 69.073
0 25 60.497
0 26 56.221
0 27 76.428
0 28 24.623
0 29 84.222
0 30 91.58
0 31 4.493
0 32 34.059
0 33 36.921
0 34 38.974
0 35 54.473
0 36 26.031
0 37 65.232
0 38 88.23
0 39 92.774
0 40 84.717
0 41 22.637
0 42 74.674
0 43 77.534
0 44 60.861
0 45 67.811
0 46 29.346
0 47 77.521
0 48 24.659
0 49 55.971
1 2 26.897
1 3 53.736
1 4 4.971
1 5 31.908
1 6 78.187
1 7 26.764
1 8 73.291
1 9 80.162
1 10 61.028
1 11 63.113
1 12 21.502
1 13 49.054
1 14 96.272
1 15 98.551
1 16 56.246
1 17 44.945
1 18 98.132
1 19 55.152
1 20 80.629
1 21 9.195
1 22 27.309
1 23 81.453
1 24 55.14
1 25 78.451
1 26 44.126
1 27 91.93
1 28 4.285
1 29 27.236
1 30 64.785
1 31 52.18
1 32 67.737
1 33 47.709
1 34 71.11
1 35 80.049
1 36 32.184
1 37 3.201
1 38 25.059
1 39 35.25
1 40 99.386
1 41 95.857
1 42 69.487
1 43 18.491
1 44 92.176
1 45 13.66
1 46 14.529
1 47 78.725
1 48 35.061
1 49 39.844
2 3 27.42
2 4 1.045
2 5 13.115
2 6 7.649
2 7 3.051
2 8 5.129
2 9 18.937
2 10 51.654
2 11 49.607
2 12 78.525
2 13 81.357
2 14 53.299
2 15 56.797
2 16 1.989
2 17 8.311
2 18 83.742
2 19 92.264
2 20 34.496
2 21 86.842
2 22 87.876
2 23 24.216
2 24 7.062
2 25 13.192
2 26 9.77
2 27 6.335
2 28 55.238
2 29 24.673
2 30 89.752
2 31 53.954
2 32 55.443
2 33 76.48
2 34 62.28
2 35 98.975
2 36 8.99
2 37 49.634
2 38 56.096
2 39 95.37
2 40 41.934
2 41 36.021
2 42 30.978
2 43 84.585
2 44 49.436
2 45 14.826
2 46 97.112
2 47 12.59
2 48 46.665
2 49 78.899
3 4 82.543
3 5 44.024
3 6 56.829
3 7 76.578
3 8 7.553
3 9 79.133
3 10 78.591
3 11 49.53
3 12 12.299
3 13 25.267
3 14 79.829
3 15 17.525
3 16 3.237
3 17 10.72
3 18 46.488
3 19 46.592
3 20 28.402
3 21 54.947
3 22 69.833
3 23 91.953
3 24 96.343
3 25 19.739
3 26 68.28
3 27 5.048
3 28 27.063
3 29 48.786
3 30 7.778
3 31 78.814
3 32 88.041
3 33 71.197
3 34 60.293
3 35 54.179
3 36 79.288
3 37 58.268
3 38 41.797
3 39 68.598
3 40 89.932
3 41 73.504
3 42 10.053
3 43 93.981
3 44 51.727
3 45 31.195
3 46 95.375
3 47 54.36
3 48 36.652
3 49 11.771
4 5 93.379
4 6 85.628
4 7 74.654
4 8 36.692
4 9 35.628
4 10 86.649
4 11 92.646
4 12 63.76
4 13 27.523
4 14 21.85
4 15 21.712
4 16 85.253
4 17 82.276
4 18 95.745
4 19 45.079
4 20 77.795
4 21 32.428
4 22 67.775
4 23 16.372
4 24 48.49
4 25 3.725
4 26 86.751
4 27 52.502
4 28 61.792
4 29 86.129
4 30 30.102
4 31 31.004
4 32 93.406
4 33 42.886
4 34 50.255
4 35 95.586
4 36 50.832
4 37 51.81
4 38 31.986
4 39 3.284
4 40 61.28
4 41 87.467
4 42 85.728
4 43 91.491
4 44 59.341
4 45 59.889
4 46 62.777
4 47 46.721
4 48 56.273
4 49 68.571
5 6 38.324
5 7 5.237
5 8 61.686
5 9 18.965
5 10 8.715
5 11 41.691
5 12 23.218
5 13 18.415
5 14 60.196
5 15 1.442
5 16 14.77
5 17 8.206
5 18 39.522
5 19 39.053
5 20 74.444
5 21 63.348
5 22 73.332
5 23 51.614
5 24 11.109
5 25 79.16
5 26 41.783
5 27 89.121
5 28 11.322
5 29 62.111
5 30 90.454
5 31 50.358
5 32 44.485
5 33 83.037
5 34 40.155
5 35 51.058
5 36 43.825
5 37 91.426
5 38 32.322
5 39 84.928
5 40 14.119
5 41 71.561
5 42 49.274
5 43 65.344
5 44 11.379
5 45 49.061
5 46 97.474
5 47 36.358
5 48 3.944
5 49 62.846
6 7 9.051
6 8 23.2
6 9 64.763
6 10 51.272
6 11 71.613
6 12 76.623
6 13 31.351
6 14 60.95
6 15 91.418
6 16 7.182
6 17 72.244
6 18 49.339
6 19 24.89
6 20 61.452
6 21 1.701
6 22 87.415
6 23 61.296
6 24 62.907
6 25 55.884
6 26 80.315
6 27 11.565
6 28 7.365
6 29 59.398
6 30 24.659
6 31 86.68
6 32 8.917
6 33 51.983
6 34 72.159
6 35 8.646
6 36 13.469
6 37 39.985
6 38 35.483
6 39 96.216
6 40 30.193
6 41 64.413
6 42 68.23
6 43 35.345
6 44 9.92
6 45 32.101
6 46 4.543
6 47 81.295
6 48 14.412
6 49 33.691
7 8 97.255
7 9 83.538
7 10 77.105
7 11 66.676
7 12 94.563
7 13 43.468
7 14 55.05
7 15 75.537
7 16 68.326
7 17 35.863
7 18 52.611
7 19 43.124
7 20 44.473
7 21 67.943
7 22 73.049
7 23 3.245
7 24 96.897
7 25 5.858
7 26 93.899
7 27 90.223
7 28 44.47
7 29 58.697
7 30 10.533
7 31 34.132
7 32 74.139
7 33 6.842
7 34 97.562
7 35 75.708
7 36 91.477
7 37 67.219
7 38 47.412
7 39 91.533
7 40 52.277
7 41 69.583
7 42 12.833
7 43 92.305
7 44 20.662
7 45 3.612
7 46 49.864
7 47 92.097
7 48 67.864
7 49 77.636
8 9 8.187
8 10 74.912
8 11 90.569
8 12 30.571
8 13 64.551
8 14 85.416
8 15 1.624
8 16 35.122
8 17 20.03
8 18 22.291
8 19 90.304
8 20 14.227
8 21 96.469
8 22 62.003
8 23 79.848
8 24 81.575
8 25 30.859
8 26 67.283
8 27 42.756
8 28 42.84
8 29 42.413
8 30 75.922
8 31 96.359
8 32 5.494
8 33 56.93
8 34 69.255
8 35 49.589
8 36 27.787
8 37 6.789
8 38 3.376
8 39 19.883
8 40 42.313
8 41 52.5
8 42 35.17
8 43 96.836
8 44 86.871
8 45 99.921
8 46 63.132
8 47 44.68
8 48 83.802
8 49 99.309
9 10 7.48
9 11 47.843
9 12 7.371
9 13 17.064
9 14 23.516
9 15 42.788
9 16 79.538
9 17 30.375
9 18 12.304
9 19 56.877
9 20 2.174
9 21 53.807
9 22 53.698
9 23 47.63
9 24 96.356
9 25 33.91
9 26 91.219
9 27 67.628
9 28 59.061
9 29 33.22
9 30 81.283
9 31 54.222
9 32 89.617
9 33 11.819
9 34 31.786
9 35 5.81
9 36 22.649
9 37 82.298
9 38 52.9
9 39 61.579
9 40 4.456
9 41 55.911
9 42 5.877
9 43 89.413
9 44 46.94
9 45 9.888
9 46 28.448
9 47 67.837
9 48 63.946
9 49 40.148
10 11 35.438
10 12 88.78
10 13 31.1
10 14 71.717
10 15 6.151
10 16 91.763
10 17 46.878
10 18 73.124
10 19 33.929
10 20 9.903
10 21 85.441
10 22 94.81
10 23 37.976
10 24 10.724
10 25 38.362
10 26 18.466
10 27 3.949
10 28 57.936
10 29 67.939
10 30 81.394
10 31 97.595
10 32 13.472
10 33 23.058
10 34 1.754
10 35 43.336
10 36 71.002
10 37 58.253
10 38 13.63
10 39 77.542
10 40 74.248
10 41 74.413
10 42 38.195
10 43 64.497
10 44 99.536
10 45 27.001
10 46 82.693
10 47 15.609
10 48 4.923
10 49 24.906
11 12 73.368
11 13 13.698
11 14 90.864
11 15 14.56
11 16 52.332
11 17 13.601
11 18 85.572
11 19 94.568
11 20 57.425
11 21 88.162
11 22 55.189
11 23 96.401
11 24 61.634
11 25 58.514
11 26 3.323
11 27 78.407
11 28 60.181
11 29 58.248
11 30 63.7
11 31 15.44
11 32 23.892
11 33 12.611
11 34 89.69
11 35 29.229
11 36 48.949
11 37 80.884
11 38 49.515
11 39 82.586
11 40 60.897
11 41 41.562
11 42 92.668
11 43 45.521
11 44 19.165
11 45 43.367
11 46 79.018
11 47 87.348
11 48 49.474
11 49 41.396
12 13 38.119
12 14 30.887
12 15 89.837
12 16 40.053
12 17 82.949
12 18 4.52
12 19 76.538
12 20 27.604
12 21 47.269
12 22 11.033
12 23 88.318
12 24 66.291
12 25 59.689
12 26 37.409
12 27 64.212
12 28 89.199
12 29 66.721
12 30 57.6
12 31 15.602
12 32 26.778
12 33 16.839
12 34 86.065
12 35 79.892
12 36 41.819
12 37 72.002
12 38 15.604
12 39 94.365
12 40 33.746
12 41 66.064
12 42 21.344
12 43 96.907
12 44 67.23
12 45 18.484
12 46 88.042
12 47 92.261
12 48 66.763
12 49 25.324
13 14 69.852
13 15 53.248
13 16 92.473
13 17 94.759
13 18 36.734
13 19 89.776
13 20 92.191
13 21 56.897
13 22 23.523
13 23 84.652
13 24 78.564
13 25 83.319
13 26 32.719
13 27 79.37
13 28 54.641
13 29 79.289
13 30 25.668
13 31 5.039
13 32 93.841
13 33 89.816
13 34 18.022
13 35 61.27
13 36 73.594
13 37 72.863
13 38 92.649
13 39 20.137
13 40 80.662
13 41 67.287
13 42 47.422
13 43 55.308
13 44 54.41
13 45 26.627
13 46 14.712
13 47 67.234
13 48 52.019
13 49 75.026
14 15 67.129
14 16 21.617
14 17 60.13
14 18 87.098
14 19 26.301
14 20 36.413
14 21 38.208
14 22 65.291
14 23 23.274
14 24 25.843
14 25 61.252
14 26 70.204
14 27 32.761
14 28 4.794
14 29 96.974
14 30 21.538
14 31 45.159
14 32 92.456
14 33 33.195
14 34 12.308
14 35 59.61
14 36 88.318
14 37 91.022
14 38 34.962
14 39 10.373
14 40 21.592
14 41 76.767
14 42 27.784
14 43 99.702
14 44 22.489
14 45 68.613
14 46 50.025
14 47 38.793
14 48 3.305
14 49 76.93
15 16 59.69
15 17 11.536
15 18 42.512
15 19 92.528
15 20 85.441
15 21 75.359
15 22 9.53
15 23 64.59
15 24 87.707
15 25 23.127
15 26 9.838
15 27 99.245
15 28 31.596
15 29 38.017
15 30 12.756
15 31 69.52
15 32 46.006
15 33 77.183
15 34 65.675
15 35 54.046
15 36 34.726
15 37 57.101
15 38 99.817
15 39 79.7
15 40 97.823
15 41 32.578
15 42 79.382
15 43 73.924
15 44 79.266
15 45 27.218
15 46 59.599
15 47 8.516
15 48 46.265
15 49 22.805
16 17 51.595
16 18 29.056
16 19 44.206
16 20 99.557
16 21 61.384
16 22 85.347
16 23 64.594
16 24 33.531
16 25 63.769
16 26 87.207
16 27 82.695
16 28 19.751
16 29 75.612
16 30 3.909
16 31 61.202
16 32 51.447
16 33 90.009
16 34 60.964
16 35 73.855
16 36 30.175
16 37 20.657
16 38 34.987
16 39 86.612
16 40 63.364
16 41 56.362
16 42 50.932
16 43 74.985
16 44 84.981
16 45 37.897
16 46 16.562
16 47 72.983
16 48 8.478
16 49 39.697
17 18 46.958
17 19 69.755
17 20 30.133
17 21 10.3
17 22 64.303
17 23 49.739
17 24 63.113
17 25 96.813
17 26 34.045
17 27 69.835
17 28 82.187
17 29 90.718
17 30 85.16
17 31 43.321
17 32 26.288
17 33 38.873
17 34 46.511
17 35 16.946
17 36 19.056
17 37 23.793
17 38 31.59
17 39 22.443
17 40 57.89
17 41 3.441
17 42 1.914
17 43 29.154
17 44 55.736
17 45 76.008
17 46 92.301
17 47 45.956
17 48 6.238
17 49 91.307
18 19 72.382
18 20 73.67
18 21 40.837
18 22 19.532
18 23 5.545
18 24 67.598
18 25 53.685
18 26 10.872
18 27 3.623
18 28 54.908
18 29 54.506
18 30 84.297
18 31 16.964
18 32 16.695
18 33 79.012
18 34 94.999
18 35 28.285
18 36 32.532
18 37 56.169
18 38 67.851
18 39 49.814
18 40 80.287
18 41 28.199
18 42 26.283
18 43 52.985
18 44 96.012
18 45 76.353
18 46 26.169
18 47 94.908
18 48 4.236
18 49 14.652
19 20 69.208
19 21 88.183
19 22 71.551
19 23 45.342
19 24 71.709
19 25 77.949
19 26 33.088
19 27 55.215
19 28 64.98
19 29 96.381
19 30 22.39
19 31 33.028
19 32 63.05
19 33 79.428
19 34 52.333
19 35 28.521
19 36 99.822
19 37 75.102
19 38 8.795
19 39 19.242
19 40 6.524
19 41 77.546
19 42 18.776
19 43 91.613
19 44 65.038
19 45 55.993
19 46 61.771
19 47 29.323
19 48 80.447
19 49 19.362
20 21 45.514
20 22 10.765
20 23 20.34
20 24 75.65
20 25 49.999
20 26 93.625
20 27 15.256
20 28 95.539
20 29 14.49
20 30 71.459
20 31 85.043
20 32 61.249
20 33 26.428
20 34 74.196
20 35 96.62
20 36 81.186
20 37 31.597
20 38 19.661
20 39 91.481
20 40 43.647
20 41 27.602
20 42 70.211
20 43 19.681
20 44 2.272
20 45 63.969
20 46 40.742
20 47 18.728
20 48 78.864
20 49 18.461
21 22 60.698
21 23 22.299
21 24 61.388
21 25 65.888
21 26 73.547
21 27 62.953
21 28 30.974
21 29 98.362
21 30 56.505
21 31 92.994
21 32 81.705
21 33 24.358
21 34 83.491
21 35 18.734
21 36 55.868
21 37 79.387
21 38 29.626
21 39 61.58
21 40 6.126
21 41 31.361
21 42 4.756
21 43 86.722
21 44 61.443
21 45 40.569
21 46 51.109
21 47 15.49
21 48 39.073
21 49 54.741
22 23 53.477
22 24 41.942
22 25 45.052
22 26 81.538
22 27 19.058
22 28 40.662
22 29 91.549
22 30 90.022
22 31 38.431
22 32 14.915
22 33 73.727
22 34 25.712
22 35 1.35
22 36 54.661
22 37 3.513
22 38 34.369
22 39 86.142
22 40 30.985
22 41 71.584
22 42 26.106
22 43 7.699
22 44 6.012
22 45 18.287
22 46 35.906
22 47 9.276
22 48 50.419
22 49 28.78
23 24 60.155
23 25 21.233
23 26 5.747
23 27 82.626
23 28 49.237
23 29 66.787
23 30 53.287
23 31 31.261
23 32 40.282
23 33 74.319
23 34 91.455
23 35 20.96
23 36 28.746
23 37 16.884
23 38 32.69
23 39 28.545
23 40 10.773
23 41 69.718
23 42 15.95
23 43 67.771
23 44 22.959
23 45 75.553
23 46 18.633
23 47 92.063
23 48 52.166
23 49 97.302
24 25 47.048
24 26 30.225
24 27 94.527
24 28 88.859
24 29 55.936
24 30 22.866
24 31 11.524
24 32 50.44
24 33 30.941
24 34 26.279
24 35 85.799
24 36 36.677
24 37 42.577
24 38 9.706
24 39 33.629
24 40 26.746
24 41 53.798
24 42 23.942
24 43 94.226
24 44 69.319
24 45 14.636
24 46 98.556
24 47 67.67
24 48 80.327
24 49 55.535
25 26 63.582
25 27 77.429
25 28 74.35
25 29 3.346
25 30 87.127
25 31 32.06
25 32 68.921
25 33 84.574
25 34 25.224
25 35 37.679
25 36 82.624
25 37 99.694
25 38 19.457
25 39 59.96
25 40 97.669
25 41 4.52
25 42 41.263
25 43 93.262
25 44 42.93
25 45 76.8
25 46 42.853
25 47 51.752
25 48 7.528
25 49 20.143
26 27 19.564
26 28 1.204
26 29 49.732
26 30 2.162
26 31 55.502
26 32 30.263
26 33 32.11
26 34 61.496
26 35 66.827
26 36 71.234
26 37 74.797
26 38 50.98
26 39 62.845
26 40 67.744
26 41 22.534
26 42 76.455
26 43 59.203
26 44 50.34
26 45 40.593
26 46 40.812
26 47 42.442
26 48 2.28
26 49 52.892
27 28 55.029
27 29 11.597
27 30 61.357
27 31 83.939
27 32 86.917
27 33 26.936
27 34 16.138
27 35 88.711
27 36 22.297
27 37 56.741
27 38 69.143
27 39 18.449
27 40 88.596
27 41 37.987
27 42 57.479
27 43 95.621
27 44 81.42
27 45 92.708
27 46 24.348
27 47 88.84
27 48 36.586
27 49 6.086
28 29 73.543
28 30 18.286
28 31 77.213
28 32 77.085
28 33 66.772
28 34 27.787
28 35 7.223
28 36 73.465
28 37 97.421
28 38 94.032
28 39 24.847
28 40 32.897
28 41 85.779
28 42 74.041
28 43 27.004
28 44 35.715
28 45 26.399
28 46 63.497
28 47 28.633
28 48 27.494
28 49 52.929
29 30 47.231
29 31 15.905
29 32 14.36
29 33 85.973
29 34 2.951
29 35 6.361
29 36 49.896
29 37 66.031
29 38 53.354
29 39 58.016
29 40 63.597
29 41 37.404
29 42 56.217
29 43 18.994
29 44 55.443
29 45 48.671
29 46 77.702
29 47 43.264
29 48 70.543
29 49 69.652
30 31 87.275
30 32 77.7
30 33 24.194
30 34 58.028
30 35 51.469
30 36 39.446
30 37 46.154
30 38 64.359
30 39 18.009
30 40 20.613
30 41 33.92
30 42 59.608
30 43 73.854
30 44 55.294
30 45 45.335
30 46 29.868
30 47 64.564
30 48 65.813
30 49 55.884
31 32 86.452
31 33 3.125
31 34 58.667
31 35 40.488
31 36 96.491
31 37 56.196
31 38 6.998
31 39 69.295
31 40 21.547
31 41 19.641
31 42 55.599
31 43 4.173
31 44 98.32
31 45 89.804
31 46 12.896
31 47 33.845
31 48 48.481
31 49 10.757
32 33 76.01
32 34 66.263
32 35 36.521
32 36 1.896
32 37 57.573
32 38 87.743
32 39 45.155
32 40 13.204
32 41 93.681
32 42 37.498
32 43 6.337
32 44 49.708
32 45 4.244
32 46 64.511
32 47 69.206
32 48 76.265
32 49 21.794
33 34 20.421
33 35 72.68
33 36 98.409
33 37 21.388
33 38 51.89
33 39 11.56
33 40 77.278
33 41 64.138
33 42 68.854
33 43 76.216
33 44 10.844
33 45 84.251
33 46 20.223
33 47 15.871
33 48 51.114
33 49 26.59
34 35 28.769
34 36 15.54
34 37 33.938
34 38 86.292
34 39 66.775
34 40 91.257
34 41 37.66
34 42 13.581
34 43 15.195
34 44 43.397
34 45 57.509
34 46 32.444
34 47 18.801
34 48 81.841
34 49 38.134
35 36 91.306
35 37 43.024
35 38 17.513
35 39 92.001
35 40 7.436
35 41 13.855
35 42 79.482
35 43 80.512
35 44 22.578
35 45 97.997
35 46 82.338
35 47 10.554
35 48 81.621
35 49 99.825
36 37 75.098
36 38 2.728
36 39 18.111
36 40 67.318
36 41 13.959
36 42 14.027
36 43 23.19
36 44 6.092
36 45 16.717
36 46 80.944
36 47 3.89
36 48 99.526
36 49 25.165
37 38 69.866
37 39 43.239
37 40 63.163
37 41 7.267
37 42 93.288
37 43 25.037
37 44 27.372
37 45 95.206
37 46 5.378
37 47 90.321
37 48 18.549
37 49 6.856
38 39 31.816
38 40 44.257
38 41 92.478
38 42 88.194
38 43 5.663
38 44 74.669
38 45 65.29
38 46 25.913
38 47 94.705
38 48 52.507
38 49 79.479
39 40 17.19
39 41 62.302
39 42 53.719
39 43 79.245
39 44 23.769
39 45 26.701
39 46 48.538
39 47 75.684
39 48 6.17
39 49 34.773
40 41 41.292
40 42 8.508
40 43 34.849
40 44 26.71
40 45 69.628
40 46 62.628
40 47 59.963
40 48 89.37
40 49 38.483
41 42 34.261
41 43 26.52
41 44 28.161
41 45 46.303
41 46 48.738
41 47 57.85
41 48 39.457
41 49 4.485
42 43 95.423
42 44 5.402
42 45 99.795
42 46 7.674
42 47 28.104
42 48 95.654
42 49 44.68
43 44 95.85
43 45 62.311
43 46 70.41
43 47 59.077
43 48 29.081
43 49 96.241
44 45 4.964
44 46 27.217
44 47 81.523
44 48 37.141
44 49 91.073
45 46 94.528
45 47 75.059
45 48 9.893
45 49 48.767
46 47 51.093
46 48 67.044
46 49 60.933
47 48 17.126
47 49 30.208
48 49 45.087
