50
0 1 1.23
0 2 2.34
1 2 8.4
1 4 5.6
2 3 8.3
3 1 9.8
3 10 99.1
4 2 16.4
4 5 22.3
4 11 4.55
5 10 8.91
5 20 7.65
6 2 1.4
6 7 1.2
7 8 8.7
7 10 4.21
8 11 4.5
9 12 8.7
9 5 78.2
12 5 34.2
13 11 89.1
13 15 55.3
14 15 38.6
14 22 33.4
15 18 2.87
16 4 2.02
16 12 8.38
17 16 6.5
17 6 3.3
17 20 2.3
17 22 2.2
18 2 5.4
18 7 8.4
19 18 7.21
19 29 2.1
20 0 3.4
20 1 88.21
21 8 20.2
21 22 10.4
21 23 87.3
22 4 72.3
22 10 12
23 24 3.24
23 25 66.7
24 29 24.4
24 17 44.3
25 29 27.5
25 5 33.2
26 29 0.5
26 7 22.2
27 9 0.55
27 29 45.87
28 16 32.1
28 29 1.1
29 3 7.45
29 6 8.77
30 2 5.6
30 22 7.4
30 12 87.2
31 8 33.4
31 30 45.5
31 32 3.2
32 23 8.9
32 45 1.2
33 27 33.4
33 39 3.4
34 39 44.5
34 40 58.3
35 7 8.3
35 23 72.2
36 37 3.4
37 44 8.1
37 8 2.3
38 33 2.4
38 39 2.2
39 1 42.4
39 40 65.5
40 21 3.8
41 2 3.2
41 22 5.5
42 20 22.4
42 9 3.2
43 44 4.8
43 45 22.2
44 40 91.1
45 41 4.2
45 25 2.9
46 42 3.3
46 18 4.2
47 34 84.2
47 42 24.5
48 36 7.34
48 45 8.45
49 29 9.2
49 48 10.2