50
0 0 72
0 1 67
0 2 18
0 3 53
0 4 79
0 5 46
0 6 10
0 7 9
0 8 43
0 9 20
0 10 96
0 11 61
0 12 5
0 13 38
0 14 94
0 15 89
0 16 82
0 17 84
0 18 69
0 19 13
0 20 6
0 21 67
0 22 11
0 23 16
0 24 26
0 25 29
0 26 33
0 27 72
0 28 67
0 29 25
0 30 48
0 31 36
0 32 15
0 33 89
0 34 20
0 35 20
0 36 20
0 37 76
0 38 11
0 39 46
0 40 5
0 41 28
0 42 44
0 43 44
0 44 30
0 45 33
0 46 63
0 47 82
0 48 86
0 49 44
1 1 36
1 2 97
1 3 55
1 4 60
1 5 53
1 6 64
1 7 72
1 8 19
1 9 36
1 10 12
1 11 81
1 12 33
1 13 15
1 14 40
1 15 42
1 16 33
1 17 28
1 18 44
1 19 97
1 20 18
1 21 85
1 22 56
1 23 53
1 24 71
1 25 65
1 26 39
1 27 58
1 28 8
1 29 86
1 30 59
1 31 93
1 32 70
1 33 26
1 34 35
1 35 71
1 36 93
1 37 71
1 38 82
1 39 90
1 40 19
1 41 96
1 42 27
1 43 19
1 44 97
1 45 62
1 46 3
1 47 4
1 48 7
1 49 64
2 2 33
2 3 37
2 4 10
2 5 96
2 6 49
2 7 92
2 8 5
2 9 78
2 10 40
2 11 46
2 12 71
2 13 84
2 14 43
2 15 45
2 16 23
2 17 62
2 18 46
2 19 35
2 20 36
2 21 42
2 22 92
2 23 39
2 24 64
2 25 86
2 26 94
2 27 74
2 28 29
2 29 57
2 30 8
2 31 65
2 32 52
2 33 49
2 34 99
2 35 60
2 36 47
2 37 3
2 38 85
2 39 82
2 40 4
2 41 81
2 42 50
2 43 78
2 44 5
2 45 44
2 46 99
2 47 76
2 48 49
2 49 93
3 3 48
3 4 51
3 5 79
3 6 2
3 7 29
3 8 47
3 9 86
3 10 84
3 11 47
3 12 37
3 13 82
3 14 25
3 15 49
3 16 1
3 17 57
3 18 86
3 19 89
3 20 49
3 21 93
3 22 70
3 23 80
3 24 61
3 25 78
3 26 5
3 27 6
3 28 65
3 29 50
3 30 79
3 31 31
3 32 85
3 33 84
3 34 34
3 35 18
3 36 14
3 37 46
3 38 82
3 39 81
3 40 88
3 41 66
3 42 84
3 43 64
3 44 67
3 45 1
3 46 35
3 47 62
3 48 44
3 49 94
4 4 36
4 5 17
4 6 84
4 7 25
4 8 74
4 9 94
4 10 18
4 11 50
4 12 1
4 13 10
4 14 98
4 15 39
4 16 20
4 17 12
4 18 7
4 19 80
4 20 89
4 21 7
4 22 70
4 23 28
4 24 75
4 25 54
4 26 61
4 27 25
4 28 48
4 29 93
4 30 85
4 31 68
4 32 80
4 33 55
4 34 8
4 35 21
4 36 52
4 37 60
4 38 77
4 39 99
4 40 42
4 41 4
4 42 90
4 43 39
4 44 84
4 45 20
4 46 9
4 47 30
4 48 73
4 49 16
5 5 42
5 6 19
5 7 2
5 8 12
5 9 66
5 10 5
5 11 54
5 12 55
5 13 25
5 14 17
5 15 80
5 16 58
5 17 66
5 18 59
5 19 82
5 20 55
5 21 56
5 22 80
5 23 10
5 24 5
5 25 56
5 26 1
5 27 89
5 28 13
5 29 98
5 30 80
5 31 45
5 32 17
5 33 14
5 34 28
5 35 23
5 36 64
5 37 55
5 38 91
5 39 56
5 40 57
5 41 36
5 42 17
5 43 42
5 44 56
5 45 29
5 46 71
5 47 76
5 48 19
5 49 24
6 6 47
6 7 34
6 8 76
6 9 45
6 10 49
6 11 87
6 12 32
6 13 53
6 14 80
6 15 45
6 16 54
6 17 35
6 18 46
6 19 84
6 20 21
6 21 30
6 22 34
6 23 35
6 24 60
6 25 56
6 26 38
6 27 4
6 28 57
6 29 50
6 30 19
6 31 15
6 32 67
6 33 59
6 34 67
6 35 66
6 36 89
6 37 55
6 38 56
6 39 78
6 40 89
6 41 14
6 42 44
6 43 17
6 44 35
6 45 67
6 46 9
6 47 27
6 48 58
6 49 6
7 7 19
7 8 56
7 9 12
7 10 14
7 11 28
7 12 5
7 13 42
7 14 95
7 15 28
7 16 68
7 17 23
7 18 53
7 19 75
7 20 65
7 21 4
7 22 1
7 23 27
7 24 74
7 25 55
7 26 82
7 27 34
7 28 23
7 29 44
7 30 38
7 31 16
7 32 28
7 33 28
7 34 84
7 35 4
7 36 58
7 37 25
7 38 31
7 39 98
7 40 75
7 41 82
7 42 53
7 43 42
7 44 70
7 45 43
7 46 3
7 47 20
7 48 36
7 49 22
8 8 89
8 9 31
8 10 18
8 11 98
8 12 19
8 13 49
8 14 94
8 15 22
8 16 93
8 17 51
8 18 31
8 19 67
8 20 14
8 21 14
8 22 88
8 23 45
8 24 5
8 25 89
8 26 30
8 27 91
8 28 8
8 29 6
8 30 96
8 31 60
8 32 96
8 33 75
8 34 58
8 35 56
8 36 19
8 37 40
8 38 17
8 39 36
8 40 61
8 41 91
8 42 5
8 43 48
8 44 64
8 45 5
8 46 5
8 47 38
8 48 25
8 49 1
9 9 37
9 10 68
9 11 18
9 12 91
9 13 68
9 14 49
9 15 21
9 16 22
9 17 84
9 18 74
9 19 1
9 20 88
9 21 29
9 22 63
9 23 10
9 24 95
9 25 64
9 26 94
9 27 20
9 28 15
9 29 51
9 30 71
9 31 14
9 32 4
9 33 60
9 34 79
9 35 82
9 36 97
9 37 93
9 38 11
9 39 32
9 40 71
9 41 68
9 42 49
9 43 60
9 44 50
9 45 45
9 46 52
9 47 87
9 48 92
9 49 62
10 10 95
10 11 37
10 12 80
10 13 21
10 14 58
10 15 6
10 16 21
10 17 75
10 18 85
10 19 56
10 20 12
10 21 35
10 22 40
10 23 48
10 24 50
10 25 94
10 26 23
10 27 70
10 28 1
10 29 2
10 30 7
10 31 70
10 32 47
10 33 97
10 34 20
10 35 46
10 36 27
10 37 15
10 38 73
10 39 34
10 40 49
10 41 4
10 42 35
10 43 21
10 44 47
10 45 10
10 46 27
10 47 45
10 48 97
10 49 85
11 11 17
11 12 94
11 13 21
11 14 67
11 15 42
11 16 88
11 17 54
11 18 62
11 19 21
11 20 65
11 21 88
11 22 29
11 23 58
11 24 90
11 25 33
11 26 46
11 27 29
11 28 61
11 29 76
11 30 34
11 31 16
11 32 95
11 33 73
11 34 14
11 35 65
11 36 85
11 37 52
11 38 12
11 39 96
11 40 42
11 41 82
11 42 76
11 43 84
11 44 99
11 45 46
11 46 2
11 47 10
11 48 99
11 49 10
12 12 63
12 13 38
12 14 18
12 15 98
12 16 81
12 17 23
12 18 64
12 19 50
12 20 38
12 21 24
12 22 48
12 23 42
12 24 55
12 25 97
12 26 63
12 27 65
12 28 45
12 29 6
12 30 5
12 31 24
12 32 85
12 33 88
12 34 98
12 35 42
12 36 73
12 37 6
12 38 64
12 39 44
12 40 71
12 41 71
12 42 94
12 43 30
12 44 69
12 45 63
12 46 70
12 47 60
12 48 60
12 49 61
13 13 43
13 14 33
13 15 34
13 16 35
13 17 52
13 18 74
13 19 14
13 20 60
13 21 58
13 22 49
13 23 77
13 24 54
13 25 78
13 26 96
13 27 80
13 28 74
13 29 19
13 30 50
13 31 87
13 32 31
13 33 70
13 34 77
13 35 48
13 36 64
13 37 23
13 38 67
13 39 34
13 40 53
13 41 38
13 42 32
13 43 78
13 44 19
13 45 22
13 46 57
13 47 45
13 48 7
13 49 46
14 14 84
14 15 19
14 16 58
14 17 9
14 18 27
14 19 42
14 20 52
14 21 26
14 22 38
14 23 86
14 24 30
14 25 73
14 26 17
14 27 63
14 28 56
14 29 85
14 30 44
14 31 3
14 32 9
14 33 99
14 34 13
14 35 85
14 36 70
14 37 21
14 38 34
14 39 40
14 40 61
14 41 36
14 42 59
14 43 73
14 44 57
14 45 56
14 46 81
14 47 83
14 48 36
14 49 25
15 15 70
15 16 22
15 17 61
15 18 86
15 19 65
15 20 76
15 21 46
15 22 15
15 23 76
15 24 91
15 25 10
15 26 42
15 27 95
15 28 92
15 29 62
15 30 74
15 31 78
15 32 79
15 33 93
15 34 2
15 35 20
15 36 95
15 37 8
15 38 47
15 39 16
15 40 67
15 41 94
15 42 25
15 43 38
15 44 10
15 45 73
15 46 5
15 47 95
15 48 97
15 49 66
16 16 95
16 17 21
16 18 76
16 19 64
16 20 58
16 21 2
16 22 79
16 23 97
16 24 98
16 25 96
16 26 65
16 27 69
16 28 87
16 29 31
16 30 78
16 31 21
16 32 74
16 33 72
16 34 17
16 35 92
16 36 1
16 37 20
16 38 97
16 39 91
16 40 47
16 41 73
16 42 3
16 43 5
16 44 79
16 45 58
16 46 87
16 47 27
16 48 50
16 49 18
17 17 41
17 18 54
17 19 24
17 20 37
17 21 83
17 22 10
17 23 43
17 24 30
17 25 53
17 26 64
17 27 82
17 28 21
17 29 96
17 30 68
17 31 81
17 32 44
17 33 36
17 34 56
17 35 21
17 36 94
17 37 21
17 38 45
17 39 17
17 40 65
17 41 42
17 42 59
17 43 42
17 44 97
17 45 18
17 46 58
17 47 82
17 48 27
17 49 97
18 18 79
18 19 90
18 20 38
18 21 7
18 22 64
18 23 23
18 24 49
18 25 49
18 26 11
18 27 80
18 28 41
18 29 64
18 30 64
18 31 32
18 32 92
18 33 60
18 34 50
18 35 5
18 36 57
18 37 5
18 38 82
18 39 27
18 40 43
18 41 95
18 42 3
18 43 61
18 44 4
18 45 81
18 46 93
18 47 50
18 48 65
18 49 80
19 19 17
19 20 48
19 21 30
19 22 87
19 23 65
19 24 22
19 25 55
19 26 1
19 27 19
19 28 50
19 29 16
19 30 91
19 31 1
19 32 28
19 33 5
19 34 14
19 35 30
19 36 42
19 37 93
19 38 30
19 39 98
19 40 69
19 41 59
19 42 79
19 43 9
19 44 54
19 45 77
19 46 42
19 47 87
19 48 12
19 49 10
20 20 60
20 21 61
20 22 91
20 23 19
20 24 44
20 25 85
20 26 97
20 27 24
20 28 80
20 29 12
20 30 18
20 31 79
20 32 3
20 33 78
20 34 13
20 35 26
20 36 80
20 37 53
20 38 2
20 39 21
20 40 36
20 41 18
20 42 17
20 43 67
20 44 51
20 45 17
20 46 67
20 47 28
20 48 85
20 49 26
21 21 30
21 22 26
21 23 78
21 24 77
21 25 81
21 26 64
21 27 51
21 28 52
21 29 68
21 30 13
21 31 7
21 32 81
21 33 11
21 34 17
21 35 46
21 36 42
21 37 38
21 38 27
21 39 17
21 40 95
21 41 58
21 42 13
21 43 23
21 44 28
21 45 9
21 46 72
21 47 73
21 48 39
21 49 20
22 22 96
22 23 99
22 24 13
22 25 92
22 26 88
22 27 78
22 28 62
22 29 95
22 30 87
22 31 37
22 32 11
22 33 10
22 34 13
22 35 43
22 36 14
22 37 59
22 38 73
22 39 63
22 40 94
22 41 21
22 42 10
22 43 56
22 44 61
22 45 65
22 46 14
22 47 89
22 48 2
22 49 11
23 23 62
23 24 34
23 25 94
23 26 56
23 27 58
23 28 67
23 29 17
23 30 81
23 31 1
23 32 40
23 33 33
23 34 11
23 35 67
23 36 53
23 37 11
23 38 58
23 39 58
23 40 88
23 41 50
23 42 23
23 43 88
23 44 31
23 45 47
23 46 11
23 47 16
23 48 8
23 49 46
24 24 13
24 25 52
24 26 42
24 27 10
24 28 44
24 29 22
24 30 39
24 31 10
24 32 26
24 33 72
24 34 33
24 35 5
24 36 37
24 37 24
24 38 19
24 39 50
24 40 38
24 41 79
24 42 92
24 43 22
24 44 29
24 45 77
24 46 30
24 47 52
24 48 50
24 49 49
25 25 76
25 26 1
25 27 91
25 28 50
25 29 63
25 30 19
25 31 72
25 32 34
25 33 17
25 34 42
25 35 30
25 36 40
25 37 7
25 38 99
25 39 8
25 40 1
25 41 28
25 42 38
25 43 10
25 44 55
25 45 65
25 46 95
25 47 51
25 48 36
25 49 87
26 26 26
26 27 76
26 28 49
26 29 66
26 30 83
26 31 30
26 32 85
26 33 45
26 34 41
26 35 97
26 36 74
26 37 57
26 38 70
26 39 81
26 40 99
26 41 87
26 42 63
26 43 95
26 44 20
26 45 53
26 46 41
26 47 28
26 48 93
26 49 17
27 27 38
27 28 73
27 29 19
27 30 59
27 31 23
27 32 80
27 33 71
27 34 62
27 35 87
27 36 51
27 37 45
27 38 39
27 39 18
27 40 73
27 41 79
27 42 7
27 43 91
27 44 3
27 45 91
27 46 45
27 47 3
27 48 60
27 49 77
28 28 57
28 29 8
28 30 23
28 31 27
28 32 15
28 33 60
28 34 5
28 35 20
28 36 76
28 37 98
28 38 95
28 39 40
28 40 58
28 41 70
28 42 79
28 43 28
28 44 7
28 45 21
28 46 43
28 47 11
28 48 35
28 49 36
29 29 74
29 30 88
29 31 88
29 32 71
29 33 42
29 34 10
29 35 96
29 36 6
29 37 27
29 38 42
29 39 7
29 40 71
29 41 50
29 42 63
29 43 89
29 44 76
29 45 91
29 46 8
29 47 8
29 48 94
29 49 77
30 30 42
30 31 45
30 32 11
30 33 9
30 34 54
30 35 76
30 36 95
30 37 36
30 38 91
30 39 45
30 40 96
30 41 99
30 42 81
30 43 45
30 44 6
30 45 33
30 46 82
30 47 70
30 48 66
30 49 99
31 31 81
31 32 83
31 33 37
31 34 17
31 35 6
31 36 85
31 37 24
31 38 43
31 39 71
31 40 97
31 41 52
31 42 4
31 43 90
31 44 69
31 45 8
31 46 5
31 47 88
31 48 93
31 49 69
32 32 11
32 33 23
32 34 11
32 35 89
32 36 98
32 37 30
32 38 31
32 39 85
32 40 84
32 41 34
32 42 56
32 43 48
32 44 42
32 45 37
32 46 66
32 47 78
32 48 97
32 49 63
33 33 53
33 34 26
33 35 79
33 36 99
33 37 66
33 38 84
33 39 79
33 40 74
33 41 1
33 42 29
33 43 44
33 44 92
33 45 97
33 46 38
33 47 44
33 48 44
33 49 4
34 34 88
34 35 50
34 36 1
34 37 60
34 38 47
34 39 29
34 40 16
34 41 59
34 42 43
34 43 8
34 44 64
34 45 42
34 46 86
34 47 93
34 48 78
34 49 56
35 35 83
35 36 3
35 37 48
35 38 5
35 39 65
35 40 77
35 41 15
35 42 26
35 43 50
35 44 28
35 45 55
35 46 81
35 47 4
35 48 16
35 49 28
36 36 43
36 37 21
36 38 56
36 39 54
36 40 24
36 41 4
36 42 77
36 43 86
36 44 20
36 45 80
36 46 56
36 47 79
36 48 91
36 49 57
37 37 67
37 38 58
37 39 98
37 40 46
37 41 91
37 42 61
37 43 59
37 44 68
37 45 23
37 46 92
37 47 12
37 48 39
37 49 11
38 38 83
38 39 81
38 40 9
38 41 63
38 42 4
38 43 55
38 44 5
38 45 53
38 46 23
38 47 23
38 48 94
38 49 62
39 39 54
39 40 64
39 41 81
39 42 53
39 43 5
39 44 16
39 45 24
39 46 27
39 47 20
39 48 44
39 49 78
40 40 70
40 41 61
40 42 17
40 43 85
40 44 68
40 45 62
40 46 54
40 47 37
40 48 72
40 49 48
41 41 72
41 42 60
41 43 88
41 44 50
41 45 57
41 46 50
41 47 21
41 48 40
41 49 21
42 42 58
42 43 51
42 44 41
42 45 82
42 46 4
42 47 78
42 48 35
42 49 12
43 43 77
43 44 40
43 45 80
43 46 77
43 47 86
43 48 96
43 49 52
44 44 80
44 45 92
44 46 67
44 47 51
44 48 63
44 49 70
45 45 3
45 46 97
45 47 59
45 48 37
45 49 94
46 46 32
46 47 71
46 48 97
46 49 93
47 47 88
47 48 96
47 49 22
48 48 96
48 49 52
49 49 51