50
0 1 1
0 2 1
0 7 1
0 23 1
1 3 1
1 2 1
2 7 1
3 4 5
3 5 1
3 6 5
4 9 5
4 5 1
5 6 1
5 9 1
6 9 5
6 7 1
7 8 1
7 25 1
8 25 1
9 10 10
9 11 11
9 12 12
9 13 13
9 14 14
9 15 15
9 16 16
9 17 17
9 18 18
9 19 19
9 20 20
9 21 21
9 22 22
10 25 1
11 25 1
12 25 1
13 25 1
14 25 1
15 25 1
16 25 1
17 25 1
18 25 1
19 25 1
20 25 1
21 25 1
22 25 1
23 25 1
23 24 1
24 25 1
25 26 1
25 27 1
25 32 1
25 48 1
26 28 1
26 27 1
27 32 1
28 29 5
28 30 1
28 31 5
29 34 5
29 30 1
30 31 1
30 34 1
31 34 5
31 32 1
32 33 1
32 49 1
33 49 1
34 35 10
34 36 11
34 37 12
34 38 13
34 39 14
34 40 15
34 41 16
34 42 17
34 43 18
34 44 19
34 45 20
34 46 21
34 47 22
35 49 1
36 49 1
37 49 1
38 49 1
39 49 1
40 49 1
41 49 1
42 49 1
43 49 1
44 49 1
45 49 1
46 49 1
47 49 1
48 49 1