50
0 1 68.894
0 2 9.112
0 3 77.207
0 4 89.794
0 5 6.556
0 6 44.943
0 7 96.541
0 8 12.085
0 9 60.776
0 10 40.972
0 11 63.638
0 12 99.864
0 13 21.87
0 14 18.376
0 15 11.561
0 16 18.488
0 17 64.01
0 18 34.401
0 19 38.515
0 20 34.542
0 21 42.34
0 22 15.089
0 23 72.163
0 24 9.636
0 25 26.947
0 26 68.851
0 27 69.317
0 28 49.407
0 29 9.124
0 30 41.696
0 31 95.963
0 32 57.325
0 33 46.155
0 34 73.518
0 35 71.229
0 36 84.877
0 37 64.25
0 38 99.696
0 39 28.36
0 40 80.537
0 41 79.059
0 42 63.931
0 43 63.925
0 44 65.123
0 45 88.883
0 46 33.426
0 47 61.185
0 48 46.648
0 49 5.841
1 2 31.258
1 3 27.294
1 4 65.335
1 5 53.187
1 6 98.554
1 7 22.768
1 8 53.607
1 9 80.326
1 10 81.496
1 11 46.712
1 12 8.287
1 13 94.894
1 14 16.034
1 15 60.874
1 16 30.659
1 17 58.437
1 18 41.475
1 19 64.465
1 20 25.378
1 21 92.986
1 22 29.661
1 23 54.129
1 24 18.18
1 25 24.092
1 26 19.473
1 27 33.843
1 28 11.055
1 29 20.976
1 30 38.529
1 31 52.262
1 32 47.639
1 33 84.083
1 34 15.507
1 35 41.182
1 36 37.963
1 37 11.703
1 38 63.119
1 39 47.973
1 40 98.079
1 41 89.864
1 42 99.198
1 43 39.572
1 44 21.459
1 45 31.504
1 46 94.722
1 47 56.555
1 48 8.821
1 49 91.65
2 3 42.755
2 4 31.2
2 5 50.527
2 6 7.301
2 7 2.35
2 8 14.227
2 9 54.992
2 10 90.932
2 11 23.935
2 12 3.057
2 13 53.677
2 14 17.228
2 15 96.574
2 16 20.337
2 17 98.755
2 18 3.915
2 19 25.884
2 20 52.187
2 21 91.853
2 22 67.152
2 23 67.082
2 24 97.256
2 25 98.319
2 26 15.744
2 27 57.906
2 28 42.399
2 29 38.971
2 30 66.324
2 31 23.37
2 32 41.365
2 33 9.516
2 34 5.135
2 35 91.756
2 36 81.931
2 37 97.858
2 38 30.683
2 39 91.232
2 40 28.78
2 41 97.6
2 42 31.136
2 43 56.379
2 44 27.302
2 45 37.535
2 46 32.409
2 47 59.361
2 48 86.902
2 49 86.666
3 4 60.293
3 5 21.133
3 6 7.556
3 7 47.588
3 8 19.376
3 9 64.214
3 10 22.508
3 11 70.525
3 12 49.643
3 13 67.363
3 14 55.761
3 15 65.08
3 16 82.382
3 17 15.376
3 18 1.448
3 19 34.066
3 20 68.737
3 21 69.237
3 22 76.754
3 23 62.817
3 24 98.001
3 25 1.388
3 26 1.76
3 27 82.542
3 28 63.288
3 29 66.717
3 30 14.659
3 31 87.945
3 32 97.318
3 33 87.96
3 34 82.066
3 35 77.894
3 36 74.597
3 37 99.886
3 38 76.771
3 39 34.514
3 40 21.789
3 41 55.505
3 42 78.563
3 43 15.883
3 44 70.679
3 45 74.833
3 46 84.653
3 47 27.264
3 48 91.575
3 49 74.148
4 5 25.417
4 6 3.701
4 7 82.862
4 8 2.297
4 9 25.328
4 10 25.894
4 11 73.7
4 12 88.4
4 13 23.914
4 14 57.717
4 15 53.988
4 16 44.454
4 17 59.768
4 18 95.863
4 19 6.876
4 20 75.884
4 21 79.409
4 22 61.117
4 23 50.427
4 24 95.914
4 25 87.601
4 26 7.849
4 27 24.609
4 28 83.973
4 29 43.26
4 30 16.556
4 31 67.18
4 32 92.813
4 33 44.292
4 34 91.67
4 35 25.156
4 36 95.193
4 37 51.129
4 38 52.024
4 39 81.697
4 40 47.868
4 41 97.043
4 42 95.343
4 43 54.541
4 44 22.862
4 45 35.775
4 46 45.405
4 47 14.054
4 48 44.772
4 49 50.866
5 6 34.246
5 7 80.623
5 8 84.107
5 9 90.5
5 10 96.753
5 11 51.086
5 12 54.656
5 13 81.776
5 14 73.85
5 15 37.611
5 16 74.152
5 17 47.706
5 18 77.109
5 19 33.029
5 20 83.585
5 21 23.947
5 22 21.97
5 23 23.589
5 24 34.634
5 25 72.079
5 26 18.282
5 27 15.84
5 28 96.827
5 29 65.613
5 30 87.132
5 31 85.694
5 32 40.133
5 33 93.221
5 34 56.228
5 35 18.207
5 36 85.966
5 37 31.195
5 38 67.406
5 39 70.095
5 40 93.377
5 41 40.117
5 42 11.15
5 43 67.396
5 44 81.34
5 45 22.643
5 46 47.797
5 47 17.058
5 48 44.468
5 49 55.814
6 7 49.928
6 8 36.965
6 9 30.616
6 10 98.621
6 11 77.018
6 12 49.054
6 13 32.033
6 14 56.775
6 15 29.435
6 16 39.971
6 17 89.84
6 18 96.768
6 19 8.129
6 20 44.39
6 21 45.674
6 22 34.276
6 23 55.41
6 24 97.066
6 25 24.406
6 26 29.272
6 27 1.327
6 28 57.521
6 29 6.367
6 30 85.378
6 31 89.606
6 32 93.81
6 33 44.145
6 34 58.173
6 35 6.764
6 36 67.343
6 37 80.62
6 38 53.109
6 39 16.097
6 40 58.114
6 41 71.686
6 42 72.506
6 43 43.304
6 44 47.571
6 45 80.502
6 46 59.908
6 47 15.517
6 48 57.101
6 49 86.338
7 8 13.631
7 9 33.595
7 10 95.989
7 11 53.04
7 12 42.294
7 13 75.554
7 14 99.679
7 15 82.461
7 16 70.832
7 17 97.229
7 18 19.838
7 19 48.907
7 20 82.608
7 21 68.632
7 22 73.526
7 23 23.826
7 24 3.621
7 25 34.779
7 26 90.057
7 27 78.592
7 28 44.717
7 29 60.167
7 30 83.546
7 31 62.452
7 32 61.565
7 33 84.945
7 34 92.203
7 35 20.262
7 36 23.743
7 37 36.779
7 38 34.64
7 39 60.025
7 40 19.458
7 41 30.603
7 42 34.237
7 43 97.964
7 44 4.214
7 45 42.286
7 46 23.616
7 47 32.825
7 48 6.579
7 49 35.63
8 9 5.202
8 10 46.015
8 11 65.441
8 12 43.01
8 13 71.016
8 14 37.699
8 15 92.308
8 16 50.02
8 17 97.159
8 18 45.126
8 19 21.74
8 20 18.131
8 21 49.95
8 22 31.833
8 23 62.803
8 24 43.519
8 25 68.058
8 26 70.406
8 27 20.777
8 28 36.632
8 29 57.823
8 30 53.799
8 31 63.418
8 32 44.557
8 33 94.259
8 34 46.867
8 35 96.026
8 36 28.967
8 37 15.558
8 38 17.443
8 39 40.433
8 40 95.859
8 41 71.261
8 42 99.068
8 43 25.528
8 44 92.074
8 45 10.857
8 46 8.513
8 47 42.596
8 48 54.198
8 49 2.2
9 10 11.059
9 11 75.293
9 12 28.62
9 13 58.474
9 14 10.695
9 15 87.857
9 16 35.345
9 17 69.434
9 18 49.317
9 19 52.195
9 20 7.571
9 21 4.074
9 22 24.222
9 23 46.737
9 24 3.616
9 25 17.691
9 26 46.858
9 27 83.168
9 28 7.024
9 29 27.781
9 30 98.166
9 31 24.805
9 32 19.675
9 33 16.65
9 34 51.851
9 35 12.976
9 36 15.152
9 37 77.977
9 38 86.327
9 39 16.524
9 40 96.387
9 41 52.376
9 42 69.213
9 43 50.481
9 44 79.782
9 45 87.104
9 46 38.157
9 47 79.469
9 48 23.003
9 49 32.379
10 11 51.822
10 12 30.105
10 13 35.099
10 14 37.606
10 15 85.932
10 16 38.07
10 17 96.12
10 18 81.341
10 19 98.834
10 20 33.97
10 21 82.798
10 22 35.999
10 23 47.512
10 24 2.079
10 25 50.46
10 26 31.676
10 27 95.352
10 28 93.419
10 29 3.945
10 30 40.909
10 31 32.433
10 32 14.693
10 33 50.323
10 34 86.346
10 35 58.797
10 36 41.239
10 37 69.725
10 38 72.766
10 39 97.751
10 40 87.142
10 41 5.109
10 42 18.51
10 43 75.456
10 44 39.462
10 45 63.977
10 46 50.303
10 47 88.957
10 48 59.178
10 49 95.45
11 12 11.482
11 13 22.62
11 14 8.942
11 15 82.009
11 16 12.999
11 17 16.855
11 18 80.396
11 19 70.303
11 20 88.272
11 21 35.867
11 22 56.537
11 23 58.992
11 24 39.566
11 25 11.647
11 26 75.457
11 27 7.155
11 28 26.273
11 29 20.726
11 30 19.792
11 31 56.924
11 32 80.062
11 33 58.508
11 34 30.831
11 35 89.797
11 36 92.118
11 37 5.836
11 38 13.686
11 39 61.447
11 40 17.122
11 41 68.848
11 42 58.502
11 43 34.017
11 44 51.802
11 45 88.192
11 46 58.272
11 47 62.499
11 48 48.924
11 49 88.342
12 13 21.96
12 14 80.283
12 15 57.791
12 16 19.071
12 17 6.773
12 18 96.337
12 19 95.494
12 20 36.265
12 21 25.218
12 22 76.424
12 23 34.876
12 24 24.265
12 25 49.928
12 26 33.973
12 27 46.381
12 28 37.126
12 29 46.078
12 30 16.913
12 31 12.727
12 32 94.585
12 33 44.395
12 34 27.938
12 35 43.422
12 36 65.745
12 37 45.523
12 38 45.904
12 39 11.491
12 40 25.69
12 41 36.765
12 42 40.947
12 43 47.718
12 44 34.834
12 45 6.053
12 46 13.488
12 47 72.026
12 48 2.199
12 49 4.167
13 14 33.518
13 15 96.38
13 16 55.173
13 17 58.17
13 18 68.813
13 19 81.046
13 20 50.61
13 21 74.691
13 22 55.492
13 23 66.604
13 24 40.638
13 25 50.572
13 26 61.558
13 27 64.506
13 28 88.114
13 29 20.762
13 30 60.183
13 31 78.826
13 32 63.843
13 33 27.913
13 34 75.761
13 35 96.739
13 36 29.442
13 37 35.59
13 38 41.173
13 39 40.437
13 40 65.559
13 41 63.496
13 42 52.556
13 43 15.662
13 44 71.659
13 45 39.705
13 46 44.125
13 47 99.998
13 48 67.443
13 49 31.505
14 15 68.722
14 16 92.887
14 17 38.033
14 18 32.199
14 19 21.731
14 20 25.3
14 21 21.061
14 22 66.344
14 23 74.954
14 24 69.209
14 25 73.065
14 26 70.371
14 27 83.067
14 28 16.352
14 29 2.641
14 30 94.909
14 31 92.888
14 32 11.332
14 33 76.178
14 34 86.596
14 35 74.367
14 36 24.09
14 37 70.875
14 38 48.485
14 39 29.381
14 40 7.538
14 41 65.487
14 42 2.527
14 43 68.306
14 44 73.537
14 45 45.854
14 46 39.689
14 47 11.904
14 48 10.498
14 49 11.611
15 16 84.01
15 17 20.033
15 18 77.972
15 19 33.202
15 20 95.258
15 21 64.378
15 22 68.152
15 23 30.117
15 24 3.194
15 25 27.452
15 26 4.382
15 27 10.594
15 28 89.213
15 29 84.11
15 30 82.797
15 31 95.643
15 32 16.09
15 33 32.031
15 34 93.609
15 35 3.814
15 36 45.855
15 37 71.771
15 38 93.749
15 39 49.999
15 40 97.27
15 41 81.06
15 42 29.561
15 43 69.255
15 44 77.368
15 45 85.741
15 46 88.746
15 47 17.785
15 48 82.809
15 49 55.829
16 17 11.756
16 18 88.877
16 19 82.775
16 20 84.356
16 21 60.468
16 22 51.174
16 23 49.673
16 24 61.604
16 25 74.514
16 26 43.108
16 27 4.183
16 28 60.078
16 29 42.912
16 30 45.459
16 31 46.474
16 32 77.079
16 33 92.968
16 34 18.855
16 35 57.856
16 36 96.143
16 37 99.35
16 38 79.397
16 39 14.325
16 40 77.041
16 41 39.334
16 42 40.541
16 43 65.162
16 44 21.843
16 45 79.193
16 46 13.083
16 47 99.508
16 48 48.867
16 49 82.552
17 18 47.716
17 19 28.111
17 20 16.317
17 21 65.057
17 22 22.453
17 23 72.909
17 24 97.121
17 25 5.615
17 26 76.708
17 27 61.04
17 28 42.958
17 29 89.323
17 30 98.342
17 31 4.476
17 32 18.904
17 33 31.372
17 34 76.444
17 35 6.503
17 36 78.283
17 37 40.954
17 38 25.242
17 39 65.416
17 40 8.713
17 41 54.398
17 42 21.165
17 43 59.519
17 44 43.158
17 45 80.2
17 46 32.646
17 47 59.047
17 48 9.316
17 49 85.562
18 19 20.227
18 20 72.953
18 21 22.44
18 22 16.381
18 23 43.715
18 24 26.11
18 25 55.858
18 26 88.036
18 27 24.83
18 28 9.177
18 29 76.214
18 30 69.525
18 31 75.986
18 32 16.221
18 33 80.799
18 34 18.075
18 35 55.131
18 36 84.676
18 37 85.292
18 38 96.954
18 39 17.469
18 40 36.347
18 41 47.705
18 42 49.295
18 43 77.03
18 44 22.655
18 45 84.738
18 46 79.419
18 47 2.424
18 48 48.243
18 49 43.171
19 20 46.041
19 21 32.645
19 22 5.446
19 23 86.859
19 24 25.577
19 25 43.644
19 26 82.826
19 27 88.994
19 28 51.516
19 29 43.017
19 30 23.596
19 31 71.039
19 32 55.257
19 33 85.616
19 34 90.86
19 35 75.085
19 36 82.433
19 37 8.788
19 38 28.069
19 39 69.105
19 40 21.063
19 41 82.958
19 42 77.832
19 43 31.697
19 44 9.475
19 45 65.297
19 46 13.002
19 47 39.086
19 48 48.022
19 49 31.131
20 21 81.079
20 22 30.358
20 23 73.091
20 24 1.157
20 25 35.444
20 26 58.912
20 27 62.04
20 28 81.639
20 29 56.339
20 30 77.641
20 31 12.575
20 32 89.602
20 33 66.954
20 34 17.878
20 35 52.053
20 36 23.878
20 37 44.718
20 38 21.21
20 39 21.014
20 40 53.922
20 41 68.712
20 42 54.733
20 43 56.981
20 44 14.977
20 45 31.898
20 46 60.307
20 47 60.267
20 48 5.289
20 49 43.879
21 22 37.026
21 23 84.406
21 24 39.239
21 25 12.454
21 26 83.764
21 27 52.591
21 28 58.635
21 29 70.178
21 30 70.246
21 31 77.208
21 32 22.747
21 33 30.384
21 34 91.513
21 35 76.736
21 36 58.009
21 37 78.093
21 38 12.388
21 39 2.87
21 40 80.791
21 41 79.759
21 42 94.374
21 43 17.84
21 44 53.707
21 45 6.282
21 46 62.25
21 47 90.883
21 48 22.859
21 49 95.098
22 23 37.201
22 24 53.331
22 25 65.88
22 26 22.575
22 27 48.262
22 28 17.812
22 29 25.69
22 30 22.489
22 31 49.273
22 32 98.178
22 33 47.728
22 34 54.672
22 35 90.254
22 36 25.15
22 37 71.54
22 38 25.846
22 39 73.568
22 40 97.829
22 41 27.645
22 42 74.771
22 43 36.175
22 44 31.731
22 45 84.799
22 46 64.191
22 47 31.867
22 48 3.021
22 49 71.326
23 24 12.727
23 25 46.815
23 26 66.431
23 27 67.011
23 28 8.281
23 29 9.939
23 30 67.859
23 31 33.366
23 32 91.698
23 33 82.235
23 34 59.257
23 35 93.223
23 36 63.721
23 37 27.472
23 38 61.378
23 39 48.419
23 40 35.412
23 41 28.127
23 42 21.797
23 43 29.608
23 44 6.585
23 45 50.605
23 46 70.217
23 47 93.474
23 48 82.735
23 49 80.238
24 25 48.419
24 26 15.216
24 27 64.182
24 28 80.378
24 29 54.375
24 30 38.107
24 31 77.066
24 32 7.155
24 33 6.815
24 34 22.051
24 35 31.434
24 36 48.153
24 37 1.713
24 38 18.097
24 39 37.538
24 40 4.64
24 41 60.598
24 42 89.379
24 43 68.99
24 44 48.141
24 45 7.893
24 46 90.252
24 47 27.72
24 48 33.777
24 49 98.715
25 26 84.141
25 27 90.85
25 28 92.997
25 29 87.229
25 30 70.231
25 31 58.804
25 32 22.382
25 33 67.417
25 34 95.924
25 35 5.948
25 36 32.488
25 37 50.079
25 38 43.547
25 39 72.728
25 40 57.815
25 41 54.243
25 42 12.696
25 43 54.315
25 44 14.864
25 45 88.384
25 46 35.35
25 47 85.699
25 48 34.352
25 49 23.622
26 27 18.187
26 28 72.838
26 29 83.524
26 30 36.144
26 31 67.319
26 32 53.136
26 33 59.123
26 34 58.835
26 35 56.547
26 36 33.748
26 37 99.055
26 38 88.349
26 39 87.028
26 40 94.893
26 41 99.112
26 42 34.793
26 43 43.262
26 44 93.889
26 45 13.46
26 46 71.249
26 47 22.214
26 48 22.517
26 49 36.423
27 28 48.492
27 29 53.84
27 30 33.058
27 31 49.664
27 32 62.082
27 33 69.793
27 34 80.961
27 35 57.443
27 36 25.005
27 37 16.829
27 38 31.001
27 39 8.646
27 40 36.026
27 41 48.249
27 42 66.28
27 43 17.442
27 44 7.868
27 45 7.41
27 46 73.409
27 47 80.655
27 48 76.109
27 49 19.492
28 29 83.941
28 30 27.874
28 31 81.545
28 32 73.542
28 33 17.232
28 34 74.85
28 35 70.985
28 36 53.223
28 37 59.232
28 38 48.886
28 39 84.183
28 40 56.19
28 41 74.112
28 42 46.898
28 43 74.751
28 44 92.855
28 45 95.215
28 46 85.022
28 47 30.21
28 48 79.434
28 49 48.874
29 30 74.159
29 31 19.573
29 32 23.626
29 33 74.325
29 34 83.537
29 35 31.759
29 36 26.989
29 37 5.179
29 38 26.493
29 39 69.709
29 40 83.697
29 41 66.24
29 42 18.265
29 43 95.103
29 44 38.454
29 45 57.65
29 46 98.729
29 47 42.149
29 48 80.53
29 49 41.456
30 31 79.129
30 32 4.688
30 33 19.304
30 34 25.098
30 35 46.796
30 36 84.781
30 37 70.149
30 38 9.858
30 39 36.461
30 40 49.921
30 41 17.401
30 42 81.513
30 43 48.453
30 44 6.374
30 45 13.183
30 46 93.243
30 47 23.818
30 48 35.737
30 49 72.435
31 32 85.837
31 33 2.057
31 34 14.506
31 35 80.29
31 36 93.962
31 37 17.776
31 38 99.583
31 39 31.017
31 40 70.873
31 41 87.45
31 42 40.97
31 43 22.541
31 44 40.495
31 45 20.219
31 46 63.643
31 47 31.503
31 48 55.143
31 49 90.07
32 33 69.348
32 34 9.505
32 35 7.699
32 36 88.734
32 37 66.038
32 38 34.695
32 39 62.516
32 40 43.763
32 41 79.475
32 42 27.034
32 43 78.127
32 44 84.775
32 45 17.872
32 46 7.304
32 47 28.656
32 48 37.89
32 49 64.921
33 34 43.241
33 35 25.755
33 36 58.699
33 37 22.276
33 38 13.828
33 39 93.538
33 40 82.672
33 41 28.638
33 42 26.785
33 43 8.516
33 44 59.747
33 45 10.065
33 46 79.217
33 47 95.756
33 48 3.693
33 49 31.603
34 35 82.349
34 36 23.262
34 37 85.213
34 38 74.424
34 39 25.557
34 40 88.117
34 41 86.938
34 42 32.552
34 43 94.387
34 44 25.805
34 45 85.438
34 46 86.111
34 47 30.084
34 48 66.138
34 49 50.838
35 36 7.132
35 37 60.733
35 38 11.811
35 39 88.39
35 40 12.0
35 41 60.401
35 42 36.204
35 43 71.868
35 44 11.279
35 45 68.819
35 46 68.231
35 47 57.082
35 48 60.504
35 49 78.571
36 37 92.947
36 38 55.467
36 39 24.608
36 40 89.09
36 41 22.726
36 42 24.255
36 43 30.702
36 44 44.707
36 45 46.148
36 46 60.998
36 47 22.817
36 48 90.982
36 49 58.615
37 38 61.286
37 39 67.919
37 40 61.155
37 41 83.218
37 42 64.686
37 43 87.942
37 44 45.5
37 45 79.8
37 46 64.581
37 47 33.822
37 48 11.525
37 49 89.815
38 39 17.051
38 40 1.913
38 41 13.825
38 42 66.222
38 43 47.4
38 44 80.66
38 45 43.697
38 46 44.817
38 47 92.98
38 48 40.862
38 49 71.558
39 40 84.707
39 41 3.254
39 42 58.364
39 43 83.746
39 44 34.418
39 45 69.201
39 46 54.498
39 47 81.525
39 48 93.205
39 49 70.82
40 41 75.612
40 42 87.656
40 43 10.665
40 44 59.052
40 45 78.278
40 46 91.628
40 47 50.994
40 48 29.676
40 49 3.563
41 42 57.79
41 43 97.852
41 44 4.679
41 45 68.863
41 46 49.359
41 47 23.98
41 48 85.07
41 49 40.162
42 43 52.476
42 44 63.555
42 45 64.841
42 46 57.755
42 47 80.895
42 48 15.503
42 49 36.451
43 44 38.681
43 45 56.265
43 46 50.199
43 47 7.564
43 48 23.608
43 49 16.725
44 45 3.095
44 46 70.749
44 47 10.147
44 48 27.99
44 49 49.223
45 46 62.296
45 47 19.349
45 48 18.235
45 49 59.177
46 47 66.106
46 48 47.964
46 49 46.958
47 48 88.746
47 49 53.904
48 49 16.308