47
0 1 40
0 2 76
0 3 52
0 4 46
0 5 21
0 6 54
0 7 14
0 8 99
0 9 41
0 10 81
0 11 20
0 12 84
0 13 97
0 14 99
0 15 23
0 16 60
0 17 93
0 18 33
0 19 19
0 20 44
0 21 90
0 22 39
0 23 88
0 24 10
0 25 92
0 26 7
0 27 87
0 28 33
0 29 50
0 30 1
0 31 23
0 32 42
0 33 32
0 34 40
0 35 74
0 36 28
0 37 55
0 38 5
0 39 14
0 40 85
0 41 46
0 42 84
0 43 17
0 44 69
0 45 83
0 46 58
1 2 91
1 3 8
1 4 13
1 5 74
1 6 53
1 7 31
1 8 55
1 9 42
1 10 39
1 11 41
1 12 98
1 13 67
1 14 78
1 15 91
1 16 84
1 17 14
1 18 4
1 19 56
1 20 87
1 21 41
1 22 32
1 23 87
1 24 84
1 25 21
1 26 83
1 27 78
1 28 56
1 29 9
1 30 19
1 31 6
1 32 87
1 33 2
1 34 69
1 35 31
1 36 96
1 37 96
1 38 8
1 39 33
1 40 97
1 41 49
1 42 45
1 43 94
1 44 2
1 45 34
1 46 65
2 3 58
2 4 97
2 5 13
2 6 38
2 7 13
2 8 73
2 9 95
2 10 28
2 11 12
2 12 60
2 13 20
2 14 81
2 15 77
2 16 61
2 17 7
2 18 38
2 19 69
2 20 30
2 21 71
2 22 25
2 23 27
2 24 45
2 25 97
2 26 42
2 27 64
2 28 21
2 29 11
2 30 32
2 31 16
2 32 91
2 33 23
2 34 89
2 35 6
2 36 20
2 37 56
2 38 72
2 39 90
2 40 80
2 41 22
2 42 68
2 43 63
2 44 67
2 45 51
2 46 24
3 4 38
3 5 13
3 6 96
3 7 15
3 8 61
3 9 82
3 10 36
3 11 37
3 12 67
3 13 35
3 14 74
3 15 29
3 16 78
3 17 78
3 18 92
3 19 19
3 20 12
3 21 58
3 22 34
3 23 89
3 24 4
3 25 27
3 26 38
3 27 32
3 28 93
3 29 22
3 30 38
3 31 92
3 32 19
3 33 52
3 34 57
3 35 97
3 36 64
3 37 11
3 38 51
3 39 64
3 40 21
3 41 37
3 42 70
3 43 27
3 44 62
3 45 53
3 46 16
4 5 80
4 6 37
4 7 69
4 8 25
4 9 72
4 10 7
4 11 1
4 12 6
4 13 21
4 14 48
4 15 82
4 16 89
4 17 64
4 18 92
4 19 62
4 20 61
4 21 56
4 22 60
4 23 49
4 24 44
4 25 42
4 26 53
4 27 5
4 28 67
4 29 91
4 30 70
4 31 25
4 32 82
4 33 56
4 34 74
4 35 34
4 36 88
4 37 29
4 38 63
4 39 3
4 40 26
4 41 49
4 42 61
4 43 77
4 44 68
4 45 14
4 46 5
5 6 49
5 7 40
5 8 92
5 9 68
5 10 85
5 11 39
5 12 90
5 13 20
5 14 86
5 15 47
5 16 30
5 17 67
5 18 37
5 19 64
5 20 28
5 21 53
5 22 78
5 23 88
5 24 90
5 25 3
5 26 48
5 27 62
5 28 22
5 29 60
5 30 75
5 31 1
5 32 56
5 33 50
5 34 6
5 35 68
5 36 36
5 37 52
5 38 22
5 39 71
5 40 17
5 41 79
5 42 42
5 43 11
5 44 60
5 45 54
5 46 44
6 7 52
6 8 92
6 9 5
6 10 58
6 11 47
6 12 69
6 13 30
6 14 98
6 15 57
6 16 19
6 17 58
6 18 68
6 19 75
6 20 12
6 21 50
6 22 5
6 23 81
6 24 61
6 25 70
6 26 75
6 27 75
6 28 54
6 29 5
6 30 77
6 31 88
6 32 56
6 33 9
6 34 16
6 35 38
6 36 26
6 37 72
6 38 47
6 39 71
6 40 53
6 41 18
6 42 7
6 43 80
6 44 17
6 45 49
6 46 93
7 8 45
7 9 16
7 10 59
7 11 64
7 12 46
7 13 4
7 14 76
7 15 4
7 16 32
7 17 9
7 18 37
7 19 45
7 20 54
7 21 90
7 22 61
7 23 83
7 24 4
7 25 42
7 26 7
7 27 55
7 28 53
7 29 77
7 30 57
7 31 98
7 32 4
7 33 55
7 34 35
7 35 32
7 36 97
7 37 72
7 38 61
7 39 62
7 40 69
7 41 95
7 42 20
7 43 1
7 44 13
7 45 17
7 46 52
8 9 37
8 10 78
8 11 84
8 12 8
8 13 15
8 14 66
8 15 35
8 16 42
8 17 99
8 18 27
8 19 13
8 20 48
8 21 50
8 22 10
8 23 42
8 24 13
8 25 5
8 26 29
8 27 11
8 28 55
8 29 58
8 30 88
8 31 33
8 32 58
8 33 93
8 34 54
8 35 77
8 36 77
8 37 62
8 38 18
8 39 43
8 40 45
8 41 85
8 42 31
8 43 3
8 44 62
8 45 41
8 46 95
9 10 21
9 11 41
9 12 34
9 13 55
9 14 54
9 15 64
9 16 36
9 17 28
9 18 36
9 19 85
9 20 62
9 21 78
9 22 55
9 23 55
9 24 14
9 25 55
9 26 7
9 27 44
9 28 92
9 29 55
9 30 65
9 31 84
9 32 15
9 33 85
9 34 86
9 35 12
9 36 96
9 37 60
9 38 60
9 39 43
9 40 87
9 41 62
9 42 38
9 43 85
9 44 69
9 45 36
9 46 43
10 11 20
10 12 19
10 13 63
10 14 6
10 15 52
10 16 41
10 17 57
10 18 72
10 19 98
10 20 76
10 21 52
10 22 76
10 23 10
10 24 20
10 25 82
10 26 63
10 27 41
10 28 33
10 29 71
10 30 44
10 31 56
10 32 52
10 33 67
10 34 89
10 35 4
10 36 73
10 37 23
10 38 47
10 39 38
10 40 76
10 41 81
10 42 70
10 43 8
10 44 81
10 45 83
10 46 93
11 12 70
11 13 43
11 14 53
11 15 8
11 16 34
11 17 52
11 18 87
11 19 9
11 20 87
11 21 9
11 22 86
11 23 77
11 24 44
11 25 97
11 26 12
11 27 39
11 28 6
11 29 4
11 30 39
11 31 33
11 32 91
11 33 42
11 34 96
11 35 69
11 36 25
11 37 73
11 38 26
11 39 32
11 40 8
11 41 87
11 42 13
11 43 8
11 44 31
11 45 27
11 46 55
12 13 10
12 14 31
12 15 8
12 16 80
12 17 55
12 18 1
12 19 58
12 20 72
12 21 97
12 22 6
12 23 45
12 24 91
12 25 82
12 26 83
12 27 72
12 28 41
12 29 72
12 30 12
12 31 82
12 32 54
12 33 26
12 34 1
12 35 10
12 36 47
12 37 17
12 38 86
12 39 22
12 40 82
12 41 3
12 42 23
12 43 65
12 44 88
12 45 91
12 46 69
13 14 49
13 15 71
13 16 22
13 17 86
13 18 64
13 19 53
13 20 74
13 21 94
13 22 98
13 23 38
13 24 97
13 25 58
13 26 80
13 27 32
13 28 40
13 29 83
13 30 99
13 31 56
13 32 73
13 33 47
13 34 19
13 35 7
13 36 28
13 37 9
13 38 71
13 39 64
13 40 68
13 41 11
13 42 78
13 43 13
13 44 98
13 45 92
13 46 23
14 15 79
14 16 96
14 17 63
14 18 85
14 19 77
14 20 86
14 21 42
14 22 34
14 23 80
14 24 91
14 25 3
14 26 73
14 27 13
14 28 99
14 29 84
14 30 64
14 31 93
14 32 30
14 33 84
14 34 20
14 35 55
14 36 56
14 37 77
14 38 28
14 39 25
14 40 95
14 41 59
14 42 86
14 43 21
14 44 57
14 45 53
14 46 85
15 16 49
15 17 1
15 18 34
15 19 33
15 20 23
15 21 74
15 22 73
15 23 91
15 24 83
15 25 74
15 26 46
15 27 80
15 28 72
15 29 41
15 30 71
15 31 17
15 32 28
15 33 91
15 34 25
15 35 85
15 36 19
15 37 5
15 38 23
15 39 98
15 40 7
15 41 57
15 42 70
15 43 80
15 44 3
15 45 28
15 46 61
16 17 44
16 18 4
16 19 95
16 20 41
16 21 24
16 22 36
16 23 41
16 24 37
16 25 42
16 26 12
16 27 79
16 28 45
16 29 5
16 30 98
16 31 59
16 32 99
16 33 30
16 34 37
16 35 92
16 36 77
16 37 89
16 38 22
16 39 64
16 40 43
16 41 70
16 42 74
16 43 2
16 44 52
16 45 34
16 46 95
17 18 21
17 19 84
17 20 62
17 21 10
17 22 90
17 23 51
17 24 63
17 25 52
17 26 41
17 27 38
17 28 28
17 29 59
17 30 56
17 31 78
17 32 83
17 33 6
17 34 15
17 35 37
17 36 72
17 37 52
17 38 62
17 39 66
17 40 33
17 41 9
17 42 67
17 43 35
17 44 55
17 45 30
17 46 65
18 19 69
18 20 21
18 21 28
18 22 34
18 23 56
18 24 39
18 25 72
18 26 62
18 27 28
18 28 97
18 29 82
18 30 14
18 31 15
18 32 33
18 33 30
18 34 79
18 35 34
18 36 1
18 37 86
18 38 21
18 39 19
18 40 81
18 41 94
18 42 13
18 43 19
18 44 11
18 45 82
18 46 71
19 20 23
19 21 99
19 22 62
19 23 76
19 24 17
19 25 88
19 26 98
19 27 27
19 28 11
19 29 82
19 30 92
19 31 4
19 32 91
19 33 7
19 34 6
19 35 23
19 36 76
19 37 52
19 38 91
19 39 22
19 40 78
19 41 24
19 42 4
19 43 57
19 44 76
19 45 3
19 46 84
20 21 17
20 22 73
20 23 52
20 24 9
20 25 58
20 26 97
20 27 85
20 28 33
20 29 44
20 30 66
20 31 8
20 32 2
20 33 1
20 34 30
20 35 37
20 36 97
20 37 21
20 38 37
20 39 44
20 40 13
20 41 74
20 42 31
20 43 27
20 44 16
20 45 6
20 46 93
21 22 74
21 23 74
21 24 39
21 25 88
21 26 88
21 27 93
21 28 21
21 29 62
21 30 45
21 31 68
21 32 39
21 33 69
21 34 63
21 35 60
21 36 77
21 37 35
21 38 75
21 39 40
21 40 54
21 41 68
21 42 43
21 43 29
21 44 70
21 45 14
21 46 4
22 23 26
22 24 2
22 25 47
22 26 89
22 27 26
22 28 5
22 29 35
22 30 54
22 31 64
22 32 24
22 33 23
22 34 30
22 35 86
22 36 34
22 37 26
22 38 32
22 39 30
22 40 33
22 41 20
22 42 36
22 43 41
22 44 58
22 45 61
22 46 11
23 24 67
23 25 7
23 26 89
23 27 70
23 28 55
23 29 24
23 30 22
23 31 45
23 32 1
23 33 86
23 34 24
23 35 23
23 36 13
23 37 66
23 38 24
23 39 16
23 40 37
23 41 3
23 42 93
23 43 85
23 44 49
23 45 54
23 46 72
24 25 65
24 26 34
24 27 76
24 28 45
24 29 21
24 30 77
24 31 39
24 32 73
24 33 10
24 34 62
24 35 3
24 36 75
24 37 50
24 38 30
24 39 26
24 40 59
24 41 48
24 42 78
24 43 17
24 44 9
24 45 66
24 46 74
25 26 8
25 27 26
25 28 61
25 29 87
25 30 52
25 31 13
25 32 1
25 33 70
25 34 14
25 35 35
25 36 64
25 37 59
25 38 9
25 39 2
25 40 73
25 41 76
25 42 69
25 43 63
25 44 25
25 45 1
25 46 68
26 27 26
26 28 38
26 29 75
26 30 57
26 31 45
26 32 59
26 33 71
26 34 34
26 35 67
26 36 80
26 37 89
26 38 51
26 39 1
26 40 69
26 41 11
26 42 12
26 43 20
26 44 77
26 45 98
26 46 41
27 28 75
27 29 33
27 30 99
27 31 11
27 32 62
27 33 21
27 34 56
27 35 97
27 36 15
27 37 10
27 38 34
27 39 43
27 40 88
27 41 26
27 42 69
27 43 65
27 44 82
27 45 58
27 46 84
28 29 73
28 30 3
28 31 62
28 32 31
28 33 4
28 34 8
28 35 34
28 36 92
28 37 37
28 38 64
28 39 12
28 40 85
28 41 58
28 42 16
28 43 13
28 44 79
28 45 22
28 46 65
29 30 68
29 31 42
29 32 77
29 33 30
29 34 60
29 35 23
29 36 84
29 37 41
29 38 18
29 39 80
29 40 26
29 41 23
29 42 9
29 43 83
29 44 48
29 45 24
29 46 32
30 31 28
30 32 90
30 33 50
30 34 27
30 35 73
30 36 70
30 37 97
30 38 70
30 39 68
30 40 59
30 41 18
30 42 64
30 43 48
30 44 2
30 45 23
30 46 15
31 32 9
31 33 82
31 34 48
31 35 59
31 36 31
31 37 40
31 38 53
31 39 13
31 40 7
31 41 39
31 42 40
31 43 1
31 44 39
31 45 56
31 46 53
32 33 1
32 34 71
32 35 59
32 36 3
32 37 8
32 38 14
32 39 72
32 40 32
32 41 50
32 42 36
32 43 62
32 44 17
32 45 39
32 46 2
33 34 77
33 35 97
33 36 11
33 37 89
33 38 11
33 39 99
33 40 52
33 41 2
33 42 33
33 43 71
33 44 61
33 45 29
33 46 9
34 35 19
34 36 49
34 37 55
34 38 67
34 39 99
34 40 37
34 41 57
34 42 5
34 43 79
34 44 73
34 45 43
34 46 30
35 36 24
35 37 63
35 38 5
35 39 67
35 40 71
35 41 26
35 42 97
35 43 23
35 44 53
35 45 7
35 46 28
36 37 56
36 38 95
36 39 60
36 40 96
36 41 15
36 42 89
36 43 27
36 44 69
36 45 48
36 46 76
37 38 9
37 39 70
37 40 58
37 41 1
37 42 6
37 43 86
37 44 55
37 45 60
37 46 51
38 39 4
38 40 77
38 41 47
38 42 49
38 43 41
38 44 39
38 45 40
38 46 16
39 40 21
39 41 69
39 42 31
39 43 98
39 44 31
39 45 16
39 46 48
40 41 57
40 42 70
40 43 11
40 44 12
40 45 56
40 46 8
41 42 90
41 43 37
41 44 11
41 45 64
41 46 8
42 43 39
42 44 84
42 45 60
42 46 53
43 44 11
43 45 38
43 46 57
44 45 80
44 46 11
45 46 13