50
0 1 97.398
0 2 57.489
0 3 86.702
0 4 90.455
0 5 73.983
0 6 31.508
0 7 31.746
0 8 43.79
0 9 16.721
0 10 8.037
0 11 62.678
0 12 44.47
0 13 0.493
0 14 0.509
0 15 14.812
0 16 19.361
0 17 39.906
0 18 30.495
0 19 11.289
0 20 42.82
0 21 73.837
0 22 4.912
0 23 28.9
0 24 18.004
0 25 59.868
0 26 89.839
0 27 46.204
0 28 81.872
0 29 19.418
0 30 43.137
0 31 64.908
0 32 19.444
0 33 86.583
0 34 4.39
0 35 13.407
0 36 73.702
0 37 35.495
0 38 59.054
0 39 38.816
0 40 99.479
0 41 25.438
0 42 41.122
0 43 51.739
0 44 92.693
0 45 66.614
0 46 10.925
0 47 33.64
0 48 87.957
0 49 17.514
1 2 89.755
1 3 52.013
1 4 47.152
1 5 51.172
1 6 39.304
1 7 64.485
1 8 91.459
1 9 20.515
1 10 44.165
1 11 52.354
1 12 31.763
1 13 6.572
1 14 76.928
1 15 89.219
1 16 19.313
1 17 80.117
1 18 48.733
1 19 33.676
1 20 25.434
1 21 93.648
1 22 9.657
1 23 13.612
1 24 60.642
1 25 35.009
1 26 16.897
1 27 79.74
1 28 18.305
1 29 53.708
1 30 38.177
1 31 67.569
1 32 70.067
1 33 89.601
1 34 98.945
1 35 78.021
1 36 38.061
1 37 12.342
1 38 24.055
1 39 35.38
1 40 68.739
1 41 17.167
1 42 95.875
1 43 62.175
1 44 25.327
1 45 68.054
1 46 57.329
1 47 65.771
1 48 16.448
1 49 18.384
2 3 16.139
2 4 59.606
2 5 78.732
2 6 7.553
2 7 10.497
2 8 64.574
2 9 79.648
2 10 24.078
2 11 18.444
2 12 43.948
2 13 78.807
2 14 66.486
2 15 11.778
2 16 37.307
2 17 45.142
2 18 68.911
2 19 6.225
2 20 28.815
2 21 33.035
2 22 25.171
2 23 4.287
2 24 64.062
2 25 84.376
2 26 71.61
2 27 8.75
2 28 12.401
2 29 29.397
2 30 45.018
2 31 41.226
2 32 67.229
2 33 15.251
2 34 1.435
2 35 19.809
2 36 23.623
2 37 13.929
2 38 7.902
2 39 1.489
2 40 28.962
2 41 82.024
2 42 26.973
2 43 64.597
2 44 96.102
2 45 97.351
2 46 68.31
2 47 27.048
2 48 21.025
2 49 78.864
3 4 43.674
3 5 58.441
3 6 71.18
3 7 20.044
3 8 21.771
3 9 79.217
3 10 4.464
3 11 40.135
3 12 81.952
3 13 32.756
3 14 54.611
3 15 11.47
3 16 73.876
3 17 77.064
3 18 28.887
3 19 4.844
3 20 16.463
3 21 77.064
3 22 62.933
3 23 50.909
3 24 51.935
3 25 75.074
3 26 69.749
3 27 56.362
3 28 20.353
3 29 31.599
3 30 71.66
3 31 95.819
3 32 72.627
3 33 14.353
3 34 69.465
3 35 21.893
3 36 85.418
3 37 11.21
3 38 70.382
3 39 99.842
3 40 32.212
3 41 6.454
3 42 64.961
3 43 56.268
3 44 58.231
3 45 33.758
3 46 23.471
3 47 25.884
3 48 60.264
3 49 26.238
4 5 46.154
4 6 35.024
4 7 29.983
4 8 53.276
4 9 34.675
4 10 59.673
4 11 21.976
4 12 45.358
4 13 34.585
4 14 8.585
4 15 56.586
4 16 39.564
4 17 3.697
4 18 27.924
4 19 24.566
4 20 89.756
4 21 81.965
4 22 15.163
4 23 33.134
4 24 12.738
4 25 69.533
4 26 0.867
4 27 80.444
4 28 0.117
4 29 8.301
4 30 28.43
4 31 34.262
4 32 6.259
4 33 46.198
4 34 64.593
4 35 3.911
4 36 21.119
4 37 61.951
4 38 17.345
4 39 40.677
4 40 34.938
4 41 75.605
4 42 60.762
4 43 92.92
4 44 53.179
4 45 2.723
4 46 83.559
4 47 75.11
4 48 17.395
4 49 64.449
5 6 28.411
5 7 84.743
5 8 81.02
5 9 75.978
5 10 26.467
5 11 11.818
5 12 76.747
5 13 55.88
5 14 52.193
5 15 27.114
5 16 26.357
5 17 28.668
5 18 26.309
5 19 42.206
5 20 97.551
5 21 91.759
5 22 56.713
5 23 29.204
5 24 14.392
5 25 68.003
5 26 34.538
5 27 12.017
5 28 60.289
5 29 99.374
5 30 62.663
5 31 67.168
5 32 97.72
5 33 29.284
5 34 79.525
5 35 4.606
5 36 0.14
5 37 90.901
5 38 70.59
5 39 26.242
5 40 35.932
5 41 76.548
5 42 67.186
5 43 49.737
5 44 82.396
5 45 41.815
5 46 82.374
5 47 81.315
5 48 53.475
5 49 84.332
6 7 75.446
6 8 60.225
6 9 65.58
6 10 33.531
6 11 68.938
6 12 63.977
6 13 17.084
6 14 20.263
6 15 58.509
6 16 88.274
6 17 97.334
6 18 77.57
6 19 42.621
6 20 68.93
6 21 69.219
6 22 77.782
6 23 70.375
6 24 61.855
6 25 9.504
6 26 87.114
6 27 8.231
6 28 17.078
6 29 44.322
6 30 34.942
6 31 88.884
6 32 38.725
6 33 37.039
6 34 62.701
6 35 84.578
6 36 66.127
6 37 51.74
6 38 63.638
6 39 48.146
6 40 21.721
6 41 26.91
6 42 41.482
6 43 18.529
6 44 67.124
6 45 39.202
6 46 67.106
6 47 93.463
6 48 7.464
6 49 12.288
7 8 27.35
7 9 29.894
7 10 68.261
7 11 47.22
7 12 7.069
7 13 44.143
7 14 3.119
7 15 17.812
7 16 62.362
7 17 27.727
7 18 75.28
7 19 1.401
7 20 64.469
7 21 42.647
7 22 7.64
7 23 4.285
7 24 82.35
7 25 25.278
7 26 2.751
7 27 57.002
7 28 64.399
7 29 69.431
7 30 66.818
7 31 52.8
7 32 13.033
7 33 10.427
7 34 93.25
7 35 10.905
7 36 24.676
7 37 95.537
7 38 82.181
7 39 98.079
7 40 65.907
7 41 19.195
7 42 87.375
7 43 93.146
7 44 7.71
7 45 8.609
7 46 71.813
7 47 26.397
7 48 82.861
7 49 66.099
8 9 63.04
8 10 93.782
8 11 78.555
8 12 40.918
8 13 67.972
8 14 9.415
8 15 61.872
8 16 58.255
8 17 9.988
8 18 2.64
8 19 21.844
8 20 94.891
8 21 8.624
8 22 70.21
8 23 67.655
8 24 9.714
8 25 26.278
8 26 78.115
8 27 50.92
8 28 36.268
8 29 94.52
8 30 21.11
8 31 82.407
8 32 38.836
8 33 25.627
8 34 31.94
8 35 69.155
8 36 36.523
8 37 66.39
8 38 1.806
8 39 23.77
8 40 98.125
8 41 15.435
8 42 23.134
8 43 31.964
8 44 2.811
8 45 69.081
8 46 39.864
8 47 35.34
8 48 12.913
8 49 64.955
9 10 62.416
9 11 24.096
9 12 14.939
9 13 44.435
9 14 44.396
9 15 31.312
9 16 74.047
9 17 29.913
9 18 21.054
9 19 57.102
9 20 85.777
9 21 61.875
9 22 69.922
9 23 36.185
9 24 35.609
9 25 15.124
9 26 82.688
9 27 64.617
9 28 42.195
9 29 11.834
9 30 49.085
9 31 26.345
9 32 12.055
9 33 20.889
9 34 13.451
9 35 2.412
9 36 79.037
9 37 89.247
9 38 61.561
9 39 9.365
9 40 53.976
9 41 52.305
9 42 17.9
9 43 71.247
9 44 90.732
9 45 94.205
9 46 11.274
9 47 53.794
9 48 87.021
9 49 74.898
10 11 82.462
10 12 66.711
10 13 77.769
10 14 15.019
10 15 16.516
10 16 47.053
10 17 38.298
10 18 34.91
10 19 23.041
10 20 79.59
10 21 47.373
10 22 22.823
10 23 54.169
10 24 92.513
10 25 18.514
10 26 31.158
10 27 68.196
10 28 29.239
10 29 8.087
10 30 32.711
10 31 61.338
10 32 14.406
10 33 63.332
10 34 89.003
10 35 27.316
10 36 72.793
10 37 64.473
10 38 85.821
10 39 71.042
10 40 7.697
10 41 11.5
10 42 88.336
10 43 32.392
10 44 42.6
10 45 29.703
10 46 21.44
10 47 82.718
10 48 89.876
10 49 77.927
11 12 72.954
11 13 15.814
11 14 50.851
11 15 27.754
11 16 87.844
11 17 52.001
11 18 95.977
11 19 13.038
11 20 13.472
11 21 76.91
11 22 88.828
11 23 93.368
11 24 21.521
11 25 24.377
11 26 85.309
11 27 75.33
11 28 75.711
11 29 73.188
11 30 35.617
11 31 58.677
11 32 6.879
11 33 79.6
11 34 37.604
11 35 60.747
11 36 14.198
11 37 59.081
11 38 76.21
11 39 17.946
11 40 64.253
11 41 43.431
11 42 71.966
11 43 68.687
11 44 3.597
11 45 22.263
11 46 37.678
11 47 14.149
11 48 16.531
11 49 55.052
12 13 98.06
12 14 86.534
12 15 28.508
12 16 53.507
12 17 90.553
12 18 61.418
12 19 6.458
12 20 4.809
12 21 5.342
12 22 6.871
12 23 95.105
12 24 7.44
12 25 62.461
12 26 60.746
12 27 17.36
12 28 64.245
12 29 7.434
12 30 54.969
12 31 26.251
12 32 70.221
12 33 54.712
12 34 83.891
12 35 18.311
12 36 12.59
12 37 66.954
12 38 9.949
12 39 10.436
12 40 82.543
12 41 63.274
12 42 86.384
12 43 45.969
12 44 65.166
12 45 66.293
12 46 21.459
12 47 71.882
12 48 14.832
12 49 4.411
13 14 51.923
13 15 36.312
13 16 7.841
13 17 74.674
13 18 48.719
13 19 70.951
13 20 44.974
13 21 3.791
13 22 14.579
13 23 58.295
13 24 7.755
13 25 86.69
13 26 63.763
13 27 27.23
13 28 6.96
13 29 77.623
13 30 32.217
13 31 62.278
13 32 62.693
13 33 11.625
13 34 77.23
13 35 43.703
13 36 1.405
13 37 51.826
13 38 84.669
13 39 80.832
13 40 69.092
13 41 0.793
13 42 5.023
13 43 99.502
13 44 89.826
13 45 26.789
13 46 36.607
13 47 80.57
13 48 96.871
13 49 31.278
14 15 99.097
14 16 69.681
14 17 58.163
14 18 11.968
14 19 10.633
14 20 26.723
14 21 88.057
14 22 41.452
14 23 37.042
14 24 33.655
14 25 49.119
14 26 97.705
14 27 81.057
14 28 35.16
14 29 46.62
14 30 17.059
14 31 63.186
14 32 31.629
14 33 46.51
14 34 58.964
14 35 94.513
14 36 21.925
14 37 4.96
14 38 62.086
14 39 45.183
14 40 97.985
14 41 59.229
14 42 19.491
14 43 39.626
14 44 95.961
14 45 18.975
14 46 16.138
14 47 7.473
14 48 6.957
14 49 42.46
15 16 77.048
15 17 76.205
15 18 21.331
15 19 62.057
15 20 4.224
15 21 81.141
15 22 97.395
15 23 12.834
15 24 23.268
15 25 49.528
15 26 62.186
15 27 59.006
15 28 52.124
15 29 98.532
15 30 99.353
15 31 20.061
15 32 58.954
15 33 15.93
15 34 76.854
15 35 56.325
15 36 68.412
15 37 28.69
15 38 63.203
15 39 92.361
15 40 49.53
15 41 51.847
15 42 84.403
15 43 76.15
15 44 57.86
15 45 20.832
15 46 63.234
15 47 49.265
15 48 44.101
15 49 7.48
16 17 65.694
16 18 58.565
16 19 54.341
16 20 67.929
16 21 61.077
16 22 68.771
16 23 56.14
16 24 77.043
16 25 29.574
16 26 82.992
16 27 20.97
16 28 39.578
16 29 33.601
16 30 95.636
16 31 40.328
16 32 15.97
16 33 62.27
16 34 80.238
16 35 28.334
16 36 27.128
16 37 76.54
16 38 92.057
16 39 88.821
16 40 92.641
16 41 71.132
16 42 68.204
16 43 11.982
16 44 10.985
16 45 44.907
16 46 11.188
16 47 21.492
16 48 76.301
16 49 97.266
17 18 96.389
17 19 90.473
17 20 34.698
17 21 51.778
17 22 77.054
17 23 75.821
17 24 53.522
17 25 23.881
17 26 23.206
17 27 13.087
17 28 20.768
17 29 90.84
17 30 76.397
17 31 61.713
17 32 17.408
17 33 73.842
17 34 51.772
17 35 93.438
17 36 9.44
17 37 11.236
17 38 16.054
17 39 74.329
17 40 24.543
17 41 32.518
17 42 98.023
17 43 9.766
17 44 29.65
17 45 98.359
17 46 0.06
17 47 50.14
17 48 14.475
17 49 64.772
18 19 69.928
18 20 76.59
18 21 50.363
18 22 74.582
18 23 20.565
18 24 31.642
18 25 52.899
18 26 6.34
18 27 92.301
18 28 93.239
18 29 10.421
18 30 76.695
18 31 2.666
18 32 54.777
18 33 54.648
18 34 78.597
18 35 24.285
18 36 82.512
18 37 93.074
18 38 33.413
18 39 11.993
18 40 40.398
18 41 95.557
18 42 25.432
18 43 65.492
18 44 56.291
18 45 39.808
18 46 33.434
18 47 25.078
18 48 40.675
18 49 76.356
19 20 82.217
19 21 54.086
19 22 10.242
19 23 11.672
19 24 4.201
19 25 67.934
19 26 92.315
19 27 14.505
19 28 74.349
19 29 14.2
19 30 61.011
19 31 15.671
19 32 67.776
19 33 49.438
19 34 29.462
19 35 38.871
19 36 27.507
19 37 0.085
19 38 61.785
19 39 13.179
19 40 8.527
19 41 30.857
19 42 72.555
19 43 5.409
19 44 40.565
19 45 29.422
19 46 30.591
19 47 84.229
19 48 95.547
19 49 98.428
20 21 42.622
20 22 62.793
20 23 79.724
20 24 55.585
20 25 32.236
20 26 42.281
20 27 52.932
20 28 10.625
20 29 47.254
20 30 16.31
20 31 95.941
20 32 97.832
20 33 53.753
20 34 0.519
20 35 95.799
20 36 1.232
20 37 19.517
20 38 11.038
20 39 45.648
20 40 27.089
20 41 20.098
20 42 34.36
20 43 30.599
20 44 71.092
20 45 4.435
20 46 1.878
20 47 56.586
20 48 10.699
20 49 22.746
21 22 7.774
21 23 7.424
21 24 59.219
21 25 61.849
21 26 84.599
21 27 15.02
21 28 93.122
21 29 58.304
21 30 94.854
21 31 13.989
21 32 66.486
21 33 17.691
21 34 66.002
21 35 37.209
21 36 89.837
21 37 98.101
21 38 10.713
21 39 10.422
21 40 10.903
21 41 7.973
21 42 10.37
21 43 82.991
21 44 37.712
21 45 17.965
21 46 44.521
21 47 94.656
21 48 17.914
21 49 85.991
22 23 3.141
22 24 34.764
22 25 60.481
22 26 89.547
22 27 67.926
22 28 2.721
22 29 97.891
22 30 39.915
22 31 40.352
22 32 78.389
22 33 96.097
22 34 55.04
22 35 21.285
22 36 93.189
22 37 23.179
22 38 87.515
22 39 77.003
22 40 50.537
22 41 32.053
22 42 33.626
22 43 40.194
22 44 25.246
22 45 3.102
22 46 80.997
22 47 10.229
22 48 81.762
22 49 89.483
23 24 63.174
23 25 11.428
23 26 18.959
23 27 17.069
23 28 15.252
23 29 61.314
23 30 99.683
23 31 49.944
23 32 99.888
23 33 17.684
23 34 26.322
23 35 27.76
23 36 56.325
23 37 62.246
23 38 94.441
23 39 61.672
23 40 46.083
23 41 42.636
23 42 9.52
23 43 57.969
23 44 60.735
23 45 83.967
23 46 96.344
23 47 54.659
23 48 19.316
23 49 93.595
24 25 93.17
24 26 33.057
24 27 19.708
24 28 41.143
24 29 97.586
24 30 46.419
24 31 95.864
24 32 70.871
24 33 54.294
24 34 90.914
24 35 60.465
24 36 18.803
24 37 23.631
24 38 87.489
24 39 95.513
24 40 8.802
24 41 99.822
24 42 26.202
24 43 65.026
24 44 60.027
24 45 95.493
24 46 71.537
24 47 7.806
24 48 32.298
24 49 10.077
25 26 6.73
25 27 52.615
25 28 48.004
25 29 55.761
25 30 65.55
25 31 47.124
25 32 18.057
25 33 73.588
25 34 61.882
25 35 68.925
25 36 4.038
25 37 14.541
25 38 38.328
25 39 59.787
25 40 8.558
25 41 48.731
25 42 13.408
25 43 22.16
25 44 46.524
25 45 83.509
25 46 98.634
25 47 8.796
25 48 42.427
25 49 38.606
26 27 86.783
26 28 49.889
26 29 98.06
26 30 56.874
26 31 33.636
26 32 67.616
26 33 48.939
26 34 7.282
26 35 63.35
26 36 71.374
26 37 5.082
26 38 59.744
26 39 81.991
26 40 75.845
26 41 84.779
26 42 91.478
26 43 15.641
26 44 64.087
26 45 86.417
26 46 66.819
26 47 54.658
26 48 32.398
26 49 49.663
27 28 34.93
27 29 49.201
27 30 62.668
27 31 65.862
27 32 80.04
27 33 32.846
27 34 12.31
27 35 18.722
27 36 97.961
27 37 59.826
27 38 64.526
27 39 36.019
27 40 21.236
27 41 90.461
27 42 67.853
27 43 54.621
27 44 54.834
27 45 56.041
27 46 88.831
27 47 53.406
27 48 46.946
27 49 1.085
28 29 75.26
28 30 80.992
28 31 88.942
28 32 67.667
28 33 6.442
28 34 54.108
28 35 92.618
28 36 92.665
28 37 73.423
28 38 89.123
28 39 10.063
28 40 75.135
28 41 2.327
28 42 50.316
28 43 88.865
28 44 60.388
28 45 5.93
28 46 95.0
28 47 20.223
28 48 30.92
28 49 71.838
29 30 84.752
29 31 30.409
29 32 25.924
29 33 9.232
29 34 80.236
29 35 95.563
29 36 81.054
29 37 84.403
29 38 58.153
29 39 17.648
29 40 37.568
29 41 36.65
29 42 86.616
29 43 30.707
29 44 35.659
29 45 28.316
29 46 37.703
29 47 55.911
29 48 74.434
29 49 89.858
30 31 10.067
30 32 56.515
30 33 33.039
30 34 1.752
30 35 77.561
30 36 70.579
30 37 60.539
30 38 3.835
30 39 40.799
30 40 35.668
30 41 98.461
30 42 23.741
30 43 81.359
30 44 94.059
30 45 37.5
30 46 81.145
30 47 0.695
30 48 55.513
30 49 51.125
31 32 19.609
31 33 82.285
31 34 64.066
31 35 39.478
31 36 95.814
31 37 15.782
31 38 52.991
31 39 1.71
31 40 93.39
31 41 8.01
31 42 76.492
31 43 99.752
31 44 33.723
31 45 60.102
31 46 12.749
31 47 17.845
31 48 53.624
31 49 87.236
32 33 70.354
32 34 38.442
32 35 66.937
32 36 77.657
32 37 4.222
32 38 90.883
32 39 12.135
32 40 16.402
32 41 94.993
32 42 82.319
32 43 55.826
32 44 2.231
32 45 43.561
32 46 71.562
32 47 94.859
32 48 16.545
32 49 4.229
33 34 15.69
33 35 83.624
33 36 58.809
33 37 35.155
33 38 91.543
33 39 34.398
33 40 36.321
33 41 62.197
33 42 10.493
33 43 44.864
33 44 51.301
33 45 45.198
33 46 30.76
33 47 84.254
33 48 63.96
33 49 51.878
34 35 13.704
34 36 32.788
34 37 41.067
34 38 40.079
34 39 22.244
34 40 76.001
34 41 30.472
34 42 45.751
34 43 88.929
34 44 13.617
34 45 96.892
34 46 98.358
34 47 63.64
34 48 39.42
34 49 2.663
35 36 21.94
35 37 86.168
35 38 54.205
35 39 13.692
35 40 25.979
35 41 36.196
35 42 0.498
35 43 17.499
35 44 13.679
35 45 33.71
35 46 82.192
35 47 26.794
35 48 56.213
35 49 41.244
36 37 27.325
36 38 99.078
36 39 75.476
36 40 84.701
36 41 13.02
36 42 93.351
36 43 50.285
36 44 37.072
36 45 54.057
36 46 69.354
36 47 42.159
36 48 82.392
36 49 82.746
37 38 30.199
37 39 91.438
37 40 8.907
37 41 70.325
37 42 0.387
37 43 97.714
37 44 12.917
37 45 37.885
37 46 40.517
37 47 52.947
37 48 35.662
37 49 25.065
38 39 60.914
38 40 55.059
38 41 24.954
38 42 5.504
38 43 86.343
38 44 35.817
38 45 44.031
38 46 72.016
38 47 13.628
38 48 77.982
38 49 45.545
39 40 89.486
39 41 29.975
39 42 94.605
39 43 65.791
39 44 26.677
39 45 26.273
39 46 19.141
39 47 75.624
39 48 85.433
39 49 51.674
40 41 15.194
40 42 13.15
40 43 68.031
40 44 59.246
40 45 38.344
40 46 46.407
40 47 14.083
40 48 62.084
40 49 20.645
41 42 1.098
41 43 81.547
41 44 45.115
41 45 90.475
41 46 54.623
41 47 8.778
41 48 62.423
41 49 19.038
42 43 89.682
42 44 20.65
42 45 38.865
42 46 67.495
42 47 29.178
42 48 89.561
42 49 83.511
43 44 56.622
43 45 60.894
43 46 38.612
43 47 52.0
43 48 64.755
43 49 93.753
44 45 47.838
44 46 31.792
44 47 30.903
44 48 94.308
44 49 56.306
45 46 35.033
45 47 88.76
45 48 81.697
45 49 61.968
46 47 16.34
46 48 69.402
46 49 52.6
47 48 32.05
47 49 87.267
48 49 88.953