50
0 1 0.82
0 2 0.69
0 3 0.69
0 4 0.03
0 5 0.93
0 6 0.21
0 7 0.23
0 8 0.94
0 9 0.97
0 10 0.99
0 11 0.62
0 12 0.23
0 13 0.87
0 14 0.22
0 15 0.17
0 16 0.64
0 17 0.71
0 18 0.57
0 19 0.22
0 20 0.34
0 21 0.8
0 22 0.07
0 23 0.79
0 24 0.2
0 25 0.57
0 26 0.63
0 27 0.78
0 28 0.5
0 29 0.06
0 30 0.87
0 31 0.24
0 32 0.96
0 33 0.9
0 34 0.12
0 35 0.86
0 36 0.35
0 37 0.62
0 38 0.41
0 39 0.15
0 40 0.13
0 41 0.49
0 42 1.0
0 43 0.68
0 44 0.17
0 45 0.3
0 46 0.11
0 47 0.34
0 48 0.06
0 49 0.74
1 2 0.4
1 3 0.05
1 4 0.1
1 5 0.56
1 6 0.49
1 7 0.45
1 8 0.03
1 9 0.74
1 10 0.98
1 11 0.84
1 12 0.15
1 13 0.37
1 14 0.06
1 15 0.03
1 16 0.42
1 17 0.97
1 18 0.28
1 19 0.56
1 20 0.28
1 21 0.21
1 22 0.77
1 23 0.94
1 24 0.43
1 25 0.69
1 26 0.59
1 27 0.1
1 28 0.17
1 29 0.27
1 30 0.06
1 31 0.76
1 32 0.3
1 33 0.47
1 34 0.79
1 35 0.93
1 36 0.34
1 37 0.89
1 38 0.29
1 39 0.36
1 40 0.97
1 41 0.96
1 42 0.08
1 43 0.22
1 44 0.49
1 45 0.77
1 46 0.88
1 47 0.12
1 48 0.99
1 49 0.62
2 3 0.59
2 4 0.6
2 5 0.59
2 6 0.69
2 7 0.75
2 8 0.82
2 9 0.59
2 10 0.22
2 11 0.93
2 12 0.76
2 13 0.29
2 14 0.75
2 15 0.99
2 16 0.19
2 17 0.68
2 18 0.4
2 19 0.46
2 20 0.26
2 21 0.41
2 22 0.45
2 23 0.09
2 24 0.55
2 25 0.15
2 26 0.51
2 27 0.65
2 28 0.05
2 29 0.1
2 30 0.09
2 31 0.39
2 32 0.31
2 33 0.18
2 34 0.99
2 35 0.38
2 36 0.68
2 37 0.61
2 38 0.86
2 39 0.67
2 40 0.53
2 41 0.49
2 42 0.28
2 43 0.93
2 44 0.16
2 45 0.46
2 46 0.4
2 47 0.4
2 48 0.1
2 49 0.56
3 4 0.65
3 5 0.86
3 6 0.82
3 7 0.03
3 8 0.1
3 9 0.74
3 10 0.89
3 11 0.14
3 12 0.31
3 13 0.15
3 14 0.96
3 15 0.26
3 16 0.71
3 17 1.0
3 18 0.45
3 19 0.8
3 20 0.32
3 21 0.62
3 22 0.12
3 23 0.77
3 24 0.18
3 25 0.25
3 26 0.67
3 27 0.07
3 28 0.71
3 29 0.65
3 30 0.15
3 31 0.85
3 32 0.9
3 33 0.19
3 34 0.33
3 35 0.53
3 36 0.75
3 37 0.4
3 38 0.33
3 39 0.93
3 40 0.69
3 41 0.66
3 42 0.31
3 43 0.87
3 44 0.64
3 45 0.8
3 46 0.15
3 47 0.11
3 48 0.05
3 49 0.66
4 5 0.46
4 6 0.39
4 7 0.78
4 8 0.9
4 9 0.06
4 10 0.07
4 11 0.8
4 12 0.86
4 13 0.48
4 14 0.49
4 15 0.9
4 16 0.77
4 17 0.54
4 18 0.58
4 19 0.47
4 20 0.34
4 21 0.23
4 22 0.06
4 23 0.69
4 24 0.67
4 25 0.64
4 26 0.92
4 27 0.92
4 28 0.97
4 29 0.34
4 30 0.47
4 31 0.43
4 32 0.44
4 33 0.19
4 34 0.14
4 35 0.99
4 36 0.8
4 37 0.79
4 38 0.85
4 39 0.21
4 40 0.93
4 41 0.87
4 42 0.56
4 43 0.61
4 44 0.16
4 45 0.24
4 46 0.94
4 47 0.9
4 48 0.11
4 49 0.29
5 6 0.92
5 7 0.54
5 8 0.27
5 9 0.29
5 10 0.15
5 11 0.57
5 12 0.03
5 13 0.58
5 14 0.88
5 15 0.15
5 16 0.99
5 17 1.0
5 18 0.07
5 19 0.42
5 20 0.77
5 21 0.78
5 22 0.18
5 23 0.31
5 24 0.14
5 25 0.84
5 26 0.96
5 27 0.7
5 28 0.12
5 29 1.0
5 30 0.34
5 31 0.35
5 32 0.9
5 33 0.04
5 34 0.72
5 35 0.88
5 36 0.58
5 37 0.02
5 38 0.61
5 39 0.12
5 40 0.95
5 41 0.16
5 42 0.79
5 43 1.0
5 44 0.26
5 45 0.55
5 46 0.84
5 47 0.76
5 48 0.48
5 49 0.48
6 7 0.92
6 8 0.35
6 9 0.92
6 10 0.15
6 11 0.18
6 12 0.53
6 13 0.82
6 14 0.86
6 15 0.92
6 16 0.04
6 17 0.89
6 18 0.41
6 19 0.04
6 20 0.23
6 21 0.76
6 22 0.94
6 23 0.91
6 24 0.49
6 25 0.86
6 26 0.27
6 27 0.58
6 28 0.12
6 29 0.8
6 30 0.51
6 31 0.59
6 32 0.99
6 33 0.18
6 34 0.7
6 35 0.88
6 36 0.43
6 37 0.24
6 38 0.82
6 39 0.42
6 40 0.99
6 41 0.09
6 42 0.96
6 43 0.02
6 44 0.94
6 45 0.78
6 46 0.38
6 47 0.79
6 48 0.21
6 49 0.85
7 8 0.81
7 9 0.21
7 10 1.01
7 11 0.6
7 12 0.18
7 13 0.55
7 14 0.77
7 15 0.75
7 16 0.89
7 17 0.78
7 18 0.81
7 19 0.89
7 20 0.78
7 21 0.61
7 22 0.02
7 23 0.28
7 24 0.39
7 25 0.34
7 26 0.41
7 27 0.58
7 28 0.93
7 29 0.14
7 30 0.54
7 31 1.0
7 32 1.0
7 33 0.06
7 34 0.01
7 35 0.81
7 36 0.48
7 37 0.05
7 38 1.0
7 39 0.35
7 40 0.92
7 41 0.75
7 42 0.93
7 43 0.36
7 44 0.67
7 45 0.47
7 46 0.71
7 47 0.3
7 48 0.77
7 49 0.2
8 9 0.93
8 10 0.56
8 11 0.45
8 12 0.52
8 13 0.96
8 14 0.15
8 15 0.41
8 16 0.33
8 17 0.91
8 18 0.33
8 19 0.62
8 20 0.88
8 21 0.38
8 22 0.31
8 23 0.93
8 24 0.52
8 25 0.48
8 26 0.47
8 27 0.16
8 28 0.88
8 29 1.01
8 30 0.31
8 31 0.79
8 32 0.19
8 33 0.49
8 34 0.6
8 35 0.69
8 36 0.51
8 37 0.69
8 38 0.81
8 39 0.16
8 40 0.81
8 41 0.57
8 42 0.63
8 43 0.39
8 44 0.94
8 45 0.71
8 46 0.94
8 47 0.75
8 48 0.68
8 49 0.65
9 10 0.83
9 11 0.89
9 12 0.28
9 13 0.72
9 14 0.11
9 15 0.49
9 16 0.27
9 17 0.84
9 18 0.92
9 19 0.4
9 20 0.94
9 21 0.2
9 22 0.64
9 23 0.05
9 24 0.17
9 25 0.33
9 26 0.68
9 27 0.68
9 28 0.62
9 29 0.54
9 30 0.37
9 31 0.36
9 32 0.3
9 33 0.63
9 34 0.94
9 35 0.46
9 36 0.09
9 37 0.51
9 38 0.98
9 39 0.49
9 40 0.16
9 41 0.76
9 42 0.14
9 43 0.9
9 44 0.29
9 45 0.22
9 46 0.5
9 47 0.38
9 48 0.84
9 49 0.56
10 11 0.89
10 12 0.55
10 13 0.04
10 14 0.06
10 15 0.82
10 16 0.84
10 17 0.17
10 18 0.51
10 19 0.15
10 20 0.2
10 21 0.61
10 22 0.3
10 23 0.63
10 24 0.57
10 25 0.79
10 26 0.73
10 27 0.41
10 28 0.51
10 29 0.18
10 30 0.33
10 31 0.64
10 32 0.29
10 33 0.91
10 34 0.06
10 35 0.97
10 36 0.23
10 37 0.88
10 38 0.61
10 39 0.79
10 40 0.6
10 41 0.09
10 42 0.88
10 43 0.67
10 44 0.33
10 45 0.63
10 46 0.18
10 47 0.22
10 48 0.25
10 49 0.47
11 12 0.82
11 13 0.94
11 14 0.95
11 15 0.62
11 16 0.29
11 17 0.29
11 18 0.5
11 19 0.9
11 20 0.61
11 21 0.49
11 22 0.91
11 23 0.33
11 24 0.11
11 25 0.65
11 26 0.49
11 27 0.05
11 28 0.72
11 29 0.8
11 30 0.31
11 31 0.61
11 32 0.99
11 33 0.34
11 34 0.62
11 35 0.9
11 36 0.5
11 37 0.4
11 38 0.25
11 39 0.23
11 40 0.85
11 41 0.81
11 42 0.16
11 43 0.7
11 44 0.74
11 45 0.14
11 46 0.8
11 47 0.07
11 48 1.0
11 49 0.34
12 13 0.09
12 14 0.92
12 15 0.27
12 16 0.43
12 17 0.38
12 18 0.5
12 19 0.54
12 20 0.07
12 21 0.45
12 22 0.67
12 23 0.51
12 24 0.34
12 25 0.98
12 26 0.31
12 27 0.71
12 28 0.57
12 29 0.1
12 30 0.4
12 31 0.33
12 32 0.34
12 33 0.98
12 34 0.22
12 35 0.1
12 36 0.9
12 37 0.99
12 38 0.79
12 39 0.23
12 40 0.26
12 41 0.13
12 42 0.83
12 43 0.6
12 44 0.29
12 45 0.46
12 46 0.07
12 47 0.12
12 48 0.45
12 49 0.64
13 14 0.23
13 15 0.03
13 16 0.98
13 17 0.97
13 18 0.58
13 19 0.68
13 20 0.2
13 21 0.8
13 22 0.59
13 23 0.17
13 24 0.53
13 25 0.57
13 26 0.58
13 27 0.9
13 28 0.69
13 29 0.06
13 30 0.38
13 31 0.96
13 32 0.39
13 33 0.3
13 34 0.95
13 35 0.52
13 36 0.81
13 37 0.48
13 38 0.32
13 39 0.16
13 40 0.97
13 41 0.58
13 42 1.0
13 43 0.24
13 44 0.78
13 45 0.99
13 46 0.97
13 47 1.01
13 48 0.34
13 49 0.31
14 15 0.29
14 16 0.1
14 17 0.04
14 18 0.07
14 19 0.35
14 20 0.77
14 21 0.04
14 22 0.73
14 23 0.68
14 24 0.94
14 25 0.52
14 26 0.09
14 27 0.25
14 28 0.84
14 29 0.97
14 30 0.6
14 31 0.45
14 32 0.45
14 33 0.34
14 34 0.34
14 35 0.58
14 36 0.61
14 37 0.39
14 38 0.59
14 39 0.83
14 40 0.16
14 41 0.68
14 42 0.75
14 43 0.64
14 44 1.01
14 45 0.93
14 46 0.13
14 47 0.77
14 48 0.8
14 49 0.4
15 16 0.65
15 17 0.93
15 18 0.87
15 19 0.3
15 20 0.13
15 21 0.91
15 22 0.58
15 23 0.25
15 24 0.04
15 25 0.99
15 26 0.8
15 27 0.31
15 28 0.96
15 29 0.17
15 30 0.11
15 31 0.59
15 32 0.6
15 33 0.62
15 34 0.12
15 35 0.84
15 36 0.37
15 37 0.46
15 38 0.43
15 39 0.03
15 40 0.76
15 41 0.11
15 42 0.91
15 43 0.33
15 44 0.37
15 45 0.96
15 46 0.19
15 47 0.6
15 48 0.25
15 49 0.23
16 17 0.38
16 18 0.48
16 19 0.86
16 20 0.89
16 21 0.03
16 22 0.39
16 23 0.87
16 24 0.67
16 25 0.25
16 26 0.18
16 27 0.92
16 28 0.56
16 29 0.52
16 30 0.48
16 31 0.68
16 32 0.92
16 33 0.34
16 34 0.43
16 35 0.85
16 36 0.24
16 37 0.63
16 38 0.62
16 39 0.48
16 40 0.71
16 41 0.14
16 42 0.58
16 43 0.89
16 44 0.03
16 45 0.42
16 46 0.28
16 47 0.61
16 48 0.36
16 49 0.51
17 18 0.9
17 19 0.54
17 20 0.23
17 21 0.83
17 22 0.96
17 23 0.23
17 24 1.0
17 25 0.38
17 26 0.66
17 27 0.25
17 28 0.45
17 29 0.19
17 30 0.82
17 31 0.68
17 32 0.25
17 33 0.73
17 34 0.2
17 35 0.85
17 36 0.28
17 37 0.61
17 38 0.38
17 39 0.4
17 40 0.88
17 41 0.43
17 42 0.36
17 43 0.27
17 44 0.15
17 45 0.32
17 46 0.22
17 47 0.23
17 48 0.7
17 49 0.07
18 19 0.97
18 20 0.57
18 21 0.15
18 22 0.55
18 23 0.32
18 24 0.41
18 25 0.46
18 26 0.44
18 27 0.49
18 28 0.17
18 29 0.27
18 30 0.54
18 31 0.75
18 32 0.46
18 33 0.79
18 34 0.04
18 35 1.0
18 36 0.49
18 37 0.94
18 38 0.39
18 39 0.02
18 40 0.36
18 41 0.7
18 42 0.91
18 43 0.36
18 44 0.9
18 45 0.86
18 46 0.61
18 47 0.73
18 48 0.32
18 49 0.31
19 20 0.65
19 21 0.75
19 22 0.33
19 23 0.6
19 24 0.95
19 25 0.5
19 26 0.88
19 27 0.74
19 28 0.55
19 29 1.0
19 30 0.68
19 31 0.34
19 32 0.84
19 33 0.8
19 34 0.89
19 35 0.4
19 36 0.78
19 37 0.06
19 38 0.67
19 39 0.09
19 40 0.61
19 41 0.11
19 42 0.89
19 43 0.4
19 44 0.76
19 45 0.68
19 46 0.72
19 47 0.48
19 48 0.57
19 49 0.69
20 21 0.15
20 22 0.11
20 23 0.59
20 24 0.81
20 25 0.12
20 26 0.71
20 27 0.9
20 28 0.15
20 29 0.59
20 30 0.69
20 31 0.49
20 32 0.58
20 33 0.82
20 34 0.04
20 35 0.2
20 36 0.59
20 37 0.46
20 38 0.87
20 39 0.99
20 40 0.1
20 41 0.04
20 42 0.07
20 43 0.58
20 44 1.01
20 45 0.82
20 46 0.98
20 47 0.57
20 48 0.72
20 49 0.73
21 22 0.03
21 23 0.18
21 24 0.4
21 25 0.16
21 26 0.04
21 27 0.09
21 28 0.96
21 29 0.83
21 30 0.17
21 31 0.81
21 32 0.09
21 33 0.43
21 34 0.28
21 35 0.59
21 36 0.79
21 37 0.45
21 38 0.41
21 39 0.34
21 40 0.67
21 41 0.33
21 42 0.54
21 43 0.57
21 44 0.11
21 45 0.92
21 46 0.5
21 47 0.34
21 48 0.22
21 49 0.83
22 23 0.85
22 24 0.56
22 25 0.32
22 26 0.51
22 27 0.25
22 28 0.32
22 29 0.64
22 30 0.4
22 31 0.94
22 32 0.43
22 33 0.9
22 34 0.39
22 35 0.26
22 36 0.78
22 37 0.55
22 38 0.53
22 39 0.41
22 40 0.53
22 41 0.71
22 42 0.56
22 43 0.14
22 44 0.82
22 45 0.12
22 46 0.6
22 47 0.78
22 48 0.15
22 49 0.3
23 24 0.68
23 25 0.61
23 26 0.96
23 27 0.09
23 28 0.08
23 29 0.77
23 30 0.24
23 31 0.83
23 32 0.58
23 33 0.05
23 34 0.11
23 35 0.06
23 36 0.11
23 37 0.66
23 38 0.45
23 39 0.43
23 40 0.39
23 41 0.52
23 42 0.74
23 43 0.54
23 44 0.69
23 45 0.2
23 46 0.74
23 47 0.31
23 48 0.05
23 49 0.8
24 25 0.26
24 26 0.25
24 27 1.01
24 28 0.82
24 29 0.17
24 30 0.08
24 31 0.73
24 32 0.76
24 33 0.77
24 34 0.88
24 35 0.49
24 36 0.64
24 37 0.28
24 38 0.3
24 39 0.13
24 40 0.69
24 41 0.98
24 42 0.29
24 43 0.28
24 44 0.31
24 45 0.44
24 46 1.0
24 47 0.04
24 48 0.91
24 49 0.3
25 26 0.61
25 27 0.5
25 28 0.79
25 29 0.96
25 30 0.12
25 31 0.23
25 32 0.9
25 33 0.93
25 34 0.73
25 35 0.87
25 36 0.58
25 37 0.09
25 38 0.27
25 39 1.01
25 40 0.21
25 41 0.77
25 42 0.62
25 43 0.74
25 44 0.84
25 45 0.54
25 46 0.45
25 47 0.08
25 48 0.98
25 49 0.76
26 27 0.71
26 28 0.81
26 29 0.05
26 30 0.41
26 31 0.12
26 32 0.29
26 33 0.96
26 34 0.97
26 35 0.62
26 36 0.32
26 37 0.63
26 38 0.54
26 39 0.3
26 40 0.78
26 41 0.05
26 42 0.22
26 43 0.75
26 44 0.43
26 45 0.89
26 46 0.87
26 47 0.17
26 48 0.34
26 49 0.34
27 28 0.85
27 29 0.11
27 30 0.24
27 31 0.29
27 32 0.62
27 33 0.12
27 34 0.62
27 35 0.92
27 36 0.75
27 37 0.13
27 38 0.52
27 39 0.56
27 40 0.39
27 41 0.9
27 42 0.79
27 43 0.26
27 44 0.48
27 45 0.57
27 46 0.76
27 47 0.89
27 48 0.64
27 49 0.34
28 29 0.83
28 30 0.76
28 31 0.83
28 32 0.38
28 33 1.01
28 34 0.37
28 35 0.94
28 36 0.66
28 37 0.27
28 38 0.06
28 39 0.93
28 40 0.68
28 41 0.75
28 42 0.43
28 43 0.7
28 44 0.14
28 45 0.85
28 46 0.92
28 47 0.33
28 48 0.13
28 49 0.48
29 30 0.83
29 31 1.01
29 32 0.5
29 33 0.68
29 34 0.43
29 35 0.73
29 36 0.04
29 37 0.25
29 38 0.66
29 39 0.58
29 40 0.38
29 41 0.8
29 42 0.74
29 43 0.24
29 44 0.58
29 45 0.45
29 46 0.66
29 47 0.89
29 48 0.86
29 49 0.7
30 31 0.24
30 32 0.7
30 33 0.77
30 34 0.05
30 35 0.26
30 36 0.5
30 37 0.69
30 38 0.3
30 39 0.75
30 40 0.56
30 41 0.82
30 42 0.46
30 43 0.52
30 44 0.97
30 45 0.83
30 46 0.28
30 47 0.9
30 48 0.99
30 49 0.24
31 32 0.59
31 33 0.02
31 34 0.25
31 35 0.17
31 36 0.47
31 37 0.5
31 38 0.62
31 39 0.87
31 40 0.38
31 41 0.73
31 42 0.83
31 43 0.07
31 44 0.88
31 45 0.78
31 46 0.73
31 47 1.0
31 48 0.45
31 49 0.18
32 33 0.62
32 34 0.96
32 35 0.94
32 36 0.49
32 37 0.04
32 38 0.06
32 39 0.33
32 40 0.49
32 41 0.24
32 42 0.99
32 43 0.71
32 44 0.78
32 45 1.01
32 46 0.7
32 47 0.67
32 48 0.29
32 49 0.86
33 34 0.93
33 35 0.58
33 36 0.86
33 37 0.74
33 38 0.82
33 39 0.28
33 40 0.11
33 41 0.57
33 42 0.62
33 43 0.5
33 44 0.53
33 45 0.09
33 46 0.49
33 47 0.9
33 48 1.0
33 49 0.83
34 35 0.34
34 36 0.34
34 37 0.21
34 38 0.47
34 39 0.62
34 40 0.16
34 41 0.54
34 42 0.5
34 43 0.7
34 44 0.36
34 45 0.94
34 46 0.16
34 47 0.47
34 48 0.88
34 49 0.06
35 36 0.46
35 37 0.4
35 38 0.18
35 39 0.78
35 40 0.74
35 41 0.38
35 42 0.4
35 43 0.91
35 44 0.26
35 45 0.85
35 46 0.21
35 47 0.3
35 48 0.13
35 49 0.85
36 37 0.87
36 38 0.43
36 39 0.21
36 40 0.76
36 41 0.11
36 42 0.41
36 43 0.47
36 44 0.38
36 45 0.28
36 46 0.61
36 47 0.07
36 48 0.63
36 49 0.8
37 38 0.78
37 39 0.49
37 40 0.67
37 41 0.73
37 42 0.5
37 43 0.54
37 44 0.32
37 45 0.36
37 46 0.05
37 47 0.55
37 48 0.19
37 49 0.9
38 39 0.13
38 40 0.45
38 41 0.33
38 42 0.34
38 43 0.81
38 44 0.49
38 45 0.94
38 46 0.95
38 47 0.4
38 48 0.65
38 49 0.04
39 40 0.67
39 41 0.18
39 42 0.4
39 43 0.73
39 44 0.08
39 45 0.11
39 46 0.59
39 47 0.99
39 48 0.77
39 49 0.83
40 41 0.22
40 42 0.34
40 43 0.76
40 44 0.66
40 45 0.1
40 46 0.8
40 47 0.2
40 48 0.42
40 49 0.94
41 42 0.95
41 43 0.95
41 44 0.82
41 45 0.33
41 46 0.22
41 47 0.22
41 48 0.27
41 49 0.66
42 43 0.64
42 44 0.02
42 45 0.23
42 46 0.81
42 47 0.68
42 48 0.74
42 49 0.2
43 44 0.8
43 45 0.65
43 46 0.38
43 47 0.66
43 48 0.05
43 49 0.62
44 45 0.95
44 46 0.89
44 47 0.87
44 48 0.08
44 49 0.2
45 46 0.11
45 47 0.72
45 48 0.71
45 49 0.21
46 47 0.03
46 48 1.01
46 49 0.28
47 48 0.34
47 49 0.93
48 49 0.8