50
0 1 91.972
0 3 57.475
0 3 75.304
0 4 16.939
0 4 26.03
0 5 93.578
0 6 62.727
0 8 28.061
0 9 20.031
0 10 27.085
0 10 47.694
0 11 32.018
0 11 37.496
0 11 55.45
0 12 33.964
0 12 42.543
0 12 82.978
0 13 28.535
0 15 12.708
0 15 48.78
0 15 55.746
0 16 30.059
0 17 28.448
0 18 27.037
0 18 55.814
0 19 92.646
0 20 62.43
0 21 2.777
0 21 4.972
0 22 67.288
0 23 26.748
0 23 28.104
0 23 60.233
0 24 91.795
0 26 47.589
0 26 57.127
0 26 75.769
0 27 30.929
0 27 34.82
0 27 38.909
0 27 46.665
0 28 75.928
0 28 80.774
0 29 6.324
0 29 13.059
0 29 29.601
0 29 66.605
0 32 50.383
0 32 58.449
0 33 5.631
0 34 0.564
0 35 7.621
0 35 41.298
0 36 84.237
0 36 86.91
0 37 13.287
0 37 13.781
0 37 78.753
0 37 88.707
0 38 12.241
0 39 18.552
0 39 21.889
0 40 19.733
0 40 83.519
0 40 88.036
0 41 68.012
0 42 79.609
0 44 15.719
0 44 36.152
0 44 70.403
0 44 70.422
0 45 48.836
0 45 90.079
0 47 29.694
0 47 51.609
0 47 89.797
0 48 28.466
1 2 27.314
1 2 35.322
1 3 1.816
1 3 94.96
1 4 34.552
1 4 46.008
1 5 2.216
1 5 66.364
1 5 95.601
1 6 7.717
1 7 27.903
1 8 12.545
1 8 20.679
1 8 85.506
1 9 17.775
1 9 26.407
1 9 46.379
1 9 60.07
1 11 39.807
1 15 17.035
1 15 86.236
1 15 90.131
1 16 3.927
1 16 24.545
1 17 30.897
1 18 55.826
1 22 53.538
1 22 84.569
1 24 3.406
1 25 16.077
1 27 55.19
1 28 30.187
1 29 56.559
1 29 82.99
1 30 64.164
1 30 66.024
1 30 85.906
1 31 68.959
1 31 73.848
1 32 4.842
1 32 49.88
1 32 71.372
1 32 86.105
1 33 88.619
1 34 20.107
1 34 27.084
1 34 29.243
1 36 5.922
1 37 7.593
1 38 19.431
1 39 13.381
1 39 63.985
1 39 64.229
1 40 70.523
1 40 78.492
1 41 34.62
1 41 90.304
1 41 98.382
1 42 35.363
1 43 83.46
1 45 80.394
1 46 63.801
1 46 97.898
1 47 0.921
1 47 25.418
1 47 69.989
1 47 74.319
1 48 21.134
1 49 66.922
1 49 67.195
1 49 71.463
2 4 35.6
2 4 55.387
2 4 55.818
2 4 71.811
2 5 6.832
2 5 19.903
2 5 29.419
2 5 63.999
2 6 32.959
2 6 36.636
2 7 29.514
2 8 48.761
2 8 64.561
2 8 68.267
2 8 83.26
2 9 0.166
2 9 13.868
2 9 50.274
2 9 73.049
2 9 80.039
2 10 23.072
2 10 70.897
2 11 2.519
2 11 59.867
2 13 1.256
2 14 43.204
2 14 49.36
2 15 58.61
2 15 83.934
2 16 13.63
2 16 14.695
2 16 37.207
2 16 91.414
2 17 55.501
2 17 81.079
2 19 23.744
2 19 68.266
2 19 85.204
2 19 92.041
2 20 14.682
2 20 24.661
2 20 31.645
2 20 49.878
2 21 2.22
2 21 33.545
2 24 1.298
2 24 34.684
2 25 10.04
2 26 14.147
2 26 72.281
2 28 66.077
2 28 90.178
2 29 95.984
2 30 32.583
2 30 77.953
2 30 84.828
2 30 93.419
2 31 11.953
2 31 28.895
2 31 56.663
2 32 31.939
2 33 68.097
2 33 95.751
2 33 99.813
2 34 17.14
2 34 29.954
2 34 59.582
2 34 81.988
2 34 85.449
2 35 30.894
2 35 66.764
2 37 65.058
2 38 10.703
2 38 67.219
2 39 1.216
2 39 58.013
2 39 64.965
2 41 2.504
2 42 13.167
2 42 55.439
2 42 57.732
2 44 43.166
2 45 20.259
2 46 60.516
2 46 63.139
2 46 66.568
2 47 24.407
2 47 46.595
2 47 76.068
2 47 91.602
2 48 42.179
2 48 59.482
3 4 32.934
3 6 21.548
3 7 8.583
3 8 59.876
3 8 61.703
3 9 11.824
3 9 41.371
3 9 52.685
3 9 74.729
3 10 21.62
3 11 20.699
3 11 49.647
3 13 34.005
3 13 40.485
3 15 95.85
3 16 31.28
3 16 60.916
3 17 51.627
3 18 28.429
3 19 28.517
3 19 75.047
3 20 64.231
3 21 12.948
3 22 22.235
3 22 28.624
3 22 56.939
3 22 97.116
3 24 80.129
3 25 20.867
3 26 28.403
3 26 84.925
3 26 92.062
3 27 79.176
3 28 33.75
3 28 44.329
3 30 9.123
3 30 89.208
3 31 72.305
3 32 59.601
3 33 89.588
3 33 99.097
3 34 31.748
3 35 44.141
3 35 87.502
3 36 13.026
3 36 69.51
3 37 96.328
3 38 22.012
3 39 4.525
3 40 66.325
3 40 73.921
3 40 86.544
3 41 18.629
3 41 84.294
3 43 72.441
3 44 22.832
3 44 51.927
3 44 69.086
3 44 89.053
3 45 1.527
3 45 83.335
3 46 5.522
3 49 55.616
4 7 45.455
4 7 71.611
4 8 10.929
4 8 37.33
4 8 39.395
4 9 67.382
4 12 90.105
4 12 96.328
4 14 5.956
4 14 10.056
4 14 62.346
4 14 68.257
4 14 87.235
4 14 97.677
4 15 32.142
4 15 89.375
4 16 45.053
4 16 89.393
4 17 67.888
4 18 37.515
4 18 52.245
4 19 36.799
4 19 48.56
4 20 9.677
4 20 79.344
4 20 85.871
4 21 73.944
4 22 52.914
4 22 88.391
4 23 36.625
4 24 21.055
4 24 30.294
4 25 32.284
4 25 58.495
4 28 34.51
4 29 60.486
4 29 98.969
4 30 87.787
4 31 35.929
4 31 44.795
4 31 81.058
4 33 12.021
4 34 41.756
4 34 46.949
4 34 57.649
4 34 67.397
4 34 90.067
4 35 24.939
4 36 7.398
4 36 12.423
4 36 46.836
4 36 53.312
4 36 60.674
4 36 64.37
4 36 84.506
4 37 31.768
4 37 45.511
4 37 91.64
4 39 38.337
4 40 82.548
4 40 83.49
4 42 37.926
4 43 92.568
4 44 48.112
4 44 98.265
4 45 31.136
4 45 41.956
4 45 88.232
4 45 94.978
4 46 27.545
4 47 34.327
4 47 38.38
4 47 53.637
4 47 66.447
4 48 38.846
4 49 76.446
4 49 77.316
4 49 99.753
5 6 41.148
5 6 46.926
5 6 60.684
5 6 94.31
5 7 98.486
5 8 36.52
5 8 77.394
5 9 82.972
5 11 83.451
5 12 6.166
5 12 75.444
5 13 35.21
5 13 66.422
5 14 20.636
5 14 25.4
5 17 8.309
5 17 25.238
5 19 9.208
5 19 9.767
5 19 25.322
5 21 14.161
5 22 14.1
5 22 49.316
5 22 93.357
5 23 25.987
5 23 27.053
5 23 72.331
5 26 35.72
5 26 80.331
5 26 92.112
5 28 0.406
5 28 5.778
5 28 39.92
5 28 42.897
5 28 58.846
5 30 60.629
5 31 35.083
5 31 53.946
5 31 68.157
5 31 87.475
5 32 19.178
5 32 43.074
5 32 90.902
5 33 11.3
5 33 13.121
5 34 48.718
5 34 98.008
5 36 78.891
5 37 83.065
5 38 29.629
5 38 45.429
5 38 97.257
5 39 14.444
5 41 43.387
5 42 82.586
5 45 25.909
5 45 38.118
5 46 89.924
5 47 35.043
5 47 47.482
5 48 18.596
5 48 33.91
5 49 14.651
6 7 22.359
6 7 67.758
6 8 20.915
6 8 21.665
6 8 49.697
6 9 21.255
6 9 53.438
6 10 4.476
6 10 52.873
6 11 38.19
6 12 47.288
6 12 68.643
6 12 77.626
6 13 78.729
6 14 9.826
6 14 29.261
6 15 20.418
6 15 88.649
6 16 19.366
6 16 34.396
6 16 40.051
6 17 76.087
6 17 87.868
6 19 3.591
6 19 14.375
6 19 63.063
6 19 65.271
6 19 99.685
6 20 70.829
6 21 9.031
6 21 14.073
6 21 45.653
6 22 14.768
6 22 98.659
6 23 15.599
6 23 20.113
6 23 68.139
6 24 18.918
6 25 36.978
6 25 90.22
6 26 34.232
6 27 5.377
6 27 34.867
6 27 44.445
6 27 45.109
6 27 81.375
6 28 50.975
6 28 54.802
6 28 73.687
6 29 25.882
6 31 17.474
6 32 34.576
6 32 54.827
6 33 99.46
6 34 23.873
6 34 30.55
6 34 68.483
6 35 94.188
6 37 25.998
6 37 87.594
6 38 23.016
6 38 63.485
6 39 11.067
6 39 59.69
6 40 49.528
6 40 99.943
6 41 17.938
6 41 69.979
6 41 77.408
6 42 44.847
6 43 74.594
6 46 20.576
6 46 21.62
6 46 48.285
6 46 88.141
6 47 10.377
6 48 11.979
6 48 47.261
6 49 82.609
6 49 99.743
7 8 26.295
7 8 36.067
7 8 41.194
7 8 87.933
7 9 6.525
7 9 38.127
7 10 43.662
7 10 85.026
7 11 70.344
7 11 97.054
7 13 17.041
7 13 43.733
7 13 71.039
7 14 2.773
7 14 36.446
7 15 2.096
7 16 11.509
7 16 58.873
7 16 81.896
7 16 92.063
7 17 5.251
7 17 11.882
7 17 40.312
7 18 57.506
7 19 68.564
7 20 74.745
7 21 3.824
7 22 80.016
7 22 98.496
7 23 55.409
7 25 79.038
7 25 81.046
7 26 57.833
7 27 66.023
7 27 82.511
7 28 63.088
7 29 45.167
7 29 71.184
7 30 37.423
7 30 82.62
7 32 36.042
7 33 57.967
7 33 71.329
7 34 2.948
7 34 7.646
7 34 32.968
7 34 94.183
7 35 34.602
7 35 76.104
7 36 66.279
7 36 81.16
7 37 62.586
7 38 40.403
7 39 17.429
7 39 33.64
7 39 41.995
7 40 98.648
7 42 17.201
7 42 82.092
7 43 73.572
7 43 96.716
7 45 50.113
7 45 62.778
7 45 64.357
7 45 67.243
7 45 89.142
7 46 5.951
7 46 10.939
7 47 12.576
7 47 40.528
7 47 93.417
7 47 98.201
7 48 90.138
7 49 69.274
7 49 93.977
8 9 11.389
8 9 39.722
8 10 7.722
8 10 11.791
8 11 18.203
8 12 46.078
8 13 70.278
8 14 43.65
8 15 44.366
8 15 81.272
8 16 9.691
8 17 44.988
8 18 81.367
8 20 37.852
8 21 97.933
8 23 21.529
8 23 67.462
8 23 88.745
8 24 22.399
8 24 22.937
8 24 74.545
8 25 3.311
8 25 93.0
8 26 64.106
8 27 61.642
8 28 88.478
8 29 22.366
8 29 56.589
8 29 71.518
8 30 11.302
8 30 45.894
8 30 65.184
8 30 86.638
8 31 63.522
8 31 76.339
8 31 90.262
8 32 57.07
8 32 67.106
8 33 25.222
8 33 58.671
8 35 43.832
8 36 77.638
8 36 82.865
8 37 29.053
8 37 84.709
8 38 49.153
8 39 77.126
8 40 25.957
8 42 1.939
8 43 51.257
8 43 97.197
8 44 13.017
8 46 70.411
8 48 37.076
8 48 87.964
8 49 11.185
9 10 96.435
9 11 40.859
9 11 58.773
9 13 25.819
9 15 0.534
9 16 3.904
9 17 43.228
9 17 72.525
9 17 77.546
9 18 6.207
9 19 1.3
9 19 92.393
9 20 19.773
9 23 22.354
9 25 40.64
9 27 52.734
9 29 48.907
9 30 85.573
9 32 35.018
9 32 42.099
9 32 49.787
9 32 86.153
9 33 3.629
9 33 34.657
9 33 45.826
9 33 61.907
9 34 1.695
9 34 35.636
9 34 62.199
9 35 67.066
9 35 96.974
9 36 49.145
9 36 82.607
9 38 71.808
9 39 7.489
9 39 59.841
9 40 10.576
9 40 34.44
9 40 64.412
9 40 85.686
9 41 1.517
9 41 81.478
9 42 43.686
9 42 50.24
9 42 50.679
9 42 81.307
9 43 30.396
9 44 1.927
9 44 17.74
9 46 11.488
9 46 40.159
9 46 68.927
9 47 14.014
9 47 24.424
9 47 65.636
9 47 99.701
9 48 49.51
9 48 49.936
9 49 55.807
10 11 4.179
10 11 54.376
10 12 31.359
10 12 64.041
10 12 73.808
10 13 24.701
10 13 35.233
10 13 73.381
10 13 76.992
10 13 77.219
10 14 54.676
10 17 1.172
10 18 4.096
10 18 47.699
10 19 4.243
10 20 72.549
10 20 89.256
10 22 3.877
10 22 38.188
10 23 72.683
10 24 23.151
10 25 8.532
10 27 5.39
10 27 84.106
10 28 20.468
10 28 87.703
10 30 33.463
10 31 30.071
10 31 61.508
10 33 93.2
10 34 51.965
10 35 64.472
10 35 84.642
10 35 99.192
10 36 60.643
10 38 38.142
10 38 61.381
10 39 40.115
10 39 67.227
10 39 83.869
10 40 32.748
10 40 91.897
10 41 45.295
10 41 76.152
10 41 89.476
10 42 8.324
10 42 12.08
10 42 50.029
10 42 82.841
10 43 20.534
10 43 29.963
10 43 71.011
10 43 92.406
10 45 81.189
10 45 86.464
10 45 95.588
10 46 75.451
10 48 1.489
10 48 35.783
10 49 35.189
10 49 45.512
10 49 61.992
10 49 83.493
11 13 1.18
11 13 19.516
11 14 42.516
11 15 63.06
11 16 17.488
11 16 33.097
11 17 21.401
11 18 0.759
11 18 90.269
11 21 7.715
11 21 73.724
11 22 33.356
11 22 49.297
11 22 51.696
11 22 82.078
11 22 82.933
11 24 24.202
11 24 68.641
11 24 95.101
11 25 27.848
11 25 52.14
11 28 79.04
11 29 31.999
11 30 92.683
11 31 22.412
11 34 1.242
11 34 73.549
11 35 61.249
11 35 64.55
11 35 66.203
11 37 36.689
11 37 75.817
11 37 92.67
11 37 95.624
11 39 11.235
11 41 70.253
11 42 2.867
11 42 5.441
11 42 8.979
11 42 26.853
11 43 15.857
11 44 48.792
11 44 57.289
11 44 82.947
11 47 4.044
11 47 17.623
12 13 11.284
12 13 72.602
12 14 7.384
12 14 50.7
12 16 74.883
12 17 25.755
12 19 4.659
12 19 38.604
12 19 51.279
12 19 95.189
12 20 5.571
12 21 49.204
12 22 53.573
12 23 7.957
12 23 29.054
12 24 50.617
12 24 60.179
12 25 10.781
12 25 36.63
12 26 23.188
12 27 19.885
12 28 11.038
12 28 25.142
12 28 48.238
12 29 12.175
12 29 48.308
12 29 75.174
12 31 42.483
12 32 12.79
12 34 12.591
12 34 28.934
12 37 70.105
12 37 85.899
12 38 35.812
12 38 49.047
12 39 0.067
12 40 0.502
12 40 96.358
12 41 30.638
12 42 16.164
12 42 70.412
12 42 80.757
12 42 81.03
12 43 29.371
12 43 63.497
12 43 81.892
12 44 71.903
12 44 80.644
12 45 70.245
12 45 83.257
12 46 7.655
12 46 64.382
12 46 93.282
12 47 17.458
13 14 1.235
13 14 39.215
13 14 73.154
13 15 28.31
13 16 13.212
13 17 14.078
13 17 19.822
13 18 8.272
13 18 13.702
13 18 27.004
13 19 90.844
13 20 68.899
13 21 86.22
13 21 97.507
13 22 61.696
13 23 36.073
13 24 22.065
13 24 33.869
13 24 94.592
13 25 4.146
13 25 47.269
13 25 56.79
13 25 76.335
13 27 64.446
13 29 6.344
13 29 17.042
13 29 26.785
13 29 30.773
13 29 54.246
13 31 77.921
13 32 41.633
13 33 7.773
13 34 0.488
13 34 60.778
13 34 70.167
13 35 30.25
13 35 68.297
13 35 81.21
13 37 31.948
13 37 55.311
13 37 72.051
13 38 7.142
13 38 28.349
13 38 76.338
13 40 37.502
13 40 57.302
13 40 65.104
13 41 24.758
13 42 5.784
13 42 49.518
13 44 0.138
13 46 20.477
13 46 37.526
13 47 50.759
13 47 51.906
13 47 85.99
13 47 88.239
13 48 27.187
13 48 33.188
13 48 39.411
13 48 62.778
14 15 4.849
14 15 13.77
14 15 19.476
14 16 12.648
14 16 27.463
14 16 79.387
14 17 45.051
14 18 27.14
14 19 79.282
14 19 85.141
14 20 48.963
14 21 37.464
14 21 49.826
14 22 46.327
14 23 22.957
14 23 49.428
14 23 60.509
14 25 38.173
14 29 78.583
14 30 6.561
14 34 76.368
14 36 31.676
14 36 46.823
14 37 58.2
14 37 68.343
14 38 17.868
14 38 79.658
14 40 57.755
14 40 65.222
14 41 46.614
14 41 80.861
14 41 84.583
14 43 5.864
14 43 31.466
14 43 77.634
14 44 64.415
14 45 46.746
14 48 1.171
14 48 27.539
14 48 46.282
14 48 96.906
14 49 52.664
15 16 11.656
15 16 26.773
15 16 92.986
15 19 79.097
15 20 15.805
15 21 7.029
15 21 81.82
15 21 90.479
15 22 42.699
15 22 61.046
15 23 29.315
15 23 31.831
15 24 83.535
15 25 7.011
15 25 66.621
15 26 72.627
15 27 7.502
15 27 29.502
15 27 71.677
15 28 70.569
15 29 6.692
15 30 15.326
15 31 97.663
15 31 99.186
15 32 29.068
15 32 45.475
15 33 19.268
15 34 20.667
15 34 25.75
15 34 78.96
15 35 1.351
15 35 47.688
15 35 63.425
15 36 69.13
15 36 79.807
15 36 86.886
15 37 16.909
15 37 27.197
15 37 98.912
15 38 6.807
15 39 27.649
15 42 36.134
15 44 77.056
15 44 84.769
15 45 52.355
15 46 69.889
15 47 19.381
15 47 43.608
15 48 44.475
15 48 48.066
15 49 10.75
16 17 68.439
16 18 1.882
16 18 19.398
16 18 34.412
16 19 5.338
16 19 16.53
16 19 30.664
16 19 32.745
16 19 62.936
16 19 66.154
16 20 5.826
16 20 15.863
16 21 19.34
16 22 34.607
16 22 60.167
16 22 95.884
16 25 9.769
16 25 26.6
16 26 1.772
16 26 43.373
16 26 61.987
16 26 85.185
16 26 90.072
16 28 63.129
16 30 19.156
16 30 60.478
16 31 22.985
16 32 47.251
16 32 73.507
16 33 66.276
16 33 92.056
16 34 83.809
16 35 11.967
16 35 45.055
16 36 36.22
16 36 80.137
16 36 95.041
16 36 98.133
16 38 14.438
16 38 27.76
16 38 30.823
16 38 99.436
16 39 66.433
16 39 72.684
16 39 75.159
16 39 98.843
16 40 25.25
16 41 6.258
16 43 55.135
16 44 48.258
16 45 18.23
16 45 21.548
16 45 59.863
16 46 29.935
16 46 52.265
16 47 62.809
16 48 19.839
16 48 25.364
16 49 25.966
16 49 43.531
17 19 46.147
17 19 69.803
17 19 92.049
17 20 88.732
17 22 51.057
17 22 56.129
17 22 84.07
17 24 22.133
17 25 28.464
17 25 82.9
17 26 29.216
17 26 31.961
17 26 85.474
17 27 31.392
17 27 99.177
17 28 9.431
17 28 30.145
17 28 47.616
17 29 0.045
17 29 2.865
17 29 78.409
17 30 3.761
17 30 19.311
17 30 45.073
17 31 30.849
17 32 13.773
17 32 39.316
17 32 39.394
17 32 50.259
17 35 18.566
17 35 34.816
17 35 62.291
17 35 75.082
17 36 81.399
17 37 3.921
17 37 35.132
17 37 36.965
17 38 24.544
17 39 30.214
17 40 42.174
17 40 82.223
17 41 13.433
17 41 76.641
17 41 84.253
17 44 22.592
17 46 41.904
17 47 75.151
17 48 74.779
17 48 76.661
17 49 23.722
17 49 97.196
18 19 48.657
18 19 75.495
18 20 21.736
18 21 95.617
18 22 22.719
18 23 78.07
18 24 68.907
18 25 88.407
18 26 45.795
18 27 37.844
18 27 62.265
18 27 97.102
18 28 67.703
18 29 17.694
18 29 45.815
18 29 61.661
18 29 65.037
18 29 68.81
18 29 82.594
18 30 15.502
18 31 6.042
18 32 0.625
18 33 45.497
18 33 67.506
18 34 60.509
18 34 82.892
18 35 24.701
18 35 34.359
18 35 44.477
18 36 31.689
18 37 37.981
18 37 47.323
18 40 56.698
18 41 6.878
18 41 43.395
18 42 18.048
18 42 65.322
18 42 73.164
18 44 7.3
18 46 19.084
18 47 16.453
18 47 47.186
18 47 64.219
18 48 37.824
18 49 2.623
18 49 57.369
19 20 42.972
19 21 65.552
19 21 83.299
19 22 18.127
19 22 38.98
19 24 28.485
19 24 77.422
19 25 12.203
19 25 94.966
19 28 11.479
19 28 83.974
19 29 63.767
19 29 73.405
19 29 94.386
19 31 14.627
19 32 59.658
19 33 54.038
19 33 88.95
19 34 25.064
19 35 10.327
19 35 78.562
19 36 25.694
19 39 55.667
19 40 3.129
19 40 17.384
19 41 3.345
19 41 33.467
19 42 47.981
19 42 67.263
19 42 93.4
19 43 16.714
19 43 39.288
19 43 47.537
19 43 61.214
19 43 63.676
19 43 79.236
19 43 91.97
19 45 25.061
19 45 26.991
19 45 27.066
19 45 65.076
19 46 30.385
19 46 63.444
19 47 72.097
19 47 89.887
19 48 71.552
19 49 40.039
20 22 32.646
20 22 36.147
20 22 64.181
20 23 3.117
20 24 89.938
20 26 74.666
20 27 63.27
20 28 22.943
20 28 52.599
20 28 82.417
20 29 97.42
20 30 59.359
20 30 93.565
20 31 13.06
20 31 54.157
20 31 66.656
20 31 91.994
20 32 2.883
20 33 16.237
20 34 37.885
20 35 57.292
20 37 13.814
20 37 68.585
20 37 89.969
20 38 93.606
20 39 13.946
20 39 19.016
20 40 49.547
20 40 75.204
20 41 10.929
20 41 47.326
20 41 64.054
20 41 75.951
20 42 16.498
20 42 69.707
20 43 38.848
20 44 41.915
20 45 29.936
20 46 24.501
20 47 10.438
20 48 36.339
20 49 9.137
21 22 14.354
21 22 33.102
21 23 35.621
21 23 40.054
21 24 73.825
21 25 38.456
21 25 48.235
21 25 84.504
21 26 16.706
21 26 70.983
21 26 90.8
21 27 1.596
21 27 76.561
21 27 91.246
21 28 53.343
21 28 98.31
21 28 98.826
21 31 17.335
21 31 18.051
21 31 98.847
21 32 89.071
21 32 90.139
21 32 99.885
21 34 65.314
21 34 77.838
21 35 30.506
21 36 19.526
21 36 56.541
21 37 37.892
21 37 46.942
21 37 46.999
21 37 83.446
21 39 24.423
21 39 61.791
21 39 97.585
21 40 7.278
21 40 44.963
21 40 45.503
21 40 56.525
21 40 84.338
21 40 88.353
21 41 54.251
21 42 5.736
21 42 8.08
21 42 76.64
21 43 36.933
21 43 47.494
21 43 82.775
21 45 12.279
21 45 44.844
21 45 65.743
21 45 78.678
21 46 41.312
21 46 92.37
21 47 13.965
21 48 7.933
22 24 2.796
22 24 59.581
22 25 43.893
22 26 48.068
22 27 45.337
22 28 5.51
22 28 30.277
22 28 97.718
22 31 14.267
22 31 33.165
22 33 47.979
22 34 18.618
22 34 40.356
22 34 98.482
22 35 36.193
22 35 54.911
22 35 80.2
22 36 73.0
22 39 10.142
22 39 70.595
22 39 93.41
22 40 4.322
22 40 66.868
22 41 17.48
22 42 55.558
22 42 76.156
22 43 15.344
22 43 27.348
22 43 69.193
22 43 86.678
22 44 41.46
22 44 89.51
22 45 17.72
22 45 98.73
22 47 33.86
22 47 89.179
22 49 62.805
22 49 64.585
22 49 91.537
23 24 98.39
23 26 64.037
23 26 78.008
23 27 3.783
23 27 21.056
23 27 37.341
23 27 40.653
23 28 30.535
23 28 46.998
23 28 59.001
23 28 62.052
23 28 90.873
23 29 92.127
23 30 11.975
23 31 43.179
23 31 53.792
23 31 74.631
23 32 16.576
23 34 8.036
23 34 38.3
23 34 90.139
23 37 1.518
23 37 44.97
23 38 93.211
23 39 11.939
23 40 30.565
23 40 63.331
23 41 15.156
23 41 83.37
23 42 32.574
23 42 99.515
23 43 89.468
23 44 29.132
23 44 65.878
23 47 8.263
23 47 55.999
23 48 41.79
23 49 1.051
23 49 13.435
23 49 24.768
24 25 51.373
24 28 21.762
24 28 44.705
24 28 75.373
24 29 44.067
24 29 64.012
24 30 20.892
24 30 56.831
24 31 28.219
24 32 4.522
24 32 7.726
24 32 25.822
24 32 86.987
24 34 11.075
24 34 31.297
24 34 80.345
24 36 17.104
24 36 97.843
24 37 1.022
24 37 25.197
24 37 61.342
24 37 95.584
24 40 7.931
24 40 25.227
24 41 59.85
24 42 42.046
24 44 71.642
24 45 40.323
24 45 41.037
24 45 83.027
24 45 95.008
24 46 37.792
24 46 85.222
24 47 1.836
24 47 35.077
24 48 24.758
24 48 45.858
24 48 55.98
24 49 62.478
25 27 9.073
25 27 31.27
25 27 32.846
25 27 33.372
25 27 50.499
25 27 62.68
25 28 35.062
25 29 9.33
25 29 57.416
25 30 30.051
25 31 28.784
25 31 35.311
25 31 85.84
25 32 15.074
25 32 70.248
25 32 98.41
25 33 28.055
25 33 38.919
25 34 13.805
25 34 47.391
25 34 51.271
25 36 27.465
25 36 40.219
25 37 28.129
25 37 51.779
25 37 74.987
25 38 59.957
25 38 60.535
25 38 61.469
25 40 67.131
25 41 3.038
25 41 19.042
25 41 20.421
25 41 26.049
25 42 30.625
25 42 62.845
25 43 51.833
25 44 42.665
25 44 50.598
25 44 79.137
25 45 59.854
25 46 12.365
25 47 35.087
25 47 58.517
25 48 99.906
25 49 55.085
26 27 41.923
26 28 68.452
26 29 78.988
26 30 0.29
26 31 15.832
26 32 21.085
26 32 28.275
26 32 31.689
26 33 29.851
26 33 48.598
26 34 2.765
26 34 23.358
26 34 31.231
26 35 0.21
26 35 20.799
26 35 40.081
26 35 75.683
26 36 51.444
26 36 59.879
26 37 67.085
26 37 86.99
26 39 23.639
26 40 40.015
26 40 80.311
26 43 47.309
26 43 62.346
26 44 1.442
26 44 37.339
26 45 74.432
26 45 88.001
26 45 96.759
26 48 89.712
26 49 40.355
26 49 45.608
26 49 57.881
27 28 6.056
27 29 20.473
27 30 57.332
27 30 70.984
27 31 52.414
27 31 75.932
27 31 84.699
27 31 94.709
27 34 7.43
27 35 67.571
27 35 86.69
27 36 32.465
27 38 73.393
27 38 81.708
27 38 95.67
27 39 5.836
27 39 37.429
27 42 75.929
27 43 69.256
27 43 79.11
27 44 50.554
27 46 10.613
27 47 89.642
27 48 7.068
27 48 96.234
27 49 12.784
27 49 54.612
28 29 10.942
28 29 60.058
28 29 85.384
28 30 58.261
28 31 9.035
28 32 19.697
28 32 37.487
28 33 39.58
28 33 61.706
28 33 63.39
28 33 78.612
28 33 95.914
28 34 27.933
28 34 32.747
28 35 40.483
28 35 72.011
28 36 43.324
28 37 43.015
28 37 56.72
28 40 9.302
28 40 21.868
28 40 40.594
28 42 29.938
28 43 31.815
28 43 56.542
28 44 4.972
28 45 34.536
28 46 35.262
28 46 76.26
28 47 21.828
28 47 25.148
28 47 30.028
28 48 11.897
28 48 16.23
28 49 86.55
29 30 60.649
29 30 76.406
29 31 59.351
29 31 59.605
29 32 28.729
29 32 37.933
29 34 96.085
29 35 1.933
29 35 81.118
29 35 93.047
29 36 23.056
29 36 64.613
29 37 35.778
29 37 60.557
29 37 62.063
29 37 83.514
29 38 20.495
29 38 63.988
29 39 39.09
29 39 60.266
29 43 29.568
29 43 55.016
29 44 13.227
29 45 5.081
29 45 19.328
29 45 19.675
29 45 28.963
29 45 44.519
29 45 63.862
29 46 98.134
29 47 5.465
29 47 14.949
29 47 23.377
29 47 41.181
29 48 2.178
29 48 36.788
29 48 83.781
29 48 94.014
29 48 95.614
30 31 54.076
30 31 83.444
30 32 13.536
30 32 52.091
30 32 97.475
30 33 8.857
30 35 54.725
30 36 83.93
30 38 11.253
30 38 75.446
30 40 54.081
30 40 85.004
30 41 57.58
30 41 92.49
30 43 59.129
30 43 99.093
30 44 44.312
30 45 98.284
30 46 9.398
30 46 41.913
30 46 46.96
30 47 83.962
30 47 85.942
30 48 13.963
30 49 86.562
31 32 66.883
31 33 79.228
31 34 50.274
31 34 70.443
31 34 76.657
31 34 91.606
31 35 0.85
31 35 42.906
31 36 1.443
31 36 37.569
31 36 75.57
31 36 99.197
31 38 31.375
31 39 82.52
31 40 18.65
31 40 46.2
31 40 73.078
31 41 76.882
31 42 18.221
31 42 84.915
31 44 24.262
31 44 50.552
31 44 63.822
31 45 26.024
31 45 32.216
31 46 48.814
31 46 83.802
31 47 56.853
31 48 18.105
31 48 39.377
31 48 55.669
31 49 96.967
32 33 4.593
32 34 62.755
32 34 93.47
32 35 50.03
32 35 92.828
32 36 73.451
32 36 79.266
32 36 79.427
32 37 30.238
32 37 91.939
32 39 4.706
32 39 40.271
32 40 68.122
32 40 84.745
32 41 67.009
32 43 53.462
32 43 65.048
32 44 31.887
32 45 18.605
32 45 36.394
32 46 41.068
32 46 55.362
32 47 64.335
32 49 31.346
32 49 48.377
32 49 64.68
33 34 33.03
33 34 83.868
33 35 60.701
33 35 75.944
33 36 21.464
33 36 59.528
33 36 94.189
33 37 32.703
33 37 34.966
33 37 40.008
33 37 62.01
33 38 65.589
33 38 66.065
33 39 57.092
33 39 72.647
33 39 90.659
33 40 23.671
33 41 0.511
33 41 0.701
33 41 17.14
33 41 39.52
33 43 6.588
33 47 22.414
33 49 2.399
33 49 42.96
34 35 71.036
34 35 76.698
34 35 82.168
34 37 11.49
34 37 39.284
34 37 49.412
34 38 41.073
34 38 51.221
34 38 70.275
34 39 49.822
34 41 55.961
34 42 41.901
34 42 82.435
34 43 0.425
34 45 14.418
34 45 57.868
34 46 33.905
34 47 5.241
34 48 50.906
34 48 93.278
34 49 29.083
34 49 80.833
35 37 60.065
35 39 25.153
35 39 83.264
35 40 45.291
35 41 1.982
35 42 96.759
35 43 55.291
35 45 5.925
35 45 42.812
35 46 19.212
35 46 21.971
35 46 55.032
35 47 29.056
35 48 11.574
35 49 31.197
36 37 83.683
36 38 87.087
36 39 9.145
36 39 10.759
36 39 11.437
36 39 69.175
36 40 19.564
36 40 28.881
36 40 48.101
36 40 66.181
36 40 85.367
36 41 0.554
36 41 69.88
36 43 45.042
36 43 68.71
36 43 69.432
36 43 80.922
36 44 85.543
36 45 76.933
36 46 58.769
36 46 64.619
36 47 50.055
36 49 28.999
36 49 87.882
37 38 28.627
37 38 83.152
37 39 4.059
37 39 86.067
37 40 4.202
37 40 8.214
37 40 28.405
37 40 45.615
37 40 50.224
37 42 43.48
37 42 57.304
37 42 94.625
37 43 32.128
37 44 53.141
37 44 66.699
37 45 70.355
37 48 24.439
37 48 52.103
37 48 73.475
38 39 24.566
38 39 93.875
38 40 6.236
38 41 12.723
38 41 38.998
38 43 0.104
38 43 59.008
38 44 8.32
38 44 28.574
38 44 29.611
38 45 38.916
38 45 51.585
38 45 70.141
38 45 76.695
38 46 13.627
38 46 46.996
38 47 14.833
38 47 21.516
38 47 95.912
38 48 34.171
38 48 55.767
38 48 79.041
38 48 83.766
38 49 33.433
38 49 37.648
38 49 60.095
38 49 62.206
38 49 74.63
38 49 97.87
39 41 21.002
39 41 51.392
39 43 6.825
39 43 36.1
39 44 67.318
39 44 81.68
39 46 4.816
39 46 43.128
39 46 74.176
39 46 98.223
39 47 4.272
39 49 13.49
40 42 33.778
40 42 96.172
40 43 5.033
40 43 24.719
40 44 7.918
40 44 59.009
40 45 4.034
40 45 47.569
40 45 49.844
40 45 54.94
40 45 97.407
40 46 33.212
40 46 35.537
40 46 51.887
40 46 62.575
40 47 21.281
40 48 3.407
40 48 60.457
40 48 71.22
40 49 52.984
40 49 88.982
40 49 89.893
41 42 15.171
41 42 52.605
41 43 19.17
41 43 33.28
41 44 54.677
41 44 76.331
41 45 45.281
41 46 3.257
41 46 12.51
41 46 39.135
41 47 31.647
41 47 67.442
41 48 24.789
42 44 29.221
42 44 60.068
42 46 23.899
42 46 37.867
42 46 64.72
42 47 82.0
42 47 89.032
42 48 67.499
42 49 4.524
43 44 26.27
43 44 62.012
43 45 10.203
43 45 47.106
43 49 11.773
44 45 40.042
44 45 43.829
44 45 90.585
44 46 76.499
44 47 89.504
44 48 83.099
44 49 69.925
45 46 12.207
45 46 20.792
45 46 35.575
45 47 8.984
45 47 18.227
45 47 83.355
45 48 2.197
46 47 48.762
46 48 50.449
46 48 80.546
46 49 25.141
46 49 56.455
47 49 85.754