50
0 2 4
0 3 6.3
0 4 10
0 1 7
0 7 3
0 37 3
1 5 20
1 4 5
1 8 3
2 18 3
2 4 14
3 12 8
3 5 7
4 6 3
5 9 7
5 12 6
5 15 6
6 17 19
6 11 4
7 8 7
8 42 2
9 23 4
9 16 4
10 23 3
10 7 5
11 13 19
12 26 4
12 13 4
13 14 2
14 27 3
15 21 3
15 22 6
16 20 17
17 25 4
17 19 5
18 37 10
19 48 3
19 24 5
20 34 3
20 29 3
21 40 2
22 31 4
23 33 5
24 29 8
24 39 5
24 28 4
25 38 3
26 45 3
27 32 5
28 46 2
28 30 4
29 44 2
30 36 2
31 44 5
32 15 12
33 35 7
33 43 4
34 6 7
35 38 2.5
36 47 6
39 46 4
39 48 4
40 41 5
41 44 10
42 49 2
43 49 6
45 47 30
46 47 3
