47
0 1 26
0 2 39
0 3 4
0 4 42
0 5 62
0 6 61
0 7 19
0 8 91
0 9 39
0 10 31
0 11 58
0 12 90
0 13 46
0 14 25
0 15 49
0 16 12
0 17 55
0 18 44
0 19 92
0 20 74
0 21 22
0 22 27
0 23 51
0 24 90
0 25 32
0 26 10
0 27 16
0 28 69
0 29 46
0 30 78
0 31 20
0 32 4
0 33 60
0 34 66
0 35 58
0 36 1
0 37 59
0 38 1
0 39 35
0 40 83
0 41 21
0 42 37
0 43 41
0 44 42
0 45 35
0 46 46
1 2 68
1 3 40
1 4 27
1 5 7
1 6 30
1 7 7
1 8 82
1 9 3
1 10 25
1 11 28
1 12 14
1 13 1
1 14 28
1 15 69
1 16 90
1 17 53
1 18 90
1 19 89
1 20 69
1 21 43
1 22 20
1 23 26
1 24 62
1 25 15
1 26 60
1 27 69
1 28 19
1 29 37
1 30 17
1 31 48
1 32 35
1 33 35
1 34 40
1 35 60
1 36 14
1 37 41
1 38 65
1 39 56
1 40 75
1 41 29
1 42 76
1 43 45
1 44 81
1 45 68
1 46 61
2 3 54
2 4 12
2 5 77
2 6 12
2 7 14
2 8 78
2 9 40
2 10 52
2 11 73
2 12 87
2 13 55
2 14 88
2 15 40
2 16 74
2 17 44
2 18 30
2 19 61
2 20 95
2 21 77
2 22 71
2 23 70
2 24 26
2 25 79
2 26 92
2 27 36
2 28 8
2 29 15
2 30 58
2 31 85
2 32 48
2 33 14
2 34 94
2 35 38
2 36 11
2 37 59
2 38 25
2 39 23
2 40 18
2 41 40
2 42 72
2 43 28
2 44 8
2 45 12
2 46 70
3 4 2
3 5 28
3 6 85
3 7 52
3 8 12
3 9 90
3 10 95
3 11 74
3 12 42
3 13 3
3 14 94
3 15 92
3 16 53
3 17 82
3 18 24
3 19 30
3 20 62
3 21 9
3 22 11
3 23 17
3 24 41
3 25 24
3 26 4
3 27 43
3 28 39
3 29 26
3 30 22
3 31 25
3 32 41
3 33 37
3 34 36
3 35 73
3 36 31
3 37 40
3 38 16
3 39 68
3 40 2
3 41 19
3 42 31
3 43 59
3 44 58
3 45 97
3 46 42
4 5 13
4 6 47
4 7 44
4 8 51
4 9 95
4 10 9
4 11 86
4 12 66
4 13 38
4 14 41
4 15 90
4 16 22
4 17 96
4 18 14
4 19 54
4 20 92
4 21 95
4 22 52
4 23 28
4 24 31
4 25 47
4 26 58
4 27 28
4 28 19
4 29 90
4 30 66
4 31 7
4 32 48
4 33 81
4 34 91
4 35 81
4 36 30
4 37 21
4 38 43
4 39 83
4 40 31
4 41 60
4 42 46
4 43 34
4 44 89
4 45 37
4 46 79
5 6 32
5 7 26
5 8 39
5 9 80
5 10 31
5 11 15
5 12 85
5 13 24
5 14 52
5 15 44
5 16 82
5 17 19
5 18 83
5 19 41
5 20 38
5 21 15
5 22 86
5 23 10
5 24 43
5 25 57
5 26 37
5 27 71
5 28 69
5 29 19
5 30 73
5 31 71
5 32 33
5 33 61
5 34 24
5 35 7
5 36 48
5 37 98
5 38 64
5 39 51
5 40 63
5 41 88
5 42 74
5 43 2
5 44 46
5 45 56
5 46 24
6 7 20
6 8 15
6 9 81
6 10 87
6 11 16
6 12 47
6 13 50
6 14 28
6 15 91
6 16 7
6 17 6
6 18 69
6 19 83
6 20 98
6 21 3
6 22 57
6 23 71
6 24 88
6 25 35
6 26 46
6 27 21
6 28 7
6 29 80
6 30 14
6 31 5
6 32 99
6 33 63
6 34 20
6 35 14
6 36 93
6 37 3
6 38 12
6 39 99
6 40 81
6 41 94
6 42 30
6 43 12
6 44 39
6 45 49
6 46 60
7 8 5
7 9 80
7 10 32
7 11 27
7 12 80
7 13 34
7 14 84
7 15 99
7 16 58
7 17 92
7 18 90
7 19 52
7 20 9
7 21 70
7 22 54
7 23 5
7 24 20
7 25 56
7 26 87
7 27 6
7 28 60
7 29 45
7 30 21
7 31 93
7 32 93
7 33 72
7 34 92
7 35 30
7 36 97
7 37 22
7 38 92
7 39 13
7 40 35
7 41 44
7 42 46
7 43 38
7 44 94
7 45 95
7 46 55
8 9 10
8 10 54
8 11 24
8 12 86
8 13 6
8 14 16
8 15 30
8 16 66
8 17 87
8 18 91
8 19 62
8 20 9
8 21 53
8 22 74
8 23 75
8 24 35
8 25 14
8 26 14
8 27 45
8 28 64
8 29 11
8 30 37
8 31 22
8 32 85
8 33 77
8 34 28
8 35 97
8 36 70
8 37 36
8 38 98
8 39 30
8 40 52
8 41 31
8 42 72
8 43 98
8 44 9
8 45 3
8 46 53
9 10 52
9 11 63
9 12 40
9 13 68
9 14 29
9 15 66
9 16 54
9 17 48
9 18 36
9 19 2
9 20 29
9 21 10
9 22 8
9 23 77
9 24 13
9 25 51
9 26 20
9 27 83
9 28 59
9 29 23
9 30 73
9 31 3
9 32 38
9 33 86
9 34 45
9 35 15
9 36 91
9 37 93
9 38 22
9 39 94
9 40 5
9 41 27
9 42 56
9 43 51
9 44 94
9 45 60
9 46 72
10 11 17
10 12 98
10 13 16
10 14 16
10 15 48
10 16 38
10 17 37
10 18 11
10 19 99
10 20 17
10 21 96
10 22 38
10 23 64
10 24 85
10 25 22
10 26 52
10 27 53
10 28 99
10 29 13
10 30 57
10 31 65
10 32 96
10 33 79
10 34 92
10 35 37
10 36 93
10 37 44
10 38 60
10 39 16
10 40 19
10 41 25
10 42 38
10 43 75
10 44 80
10 45 27
10 46 66
11 12 38
11 13 30
11 14 97
11 15 90
11 16 38
11 17 93
11 18 38
11 19 7
11 20 91
11 21 72
11 22 11
11 23 17
11 24 79
11 25 65
11 26 72
11 27 14
11 28 71
11 29 76
11 30 49
11 31 99
11 32 26
11 33 14
11 34 73
11 35 1
11 36 93
11 37 13
11 38 40
11 39 57
11 40 45
11 41 29
11 42 10
11 43 29
11 44 21
11 45 77
11 46 98
12 13 62
12 14 63
12 15 63
12 16 80
12 17 21
12 18 35
12 19 75
12 20 36
12 21 84
12 22 68
12 23 39
12 24 41
12 25 3
12 26 83
12 27 76
12 28 51
12 29 6
12 30 49
12 31 97
12 32 32
12 33 40
12 34 13
12 35 79
12 36 58
12 37 18
12 38 21
12 39 42
12 40 73
12 41 96
12 42 26
12 43 76
12 44 50
12 45 30
12 46 95
13 14 19
13 15 10
13 16 80
13 17 39
13 18 10
13 19 73
13 20 3
13 21 46
13 22 52
13 23 22
13 24 96
13 25 82
13 26 80
13 27 53
13 28 95
13 29 61
13 30 90
13 31 88
13 32 74
13 33 4
13 34 13
13 35 34
13 36 74
13 37 18
13 38 27
13 39 96
13 40 3
13 41 79
13 42 45
13 43 10
13 44 92
13 45 20
13 46 36
14 15 40
14 16 85
14 17 82
14 18 10
14 19 35
14 20 47
14 21 23
14 22 46
14 23 49
14 24 82
14 25 67
14 26 64
14 27 16
14 28 33
14 29 14
14 30 76
14 31 85
14 32 70
14 33 99
14 34 26
14 35 52
14 36 86
14 37 54
14 38 93
14 39 85
14 40 99
14 41 87
14 42 92
14 43 14
14 44 14
14 45 29
14 46 34
15 16 19
15 17 35
15 18 48
15 19 31
15 20 99
15 21 70
15 22 12
15 23 51
15 24 74
15 25 78
15 26 81
15 27 78
15 28 11
15 29 14
15 30 86
15 31 35
15 32 10
15 33 19
15 34 59
15 35 60
15 36 10
15 37 75
15 38 58
15 39 97
15 40 26
15 41 66
15 42 22
15 43 81
15 44 17
15 45 74
15 46 17
16 17 41
16 18 30
16 19 20
16 20 36
16 21 17
16 22 65
16 23 1
16 24 69
16 25 17
16 26 73
16 27 19
16 28 19
16 29 41
16 30 38
16 31 25
16 32 38
16 33 43
16 34 84
16 35 3
16 36 77
16 37 34
16 38 50
16 39 43
16 40 97
16 41 93
16 42 33
16 43 33
16 44 9
16 45 72
16 46 52
17 18 2
17 19 26
17 20 26
17 21 79
17 22 24
17 23 53
17 24 1
17 25 29
17 26 74
17 27 12
17 28 97
17 29 84
17 30 2
17 31 34
17 32 86
17 33 23
17 34 80
17 35 33
17 36 63
17 37 29
17 38 77
17 39 79
17 40 69
17 41 56
17 42 58
17 43 13
17 44 8
17 45 94
17 46 15
18 19 16
18 20 70
18 21 48
18 22 96
18 23 66
18 24 4
18 25 9
18 26 5
18 27 48
18 28 32
18 29 50
18 30 31
18 31 45
18 32 12
18 33 95
18 34 49
18 35 61
18 36 37
18 37 19
18 38 22
18 39 6
18 40 63
18 41 55
18 42 10
18 43 65
18 44 82
18 45 6
18 46 80
19 20 68
19 21 26
19 22 79
19 23 90
19 24 81
19 25 37
19 26 6
19 27 22
19 28 41
19 29 4
19 30 39
19 31 40
19 32 66
19 33 11
19 34 8
19 35 20
19 36 55
19 37 72
19 38 41
19 39 65
19 40 40
19 41 99
19 42 22
19 43 22
19 44 96
19 45 24
19 46 16
20 21 27
20 22 49
20 23 51
20 24 37
20 25 18
20 26 12
20 27 46
20 28 40
20 29 27
20 30 58
20 31 82
20 32 33
20 33 42
20 34 7
20 35 23
20 36 36
20 37 51
20 38 78
20 39 19
20 40 80
20 41 75
20 42 97
20 43 87
20 44 75
20 45 28
20 46 46
21 22 99
21 23 38
21 24 85
21 25 77
21 26 34
21 27 24
21 28 26
21 29 28
21 30 43
21 31 79
21 32 6
21 33 26
21 34 64
21 35 13
21 36 83
21 37 68
21 38 91
21 39 37
21 40 77
21 41 46
21 42 23
21 43 52
21 44 98
21 45 60
21 46 50
22 23 21
22 24 3
22 25 17
22 26 26
22 27 50
22 28 17
22 29 2
22 30 46
22 31 14
22 32 87
22 33 27
22 34 47
22 35 50
22 36 99
22 37 21
22 38 43
22 39 92
22 40 18
22 41 27
22 42 34
22 43 88
22 44 62
22 45 21
22 46 96
23 24 76
23 25 3
23 26 93
23 27 66
23 28 79
23 29 50
23 30 43
23 31 24
23 32 60
23 33 30
23 34 34
23 35 70
23 36 6
23 37 55
23 38 88
23 39 90
23 40 80
23 41 72
23 42 49
23 43 25
23 44 45
23 45 13
23 46 94
24 25 63
24 26 64
24 27 7
24 28 65
24 29 28
24 30 59
24 31 56
24 32 20
24 33 26
24 34 66
24 35 35
24 36 26
24 37 99
24 38 27
24 39 19
24 40 8
24 41 51
24 42 41
24 43 31
24 44 90
24 45 2
24 46 79
25 26 38
25 27 96
25 28 24
25 29 3
25 30 15
25 31 85
25 32 3
25 33 37
25 34 14
25 35 25
25 36 84
25 37 68
25 38 48
25 39 95
25 40 83
25 41 55
25 42 35
25 43 51
25 44 88
25 45 96
25 46 39
26 27 33
26 28 19
26 29 82
26 30 97
26 31 93
26 32 89
26 33 55
26 34 52
26 35 84
26 36 66
26 37 75
26 38 1
26 39 46
26 40 50
26 41 49
26 42 51
26 43 11
26 44 99
26 45 43
26 46 85
27 28 9
27 29 84
27 30 89
27 31 82
27 32 79
27 33 86
27 34 94
27 35 11
27 36 30
27 37 4
27 38 77
27 39 64
27 40 34
27 41 84
27 42 69
27 43 87
27 44 87
27 45 82
27 46 25
28 29 14
28 30 31
28 31 50
28 32 94
28 33 30
28 34 38
28 35 22
28 36 79
28 37 23
28 38 92
28 39 83
28 40 90
28 41 45
28 42 6
28 43 58
28 44 26
28 45 79
28 46 18
29 30 44
29 31 37
29 32 4
29 33 69
29 34 42
29 35 61
29 36 83
29 37 63
29 38 28
29 39 61
29 40 42
29 41 8
29 42 53
29 43 93
29 44 26
29 45 4
29 46 63
30 31 64
30 32 49
30 33 74
30 34 90
30 35 86
30 36 12
30 37 19
30 38 59
30 39 57
30 40 19
30 41 3
30 42 72
30 43 35
30 44 24
30 45 14
30 46 70
31 32 87
31 33 74
31 34 85
31 35 80
31 36 30
31 37 32
31 38 9
31 39 73
31 40 9
31 41 23
31 42 5
31 43 68
31 44 76
31 45 87
31 46 44
32 33 4
32 34 53
32 35 74
32 36 47
32 37 45
32 38 78
32 39 29
32 40 98
32 41 12
32 42 75
32 43 87
32 44 81
32 45 4
32 46 94
33 34 27
33 35 21
33 36 69
33 37 45
33 38 37
33 39 28
33 40 68
33 41 62
33 42 54
33 43 90
33 44 54
33 45 59
33 46 47
34 35 96
34 36 83
34 37 40
34 38 70
34 39 10
34 40 8
34 41 18
34 42 10
34 43 46
34 44 75
34 45 10
34 46 30
35 36 32
35 37 84
35 38 68
35 39 3
35 40 55
35 41 47
35 42 74
35 43 38
35 44 46
35 45 16
35 46 38
36 37 95
36 38 48
36 39 23
36 40 67
36 41 79
36 42 66
36 43 32
36 44 48
36 45 55
36 46 26
37 38 82
37 39 30
37 40 28
37 41 57
37 42 4
37 43 66
37 44 82
37 45 60
37 46 97
38 39 20
38 40 70
38 41 81
38 42 58
38 43 48
38 44 43
38 45 6
38 46 21
39 40 58
39 41 44
39 42 54
39 43 18
39 44 59
39 45 96
39 46 57
40 41 30
40 42 77
40 43 45
40 44 34
40 45 16
40 46 8
41 42 94
41 43 47
41 44 5
41 45 75
41 46 28
42 43 49
42 44 56
42 45 14
42 46 80
43 44 51
43 45 83
43 46 23
44 45 27
44 46 50
45 46 23