34
0 1 51
0 2 46
0 3 63
1 2 36
1 3 49
1 4 21
2 3 11
2 4 46
2 5 60
3 4 72
3 5 41
3 6 24
4 5 52
4 6 72
4 7 47
5 6 60
5 7 45
5 8 31
6 7 51
6 8 68
6 9 94
7 8 27
7 9 99
7 10 88
8 9 89
8 10 40
8 11 47
9 10 76
9 11 43
9 12 44
10 11 56
10 12 35
10 13 69
11 12 22
11 13 92
11 14 13
12 13 83
12 14 29
12 15 88
13 14 83
13 15 59
13 16 46
14 15 75
14 16 17
14 17 65
15 16 63
15 17 73
15 18 24
16 17 97
16 18 32
16 19 30
17 18 59
17 19 34
17 20 79
18 19 83
18 20 69
18 21 35
19 20 32
19 21 58
19 22 69
20 21 44
20 22 1
20 23 77
21 22 39
21 23 1
21 24 7
22 23 89
22 24 53
22 25 23
23 24 76
23 25 55
23 26 97
24 25 80
24 26 60
24 27 35
25 26 33
25 27 3
25 28 72
26 27 5
26 28 19
26 29 54
27 28 65
27 29 13
27 30 38
28 29 67
28 30 25
28 31 11
29 30 36
29 31 78
29 32 57
30 31 77
30 32 65
30 33 20
31 32 41
32 33 55