48
0 1 48.125
0 2 84.758
0 47 80.5
1 2 48.125
1 3 84.758
2 3 48.125
2 4 84.758
3 4 48.125
3 5 84.758
4 5 48.125
4 6 84.758
5 6 48.125
5 7 84.758
6 7 48.125
6 8 84.758
7 8 48.125
7 9 84.758
8 9 48.125
8 10 84.758
9 10 48.125
9 11 84.758
10 11 48.125
10 12 84.758
11 12 48.125
11 13 84.758
12 13 48.125
12 14 84.758
13 14 48.125
13 15 84.758
14 15 48.125
14 16 84.758
15 16 48.125
15 17 84.758
16 17 48.125
16 18 84.758
17 18 48.125
17 19 84.758
18 19 48.125
18 20 84.758
19 20 48.125
19 21 84.758
20 21 48.125
20 22 84.758
21 22 48.125
21 23 84.758
22 23 48.125
22 24 84.758
23 24 48.125
23 25 84.758
24 25 48.125
24 26 84.758
25 26 48.125
25 27 84.758
26 27 48.125
26 28 84.758
27 28 48.125
27 29 84.758
28 29 48.125
28 30 84.758
29 30 48.125
29 31 84.758
30 31 48.125
30 32 84.758
31 32 48.125
31 33 84.758
32 33 48.125
32 34 84.758
33 34 48.125
33 35 84.758
34 35 48.125
34 36 84.758
35 36 48.125
35 37 84.758
36 37 48.125
36 38 84.758
37 38 48.125
37 39 84.758
38 39 48.125
38 40 84.758
39 40 48.125
39 41 84.758
40 41 48.125
40 42 84.758
41 42 48.125
41 43 84.758
42 43 48.125
42 44 84.758
43 44 48.125
43 45 84.758
44 45 48.125
44 46 84.758
45 46 48.125
45 47 84.758