50
0 30 92
0 32 81
1 21 75
1 22 35
2 36 57
2 11 93
2 10 89
3 31 54
3 18 95
3 32 91
3 1 64
4 27 80
4 21 29
4 0 63
4 20 22
4 24 57
5 39 11
5 14 25
5 46 81
5 22 44
6 16 25
6 41 25
6 10 47
7 35 44
7 38 57
8 22 88
8 39 96
8 12 47
8 46 29
8 41 13
9 25 77
9 6 30
10 41 36
10 17 81
10 20 56
11 24 56
11 9 68
12 44 30
12 46 28
13 8 78
13 27 18
13 11 52
13 32 53
13 2 68
14 18 81
14 20 45
14 46 14
15 41 48
15 35 18
16 1 88
16 42 31
17 8 51
17 29 12
17 49 52
17 3 6
18 10 93
18 26 17
19 12 78
19 0 90
19 2 18
19 3 6
19 31 7
20 26 9
20 6 76
20 40 18
20 48 4
21 36 19
21 40 9
21 18 3
22 24 94
22 16 89
22 40 26
22 42 99
23 16 46
23 18 15
24 23 13
24 36 79
24 41 56
25 10 70
25 24 46
25 15 49
26 48 43
26 11 27
26 45 13
27 5 50
27 12 24
27 23 71
27 6 62
28 27 42
28 3 62
29 9 68
29 19 24
30 47 46
30 23 93
30 11 46
30 3 98
31 8 65
31 39 98
31 4 41
31 6 29
32 23 28
32 11 13
33 5 86
33 40 90
33 41 75
33 38 41
34 28 88
34 27 5
34 3 75
35 8 71
35 29 99
36 17 56
36 11 54
36 7 48
37 24 36
37 8 74
37 14 78
37 13 54
37 29 3
38 5 8
38 49 46
38 19 30
38 29 2
38 47 59
39 26 66
39 35 40
39 22 47
39 1 74
39 36 44
40 37 93
40 42 69
40 4 67
40 25 65
40 9 72
41 19 93
41 17 3
41 26 90
42 7 58
42 41 22
42 47 40
42 1 58
42 43 60
43 15 31
43 6 83
43 49 9
44 26 34
44 5 39
44 39 81
45 5 33
45 27 41
45 11 52
45 10 68
46 0 82
46 40 16
46 27 51
47 21 52
47 4 74
47 8 58
47 37 50
48 23 50
48 18 33
49 47 11
49 10 39
49 12 8
49 2 23
