50
0 1 2.455
0 2 29.473
0 3 63.337
0 4 34.425
0 5 41.319
0 6 34.085
0 7 26.447
0 8 34.633
0 9 2.763
0 10 65.725
0 11 3.624
0 12 36.973
0 13 92.704
0 14 36.191
0 15 37.794
0 16 10.254
0 17 45.165
0 18 62.672
0 19 72.822
0 20 50.227
0 21 77.073
0 22 42.874
0 23 9.12
0 24 71.497
0 25 52.009
0 26 22.026
0 27 88.971
0 28 43.583
0 29 88.922
0 30 80.832
0 31 72.725
0 32 28.554
0 33 23.578
0 34 40.179
0 35 11.2
0 36 77.791
0 37 64.192
0 38 39.726
0 39 69.683
0 40 40.823
0 41 23.167
0 42 51.902
0 43 79.409
0 44 52.451
0 45 68.022
0 46 67.642
0 47 12.675
0 48 98.131
0 49 28.787
1 2 35.657
1 3 13.258
1 4 21.359
1 5 50.069
1 6 89.943
1 7 21.008
1 8 76.028
1 9 37.912
1 10 4.214
1 11 45.557
1 12 95.04
1 13 37.412
1 14 5.442
1 15 50.232
1 16 15.549
1 17 56.63
1 18 83.007
1 19 44.155
1 20 90.209
1 21 94.043
1 22 58.877
1 23 64.341
1 24 70.035
1 25 78.218
1 26 24.145
1 27 59.595
1 28 66.134
1 29 68.695
1 30 51.07
1 31 37.629
1 32 65.354
1 33 36.822
1 34 22.215
1 35 62.094
1 36 66.479
1 37 18.216
1 38 83.56
1 39 72.604
1 40 10.718
1 41 33.158
1 42 92.488
1 43 17.607
1 44 30.908
1 45 84.145
1 46 4.562
1 47 69.278
1 48 90.289
1 49 44.882
2 3 2.787
2 4 12.681
2 5 5.578
2 6 49.855
2 7 94.476
2 8 60.151
2 9 53.45
2 10 63.602
2 11 97.152
2 12 75.111
2 13 62.926
2 14 25.262
2 15 6.306
2 16 60.894
2 17 56.565
2 18 82.996
2 19 83.894
2 20 5.683
2 21 44.21
2 22 8.748
2 23 56.244
2 24 32.04
2 25 11.16
2 26 46.961
2 27 43.769
2 28 82.302
2 29 58.734
2 30 96.357
2 31 64.008
2 32 41.455
2 33 50.31
2 34 35.883
2 35 48.531
2 36 89.188
2 37 51.938
2 38 59.888
2 39 85.171
2 40 16.755
2 41 39.359
2 42 46.782
2 43 47.918
2 44 29.231
2 45 91.363
2 46 66.05
2 47 62.583
2 48 32.6
2 49 37.108
3 4 21.093
3 5 1.309
3 6 76.048
3 7 73.865
3 8 4.888
3 9 22.917
3 10 55.179
3 11 37.26
3 12 95.753
3 13 23.425
3 14 18.08
3 15 16.681
3 16 65.422
3 17 34.938
3 18 61.098
3 19 32.114
3 20 28.941
3 21 2.092
3 22 95.037
3 23 97.467
3 24 27.853
3 25 75.797
3 26 74.866
3 27 38.28
3 28 91.899
3 29 78.696
3 30 70.527
3 31 19.22
3 32 49.5
3 33 84.668
3 34 51.345
3 35 36.863
3 36 40.667
3 37 58.127
3 38 7.014
3 39 43.961
3 40 55.231
3 41 89.117
3 42 67.215
3 43 17.715
3 44 68.237
3 45 92.361
3 46 27.757
3 47 44.041
3 48 95.796
3 49 36.733
4 5 23.156
4 6 90.706
4 7 25.136
4 8 47.619
4 9 76.278
4 10 60.658
4 11 52.59
4 12 55.754
4 13 58.228
4 14 89.661
4 15 92.452
4 16 14.139
4 17 93.724
4 18 1.63
4 19 40.578
4 20 46.939
4 21 64.705
4 22 53.488
4 23 40.362
4 24 74.499
4 25 49.094
4 26 17.779
4 27 64.283
4 28 64.974
4 29 98.316
4 30 11.751
4 31 82.925
4 32 46.84
4 33 82.099
4 34 73.334
4 35 29.196
4 36 11.785
4 37 8.96
4 38 87.946
4 39 45.233
4 40 46.706
4 41 88.285
4 42 99.062
4 43 20.245
4 44 39.232
4 45 90.85
4 46 31.663
4 47 99.98
4 48 44.234
4 49 82.431
5 6 81.362
5 7 19.4
5 8 39.972
5 9 37.955
5 10 32.138
5 11 94.419
5 12 43.287
5 13 67.22
5 14 35.507
5 15 35.599
5 16 72.09
5 17 66.817
5 18 1.67
5 19 22.044
5 20 28.291
5 21 76.816
5 22 21.465
5 23 79.077
5 24 33.937
5 25 47.738
5 26 44.444
5 27 42.776
5 28 77.154
5 29 3.18
5 30 40.327
5 31 7.316
5 32 97.736
5 33 48.805
5 34 40.455
5 35 40.734
5 36 73.469
5 37 73.492
5 38 77.857
5 39 69.354
5 40 40.267
5 41 48.823
5 42 45.625
5 43 2.299
5 44 50.894
5 45 33.968
5 46 13.071
5 47 79.982
5 48 81.758
5 49 79.783
6 7 4.706
6 8 92.884
6 9 1.289
6 10 92.144
6 11 5.914
6 12 2.618
6 13 28.158
6 14 26.465
6 15 26.854
6 16 77.621
6 17 36.614
6 18 28.972
6 19 34.78
6 20 57.644
6 21 1.788
6 22 9.281
6 23 49.428
6 24 75.454
6 25 77.338
6 26 1.675
6 27 2.497
6 28 81.413
6 29 12.872
6 30 65.547
6 31 62.455
6 32 58.412
6 33 54.93
6 34 22.698
6 35 53.194
6 36 73.699
6 37 23.392
6 38 63.873
6 39 2.961
6 40 58.074
6 41 93.96
6 42 94.019
6 43 62.915
6 44 9.943
6 45 61.011
6 46 60.826
6 47 99.026
6 48 3.872
6 49 89.175
7 8 97.541
7 9 21.077
7 10 1.166
7 11 31.971
7 12 96.936
7 13 29.332
7 14 78.21
7 15 87.343
7 16 12.578
7 17 86.982
7 18 90.962
7 19 37.046
7 20 95.824
7 21 72.877
7 22 33.189
7 23 1.949
7 24 37.106
7 25 68.565
7 26 50.702
7 27 85.042
7 28 92.468
7 29 49.847
7 30 65.177
7 31 96.648
7 32 77.269
7 33 72.5
7 34 37.018
7 35 61.374
7 36 69.091
7 37 17.827
7 38 33.571
7 39 10.412
7 40 75.475
7 41 77.567
7 42 20.272
7 43 6.345
7 44 35.999
7 45 55.759
7 46 4.478
7 47 74.282
7 48 80.784
7 49 80.372
8 9 2.792
8 10 61.81
8 11 51.959
8 12 67.175
8 13 57.247
8 14 28.694
8 15 53.023
8 16 76.736
8 17 64.191
8 18 15.227
8 19 92.195
8 20 49.979
8 21 5.949
8 22 89.632
8 23 80.15
8 24 96.058
8 25 14.524
8 26 92.449
8 27 37.176
8 28 6.026
8 29 67.002
8 30 95.827
8 31 1.798
8 32 8.461
8 33 50.366
8 34 77.818
8 35 76.97
8 36 16.002
8 37 10.729
8 38 24.363
8 39 7.41
8 40 27.207
8 41 49.95
8 42 92.288
8 43 43.379
8 44 32.77
8 45 86.079
8 46 57.892
8 47 11.329
8 48 60.052
8 49 9.812
9 10 84.142
9 11 74.208
9 12 26.621
9 13 69.215
9 14 5.651
9 15 24.682
9 16 1.711
9 17 59.104
9 18 92.654
9 19 21.625
9 20 17.993
9 21 32.272
9 22 98.206
9 23 28.867
9 24 35.57
9 25 76.461
9 26 3.147
9 27 96.404
9 28 76.324
9 29 55.989
9 30 62.306
9 31 5.357
9 32 87.466
9 33 33.222
9 34 21.853
9 35 7.855
9 36 95.604
9 37 55.938
9 38 59.534
9 39 12.419
9 40 94.749
9 41 70.752
9 42 41.437
9 43 99.054
9 44 56.996
9 45 74.826
9 46 20.749
9 47 38.788
9 48 79.971
9 49 90.728
10 11 96.205
10 12 90.692
10 13 82.992
10 14 21.135
10 15 82.823
10 16 50.33
10 17 29.948
10 18 36.034
10 19 91.316
10 20 4.904
10 21 77.219
10 22 67.8
10 23 87.5
10 24 34.433
10 25 66.721
10 26 77.293
10 27 79.779
10 28 57.908
10 29 16.416
10 30 8.51
10 31 3.451
10 32 13.969
10 33 97.141
10 34 27.816
10 35 93.549
10 36 49.957
10 37 49.495
10 38 39.915
10 39 41.382
10 40 30.147
10 41 60.846
10 42 30.016
10 43 57.427
10 44 62.941
10 45 86.179
10 46 51.15
10 47 13.715
10 48 48.359
10 49 21.142
11 12 47.554
11 13 93.673
11 14 35.907
11 15 65.546
11 16 64.242
11 17 18.633
11 18 91.542
11 19 39.484
11 20 33.184
11 21 62.947
11 22 89.814
11 23 38.53
11 24 4.507
11 25 51.289
11 26 83.827
11 27 94.861
11 28 9.522
11 29 6.886
11 30 38.769
11 31 22.29
11 32 47.51
11 33 41.877
11 34 71.495
11 35 49.605
11 36 89.561
11 37 33.609
11 38 69.515
11 39 14.619
11 40 71.24
11 41 23.8
11 42 40.709
11 43 99.488
11 44 41.363
11 45 65.339
11 46 13.421
11 47 78.317
11 48 80.054
11 49 17.864
12 13 37.011
12 14 58.597
12 15 77.639
12 16 97.669
12 17 74.681
12 18 32.133
12 19 22.933
12 20 54.997
12 21 56.214
12 22 74.724
12 23 44.681
12 24 95.844
12 25 66.829
12 26 71.71
12 27 84.139
12 28 73.942
12 29 14.066
12 30 47.196
12 31 50.842
12 32 28.955
12 33 10.029
12 34 90.292
12 35 11.768
12 36 27.629
12 37 60.748
12 38 87.547
12 39 70.203
12 40 23.235
12 41 5.734
12 42 61.085
12 43 16.803
12 44 44.432
12 45 17.287
12 46 51.799
12 47 40.758
12 48 72.148
12 49 52.898
13 14 81.723
13 15 54.256
13 16 47.739
13 17 54.284
13 18 12.076
13 19 31.335
13 20 6.388
13 21 12.951
13 22 52.055
13 23 66.926
13 24 20.53
13 25 49.785
13 26 56.77
13 27 32.414
13 28 31.928
13 29 41.893
13 30 47.501
13 31 23.323
13 32 87.79
13 33 2.516
13 34 69.623
13 35 68.938
13 36 96.038
13 37 11.673
13 38 92.176
13 39 40.016
13 40 95.536
13 41 24.302
13 42 72.1
13 43 51.704
13 44 69.429
13 45 20.567
13 46 15.972
13 47 11.967
13 48 65.921
13 49 31.262
14 15 55.927
14 16 34.169
14 17 88.348
14 18 28.217
14 19 99.847
14 20 10.197
14 21 72.053
14 22 56.659
14 23 74.664
14 24 91.485
14 25 32.639
14 26 21.24
14 27 17.957
14 28 94.078
14 29 44.033
14 30 11.089
14 31 79.78
14 32 54.836
14 33 87.596
14 34 71.402
14 35 72.293
14 36 32.68
14 37 97.872
14 38 99.046
14 39 61.102
14 40 5.013
14 41 26.21
14 42 57.774
14 43 32.292
14 44 89.504
14 45 86.148
14 46 86.345
14 47 56.997
14 48 57.535
14 49 35.157
15 16 36.189
15 17 34.122
15 18 60.393
15 19 70.456
15 20 36.086
15 21 35.573
15 22 25.786
15 23 7.985
15 24 76.937
15 25 70.619
15 26 11.691
15 27 18.302
15 28 73.611
15 29 38.7
15 30 54.189
15 31 57.976
15 32 64.243
15 33 52.401
15 34 49.214
15 35 57.137
15 36 92.466
15 37 32.542
15 38 1.562
15 39 38.718
15 40 31.204
15 41 10.761
15 42 99.957
15 43 36.885
15 44 36.033
15 45 19.621
15 46 63.229
15 47 76.271
15 48 13.906
15 49 46.113
16 17 28.136
16 18 43.745
16 19 37.477
16 20 82.262
16 21 12.394
16 22 44.084
16 23 26.114
16 24 72.802
16 25 74.42
16 26 2.903
16 27 30.114
16 28 61.178
16 29 22.241
16 30 88.162
16 31 77.448
16 32 26.399
16 33 21.775
16 34 16.271
16 35 94.443
16 36 83.153
16 37 65.855
16 38 19.97
16 39 42.88
16 40 24.237
16 41 38.009
16 42 59.927
16 43 67.021
16 44 62.591
16 45 16.016
16 46 82.595
16 47 96.072
16 48 50.583
16 49 37.991
17 18 87.033
17 19 49.709
17 20 45.077
17 21 1.083
17 22 53.263
17 23 10.565
17 24 62.997
17 25 36.585
17 26 77.974
17 27 97.433
17 28 69.091
17 29 34.764
17 30 96.351
17 31 19.187
17 32 72.708
17 33 78.472
17 34 32.624
17 35 14.403
17 36 30.725
17 37 67.318
17 38 69.692
17 39 2.188
17 40 71.921
17 41 99.213
17 42 93.086
17 43 69.132
17 44 56.261
17 45 7.313
17 46 7.175
17 47 67.226
17 48 44.82
17 49 17.261
18 19 90.621
18 20 83.251
18 21 85.433
18 22 86.212
18 23 56.947
18 24 11.841
18 25 37.099
18 26 16.275
18 27 4.068
18 28 80.422
18 29 4.708
18 30 41.691
18 31 42.909
18 32 89.682
18 33 32.259
18 34 12.537
18 35 11.113
18 36 86.409
18 37 74.904
18 38 26.81
18 39 42.978
18 40 62.817
18 41 81.458
18 42 46.762
18 43 16.897
18 44 41.449
18 45 23.085
18 46 69.787
18 47 88.501
18 48 39.643
18 49 50.715
19 20 98.841
19 21 64.139
19 22 2.115
19 23 87.469
19 24 67.399
19 25 3.433
19 26 14.141
19 27 30.405
19 28 77.176
19 29 34.044
19 30 62.738
19 31 6.063
19 32 46.358
19 33 20.995
19 34 80.914
19 35 4.19
19 36 98.558
19 37 87.057
19 38 84.087
19 39 79.135
19 40 16.432
19 41 31.395
19 42 66.995
19 43 87.03
19 44 38.25
19 45 22.625
19 46 53.778
19 47 85.869
19 48 71.632
19 49 61.069
20 21 42.28
20 22 28.852
20 23 79.557
20 24 76.565
20 25 50.818
20 26 29.441
20 27 20.499
20 28 71.315
20 29 96.229
20 30 85.249
20 31 63.475
20 32 27.114
20 33 3.302
20 34 12.548
20 35 73.624
20 36 45.207
20 37 66.722
20 38 79.543
20 39 18.31
20 40 59.124
20 41 48.461
20 42 23.538
20 43 39.798
20 44 28.286
20 45 14.303
20 46 11.372
20 47 74.657
20 48 57.496
20 49 31.976
21 22 11.005
21 23 77.593
21 24 9.111
21 25 29.31
21 26 55.548
21 27 81.542
21 28 49.118
21 29 69.062
21 30 17.497
21 31 74.116
21 32 32.808
21 33 68.798
21 34 85.023
21 35 88.93
21 36 1.685
21 37 30.875
21 38 67.392
21 39 5.726
21 40 75.916
21 41 73.051
21 42 80.749
21 43 90.694
21 44 51.181
21 45 3.691
21 46 41.244
21 47 29.413
21 48 86.041
21 49 28.708
22 23 89.614
22 24 81.179
22 25 1.338
22 26 74.538
22 27 22.332
22 28 6.345
22 29 63.388
22 30 29.467
22 31 63.283
22 32 81.723
22 33 39.838
22 34 65.443
22 35 34.387
22 36 66.002
22 37 74.893
22 38 91.88
22 39 7.333
22 40 30.98
22 41 10.95
22 42 23.471
22 43 59.141
22 44 66.798
22 45 39.3
22 46 18.22
22 47 71.356
22 48 3.974
22 49 74.523
23 24 52.421
23 25 11.213
23 26 85.059
23 27 73.152
23 28 96.439
23 29 83.084
23 30 64.28
23 31 2.325
23 32 26.942
23 33 74.009
23 34 12.336
23 35 4.824
23 36 7.715
23 37 90.365
23 38 74.296
23 39 99.409
23 40 12.533
23 41 21.281
23 42 3.428
23 43 98.261
23 44 44.232
23 45 89.479
23 46 17.64
23 47 72.413
23 48 38.354
23 49 95.8
24 25 89.367
24 26 32.411
24 27 31.996
24 28 81.294
24 29 65.218
24 30 95.065
24 31 81.636
24 32 21.038
24 33 12.238
24 34 33.055
24 35 6.651
24 36 65.434
24 37 41.634
24 38 89.747
24 39 73.837
24 40 20.306
24 41 6.808
24 42 30.485
24 43 74.712
24 44 17.209
24 45 79.748
24 46 82.724
24 47 93.624
24 48 96.956
24 49 43.827
25 26 67.135
25 27 93.638
25 28 96.903
25 29 83.101
25 30 17.247
25 31 46.58
25 32 44.709
25 33 70.645
25 34 52.945
25 35 95.841
25 36 42.411
25 37 79.066
25 38 42.122
25 39 20.967
25 40 4.753
25 41 35.636
25 42 18.246
25 43 13.416
25 44 13.781
25 45 36.834
25 46 33.108
25 47 86.287
25 48 5.002
25 49 23.177
26 27 97.017
26 28 37.595
26 29 19.604
26 30 76.192
26 31 7.092
26 32 36.435
26 33 47.137
26 34 81.706
26 35 37.086
26 36 3.887
26 37 6.508
26 38 86.265
26 39 76.681
26 40 57.885
26 41 19.935
26 42 22.886
26 43 19.388
26 44 34.01
26 45 39.415
26 46 69.342
26 47 95.06
26 48 35.207
26 49 47.969
27 28 65.577
27 29 17.307
27 30 24.08
27 31 17.683
27 32 13.093
27 33 68.608
27 34 21.762
27 35 61.995
27 36 45.589
27 37 19.259
27 38 16.185
27 39 6.963
27 40 17.485
27 41 73.743
27 42 22.63
27 43 46.567
27 44 90.197
27 45 89.231
27 46 29.332
27 47 15.469
27 48 42.162
27 49 48.918
28 29 75.574
28 30 5.057
28 31 80.559
28 32 42.017
28 33 19.89
28 34 45.243
28 35 1.157
28 36 3.263
28 37 89.487
28 38 87.037
28 39 40.835
28 40 13.005
28 41 47.424
28 42 3.315
28 43 95.534
28 44 93.199
28 45 94.269
28 46 80.947
28 47 27.559
28 48 46.688
28 49 74.869
29 30 42.134
29 31 65.238
29 32 5.782
29 33 68.784
29 34 22.426
29 35 10.636
29 36 43.959
29 37 75.029
29 38 95.132
29 39 29.585
29 40 99.388
29 41 5.918
29 42 31.112
29 43 44.958
29 44 45.435
29 45 29.886
29 46 84.009
29 47 74.768
29 48 65.225
29 49 57.771
30 31 61.587
30 32 16.464
30 33 95.291
30 34 66.104
30 35 20.042
30 36 68.773
30 37 74.072
30 38 70.872
30 39 10.47
30 40 33.577
30 41 97.469
30 42 82.599
30 43 44.99
30 44 36.067
30 45 45.971
30 46 26.937
30 47 70.092
30 48 15.023
30 49 17.996
31 32 81.6
31 33 83.865
31 34 74.618
31 35 44.303
31 36 40.367
31 37 76.161
31 38 94.58
31 39 40.316
31 40 8.873
31 41 45.085
31 42 2.66
31 43 44.535
31 44 46.199
31 45 7.311
31 46 68.782
31 47 5.34
31 48 95.267
31 49 61.53
32 33 86.778
32 34 94.513
32 35 89.181
32 36 52.115
32 37 21.741
32 38 26.859
32 39 95.845
32 40 6.188
32 41 77.118
32 42 13.687
32 43 55.925
32 44 14.367
32 45 84.752
32 46 16.003
32 47 11.999
32 48 19.871
32 49 72.688
33 34 60.454
33 35 42.681
33 36 47.803
33 37 25.183
33 38 51.079
33 39 69.416
33 40 52.35
33 41 17.746
33 42 4.982
33 43 52.936
33 44 79.939
33 45 69.262
33 46 46.462
33 47 94.129
33 48 60.932
33 49 88.379
34 35 24.607
34 36 55.005
34 37 76.506
34 38 84.412
34 39 7.804
34 40 70.034
34 41 67.63
34 42 7.63
34 43 67.419
34 44 4.417
34 45 85.555
34 46 87.961
34 47 53.347
34 48 66.241
34 49 20.247
35 36 8.92
35 37 60.719
35 38 17.442
35 39 8.044
35 40 87.308
35 41 2.895
35 42 81.608
35 43 56.648
35 44 62.925
35 45 87.957
35 46 57.332
35 47 29.77
35 48 48.483
35 49 59.998
36 37 78.211
36 38 6.491
36 39 54.387
36 40 70.557
36 41 12.591
36 42 38.316
36 43 3.919
36 44 61.537
36 45 87.965
36 46 85.794
36 47 2.432
36 48 22.189
36 49 3.2
37 38 60.86
37 39 1.068
37 40 35.979
37 41 48.475
37 42 88.431
37 43 83.686
37 44 92.951
37 45 12.881
37 46 7.989
37 47 33.497
37 48 2.898
37 49 2.776
38 39 30.644
38 40 71.591
38 41 26.295
38 42 59.475
38 43 42.024
38 44 37.098
38 45 35.497
38 46 45.267
38 47 88.168
38 48 5.823
38 49 11.263
39 40 51.526
39 41 56.478
39 42 97.883
39 43 84.731
39 44 78.43
39 45 87.159
39 46 73.745
39 47 42.137
39 48 9.691
39 49 24.03
40 41 5.581
40 42 85.309
40 43 91.005
40 44 64.989
40 45 4.839
40 46 8.277
40 47 56.54
40 48 42.182
40 49 53.888
41 42 33.66
41 43 38.701
41 44 89.203
41 45 46.401
41 46 51.82
41 47 69.824
41 48 11.403
41 49 95.152
42 43 86.428
42 44 97.498
42 45 14.945
42 46 88.254
42 47 38.8
42 48 89.326
42 49 77.867
43 44 9.889
43 45 78.574
43 46 45.754
43 47 75.967
43 48 35.274
43 49 11.214
44 45 46.602
44 46 74.105
44 47 76.736
44 48 1.19
44 49 19.073
45 46 69.759
45 47 12.23
45 48 40.762
45 49 18.975
46 47 44.528
46 48 79.686
46 49 50.738
47 48 75.424
47 49 10.055
48 49 72.651
