45  
0 3 12
0 4 88
0 5 10
0 6 80
0 10 97
0 14 52
0 20 55
0 21 99
0 24 65
0 25 90
0 27 72
0 30 54
0 31 89
0 34 87
0 36 95
0 39 48
0 40 72
0 42 97
0 43 48
0 44 25
1 2 53
1 7 37
1 13 95
1 15 97
1 17 47
1 23 7
1 24 24
1 27 7
1 29 73
1 30 56
1 31 98
1 33 74
1 35 75
1 36 52
1 37 15
1 38 35
1 39 93
1 41 71
1 44 59
2 3 46
2 9 98
2 21 66
2 23 70
2 26 46
2 31 88
2 32 78
2 33 47
2 35 57
2 37 95
2 41 17
2 42 31
3 4 43
3 6 60
3 8 6
3 13 65
3 15 6
3 17 15
3 18 90
3 19 77
3 20 12
3 23 72
3 25 13
3 26 24
3 29 11
3 30 86
3 35 54
3 42 93
3 44 57
4 6 2
4 12 6
4 13 63
4 19 39
4 20 34
4 21 57
4 24 90
4 25 24
4 31 77
4 32 13
4 34 82
4 35 83
4 38 50
4 41 19
5 8 31
5 9 30
5 14 35
5 15 78
5 16 74
5 17 9
5 19 81
5 26 96
5 27 95
5 28 73
5 32 65
5 34 51
5 36 76
5 37 24
5 41 92
5 43 54
5 44 89
6 7 49
6 8 57
6 9 60
6 11 64
6 12 67
6 14 37
6 15 98
6 17 62
6 23 71
6 29 77
6 30 60
6 31 40
6 32 8
6 33 36
6 36 44
6 39 78
6 40 83
6 42 48
7 8 92
7 11 2
7 12 6
7 14 98
7 15 92
7 18 91
7 22 28
7 23 17
7 25 13
7 29 94
7 30 56
7 31 50
7 32 95
7 33 37
7 34 4
7 37 30
7 39 25
7 40 71
7 41 11
7 42 82
8 13 16
8 15 22
8 17 78
8 20 4
8 23 16
8 28 81
8 32 70
8 33 41
8 37 30
8 42 70
9 10 12
9 12 50
9 13 35
9 15 63
9 16 53
9 18 74
9 20 61
9 21 7
9 22 6
9 23 46
9 24 66
9 25 85
9 28 14
9 29 83
9 30 83
9 32 62
9 34 60
9 35 70
9 37 21
9 38 98
9 40 92
9 43 69
10 11 42
10 12 20
10 15 29
10 21 1
10 23 42
10 30 69
10 32 53
10 37 79
10 43 96
11 20 27
11 21 19
11 23 25
11 25 23
11 26 17
11 29 13
11 31 42
11 34 65
11 38 18
11 39 74
11 42 61
12 13 7
12 15 81
12 18 37
12 19 41
12 20 5
12 23 77
12 25 14
12 28 87
12 29 15
12 31 99
12 32 78
12 36 89
12 38 38
13 14 65
13 21 63
13 23 5
13 24 63
13 25 42
13 28 19
13 30 46
13 32 1
13 34 98
13 35 11
13 38 46
13 39 35
13 40 84
13 41 25
14 19 96
14 22 91
14 23 30
14 26 16
14 30 85
14 32 72
14 34 60
14 41 67
14 42 8
14 44 58
15 20 59
15 21 66
15 23 35
15 25 74
15 26 31
15 27 67
15 28 61
15 34 93
15 35 30
15 39 46
15 43 2
15 44 97
16 19 81
16 21 64
16 22 59
16 25 29
16 26 90
16 27 59
16 28 51
16 30 98
16 35 61
16 41 46
16 44 89
17 19 85
17 21 91
17 22 31
17 23 7
17 25 97
17 26 93
17 27 73
17 30 65
17 31 97
17 32 17
17 33 28
17 34 93
17 39 12
18 19 92
18 20 2
18 21 82
18 23 61
18 26 22
18 28 79
18 29 90
18 30 47
18 31 64
18 34 70
18 35 21
18 37 66
18 38 97
18 39 12
18 40 71
18 44 86
19 20 14
19 23 95
19 24 43
19 26 71
19 28 41
19 29 7
19 30 99
19 33 66
19 35 4
19 37 31
19 38 43
19 42 81
19 43 26
20 22 80
20 28 54
20 30 19
20 33 84
20 37 10
20 38 65
20 40 68
21 22 20
21 25 16
21 34 83
21 39 79
21 41 18
22 24 74
22 26 30
22 27 68
22 28 44
22 29 96
22 30 93
22 34 49
22 42 95
22 43 47
22 44 29
23 24 11
23 27 26
23 35 20
23 39 2
23 40 18
23 44 27
24 25 88
24 32 13
24 33 27
24 34 27
24 36 1
24 38 91
24 40 46
24 41 69
24 42 45
24 44 40
25 30 33
25 31 26
25 34 80
25 35 52
25 36 30
25 38 82
25 40 99
25 41 67
25 43 5
25 44 15
26 28 63
26 34 42
26 35 4
26 37 66
26 38 62
27 30 4
27 32 63
27 33 40
27 34 70
27 35 37
27 36 67
27 40 6
27 43 23
28 34 56
28 36 96
28 37 38
28 40 21
28 42 90
29 33 58
29 34 2
29 35 28
29 39 35
29 42 41
30 32 6
30 33 76
30 34 49
30 38 21
30 39 53
30 40 5
30 42 17
30 43 90
30 44 42
31 32 9
31 33 20
31 36 49
31 37 42
31 40 78
31 41 99
31 44 33
32 33 75
32 36 72
32 37 42
32 39 83
32 40 51
33 35 27
33 36 56
33 38 80
33 40 45
33 41 24
33 42 2
33 44 35
34 35 52
34 38 69
34 43 44
35 40 71
35 41 10
36 39 5
36 43 49
37 38 7
37 39 55
37 44 19
38 43 92
39 41 35
39 42 26
40 41 22
43 44 74