50
0 1 74.82
0 2 85.57
0 3 58.25
0 6 77.56
0 7 4.55
0 8 49.58
0 10 58.89
0 13 35.75
0 15 75.72
0 16 21.9
0 17 52.13
0 19 21.92
0 21 69.48
0 22 10.26
0 23 4.03
0 24 27.52
0 25 87.62
0 26 11.75
0 28 80.96
0 29 22.53
0 30 59.43
0 31 20.6
0 32 42.23
0 35 33.33
0 37 83.26
0 38 28.12
0 39 5.0
0 40 11.73
0 41 58.26
0 42 65.33
0 43 72.88
0 44 47.87
0 45 41.73
0 46 78.08
0 48 32.26
0 49 23.2
1 2 94.0
1 3 28.35
1 4 29.09
1 5 14.56
1 6 6.81
1 8 25.15
1 9 37.41
1 11 43.31
1 12 73.14
1 13 43.86
1 14 42.07
1 15 36.53
1 17 3.0
1 22 50.64
1 23 36.92
1 25 77.91
1 26 82.26
1 27 89.53
1 28 79.65
1 29 24.41
1 30 75.71
1 31 94.47
1 32 29.64
1 33 71.03
1 34 6.46
1 35 68.91
1 36 20.8
1 39 23.19
1 40 83.43
1 41 86.47
1 42 33.09
1 43 14.16
1 44 28.66
1 45 78.05
1 47 59.58
1 48 90.17
1 49 13.91
2 3 20.7
2 4 46.74
2 6 8.47
2 7 75.67
2 8 48.45
2 11 22.34
2 12 8.07
2 14 69.13
2 15 75.07
2 16 2.94
2 19 1.74
2 20 86.72
2 21 86.39
2 23 77.16
2 24 22.98
2 25 6.74
2 28 58.0
2 29 28.29
2 30 87.08
2 31 69.28
2 32 71.34
2 33 36.18
2 34 50.06
2 35 52.88
2 37 29.88
2 38 93.82
2 39 87.09
2 40 15.5
2 41 71.92
2 42 65.02
2 44 49.87
2 45 60.63
2 46 80.13
2 49 19.49
3 4 5.8
3 6 31.03
3 8 90.92
3 9 33.39
3 10 41.88
3 11 80.87
3 12 80.13
3 13 17.35
3 16 94.8
3 18 26.67
3 20 46.76
3 21 65.12
3 22 21.15
3 24 75.89
3 25 29.09
3 26 87.7
3 27 10.65
3 33 12.64
3 34 20.93
3 35 54.38
3 36 75.03
3 37 37.58
3 38 10.13
3 40 82.31
3 41 82.67
3 42 87.04
3 43 12.17
3 45 6.78
3 46 87.94
3 47 61.02
3 48 38.96
4 5 62.06
4 6 17.35
4 8 90.91
4 10 22.94
4 11 50.12
4 12 60.56
4 13 56.64
4 14 65.89
4 15 70.46
4 16 28.95
4 17 60.42
4 18 5.83
4 19 31.32
4 20 67.11
4 21 94.73
4 22 87.7
4 23 31.62
4 24 29.47
4 25 44.37
4 26 53.88
4 27 16.42
4 28 7.02
4 29 85.83
4 31 41.33
4 32 44.16
4 35 26.75
4 36 72.64
4 37 87.53
4 38 56.94
4 39 20.67
4 40 41.55
4 41 10.03
4 43 73.42
4 44 79.3
4 45 58.89
4 46 78.04
4 48 95.38
5 6 38.15
5 8 87.2
5 10 33.74
5 11 39.96
5 13 80.92
5 14 51.75
5 15 8.22
5 16 97.7
5 18 8.03
5 19 43.11
5 20 69.83
5 21 77.27
5 22 72.21
5 23 22.07
5 25 25.5
5 26 38.04
5 28 52.25
5 29 42.13
5 30 60.44
5 31 77.2
5 32 8.38
5 33 76.68
5 34 38.22
5 35 94.8
5 36 76.28
5 37 73.54
5 38 25.49
5 40 44.47
5 41 55.33
5 42 43.72
5 43 25.56
5 47 81.9
5 48 42.35
6 7 66.06
6 8 73.78
6 10 26.68
6 11 11.75
6 13 16.67
6 14 71.32
6 15 26.63
6 17 95.76
6 18 6.36
6 20 24.54
6 21 50.53
6 22 1.62
6 23 70.07
6 25 73.53
6 26 1.69
6 27 82.23
6 28 39.48
6 30 74.14
6 32 1.82
6 33 88.58
6 34 63.05
6 35 33.16
6 36 99.1
6 38 89.93
6 39 86.28
6 40 96.93
6 41 60.93
6 42 37.55
6 44 35.13
6 48 41.52
6 49 43.57
7 8 36.4
7 9 57.78
7 11 56.66
7 13 78.23
7 14 43.93
7 16 95.82
7 18 27.81
7 21 9.54
7 22 14.91
7 23 32.07
7 24 69.59
7 26 17.02
7 28 81.79
7 29 90.72
7 32 41.57
7 33 85.61
7 35 42.41
7 37 95.64
7 40 55.75
7 42 63.19
7 44 61.69
7 45 28.3
7 46 76.66
7 47 35.67
7 48 58.71
8 9 20.25
8 10 87.04
8 11 59.68
8 12 53.92
8 15 89.29
8 16 90.87
8 17 23.87
8 18 28.5
8 20 57.48
8 21 87.67
8 22 95.18
8 23 47.38
8 24 43.27
8 25 17.23
8 29 12.16
8 32 12.24
8 33 83.45
8 35 55.5
8 37 45.91
8 40 74.13
8 41 85.44
8 42 58.73
8 45 36.03
8 46 41.61
8 47 25.01
8 49 1.1
9 10 13.55
9 11 23.48
9 12 73.71
9 14 83.5
9 15 27.06
9 16 50.3
9 17 75.32
9 18 96.15
9 19 99.9
9 20 17.73
9 21 84.96
9 22 35.12
9 23 75.74
9 24 93.62
9 26 2.46
9 27 92.11
9 28 88.96
9 29 46.49
9 30 58.93
9 31 68.45
9 32 3.2
9 33 28.93
9 34 54.69
9 36 28.04
9 37 7.23
9 38 79.74
9 39 53.7
9 40 94.03
9 41 8.63
9 42 6.45
9 43 16.96
9 44 42.6
9 45 94.1
9 46 65.07
9 49 1.71
10 11 2.35
10 12 43.71
10 13 54.67
10 17 34.07
10 19 2.44
10 20 61.21
10 21 60.14
10 23 35.71
10 25 12.54
10 26 93.39
10 27 27.44
10 29 21.38
10 31 32.65
10 32 34.38
10 33 13.09
10 34 67.29
10 35 19.75
10 36 64.04
10 37 4.53
10 39 16.56
10 41 97.21
10 42 49.94
10 43 14.17
10 44 85.74
10 46 99.41
10 47 74.88
10 48 30.43
11 13 89.79
11 14 51.1
11 16 16.09
11 17 73.02
11 18 36.59
11 19 83.28
11 21 21.54
11 22 7.45
11 24 25.11
11 25 13.2
11 26 98.35
11 27 68.02
11 28 83.75
11 30 51.03
11 31 25.2
11 32 68.65
11 33 51.6
11 35 97.59
11 36 78.45
11 37 33.8
11 38 33.26
11 39 16.36
11 41 54.59
11 42 42.71
11 43 11.23
11 46 23.73
11 48 9.5
11 49 85.57
12 15 20.13
12 16 47.24
12 17 18.9
12 19 57.61
12 20 13.2
12 21 81.84
12 22 85.55
12 23 82.43
12 24 92.75
12 26 44.19
12 28 13.82
12 29 93.78
12 30 56.79
12 31 73.64
12 32 76.75
12 33 84.29
12 34 17.2
12 36 67.09
12 37 96.53
12 38 36.52
12 40 83.85
12 41 20.02
12 42 34.36
12 43 88.62
12 45 62.73
12 47 49.79
12 49 29.5
13 14 25.99
13 15 88.07
13 16 32.78
13 17 39.83
13 19 50.8
13 20 49.22
13 21 30.94
13 22 1.13
13 23 49.75
13 24 22.97
13 26 99.22
13 28 90.53
13 29 34.11
13 30 13.72
13 31 72.48
13 32 65.37
13 33 14.92
13 34 6.51
13 36 17.26
13 37 42.11
13 38 80.75
13 40 24.7
13 41 71.58
13 42 15.84
13 43 84.12
13 45 17.98
13 47 42.47
13 49 44.09
14 18 33.68
14 19 69.76
14 21 28.25
14 22 21.99
14 23 6.85
14 24 80.68
14 25 39.27
14 26 28.39
14 27 35.4
14 28 9.08
14 29 76.63
14 31 91.47
14 32 65.07
14 33 15.31
14 34 62.41
14 35 41.15
14 36 81.14
14 37 63.2
14 38 33.96
14 39 94.49
14 40 23.13
14 41 59.51
14 43 51.57
14 44 75.41
14 45 28.78
14 46 35.6
14 48 33.65
14 49 35.01
15 18 75.03
15 20 22.68
15 21 68.91
15 22 48.93
15 23 75.53
15 24 61.35
15 25 82.32
15 26 52.66
15 30 10.34
15 31 47.24
15 32 51.46
15 33 24.95
15 34 80.21
15 35 91.56
15 36 21.39
15 37 29.56
15 39 65.63
15 40 52.48
15 41 20.26
15 42 68.57
15 43 52.81
15 47 16.11
15 48 88.65
16 17 32.77
16 18 25.93
16 19 36.34
16 21 72.93
16 22 40.62
16 24 9.59
16 25 87.07
16 26 66.14
16 27 15.26
16 29 24.91
16 30 84.24
16 31 95.12
16 32 45.14
16 33 52.6
16 34 31.61
16 37 37.52
16 38 9.9
16 39 75.28
16 40 54.21
16 43 51.14
16 44 76.72
16 46 68.74
16 47 47.56
16 48 66.22
17 18 30.65
17 19 88.94
17 20 20.47
17 21 51.55
17 22 96.71
17 23 57.49
17 24 25.9
17 25 27.63
17 30 45.72
17 31 98.75
17 32 87.45
17 33 48.57
17 34 93.25
17 35 8.78
17 37 87.53
17 39 2.07
17 40 21.33
17 41 72.18
17 43 73.49
17 45 9.89
17 46 29.28
17 47 74.07
17 48 23.07
17 49 74.42
18 19 47.74
18 21 66.77
18 22 90.1
18 24 55.65
18 25 58.18
18 26 47.21
18 27 31.65
18 29 55.92
18 30 3.18
18 31 85.93
18 32 56.31
18 33 13.77
18 34 99.43
18 35 85.86
18 37 73.69
18 38 61.43
18 39 39.45
18 40 27.92
18 41 49.35
18 42 67.95
18 44 9.31
18 45 97.98
18 46 45.99
18 47 77.49
18 48 44.44
18 49 58.58
19 20 63.1
19 21 75.76
19 23 4.14
19 24 30.65
19 26 45.49
19 29 90.55
19 30 43.81
19 31 93.29
19 32 81.58
19 34 81.36
19 35 76.54
19 36 80.35
19 37 65.16
19 39 71.88
19 40 85.02
19 42 59.04
19 43 92.86
19 44 47.34
19 45 89.66
19 46 69.82
19 47 16.96
19 48 33.43
19 49 65.3
20 21 66.43
20 22 42.05
20 23 33.78
20 25 63.32
20 26 59.72
20 27 90.57
20 28 76.42
20 29 88.43
20 30 19.94
20 31 53.55
20 34 16.77
20 35 97.89
20 36 76.9
20 37 93.97
20 39 13.41
20 43 6.4
20 44 6.28
20 45 39.29
20 47 9.2
20 48 20.19
20 49 92.05
21 22 16.63
21 24 69.79
21 25 51.33
21 26 15.12
21 27 82.41
21 28 73.31
21 29 16.84
21 31 90.52
21 32 36.9
21 33 67.95
21 34 87.15
21 36 11.58
21 38 18.85
21 39 69.28
21 40 38.04
21 43 27.59
21 44 57.79
21 45 7.72
21 46 87.36
21 47 96.43
21 49 25.08
22 23 99.38
22 24 2.7
22 25 62.89
22 26 12.25
22 27 24.05
22 28 60.05
22 29 75.18
22 32 73.97
22 33 16.64
22 34 92.98
22 35 51.38
22 36 23.22
22 37 60.22
22 38 37.13
22 39 3.91
22 40 51.45
22 41 55.94
22 42 70.67
22 43 41.4
22 44 84.09
22 45 46.51
22 46 10.92
22 47 15.13
22 48 42.13
23 24 8.0
23 25 50.03
23 26 50.73
23 27 74.91
23 28 64.9
23 29 1.41
23 30 26.26
23 31 77.51
23 32 41.36
23 33 74.58
23 34 7.05
23 35 15.94
23 36 63.95
23 37 2.45
23 38 65.46
23 39 3.1
23 40 89.94
23 42 62.17
23 44 35.91
23 46 44.41
23 49 2.78
24 25 99.22
24 26 41.32
24 27 81.29
24 29 79.01
24 30 8.04
24 31 70.51
24 32 46.36
24 35 3.88
24 36 99.88
24 37 81.81
24 38 60.35
24 39 81.99
24 40 2.62
24 41 64.94
24 42 7.56
24 44 34.98
24 45 26.62
24 46 62.82
24 47 95.79
24 48 53.71
24 49 72.18
25 26 84.08
25 27 5.5
25 28 43.76
25 29 80.6
25 30 87.6
25 31 94.36
25 33 54.95
25 34 49.64
25 35 64.49
25 36 4.9
25 37 68.86
25 38 15.09
25 39 34.9
25 40 18.96
25 42 7.72
25 43 92.52
25 44 57.88
25 45 60.9
25 47 87.05
25 48 38.34
26 27 87.48
26 28 20.87
26 29 83.63
26 30 30.25
26 31 30.54
26 32 33.99
26 33 19.17
26 37 23.75
26 39 44.53
26 40 33.12
26 41 1.14
26 42 85.12
26 44 30.04
26 45 9.59
26 47 20.42
26 48 60.4
26 49 50.0
27 29 63.28
27 30 63.05
27 31 31.65
27 32 68.74
27 33 25.43
27 34 18.27
27 35 89.68
27 36 22.59
27 37 63.11
27 38 21.82
27 39 71.83
27 40 45.83
27 41 96.83
27 42 32.0
27 43 96.25
27 44 2.11
27 45 42.84
27 47 56.83
28 29 5.54
28 30 3.64
28 31 93.41
28 32 58.19
28 33 68.79
28 34 35.84
28 36 85.27
28 37 2.56
28 39 91.85
28 41 17.32
28 42 91.65
28 43 67.9
28 44 97.66
28 45 73.9
28 46 87.48
28 47 42.47
28 48 8.57
28 49 5.46
29 31 18.53
29 32 93.98
29 33 5.86
29 36 13.22
29 37 69.71
29 40 71.08
29 42 62.33
29 43 25.01
29 44 13.35
29 45 12.87
29 46 38.02
29 47 64.74
29 48 37.08
29 49 50.64
30 31 21.33
30 33 10.43
30 35 57.27
30 36 82.09
30 38 62.43
30 39 31.55
30 40 6.1
30 41 77.53
30 42 5.56
30 43 76.08
30 44 1.35
30 46 54.05
30 47 35.03
30 49 41.94
31 34 74.03
31 36 71.61
31 37 88.66
31 38 25.37
31 39 52.08
31 40 39.99
31 41 41.59
31 42 83.37
31 43 45.07
31 45 77.59
31 47 60.11
31 48 60.3
31 49 16.09
32 33 34.34
32 34 73.47
32 35 38.42
32 36 77.2
32 38 80.49
32 39 82.05
32 43 70.92
32 44 83.0
32 45 58.21
32 46 42.47
32 47 23.49
32 48 83.67
33 34 79.93
33 35 98.31
33 36 8.96
33 38 41.2
33 39 9.93
33 40 41.16
33 41 68.93
33 43 88.65
33 44 76.35
33 45 1.23
33 46 40.42
33 47 57.21
33 48 13.72
33 49 98.18
34 35 93.92
34 36 24.04
34 37 45.08
34 38 4.89
34 40 85.33
34 41 59.0
34 42 30.73
34 43 31.83
34 44 40.09
34 45 16.82
34 46 19.83
34 47 6.62
34 49 85.78
35 36 76.2
35 37 80.93
35 41 36.27
35 42 39.65
35 43 23.38
35 44 94.34
35 46 30.63
35 47 59.74
35 48 70.67
35 49 89.12
36 37 6.75
36 39 44.66
36 40 23.8
36 41 55.1
36 42 9.3
36 43 12.38
36 44 19.84
36 45 93.14
36 49 80.33
37 38 46.83
37 39 13.04
37 40 27.19
37 41 86.47
37 42 39.49
37 43 30.6
37 44 80.05
37 45 16.01
37 47 83.38
37 48 54.9
38 39 57.09
38 40 50.29
38 42 19.5
38 45 15.18
38 46 86.46
38 47 5.27
38 48 33.16
39 42 52.24
39 44 21.42
39 45 23.14
39 46 52.48
39 49 13.85
40 41 99.56
40 42 62.33
40 44 87.1
40 45 80.35
40 47 30.87
40 48 5.07
40 49 84.97
41 42 27.08
41 43 18.77
41 44 35.87
41 45 15.66
41 47 21.98
42 43 55.56
42 44 77.8
42 45 59.12
42 47 20.77
42 48 30.13
42 49 76.05
43 44 83.53
43 45 62.08
43 46 31.08
43 48 94.32
43 49 79.76
44 46 12.03
44 47 38.85
44 48 12.54
45 46 89.61
45 47 52.25
46 47 14.61
46 49 28.92
47 48 99.48
47 49 15.64
48 49 97.13