50
0 1 2.54
0 2 7.78
0 3 8.79
0 4 12.05
0 5 0.9
0 6 3.98
0 7 14.63
0 8 1.81
0 9 16.29
0 10 2.73
0 11 5.82
0 12 2.09
0 13 0.3
0 14 1.9
0 15 9.74
0 16 7.38
0 17 15.13
0 18 15.66
0 19 16.93
0 20 9.12
0 21 1.56
0 22 13.36
0 23 12.87
0 24 9.13
0 25 2.86
0 26 19.59
0 27 2.57
0 28 14.94
0 29 0.69
0 30 15.42
0 31 17.2
0 32 11.13
0 33 9.63
0 34 2.31
0 35 7.49
0 36 10.23
0 37 4.78
0 38 12.43
0 39 12.76
0 40 14.83
0 41 2.45
0 42 8.15
0 43 19.91
0 44 15.75
0 45 10.98
0 46 8.51
0 47 18.38
0 48 1.76
0 49 6.39
1 2 18.58
1 3 17.87
1 4 1.92
1 5 11.36
1 6 16.56
1 7 2.46
1 8 3.85
1 9 9.29
1 10 3.82
1 11 11.63
1 12 2.22
1 13 8.0
1 14 19.45
1 15 17.3
1 16 5.39
1 17 17.91
1 18 13.03
1 19 12.13
1 20 0.51
1 21 9.2
1 22 3.19
1 23 7.44
1 24 9.83
1 25 14.78
1 26 14.97
1 27 13.2
1 28 7.79
1 29 2.82
1 30 8.23
1 31 10.18
1 32 14.57
1 33 5.04
1 34 12.24
1 35 5.05
1 36 0.77
1 37 12.33
1 38 6.83
1 39 19.76
1 40 9.05
1 41 3.68
1 42 13.9
1 43 2.71
1 44 15.6
1 45 6.79
1 46 11.9
1 47 8.53
1 48 4.53
1 49 9.76
2 3 18.8
2 4 13.78
2 5 17.0
2 6 10.43
2 7 13.42
2 8 12.79
2 9 9.06
2 10 7.31
2 11 4.88
2 12 1.58
2 13 18.02
2 14 3.93
2 15 15.08
2 16 9.38
2 17 1.01
2 18 15.32
2 19 13.07
2 20 11.05
2 21 10.42
2 22 15.51
2 23 8.56
2 24 10.21
2 25 13.11
2 26 2.29
2 27 16.65
2 28 18.92
2 29 7.07
2 30 7.69
2 31 14.74
2 32 5.63
2 33 16.83
2 34 1.94
2 35 3.16
2 36 19.76
2 37 3.19
2 38 11.51
2 39 17.72
2 40 14.51
2 41 7.43
2 42 17.92
2 43 7.54
2 44 10.26
2 45 5.82
2 46 3.98
2 47 12.91
2 48 11.64
2 49 3.78
3 4 6.36
3 5 4.19
3 6 14.12
3 7 6.46
3 8 14.37
3 9 16.92
3 10 2.71
3 11 10.92
3 12 12.26
3 13 0.09
3 14 3.15
3 15 15.74
3 16 13.39
3 17 18.63
3 18 5.18
3 19 19.07
3 20 8.79
3 21 18.63
3 22 6.91
3 23 0.48
3 24 3.5
3 25 11.26
3 26 14.68
3 27 10.25
3 28 19.47
3 29 9.23
3 30 7.53
3 31 11.31
3 32 12.53
3 33 5.89
3 34 16.72
3 35 6.85
3 36 18.98
3 37 7.63
3 38 18.94
3 39 19.22
3 40 11.25
3 41 16.56
3 42 1.48
3 43 6.25
3 44 8.59
3 45 8.63
3 46 19.7
3 47 2.41
3 48 4.5
3 49 12.92
4 5 17.54
4 6 5.52
4 7 6.04
4 8 7.42
4 9 6.12
4 10 9.01
4 11 1.75
4 12 9.6
4 13 19.9
4 14 4.92
4 15 12.51
4 16 5.26
4 17 2.77
4 18 19.59
4 19 18.3
4 20 0.82
4 21 13.83
4 22 14.84
4 23 8.57
4 24 14.31
4 25 5.92
4 26 2.29
4 27 4.17
4 28 13.25
4 29 2.19
4 30 7.96
4 31 19.74
4 32 5.6
4 33 14.08
4 34 4.73
4 35 1.76
4 36 18.83
4 37 10.01
4 38 1.88
4 39 10.44
4 40 9.43
4 41 4.65
4 42 13.66
4 43 1.37
4 44 8.85
4 45 17.63
4 46 11.26
4 47 19.42
4 48 7.99
4 49 8.41
5 6 3.24
5 7 4.9
5 8 2.22
5 9 4.16
5 10 8.43
5 11 0.72
5 12 17.34
5 13 1.78
5 14 0.32
5 15 11.79
5 16 8.83
5 17 9.0
5 18 2.4
5 19 16.17
5 20 6.97
5 21 14.01
5 22 16.77
5 23 8.1
5 24 19.74
5 25 7.45
5 26 10.58
5 27 0.87
5 28 18.68
5 29 3.32
5 30 9.66
5 31 19.61
5 32 16.38
5 33 3.88
5 34 0.78
5 35 14.05
5 36 8.36
5 37 1.91
5 38 14.15
5 39 19.13
5 40 18.76
5 41 7.32
5 42 3.33
5 43 6.91
5 44 8.29
5 45 17.15
5 46 2.08
5 47 7.38
5 48 9.28
5 49 14.32
6 7 19.9
6 8 9.4
6 9 5.06
6 10 0.17
6 11 15.2
6 12 7.07
6 13 12.41
6 14 11.82
6 15 8.52
6 16 17.67
6 17 10.72
6 18 0.97
6 19 12.88
6 20 9.79
6 21 9.23
6 22 15.02
6 23 14.18
6 24 19.88
6 25 17.86
6 26 3.49
6 27 14.74
6 28 2.72
6 29 5.54
6 30 13.83
6 31 16.83
6 32 18.47
6 33 6.58
6 34 3.93
6 35 3.18
6 36 7.86
6 37 0.23
6 38 10.86
6 39 11.83
6 40 7.76
6 41 19.91
6 42 9.08
6 43 1.8
6 44 2.36
6 45 17.8
6 46 14.27
6 47 16.48
6 48 8.98
6 49 6.79
7 8 18.31
7 9 11.48
7 10 6.43
7 11 9.35
7 12 12.66
7 13 5.04
7 14 10.74
7 15 4.38
7 16 9.59
7 17 15.41
7 18 12.04
7 19 6.54
7 20 17.85
7 21 10.47
7 22 10.5
7 23 0.96
7 24 17.9
7 25 16.29
7 26 17.36
7 27 4.82
7 28 17.3
7 29 4.81
7 30 6.36
7 31 2.46
7 32 14.07
7 33 17.01
7 34 16.43
7 35 11.07
7 36 9.65
7 37 11.91
7 38 12.02
7 39 14.8
7 40 4.97
7 41 8.23
7 42 13.31
7 43 13.11
7 44 12.32
7 45 1.68
7 46 12.28
7 47 1.52
7 48 14.63
7 49 2.0
8 9 4.23
8 10 5.72
8 11 6.19
8 12 3.96
8 13 4.89
8 14 5.13
8 15 14.75
8 16 14.74
8 17 8.35
8 18 0.4
8 19 1.01
8 20 6.08
8 21 4.72
8 22 16.06
8 23 13.21
8 24 16.26
8 25 16.75
8 26 7.18
8 27 8.95
8 28 14.96
8 29 17.74
8 30 3.88
8 31 14.23
8 32 14.93
8 33 9.47
8 34 10.0
8 35 17.67
8 36 2.18
8 37 11.31
8 38 17.38
8 39 14.75
8 40 11.15
8 41 5.97
8 42 14.03
8 43 16.04
8 44 19.55
8 45 16.44
8 46 19.82
8 47 10.42
8 48 9.54
8 49 17.23
9 10 13.25
9 11 5.65
9 12 2.71
9 13 16.32
9 14 14.4
9 15 3.12
9 16 12.39
9 17 11.9
9 18 8.61
9 19 9.56
9 20 16.44
9 21 15.97
9 22 7.52
9 23 4.32
9 24 0.66
9 25 6.28
9 26 19.24
9 27 18.3
9 28 4.59
9 29 2.74
9 30 19.73
9 31 18.5
9 32 7.89
9 33 19.3
9 34 2.88
9 35 9.58
9 36 12.46
9 37 1.62
9 38 18.88
9 39 14.84
9 40 2.02
9 41 14.12
9 42 7.69
9 43 3.28
9 44 16.46
9 45 19.59
9 46 4.27
9 47 15.33
9 48 2.51
9 49 12.03
10 11 4.79
10 12 2.37
10 13 13.91
10 14 16.17
10 15 16.32
10 16 4.32
10 17 8.81
10 18 1.3
10 19 6.14
10 20 0.63
10 21 16.95
10 22 1.46
10 23 12.26
10 24 0.9
10 25 7.62
10 26 9.08
10 27 5.41
10 28 2.46
10 29 4.06
10 30 11.87
10 31 17.29
10 32 5.16
10 33 12.8
10 34 19.96
10 35 13.22
10 36 13.19
10 37 0.93
10 38 8.43
10 39 2.26
10 40 4.24
10 41 13.18
10 42 3.03
10 43 3.37
10 44 1.14
10 45 4.15
10 46 18.95
10 47 14.92
10 48 16.95
10 49 12.95
11 12 14.96
11 13 4.54
11 14 19.49
11 15 8.61
11 16 1.41
11 17 19.93
11 18 10.98
11 19 19.49
11 20 3.17
11 21 8.77
11 22 9.03
11 23 3.02
11 24 7.8
11 25 8.45
11 26 14.25
11 27 19.47
11 28 6.93
11 29 12.06
11 30 17.99
11 31 7.09
11 32 8.94
11 33 9.42
11 34 18.62
11 35 10.13
11 36 15.83
11 37 7.89
11 38 18.64
11 39 5.83
11 40 4.68
11 41 7.53
11 42 15.58
11 43 19.76
11 44 19.42
11 45 16.23
11 46 11.39
11 47 15.59
11 48 3.64
11 49 11.22
12 13 0.87
12 14 9.61
12 15 3.12
12 16 1.25
12 17 11.38
12 18 9.19
12 19 15.38
12 20 0.35
12 21 9.84
12 22 4.49
12 23 3.88
12 24 10.16
12 25 1.59
12 26 12.59
12 27 7.96
12 28 5.13
12 29 14.66
12 30 5.89
12 31 19.89
12 32 17.12
12 33 17.31
12 34 8.21
12 35 5.02
12 36 6.31
12 37 18.09
12 38 15.84
12 39 11.76
12 40 19.7
12 41 4.72
12 42 8.96
12 43 15.94
12 44 2.04
12 45 18.87
12 46 5.52
12 47 13.07
12 48 1.38
12 49 9.93
13 14 3.74
13 15 10.58
13 16 12.42
13 17 2.71
13 18 6.01
13 19 2.5
13 20 0.86
13 21 6.84
13 22 11.47
13 23 19.45
13 24 11.93
13 25 5.2
13 26 10.62
13 27 6.31
13 28 14.07
13 29 6.35
13 30 7.93
13 31 6.74
13 32 13.47
13 33 7.23
13 34 15.0
13 35 12.22
13 36 4.94
13 37 2.69
13 38 12.42
13 39 7.62
13 40 6.93
13 41 8.1
13 42 4.17
13 43 17.73
13 44 5.15
13 45 8.7
13 46 10.05
13 47 10.32
13 48 15.2
13 49 13.58
14 15 4.17
14 16 5.63
14 17 16.63
14 18 17.52
14 19 3.9
14 20 10.69
14 21 17.38
14 22 14.25
14 23 2.61
14 24 4.82
14 25 2.23
14 26 14.81
14 27 8.83
14 28 0.67
14 29 11.73
14 30 9.78
14 31 7.38
14 32 4.99
14 33 4.93
14 34 18.61
14 35 17.08
14 36 3.5
14 37 6.7
14 38 2.46
14 39 4.7
14 40 13.2
14 41 13.3
14 42 12.06
14 43 19.57
14 44 4.56
14 45 14.35
14 46 14.85
14 47 19.45
14 48 5.34
14 49 16.7
15 16 4.95
15 17 9.71
15 18 0.48
15 19 12.38
15 20 19.74
15 21 2.39
15 22 16.49
15 23 19.66
15 24 8.72
15 25 17.03
15 26 16.9
15 27 11.91
15 28 9.27
15 29 3.86
15 30 10.05
15 31 12.11
15 32 16.21
15 33 5.69
15 34 16.06
15 35 0.66
15 36 17.19
15 37 8.71
15 38 17.58
15 39 19.65
15 40 2.01
15 41 0.29
15 42 10.16
15 43 17.64
15 44 9.23
15 45 0.73
15 46 2.64
15 47 16.87
15 48 5.11
15 49 1.48
16 17 12.57
16 18 8.7
16 19 2.26
16 20 15.43
16 21 5.49
16 22 4.23
16 23 13.07
16 24 9.68
16 25 16.66
16 26 15.28
16 27 8.36
16 28 17.08
16 29 14.12
16 30 16.68
16 31 17.76
16 32 5.57
16 33 12.98
16 34 13.85
16 35 18.38
16 36 11.51
16 37 4.31
16 38 1.27
16 39 5.61
16 40 10.02
16 41 16.29
16 42 5.31
16 43 14.14
16 44 7.64
16 45 5.56
16 46 17.14
16 47 16.82
16 48 11.3
16 49 5.69
17 18 3.5
17 19 5.24
17 20 16.11
17 21 11.14
17 22 10.03
17 23 11.39
17 24 2.22
17 25 14.79
17 26 5.51
17 27 13.63
17 28 3.15
17 29 4.27
17 30 13.3
17 31 3.92
17 32 10.02
17 33 3.22
17 34 15.39
17 35 12.82
17 36 15.18
17 37 18.48
17 38 5.4
17 39 19.96
17 40 4.2
17 41 1.52
17 42 10.27
17 43 13.15
17 44 12.38
17 45 14.14
17 46 16.68
17 47 17.2
17 48 19.67
17 49 17.45
18 19 9.41
18 20 16.61
18 21 1.22
18 22 2.56
18 23 15.48
18 24 0.1
18 25 10.7
18 26 8.95
18 27 11.02
18 28 15.01
18 29 15.27
18 30 7.59
18 31 12.79
18 32 16.85
18 33 12.48
18 34 17.68
18 35 0.88
18 36 10.57
18 37 3.27
18 38 13.98
18 39 6.31
18 40 16.55
18 41 3.15
18 42 17.45
18 43 13.67
18 44 4.9
18 45 8.19
18 46 15.79
18 47 16.82
18 48 7.55
18 49 14.43
19 20 10.18
19 21 0.13
19 22 0.34
19 23 15.21
19 24 19.26
19 25 2.93
19 26 0.85
19 27 19.02
19 28 12.06
19 29 6.86
19 30 8.94
19 31 8.5
19 32 19.8
19 33 4.94
19 34 12.41
19 35 8.54
19 36 17.36
19 37 8.85
19 38 0.31
19 39 10.59
19 40 6.16
19 41 12.72
19 42 14.12
19 43 18.99
19 44 7.64
19 45 15.39
19 46 13.54
19 47 4.47
19 48 0.37
19 49 13.76
20 21 19.59
20 22 17.1
20 23 19.68
20 24 6.11
20 25 13.4
20 26 6.23
20 27 1.7
20 28 0.66
20 29 3.45
20 30 9.18
20 31 7.39
20 32 7.37
20 33 15.73
20 34 13.5
20 35 16.24
20 36 10.05
20 37 17.34
20 38 7.4
20 39 15.14
20 40 11.21
20 41 10.82
20 42 8.17
20 43 13.26
20 44 1.56
20 45 0.18
20 46 7.04
20 47 11.7
20 48 8.16
20 49 0.76
21 22 11.97
21 23 12.14
21 24 7.65
21 25 1.53
21 26 5.42
21 27 15.75
21 28 0.11
21 29 2.45
21 30 1.63
21 31 9.37
21 32 11.45
21 33 1.85
21 34 0.06
21 35 19.42
21 36 8.34
21 37 3.05
21 38 12.06
21 39 12.12
21 40 14.43
21 41 1.19
21 42 5.01
21 43 4.2
21 44 13.98
21 45 12.59
21 46 14.95
21 47 17.04
21 48 2.13
21 49 8.25
22 23 4.07
22 24 15.32
22 25 16.31
22 26 16.26
22 27 2.16
22 28 6.87
22 29 10.62
22 30 13.17
22 31 2.48
22 32 10.73
22 33 6.18
22 34 19.34
22 35 3.68
22 36 7.19
22 37 5.6
22 38 6.09
22 39 7.88
22 40 1.83
22 41 14.9
22 42 5.94
22 43 10.62
22 44 14.3
22 45 17.11
22 46 3.23
22 47 7.37
22 48 11.47
22 49 11.58
23 24 0.75
23 25 5.57
23 26 17.62
23 27 15.53
23 28 12.6
23 29 4.82
23 30 12.01
23 31 9.5
23 32 5.26
23 33 7.72
23 34 15.29
23 35 4.15
23 36 6.99
23 37 5.1
23 38 8.62
23 39 17.91
23 40 10.25
23 41 16.75
23 42 13.01
23 43 10.24
23 44 1.29
23 45 18.25
23 46 7.91
23 47 16.39
23 48 6.65
23 49 6.07
24 25 3.07
24 26 2.25
24 27 0.27
24 28 6.44
24 29 11.09
24 30 5.76
24 31 14.78
24 32 17.7
24 33 16.54
24 34 11.36
24 35 12.23
24 36 8.33
24 37 10.21
24 38 6.9
24 39 15.42
24 40 1.55
24 41 1.49
24 42 5.33
24 43 18.36
24 44 14.95
24 45 5.84
24 46 0.33
24 47 15.26
24 48 12.67
24 49 9.52
25 26 10.76
25 27 6.39
25 28 8.61
25 29 7.14
25 30 18.95
25 31 18.99
25 32 16.08
25 33 18.75
25 34 9.57
25 35 12.19
25 36 18.2
25 37 18.26
25 38 13.82
25 39 9.45
25 40 14.42
25 41 3.66
25 42 0.8
25 43 10.32
25 44 15.68
25 45 12.24
25 46 15.94
25 47 10.08
25 48 14.69
25 49 7.18
26 27 7.46
26 28 9.56
26 29 16.5
26 30 5.54
26 31 12.44
26 32 19.51
26 33 4.16
26 34 11.69
26 35 7.01
26 36 2.41
26 37 19.07
26 38 6.37
26 39 12.12
26 40 2.94
26 41 18.06
26 42 17.0
26 43 2.42
26 44 13.51
26 45 15.53
26 46 17.77
26 47 14.67
26 48 16.63
26 49 15.24
27 28 6.07
27 29 0.85
27 30 9.91
27 31 8.71
27 32 10.82
27 33 17.63
27 34 1.33
27 35 0.75
27 36 5.49
27 37 2.57
27 38 1.03
27 39 18.69
27 40 19.33
27 41 19.9
27 42 14.47
27 43 13.79
27 44 0.24
27 45 6.78
27 46 18.66
27 47 19.33
27 48 13.79
27 49 11.97
28 29 6.99
28 30 12.63
28 31 19.81
28 32 17.13
28 33 12.41
28 34 11.6
28 35 3.39
28 36 7.92
28 37 12.78
28 38 2.96
28 39 0.6
28 40 2.21
28 41 0.5
28 42 13.52
28 43 14.58
28 44 7.01
28 45 15.78
28 46 12.13
28 47 13.1
28 48 14.21
28 49 7.02
29 30 19.46
29 31 4.29
29 32 5.76
29 33 14.29
29 34 5.73
29 35 17.4
29 36 12.55
29 37 0.14
29 38 18.95
29 39 16.66
29 40 11.63
29 41 7.95
29 42 18.73
29 43 4.96
29 44 14.28
29 45 15.17
29 46 10.99
29 47 18.2
29 48 3.26
29 49 15.85
30 31 13.23
30 32 5.89
30 33 12.26
30 34 17.35
30 35 12.63
30 36 3.63
30 37 15.95
30 38 11.66
30 39 10.53
30 40 0.01
30 41 6.44
30 42 17.95
30 43 2.04
30 44 18.98
30 45 7.89
30 46 12.38
30 47 1.15
30 48 2.58
30 49 0.03
31 32 18.7
31 33 6.37
31 34 9.56
31 35 18.27
31 36 3.87
31 37 8.06
31 38 5.75
31 39 1.52
31 40 4.85
31 41 16.14
31 42 13.01
31 43 8.28
31 44 8.4
31 45 15.31
31 46 6.42
31 47 19.85
31 48 1.41
31 49 8.02
32 33 10.83
32 34 9.98
32 35 3.02
32 36 19.98
32 37 15.82
32 38 17.21
32 39 11.61
32 40 12.36
32 41 16.67
32 42 8.6
32 43 0.39
32 44 2.04
32 45 19.84
32 46 14.48
32 47 7.29
32 48 19.03
32 49 9.25
33 34 19.13
33 35 5.51
33 36 4.78
33 37 3.79
33 38 6.98
33 39 2.24
33 40 19.84
33 41 8.89
33 42 5.39
33 43 5.5
33 44 3.86
33 45 17.58
33 46 10.51
33 47 0.88
33 48 10.39
33 49 13.96
34 35 7.03
34 36 14.48
34 37 2.67
34 38 3.24
34 39 4.26
34 40 9.81
34 41 3.5
34 42 6.5
34 43 1.28
34 44 16.59
34 45 13.77
34 46 15.63
34 47 7.1
34 48 18.55
34 49 2.96
35 36 12.51
35 37 6.74
35 38 19.75
35 39 7.01
35 40 5.77
35 41 5.06
35 42 4.35
35 43 15.38
35 44 11.13
35 45 17.38
35 46 3.19
35 47 19.12
35 48 15.95
35 49 5.34
36 37 9.63
36 38 7.21
36 39 18.18
36 40 6.02
36 41 5.27
36 42 5.16
36 43 1.23
36 44 0.44
36 45 11.49
36 46 13.46
36 47 12.94
36 48 13.67
36 49 19.02
37 38 0.33
37 39 6.63
37 40 6.38
37 41 18.99
37 42 11.04
37 43 3.67
37 44 1.59
37 45 12.17
37 46 12.15
37 47 4.04
37 48 11.19
37 49 6.55
38 39 15.97
38 40 2.04
38 41 17.35
38 42 3.26
38 43 15.24
38 44 12.34
38 45 18.75
38 46 4.35
38 47 18.47
38 48 2.1
38 49 5.47
39 40 14.75
39 41 7.64
39 42 0.27
39 43 17.16
39 44 10.75
39 45 2.98
39 46 5.19
39 47 17.64
39 48 17.34
39 49 18.03
40 41 10.25
40 42 19.6
40 43 11.86
40 44 8.96
40 45 13.14
40 46 10.84
40 47 9.53
40 48 16.62
40 49 16.34
41 42 6.65
41 43 18.13
41 44 1.95
41 45 12.37
41 46 15.52
41 47 12.29
41 48 0.66
41 49 12.17
42 43 12.39
42 44 15.17
42 45 0.54
42 46 2.01
42 47 16.83
42 48 12.83
42 49 4.67
43 44 5.18
43 45 17.63
43 46 7.29
43 47 16.31
43 48 9.9
43 49 16.86
44 45 1.08
44 46 12.59
44 47 1.0
44 48 11.44
44 49 8.75
45 46 12.65
45 47 14.16
45 48 9.95
45 49 1.44
46 47 17.91
46 48 18.49
46 49 17.04
47 48 2.9
47 49 10.75
48 49 5.31
