50
0 1 28.0
0 2 58.3
0 3 43.3
0 4 90.7
0 5 75.7
0 6 80.3
0 7 86.3
0 8 50.7
0 9 38.3
0 10 61.3
0 11 46.3
0 12 73.7
0 13 67.3
0 14 37.7
0 15 16.3
0 16 40.3
0 17 39.3
0 18 80.3
0 19 95.0
0 20 25.0
0 21 76.3
0 22 14.7
0 23 83.7
0 24 70.0
0 25 61.0
0 26 15.3
0 27 61.0
0 28 30.3
0 29 93.0
0 30 52.7
0 31 31.7
0 32 80.0
0 33 18.0
0 34 70.0
0 35 52.0
0 36 33.3
0 37 66.0
0 38 65.0
0 39 88.0
0 40 15.0
0 41 25.7
0 42 30.7
0 43 68.7
0 44 82.0
0 45 32.3
0 46 90.0
0 47 80.0
0 48 50.7
0 49 76.7
1 2 90.7
1 3 57.3
1 4 16.7
1 5 45.3
1 6 9.7
1 7 56.3
1 8 96.7
1 9 17.7
1 10 66.3
1 11 75.7
1 12 6.3
1 13 38.7
1 14 44.0
1 15 28.0
1 16 33.3
1 17 86.0
1 18 52.3
1 19 83.7
1 20 27.7
1 21 14.3
1 22 68.7
1 23 42.7
1 24 82.0
1 25 1.7
1 26 11.3
1 27 66.0
1 28 75.3
1 29 81.0
1 30 18.7
1 31 75.3
1 32 56.3
1 33 67.3
1 34 85.3
1 35 3.0
1 36 48.7
1 37 86.7
1 38 17.7
1 39 97.7
1 40 67.0
1 41 71.0
1 42 7.7
1 43 61.7
1 44 31.7
1 45 99.0
1 46 31.7
1 47 96.0
1 48 91.7
1 49 83.7
2 3 91.7
2 4 87.0
2 5 98.0
2 6 89.7
2 7 81.3
2 8 21.3
2 9 94.7
2 10 34.3
2 11 83.3
2 12 49.7
2 13 12.3
2 14 52.3
2 15 87.7
2 16 80.3
2 17 25.0
2 18 72.7
2 19 44.3
2 20 47.7
2 21 99.0
2 22 19.3
2 23 57.7
2 24 60.3
2 25 36.3
2 26 23.3
2 27 67.7
2 28 20.3
2 29 55.0
2 30 57.7
2 31 68.0
2 32 99.0
2 33 62.7
2 34 29.0
2 35 6.0
2 36 85.0
2 37 82.0
2 38 11.3
2 39 83.3
2 40 52.3
2 41 53.7
2 42 17.7
2 43 32.3
2 44 11.3
2 45 20.0
2 46 12.3
2 47 2.0
2 48 87.0
2 49 45.7
3 4 41.7
3 5 35.0
3 6 8.0
3 7 60.3
3 8 53.0
3 9 17.3
3 10 24.0
3 11 26.7
3 12 39.0
3 13 42.0
3 14 2.7
3 15 38.3
3 16 54.3
3 17 1.0
3 18 86.7
3 19 23.7
3 20 89.0
3 21 83.7
3 22 31.3
3 23 9.0
3 24 7.0
3 25 19.3
3 26 46.7
3 27 84.0
3 28 4.7
3 29 71.0
3 30 88.7
3 31 50.3
3 32 30.7
3 33 70.0
3 34 77.7
3 35 44.7
3 36 75.0
3 37 52.0
3 38 44.0
3 39 35.0
3 40 90.3
3 41 25.3
3 42 58.0
3 43 63.7
3 44 41.3
3 45 67.3
3 46 21.7
3 47 66.3
3 48 12.7
3 49 5.3
4 5 66.3
4 6 18.0
4 7 23.0
4 8 67.7
4 9 18.3
4 10 97.0
4 11 94.7
4 12 69.7
4 13 12.7
4 14 16.0
4 15 35.0
4 16 12.0
4 17 30.3
4 18 18.0
4 19 78.3
4 20 81.3
4 21 75.7
4 22 72.7
4 23 13.7
4 24 83.7
4 25 16.3
4 26 7.0
4 27 55.3
4 28 63.0
4 29 91.7
4 30 26.3
4 31 66.3
4 32 13.3
4 33 89.3
4 34 61.7
4 35 19.3
4 36 15.3
4 37 69.7
4 38 60.7
4 39 55.0
4 40 83.0
4 41 8.3
4 42 91.3
4 43 29.3
4 44 46.3
4 45 68.0
4 46 13.3
4 47 81.7
4 48 89.7
4 49 40.3
5 6 26.7
5 7 77.3
5 8 36.0
5 9 88.3
5 10 25.7
5 11 30.0
5 12 29.7
5 13 12.7
5 14 78.3
5 15 83.3
5 16 49.3
5 17 50.7
5 18 0.3
5 19 64.3
5 20 54.0
5 21 95.3
5 22 17.3
5 23 25.0
5 24 58.0
5 25 82.3
5 26 49.0
5 27 85.7
5 28 65.7
5 29 12.3
5 30 50.7
5 31 19.3
5 32 60.3
5 33 34.7
5 34 79.0
5 35 26.7
5 36 11.7
5 37 76.3
5 38 32.3
5 39 61.7
5 40 42.0
5 41 69.3
5 42 64.7
5 43 24.0
5 44 64.0
5 45 38.7
5 46 33.0
5 47 72.0
5 48 9.7
5 49 9.7
6 7 35.3
6 8 19.0
6 9 25.7
6 10 1.7
6 11 98.0
6 12 3.7
6 13 23.3
6 14 57.0
6 15 71.0
6 16 4.7
6 17 43.3
6 18 57.3
6 19 41.0
6 20 40.7
6 21 87.3
6 22 91.3
6 23 84.3
6 24 17.0
6 25 69.7
6 26 53.3
6 27 74.0
6 28 9.0
6 29 37.0
6 30 31.0
6 31 33.3
6 32 83.7
6 33 69.7
6 34 66.3
6 35 61.7
6 36 90.7
6 37 77.3
6 38 59.3
6 39 87.3
6 40 16.0
6 41 92.0
6 42 18.0
6 43 94.0
6 44 79.3
6 45 11.3
6 46 71.7
6 47 57.0
6 48 82.7
6 49 9.3
7 8 23.7
7 9 43.3
7 10 77.0
7 11 57.3
7 12 36.0
7 13 43.0
7 14 7.3
7 15 98.3
7 16 61.7
7 17 47.3
7 18 11.3
7 19 9.0
7 20 33.0
7 21 55.0
7 22 34.3
7 23 94.0
7 24 22.3
7 25 68.7
7 26 99.7
7 27 10.3
7 28 47.0
7 29 81.7
7 30 16.7
7 31 17.7
7 32 52.7
7 33 8.0
7 34 42.3
7 35 81.3
7 36 44.0
7 37 95.7
7 38 20.0
7 39 80.0
7 40 73.0
7 41 62.3
7 42 82.7
7 43 14.3
7 44 30.3
7 45 41.3
7 46 98.3
7 47 99.0
7 48 28.7
7 49 48.3
8 9 29.0
8 10 31.3
8 11 20.7
8 12 77.7
8 13 68.7
8 14 88.3
8 15 98.3
8 16 68.0
8 17 68.7
8 18 7.0
8 19 40.7
8 20 86.7
8 21 54.7
8 22 85.7
8 23 11.0
8 24 99.0
8 25 30.3
8 26 95.0
8 27 56.7
8 28 64.3
8 29 49.3
8 30 89.3
8 31 75.3
8 32 40.3
8 33 53.0
8 34 90.7
8 35 88.0
8 36 87.7
8 37 63.0
8 38 56.0
8 39 22.0
8 40 21.3
8 41 13.0
8 42 83.3
8 43 10.3
8 44 69.7
8 45 43.0
8 46 68.0
8 47 32.7
8 48 48.7
8 49 6.7
9 10 19.0
9 11 25.0
9 12 61.0
9 13 49.7
9 14 68.7
9 15 35.3
9 16 87.3
9 17 65.0
9 18 49.7
9 19 13.0
9 20 50.7
9 21 18.0
9 22 46.0
9 23 64.0
9 24 63.3
9 25 62.0
9 26 52.3
9 27 82.3
9 28 39.3
9 29 89.7
9 30 55.3
9 31 42.3
9 32 73.0
9 33 75.0
9 34 29.0
9 35 22.7
9 36 96.3
9 37 43.7
9 38 67.3
9 39 50.0
9 40 28.7
9 41 2.0
9 42 11.0
9 43 86.7
9 44 70.3
9 45 76.3
9 46 40.7
9 47 62.7
9 48 45.7
9 49 92.7
10 11 92.7
10 12 5.0
10 13 38.0
10 14 7.3
10 15 72.3
10 16 38.7
10 17 92.3
10 18 68.7
10 19 2.0
10 20 57.0
10 21 17.7
10 22 91.3
10 23 86.7
10 24 88.7
10 25 66.7
10 26 15.7
10 27 99.7
10 28 46.3
10 29 63.7
10 30 35.0
10 31 11.0
10 32 82.0
10 33 19.7
10 34 3.3
10 35 88.7
10 36 27.3
10 37 1.0
10 38 71.0
10 39 59.0
10 40 96.0
10 41 57.0
10 42 84.0
10 43 74.0
10 44 84.7
10 45 75.0
10 46 31.7
10 47 22.7
10 48 35.7
10 49 50.3
11 12 94.0
11 13 15.7
11 14 37.0
11 15 54.0
11 16 89.7
11 17 9.3
11 18 78.3
11 19 82.7
11 20 2.7
11 21 35.7
11 22 89.0
11 23 84.3
11 24 33.3
11 25 30.7
11 26 81.3
11 27 7.3
11 28 42.0
11 29 46.3
11 30 49.7
11 31 74.7
11 32 69.7
11 33 10.0
11 34 16.3
11 35 54.7
11 36 73.7
11 37 84.7
11 38 21.0
11 39 71.0
11 40 9.0
11 41 7.3
11 42 10.3
11 43 76.3
11 44 69.0
11 45 95.7
11 46 44.3
11 47 29.7
11 48 71.3
11 49 42.3
12 13 16.3
12 14 72.3
12 15 95.3
12 16 93.7
12 17 84.0
12 18 77.0
12 19 12.0
12 20 8.0
12 21 91.7
12 22 52.7
12 23 52.0
12 24 55.3
12 25 12.7
12 26 14.3
12 27 62.7
12 28 41.3
12 29 39.0
12 30 84.7
12 31 99.0
12 32 63.7
12 33 74.3
12 34 3.3
12 35 15.3
12 36 5.3
12 37 86.0
12 38 32.3
12 39 11.7
12 40 94.3
12 41 73.7
12 42 66.0
12 43 10.3
12 44 80.7
12 45 28.7
12 46 19.7
12 47 27.7
12 48 48.3
12 49 6.0
13 14 80.7
13 15 7.3
13 16 63.3
13 17 4.3
13 18 95.3
13 19 86.3
13 20 3.7
13 21 41.3
13 22 48.3
13 23 92.7
13 24 2.7
13 25 57.7
13 26 14.0
13 27 65.0
13 28 50.0
13 29 2.0
13 30 76.0
13 31 61.3
13 32 54.7
13 33 14.7
13 34 91.7
13 35 99.7
13 36 11.7
13 37 30.7
13 38 46.0
13 39 36.3
13 40 59.0
13 41 35.3
13 42 33.0
13 43 30.7
13 44 54.7
13 45 63.7
13 46 46.3
13 47 59.7
13 48 5.7
13 49 71.3
14 15 94.7
14 16 90.7
14 17 97.3
14 18 37.0
14 19 21.0
14 20 17.0
14 21 51.3
14 22 36.0
14 23 39.3
14 24 63.0
14 25 65.7
14 26 19.7
14 27 56.0
14 28 22.3
14 29 47.7
14 30 78.7
14 31 6.0
14 32 12.0
14 33 63.0
14 34 70.7
14 35 88.0
14 36 22.3
14 37 8.3
14 38 75.0
14 39 47.3
14 40 85.7
14 41 95.7
14 42 75.3
14 43 26.3
14 44 33.0
14 45 80.0
14 46 24.3
14 47 97.0
14 48 77.3
14 49 64.7
15 16 22.0
15 17 42.3
15 18 19.0
15 19 43.3
15 20 91.0
15 21 7.7
15 22 97.7
15 23 34.7
15 24 3.0
15 25 62.3
15 26 99.0
15 27 26.7
15 28 30.7
15 29 16.0
15 30 7.3
15 31 7.0
15 32 71.3
15 33 55.3
15 34 41.3
15 35 14.3
15 36 58.7
15 37 49.3
15 38 44.3
15 39 1.0
15 40 73.0
15 41 42.0
15 42 40.0
15 43 43.3
15 44 62.7
15 45 88.7
15 46 58.7
15 47 40.7
15 48 46.3
15 49 42.0
16 17 87.0
16 18 98.0
16 19 63.0
16 20 12.0
16 21 29.3
16 22 19.0
16 23 9.7
16 24 46.0
16 25 8.7
16 26 66.0
16 27 15.0
16 28 43.3
16 29 67.0
16 30 44.0
16 31 31.7
16 32 58.7
16 33 92.3
16 34 45.7
16 35 1.0
16 36 54.0
16 37 77.0
16 38 50.0
16 39 35.7
16 40 76.7
16 41 31.7
16 42 58.3
16 43 61.7
16 44 15.3
16 45 72.0
16 46 46.7
16 47 72.7
16 48 65.0
16 49 10.3
17 18 31.3
17 19 6.7
17 20 61.0
17 21 29.7
17 22 8.3
17 23 20.3
17 24 23.3
17 25 56.0
17 26 27.0
17 27 83.3
17 28 76.7
17 29 65.7
17 30 2.7
17 31 62.3
17 32 6.0
17 33 99.0
17 34 22.0
17 35 92.0
17 36 28.0
17 37 41.7
17 38 88.0
17 39 7.3
17 40 88.7
17 41 54.7
17 42 95.3
17 43 55.3
17 44 98.0
17 45 96.0
17 46 73.0
17 47 68.3
17 48 90.0
17 49 89.0
18 19 40.0
18 20 33.0
18 21 52.3
18 22 62.7
18 23 30.7
18 24 17.0
18 25 53.0
18 26 1.3
18 27 52.7
18 28 20.3
18 29 39.0
18 30 39.3
18 31 6.3
18 32 22.3
18 33 66.0
18 34 9.3
18 35 19.0
18 36 30.7
18 37 52.7
18 38 15.7
18 39 51.0
18 40 93.7
18 41 31.3
18 42 42.3
18 43 46.0
18 44 98.0
18 45 76.7
18 46 23.3
18 47 3.3
18 48 89.7
18 49 37.0
19 20 72.7
19 21 5.0
19 22 90.3
19 23 35.3
19 24 7.0
19 25 69.0
19 26 11.7
19 27 16.7
19 28 0.7
19 29 68.3
19 30 59.3
19 31 7.3
19 32 58.7
19 33 13.3
19 34 82.0
19 35 35.3
19 36 50.3
19 37 67.0
19 38 79.3
19 39 12.0
19 40 18.0
19 41 40.7
19 42 51.7
19 43 43.0
19 44 21.0
19 45 91.7
19 46 17.7
19 47 96.0
19 48 20.0
19 49 46.0
20 21 47.3
20 22 18.7
20 23 47.7
20 24 59.3
20 25 90.7
20 26 65.0
20 27 43.3
20 28 88.7
20 29 28.0
20 30 96.3
20 31 77.7
20 32 60.7
20 33 51.7
20 34 66.7
20 35 22.0
20 36 27.0
20 37 52.3
20 38 77.0
20 39 69.3
20 40 98.0
20 41 98.7
20 42 85.7
20 43 85.0
20 44 80.0
20 45 93.7
20 46 43.3
20 47 10.7
20 48 64.0
20 49 2.3
21 22 68.0
21 23 27.3
21 24 38.7
21 25 98.7
21 26 18.7
21 27 25.0
21 28 97.7
21 29 62.7
21 30 57.0
21 31 61.3
21 32 20.3
21 33 14.0
21 34 83.3
21 35 85.3
21 36 64.0
21 37 25.3
21 38 34.0
21 39 94.3
21 40 29.7
21 41 36.0
21 42 34.0
21 43 73.3
21 44 35.7
21 45 21.7
21 46 96.3
21 47 93.0
21 48 57.0
21 49 95.7
22 23 89.7
22 24 74.0
22 25 85.0
22 26 5.0
22 27 47.3
22 28 82.7
22 29 14.3
22 30 1.7
22 31 5.3
22 32 75.3
22 33 55.3
22 34 72.3
22 35 13.3
22 36 33.3
22 37 75.3
22 38 20.0
22 39 82.7
22 40 84.7
22 41 82.7
22 42 0.7
22 43 92.7
22 44 22.3
22 45 25.0
22 46 37.0
22 47 41.0
22 48 43.7
22 49 87.7
23 24 51.3
23 25 47.7
23 26 57.0
23 27 12.3
23 28 80.3
23 29 16.3
23 30 80.7
23 31 74.0
23 32 53.7
23 33 41.7
23 34 21.3
23 35 75.3
23 36 20.3
23 37 96.7
23 38 30.3
23 39 52.0
23 40 84.3
23 41 58.7
23 42 38.0
23 43 64.7
23 44 50.0
23 45 7.7
23 46 5.3
23 47 72.0
23 48 60.7
23 49 83.0
24 25 46.7
24 26 55.0
24 27 88.3
24 28 38.3
24 29 13.0
24 30 80.3
24 31 95.0
24 32 26.0
24 33 9.7
24 34 81.0
24 35 29.0
24 36 26.7
24 37 93.7
24 38 94.3
24 39 2.0
24 40 29.7
24 41 14.3
24 42 78.3
24 43 5.3
24 44 72.7
24 45 71.3
24 46 74.7
24 47 83.7
24 48 97.0
24 49 11.3
25 26 12.0
25 27 97.7
25 28 26.0
25 29 33.7
25 30 67.0
25 31 68.3
25 32 84.3
25 33 20.7
25 34 4.7
25 35 84.0
25 36 93.0
25 37 90.3
25 38 53.0
25 39 8.7
25 40 41.7
25 41 4.3
25 42 33.7
25 43 44.0
25 44 80.0
25 45 37.3
25 46 22.3
25 47 44.0
25 48 82.7
25 49 93.7
26 27 38.0
26 28 36.0
26 29 55.7
26 30 62.0
26 31 39.7
26 32 90.0
26 33 60.0
26 34 37.3
26 35 5.3
26 36 81.3
26 37 61.3
26 38 1.0
26 39 21.7
26 40 70.3
26 41 9.0
26 42 78.3
26 43 59.7
26 44 49.0
26 45 73.3
26 46 17.7
26 47 63.7
26 48 38.0
26 49 99.7
27 28 19.7
27 29 68.3
27 30 95.0
27 31 69.7
27 32 34.3
27 33 88.0
27 34 11.3
27 35 96.0
27 36 19.3
27 37 94.7
27 38 42.3
27 39 44.7
27 40 31.3
27 41 81.3
27 42 25.7
27 43 56.3
27 44 59.0
27 45 51.0
27 46 85.3
27 47 18.3
27 48 51.7
27 49 14.0
28 29 85.0
28 30 9.0
28 31 0.7
28 32 24.0
28 33 4.0
28 34 20.7
28 35 56.0
28 36 62.3
28 37 52.3
28 38 99.3
28 39 62.3
28 40 73.0
28 41 22.3
28 42 44.7
28 43 16.0
28 44 3.0
28 45 40.7
28 46 1.0
28 47 16.0
28 48 35.3
28 49 89.7
29 30 27.0
29 31 76.0
29 32 12.3
29 33 66.0
29 34 47.0
29 35 4.0
29 36 44.3
29 37 1.7
29 38 42.7
29 39 72.7
29 40 96.7
29 41 49.7
29 42 33.7
29 43 80.3
29 44 35.0
29 45 76.0
29 46 62.3
29 47 93.3
29 48 51.3
29 49 76.3
30 31 15.7
30 32 11.0
30 33 84.3
30 34 51.0
30 35 66.3
30 36 67.0
30 37 91.0
30 38 55.7
30 39 48.0
30 40 73.7
30 41 84.3
30 42 98.0
30 43 50.0
30 44 99.7
30 45 76.3
30 46 10.3
30 47 56.3
30 48 42.0
30 49 7.3
31 32 62.0
31 33 96.0
31 34 73.0
31 35 47.7
31 36 19.7
31 37 44.3
31 38 59.3
31 39 95.3
31 40 93.7
31 41 60.7
31 42 3.0
31 43 33.7
31 44 70.3
31 45 88.3
31 46 27.0
31 47 3.7
31 48 72.3
31 49 1.7
32 33 89.0
32 34 27.0
32 35 53.0
32 36 8.7
32 37 53.0
32 38 30.7
32 39 5.0
32 40 31.7
32 41 91.3
32 42 25.3
32 43 24.0
32 44 38.3
32 45 51.0
32 46 38.7
32 47 14.0
32 48 20.7
32 49 43.3
33 34 43.3
33 35 88.7
33 36 14.0
33 37 70.0
33 38 77.0
33 39 57.0
33 40 76.7
33 41 75.7
33 42 60.0
33 43 54.7
33 44 97.7
33 45 43.0
33 46 71.7
33 47 86.3
33 48 73.0
33 49 19.3
34 35 45.7
34 36 6.7
34 37 62.3
34 38 74.7
34 39 59.3
34 40 51.3
34 41 75.0
34 42 36.3
34 43 65.3
34 44 1.3
34 45 61.7
34 46 26.7
34 47 93.7
34 48 65.0
34 49 91.3
35 36 48.3
35 37 32.7
35 38 14.7
35 39 95.3
35 40 26.7
35 41 54.0
35 42 51.7
35 43 60.7
35 44 22.3
35 45 22.3
35 46 18.0
35 47 71.0
35 48 88.0
35 49 7.3
36 37 9.7
36 38 67.0
36 39 4.3
36 40 96.7
36 41 62.7
36 42 20.0
36 43 9.7
36 44 26.7
36 45 73.3
36 46 22.0
36 47 23.0
36 48 49.0
36 49 84.7
37 38 2.0
37 39 5.7
37 40 70.0
37 41 72.0
37 42 42.0
37 43 82.7
37 44 40.7
37 45 1.7
37 46 75.0
37 47 83.7
37 48 72.0
37 49 74.0
38 39 58.0
38 40 98.7
38 41 37.3
38 42 65.0
38 43 25.3
38 44 61.7
38 45 2.0
38 46 71.0
38 47 15.7
38 48 51.0
38 49 46.3
39 40 50.7
39 41 25.7
39 42 23.3
39 43 89.3
39 44 31.7
39 45 81.0
39 46 55.3
39 47 32.0
39 48 4.7
39 49 23.0
40 41 17.7
40 42 89.7
40 43 22.3
40 44 44.3
40 45 92.7
40 46 42.7
40 47 51.0
40 48 48.0
40 49 7.3
41 42 7.7
41 43 44.7
41 44 15.3
41 45 41.0
41 46 84.0
41 47 24.3
41 48 73.7
41 49 74.3
42 43 99.3
42 44 7.3
42 45 47.3
42 46 1.0
42 47 34.7
42 48 96.3
42 49 56.3
43 44 92.3
43 45 27.0
43 46 81.3
43 47 18.7
43 48 39.7
43 49 74.3
44 45 51.0
44 46 72.3
44 47 0.3
44 48 39.7
44 49 88.7
45 46 19.0
45 47 8.3
45 48 24.0
45 49 47.3
46 47 79.7
46 48 26.3
46 49 62.7
47 48 12.0
47 49 79.3
48 49 87.3