50
0 1 67.553
0 2 46.279
0 3 2.758
0 4 86.683
0 5 22.962
0 6 15.447
0 7 23.262
0 8 66.179
0 9 31.003
0 10 45.095
0 11 32.846
0 12 20.526
0 13 40.299
0 14 98.993
0 15 96.566
0 16 85.654
0 17 37.816
0 18 3.796
0 19 4.573
0 20 88.296
0 21 27.764
0 22 76.975
0 23 98.981
0 24 36.7
0 25 55.991
0 26 16.453
0 27 62.423
0 28 14.094
0 29 41.065
0 30 89.402
0 31 43.365
0 32 3.476
0 33 47.211
0 34 45.688
0 35 53.027
0 36 14.874
0 37 41.778
0 38 91.42
0 39 79.752
0 40 40.886
0 41 87.104
0 42 35.297
0 43 82.133
0 44 68.662
0 45 28.376
0 46 81.41
0 47 94.106
0 48 10.573
0 49 13.538
1 2 92.22
1 3 24.908
1 4 35.566
1 5 92.469
1 6 80.415
1 7 18.013
1 8 91.738
1 9 73.112
1 10 8.814
1 11 72.354
1 12 60.118
1 13 27.959
1 14 47.165
1 15 64.538
1 16 39.963
1 17 78.96
1 18 5.971
1 19 65.703
1 20 67.483
1 21 65.231
1 22 93.243
1 23 48.778
1 24 49.505
1 25 49.008
1 26 7.528
1 27 10.468
1 28 72.846
1 29 50.228
1 30 54.296
1 31 85.215
1 32 89.266
1 33 94.956
1 34 10.955
1 35 98.482
1 36 75.138
1 37 27.089
1 38 64.269
1 39 97.966
1 40 50.453
1 41 69.171
1 42 25.902
1 43 79.503
1 44 21.1
1 45 79.858
1 46 75.798
1 47 66.276
1 48 72.041
1 49 28.328
2 3 23.437
2 4 13.78
2 5 14.94
2 6 79.742
2 7 13.489
2 8 80.497
2 9 11.736
2 10 58.316
2 11 31.336
2 12 62.118
2 13 1.376
2 14 88.662
2 15 69.977
2 16 4.336
2 17 98.891
2 18 83.901
2 19 50.467
2 20 35.16
2 21 1.071
2 22 92.722
2 23 75.184
2 24 10.285
2 25 97.977
2 26 5.613
2 27 87.091
2 28 83.704
2 29 5.974
2 30 63.898
2 31 53.921
2 32 69.212
2 33 32.647
2 34 37.49
2 35 72.289
2 36 1.603
2 37 23.549
2 38 76.366
2 39 85.822
2 40 60.167
2 41 86.68
2 42 92.411
2 43 77.425
2 44 19.529
2 45 93.175
2 46 20.094
2 47 90.31
2 48 61.247
2 49 43.69
3 4 85.959
3 5 42.198
3 6 2.966
3 7 1.932
3 8 90.163
3 9 68.287
3 10 75.144
3 11 66.185
3 12 22.809
3 13 35.527
3 14 5.248
3 15 40.796
3 16 75.924
3 17 7.255
3 18 26.153
3 19 3.95
3 20 50.478
3 21 91.001
3 22 37.445
3 23 49.235
3 24 28.557
3 25 3.304
3 26 61.328
3 27 44.808
3 28 45.028
3 29 54.061
3 30 64.42
3 31 80.304
3 32 1.205
3 33 15.813
3 34 39.028
3 35 45.22
3 36 48.182
3 37 80.305
3 38 24.855
3 39 93.135
3 40 77.032
3 41 11.713
3 42 28.223
3 43 8.365
3 44 91.967
3 45 33.095
3 46 76.383
3 47 4.564
3 48 27.927
3 49 3.768
4 5 4.631
4 6 43.638
4 7 98.151
4 8 96.006
4 9 79.306
4 10 62.942
4 11 49.212
4 12 28.047
4 13 36.168
4 14 15.391
4 15 95.686
4 16 5.37
4 17 15.338
4 18 99.567
4 19 59.857
4 20 85.06
4 21 6.992
4 22 85.12
4 23 98.258
4 24 79.942
4 25 67.215
4 26 37.135
4 27 77.618
4 28 35.82
4 29 74.04
4 30 78.578
4 31 4.718
4 32 21.733
4 33 57.418
4 34 77.323
4 35 40.418
4 36 30.866
4 37 46.45
4 38 46.267
4 39 25.307
4 40 60.393
4 41 79.411
4 42 41.683
4 43 80.158
4 44 72.742
4 45 85.31
4 46 41.315
4 47 45.82
4 48 21.247
4 49 14.83
5 6 91.682
5 7 49.87
5 8 2.433
5 9 48.861
5 10 37.803
5 11 8.344
5 12 74.336
5 13 62.5
5 14 70.784
5 15 46.594
5 16 34.27
5 17 60.335
5 18 23.461
5 19 67.32
5 20 10.371
5 21 78.499
5 22 41.031
5 23 62.622
5 24 55.168
5 25 94.524
5 26 6.925
5 27 6.131
5 28 27.954
5 29 75.672
5 30 43.367
5 31 18.81
5 32 18.16
5 33 69.747
5 34 67.158
5 35 91.512
5 36 17.14
5 37 48.479
5 38 57.551
5 39 2.769
5 40 23.714
5 41 20.952
5 42 18.481
5 43 76.028
5 44 26.361
5 45 98.913
5 46 46.828
5 47 7.787
5 48 90.259
5 49 50.591
6 7 67.426
6 8 0.776
6 9 53.184
6 10 29.048
6 11 54.388
6 12 20.471
6 13 31.398
6 14 80.228
6 15 64.407
6 16 18.267
6 17 14.272
6 18 2.384
6 19 31.875
6 20 99.152
6 21 35.535
6 22 73.705
6 23 9.445
6 24 17.821
6 25 63.489
6 26 62.959
6 27 0.823
6 28 6.201
6 29 34.047
6 30 95.637
6 31 37.139
6 32 87.4
6 33 88.878
6 34 59.614
6 35 38.806
6 36 76.7
6 37 46.098
6 38 54.863
6 39 97.644
6 40 43.62
6 41 99.527
6 42 34.326
6 43 24.553
6 44 55.82
6 45 18.361
6 46 37.564
6 47 61.536
6 48 31.501
6 49 45.61
7 8 30.462
7 9 27.583
7 10 76.792
7 11 11.329
7 12 30.763
7 13 37.156
7 14 55.914
7 15 52.503
7 16 37.497
7 17 31.995
7 18 59.43
7 19 27.325
7 20 0.519
7 21 50.827
7 22 22.884
7 23 94.286
7 24 10.465
7 25 4.631
7 26 96.093
7 27 52.47
7 28 65.588
7 29 2.877
7 30 49.049
7 31 39.221
7 32 76.273
7 33 30.596
7 34 77.107
7 35 54.926
7 36 91.026
7 37 52.59
7 38 77.93
7 39 74.541
7 40 96.093
7 41 92.958
7 42 86.71
7 43 77.147
7 44 79.631
7 45 53.771
7 46 26.922
7 47 77.413
7 48 86.643
7 49 6.556
8 9 96.699
8 10 88.048
8 11 45.262
8 12 84.052
8 13 41.44
8 14 12.699
8 15 92.702
8 16 96.301
8 17 88.295
8 18 95.135
8 19 96.669
8 20 17.282
8 21 40.309
8 22 61.389
8 23 67.397
8 24 37.48
8 25 40.905
8 26 28.326
8 27 84.228
8 28 36.486
8 29 8.175
8 30 98.369
8 31 4.848
8 32 71.205
8 33 57.071
8 34 99.084
8 35 6.021
8 36 2.373
8 37 78.188
8 38 73.527
8 39 99.878
8 40 39.907
8 41 3.018
8 42 26.663
8 43 88.502
8 44 39.16
8 45 66.646
8 46 70.681
8 47 40.018
8 48 35.811
8 49 50.425
9 10 67.218
9 11 8.231
9 12 61.383
9 13 45.228
9 14 19.256
9 15 34.064
9 16 53.191
9 17 87.173
9 18 34.516
9 19 35.146
9 20 13.797
9 21 34.868
9 22 36.528
9 23 31.975
9 24 54.521
9 25 87.949
9 26 11.281
9 27 65.798
9 28 3.652
9 29 32.099
9 30 36.218
9 31 63.2
9 32 68.537
9 33 42.568
9 34 27.482
9 35 56.9
9 36 21.361
9 37 39.067
9 38 39.832
9 39 90.274
9 40 47.279
9 41 55.565
9 42 11.184
9 43 42.059
9 44 13.86
9 45 68.204
9 46 1.314
9 47 88.648
9 48 5.991
9 49 43.874
10 11 8.836
10 12 48.502
10 13 55.627
10 14 46.946
10 15 12.548
10 16 89.506
10 17 33.099
10 18 86.206
10 19 35.82
10 20 17.82
10 21 17.472
10 22 71.879
10 23 42.065
10 24 9.967
10 25 50.217
10 26 76.652
10 27 18.638
10 28 54.563
10 29 54.243
10 30 46.487
10 31 94.407
10 32 63.963
10 33 93.805
10 34 29.376
10 35 12.166
10 36 44.664
10 37 62.441
10 38 50.855
10 39 14.854
10 40 33.837
10 41 81.275
10 42 64.757
10 43 56.121
10 44 64.104
10 45 79.46
10 46 7.606
10 47 74.001
10 48 62.182
10 49 0.795
11 12 4.146
11 13 86.867
11 14 86.632
11 15 4.308
11 16 24.599
11 17 30.892
11 18 87.387
11 19 28.468
11 20 87.403
11 21 1.107
11 22 2.112
11 23 66.894
11 24 99.502
11 25 71.293
11 26 24.798
11 27 87.622
11 28 57.441
11 29 4.248
11 30 30.935
11 31 64.416
11 32 2.24
11 33 94.979
11 34 65.575
11 35 10.306
11 36 0.199
11 37 77.598
11 38 14.439
11 39 71.92
11 40 54.231
11 41 44.034
11 42 65.597
11 43 24.661
11 44 74.376
11 45 4.469
11 46 16.623
11 47 45.469
11 48 55.109
11 49 99.989
12 13 15.069
12 14 36.188
12 15 26.755
12 16 68.429
12 17 27.695
12 18 51.526
12 19 31.895
12 20 9.616
12 21 58.761
12 22 8.058
12 23 60.553
12 24 11.647
12 25 55.327
12 26 85.318
12 27 56.329
12 28 90.549
12 29 90.184
12 30 80.732
12 31 47.681
12 32 74.254
12 33 26.857
12 34 71.654
12 35 29.123
12 36 37.898
12 37 25.265
12 38 49.309
12 39 61.049
12 40 78.042
12 41 46.82
12 42 47.11
12 43 79.861
12 44 17.653
12 45 14.972
12 46 30.311
12 47 32.8
12 48 4.734
12 49 81.99
13 14 19.004
13 15 76.144
13 16 17.505
13 17 75.513
13 18 93.249
13 19 60.05
13 20 72.127
13 21 15.011
13 22 47.378
13 23 48.629
13 24 31.62
13 25 94.076
13 26 63.072
13 27 86.993
13 28 84.594
13 29 90.127
13 30 85.565
13 31 45.783
13 32 32.552
13 33 56.021
13 34 93.352
13 35 20.777
13 36 84.445
13 37 89.917
13 38 98.904
13 39 70.714
13 40 20.028
13 41 19.067
13 42 4.088
13 43 54.315
13 44 5.242
13 45 99.591
13 46 35.026
13 47 81.66
13 48 40.952
13 49 39.136
14 15 31.102
14 16 77.732
14 17 75.66
14 18 18.035
14 19 66.999
14 20 94.867
14 21 81.72
14 22 23.353
14 23 0.028
14 24 51.555
14 25 77.715
14 26 88.066
14 27 72.274
14 28 28.401
14 29 34.42
14 30 27.507
14 31 85.838
14 32 46.931
14 33 85.117
14 34 34.024
14 35 39.769
14 36 76.307
14 37 82.98
14 38 1.654
14 39 25.717
14 40 12.47
14 41 76.185
14 42 7.127
14 43 88.842
14 44 41.608
14 45 93.627
14 46 25.033
14 47 58.191
14 48 65.139
14 49 99.015
15 16 38.638
15 17 46.415
15 18 45.053
15 19 49.19
15 20 72.6
15 21 27.429
15 22 64.774
15 23 81.261
15 24 22.364
15 25 65.715
15 26 66.25
15 27 54.382
15 28 43.163
15 29 62.638
15 30 15.519
15 31 18.76
15 32 25.171
15 33 59.988
15 34 79.762
15 35 24.359
15 36 5.518
15 37 58.344
15 38 43.922
15 39 35.906
15 40 4.614
15 41 33.726
15 42 12.48
15 43 58.204
15 44 12.225
15 45 58.394
15 46 87.109
15 47 97.382
15 48 83.8
15 49 3.364
16 17 45.488
16 18 43.117
16 19 50.109
16 20 83.799
16 21 92.05
16 22 87.605
16 23 90.529
16 24 64.408
16 25 44.047
16 26 98.043
16 27 22.672
16 28 63.729
16 29 26.002
16 30 11.004
16 31 92.998
16 32 75.058
16 33 59.47
16 34 78.631
16 35 47.685
16 36 4.887
16 37 85.373
16 38 81.605
16 39 48.553
16 40 33.521
16 41 96.108
16 42 23.318
16 43 13.112
16 44 0.277
16 45 12.984
16 46 48.476
16 47 29.71
16 48 62.211
16 49 80.178
17 18 46.229
17 19 38.897
17 20 58.346
17 21 1.963
17 22 78.927
17 23 39.071
17 24 27.286
17 25 13.557
17 26 87.202
17 27 84.156
17 28 2.133
17 29 69.078
17 30 15.749
17 31 64.174
17 32 64.091
17 33 5.335
17 34 51.982
17 35 25.248
17 36 72.31
17 37 21.594
17 38 10.031
17 39 50.248
17 40 4.01
17 41 53.949
17 42 95.291
17 43 90.887
17 44 66.629
17 45 85.807
17 46 18.502
17 47 91.935
17 48 58.166
17 49 53.046
18 19 15.769
18 20 75.105
18 21 87.206
18 22 19.531
18 23 69.021
18 24 62.805
18 25 91.384
18 26 15.666
18 27 67.493
18 28 42.418
18 29 89.642
18 30 67.774
18 31 84.002
18 32 20.233
18 33 43.285
18 34 45.955
18 35 16.075
18 36 18.539
18 37 85.463
18 38 86.892
18 39 99.503
18 40 25.721
18 41 1.505
18 42 34.895
18 43 86.453
18 44 25.133
18 45 76.862
18 46 81.098
18 47 79.488
18 48 49.935
18 49 45.076
19 20 81.039
19 21 90.252
19 22 94.873
19 23 70.168
19 24 76.941
19 25 17.34
19 26 65.191
19 27 95.319
19 28 75.764
19 29 34.703
19 30 14.846
19 31 82.432
19 32 78.179
19 33 20.035
19 34 55.686
19 35 9.567
19 36 67.179
19 37 16.803
19 38 44.039
19 39 72.2
19 40 8.996
19 41 74.32
19 42 28.935
19 43 51.752
19 44 91.808
19 45 18.504
19 46 40.737
19 47 92.614
19 48 74.65
19 49 82.755
20 21 35.471
20 22 28.58
20 23 89.586
20 24 38.261
20 25 73.341
20 26 14.413
20 27 66.934
20 28 34.658
20 29 36.315
20 30 42.779
20 31 98.009
20 32 28.36
20 33 74.247
20 34 14.0
20 35 55.479
20 36 68.382
20 37 96.261
20 38 33.701
20 39 6.385
20 40 6.221
20 41 46.046
20 42 11.995
20 43 79.723
20 44 71.346
20 45 74.143
20 46 61.953
20 47 1.779
20 48 69.483
20 49 80.739
21 22 83.247
21 23 37.153
21 24 65.121
21 25 78.77
21 26 88.726
21 27 16.224
21 28 33.207
21 29 31.842
21 30 18.071
21 31 83.886
21 32 96.857
21 33 76.546
21 34 27.998
21 35 63.175
21 36 43.159
21 37 88.166
21 38 92.806
21 39 26.821
21 40 31.339
21 41 59.514
21 42 75.33
21 43 34.743
21 44 85.124
21 45 55.712
21 46 93.403
21 47 74.995
21 48 80.698
21 49 18.064
22 23 44.853
22 24 82.185
22 25 99.175
22 26 32.6
22 27 55.769
22 28 51.195
22 29 61.673
22 30 17.994
22 31 28.929
22 32 39.245
22 33 66.282
22 34 7.525
22 35 78.366
22 36 52.125
22 37 93.656
22 38 50.199
22 39 57.908
22 40 26.609
22 41 2.878
22 42 18.232
22 43 59.303
22 44 98.483
22 45 1.823
22 46 32.522
22 47 26.425
22 48 34.088
22 49 7.003
23 24 72.574
23 25 90.738
23 26 57.626
23 27 9.14
23 28 5.98
23 29 5.679
23 30 69.027
23 31 36.128
23 32 73.073
23 33 76.465
23 34 1.358
23 35 18.822
23 36 82.684
23 37 80.084
23 38 97.509
23 39 19.622
23 40 76.274
23 41 47.56
23 42 74.785
23 43 48.687
23 44 98.098
23 45 38.23
23 46 97.014
23 47 32.267
23 48 52.929
23 49 3.356
24 25 31.021
24 26 70.192
24 27 99.029
24 28 72.091
24 29 29.994
24 30 86.032
24 31 57.922
24 32 76.855
24 33 80.522
24 34 29.765
24 35 32.87
24 36 87.603
24 37 6.026
24 38 2.234
24 39 17.542
24 40 75.045
24 41 97.738
24 42 79.042
24 43 42.839
24 44 17.521
24 45 66.67
24 46 91.597
24 47 66.078
24 48 66.965
24 49 61.985
25 26 10.684
25 27 1.654
25 28 86.416
25 29 10.443
25 30 18.242
25 31 4.132
25 32 11.447
25 33 1.361
25 34 94.955
25 35 35.724
25 36 6.753
25 37 32.224
25 38 24.103
25 39 73.418
25 40 12.928
25 41 95.231
25 42 73.448
25 43 1.031
25 44 91.158
25 45 76.681
25 46 51.184
25 47 31.87
25 48 77.499
25 49 38.569
26 27 90.02
26 28 10.44
26 29 76.505
26 30 71.351
26 31 51.924
26 32 67.904
26 33 42.661
26 34 81.691
26 35 33.274
26 36 32.34
26 37 17.27
26 38 93.497
26 39 8.173
26 40 25.553
26 41 23.642
26 42 88.852
26 43 73.408
26 44 84.929
26 45 0.784
26 46 18.068
26 47 7.688
26 48 93.79
26 49 38.633
27 28 96.515
27 29 4.852
27 30 14.241
27 31 86.456
27 32 85.653
27 33 11.278
27 34 46.302
27 35 59.793
27 36 42.661
27 37 36.53
27 38 96.311
27 39 77.98
27 40 26.388
27 41 58.072
27 42 63.284
27 43 98.981
27 44 60.708
27 45 41.867
27 46 56.046
27 47 63.923
27 48 84.331
27 49 11.833
28 29 67.251
28 30 17.417
28 31 66.914
28 32 55.878
28 33 66.852
28 34 37.104
28 35 30.403
28 36 81.81
28 37 30.495
28 38 47.523
28 39 56.585
28 40 36.882
28 41 83.352
28 42 62.696
28 43 47.703
28 44 37.296
28 45 59.595
28 46 40.327
28 47 56.276
28 48 95.061
28 49 84.293
29 30 86.37
29 31 72.877
29 32 44.984
29 33 49.897
29 34 44.902
29 35 0.423
29 36 8.419
29 37 31.153
29 38 20.194
29 39 46.668
29 40 7.748
29 41 90.571
29 42 3.772
29 43 2.522
29 44 19.4
29 45 78.973
29 46 12.232
29 47 49.4
29 48 49.703
29 49 73.127
30 31 4.349
30 32 54.844
30 33 26.584
30 34 9.586
30 35 34.754
30 36 47.943
30 37 14.091
30 38 41.882
30 39 73.209
30 40 93.87
30 41 83.582
30 42 56.818
30 43 44.537
30 44 77.956
30 45 85.38
30 46 38.856
30 47 31.467
30 48 7.924
30 49 27.266
31 32 58.028
31 33 67.513
31 34 77.546
31 35 69.247
31 36 63.663
31 37 79.945
31 38 46.148
31 39 95.082
31 40 76.847
31 41 12.068
31 42 87.077
31 43 49.179
31 44 56.833
31 45 50.767
31 46 8.148
31 47 61.142
31 48 79.621
31 49 73.169
32 33 72.218
32 34 14.342
32 35 48.687
32 36 86.083
32 37 44.612
32 38 94.729
32 39 5.997
32 40 17.97
32 41 73.187
32 42 16.433
32 43 78.378
32 44 67.146
32 45 60.291
32 46 86.512
32 47 51.875
32 48 95.912
32 49 93.599
33 34 67.838
33 35 67.911
33 36 93.796
33 37 69.767
33 38 80.701
33 39 5.478
33 40 22.409
33 41 48.0
33 42 4.876
33 43 73.193
33 44 53.02
33 45 75.052
33 46 60.935
33 47 93.673
33 48 45.087
33 49 23.886
34 35 34.369
34 36 10.078
34 37 55.238
34 38 75.196
34 39 18.692
34 40 85.311
34 41 77.247
34 42 12.893
34 43 41.443
34 44 28.491
34 45 54.472
34 46 7.305
34 47 83.86
34 48 96.796
34 49 33.771
35 36 26.33
35 37 99.989
35 38 31.695
35 39 12.394
35 40 92.63
35 41 20.594
35 42 77.332
35 43 47.804
35 44 29.823
35 45 45.668
35 46 72.905
35 47 11.72
35 48 70.237
35 49 67.924
36 37 34.704
36 38 17.433
36 39 62.416
36 40 34.024
36 41 3.067
36 42 85.481
36 43 11.978
36 44 50.946
36 45 57.971
36 46 18.585
36 47 85.354
36 48 25.362
36 49 94.7
37 38 81.924
37 39 70.884
37 40 32.41
37 41 66.602
37 42 64.286
37 43 0.545
37 44 84.168
37 45 35.253
37 46 47.25
37 47 69.26
37 48 1.521
37 49 22.576
38 39 8.249
38 40 64.958
38 41 97.768
38 42 10.524
38 43 78.17
38 44 50.526
38 45 3.548
38 46 83.368
38 47 18.849
38 48 71.601
38 49 38.681
39 40 23.498
39 41 97.736
39 42 3.05
39 43 0.982
39 44 19.379
39 45 3.632
39 46 4.977
39 47 98.832
39 48 25.67
39 49 96.198
40 41 66.836
40 42 11.418
40 43 43.08
40 44 93.745
40 45 34.263
40 46 11.128
40 47 90.555
40 48 31.001
40 49 51.294
41 42 59.738
41 43 5.459
41 44 47.642
41 45 44.902
41 46 75.259
41 47 42.647
41 48 34.82
41 49 25.001
42 43 14.706
42 44 50.063
42 45 49.262
42 46 2.146
42 47 79.356
42 48 36.743
42 49 83.07
43 44 28.417
43 45 31.156
43 46 90.371
43 47 47.286
43 48 69.106
43 49 13.268
44 45 70.092
44 46 53.219
44 47 90.203
44 48 80.481
44 49 73.934
45 46 64.201
45 47 34.79
45 48 18.667
45 49 25.943
46 47 25.885
46 48 89.778
46 49 3.988
47 48 13.031
47 49 11.133
48 49 3.811
