50
0 5 69
0 7 25
0 10 87
0 17 84
0 18 23
0 20 93
0 22 34
0 23 50
0 27 15
0 28 21
0 29 36
0 32 43
0 35 29
0 36 10
0 38 42
0 41 78
0 42 23
0 44 44
1 3 17
1 4 71
1 11 25
1 15 39
1 16 7
1 17 45
1 18 60
1 20 68
1 22 99
1 23 88
1 27 37
1 30 23
1 31 23
1 35 98
1 38 77
1 40 24
1 41 50
1 44 67
1 46 30
1 49 92
2 3 56
2 5 41
2 6 71
2 7 94
2 8 56
2 9 78
2 10 25
2 12 20
2 13 40
2 14 50
2 16 61
2 17 17
2 19 96
2 21 33
2 22 1
2 24 27
2 26 8
2 27 8
2 30 76
2 31 97
2 35 60
2 37 72
2 39 87
2 40 78
2 41 37
2 42 81
2 43 13
2 46 16
2 47 63
3 5 36
3 7 19
3 10 54
3 11 52
3 16 35
3 22 2
3 23 68
3 24 93
3 25 5
3 26 7
3 27 53
3 29 25
3 32 29
3 33 67
3 34 46
3 36 36
3 39 74
3 42 78
3 46 42
3 47 87
3 48 5
4 5 42
4 6 86
4 9 14
4 10 31
4 13 32
4 17 59
4 19 3
4 20 90
4 21 73
4 22 73
4 23 36
4 24 53
4 25 30
4 26 95
4 27 76
4 30 78
4 35 62
4 37 73
4 39 27
4 40 85
4 41 55
4 42 35
4 44 4
4 46 29
4 47 81
5 7 13
5 10 34
5 12 23
5 15 95
5 18 27
5 20 91
5 21 5
5 34 55
5 35 67
5 38 48
5 40 15
5 42 54
5 44 39
5 48 3
6 8 19
6 18 65
6 19 5
6 20 92
6 22 90
6 23 7
6 25 20
6 26 57
6 27 85
6 31 10
6 34 67
6 37 97
6 38 33
6 40 68
6 41 9
6 42 69
6 45 4
6 49 94
7 8 17
7 10 19
7 11 66
7 12 33
7 16 68
7 17 28
7 18 37
7 24 18
7 26 43
7 27 10
7 28 30
7 29 60
7 30 97
7 32 87
7 33 47
7 34 98
7 35 70
7 38 3
7 41 59
7 44 21
7 45 36
7 47 93
7 49 81
8 9 67
8 11 45
8 12 73
8 13 20
8 15 92
8 18 61
8 26 93
8 29 28
8 31 90
8 32 19
8 33 11
8 34 56
8 37 47
8 38 27
8 44 49
8 45 97
8 46 11
8 48 21
9 10 53
9 12 57
9 13 55
9 15 73
9 16 72
9 20 99
9 26 25
9 27 35
9 30 3
9 31 32
9 35 65
9 37 10
9 40 21
9 41 12
9 48 56
9 49 51
10 11 70
10 14 76
10 15 91
10 16 69
10 19 60
10 23 73
10 24 59
10 28 28
10 29 44
10 31 53
10 33 99
10 35 69
10 40 13
10 42 74
10 43 71
10 44 65
10 45 36
11 17 39
11 18 55
11 22 44
11 23 71
11 24 6
11 25 59
11 27 98
11 28 37
11 29 90
11 31 55
11 32 52
11 33 7
11 36 41
11 37 59
11 38 28
11 40 61
11 41 33
11 42 83
11 47 86
11 49 81
12 24 86
12 26 76
12 27 47
12 28 58
12 30 20
12 32 46
12 35 13
12 36 82
12 41 22
12 44 12
12 46 45
12 48 44
13 14 67
13 16 35
13 19 48
13 23 80
13 24 65
13 28 1
13 34 54
13 35 4
13 44 56
13 48 52
14 16 44
14 18 23
14 19 42
14 20 8
14 21 49
14 24 73
14 26 96
14 29 30
14 30 76
14 33 99
14 35 62
14 42 52
14 43 35
14 44 57
14 47 42
14 49 6
15 16 27
15 17 87
15 19 58
15 25 78
15 26 8
15 29 46
15 30 74
15 31 9
15 33 28
15 34 77
15 36 75
15 37 93
15 38 8
15 39 10
15 40 23
15 41 61
15 42 95
15 43 91
15 44 95
15 45 95
15 47 16
15 48 73
16 17 55
16 20 20
16 21 55
16 22 47
16 26 21
16 32 55
16 36 77
16 40 75
16 42 57
16 43 2
16 44 1
16 45 37
16 46 12
16 49 55
17 18 97
17 21 84
17 23 4
17 25 82
17 26 22
17 30 84
17 32 99
17 34 40
17 35 79
17 36 20
17 41 66
17 42 69
17 45 79
17 47 4
17 49 94
18 19 99
18 23 29
18 26 31
18 28 19
18 29 83
18 31 80
18 32 11
18 33 34
18 35 65
18 36 81
18 37 67
18 38 86
18 41 71
18 42 10
18 44 32
18 47 75
18 49 68
19 21 83
19 22 36
19 24 23
19 27 46
19 28 13
19 30 34
19 32 99
19 35 11
19 36 61
19 38 6
19 40 25
19 44 73
19 45 33
19 47 10
19 48 67
20 22 17
20 24 52
20 28 72
20 29 77
20 33 21
20 40 6
20 47 47
21 23 33
21 24 15
21 25 91
21 31 32
21 32 1
21 33 75
21 34 61
21 35 89
21 37 15
21 38 85
21 39 71
21 40 71
21 41 45
21 42 99
21 43 52
21 44 21
21 45 13
22 24 96
22 28 8
22 29 83
22 30 10
22 38 34
22 39 1
22 40 69
22 44 33
22 45 80
22 47 15
22 48 34
22 49 56
23 24 33
23 28 96
23 29 19
23 30 11
23 33 53
23 34 24
23 35 56
23 38 70
23 44 6
23 47 17
23 49 93
24 25 14
24 26 95
24 27 44
24 28 59
24 29 77
24 35 69
24 37 60
24 39 16
24 44 12
24 45 4
24 47 55
25 29 80
25 30 14
25 39 44
25 44 74
25 45 10
25 48 23
26 27 62
26 29 25
26 30 22
26 31 49
26 32 9
26 36 73
26 37 24
26 38 37
26 39 4
26 41 51
26 44 73
26 45 32
26 46 3
26 49 91
27 29 50
27 32 99
27 33 17
27 34 23
27 36 22
27 39 58
27 40 2
27 44 8
27 48 14
28 29 28
28 33 68
28 36 42
28 37 29
28 41 66
28 42 92
28 43 27
28 44 85
28 46 21
29 30 21
29 31 31
29 32 9
29 34 76
29 38 83
29 40 82
29 42 82
29 43 87
29 44 5
29 45 88
29 46 82
29 49 94
30 32 43
30 33 36
30 35 63
30 40 82
30 41 41
30 43 91
30 45 99
30 48 7
30 49 81
31 33 89
31 34 59
31 39 16
31 41 3
31 42 45
31 44 42
31 45 66
31 47 13
31 48 83
32 33 81
32 34 94
32 39 33
32 40 92
32 44 92
32 45 34
32 47 70
33 35 11
33 36 55
33 37 41
33 39 99
33 41 73
33 42 93
33 43 7
33 44 95
33 45 84
33 48 78
34 35 39
34 36 28
34 37 23
34 38 46
34 40 14
34 44 3
34 48 44
35 42 82
35 43 17
35 44 49
35 47 17
35 49 68
36 37 66
36 41 47
36 42 38
36 43 49
36 44 87
36 46 52
36 47 88
36 48 2
37 38 96
37 39 15
37 43 86
37 48 61
38 39 58
38 42 67
38 43 98
38 44 24
38 45 29
38 47 30
38 49 2
39 41 38
39 42 7
39 43 24
39 45 97
39 47 62
39 49 9
40 41 65
40 43 36
40 46 7
40 48 76
41 42 57
41 43 77
41 46 19
41 49 55
42 47 52
42 49 87
43 45 2
43 47 13
43 49 35
44 46 41
44 47 29
44 48 74
45 46 47
45 48 24
45 49 67
46 47 23
46 48 37
46 49 17
47 48 1
47 49 61