50
0 1 55.555
0 2 89.834
0 3 27.834
0 4 85.585
0 5 6.034
0 7 31.302
0 8 45.197
0 10 68.712
0 11 42.406
0 13 48.626
0 14 73.696
0 15 48.909
0 16 41.743
0 17 10.697
0 18 85.421
0 19 90.516
0 20 3.575
0 21 49.065
0 22 85.8
0 24 77.115
0 25 45.154
0 26 32.894
0 28 60.173
0 29 85.651
0 30 9.274
0 31 24.647
0 32 22.04
0 34 99.767
0 35 54.609
0 36 81.771
0 37 45.686
0 38 7.296
0 40 27.732
0 41 94.521
0 42 73.581
0 43 34.567
0 44 10.404
0 45 59.806
0 46 52.901
0 47 83.338
0 49 52.944
1 2 21.758
1 3 28.363
1 4 69.714
1 5 53.718
1 6 72.763
1 7 56.505
1 8 34.952
1 10 15.482
1 11 60.244
1 12 74.565
1 13 27.954
1 14 33.052
1 15 55.521
1 16 72.576
1 17 86.547
1 18 27.432
1 19 94.908
1 20 41.493
1 21 84.251
1 22 3.393
1 23 7.219
1 25 31.894
1 26 15.197
1 27 29.738
1 29 14.411
1 30 1.57
1 31 52.185
1 32 14.04
1 33 68.46
1 34 85.397
1 35 21.725
1 36 39.961
1 37 29.986
1 38 70.012
1 39 6.96
1 40 4.142
1 41 31.876
1 42 93.77
1 43 29.604
1 44 13.17
1 45 20.584
1 47 58.492
1 48 16.317
1 49 56.06
2 3 82.928
2 4 10.929
2 5 72.989
2 6 60.155
2 7 22.471
2 8 54.035
2 9 29.014
2 10 10.569
2 11 4.833
2 12 53.979
2 13 76.131
2 14 21.299
2 15 63.312
2 16 97.761
2 18 55.322
2 19 11.666
2 20 58.813
2 21 60.893
2 23 32.187
2 25 12.797
2 27 70.908
2 28 75.972
2 29 0.889
2 30 18.257
2 31 10.585
2 32 31.317
2 33 22.84
2 34 6.404
2 35 72.639
2 36 10.153
2 37 48.96
2 38 63.363
2 39 88.714
2 40 78.248
2 41 78.869
2 42 34.703
2 44 42.29
2 45 10.117
2 46 48.47
2 47 54.987
2 48 81.255
2 49 14.39
3 5 64.343
3 6 17.898
3 7 74.507
3 8 87.615
3 9 95.214
3 10 27.228
3 11 64.926
3 12 23.999
3 13 2.255
3 14 29.504
3 15 12.258
3 16 45.01
3 17 63.181
3 18 57.652
3 19 6.893
3 22 4.942
3 24 48.344
3 25 66.07
3 26 70.987
3 27 91.957
3 28 59.166
3 30 49.236
3 31 88.232
3 32 74.794
3 33 48.373
3 34 13.3
3 35 15.76
3 37 58.012
3 38 7.821
3 39 39.044
3 40 98.445
3 41 96.481
3 42 49.26
3 43 71.781
3 44 19.575
3 45 40.033
3 46 21.235
3 47 44.098
3 48 37.166
3 49 56.615
4 5 45.327
4 6 72.603
4 7 8.949
4 8 76.89
4 9 10.418
4 10 15.566
4 11 4.644
4 12 70.435
4 13 33.141
4 16 52.52
4 17 95.955
4 18 33.925
4 19 66.717
4 20 97.853
4 22 35.741
4 23 57.133
4 25 61.275
4 26 69.775
4 28 8.084
4 30 25.25
4 31 43.139
4 32 79.775
4 33 76.03
4 35 4.273
4 36 73.84
4 37 46.546
4 38 42.443
4 39 34.774
4 40 67.116
4 41 75.4
4 42 76.686
4 43 37.644
4 44 10.415
4 45 73.906
4 46 86.148
4 47 71.086
4 48 54.551
4 49 69.794
5 6 76.425
5 7 55.03
5 8 5.328
5 9 73.708
5 10 57.684
5 11 6.436
5 12 32.792
5 13 32.938
5 14 63.147
5 15 66.032
5 16 71.817
5 17 11.282
5 18 89.746
5 19 1.782
5 20 68.877
5 21 1.87
5 22 24.821
5 23 62.232
5 24 9.139
5 25 27.472
5 26 7.787
5 27 10.224
5 29 89.494
5 30 36.049
5 31 45.311
5 32 61.405
5 33 83.27
5 34 89.257
5 35 74.801
5 36 94.722
5 37 76.195
5 38 40.591
5 39 8.381
5 40 80.695
5 41 86.436
5 42 4.589
5 43 18.655
5 44 36.196
5 45 99.771
5 46 55.016
5 47 48.57
5 48 77.093
5 49 20.469
6 8 96.084
6 9 98.629
6 10 45.578
6 11 76.088
6 12 79.777
6 13 17.34
6 14 2.259
6 15 13.729
6 16 54.675
6 17 71.041
6 18 1.357
6 19 81.395
6 20 45.883
6 21 3.024
6 22 43.753
6 23 39.41
6 24 80.8
6 25 71.434
6 26 68.555
6 27 30.163
6 28 0.409
6 29 36.389
6 31 93.395
6 32 95.156
6 33 19.077
6 34 4.454
6 35 65.286
6 36 53.166
6 37 72.411
6 39 32.645
6 40 45.724
6 42 92.805
6 43 64.32
6 44 76.524
6 46 51.835
6 48 76.334
6 49 26.34
7 8 51.942
7 9 48.505
7 10 82.138
7 12 79.307
7 14 96.483
7 15 25.121
7 16 67.667
7 17 68.777
7 18 70.625
7 19 42.505
7 20 64.736
7 21 25.828
7 22 5.013
7 23 10.428
7 24 51.135
7 25 11.45
7 26 11.501
7 27 94.824
7 29 27.863
7 30 68.294
7 31 27.225
7 32 55.208
7 33 37.273
7 34 22.04
7 35 97.062
7 36 22.309
7 37 73.173
7 38 88.526
7 39 89.092
7 40 50.651
7 41 24.723
7 42 18.444
7 43 96.457
7 44 12.63
7 45 61.908
7 46 86.806
7 48 98.4
7 49 63.963
8 9 9.634
8 10 11.784
8 11 76.78
8 12 62.371
8 13 0.05
8 14 3.935
8 15 56.911
8 16 40.408
8 17 25.092
8 18 85.55
8 19 72.815
8 20 13.865
8 21 85.257
8 22 42.871
8 23 26.11
8 24 67.035
8 26 3.207
8 27 18.781
8 28 39.001
8 29 15.387
8 31 13.238
8 32 28.889
8 33 34.863
8 34 90.106
8 35 92.243
8 36 41.707
8 37 49.775
8 38 94.891
8 39 43.016
8 40 69.188
8 41 26.225
8 42 39.234
8 43 21.879
8 44 42.344
8 45 30.17
8 46 42.241
8 47 60.882
8 48 51.66
8 49 13.755
9 10 53.409
9 11 36.775
9 12 59.959
9 13 76.52
9 14 55.075
9 15 68.176
9 16 91.095
9 17 37.072
9 18 69.09
9 19 28.137
9 21 30.824
9 22 64.51
9 23 93.449
9 24 7.703
9 26 65.464
9 27 21.108
9 29 47.956
9 31 34.713
9 32 86.235
9 33 79.264
9 34 94.761
9 35 69.404
9 36 92.945
9 37 12.823
9 38 74.025
9 39 58.75
9 40 96.833
9 41 44.173
9 42 62.027
9 43 93.287
9 44 23.623
9 45 28.471
9 46 53.58
9 47 27.084
9 48 93.667
10 11 40.938
10 12 37.474
10 13 83.471
10 14 82.963
10 15 17.377
10 16 90.065
10 17 59.411
10 18 81.78
10 21 39.146
10 22 14.776
10 23 42.489
10 24 14.707
10 25 46.524
10 27 60.82
10 28 81.014
10 29 33.761
10 30 96.012
10 31 21.381
10 32 4.638
10 33 80.871
10 34 46.013
10 35 59.364
10 36 92.933
10 37 2.831
10 39 10.552
10 40 17.675
10 41 73.553
10 42 62.359
10 43 29.718
10 44 23.42
10 45 90.668
10 47 82.328
10 48 89.12
10 49 68.804
11 12 25.642
11 14 91.934
11 15 52.326
11 16 83.291
11 17 9.209
11 18 35.208
11 19 53.939
11 20 4.367
11 21 43.054
11 22 27.67
11 23 84.285
11 25 24.942
11 26 46.0
11 27 71.39
11 28 66.721
11 29 42.337
11 30 82.366
11 31 81.898
11 32 35.332
11 33 53.718
11 34 84.47
11 35 58.975
11 36 65.848
11 37 63.736
11 38 49.008
11 39 71.266
11 40 16.019
11 41 47.236
11 42 65.223
11 43 78.91
11 44 38.074
11 45 16.369
11 46 58.203
11 47 24.814
11 48 51.919
11 49 95.338
12 13 71.938
12 14 89.908
12 15 69.277
12 16 74.52
12 17 55.504
12 18 74.354
12 19 8.119
12 20 20.09
12 21 18.169
12 22 54.511
12 23 17.256
12 24 98.338
12 25 68.889
12 26 26.379
12 27 54.705
12 28 35.654
12 29 90.179
12 30 39.019
12 31 76.424
12 32 88.686
12 33 56.729
12 34 8.119
12 35 23.849
12 36 95.423
12 37 98.328
12 38 40.475
12 39 84.517
12 40 2.129
12 41 66.343
12 42 76.209
12 43 75.76
12 45 72.442
12 47 43.652
12 48 53.94
12 49 13.219
13 14 7.365
13 16 94.505
13 17 4.159
13 18 53.28
13 19 75.386
13 20 70.951
13 21 54.26
13 22 81.244
13 23 47.8
13 24 98.642
13 25 41.384
13 26 55.145
13 27 52.669
13 28 70.759
13 29 84.432
13 30 65.148
13 31 47.369
13 32 86.787
13 33 1.61
13 34 54.693
13 35 42.769
13 36 24.586
13 37 52.715
13 39 94.477
13 40 43.946
13 41 80.219
13 42 23.436
13 43 76.219
13 44 75.691
13 45 17.19
13 46 33.697
13 47 86.411
13 48 77.499
13 49 67.094
14 15 26.563
14 16 8.492
14 18 9.854
14 19 88.989
14 20 87.939
14 21 52.592
14 22 5.111
14 23 47.566
14 24 36.231
14 25 98.826
14 26 94.443
14 27 65.555
14 28 24.798
14 29 55.279
14 30 85.343
14 31 41.744
14 32 45.801
14 33 51.667
14 34 44.131
14 35 59.269
14 36 0.55
14 37 85.17
14 38 91.859
14 39 0.135
14 40 73.735
14 41 88.662
14 42 19.869
14 43 29.6
14 44 54.963
14 45 23.666
14 46 77.188
14 47 6.317
14 48 10.38
14 49 22.599
15 16 14.84
15 17 38.311
15 18 38.463
15 19 34.374
15 20 7.591
15 21 41.676
15 22 69.022
15 23 93.512
15 24 63.359
15 25 14.538
15 26 74.526
15 29 79.165
15 30 17.891
15 32 22.142
15 33 1.966
15 34 48.764
15 35 32.521
15 36 74.574
15 37 31.146
15 38 83.726
15 39 37.978
15 40 86.549
15 42 57.699
15 43 71.478
15 44 8.551
15 45 15.565
15 46 80.266
15 47 69.794
15 48 10.711
15 49 78.338
16 17 97.563
16 18 28.97
16 19 31.741
16 20 68.917
16 21 62.072
16 22 35.524
16 23 9.374
16 24 5.178
16 25 44.594
16 26 72.36
16 27 15.782
16 28 97.334
16 29 21.84
16 30 29.467
16 31 16.8
16 32 59.492
16 33 0.878
16 34 14.86
16 36 58.744
16 37 70.116
16 38 26.321
16 39 58.844
16 40 65.569
16 41 20.197
16 42 46.646
16 43 34.926
16 44 0.101
16 46 58.4
16 47 0.949
16 48 87.198
16 49 48.441
17 18 77.169
17 19 74.901
17 20 70.914
17 21 51.617
17 22 46.168
17 23 12.328
17 24 16.39
17 25 33.359
17 26 5.742
17 27 90.841
17 28 34.216
17 30 18.743
17 31 66.351
17 32 9.471
17 33 42.786
17 34 26.21
17 35 77.667
17 36 76.232
17 37 42.552
17 38 1.826
17 39 7.756
17 40 82.334
17 41 71.376
17 42 12.297
17 43 58.991
17 45 89.774
17 46 3.488
17 47 62.481
17 48 62.617
17 49 38.75
18 19 65.016
18 20 58.14
18 21 51.56
18 22 61.576
18 23 10.304
18 25 26.801
18 26 3.966
18 27 54.595
18 28 89.852
18 29 86.754
18 30 30.186
18 31 79.105
18 32 41.786
18 33 85.07
18 34 42.271
18 35 60.292
18 36 80.005
18 37 91.686
18 38 32.156
18 39 3.566
18 40 59.446
18 41 41.385
18 42 55.767
18 43 82.759
18 44 96.138
18 45 2.318
18 46 66.619
18 47 24.208
18 48 3.225
18 49 40.461
19 20 84.19
19 21 73.498
19 23 14.344
19 24 34.992
19 25 72.821
19 26 39.533
19 27 96.831
19 28 39.459
19 29 6.74
19 30 2.608
19 31 29.248
19 32 19.47
19 33 72.502
19 34 74.489
19 36 12.67
19 37 98.915
19 38 62.56
19 39 27.038
19 40 22.908
19 41 13.256
19 42 9.508
19 43 14.001
19 44 79.426
19 46 43.176
19 47 76.34
19 48 58.526
19 49 59.851
20 23 18.682
20 24 75.317
20 25 49.919
20 26 75.018
20 27 86.945
20 28 89.925
20 29 13.659
20 31 30.164
20 32 16.214
20 33 29.06
20 34 69.834
20 36 10.712
20 37 71.094
20 38 33.226
20 39 76.449
20 40 91.362
20 41 82.845
20 42 64.299
20 43 44.227
20 44 7.179
20 46 25.351
20 47 36.203
20 48 13.978
20 49 59.023
21 23 61.414
21 24 20.597
21 25 77.334
21 26 28.711
21 27 85.397
21 28 69.139
21 29 85.356
21 30 46.521
21 31 80.719
21 33 37.903
21 35 39.757
21 36 40.939
21 37 12.016
21 38 77.217
21 39 2.707
21 40 65.213
21 41 42.542
21 42 33.168
21 43 91.436
21 44 24.826
21 45 44.836
21 46 38.882
21 47 64.24
21 48 62.187
21 49 91.005
22 23 56.321
22 24 10.021
22 25 96.771
22 26 78.326
22 27 60.344
22 28 17.042
22 29 4.889
22 30 15.548
22 31 20.001
22 32 64.991
22 34 44.241
22 35 18.448
22 36 40.165
22 37 90.458
22 38 28.507
22 39 73.18
22 40 4.457
22 42 6.412
22 43 75.008
22 44 77.414
22 45 96.495
22 47 87.066
22 48 33.928
22 49 90.701
23 24 77.032
23 25 88.491
23 26 4.023
23 27 41.845
23 28 42.139
23 29 67.026
23 30 0.891
23 31 36.87
23 33 49.624
23 34 74.787
23 35 61.55
23 36 15.569
23 37 57.533
23 38 44.282
23 39 3.858
23 40 88.422
23 41 17.847
23 42 65.968
23 43 27.14
23 45 80.788
23 46 84.151
23 47 43.735
23 48 24.656
23 49 62.761
24 25 78.182
24 26 72.584
24 27 74.292
24 28 47.473
24 29 41.284
24 30 22.868
24 31 97.222
24 32 54.464
24 33 33.033
24 34 39.624
24 35 46.484
24 38 81.118
24 39 97.949
24 40 41.177
24 41 77.461
24 42 14.856
24 43 28.552
24 44 34.645
24 45 48.886
24 47 36.477
24 48 64.454
24 49 61.046
25 26 21.345
25 27 98.922
25 29 69.539
25 30 0.9
25 31 63.066
25 32 41.452
25 33 55.002
25 36 60.455
25 38 16.742
25 39 4.75
25 40 76.824
25 41 54.092
25 42 1.167
25 43 63.984
25 44 68.189
25 45 86.619
25 46 59.3
25 47 64.767
25 48 64.577
25 49 13.309
26 27 25.118
26 28 38.429
26 29 40.03
26 30 41.632
26 31 33.951
26 33 4.118
26 34 28.338
26 35 78.481
26 36 31.199
26 37 29.308
26 38 90.112
26 39 42.856
26 40 47.101
26 41 19.463
26 42 33.38
26 43 13.733
26 44 28.413
26 45 61.622
26 47 53.04
26 48 76.614
26 49 72.541
27 28 90.491
27 29 76.76
27 30 74.538
27 31 44.014
27 33 10.966
27 34 80.985
27 35 45.847
27 36 97.716
27 37 36.823
27 39 72.676
27 40 24.119
27 42 34.839
27 43 46.42
27 44 10.118
27 45 5.724
27 46 18.853
27 47 26.612
27 48 27.442
27 49 1.974
28 29 40.173
28 30 21.082
28 31 63.985
28 32 18.402
28 34 16.598
28 35 57.118
28 36 21.326
28 37 82.883
28 38 71.059
28 39 30.051
28 40 23.829
28 41 85.366
28 42 72.042
28 43 18.319
28 44 9.159
28 45 77.554
28 46 55.419
28 47 58.453
28 48 53.471
28 49 11.565
29 30 80.174
29 31 65.975
29 32 23.547
29 33 76.347
29 34 21.556
29 35 19.277
29 36 87.178
29 37 5.007
29 38 93.942
29 39 46.394
29 40 15.61
29 41 5.245
29 42 95.99
29 43 61.513
29 44 13.129
29 45 22.025
29 46 54.407
29 47 31.327
29 48 12.149
29 49 11.553
30 31 33.995
30 32 72.661
30 33 86.5
30 34 13.114
30 36 90.81
30 37 50.404
30 38 45.066
30 39 1.702
30 41 92.393
30 42 84.057
30 43 69.773
30 44 91.432
30 45 74.634
30 46 34.777
30 47 10.809
30 48 78.265
30 49 48.472
31 32 50.866
31 35 12.43
31 36 41.007
31 37 82.225
31 38 28.349
31 39 60.04
31 40 82.355
31 41 99.691
31 42 76.802
31 43 3.56
31 44 30.976
31 45 20.205
31 46 18.093
31 47 51.097
31 48 55.049
31 49 18.702
32 33 69.409
32 34 33.955
32 35 28.688
32 36 92.403
32 37 67.033
32 38 8.51
32 39 31.621
32 40 64.867
32 41 54.804
32 42 30.426
32 43 39.042
32 44 65.584
32 45 74.995
32 46 60.234
32 47 54.137
33 34 33.488
33 35 29.336
33 37 97.848
33 38 74.485
33 39 28.212
33 40 28.858
33 41 50.604
33 42 92.035
33 43 77.817
33 44 57.818
33 45 45.551
33 46 49.586
33 47 56.048
33 48 62.438
33 49 41.97
34 35 33.756
34 36 79.71
34 38 75.083
34 39 0.783
34 41 74.508
34 42 8.243
34 43 94.505
34 45 49.198
34 46 67.776
34 48 35.406
34 49 80.141
35 36 66.901
35 37 68.331
35 38 12.09
35 39 57.709
35 41 47.85
35 44 65.367
35 45 55.3
35 46 13.424
35 47 80.054
35 48 34.424
35 49 29.732
36 37 84.824
36 38 38.592
36 39 37.475
36 40 8.888
36 41 28.481
36 42 29.733
36 43 50.617
36 44 13.283
36 45 14.444
36 46 1.379
36 47 22.993
36 48 60.943
36 49 48.365
37 38 46.233
37 39 37.606
37 40 68.792
37 41 89.7
37 42 2.109
37 44 21.433
37 45 27.592
37 46 74.892
37 47 13.094
37 48 25.769
37 49 71.95
38 39 57.432
38 40 41.9
38 41 53.721
38 42 29.831
38 43 88.688
38 44 45.711
38 45 64.106
38 46 36.561
38 47 29.881
38 48 53.944
38 49 42.466
39 40 76.577
39 41 52.659
39 42 62.569
39 44 19.865
39 46 75.186
39 47 52.481
39 48 25.924
39 49 12.038
40 42 85.561
40 43 6.435
40 44 66.855
40 45 14.815
40 46 11.153
40 47 92.636
40 49 63.081
41 42 17.333
41 43 78.721
41 45 33.702
41 46 97.829
41 48 45.14
41 49 42.585
42 43 27.385
42 44 41.713
42 45 97.581
42 46 3.329
42 47 99.976
42 48 58.586
42 49 89.385
43 44 76.445
43 46 37.314
43 48 28.733
43 49 42.799
44 45 74.12
44 46 6.177
44 47 68.25
44 48 2.722
44 49 34.961
45 46 43.135
45 49 43.971
46 47 19.932
46 48 0.607
46 49 58.76
47 48 57.034
47 49 94.911
48 49 0.689