50
1 0 75.692
1 2 45.227
1 5 7.436
1 17 2.691
1 19 63.71
1 49 11.286
1 11 41.511
0 4 40.21
0 7 14.666
0 13 25.798
0 21 29.936
0 37 37.402
0 18 62.595
0 47 3.986
2 3 47.843
2 6 23.176
2 29 52.202
2 33 36.812
2 40 73.667
2 44 92.259
2 47 30.263
2 21 95.29
2 36 12.104
2 20 7.117
2 22 96.231
3 9 7.74
3 12 65.045
3 15 9.222
3 29 68.996
3 46 28.527
3 38 55.138
3 36 30.808
3 14 5.06
4 14 4.508
4 42 58.59
4 11 78.425
4 35 9.288
4 7 61.34
4 34 47.042
5 34 54.45
5 43 28.651
5 46 70.654
5 9 6.004
5 30 35.224
5 32 46.681
5 49 93.545
6 8 87.959
6 16 5.309
6 23 58.785
6 33 69.639
6 15 34.805
7 24 80.819
7 30 67.262
7 36 7.839
7 18 44.345
8 10 99.285
8 28 23.69
8 43 92.402
8 49 1.57
9 11 35.503
9 35 99.957
9 29 53.747
9 12 36.691
9 28 51.086
10 18 35.351
10 27 43.223
10 38 54.667
10 30 72.853
11 22 95.748
11 48 10.443
12 25 46.638
12 28 66.524
12 38 94.168
12 13 26.375
12 45 48.522
13 39 72.243
13 34 18.876
13 43 18.353
13 19 20.221
14 20 99.572
14 17 53.557
14 48 37.895
15 36 44.343
15 27 44.12
15 22 41.578
15 48 3.955
16 45 8.804
16 36 11.744
17 28 50.715
18 30 5.828
18 38 37.566
18 19 20.617
18 20 96.168
19 32 5.12
19 45 98.78
19 27 78.837
20 26 64.084
20 23 69.702
20 43 37.069
21 23 64.202
21 30 17.371
22 48 61.938
22 44 84.817
22 23 56.533
23 30 1.898
23 36 26.701
23 37 46.305
24 28 79.441
24 45 60.096
24 37 17.86
24 38 82.565
25 31 69.054
25 39 61.472
25 45 69.767
25 30 58.877
26 38 81.21
26 31 28.006
27 42 8.152
27 49 74.251
27 40 21.598
27 30 66.794
28 35 32.163
29 31 4.497
30 43 23.42
31 42 61.979
31 49 61.992
31 47 88.325
31 36 82.207
32 41 16.765
32 49 70.814
33 44 78.68
33 42 53.428
34 42 27.717
35 40 60.636
35 46 11.644
36 43 71.853
37 39 10.285
37 46 16.504
38 41 64.762
39 41 73.542
43 45 80.08
45 48 94.389
47 49 4.684