50
0 32 95
0 6 89
0 22 6
0 45 17
32 18 95
32 20 45
32 37 73
32 25 9
32 39 32
6 38 99
6 8 36
1 44 37
1 42 18
1 5 18
1 24 34
1 29 65
44 10 64
44 11 75
44 47 88
44 48 12
42 34 14
42 46 35
2 29 37
2 38 65
2 23 3
2 43 60
29 48 36
38 3 61
38 14 35
38 16 49
38 34 43
38 20 26
3 49 29
3 31 23
4 9 84
4 33 87
4 17 40
9 46 87
9 28 48
33 33 13
33 40 55
5 22 81
22 11 41
22 13 64
22 26 70
8 39 67
8 25 70
7 16 65
7 15 41
7 25 46
16 40 97
16 46 44
15 13 26
15 10 74
15 28 27
39 36 41
39 20 30
46 12 17
46 35 30
46 45 44
10 24 32
24 31 90
24 26 71
24 47 29
12 41 10
12 35 83
12 40 95
41 13 33
41 27 67
41 34 58
41 25 41
13 19 29
13 30 72
13 43 69
14 30 84
14 20 24
30 36 53
40 18 40
40 20 33
17 18 72
17 26 74
17 37 54
19 26 77
21 31 68
31 43 49
23 48 2
27 45 97
27 37 68
36 47 71
36 49 1
21 5 6