50
0 4 42.525
0 30 61.46
0 39 87.06
0 6 50.954
0 31 14.906
0 2 76.844
0 35 48.836
0 14 87.216
0 12 71.218
0 45 12.126
0 25 12.569
0 20 80.572
0 44 29.775
0 33 12.825
0 26 89.553
0 13 91.278
0 9 94.083
0 3 64.008
0 46 59.867
0 28 50.792
0 24 11.779
0 49 63.344
0 27 14.477
0 34 9.734
0 5 64.544
0 36 54.675
0 29 62.237
0 40 21.762
0 19 4.087
0 18 41.568
0 7 3.517
1 23 70.909
1 12 10.075
1 11 10.163
1 24 52.625
1 8 83.127
1 19 90.929
1 34 7.118
1 48 24.871
1 44 31.598
1 49 54.423
1 21 58.216
1 27 42.574
1 14 28.869
1 10 75.826
1 13 68.896
1 26 19.084
1 47 62.821
1 33 19.901
1 3 48.706
1 28 22.024
1 43 62.959
1 5 46.033
1 17 96.064
1 40 47.363
1 38 78.939
1 18 47.068
1 35 94.486
1 31 61.39
2 19 79.78
2 6 70.544
2 2 5.086
2 28 63.26
2 37 7.365
2 48 86.656
2 5 53.391
2 30 60.98
2 18 75.968
2 43 98.909
2 8 76.743
2 31 75.131
2 26 23.424
2 10 48.29
2 11 50.516
2 4 34.009
2 12 47.358
2 42 67.544
2 35 20.099
2 34 11.361
2 33 35.937
2 21 34.502
2 38 32.263
2 45 5.044
2 20 87.747
2 24 41.096
2 22 33.382
2 49 19.154
2 36 87.137
2 46 25.429
3 46 11.802
3 42 34.802
3 7 18.731
3 37 28.326
3 34 98.688
3 25 30.526
3 21 66.314
3 48 29.96
3 38 51.771
3 9 7.883
3 32 9.165
3 36 94.367
3 10 78.891
3 44 76.907
3 27 56.777
3 39 4.544
3 13 42.649
3 19 31.324
3 28 68.678
3 45 1.544
3 4 31.814
3 17 63.862
3 47 52.128
3 18 60.21
3 31 49.456
3 26 6.978
3 11 38.43
3 35 89.378
3 49 56.052
3 16 34.491
3 20 20.693
3 14 55.869
3 41 1.027
4 8 37.187
4 12 77.764
4 22 58.728
4 24 11.263
4 46 31.01
4 23 56.061
4 6 66.029
4 28 66.133
4 36 44.159
4 47 53.508
4 10 76.36
4 32 63.835
4 42 2.515
4 31 99.107
4 44 1.073
4 5 26.822
4 11 39.595
4 18 59.807
4 45 21.507
4 25 30.21
4 15 40.636
4 26 34.111
4 48 68.617
4 14 70.611
4 9 15.116
4 21 63.991
4 27 42.981
4 41 25.392
4 49 63.148
4 19 15.422
4 29 41.632
4 40 90.657
4 30 77.733
4 16 18.533
4 17 2.173
4 33 31.487
5 38 33.376
5 16 63.05
5 14 1.904
5 11 95.315
5 25 57.851
5 35 86.225
5 21 13.693
5 26 12.133
5 9 93.902
5 33 76.958
5 37 32.493
5 12 41.929
5 7 82.796
5 10 5.45
5 6 31.454
5 42 58.806
5 30 13.492
5 28 56.745
5 34 0.537
5 40 62.538
5 45 32.938
5 31 69.899
5 47 0.621
5 22 71.745
5 20 25.223
5 46 29.851
5 13 73.974
5 39 49.76
6 11 69.73
6 43 12.618
6 33 88.547
6 32 6.242
6 42 61.343
6 25 71.741
6 29 11.589
6 16 70.362
6 36 2.106
6 45 56.612
6 8 47.6
6 7 83.011
6 17 10.183
6 31 57.561
6 19 54.804
6 26 70.427
6 12 90.658
6 34 92.7
6 27 61.69
6 40 85.369
6 20 96.333
6 44 76.812
7 13 60.686
7 19 87.208
7 37 8.321
7 41 71.458
7 20 97.384
7 8 66.26
7 17 26.203
7 49 95.87
7 9 55.032
7 18 26.03
7 12 17.714
7 47 63.252
7 38 63.099
7 22 49.095
7 26 90.685
7 21 20.805
7 30 90.715
7 46 28.017
7 31 18.663
7 7 91.293
7 33 23.065
7 14 89.637
7 43 77.058
7 28 47.11
7 29 14.437
7 36 97.551
7 25 33.676
7 34 99.64
7 10 62.883
7 45 82.285
7 23 8.24
7 32 99.546
8 45 69.189
8 26 43.985
8 41 76.702
8 33 11.101
8 23 40.538
8 37 44.701
8 9 67.958
8 25 34.379
8 34 32.704
8 14 79.117
8 38 24.185
8 32 67.128
8 10 99.525
8 49 35.066
8 16 32.96
8 13 22.473
8 20 46.366
8 19 46.706
8 31 68.076
8 15 64.844
8 43 98.004
8 35 35.795
8 47 38.377
8 46 47.915
8 22 27.354
8 40 40.023
8 48 61.638
8 8 60.18
8 28 28.092
9 34 1.091
9 17 70.175
9 40 33.166
9 20 36.875
9 45 61.344
9 37 37.991
9 16 57.427
9 42 38.513
9 48 52.678
9 15 70.002
9 28 85.102
9 31 2.226
9 10 64.518
9 25 85.438
9 18 80.051
9 41 58.638
9 11 84.673
9 19 22.108
9 33 57.522
9 26 53.072
9 12 30.839
9 43 81.132
9 47 56.634
10 22 8.956
10 23 55.967
10 30 86.915
10 16 45.955
10 40 4.969
10 18 42.378
10 35 97.435
10 47 3.529
10 21 90.068
10 20 67.482
10 38 97.836
10 31 68.251
10 43 51.3
10 41 2.695
10 26 8.193
10 45 91.888
10 37 29.903
10 46 35.916
10 48 39.996
10 29 49.421
10 15 39.011
10 13 19.118
10 11 50.776
10 17 1.696
10 19 1.876
10 10 59.591
11 33 9.269
11 21 79.004
11 36 78.406
11 26 21.902
11 27 83.633
11 30 36.181
11 16 71.281
11 48 74.499
11 44 16.432
11 45 66.852
11 49 29.654
11 43 96.577
11 29 6.239
11 22 99.346
11 14 20.978
11 12 93.876
11 46 81.827
11 25 60.733
11 13 94.36
11 42 18.367
11 28 10.405
11 39 53.004
11 23 55.147
11 41 54.932
11 32 90.058
11 15 43.008
11 17 4.02
12 26 88.017
12 46 4.672
12 45 31.308
12 21 76.052
12 44 71.141
12 18 11.1
12 30 67.942
12 37 74.144
12 22 77.422
12 13 99.329
12 24 61.532
12 16 31.767
12 39 97.004
12 43 31.634
12 47 78.57
12 49 36.807
12 20 2.198
12 48 84.227
12 17 76.016
12 14 15.877
12 23 37.454
12 25 33.854
12 19 18.67
12 38 58.722
12 28 9.948
13 27 40.778
13 19 59.698
13 35 97.618
13 31 86.798
13 24 86.237
13 22 38.684
13 29 46.889
13 41 93.042
13 23 34.492
13 47 72.482
13 21 31.462
13 28 42.628
13 14 7.149
13 40 66.441
13 42 5.357
13 17 76.3
13 43 11.253
13 44 38.758
13 33 54.174
13 30 54.823
13 32 40.537
13 13 71.045
13 16 74.556
13 20 79.33
13 38 45.936
14 32 80.908
14 17 71.761
14 38 10.503
14 23 41.664
14 22 49.038
14 37 8.442
14 15 84.682
14 35 81.012
14 45 58.353
14 27 55.546
14 18 9.845
14 44 49.65
14 29 28.696
14 48 17.466
14 19 92.241
14 31 19.553
14 43 25.047
14 34 78.249
14 49 52.934
14 21 54.811
15 34 44.486
15 18 88.093
15 48 34.98
15 46 87.977
15 43 55.753
15 15 30.328
15 41 80.231
15 32 87.063
15 30 40.145
15 45 91.054
15 39 97.151
15 25 51.211
15 27 43.683
15 35 63.653
15 49 83.112
15 16 88.584
15 42 49.393
15 37 23.343
15 44 12.619
15 19 40.427
16 16 84.239
16 43 40.103
16 36 38.809
16 44 32.183
16 28 8.783
16 38 38.489
16 48 91.948
16 35 74.22
16 45 29.113
16 42 0.54
16 40 7.038
16 19 2.612
16 18 27.577
16 39 98.836
16 23 9.311
16 22 71.747
16 32 21.352
16 25 26.595
16 17 9.848
16 21 84.596
16 41 95.599
16 24 55.291
17 40 31.665
17 34 19.03
17 26 56.669
17 41 6.008
17 20 62.026
17 49 30.013
17 31 9.012
17 22 98.236
17 23 23.553
17 46 17.375
17 45 65.093
17 43 59.631
17 32 7.953
17 27 83.1
17 25 11.316
17 48 64.774
17 35 92.604
17 21 40.431
17 28 52.903
18 21 75.225
18 46 50.682
18 44 38.229
18 41 34.002
18 18 79.025
18 36 71.521
18 35 23.335
18 28 24.564
18 40 62.169
18 24 25.076
18 48 42.732
18 22 18.668
18 26 31.121
18 32 97.708
18 42 54.729
18 47 22.304
18 27 48.035
18 45 6.725
18 43 48.93
18 39 17.714
19 28 74.684
19 27 35.024
19 30 8.109
19 20 19.065
19 42 64.565
19 48 3.642
19 31 2.84
19 49 97.603
19 40 69.757
19 45 85.37
19 33 28.084
19 41 84.277
19 37 75.07
19 46 15.921
19 38 87.662
19 29 9.23
19 43 72.448
19 34 82.469
19 22 45.014
19 21 81.281
19 25 61.348
19 35 21.572
19 26 90.554
19 24 88.297
20 31 68.876
20 39 20.018
20 22 75.586
20 20 0.53
20 33 67.641
20 41 38.748
20 45 75.12
20 29 58.269
20 25 27.282
20 23 44.922
20 36 20.741
20 28 16.59
20 49 94.424
20 27 65.674
20 48 35.319
20 43 21.5
20 35 51.004
20 21 58.51
20 34 20.035
20 32 45.724
21 27 68.316
21 29 93.444
21 42 66.646
21 36 78.438
21 43 83.196
21 40 62.724
21 33 47.55
21 48 10.39
21 49 8.968
21 24 39.931
21 30 62.199
21 31 30.551
21 45 75.088
21 34 49.54
21 46 8.067
21 28 72.108
21 39 65.76
21 47 24.717
21 32 24.547
22 41 76.456
22 31 2.252
22 44 57.636
22 25 2.255
22 37 89.273
22 34 2.256
22 33 23.316
22 29 59.428
22 43 65.378
22 38 6.348
22 27 57.182
22 24 28.865
22 40 22.291
22 28 38.193
23 28 80.079
23 34 89.495
23 45 54.978
23 27 39.313
23 41 87.306
23 42 45.761
23 35 23.428
23 38 2.469
23 30 27.147
23 29 38.931
23 37 31.187
23 46 45.141
23 49 75.662
23 47 64.49
23 24 28.955
23 33 44.326
24 38 45.611
24 46 50.965
24 27 8.416
24 40 92.974
24 33 84.047
24 39 70.21
24 32 65.949
24 45 30.099
24 26 6.299
24 35 18.906
24 34 87.303
24 31 44.661
25 34 80.002
25 43 41.328
25 39 77.55
25 26 69.224
25 31 67.844
25 49 11.917
25 40 18.529
25 32 48.255
25 45 47.374
25 28 50.254
25 27 18.83
25 29 82.348
25 41 8.552
25 37 66.533
25 36 85.222
26 31 86.639
26 34 0.524
26 29 94.405
26 27 49.381
26 30 90.588
26 32 4.161
26 44 32.365
26 49 25.026
26 39 44.249
26 48 51.754
26 42 54.256
26 35 56.865
27 49 35.143
27 35 4.908
27 39 84.964
27 43 45.533
27 28 0.432
27 45 93.819
27 29 8.968
27 27 26.099
27 48 19.62
27 34 23.473
27 30 67.416
27 36 49.19
27 38 39.256
27 37 93.819
27 40 20.903
27 31 23.756
28 29 89.181
28 39 14.785
28 37 78.533
28 45 15.555
28 47 11.635
28 46 43.178
28 49 0.646
28 32 16.062
28 44 44.896
28 34 46.458
28 35 84.27
28 36 50.532
29 35 89.568
29 41 77.354
29 43 25.663
29 30 78.986
29 46 62.222
29 36 60.907
29 47 20.949
29 34 90.591
29 29 40.049
29 39 29.478
29 49 33.797
29 42 64.995
29 48 12.908
30 36 0.246
30 41 36.314
30 39 5.168
30 40 82.359
30 35 81.255
30 43 77.57
30 48 58.545
30 38 70.493
30 32 7.892
30 37 78.039
30 33 71.794
30 31 53.964
30 44 51.556
31 34 13.307
31 44 78.838
31 33 54.608
31 49 28.701
31 42 46.658
31 47 22.642
31 31 73.073
31 35 80.523
31 48 79.732
31 36 39.255
31 45 16.143
31 38 46.158
31 41 90.518
32 39 54.98
32 45 65.108
32 36 12.214
32 35 37.521
32 43 66.83
32 33 63.551
32 38 2.806
32 47 65.386
32 42 45.323
32 34 95.474
32 37 85.546
32 49 11.37
32 46 43.692
33 35 61.485
33 44 7.761
33 37 14.656
33 45 36.765
33 38 35.507
33 34 94.563
33 36 3.732
33 33 63.115
33 43 7.136
33 46 25.517
33 48 7.318
33 39 36.293
34 42 2.438
34 41 69.736
34 40 24.311
34 46 17.737
34 36 79.699
34 43 42.175
34 48 84.985
34 47 61.19
34 45 48.105
35 44 8.158
35 48 56.673
35 47 51.157
35 46 32.639
35 41 66.038
35 37 29.525
35 45 64.863
35 42 83.8
35 49 98.351
35 38 43.971
35 40 80.999
35 36 50.283
36 39 66.03
36 49 88.207
36 41 14.241
36 43 25.852
36 40 65.284
36 46 53.11
36 48 35.77
36 45 45.437
37 46 83.065
37 47 53.771
37 45 74.544
37 43 1.158
37 48 64.068
37 44 26.947
37 49 55.303
37 42 2.794
37 39 52.434
38 48 59.436
38 44 10.476
38 42 52.221
38 47 52.041
38 40 6.629
38 43 71.666
38 45 70.68
39 48 30.406
39 43 41.643
39 39 91.817
39 46 71.372
39 49 55.205
39 41 2.056
39 45 6.04
39 44 44.211
39 47 30.322
40 44 79.442
40 48 1.968
40 49 51.3
40 47 77.99
40 42 79.839
40 40 70.531
40 41 53.873
41 45 56.835
41 48 0.493
41 42 53.951
41 46 15.066
41 49 9.022
41 44 96.421
42 46 97.791
42 49 92.91
42 47 6.675
42 45 13.218
42 48 11.323
42 42 65.122
42 43 44.076
43 44 50.686
43 47 8.948
43 48 36.641
43 46 43.961
43 49 35.261
43 43 43.723
44 48 3.13
44 46 95.541
44 47 9.885
45 49 57.22
45 46 83.048
45 47 60.979
46 47 10.97
46 46 71.434
46 48 87.95
46 49 54.152
47 48 47.964
47 49 89.685
48 49 25.644
48 48 86.514