49
0 1 91
0 9 24
0 10 72
0 11 98
0 13 13
0 16 17
0 17 12
0 18 68
0 21 80
0 22 42
0 31 15
0 33 29
0 36 13
0 38 14
0 40 74
1 5 62
1 11 86
1 13 51
1 22 58
1 24 79
1 28 17
1 29 67
1 30 76
1 34 15
1 35 43
1 38 85
1 40 42
1 41 29
1 43 22
1 48 37
2 9 45
2 10 80
2 11 78
2 15 10
2 16 18
2 18 61
2 20 10
2 21 47
2 25 16
2 26 75
2 32 63
2 33 39
2 39 5
2 41 18
2 44 80
2 45 6
2 46 78
2 47 20
3 8 35
3 9 65
3 10 57
3 12 58
3 13 29
3 15 75
3 21 10
3 29 92
3 30 97
3 31 56
3 37 21
3 38 84
3 43 51
3 44 21
3 46 41
3 48 11
4 7 56
4 8 11
4 16 44
4 17 12
4 18 28
4 19 26
4 21 33
4 25 74
4 27 86
4 31 68
4 35 67
4 36 12
4 43 5
4 48 67
5 14 70
5 15 63
5 16 87
5 18 30
5 30 16
5 31 52
5 32 17
5 34 56
5 38 20
5 39 24
5 44 76
5 47 20
6 11 78
6 14 2
6 18 44
6 24 7
6 25 98
6 29 90
6 34 23
6 37 88
6 41 12
6 42 84
6 46 68
7 8 48
7 9 64
7 11 65
7 12 25
7 15 55
7 20 50
7 21 17
7 27 60
7 28 83
7 29 94
7 30 11
7 32 90
7 34 63
7 36 24
7 38 65
7 39 10
7 40 82
7 42 11
7 45 91
7 46 79
7 47 45
8 9 66
8 10 26
8 12 4
8 15 32
8 16 90
8 29 18
8 32 40
8 33 36
8 37 94
8 42 68
8 43 1
8 47 50
9 11 70
9 14 93
9 16 74
9 20 68
9 26 57
9 29 34
9 31 9
9 33 82
9 37 63
9 47 33
10 18 33
10 26 98
10 27 95
10 30 78
10 33 23
10 39 19
10 43 70
10 44 42
10 46 98
10 47 6
10 48 49
11 13 95
11 16 95
11 21 2
11 25 55
11 26 97
11 27 13
11 28 60
11 29 47
11 31 47
11 34 86
11 35 65
11 43 45
11 45 64
11 46 47
12 15 67
12 20 90
12 24 51
12 33 92
12 34 57
12 38 28
12 39 7
12 44 6
12 45 71
12 48 65
13 15 95
13 16 14
13 23 90
13 27 69
13 44 84
13 46 35
13 47 87
13 48 40
14 16 24
14 18 98
14 19 63
14 25 95
14 26 43
14 27 84
14 31 8
14 33 86
14 40 23
14 41 59
14 42 98
14 45 81
15 17 26
15 19 22
15 21 7
15 23 24
15 24 54
15 27 16
15 28 57
15 31 37
15 32 79
15 34 32
15 39 53
15 40 25
15 41 22
15 43 85
15 44 85
15 45 76
16 20 32
16 21 69
16 24 30
16 26 72
16 30 51
16 33 13
16 35 82
16 37 82
16 38 48
16 40 25
16 41 35
16 44 69
16 46 58
16 47 29
17 18 33
17 19 25
17 21 32
17 22 59
17 23 54
17 25 84
17 30 14
17 34 95
17 36 93
17 38 23
17 42 30
17 44 31
17 47 12
18 19 73
18 20 58
18 22 70
18 27 41
18 28 49
18 29 76
18 30 98
18 41 22
18 42 44
18 43 63
18 44 10
18 48 67
19 24 38
19 32 24
19 33 18
19 37 46
19 39 29
19 40 80
19 42 19
19 48 90
20 25 40
20 26 16
20 27 54
20 28 5
20 31 19
20 32 18
20 33 77
20 38 24
20 44 11
20 47 56
21 22 87
21 23 10
21 24 7
21 30 13
21 37 96
21 42 48
21 44 95
21 48 83
22 23 82
22 25 59
22 27 52
22 39 48
22 40 13
22 43 57
22 45 75
23 29 35
23 34 95
23 35 15
23 36 86
23 39 91
23 40 94
23 44 59
23 47 50
24 26 70
24 30 62
24 31 79
24 32 42
24 35 53
24 37 67
24 38 52
24 39 4
24 41 93
25 27 60
25 28 95
25 31 20
25 33 44
25 34 5
25 37 22
25 39 16
26 40 69
26 43 77
26 45 84
27 29 53
27 32 75
27 36 97
27 37 88
27 38 90
27 39 86
27 44 17
27 45 13
28 30 67
28 34 96
28 35 46
28 36 18
28 37 93
28 40 53
28 46 99
28 47 35
28 48 50
29 31 34
29 34 88
29 41 59
29 42 76
29 43 62
29 44 88
29 47 7
29 48 69
30 31 20
30 32 68
30 36 36
30 40 21
30 46 10
30 47 84
31 38 7
31 39 64
31 44 63
31 46 35
32 36 76
32 39 59
32 40 21
32 43 51
32 44 13
33 35 59
33 38 81
33 39 96
33 42 21
33 44 91
33 47 16
33 48 30
34 37 31
34 38 85
34 39 56
34 41 41
34 44 60
35 37 86
35 39 65
35 40 99
35 41 85
35 42 21
35 47 13
36 37 70
37 38 87
37 41 61
37 45 32
38 41 42
38 48 68
39 43 84
39 45 33
39 46 86
40 44 24
40 45 56
40 46 76
40 48 68
41 45 94
41 46 51
41 47 51
42 45 27
45 47 39
45 48 60
46 48 15
47 48 11