50
0 3 88.347
0 5 95.403
0 8 77.234
0 15 70.632
0 19 67.56
0 24 65.803
1 11 8.709
1 13 84.532
1 33 16.148
1 37 33.448
1 40 65.341
2 22 55.449
2 23 36.611
2 24 76.178
2 27 68.085
3 13 88.374
3 16 56.307
3 31 2.785
3 32 48.973
3 33 32.8
3 34 98.486
3 44 54.871
3 45 17.102
4 12 21.872
4 16 72.586
4 17 90.757
4 34 94.328
4 35 72.592
4 43 41.905
5 16 75.875
5 23 61.049
5 33 75.527
6 9 42.521
6 17 45.129
6 34 34.522
6 35 93.381
6 41 65.562
6 47 42.018
7 14 65.024
7 20 19.0
7 28 41.174
7 33 96.199
7 37 18.65
7 49 28.702
8 19 75.96
8 34 98.593
8 42 13.569
8 43 8.261
9 23 39.344
9 27 54.947
9 28 77.443
9 41 92.738
10 11 22.876
10 15 17.816
10 20 82.644
10 26 39.025
10 31 6.093
10 33 13.026
10 38 67.267
11 28 52.532
11 30 96.073
12 15 71.24
12 24 70.542
12 29 14.171
12 30 76.168
12 49 40.785
13 19 30.674
13 30 67.54
13 33 14.284
14 21 55.85
14 23 56.041
14 24 37.313
14 26 19.296
14 32 69.999
15 24 73.978
15 28 23.299
15 38 0.879
15 41 66.912
15 48 37.802
15 49 28.54
16 21 51.059
16 26 35.539
16 31 87.92
16 37 52.447
16 39 89.798
16 42 96.999
17 23 60.328
17 26 75.622
17 27 38.897
17 44 86.932
17 47 38.73
18 32 82.933
18 19 42.013
19 32 32.865
19 33 7.84
19 42 83.801
20 35 12.84
20 37 84.751
20 45 61.007
21 29 40.075
21 43 98.255
21 48 6.145
22 27 55.816
22 38 33.11
22 41 79.212
22 42 62.861
22 46 15.699
23 25 19.546
23 26 45.768
23 36 5.784
23 40 30.701
24 27 71.595
24 37 85.887
24 38 75.374
24 41 46.917
24 45 10.674
25 31 84.832
26 40 35.818
27 33 37.482
28 32 94.635
28 36 28.366
28 46 30.228
29 34 45.172
29 35 93.5
30 33 71.508
30 36 8.717
31 32 21.959
31 36 32.422
31 40 3.593
31 44 78.848
33 36 86.405
33 37 54.166
33 38 80.059
34 44 48.333
34 47 47.384
35 41 53.949
36 45 37.504
37 38 72.265
37 49 52.468
38 45 38.859
39 46 56.226
40 44 64.318
40 47 55.123
44 47 33.858
44 48 0.004
45 47 89.895