50
0 3 84.672
0 39 99.26
0 22 1.94
0 27 10.66
0 10 57.416
0 26 28.695
0 7 10.846
0 40 77.294
0 9 67.372
0 8 49.25
0 44 71.455
0 34 82.803
0 48 90.02
0 24 49.219
0 16 94.592
0 15 18.271
0 12 84.033
0 28 81.993
0 30 53.728
0 32 5.643
0 33 54.127
0 35 90.521
0 11 73.3
0 47 95.724
0 36 63.282
0 42 67.638
0 1 64.386
0 49 65.041
0 17 71.667
0 18 0.751
0 20 75.568
0 23 48.822
0 25 1.114
0 29 28.497
0 37 12.024
0 38 87.93
0 41 34.539
0 45 68.775
0 46 73.087
1 22 96.047
1 17 55.923
1 7 69.52
1 23 72.737
1 30 29.501
1 39 54.262
1 35 70.461
1 47 1.565
1 28 87.981
1 4 5.524
1 42 12.27
1 12 88.121
1 26 88.534
1 34 57.192
1 20 3.312
1 38 36.627
1 40 14.654
1 6 64.542
1 10 35.704
1 13 49.015
1 3 17.297
1 32 99.391
1 5 2.083
1 9 8.277
1 45 70.684
1 41 97.232
1 36 60.927
1 11 58.757
1 27 40.573
1 43 79.109
1 25 69.22
1 16 6.725
1 29 72.879
1 37 80.126
1 14 57.063
1 46 23.652
1 18 33.267
1 48 32.013
1 15 11.722
1 21 7.645
1 31 80.74
1 33 64.401
1 49 93.832
2 4 95.907
2 8 57.321
2 30 31.258
2 25 83.546
2 45 84.101
2 5 52.978
2 46 34.558
2 14 30.076
2 3 63.842
2 6 29.856
2 9 5.729
2 13 42.15
2 15 9.163
2 16 85.382
2 17 28.096
2 18 99.591
2 19 58.86
2 20 21.541
2 21 83.371
2 22 10.41
2 23 41.967
2 24 12.546
2 32 71.544
2 34 14.914
2 35 91.214
2 37 61.158
2 41 92.629
2 42 32.096
2 44 1.514
2 49 64.58
3 20 91.722
3 6 76.695
3 14 29.526
3 29 17.819
3 25 40.983
3 42 74.692
3 19 31.698
3 4 29.712
3 40 21.119
3 18 78.965
3 16 2.567
3 45 91.359
3 33 32.5
3 47 19.602
3 26 27.647
3 22 26.078
3 37 41.39
3 12 75.555
3 28 71.191
3 31 50.071
3 8 23.912
3 30 43.831
3 15 32.986
3 43 48.896
3 49 39.59
3 11 43.336
3 36 9.948
3 10 80.585
3 39 4.374
3 41 27.985
3 7 78.797
3 9 95.902
3 17 86.466
3 21 51.738
3 23 62.302
3 24 9.805
3 27 92.679
3 34 73.564
3 35 95.677
3 46 15.504
4 19 27.085
4 43 66.055
4 40 19.248
4 17 42.938
4 13 62.756
4 6 92.43
4 12 61.817
4 34 26.659
4 18 6.485
4 26 2.878
4 23 37.627
4 14 20.249
4 15 64.475
4 49 84.034
4 31 66.187
4 9 43.202
4 27 53.795
4 38 44.9
4 21 73.159
4 37 55.144
4 44 26.113
4 33 97.167
4 16 64.555
4 10 91.249
4 28 71.726
4 25 0.449
4 8 87.61
4 20 40.889
4 30 52.815
4 41 67.599
4 42 61.514
4 45 8.938
4 46 35.355
5 39 92.702
5 42 56.409
5 29 76.089
5 49 8.501
5 30 80.199
5 6 87.462
5 14 6.597
5 47 46.922
5 38 64.061
5 37 22.928
5 18 88.806
5 7 89.791
5 9 93.132
5 13 25.903
5 15 86.366
5 16 31.194
5 17 18.402
5 19 12.543
5 21 22.098
5 22 62.292
5 23 1.748
5 24 47.889
5 25 78.708
5 26 66.608
5 34 41.189
5 36 28.856
5 45 66.325
5 46 21.717
6 40 78.685
6 45 95.255
6 34 60.704
6 16 80.589
6 13 39.888
6 30 15.188
6 19 80.999
6 21 68.651
6 43 50.677
6 31 46.004
6 7 84.764
6 15 70.577
6 11 61.335
6 32 85.973
6 24 9.887
6 36 19.548
6 42 75.656
6 37 77.605
6 48 51.034
6 38 27.283
6 39 31.575
6 14 19.323
6 20 51.859
6 49 32.818
6 25 62.184
6 46 31.729
6 9 49.322
6 26 89.466
6 47 94.441
6 27 57.892
6 29 3.592
6 12 62.531
6 33 39.621
6 8 56.953
6 28 50.769
6 18 29.652
6 10 81.094
6 22 73.675
6 23 92.52
6 41 37.174
7 37 51.768
7 45 21.947
7 22 73.627
7 15 22.211
7 13 37.685
7 32 37.447
7 38 12.105
7 18 23.098
7 10 57.458
7 43 65.847
7 25 32.967
7 21 29.027
7 36 72.727
7 44 13.389
7 35 95.175
7 46 24.057
7 12 76.71
7 24 83.324
7 9 87.985
7 26 96.45
7 47 18.905
7 33 32.339
7 11 74.22
7 16 59.481
7 17 49.269
7 20 5.333
7 23 32.987
7 27 97.424
7 28 98.62
7 29 10.039
7 31 18.427
7 34 98.909
7 41 64.023
7 42 74.499
7 49 86.496
8 10 31.085
8 15 40.311
8 32 46.653
8 33 33.123
8 17 22.034
8 49 18.76
8 46 9.374
8 45 7.574
8 29 37.842
8 19 6.957
8 9 29.428
8 13 95.553
8 16 11.359
8 21 61.487
8 22 10.135
8 23 47.033
8 24 53.261
8 25 26.133
8 27 82.631
8 28 48.297
8 30 36.166
8 31 72.003
8 34 44.012
8 35 75.245
8 36 42.441
8 37 81.131
8 41 78.709
8 44 73.16
9 11 5.545
9 33 80.331
9 38 48.267
9 49 84.878
9 29 95.342
9 37 63.199
9 44 75.066
9 45 43.03
9 31 61.642
9 39 87.712
9 47 54.47
9 42 53.032
9 16 12.936
9 40 66.678
9 21 9.944
9 10 26.917
9 14 72.586
9 24 43.462
9 26 61.253
9 15 36.222
9 30 91.449
9 13 62.891
9 18 18.248
9 35 60.872
9 19 42.375
9 20 49.266
9 41 41.263
9 46 78.297
9 23 6.703
9 25 41.354
9 12 88.805
9 32 82.952
9 34 42.648
9 17 14.016
9 48 73.937
9 22 99.297
9 36 76.077
9 28 60.045
9 27 44.625
10 26 7.464
10 13 40.924
10 46 15.568
10 47 3.966
10 43 25.649
10 24 11.25
10 45 48.119
10 31 28.948
10 20 39.98
10 44 11.505
10 12 34.374
10 25 50.097
10 37 27.334
10 11 39.944
10 15 36.221
10 16 46.897
10 17 93.921
10 18 91.565
10 19 37.448
10 23 93.124
10 30 61.907
10 34 42.554
10 36 71.623
10 40 37.251
10 41 88.027
10 42 77.707
11 40 89.617
11 42 63.258
11 35 88.098
11 22 62.081
11 15 1.496
11 17 29.687
11 23 5.058
11 49 64.949
11 43 5.113
11 18 50.628
11 38 3.692
11 29 1.947
11 45 47.662
11 34 95.909
11 19 38.653
11 36 2.101
11 47 95.423
11 16 65.794
11 20 43.064
11 24 63.097
11 25 86.931
11 26 74.281
11 27 13.814
11 28 13.958
11 30 6.328
11 31 49.733
11 37 73.411
11 41 67.556
11 46 81.303
12 23 48.906
12 15 88.868
12 16 80.109
12 17 44.275
12 18 79.992
12 20 5.266
12 22 56.768
12 24 86.352
12 25 48.509
12 26 73.48
12 27 29.832
12 31 19.17
12 32 34.08
12 34 32.832
12 37 38.221
12 39 57.921
12 41 57.298
12 42 80.222
12 44 84.412
12 45 38.951
12 46 70.906
12 49 88.868
13 38 1.731
13 14 70.443
13 28 54.506
13 20 27.635
13 24 95.584
13 22 60.47
13 34 46.438
13 15 60.565
13 16 92.194
13 17 76.867
13 18 52.257
13 21 16.207
13 23 89.883
13 25 14.904
13 26 80.372
13 37 39.019
13 41 45.667
13 42 93.673
13 43 35.09
13 44 55.677
13 45 78.468
13 46 60.033
13 49 22.062
14 26 90.462
14 46 39.387
14 15 8.763
14 16 51.357
14 18 68.216
14 19 63.883
14 22 93.588
14 23 33.061
14 24 80.624
14 25 98.537
14 29 87.791
14 30 86.528
14 34 66.361
14 35 43.031
14 36 95.509
14 37 73.528
14 40 77.559
14 41 71.811
14 42 11.968
14 44 53.411
15 34 90.757
15 48 54.791
15 44 91.026
15 29 39.355
15 38 94.05
15 35 68.355
15 19 39.659
15 49 92.242
15 16 45.515
15 43 24.455
15 37 19.752
15 24 8.076
15 18 72.978
15 47 72.33
15 42 54.386
15 40 75.433
15 28 69.548
15 30 74.534
15 36 35.966
15 46 2.324
15 20 98.14
15 26 35.858
15 22 57.492
15 23 15.146
15 17 2.997
15 25 21.297
15 27 59.156
15 32 88.757
15 33 60.641
15 39 3.882
15 41 94.479
16 32 31.623
16 19 92.605
16 25 8.708
16 33 87.663
16 42 54.989
16 29 11.864
16 40 47.258
16 39 64.183
16 47 83.113
16 49 39.887
16 30 54.958
16 43 13.652
16 17 43.337
16 44 46.354
16 48 26.627
16 34 83.69
16 18 92.067
16 21 88.209
16 35 65.488
16 31 85.931
16 27 45.812
16 37 34.352
16 38 68.678
16 23 6.107
16 41 62.23
16 45 84.196
16 20 51.739
16 24 88.376
16 22 5.364
16 26 77.245
16 46 53.308
17 23 4.584
17 28 65.545
17 37 96.596
17 33 53.315
17 38 30.287
17 45 66.07
17 18 21.173
17 19 62.025
17 26 11.071
17 31 95.901
17 27 53.756
17 43 76.059
17 22 94.795
17 29 21.437
17 34 42.42
17 47 3.578
17 46 87.388
17 49 12.41
17 25 55.827
17 48 42.456
17 20 6.267
17 24 84.459
17 30 35.767
17 40 69.591
17 42 83.318
17 44 3.142
18 42 17.522
18 49 69.337
18 22 6.951
18 20 12.085
18 43 17.623
18 41 8.46
18 24 10.419
18 44 53.049
18 30 80.714
18 29 8.154
18 19 39.741
18 21 26.767
18 46 55.416
18 38 66.46
18 25 33.009
18 31 55.829
18 34 90.682
18 48 88.432
18 39 49.312
18 28 51.566
18 45 8.393
18 33 31.356
18 35 82.034
18 32 98.613
18 40 57.087
18 37 77.657
18 27 37.221
18 23 13.087
19 49 63.957
19 47 33.715
19 21 48.14
19 39 41.318
19 27 52.456
19 46 61.399
19 38 87.694
19 42 4.086
19 48 65.334
19 25 85.672
19 24 82.435
19 40 91.443
19 22 72.39
19 26 41.218
19 23 6.683
19 28 43.347
19 43 24.616
19 34 52.807
19 20 57.821
19 29 28.762
19 31 28.427
19 32 6.141
19 33 20.955
19 35 22.502
19 37 0.052
19 41 57.737
19 45 80.742
20 26 30.089
20 44 91.816
20 38 44.343
20 46 24.093
20 40 16.968
20 25 62.216
20 41 91.217
20 24 74.019
20 29 85.875
20 47 24.69
20 35 41.502
20 23 62.173
20 34 52.544
20 49 82.7
20 43 9.814
20 22 72.209
20 33 33.89
20 42 41.113
20 30 95.16
20 28 49.34
20 31 33.336
20 27 32.952
20 37 13.566
20 21 85.167
21 38 60.656
21 44 63.082
21 39 84.886
21 26 70.085
21 27 48.436
21 32 58.254
21 28 44.841
21 22 46.428
21 23 48.424
21 24 63.338
21 25 3.64
21 29 62.1
21 30 49.611
21 33 15.279
21 34 91.232
21 37 81.348
21 41 11.675
21 42 90.684
21 45 48.131
21 46 42.004
21 49 40.117
22 45 86.89
22 49 0.478
22 48 86.31
22 35 42.706
22 39 34.494
22 29 67.795
22 28 94.347
22 41 5.645
22 34 87.76
22 31 76.282
22 46 73.502
22 33 18.923
22 32 84.418
22 40 64.601
22 43 5.502
22 24 78.92
22 26 40.206
22 27 17.099
22 47 45.19
22 23 68.057
22 25 32.341
22 36 1.698
22 37 38.561
22 42 4.684
23 38 34.596
23 25 67.561
23 44 49.889
23 41 68.919
23 48 54.521
23 37 91.234
23 36 97.14
23 26 40.317
23 35 85.621
23 45 65.525
23 40 60.115
23 28 65.093
23 46 33.126
23 49 2.26
23 39 3.583
23 47 90.827
23 31 58.85
23 27 60.131
23 34 13.125
23 42 35.361
23 29 15.6
23 43 74.992
23 33 3.635
23 24 90.023
23 30 51.702
23 32 11.192
24 43 48.911
24 40 97.719
24 48 91.395
24 30 60.75
24 26 0.327
24 36 17.868
24 34 86.282
24 41 66.272
24 25 20.362
24 39 39.659
24 35 88.505
24 47 82.128
24 33 87.426
24 31 15.158
24 32 56.893
24 42 22.223
24 46 61.179
24 49 28.422
24 27 26.594
24 45 50.107
24 28 34.109
24 29 21.447
24 38 10.145
24 37 11.124
24 44 81.281
25 31 50.849
25 38 71.973
25 45 27.676
25 48 80.128
25 33 82.481
25 44 22.749
25 43 10.96
25 32 83.38
25 39 51.946
25 29 73.753
25 34 21.908
25 36 19.032
25 41 75.961
25 40 67.361
25 35 13.246
25 27 86.78
25 28 65.849
25 30 8.97
25 37 7.137
25 47 37.386
25 46 26.449
25 26 89.104
25 42 63.186
25 49 38.129
26 35 96.18
26 48 59.756
26 39 1.327
26 28 44.658
26 37 4.185
26 49 0.625
26 31 22.317
26 30 93.461
26 40 54.389
26 32 55.358
26 47 12.997
26 38 35.752
26 33 31.755
26 34 26.709
26 41 79.363
26 42 98.33
26 45 62.899
26 46 55.789
27 48 83.61
27 33 61.147
27 41 4.698
27 34 20.696
27 31 33.277
27 29 67.222
27 28 67.111
27 47 17.758
27 43 39.912
27 30 41.334
27 32 32.821
27 36 99.69
27 37 16.625
27 44 2.151
27 45 74.889
27 46 0.169
28 42 33.396
28 31 88.256
28 45 92.25
28 43 44.871
28 39 21.813
28 49 45.077
28 34 34.794
28 38 22.901
28 35 83.849
28 30 23.687
28 37 89.628
28 40 88.595
28 41 90.735
28 46 81.313
28 47 71.506
29 36 43.302
29 32 85.922
29 49 7.102
29 30 86.561
29 45 94.716
29 31 45.346
29 33 78.222
29 34 83.561
29 37 28.12
29 38 0.838
29 40 73.827
29 41 81.09
29 42 93.547
29 46 65.962
30 44 77.563
30 42 34.665
30 43 53.714
30 31 97.931
30 34 4.887
30 49 13.552
30 41 89.222
30 48 51.816
30 33 2.042
30 39 58.665
30 38 24.549
30 40 42.885
30 36 53.113
30 37 81.39
30 47 3.796
30 45 7.706
30 32 10.604
30 35 12.486
30 46 79.872
31 42 60.611
31 36 73.466
31 38 92.006
31 35 52.872
31 33 10.043
31 48 1.442
31 49 75.05
31 41 27.346
31 34 23.499
31 37 83.362
31 39 63.414
31 44 3.936
31 45 71.005
31 46 24.835
32 48 28.687
32 43 37.459
32 34 81.01
32 36 66.004
32 37 71.264
32 38 73.679
32 44 33.657
32 45 97.145
32 46 46.001
32 49 33.248
33 49 5.406
33 34 68.398
33 47 98.812
33 41 88.479
33 43 50.329
33 40 34.593
33 37 22.043
33 42 88.652
33 45 15.009
33 46 29.711
34 44 67.65
34 48 11.77
34 35 59.01
34 45 43.281
34 42 4.872
34 37 28.758
34 43 40.176
34 36 21.06
34 47 11.571
34 41 27.616
34 39 95.168
34 46 11.517
34 40 72.51
34 49 65.844
35 39 66.249
35 44 58.397
35 47 18.985
35 45 28.018
35 42 38.696
35 41 60.913
35 37 71.667
35 46 18.868
35 49 38.757
36 45 73.855
36 38 0.898
36 37 51.819
36 39 43.579
36 43 47.965
36 40 82.078
36 41 55.767
36 42 75.082
36 44 88.546
36 46 14.753
36 47 11.762
36 48 53.602
36 49 0.728
37 47 22.558
37 40 17.317
37 44 94.341
37 43 79.021
37 41 28.822
37 39 29.948
37 45 5.832
37 38 55.599
37 49 95.443
37 46 63.866
37 48 40.045
37 42 2.615
38 49 47.224
38 39 74.426
38 40 46.625
38 41 57.813
38 42 96.413
38 44 0.875
38 45 92.599
38 46 88.957
39 49 93.21
39 41 67.56
39 42 77.499
39 45 23.852
39 46 17.013
40 43 91.533
40 41 83.321
40 42 8.454
40 46 40.033
40 49 41.981
41 49 46.653
41 43 33.469
41 42 92.554
41 46 82.749
41 44 61.936
41 45 13.619
41 48 84.66
42 45 14.513
42 48 15.99
42 43 4.507
42 44 41.313
42 46 46.259
42 49 78.001
43 46 86.178
43 49 31.741
43 48 52.286
43 45 57.642
44 49 93.39
44 48 10.436
44 45 28.163
44 46 21.892
45 47 4.467
45 48 17.04
45 46 58.606
45 49 98.654
46 47 82.924
46 48 14.448
46 49 47.855
47 49 97.919