50
0 1 17
0 4 65
0 6 30
0 8 88
0 9 51
0 15 86
0 16 62
0 17 53
0 21 16
0 24 2
0 27 81
0 29 80
0 30 86
0 33 91
0 34 32
0 35 71
0 42 5
0 46 35
0 47 31
1 2 93
1 3 8
1 5 98
1 12 11
1 14 29
1 16 90
1 18 96
1 19 18
1 20 75
1 21 34
1 29 1
1 30 89
1 34 41
1 35 87
1 36 38
1 37 84
1 40 6
1 41 12
1 44 60
1 45 20
1 46 23
1 47 12
1 49 92
2 4 59
2 5 16
2 6 26
2 7 15
2 10 2
2 12 24
2 13 50
2 15 91
2 16 24
2 17 31
2 18 85
2 19 6
2 20 7
2 21 68
2 24 58
2 25 78
2 26 4
2 31 52
2 32 36
2 33 3
2 34 99
2 37 20
2 38 56
2 39 19
2 40 91
2 41 81
2 42 5
2 43 58
2 47 25
2 48 34
2 49 49
3 5 18
3 9 62
3 12 86
3 14 11
3 16 74
3 22 82
3 23 80
3 24 88
3 26 56
3 30 56
3 31 34
3 32 68
3 34 32
3 35 95
3 36 55
3 38 9
3 39 47
3 45 81
3 47 79
3 48 66
3 49 49
4 7 91
4 9 32
4 12 12
4 14 55
4 16 68
4 17 54
4 18 67
4 19 96
4 21 48
4 26 60
4 27 82
4 28 89
4 29 33
4 30 54
4 31 95
4 32 28
4 33 86
4 34 60
4 35 7
4 38 96
4 39 46
4 40 32
4 41 67
4 45 5
4 46 48
4 47 45
4 49 46
5 7 26
5 8 43
5 12 43
5 13 58
5 14 97
5 16 41
5 18 15
5 19 99
5 21 77
5 24 71
5 26 95
5 27 74
5 28 2
5 30 36
5 31 2
5 33 65
5 34 50
5 38 64
5 39 43
5 40 65
5 42 5
5 45 68
5 48 17
6 9 26
6 11 92
6 14 9
6 15 12
6 16 87
6 18 37
6 19 89
6 20 32
6 26 43
6 28 5
6 32 97
6 34 27
6 35 61
6 36 12
6 38 33
6 39 95
6 41 97
6 43 52
6 46 20
6 47 48
6 49 39
7 9 93
7 10 51
7 11 2
7 12 4
7 13 63
7 19 36
7 25 1
7 27 10
7 29 69
7 30 67
7 31 30
7 32 30
7 35 97
7 36 63
7 46 58
7 47 85
7 48 22
7 49 96
8 10 92
8 12 3
8 13 91
8 14 60
8 15 24
8 17 12
8 20 76
8 21 67
8 23 32
8 26 49
8 28 60
8 30 18
8 31 81
8 34 15
8 36 31
8 37 69
8 38 63
8 39 41
8 40 43
8 42 10
8 44 77
8 45 1
8 47 10
9 10 98
9 12 57
9 16 36
9 19 39
9 20 8
9 24 9
9 25 12
9 27 91
9 28 96
9 30 83
9 33 42
9 36 30
9 39 15
9 40 18
9 41 91
9 43 78
9 44 24
9 45 24
9 48 95
9 49 26
10 12 35
10 18 18
10 21 76
10 22 14
10 23 41
10 24 43
10 27 6
10 29 92
10 30 85
10 31 6
10 34 31
10 39 47
10 40 46
10 41 60
10 42 44
10 43 30
10 44 39
10 45 47
10 49 64
11 12 62
11 13 62
11 14 63
11 16 44
11 18 71
11 20 22
11 22 23
11 23 96
11 26 21
11 27 96
11 29 43
11 30 63
11 32 32
11 35 87
11 36 23
11 37 26
11 38 33
12 13 41
12 14 29
12 16 99
12 18 63
12 25 52
12 29 35
12 32 91
12 33 66
12 34 83
12 35 4
12 37 25
12 38 98
12 39 90
12 40 76
12 43 77
12 45 58
12 46 56
12 47 26
12 49 49
13 15 2
13 16 21
13 18 59
13 19 16
13 20 4
13 21 33
13 22 15
13 23 95
13 24 18
13 25 2
13 27 94
13 30 38
13 32 53
13 33 14
13 36 81
13 38 4
13 40 67
13 41 79
13 43 23
13 45 79
13 46 68
13 47 30
14 16 45
14 17 47
14 18 54
14 19 50
14 20 95
14 21 39
14 25 48
14 26 44
14 27 79
14 31 92
14 34 64
14 35 43
14 38 56
14 41 43
14 42 98
14 46 68
14 47 75
14 48 56
14 49 41
15 18 84
15 19 67
15 21 75
15 22 27
15 23 58
15 25 96
15 31 83
15 32 67
15 33 47
15 34 33
15 35 12
15 41 73
15 45 36
15 46 93
15 47 68
15 49 97
16 17 53
16 18 82
16 19 77
16 20 25
16 22 61
16 23 71
16 24 56
16 27 36
16 30 60
16 32 47
16 33 12
16 38 87
16 39 44
16 40 7
16 41 91
16 42 24
16 43 13
16 44 30
16 46 81
16 49 22
17 18 49
17 23 60
17 25 55
17 26 29
17 27 4
17 29 33
17 31 96
17 33 42
17 35 9
17 36 24
17 39 54
17 41 94
17 45 70
17 46 89
17 47 62
17 49 80
18 19 57
18 20 86
18 21 35
18 22 22
18 23 54
18 24 47
18 25 83
18 27 40
18 33 26
18 36 85
18 37 9
18 39 83
18 42 74
18 44 69
18 45 54
18 46 97
18 48 44
19 22 44
19 24 29
19 26 68
19 28 92
19 30 94
19 32 6
19 34 14
19 35 76
19 37 27
19 41 92
19 42 54
19 44 47
19 47 84
19 48 61
20 21 44
20 27 72
20 29 97
20 30 27
20 33 23
20 34 94
20 35 51
20 38 49
20 41 91
20 42 4
20 44 36
20 46 35
20 49 2
21 22 86
21 23 28
21 24 6
21 25 66
21 30 20
21 31 25
21 34 93
21 36 86
21 39 12
21 40 91
21 41 80
21 43 28
21 44 10
21 45 57
21 46 71
21 47 64
21 49 58
22 23 76
22 26 25
22 28 37
22 29 61
22 33 85
22 34 76
22 36 82
22 42 16
22 43 30
22 45 51
22 47 22
23 24 33
23 29 79
23 31 23
23 36 55
23 38 66
23 39 39
23 40 68
23 42 25
23 43 91
23 44 33
23 45 64
23 48 64
23 49 7
24 25 93
24 31 79
24 32 49
24 35 99
24 37 62
24 39 90
24 41 66
24 42 75
24 43 17
24 44 72
24 45 48
25 26 51
25 28 64
25 29 77
25 31 88
25 32 67
25 33 44
25 34 76
25 35 7
25 36 5
25 37 43
25 38 81
25 39 3
25 40 69
25 41 4
25 43 49
25 45 88
25 46 94
25 48 62
26 30 50
26 32 55
26 33 24
26 34 46
26 36 5
26 37 29
26 40 8
26 41 55
26 44 74
26 47 32
27 28 50
27 30 68
27 31 34
27 32 74
27 34 30
27 38 20
27 39 39
27 40 92
27 41 49
27 42 88
27 43 12
27 47 69
27 49 76
28 29 98
28 30 94
28 34 78
28 36 64
28 37 75
28 38 30
28 40 28
28 43 51
28 48 90
28 49 16
29 31 47
29 35 81
29 37 96
29 38 99
29 39 47
29 40 72
29 42 65
29 43 62
29 45 17
29 46 38
29 47 80
29 49 40
30 34 96
30 36 86
30 37 21
30 39 42
30 40 57
30 45 26
30 46 61
30 48 23
30 49 35
31 32 73
31 33 80
31 34 68
31 35 52
31 36 69
31 39 72
31 41 88
31 44 30
31 47 15
31 48 92
32 35 23
32 36 91
32 38 99
32 46 63
32 48 70
33 34 65
33 35 94
33 38 26
33 40 7
33 41 82
33 45 89
33 48 46
33 49 50
34 35 79
34 37 9
34 39 75
34 40 19
34 42 35
34 45 63
34 47 65
34 48 39
34 49 41
35 41 48
35 42 38
35 43 28
35 44 29
35 45 2
35 48 36
35 49 28
36 37 28
36 38 23
36 39 25
36 41 28
36 42 33
36 43 29
36 46 24
36 48 1
37 38 90
37 40 77
37 42 41
37 43 2
37 44 87
37 45 9
37 46 62
37 47 3
38 40 43
38 41 88
38 44 35
38 46 25
38 47 33
38 48 60
39 40 75
39 41 35
39 46 38
39 48 91
40 42 33
40 45 57
40 47 96
40 48 81
40 49 46
41 43 94
41 47 85
41 48 93
41 49 65
42 43 56
42 45 36
42 48 24
42 49 55
43 48 41
43 49 10
44 46 49
44 47 52
44 48 39
45 46 88
45 47 20
45 48 85
46 47 30
46 48 92
46 49 97
48 49 81