50
0 1 54.579
0 2 38.817
0 3 96.74
0 5 4.439
0 6 7.686
0 8 95.81
0 11 60.711
0 13 97.613
0 15 94.24
0 16 71.973
0 18 73.904
0 19 88.143
0 27 6.124
0 34 62.985
0 35 11.525
0 37 19.632
0 42 25.381
0 43 71.123
0 44 22.532
0 46 69.643
0 47 8.114
0 49 23.646
1 4 48.699
1 7 48.112
1 8 25.519
1 12 10.608
1 17 77.088
1 23 87.856
1 28 91.969
1 30 85.553
1 37 72.921
1 42 78.81
1 45 27.478
1 46 62.297
1 48 91.028
2 3 94.752
2 6 41.804
2 8 20.695
2 11 7.063
2 13 44.651
2 16 2.415
2 20 76.161
2 21 75.156
2 22 65.847
2 23 89.212
2 27 94.106
2 30 84.341
2 46 20.701
2 49 5.716
3 4 45.775
3 15 53.155
3 16 90.479
3 21 73.228
3 22 96.028
3 24 85.448
3 25 30.135
3 26 27.776
3 28 35.835
3 30 44.665
3 32 37.366
3 33 48.924
3 35 24.574
3 39 86.007
3 42 95.302
3 45 55.515
4 6 17.371
4 8 96.424
4 15 29.965
4 19 41.477
4 20 47.424
4 21 39.262
4 22 75.785
4 24 11.145
4 25 78.828
4 28 95.338
4 29 4.051
4 30 67.064
4 31 52.1
4 37 70.89
4 38 4.498
4 39 68.184
4 42 47.84
4 43 11.318
4 45 64.844
4 46 3.085
4 48 26.762
5 7 1.67
5 8 85.476
5 9 85.554
5 12 7.084
5 15 41.652
5 16 75.905
5 18 75.125
5 21 31.904
5 26 16.625
5 27 89.511
5 29 37.24
5 32 1.606
5 34 45.58
5 36 83.858
5 39 97.79
5 44 79.428
6 7 16.684
6 9 20.19
6 20 47.609
6 21 37.724
6 26 49.919
6 27 40.161
6 28 66.142
6 30 36.777
6 31 43.132
6 34 13.328
6 38 3.05
6 40 11.005
6 49 30.803
7 10 1.876
7 11 31.757
7 12 54.388
7 19 51.311
7 20 95.295
7 33 8.641
7 37 69.182
7 41 95.679
7 43 36.237
7 46 51.643
7 47 55.134
8 9 73.028
8 13 19.499
8 14 87.27
8 15 69.423
8 16 31.637
8 19 26.869
8 21 48.085
8 31 40.396
8 34 52.448
8 36 11.393
8 37 6.902
8 38 31.904
8 39 35.409
8 41 31.683
8 43 26.905
8 49 8.303
9 14 89.805
9 19 9.25
9 22 65.951
9 23 94.261
9 28 15.374
9 34 85.857
9 37 60.023
9 39 90.814
9 43 34.497
9 44 53.809
9 45 95.089
9 46 6.553
10 11 1.152
10 13 43.655
10 19 37.957
10 21 15.822
10 22 32.214
10 23 16.603
10 25 59.003
10 27 78.341
10 30 16.694
10 33 20.226
10 34 29.454
10 38 77.738
10 45 61.292
10 49 58.854
11 16 14.066
11 25 29.834
11 26 58.647
11 27 66.79
11 30 61.926
11 31 33.103
11 32 36.96
11 39 3.704
11 44 34.023
11 47 36.993
11 48 52.887
11 49 6.586
12 13 51.594
12 14 8.374
12 16 88.886
12 17 54.799
12 20 1.454
12 21 8.592
12 26 97.581
12 27 22.11
12 29 69.201
12 30 45.16
12 33 23.232
12 37 45.555
12 38 5.337
12 40 67.12
12 42 26.332
12 47 17.821
12 48 58.834
12 49 20.931
13 15 53.109
13 16 32.489
13 19 57.723
13 20 24.389
13 21 71.629
13 22 16.95
13 25 29.225
13 26 6.913
13 29 11.963
13 33 60.839
13 36 11.832
13 37 60.39
13 38 33.059
13 42 83.609
13 43 51.839
13 48 54.317
14 16 50.866
14 25 76.574
14 30 6.072
14 31 61.098
14 35 31.343
14 38 22.785
14 42 11.583
14 43 9.716
14 44 62.207
15 17 81.815
15 20 0.208
15 24 11.631
15 32 24.065
15 42 40.287
15 44 3.076
15 46 98.56
15 48 51.869
15 49 53.077
16 20 53.648
16 25 70.871
16 29 58.569
16 31 65.963
16 32 29.945
16 34 10.561
16 38 96.879
16 39 26.598
16 49 72.291
17 19 59.174
17 20 88.538
17 23 19.864
17 27 1.845
17 31 43.425
17 34 18.765
17 36 94.153
17 39 59.641
17 42 31.872
17 48 11.207
17 49 24.749
18 19 5.551
18 23 24.384
18 24 0.693
18 27 72.587
18 29 37.557
18 30 94.252
18 31 55.888
18 32 90.554
18 37 75.284
18 43 77.401
18 47 59.979
19 24 6.103
19 26 3.042
19 27 23.09
19 29 82.859
19 30 90.137
19 32 47.934
19 33 68.274
19 35 44.569
19 36 78.265
19 42 8.666
20 23 62.949
20 26 80.125
20 32 95.167
20 35 47.663
20 36 29.399
20 37 65.305
20 41 33.723
20 44 78.108
20 46 44.637
20 48 36.131
21 22 88.082
21 24 85.505
21 28 50.532
21 29 55.959
21 32 58.786
21 34 70.465
21 36 85.943
21 37 61.106
21 38 71.636
22 25 76.403
22 33 51.308
22 35 42.255
22 39 21.755
22 41 29.771
22 42 79.53
22 46 98.514
22 47 2.844
23 27 17.108
23 28 73.287
23 32 39.502
23 34 53.409
23 38 51.231
23 46 74.75
23 47 3.045
23 49 91.23
24 26 68.191
24 33 10.344
24 41 49.307
24 43 93.075
25 26 15.019
25 32 82.392
25 34 24.736
25 37 42.787
25 40 52.478
25 46 37.304
26 28 40.003
26 32 1.206
26 36 40.563
26 37 63.484
26 47 51.973
27 34 57.381
27 38 15.7
27 41 78.245
27 43 48.087
27 48 21.225
28 30 25.363
28 35 90.941
28 37 59.997
28 43 21.882
28 44 16.796
28 47 7.989
29 31 84.352
29 33 88.91
29 34 78.266
29 35 26.671
29 36 68.527
29 37 20.122
29 38 78.679
29 42 75.038
29 43 18.792
29 45 81.993
29 48 31.629
30 31 76.426
30 36 0.145
30 42 11.61
31 32 54.709
31 33 4.409
31 36 65.075
31 38 59.362
31 40 82.665
32 35 88.06
32 41 64.873
32 43 97.454
32 47 23.582
32 49 78.326
33 43 1.088
33 45 59.171
33 46 98.278
33 47 5.026
33 48 82.098
34 39 62.856
34 42 74.587
35 37 73.512
35 38 51.381
35 39 97.356
35 43 77.125
35 44 26.901
35 45 60.115
35 47 65.009
35 48 36.271
35 49 10.415
36 37 57.721
36 39 90.81
36 42 20.298
36 44 86.706
36 45 78.893
37 38 1.998
37 39 20.661
37 44 10.61
38 44 41.966
38 46 19.424
39 45 34.035
39 49 17.638
40 41 23.663
40 42 80.846
41 43 20.006
41 45 54.794
42 43 53.024
42 44 73.997
42 45 34.119
42 48 3.65
42 49 11.53
43 45 94.647
43 46 74.512
43 48 15.831
44 46 8.614
46 49 30.866