50
0 1 43.44
0 2 85.22
0 3 10.13
0 4 50.35
0 5 76.86
0 6 62.59
0 7 52.89
0 8 9.88
0 9 90.53
0 10 60.83
0 11 47.76
0 12 78.97
0 13 23.07
0 14 62.75
0 15 46.68
0 16 93.79
0 17 60.15
0 18 27.08
0 19 50.61
0 20 49.15
0 21 79.02
0 22 86.35
0 23 5.24
0 24 95.68
0 25 47.54
0 26 72.8
0 27 65.17
0 28 74.82
0 29 25.3
0 30 65.41
0 31 73.81
0 32 36.96
0 33 77.86
0 34 7.68
0 35 72.09
0 36 4.14
0 37 48.88
0 38 28.16
0 39 42.71
0 40 48.29
0 41 67.64
0 42 15.87
0 43 24.24
0 44 40.93
0 45 24.07
0 46 69
0 47 99.05
0 48 50.71
0 49 77.84
1 2 76.15
1 3 52.4
1 4 22.86
1 5 77.66
1 6 37.66
1 7 9.98
1 8 99.54
1 9 64.39
1 10 46.59
1 11 39.34
1 12 92.81
1 13 91.86
1 14 81.88
1 15 62.11
1 16 44.69
1 17 70.64
1 18 94.27
1 19 82.13
1 20 41.96
1 21 76.35
1 22 13.95
1 23 21
1 24 34.36
1 25 63.61
1 26 58.04
1 27 0.64
1 28 57.33
1 29 37.16
1 30 58.36
1 31 79.57
1 32 70.5
1 33 6.61
1 34 87.56
1 35 89.66
1 36 77.48
1 37 38.85
1 38 34.39
1 39 18.18
1 40 32.11
1 41 95.7
1 42 1.32
1 43 52.28
1 44 5.45
1 45 31.27
1 46 72.33
1 47 56.98
1 48 87.49
1 49 33.67
2 3 25.73
2 4 73.32
2 5 30.93
2 6 4.82
2 7 54.35
2 8 31.03
2 9 87.94
2 10 20
2 11 5.09
2 12 50.45
2 13 25.06
2 14 93.03
2 15 7.1
2 16 84.67
2 17 7.78
2 18 38.26
2 19 40.7
2 20 94.2
2 21 91.27
2 22 19.69
2 23 78.46
2 24 51.88
2 25 60.28
2 26 77.84
2 27 79.53
2 28 20.2
2 29 24.92
2 30 34.95
2 31 95.55
2 32 4.23
2 33 73.31
2 34 37.8
2 35 92.1
2 36 31.98
2 37 4.75
2 38 24.06
2 39 41.99
2 40 48.46
2 41 19.92
2 42 26.63
2 43 62.08
2 44 81.78
2 45 52.09
2 46 51.82
2 47 62.68
2 48 56.65
2 49 30.31
3 4 7.35
3 5 39.74
3 6 18.07
3 7 80.72
3 8 17.13
3 9 20.22
3 10 39.32
3 11 4.38
3 12 71.94
3 13 68.67
3 14 56.41
3 15 72.19
3 16 13.82
3 17 59.53
3 18 16.31
3 19 12.71
3 20 4.29
3 21 40.58
3 22 5.21
3 23 12.89
3 24 1.51
3 25 77.61
3 26 28.3
3 27 99.59
3 28 9.7
3 29 50.02
3 30 35.7
3 31 54.41
3 32 51.02
3 33 84.51
3 34 99.09
3 35 12.8
3 36 88.04
3 37 94.97
3 38 28.28
3 39 73.93
3 40 69.05
3 41 77.6
3 42 14
3 43 96.48
3 44 55.76
3 45 69
3 46 85.73
3 47 0.88
3 48 72.28
3 49 72.98
4 5 12.37
4 6 45.24
4 7 98.36
4 8 15.27
4 9 34.45
4 10 58.67
4 11 89.86
4 12 12.97
4 13 53.72
4 14 62.09
4 15 37.58
4 16 53.2
4 17 37.05
4 18 26.46
4 19 50.38
4 20 65.68
4 21 46.14
4 22 60.67
4 23 62.12
4 24 86.57
4 25 9.14
4 26 79.28
4 27 28.64
4 28 95.6
4 29 48.34
4 30 96.93
4 31 51.92
4 32 27.63
4 33 80.34
4 34 94.83
4 35 73.59
4 36 23.78
4 37 5.51
4 38 56.76
4 39 95.08
4 40 79.8
4 41 92.08
4 42 87.14
4 43 18.6
4 44 9.92
4 45 31.98
4 46 15.48
4 47 23.02
4 48 52.62
4 49 80.07
5 6 44.13
5 7 65.59
5 8 46.2
5 9 92.65
5 10 50.85
5 11 14.13
5 12 6.06
5 13 45.03
5 14 84.17
5 15 39.21
5 16 90.84
5 17 17.85
5 18 5.71
5 19 46.43
5 20 52.99
5 21 53.97
5 22 5.56
5 23 52.44
5 24 81.77
5 25 15.9
5 26 25.25
5 27 90.75
5 28 29.01
5 29 26.64
5 30 5.3
5 31 83.35
5 32 92.28
5 33 29.8
5 34 67.19
5 35 84.56
5 36 96.14
5 37 87.55
5 38 76.65
5 39 21.72
5 40 5.89
5 41 29.35
5 42 2.79
5 43 10.75
5 44 15.79
5 45 0.56
5 46 80.51
5 47 86.78
5 48 29.8
6 49 76.6
6 7 51.97
6 8 87.4
6 9 7.67
6 10 3.64
6 11 36.49
6 12 74.55
6 13 49.86
6 14 19.43
6 15 56.97
6 16 33.98
6 17 8.39
6 18 17.75
6 19 13.12
6 20 97.71
6 21 23.76
6 22 79.71
6 23 73.78
6 24 0.94
6 25 67.49
6 26 6.55
6 27 42.38
6 28 74.88
6 29 15.61
6 30 40.55
6 31 57.75
6 32 64.88
6 33 49.91
6 34 15.07
6 35 98.64
6 36 76.68
6 37 19.59
6 38 46.53
6 39 60.7
6 40 71.81
6 41 94.98
6 42 31.4
6 43 45.41
6 44 53.08
6 45 21.08
6 46 70
6 47 83.42
6 48 11.39
6 49 44.17
7 8 34.17
7 9 27.29
7 10 5.9
7 11 95.39
7 12 40.26
7 13 56.69
7 14 30.41
7 15 73.91
7 16 12.81
7 17 48.68
7 18 4.08
7 19 62.38
7 20 46.46
7 21 73.98
7 22 95.42
7 23 67.48
7 24 78.59
7 25 96.92
7 26 13.93
7 27 50.03
7 28 41.46
7 29 92.88
7 30 19.15
7 31 54.75
7 32 81.02
7 33 53.57
7 34 61.69
7 35 89.79
7 36 14.41
7 37 62.82
7 38 84.41
7 39 2.28
7 40 87.62
7 41 79.78
7 42 48.07
7 43 27.21
7 44 69.53
7 45 93.2
7 46 39.68
7 47 99.4
7 48 5.54
7 49 93.34
8 9 48.51
8 10 63.69
8 11 59.76
8 12 26.68
8 13 18.9
8 14 91.44
8 15 62.34
8 16 29.6
8 17 75.62
8 18 76.88
8 19 48.13
8 20 13.52
8 21 62.22
8 22 50.63
8 23 38.92
8 24 5.53
8 25 33.35
8 26 1.92
8 27 64.17
8 28 63.3
8 29 12.36
8 30 65.88
8 31 60.91
8 32 84.34
8 33 27.6
8 34 98.8
8 35 64.21
8 36 98.04
8 37 90.46
8 38 53.2
8 39 53.44
8 40 82.11
8 41 92.13
8 42 31.02
8 43 85.13
8 44 28.15
8 45 23.14
8 46 31.46
8 47 20.24
8 48 2.91
8 49 62.11
9 10 61.37
9 11 11.17
9 12 10.27
9 13 24.72
9 14 46.03
9 15 70.06
9 16 65.22
9 17 7.9
9 18 0.7
9 19 73.89
9 20 4.45
9 21 43.45
9 22 80.31
9 23 97.28
9 24 69.33
9 25 81.87
9 26 14.77
9 27 43.39
9 28 68.37
9 29 14.09
9 30 39.27
9 31 38.35
9 32 89.5
9 33 62.88
9 34 19.34
9 35 70.83
9 36 31.41
9 37 12.92
9 38 44.33
9 39 93.19
9 40 44.24
9 41 11.44
9 42 45.6
9 43 49.28
9 44 38.55
9 45 93.77
9 46 20.28
9 47 30.61
9 48 50.25
9 49 95.19
10 11 81.26
10 12 95.85
10 13 4.99
10 14 71.1
10 15 14.24
10 16 4.37
10 17 50.12
10 18 69.8
10 19 61.43
10 20 37.21
10 21 28.68
10 22 12.65
10 23 90.36
10 24 15.88
10 25 50.33
10 26 27.31
10 27 38.44
10 28 30.51
10 29 16.22
10 30 4.16
10 31 60.09
10 32 1.06
10 33 19.69
10 34 28.03
10 35 79.66
10 36 63.81
10 37 37.42
10 38 20.57
10 39 45.16
10 40 75.08
10 41 89.63
10 42 10.01
10 43 5.4
10 44 35.76
10 45 68.86
10 46 94.38
10 47 50.28
10 48 98.18
10 49 22.44
11 12 65.87
11 13 62.37
11 14 9.27
11 15 79.66
11 16 87.58
11 17 67.85
11 18 35.73
11 19 4.27
11 20 99.48
11 21 44.64
11 22 9.51
11 23 47.22
11 24 39.41
11 25 32.09
11 26 94.12
11 27 52.3
11 28 3.91
11 29 12.31
11 30 71.84
11 31 87.26
11 32 57.89
11 33 18.43
11 34 34.5
11 35 9.37
11 36 95.48
11 37 58.16
11 38 46.03
11 39 49.17
11 40 29.56
11 41 90.13
11 42 98.88
11 43 33.51
11 44 97.65
11 45 75.47
11 46 34.71
11 47 15.47
11 48 75.55
11 49 42.53
12 13 38.96
12 14 42.8
12 15 90.88
12 16 61.23
12 17 26.78
12 18 52.77
12 19 15.48
12 20 26.24
12 21 94.45
12 22 43.83
12 23 15.96
12 24 58.3
12 25 98.17
12 26 74.14
12 27 5.74
12 28 37.61
12 29 15.47
12 30 96.37
12 31 14.62
12 32 88.79
12 33 92.87
12 34 29.36
12 35 69.25
12 36 99
12 37 33.57
12 38 11.25
12 39 16.13
12 40 65.79
12 41 43.85
12 42 31.53
12 43 4.19
12 44 72.9
12 45 78.99
12 46 2.78
12 47 20.76
12 48 49.89
12 49 11.03
13 14 40.89
13 15 12.93
13 16 6.98
13 17 1.11
13 18 72.1
13 19 37.91
13 20 98.4
13 21 90.3
13 22 14.87
13 23 10.3
13 24 95.52
13 25 56.83
13 26 33.14
13 27 65.3
13 28 33.09
13 29 92.23
13 30 56.84
13 31 97.18
13 32 58.29
13 33 49.17
13 34 29.93
13 35 98.94
13 36 85.98
13 37 53.99
13 38 39.98
13 39 23.71
13 40 51.54
13 41 1.75
13 42 73.68
13 43 97.11
13 44 78.7
13 45 63.19
13 46 40.67
13 47 22.18
13 48 25.49
13 49 95.8
14 15 40.25
14 16 73.93
14 17 87.53
14 18 35.69
14 19 75.91
14 20 32.26
14 21 96.16
14 22 49.66
14 23 8.27
14 24 88.46
14 25 40.05
14 26 69.56
14 27 74.86
14 28 65.4
14 29 33.25
14 30 85.31
14 31 51.63
14 32 89.32
14 33 26.18
14 34 92.65
14 35 30.33
14 36 8.38
14 37 81.64
14 38 6.65
14 39 52.48
14 40 57.87
14 41 32.16
14 42 65.13
14 43 82.91
14 44 10.99
14 45 41.01
14 46 22.34
14 47 98.52
14 48 48.53
14 49 51.19
15 16 0.76
15 17 77.65
15 18 4.67
15 19 5.17
15 20 51.76
15 21 22.9
15 22 96.73
15 23 58.29
15 24 70.7
15 25 57.33
15 26 1.12
15 27 85.03
15 28 71.48
15 29 73.24
15 30 36.23
15 31 83.91
15 32 59.56
15 33 79.41
15 34 36.2
15 35 56.5
15 36 72.61
15 37 67.51
15 38 16.25
15 39 56.34
15 40 45.57
15 41 42.64
15 42 75.2
15 43 49.28
15 44 24.41
15 45 79.85
15 46 13.72
15 47 35.66
15 48 73.71
15 49 76.96
16 17 34.24
16 18 2.88
16 19 51.18
16 20 72.28
16 21 76.65
16 22 29.28
16 23 41.52
16 24 55.55
16 25 96.28
16 26 11.92
16 27 30.34
16 28 61.78
16 29 44.58
16 30 14.06
16 31 90.96
16 32 2.54
16 33 4.43
16 34 78.97
16 35 71.75
16 36 96.85
16 37 64.09
16 38 2.83
16 39 40.05
16 40 14.71
16 41 0.04
16 42 69.62
16 43 16.99
16 44 70.47
16 45 23.05
16 46 3.04
16 47 18.08
16 48 67.99
16 49 5.16
17 18 73.19
17 19 98.63
17 20 73.32
17 21 5.31
17 22 12.17
17 23 47.54
17 24 82.71
17 25 38.49
17 26 75.7
17 27 14.66
17 28 99.44
17 29 21.02
17 30 39.2
17 31 40.58
17 32 21.82
17 33 69.75
17 34 91.9
17 35 12.21
17 36 85.95
17 37 31.7
17 38 20.01
17 39 69.01
17 40 37.65
17 41 31.4
17 42 2.25
17 43 97.31
17 44 55.47
17 45 74.86
17 46 85.45
17 47 5.47
17 48 23.25
17 49 13.54
18 19 54.83
18 20 10.89
18 21 58.48
18 22 78.09
18 23 25.55
18 24 77.05
18 25 62.54
18 26 48.31
18 27 14.83
18 28 67.98
18 29 13.9
18 30 46.68
18 31 67.94
18 32 70.48
18 33 28.9
18 34 84.11
18 35 79.9
18 36 33.89
18 37 10.51
18 38 26.72
18 39 24.94
18 40 31.07
18 41 37.48
18 42 12.66
18 43 68.81
18 44 72.44
18 45 93.99
18 46 39.21
18 47 36.12
18 48 25.16
18 49 2.44
19 20 43.77
19 21 67.96
19 22 44.36
19 23 57.64
19 24 34.33
19 25 81.54
19 26 31.58
19 27 24.41
19 28 74.3
19 29 99.2
19 30 58.65
19 31 9.26
19 32 73.46
19 33 97.81
19 34 54.95
19 35 43.33
19 36 8.46
19 37 2.92
19 38 75.52
19 39 29.2
19 40 70.06
19 41 61.65
19 42 54.44
19 43 91.77
19 44 31.91
19 45 14.22
19 46 28.36
19 47 98.65
19 48 62.93
19 49 17.81
20 21 0.29
20 22 35.61
20 23 22.55
20 24 37.83
20 25 89.14
20 26 43.89
20 27 83.57
20 28 40.9
20 29 65.25
20 30 27.33
20 31 66.94
20 32 92.26
20 33 7.86
20 34 57.84
20 35 86.64
20 36 85.04
20 37 8.61
20 38 83.51
20 39 74.91
20 40 92.49
20 41 94.8
20 42 75.46
20 43 5.78
20 44 57.65
20 45 95.59
20 46 75.64
20 47 39.07
20 48 16.33
20 49 91.67
21 22 26.66
21 23 44.09
21 24 94.55
21 25 11.62
21 26 46.67
21 27 33.23
21 28 73.35
21 29 74.79
21 30 21.7
21 31 63.05
21 32 38.7
21 33 71.04
21 34 2.61
21 35 9.94
21 36 37.81
21 37 32.56
21 38 22.88
21 39 0.46
21 40 88.37
21 41 59.78
21 42 85.77
21 43 14.5
21 44 11.7
21 45 72.92
21 46 3.18
21 47 12.09
21 48 47.97
21 49 11.13
22 23 88.69
22 24 43.14
22 25 74.44
22 26 43.67
22 27 95.13
22 28 58.65
22 29 60.41
22 30 84.64
22 31 67.27
22 32 37.3
22 33 92.58
22 34 10.47
22 35 93.89
22 36 65.46
22 37 57.19
22 38 34.68
22 39 79.63
22 40 91.79
22 41 12.42
22 42 90.47
22 43 77.43
22 44 55.22
22 45 21.75
22 46 47.78
22 47 41.89
22 48 50.11
22 49 71.99
23 24 6.63
23 25 24.49
23 26 95.43
23 27 23.93
23 28 7.25
23 29 23.12
23 30 20.49
23 31 58.4
23 32 83.96
23 33 67.54
23 34 57.68
23 35 39.89
23 36 94.91
23 37 57.53
23 38 5.72
23 39 20.15
23 40 86.3
23 41 16.35
23 42 47.74
23 43 61.82
23 44 42.82
23 45 52.36
23 46 1.76
23 47 86.61
23 48 96.71
23 49 63.7
24 25 86.95
24 26 29.4
24 27 69.97
24 28 48.8
24 29 92.2
24 30 6.1
24 31 47.86
24 32 16.44
24 33 55.1
24 34 53.54
24 35 94.2
24 36 41.58
24 37 61.35
24 38 18.59
24 39 25.55
24 40 33.8
24 41 86.69
24 42 1.11
24 43 55.09
24 44 6.75
24 45 10.87
24 46 73.41
24 47 12.37
24 48 7.62
24 49 55.83
25 26 36.59
25 27 28.34
25 28 51.3
25 29 91.68
25 30 48.65
25 31 34.02
25 32 86.46
25 33 81.78
25 34 55.27
25 35 25.05
25 36 97.64
25 37 9.7
25 38 64.26
25 39 56.57
25 40 32.19
25 41 20.43
25 42 55.42
25 43 30.99
25 44 88.08
25 45 77.79
25 46 34.79
25 47 8.79
25 48 50.68
25 49 0.54
26 27 8.37
26 28 33.03
26 29 13.5
26 30 57.8
26 31 60.48
26 32 72.63
26 33 15.92
26 34 24.88
26 35 16.92
26 36 53.7
26 37 88.88
26 38 62.29
26 39 82.41
26 40 27.23
26 41 30.15
26 42 31.54
26 43 92.87
26 44 97.1
26 45 10.94
26 46 11.69
26 47 3.57
26 48 7.08
26 49 18.7
27 28 55.99
27 29 14.25
27 30 1.4
27 31 84.24
27 32 35.96
27 33 51.84
27 34 54.97
27 35 90.65
27 36 4.46
27 37 68.11
27 38 88.41
27 39 75.16
27 40 18.73
27 41 14.72
27 42 68.87
27 43 59.03
27 44 97.05
27 45 31.98
27 46 13.07
27 47 58.27
27 48 72
27 49 38
28 29 20.59
28 30 91.73
28 31 4.26
28 32 0.44
28 33 77.66
28 34 54.22
28 35 3.5
28 36 58.6
28 37 58.47
28 38 17.26
28 39 9.5
28 40 21.01
28 41 4.76
28 42 0.99
28 43 15
28 44 98.97
28 45 53.77
28 46 52.33
28 47 98.16
28 48 54.08
28 49 44.16
29 30 50.32
29 31 36.82
29 32 46.62
29 33 36.72
29 34 8.92
29 35 58.86
29 36 12.33
29 37 7.47
29 38 21.7
29 39 33.06
29 40 59.16
29 41 87.58
29 42 44.67
29 43 34.71
29 44 2.72
29 45 81.91
29 46 31.96
29 47 13.52
29 48 94.89
29 49 17.82
30 31 75.93
30 32 27.06
30 33 57.94
30 34 66.87
30 35 42.92
30 36 67
30 37 78.62
30 38 13.45
30 39 40.93
30 40 27.79
30 41 23.35
30 42 29.84
30 43 97.63
30 44 80.97
30 45 61.76
30 46 98.28
30 47 68.95
30 48 68.07
30 49 13.39
31 32 95.92
31 33 93.53
31 34 63.36
31 35 43.71
31 36 99.72
31 37 18.09
31 38 46.6
31 39 71.42
31 40 26.1
31 41 51.61
31 42 95.07
31 43 48.5
31 44 19.98
31 45 60.73
31 46 14.43
31 47 37.01
31 48 43.8
31 49 44.22
32 33 78.71
32 34 20.28
32 35 1.3
32 36 91.39
32 37 43.91
32 38 48
32 39 65.09
32 40 78.16
32 41 10.29
32 42 48.25
32 43 34.13
32 44 44.2
32 45 39.83
32 46 63.86
32 47 44.66
32 48 5.52
32 49 32.15
33 34 96.22
33 35 50.53
33 36 74.25
33 37 95.91
33 38 49.47
33 39 3.82
33 40 21.38
33 41 2.09
33 42 77.3
33 43 22.08
33 44 44.04
33 45 35.86
33 46 24.87
33 47 18.34
33 48 59.27
33 49 74.3
34 35 73.18
34 36 69.02
34 37 89.02
34 38 83.84
34 39 51.02
34 40 75.53
34 41 31.28
34 42 13.77
34 43 58.25
34 44 94.53
34 45 97.73
34 46 68.12
34 47 38.76
34 48 73.56
34 49 21.93
35 36 74.54
35 37 52.92
35 38 33.42
35 39 27.17
35 40 91.44
35 41 2.06
35 42 95.1
35 43 93.96
35 44 87.59
35 45 73.14
35 46 84.39
35 47 36.08
35 48 69.3
35 49 70.84
36 37 24.17
36 38 27.47
36 39 8.6
36 40 84.25
36 41 63.8
36 42 27.1
36 43 71.52
36 44 93.11
36 45 50.23
36 46 98.83
36 47 83.26
36 48 76.3
36 49 57.91
37 38 31.11
37 39 58.93
37 40 67.21
37 41 82.33
37 42 88.85
37 43 65.67
37 44 48.48
37 45 44.2
37 46 67.81
37 47 61.9
37 48 42.52
37 49 85.96
38 39 10.72
38 40 44.1
38 41 24.98
38 42 26.99
38 43 31.42
38 44 46.85
38 45 72.42
38 46 78.12
38 47 14.73
38 48 87.93
38 49 71.26
39 40 1.65
39 41 91.46
39 42 47.93
39 43 37.74
39 44 32.45
39 45 51.94
39 46 97.07
39 47 73.11
39 48 68.78
39 49 43.84
40 41 13.39
40 42 12.82
40 43 98.87
40 44 67.63
40 45 1.37
40 46 35.54
40 47 11.03
40 48 45.14
40 49 45.27
41 42 21.92
41 43 99.24
41 44 94.98
41 45 65.69
41 46 94.19
41 47 11.66
41 48 17.11
41 49 62.24
42 43 84.67
42 44 58.11
42 45 52.34
42 46 22.81
42 47 32.92
42 48 2.04
42 49 38.53
43 44 75.15
43 45 84.69
43 46 98.17
43 47 44.89
43 48 75.11
43 49 66.44
44 45 32.92
44 46 48.51
44 47 2.81
44 48 85.25
44 49 36.62
45 46 66.74
45 47 49.19
45 48 49.65
45 49 51.76
46 47 45.19
46 48 22.36
46 49 16.67
47 48 55.22
47 49 32.17
48 49 16.37