49
0 1 79
0 2 87
0 3 74
0 4 9
0 5 46
0 6 50
0 7 19
0 8 27
0 9 12
0 10 65
0 11 99
0 12 28
0 13 44
0 14 23
0 15 70
0 16 71
0 17 91
0 18 38
0 19 79
0 20 25
0 21 45
0 22 50
0 23 78
0 24 15
0 25 50
0 26 28
0 27 2
0 28 59
0 29 1
0 30 88
0 31 55
0 32 3
0 33 53
0 34 84
0 35 84
0 36 93
0 37 57
0 38 12
0 39 81
0 40 78
0 41 76
0 42 3
0 43 36
0 44 94
0 45 11
0 46 66
0 47 64
0 48 11
1 2 25
1 3 22
1 4 38
1 5 51
1 6 34
1 7 64
1 8 42
1 9 35
1 10 53
1 11 1
1 12 29
1 13 28
1 14 23
1 15 59
1 16 39
1 17 28
1 18 70
1 19 64
1 20 91
1 21 51
1 22 35
1 23 1
1 24 8
1 25 92
1 26 80
1 27 32
1 28 11
1 29 81
1 30 90
1 31 90
1 32 10
1 33 14
1 34 41
1 35 21
1 36 79
1 37 83
1 38 10
1 39 40
1 40 28
1 41 79
1 42 63
1 43 73
1 44 14
1 45 43
1 46 35
1 47 73
1 48 82
2 3 99
2 4 98
2 5 76
2 6 63
2 7 83
2 8 66
2 9 17
2 10 69
2 11 82
2 12 7
2 13 91
2 14 65
2 15 61
2 16 48
2 17 41
2 18 20
2 19 26
2 20 37
2 21 75
2 22 87
2 23 9
2 24 75
2 25 15
2 26 72
2 27 39
2 28 33
2 29 92
2 30 28
2 31 54
2 32 3
2 33 79
2 34 11
2 35 66
2 36 24
2 37 17
2 38 89
2 39 78
2 40 42
2 41 19
2 42 33
2 43 39
2 44 25
2 45 72
2 46 18
2 47 43
2 48 69
3 4 39
3 5 20
3 6 84
3 7 23
3 8 77
3 9 3
3 10 3
3 11 32
3 12 79
3 13 64
3 14 49
3 15 78
3 16 65
3 17 29
3 18 74
3 19 94
3 20 31
3 21 19
3 22 59
3 23 74
3 24 3
3 25 16
3 26 72
3 27 5
3 28 36
3 29 19
3 30 11
3 31 92
3 32 49
3 33 60
3 34 3
3 35 6
3 36 75
3 37 77
3 38 26
3 39 9
3 40 35
3 41 24
3 42 90
3 43 61
3 44 91
3 45 52
3 46 34
3 47 13
3 48 50
4 5 21
4 6 13
4 7 53
4 8 11
4 9 41
4 10 81
4 11 4
4 12 75
4 13 47
4 14 47
4 15 64
4 16 52
4 17 58
4 18 40
4 19 38
4 20 20
4 21 85
4 22 17
4 23 26
4 24 94
4 25 42
4 26 51
4 27 16
4 28 33
4 29 56
4 30 68
4 31 49
4 32 89
4 33 29
4 34 25
4 35 83
4 36 89
4 37 35
4 38 73
4 39 5
4 40 66
4 41 82
4 42 43
4 43 40
4 44 51
4 45 52
4 46 42
4 47 56
4 48 32
5 6 92
5 7 17
5 8 35
5 9 47
5 10 64
5 11 44
5 12 12
5 13 88
5 14 50
5 15 25
5 16 64
5 17 30
5 18 76
5 19 20
5 20 5
5 21 78
5 22 25
5 23 49
5 24 59
5 25 6
5 26 23
5 27 59
5 28 64
5 29 66
5 30 81
5 31 16
5 32 84
5 33 33
5 34 63
5 35 15
5 36 60
5 37 41
5 38 39
5 39 97
5 40 78
5 41 21
5 42 13
5 43 63
5 44 56
5 45 82
5 46 80
5 47 76
5 48 31
6 7 11
6 8 9
6 9 77
6 10 11
6 11 67
6 12 55
6 13 2
6 14 2
6 15 50
6 16 14
6 17 43
6 18 8
6 19 61
6 20 8
6 21 46
6 22 22
6 23 48
6 24 2
6 25 68
6 26 21
6 27 98
6 28 61
6 29 86
6 30 71
6 31 37
6 32 24
6 33 60
6 34 96
6 35 65
6 36 81
6 37 74
6 38 75
6 39 89
6 40 1
6 41 35
6 42 98
6 43 62
6 44 33
6 45 4
6 46 2
6 47 58
6 48 3
7 8 11
7 9 72
7 10 96
7 11 84
7 12 28
7 13 64
7 14 2
7 15 18
7 16 49
7 17 39
7 18 43
7 19 3
7 20 6
7 21 79
7 22 57
7 23 88
7 24 21
7 25 78
7 26 84
7 27 9
7 28 61
7 29 77
7 30 60
7 31 64
7 32 27
7 33 81
7 34 71
7 35 71
7 36 70
7 37 29
7 38 10
7 39 13
7 40 4
7 41 6
7 42 54
7 43 5
7 44 52
7 45 1
7 46 94
7 47 16
7 48 42
8 9 82
8 10 38
8 11 5
8 12 76
8 13 29
8 14 46
8 15 73
8 16 77
8 17 78
8 18 27
8 19 79
8 20 33
8 21 47
8 22 24
8 23 37
8 24 82
8 25 16
8 26 43
8 27 79
8 28 82
8 29 28
8 30 34
8 31 76
8 32 53
8 33 69
8 34 80
8 35 75
8 36 63
8 37 31
8 38 67
8 39 1
8 40 68
8 41 52
8 42 17
8 43 34
8 44 33
8 45 41
8 46 41
8 47 74
8 48 34
9 10 27
9 11 57
9 12 95
9 13 55
9 14 84
9 15 2
9 16 94
9 17 42
9 18 55
9 19 48
9 20 1
9 21 98
9 22 51
9 23 67
9 24 28
9 25 95
9 26 8
9 27 23
9 28 82
9 29 96
9 30 40
9 31 26
9 32 14
9 33 19
9 34 39
9 35 58
9 36 5
9 37 22
9 38 71
9 39 19
9 40 74
9 41 89
9 42 8
9 43 8
9 44 56
9 45 25
9 46 76
9 47 32
9 48 12
10 11 13
10 12 91
10 13 14
10 14 21
10 15 28
10 16 14
10 17 27
10 18 12
10 19 1
10 20 38
10 21 48
10 22 36
10 23 34
10 24 30
10 25 69
10 26 36
10 27 45
10 28 22
10 29 3
10 30 43
10 31 11
10 32 20
10 33 24
10 34 70
10 35 71
10 36 55
10 37 24
10 38 24
10 39 17
10 40 85
10 41 4
10 42 70
10 43 40
10 44 17
10 45 48
10 46 93
10 47 54
10 48 48
11 12 38
11 13 59
11 14 58
11 15 63
11 16 45
11 17 46
11 18 70
11 19 82
11 20 39
11 21 82
11 22 3
11 23 70
11 24 80
11 25 89
11 26 75
11 27 6
11 28 45
11 29 2
11 30 91
11 31 66
11 32 3
11 33 11
11 34 32
11 35 25
11 36 1
11 37 3
11 38 18
11 39 69
11 40 33
11 41 74
11 42 41
11 43 69
11 44 45
11 45 13
11 46 31
11 47 46
11 48 55
12 13 98
12 14 61
12 15 69
12 16 12
12 17 56
12 18 87
12 19 49
12 20 3
12 21 81
12 22 37
12 23 29
12 24 1
12 25 78
12 26 61
12 27 72
12 28 21
12 29 31
12 30 87
12 31 86
12 32 51
12 33 76
12 34 39
12 35 27
12 36 56
12 37 90
12 38 50
12 39 37
12 40 81
12 41 29
12 42 61
12 43 60
12 44 13
12 45 52
12 46 76
12 47 37
12 48 19
13 14 59
13 15 63
13 16 59
13 17 96
13 18 78
13 19 10
13 20 16
13 21 79
13 22 72
13 23 36
13 24 6
13 25 31
13 26 79
13 27 1
13 28 5
13 29 44
13 30 55
13 31 25
13 32 30
13 33 22
13 34 56
13 35 26
13 36 35
13 37 98
13 38 39
13 39 22
13 40 50
13 41 94
13 42 66
13 43 26
13 44 50
13 45 61
13 46 50
13 47 78
13 48 41
14 15 35
14 16 36
14 17 2
14 18 76
14 19 40
14 20 17
14 21 58
14 22 52
14 23 98
14 24 69
14 25 46
14 26 42
14 27 72
14 28 64
14 29 94
14 30 68
14 31 4
14 32 37
14 33 39
14 34 89
14 35 26
14 36 91
14 37 33
14 38 9
14 39 60
14 40 37
14 41 39
14 42 3
14 43 65
14 44 88
14 45 31
14 46 33
14 47 79
14 48 40
15 16 60
15 17 37
15 18 90
15 19 31
15 20 79
15 21 82
15 22 66
15 23 29
15 24 6
15 25 14
15 26 35
15 27 59
15 28 85
15 29 18
15 30 28
15 31 66
15 32 64
15 33 41
15 34 98
15 35 78
15 36 5
15 37 24
15 38 16
15 39 90
15 40 72
15 41 87
15 42 49
15 43 76
15 44 15
15 45 15
15 46 10
15 47 74
15 48 95
16 17 23
16 18 22
16 19 47
16 20 97
16 21 33
16 22 48
16 23 85
16 24 34
16 25 86
16 26 45
16 27 8
16 28 52
16 29 98
16 30 80
16 31 75
16 32 45
16 33 55
16 34 15
16 35 96
16 36 75
16 37 40
16 38 56
16 39 61
16 40 34
16 41 63
16 42 37
16 43 36
16 44 3
16 45 66
16 46 47
16 47 95
16 48 83
17 18 81
17 19 90
17 20 66
17 21 89
17 22 92
17 23 93
17 24 17
17 25 29
17 26 85
17 27 20
17 28 39
17 29 55
17 30 27
17 31 19
17 32 46
17 33 27
17 34 67
17 35 17
17 36 86
17 37 91
17 38 9
17 39 54
17 40 82
17 41 34
17 42 6
17 43 91
17 44 12
17 45 91
17 46 66
17 47 20
17 48 91
18 19 36
18 20 49
18 21 45
18 22 26
18 23 42
18 24 53
18 25 80
18 26 52
18 27 75
18 28 39
18 29 91
18 30 78
18 31 67
18 32 95
18 33 57
18 34 62
18 35 56
18 36 25
18 37 29
18 38 78
18 39 17
18 40 85
18 41 89
18 42 48
18 43 1
18 44 6
18 45 13
18 46 67
18 47 45
18 48 65
19 20 81
19 21 30
19 22 45
19 23 17
19 24 20
19 25 48
19 26 66
19 27 49
19 28 67
19 29 40
19 30 60
19 31 33
19 32 12
19 33 26
19 34 14
19 35 14
19 36 60
19 37 38
19 38 87
19 39 90
19 40 34
19 41 57
19 42 30
19 43 21
19 44 36
19 45 61
19 46 40
19 47 47
19 48 57
20 21 89
20 22 33
20 23 5
20 24 33
20 25 15
20 26 13
20 27 30
20 28 35
20 29 84
20 30 41
20 31 6
20 32 23
20 33 64
20 34 7
20 35 21
20 36 57
20 37 65
20 38 68
20 39 89
20 40 14
20 41 80
20 42 87
20 43 32
20 44 62
20 45 8
20 46 63
20 47 26
20 48 58
21 22 68
21 23 38
21 24 72
21 25 52
21 26 61
21 27 94
21 28 48
21 29 42
21 30 49
21 31 43
21 32 65
21 33 56
21 34 32
21 35 76
21 36 63
21 37 40
21 38 20
21 39 20
21 40 18
21 41 74
21 42 33
21 43 90
21 44 88
21 45 95
21 46 37
21 47 4
21 48 34
22 23 37
22 24 77
22 25 95
22 26 84
22 27 43
22 28 70
22 29 41
22 30 97
22 31 47
22 32 15
22 33 70
22 34 96
22 35 11
22 36 10
22 37 15
22 38 52
22 39 18
22 40 30
22 41 44
22 42 31
22 43 56
22 44 7
22 45 71
22 46 10
22 47 42
22 48 52
23 24 15
23 25 39
23 26 21
23 27 55
23 28 32
23 29 59
23 30 4
23 31 76
23 32 20
23 33 72
23 34 59
23 35 12
23 36 39
23 37 77
23 38 13
23 39 27
23 40 21
23 41 25
23 42 54
23 43 42
23 44 62
23 45 19
23 46 99
23 47 35
23 48 45
24 25 54
24 26 73
24 27 36
24 28 96
24 29 74
24 30 83
24 31 71
24 32 15
24 33 32
24 34 32
24 35 99
24 36 79
24 37 63
24 38 79
24 39 36
24 40 6
24 41 67
24 42 97
24 43 38
24 44 43
24 45 73
24 46 31
24 47 57
24 48 56
25 26 91
25 27 12
25 28 45
25 29 92
25 30 62
25 31 39
25 32 59
25 33 44
25 34 3
25 35 76
25 36 50
25 37 32
25 38 20
25 39 75
25 40 97
25 41 66
25 42 59
25 43 65
25 44 12
25 45 2
25 46 19
25 47 69
25 48 40
26 27 29
26 28 31
26 29 66
26 30 48
26 31 19
26 32 62
26 33 13
26 34 97
26 35 38
26 36 97
26 37 51
26 38 29
26 39 3
26 40 71
26 41 98
26 42 73
26 43 34
26 44 85
26 45 63
26 46 1
26 47 38
26 48 72
27 28 91
27 29 16
27 30 45
27 31 30
27 32 27
27 33 67
27 34 74
27 35 3
27 36 95
27 37 5
27 38 30
27 39 47
27 40 85
27 41 83
27 42 35
27 43 80
27 44 39
27 45 12
27 46 29
27 47 61
27 48 77
28 29 18
28 30 87
28 31 84
28 32 69
28 33 81
28 34 40
28 35 20
28 36 45
28 37 51
28 38 35
28 39 8
28 40 84
28 41 89
28 42 28
28 43 54
28 44 19
28 45 44
28 46 10
28 47 31
28 48 69
29 30 77
29 31 9
29 32 37
29 33 49
29 34 19
29 35 66
29 36 7
29 37 4
29 38 66
29 39 74
29 40 35
29 41 61
29 42 75
29 43 20
29 44 18
29 45 26
29 46 99
29 47 14
29 48 23
30 31 43
30 32 45
30 33 67
30 34 48
30 35 19
30 36 69
30 37 10
30 38 40
30 39 5
30 40 12
30 41 79
30 42 26
30 43 5
30 44 30
30 45 76
30 46 74
30 47 53
30 48 56
31 32 63
31 33 80
31 34 76
31 35 49
31 36 84
31 37 7
31 38 15
31 39 11
31 40 64
31 41 70
31 42 4
31 43 13
31 44 60
31 45 42
31 46 64
31 47 89
31 48 84
32 33 89
32 34 59
32 35 6
32 36 22
32 37 63
32 38 33
32 39 27
32 40 41
32 41 36
32 42 82
32 43 64
32 44 1
32 45 56
32 46 43
32 47 65
32 48 87
33 34 60
33 35 19
33 36 59
33 37 86
33 38 46
33 39 95
33 40 87
33 41 37
33 42 76
33 43 60
33 44 12
33 45 57
33 46 76
33 47 47
33 48 98
34 35 85
34 36 69
34 37 85
34 38 61
34 39 11
34 40 35
34 41 36
34 42 66
34 43 73
34 44 19
34 45 59
34 46 57
34 47 87
34 48 99
35 36 48
35 37 81
35 38 27
35 39 6
35 40 87
35 41 41
35 42 32
35 43 73
35 44 13
35 45 33
35 46 85
35 47 23
35 48 81
36 37 19
36 38 26
36 39 20
36 40 43
36 41 19
36 42 63
36 43 77
36 44 79
36 45 19
36 46 48
36 47 45
36 48 70
37 38 68
37 39 49
37 40 38
37 41 12
37 42 71
37 43 52
37 44 48
37 45 78
37 46 13
37 47 12
37 48 6
38 39 32
38 40 91
38 41 35
38 42 6
38 43 98
38 44 77
38 45 98
38 46 82
38 47 39
38 48 1
39 40 74
39 41 56
39 42 65
39 43 54
39 44 95
39 45 3
39 46 47
39 47 59
39 48 28
40 41 82
40 42 95
40 43 11
40 44 63
40 45 86
40 46 33
40 47 36
40 48 51
41 42 16
41 43 31
41 44 87
41 45 73
41 46 36
41 47 74
41 48 85
42 43 28
42 44 22
42 45 20
42 46 33
42 47 17
42 48 52
43 44 93
43 45 77
43 46 23
43 47 44
43 48 22
44 45 77
44 46 79
44 47 69
44 48 18
45 46 44
45 47 43
45 48 46
46 47 35
46 48 93
47 48 76