50
0 1 15
0 2 45
1 3 65
2 6 40
2 7 85
3 6 25
3 0 25
4 1 75
4 3 55
5 1 52
5 3 65
7 10 75
8 3 75
8 9 60
9 12 25
10 9 50
11 5 75
11 12 75
12 13 80
13 2 55
13 16 55
14 4 65
14 11 50
15 5 55
15 11 50
16 8 45
16 10 50
17 11 2.45
17 15 1.56
18 3 4.65
18 14 3.55
19 0 2.55
19 2 1.55
20 10 3.55
20 9 5.75
21 6 3.50
21 2 2.75
22 3 5.60
22 6 3.75
23 14 4.95
23 3 5.55
24 4 4.95
24 3 5.55
25 1 6.50
25 11 7.55
26 3 8.95
26 0 9.50
27 22 8.75
27 8 5.75
28 9 5.35
28 10 8.75
29 12 5.75
29 3 3.80
30 29 7.85
30 11 6.55
31 6 4.55
31 19 3.65
38 27 7.65
38 21 5.67
37 9 6.96
37 13 3.25
36 9 5.55
36 7 4.55
35 9 3.65
35 34 4.55
34 3 7.75
32 15 8.85
32 33 9.55
33 14 3.45
39 26 5.55
40 39 6.55
40 34 3.75
41 8 5.75
8 42 4.55
41 1 5.65
42 10 7.55
42 43 8.55
43 45 9.55
45 44 4.55
44 41 4.75
45 31 5.75
46 19 6.75
46 37 4.45
47 48 5.55
47 35 6.66
48 37 7.77
49 23 8.88
49 27 3.54
