47
0 1 0.687
0 3 0.361
0 5 0.479
0 7 0.328
0 8 0.551
0 9 0.249
0 11 0.908
0 16 0.002
0 19 0.964
0 20 0.39
0 23 0.9
0 25 0.849
0 26 0.033
0 28 0.752
0 29 0.854
0 30 0.154
0 32 0.055
0 33 0.422
0 36 0.793
0 37 0.635
0 38 0.28
0 40 0.423
0 42 0.7
0 44 0.659
0 46 0.171
1 3 0.216
1 5 0.367
1 6 0.368
1 7 0.267
1 8 0.348
1 9 0.074
1 10 0.362
1 11 0.237
1 12 0.824
1 13 0.315
1 14 0.348
1 16 0.949
1 17 0.364
1 21 0.814
1 22 0.26
1 23 0.373
1 25 0.589
1 26 0.795
1 28 0.973
1 30 0.282
1 32 0.983
1 33 0.706
1 34 0.144
1 36 0.178
1 37 0.659
1 39 0.124
1 40 0.326
1 41 0.477
1 42 0.334
1 44 0.274
2 3 0.386
2 5 0.828
2 6 0.662
2 7 0.815
2 8 0.892
2 10 0.01
2 11 0.19
2 12 0.695
2 13 0.49
2 14 0.131
2 15 0.577
2 19 0.892
2 22 0.179
2 25 0.192
2 27 0.522
2 29 0.378
2 32 0.135
2 33 0.211
2 37 0.034
2 38 0.213
2 42 0.273
2 44 0.49
2 45 0.548
2 46 0.789
3 7 0.415
3 8 0.967
3 9 0.581
3 10 0.257
3 12 0.335
3 13 0.187
3 14 0.337
3 15 0.363
3 17 0.797
3 18 0.004
3 24 0.893
3 26 0.852
3 30 0.95
3 31 0.22
3 32 0.236
3 37 0.312
3 38 0.169
3 39 0.063
3 40 0.779
3 41 0.27
3 42 0.417
3 43 0.363
3 44 0.562
3 46 0.819
4 5 0.747
4 6 0.275
4 7 0.411
4 8 0.64
4 9 0.269
4 10 0.826
4 14 0.548
4 15 0.558
4 16 0.607
4 19 0.081
4 20 0.821
4 21 0.649
4 25 0.547
4 27 0.827
4 29 0.465
4 30 0.243
4 31 0.114
4 32 0.154
4 33 0.928
4 35 0.191
4 36 0.522
4 37 0.576
4 38 0.253
4 39 0.047
4 41 0.33
4 43 0.21
4 46 0.261
5 6 0.297
5 7 0.815
5 11 0.795
5 12 0.299
5 13 0.048
5 14 0.467
5 15 0.453
5 18 0.801
5 21 0.043
5 27 0.685
5 29 0.217
5 31 0.652
5 33 0.035
5 35 0.252
5 36 0.786
5 38 0.12
5 40 0.607
5 41 0.359
5 42 0.394
5 43 0.875
5 44 0.946
6 7 0.346
6 8 0.213
6 9 0.543
6 10 0.956
6 11 0.683
6 17 0.57
6 18 0.325
6 19 0.505
6 20 0.497
6 21 0.071
6 22 0.548
6 25 0.257
6 26 0.405
6 27 0.386
6 30 0.826
6 32 0.55
6 33 0.257
6 35 0.029
6 37 0.809
6 40 0.468
6 41 0.996
6 45 0.733
7 10 0.713
7 11 0.412
7 13 0.935
7 18 0.095
7 19 0.799
7 20 0.824
7 24 0.552
7 26 0.151
7 27 0.401
7 28 0.805
7 29 0.474
7 32 0.775
7 34 0.559
7 35 0.753
7 41 0.717
7 42 0.689
7 43 0.058
7 45 0.27
7 46 0.684
8 9 0.034
8 12 0.839
8 14 0.22
8 15 0.28
8 17 0.549
8 19 0.892
8 21 0.645
8 24 0.196
8 25 0.727
8 29 0.427
8 33 0.534
8 36 0.461
8 40 0.739
8 42 0.58
8 44 0.264
9 10 0.73
9 13 0.387
9 14 0.331
9 19 0.886
9 20 0.478
9 22 0.449
9 23 0.082
9 25 0.881
9 26 0.775
9 27 0.214
9 29 0.074
9 30 0.124
9 32 0.673
9 34 0.726
9 35 0.37
9 36 0.293
9 37 0.422
9 41 0.74
9 43 0.062
9 44 0.257
9 45 0.797
9 46 0.523
10 11 0.941
10 13 0.151
10 14 0.318
10 15 0.388
10 16 0.603
10 17 0.67
10 18 0.465
10 19 0.413
10 20 0.366
10 21 0.841
10 22 0.378
10 25 0.399
10 26 0.659
10 28 0.742
10 29 0.165
10 30 0.316
10 31 0.968
10 33 0.767
10 34 0.539
10 35 0.027
10 36 0.333
10 40 0.031
10 46 0.912
11 14 0.811
11 15 0.05
11 17 0.579
11 18 0.643
11 19 0.704
11 20 0.711
11 23 0.214
11 25 0.493
11 26 0.39
11 28 0.321
11 30 0.211
11 32 0.628
11 34 0.192
11 35 0.382
11 36 0.289
11 40 0.173
11 41 0.571
11 43 0.215
11 44 0.239
11 45 0.382
12 13 0.668
12 15 0.947
12 16 0.772
12 19 0.022
12 20 0.567
12 21 0.32
12 24 0.078
12 27 0.689
12 28 0.62
12 31 0.199
12 32 0.772
12 34 0.404
12 35 0.261
12 37 0.346
12 41 0.3
12 42 0.812
12 44 0.925
13 14 0.326
13 18 0.672
13 20 0.066
13 21 0.798
13 22 0.184
13 23 0.793
13 24 0.888
13 25 0.43
13 27 0.354
13 31 0.55
13 32 0.422
13 33 0.239
13 35 0.597
13 37 0.83
13 38 0.812
13 40 0.658
13 43 0.386
13 46 0.244
14 15 0.164
14 16 0.609
14 17 0.784
14 20 0.955
14 21 0.05
14 22 0.695
14 23 0.14
14 24 0.753
14 25 0.397
14 26 0.278
14 27 0.224
14 28 0.044
14 29 0.653
14 31 0.684
14 32 0.744
14 34 0.62
14 35 0.969
14 38 0.765
14 40 0.465
14 42 0.575
14 43 0.661
14 45 0.002
15 16 0.637
15 18 0.891
15 21 0.54
15 22 0.756
15 23 0.436
15 24 0.56
15 25 0.201
15 26 0.711
15 27 0.476
15 29 0.319
15 30 0.979
15 31 0.93
15 32 0.048
15 33 0.434
15 34 0.137
15 37 0.525
15 38 0.275
15 40 0.254
15 41 0.519
16 17 0.253
16 18 0.81
16 19 0.292
16 25 0.736
16 27 0.597
16 28 0.535
16 29 0.461
16 30 0.941
16 32 0.467
16 35 0.071
16 36 0.594
16 37 0.493
16 39 0.107
16 40 0.416
16 41 0.73
16 42 0.624
16 43 0.257
16 45 0.848
16 46 0.317
17 18 0.299
17 19 0.114
17 21 0.252
17 22 0.309
17 23 0.018
17 25 0.834
17 26 0.24
17 27 0.684
17 28 0.843
17 31 0.317
17 33 0.047
17 34 0.117
17 35 0.791
17 37 0.711
17 38 0.33
17 39 0.032
17 41 0.657
17 42 0.199
17 46 0.712
18 19 0.616
18 20 0.634
18 21 0.901
18 22 0.995
18 24 0.831
18 25 0.69
18 26 0.321
18 28 0.786
18 29 0.07
18 33 0.455
18 34 0.056
18 35 0.759
18 37 0.363
18 39 0.869
18 41 0.636
18 42 0.213
18 43 0.709
18 45 0.228
18 46 0.805
19 20 0.369
19 22 0.025
19 24 0.677
19 26 0.08
19 27 0.587
19 28 0.626
19 29 0.71
19 30 0.495
19 31 0.6
19 32 0.598
19 33 0.562
19 34 0.335
19 35 0.687
19 36 0.237
19 37 0.719
19 38 0.822
19 39 0.325
19 42 0.339
19 43 0.51
19 45 0.879
19 46 0.921
20 21 0.22
20 25 0.17
20 26 0.993
20 27 0.824
20 29 0.177
20 30 0.791
20 31 0.604
20 34 0.08
20 36 0.266
20 39 0.26
20 40 0.325
20 41 0.807
20 43 0.167
20 46 0.651
21 24 0.843
21 25 0.178
21 26 0.102
21 28 0.106
21 31 0.884
21 33 0.611
21 34 0.867
21 36 0.589
21 37 0.387
21 38 0.845
21 41 0.539
21 42 0.604
21 43 0.89
21 45 0.016
22 26 0.781
22 28 0.676
22 29 0.688
22 31 0.054
22 32 0.936
22 34 0.309
22 35 0.333
22 36 0.615
22 37 0.073
22 40 0.27
22 42 0.917
22 43 0.137
22 45 0.92
22 46 0.823
23 24 0.525
23 25 0.231
23 26 0.719
23 27 0.591
23 31 0.97
23 32 0.239
23 34 0.612
23 37 0.623
23 38 0.547
23 39 0.695
23 40 0.669
23 42 0.433
23 43 0.371
23 45 0.412
24 25 0.023
24 29 0.1
24 30 0.305
24 31 0.644
24 33 0.038
24 34 0.809
24 35 0.459
24 36 0.453
24 38 0.851
24 41 0.846
24 43 0.316
24 44 0.241
24 45 0.461
24 46 0.903
25 28 0.186
25 30 0.06
25 31 0.212
25 32 0.287
25 35 0.271
25 36 0.922
25 40 0.715
25 41 0.504
25 42 0.751
25 43 0.726
25 45 0.298
26 28 0.862
26 30 0.421
26 31 0.952
26 33 0.363
26 35 0.645
26 39 0.97
26 40 0.035
26 41 0.981
26 44 0.927
26 45 0.873
27 29 0.267
27 30 0.37
27 31 0.74
27 33 0.785
27 34 0.099
27 36 0.939
27 37 0.303
27 38 0.022
27 39 0.573
27 41 0.858
27 43 0.934
27 44 0.661
28 29 0.595
28 30 0.615
28 31 0.949
28 34 0.107
28 37 0.229
28 38 0.403
28 39 0.39
28 42 0.25
28 43 0.833
28 45 0.559
28 46 0.461
29 31 0.518
29 32 0.185
29 33 0.3
29 34 0.04
29 39 0.693
29 41 0.632
29 42 0.07
29 43 0.46
29 45 0.668
29 46 0.068
30 31 0.053
30 32 0.294
30 33 0.138
30 34 0.253
30 36 0.333
30 42 0.366
30 45 0.319
30 46 0.443
31 32 0.687
31 34 0.541
31 35 0.836
31 36 0.526
31 37 0.585
31 38 0.256
31 44 0.212
31 45 0.07
32 33 0.858
32 35 0.641
32 36 0.2
32 37 0.421
32 38 0.885
32 41 0.483
32 42 0.913
33 36 0.442
33 37 0.76
33 41 0.355
33 42 0.982
33 44 0.241
33 45 0.541
33 46 0.915
34 36 0.547
34 38 0.325
34 41 0.622
34 43 0.981
34 44 0.186
34 45 0.194
34 46 0.247
35 38 0.399
35 40 0.629
35 41 0.579
35 42 0.659
35 43 0.428
35 45 0.007
35 46 0.957
36 39 0.138
36 40 0.148
36 41 0.078
36 42 0.694
36 45 0.358
36 46 0.987
37 38 0.847
37 40 0.457
37 41 0.745
37 42 0.024
37 45 0.482
37 46 0.51
38 40 0.897
38 41 0.943
38 42 0.949
38 43 0.38
38 44 0.673
38 45 0.704
38 46 0.349
39 40 0.703
39 42 0.858
39 46 0.908
40 41 0.557
40 42 0.084
40 43 0.727
40 44 0.392
41 42 0.404
41 43 0.139
41 45 0.588
42 43 0.368
42 44 0.545
42 45 0.977
42 46 0.448
43 45 0.286
43 46 0.489
44 46 0.15
45 46 0.262