45
0 1 61
0 2 10
0 3 30
0 4 59
0 5 89
0 6 19
0 7 25
0 8 64
0 9 92
0 10 16
0 11 4
0 12 78
0 13 56
0 14 21
0 15 81
0 16 4
0 17 82
0 18 21
0 19 52
0 20 57
0 21 12
0 22 51
0 23 92
0 24 71
0 25 53
0 26 17
0 27 71
0 28 29
0 29 16
0 30 51
0 31 24
0 32 23
0 33 48
0 34 17
0 35 90
0 36 13
0 37 82
0 38 86
0 39 74
0 40 83
0 41 81
0 42 4
0 43 39
0 44 51
1 2 97
1 3 77
1 4 98
1 5 73
1 6 86
1 7 30
1 8 72
1 9 25
1 10 64
1 11 53
1 12 39
1 13 77
1 14 45
1 15 19
1 16 69
1 17 78
1 18 48
1 19 15
1 20 69
1 21 99
1 22 85
1 23 78
1 24 99
1 25 41
1 26 14
1 27 62
1 28 25
1 29 51
1 30 29
1 31 27
1 32 48
1 33 57
1 34 3
1 35 17
1 36 65
1 37 61
1 38 6
1 39 91
1 40 93
1 41 53
1 42 16
1 43 89
1 44 13
2 3 73
2 4 83
2 5 55
2 6 36
2 7 68
2 8 19
2 9 85
2 10 26
2 11 4
2 12 61
2 13 74
2 14 94
2 15 28
2 16 17
2 17 80
2 18 89
2 19 70
2 20 18
2 21 45
2 22 35
2 23 73
2 24 31
2 25 23
2 26 91
2 27 96
2 28 6
2 29 39
2 30 63
2 31 62
2 32 33
2 33 94
2 34 53
2 35 63
2 36 43
2 37 87
2 38 85
2 39 74
2 40 52
2 41 1
2 42 45
2 43 24
2 44 66
3 4 93
3 5 93
3 6 36
3 7 84
3 8 9
3 9 47
3 10 74
3 11 30
3 12 23
3 13 58
3 14 86
3 15 84
3 16 59
3 17 69
3 18 56
3 19 14
3 20 5
3 21 7
3 22 17
3 23 79
3 24 27
3 25 13
3 26 23
3 27 96
3 28 7
3 29 79
3 30 41
3 31 10
3 32 24
3 33 92
3 34 66
3 35 62
3 36 64
3 37 66
3 38 78
3 39 59
3 40 98
3 41 31
3 42 40
3 43 26
3 44 89
4 5 89
4 6 76
4 7 30
4 8 77
4 9 41
4 10 48
4 11 72
4 12 46
4 13 64
4 14 47
4 15 89
4 16 20
4 17 2
4 18 36
4 19 59
4 20 31
4 21 91
4 22 64
4 23 87
4 24 90
4 25 3
4 26 87
4 27 96
4 28 72
4 29 17
4 30 41
4 31 23
4 32 53
4 33 12
4 34 90
4 35 13
4 36 80
4 37 36
4 38 39
4 39 76
4 40 70
4 41 42
4 42 56
4 43 36
4 44 84
5 6 30
5 7 98
5 8 7
5 9 89
5 10 25
5 11 62
5 12 34
5 13 89
5 14 99
5 15 89
5 16 55
5 17 41
5 18 21
5 19 29
5 20 65
5 21 2
5 22 27
5 23 69
5 24 2
5 25 2
5 26 26
5 27 10
5 28 94
5 29 17
5 30 7
5 31 25
5 32 3
5 33 80
5 34 23
5 35 10
5 36 44
5 37 78
5 38 18
5 39 11
5 40 58
5 41 51
5 42 15
5 43 85
5 44 63
6 7 92
6 8 1
6 9 5
6 10 30
6 11 55
6 12 5
6 13 45
6 14 14
6 15 35
6 16 66
6 17 13
6 18 47
6 19 79
6 20 74
6 21 15
6 22 73
6 23 4
6 24 52
6 25 13
6 26 71
6 27 89
6 28 15
6 29 97
6 30 33
6 31 77
6 32 23
6 33 98
6 34 91
6 35 39
6 36 64
6 37 29
6 38 84
6 39 91
6 40 79
6 41 79
6 42 31
6 43 15
6 44 97
7 8 91
7 9 11
7 10 42
7 11 72
7 12 34
7 13 7
7 14 88
7 15 33
7 16 32
7 17 92
7 18 33
7 19 14
7 20 96
7 21 46
7 22 23
7 23 74
7 24 88
7 25 71
7 26 80
7 27 18
7 28 86
7 29 26
7 30 20
7 31 36
7 32 30
7 33 61
7 34 23
7 35 36
7 36 12
7 37 69
7 38 28
7 39 58
7 40 78
7 41 11
7 42 81
7 43 92
7 44 89
8 9 34
8 10 55
8 11 3
8 12 10
8 13 19
8 14 49
8 15 71
8 16 15
8 17 60
8 18 96
8 19 97
8 20 34
8 21 92
8 22 64
8 23 44
8 24 23
8 25 45
8 26 99
8 27 57
8 28 12
8 29 35
8 30 15
8 31 56
8 32 69
8 33 32
8 34 51
8 35 60
8 36 36
8 37 2
8 38 77
8 39 32
8 40 34
8 41 28
8 42 8
8 43 14
8 44 87
9 10 54
9 11 90
9 12 58
9 13 94
9 14 19
9 15 15
9 16 63
9 17 58
9 18 72
9 19 82
9 20 30
9 21 1
9 22 98
9 23 8
9 24 98
9 25 86
9 26 53
9 27 21
9 28 81
9 29 12
9 30 36
9 31 98
9 32 31
9 33 52
9 34 62
9 35 63
9 36 56
9 37 17
9 38 76
9 39 74
9 40 67
9 41 28
9 42 41
9 43 22
9 44 41
10 11 39
10 12 65
10 13 61
10 14 93
10 15 94
10 16 89
10 17 33
10 18 35
10 19 56
10 20 41
10 21 73
10 22 75
10 23 42
10 24 26
10 25 22
10 26 6
10 27 10
10 28 23
10 29 78
10 30 68
10 31 59
10 32 40
10 33 84
10 34 76
10 35 3
10 36 91
10 37 48
10 38 32
10 39 42
10 40 14
10 41 27
10 42 67
10 43 21
10 44 57
11 12 56
11 13 45
11 14 50
11 15 76
11 16 83
11 17 28
11 18 99
11 19 36
11 20 16
11 21 37
11 22 70
11 23 26
11 24 46
11 25 97
11 26 62
11 27 15
11 28 12
11 29 14
11 30 22
11 31 6
11 32 80
11 33 11
11 34 84
11 35 92
11 36 80
11 37 64
11 38 78
11 39 52
11 40 13
11 41 4
11 42 49
11 43 47
11 44 71
12 13 26
12 14 28
12 15 76
12 16 4
12 17 35
12 18 85
12 19 2
12 20 69
12 21 70
12 22 79
12 23 40
12 24 65
12 25 34
12 26 65
12 27 19
12 28 92
12 29 23
12 30 20
12 31 37
12 32 77
12 33 8
12 34 13
12 35 79
12 36 80
12 37 61
12 38 47
12 39 41
12 40 57
12 41 81
12 42 61
12 43 17
12 44 47
13 14 35
13 15 74
13 16 51
13 17 83
13 18 8
13 19 64
13 20 46
13 21 67
13 22 1
13 23 62
13 24 45
13 25 71
13 26 26
13 27 51
13 28 78
13 29 29
13 30 10
13 31 13
13 32 2
13 33 98
13 34 54
13 35 20
13 36 62
13 37 70
13 38 28
13 39 96
13 40 97
13 41 4
13 42 73
13 43 10
13 44 7
14 15 82
14 16 17
14 17 54
14 18 56
14 19 73
14 20 75
14 21 81
14 22 93
14 23 84
14 24 98
14 25 29
14 26 72
14 27 57
14 28 85
14 29 34
14 30 32
14 31 19
14 32 34
14 33 59
14 34 94
14 35 70
14 36 65
14 37 20
14 38 4
14 39 70
14 40 93
14 41 46
14 42 27
14 43 32
14 44 21
15 16 1
15 17 28
15 18 39
15 19 23
15 20 74
15 21 97
15 22 56
15 23 17
15 24 11
15 25 52
15 26 69
15 27 99
15 28 97
15 29 36
15 30 96
15 31 29
15 32 80
15 33 65
15 34 64
15 35 33
15 36 68
15 37 10
15 38 44
15 39 33
15 40 40
15 41 17
15 42 5
15 43 67
15 44 11
16 17 1
16 18 51
16 19 1
16 20 40
16 21 72
16 22 75
16 23 68
16 24 94
16 25 83
16 26 44
16 27 75
16 28 27
16 29 53
16 30 79
16 31 73
16 32 72
16 33 34
16 34 47
16 35 77
16 36 19
16 37 16
16 38 13
16 39 61
16 40 16
16 41 32
16 42 49
16 43 58
16 44 94
17 18 57
17 19 14
17 20 20
17 21 41
17 22 57
17 23 92
17 24 32
17 25 24
17 26 29
17 27 49
17 28 40
17 29 78
17 30 22
17 31 86
17 32 3
17 33 97
17 34 89
17 35 64
17 36 44
17 37 26
17 38 85
17 39 21
17 40 33
17 41 23
17 42 93
17 43 61
17 44 44
18 19 42
18 20 24
18 21 78
18 22 91
18 23 83
18 24 27
18 25 41
18 26 27
18 27 26
18 28 29
18 29 8
18 30 69
18 31 1
18 32 26
18 33 89
18 34 37
18 35 76
18 36 82
18 37 20
18 38 48
18 39 22
18 40 75
18 41 45
18 42 67
18 43 53
18 44 14
19 20 42
19 21 70
19 22 62
19 23 77
19 24 47
19 25 60
19 26 53
19 27 28
19 28 77
19 29 51
19 30 41
19 31 32
19 32 64
19 33 61
19 34 31
19 35 77
19 36 85
19 37 44
19 38 26
19 39 73
19 40 66
19 41 8
19 42 73
19 43 47
19 44 41
20 21 86
20 22 20
20 23 91
20 24 57
20 25 12
20 26 12
20 27 90
20 28 47
20 29 10
20 30 97
20 31 80
20 32 49
20 33 22
20 34 24
20 35 97
20 36 33
20 37 89
20 38 49
20 39 31
20 40 95
20 41 65
20 42 36
20 43 93
20 44 45
21 22 14
21 23 66
21 24 51
21 25 92
21 26 77
21 27 61
21 28 2
21 29 81
21 30 1
21 31 71
21 32 57
21 33 82
21 34 4
21 35 3
21 36 55
21 37 42
21 38 36
21 39 90
21 40 42
21 41 30
21 42 35
21 43 27
21 44 35
22 23 97
22 24 25
22 25 83
22 26 42
22 27 99
22 28 57
22 29 94
22 30 2
22 31 48
22 32 4
22 33 99
22 34 72
22 35 5
22 36 6
22 37 94
22 38 30
22 39 38
22 40 32
22 41 7
22 42 20
22 43 53
22 44 99
23 24 2
23 25 96
23 26 9
23 27 88
23 28 48
23 29 33
23 30 95
23 31 29
23 32 95
23 33 34
23 34 72
23 35 99
23 36 40
23 37 29
23 38 40
23 39 85
23 40 17
23 41 20
23 42 70
23 43 40
23 44 53
24 25 1
24 26 39
24 27 82
24 28 38
24 29 83
24 30 95
24 31 30
24 32 21
24 33 61
24 34 97
24 35 8
24 36 4
24 37 43
24 38 60
24 39 83
24 40 46
24 41 66
24 42 6
24 43 13
24 44 78
25 26 75
25 27 64
25 28 16
25 29 48
25 30 4
25 31 43
25 32 81
25 33 81
25 34 84
25 35 59
25 36 62
25 37 66
25 38 82
25 39 25
25 40 44
25 41 62
25 42 56
25 43 22
25 44 5
26 27 11
26 28 29
26 29 5
26 30 98
26 31 52
26 32 46
26 33 63
26 34 13
26 35 99
26 36 77
26 37 46
26 38 43
26 39 82
26 40 34
26 41 46
26 42 43
26 43 27
26 44 80
27 28 44
27 29 87
27 30 99
27 31 31
27 32 49
27 33 81
27 34 4
27 35 71
27 36 3
27 37 69
27 38 37
27 39 7
27 40 48
27 41 79
27 42 11
27 43 37
27 44 89
28 29 33
28 30 74
28 31 50
28 32 10
28 33 91
28 34 59
28 35 5
28 36 16
28 37 67
28 38 8
28 39 8
28 40 73
28 41 13
28 42 47
28 43 5
28 44 27
29 30 53
29 31 2
29 32 86
29 33 27
29 34 58
29 35 4
29 36 94
29 37 35
29 38 74
29 39 63
29 40 74
29 41 97
29 42 19
29 43 75
29 44 35
30 31 42
30 32 41
30 33 43
30 34 40
30 35 70
30 36 19
30 37 80
30 38 6
30 39 39
30 40 36
30 41 61
30 42 20
30 43 57
30 44 43
31 32 45
31 33 76
31 34 58
31 35 58
31 36 29
31 37 71
31 38 92
31 39 83
31 40 57
31 41 24
31 42 52
31 43 3
31 44 62
32 33 54
32 34 69
32 35 75
32 36 98
32 37 12
32 38 51
32 39 25
32 40 58
32 41 81
32 42 59
32 43 96
32 44 82
33 34 78
33 35 43
33 36 19
33 37 63
33 38 17
33 39 66
33 40 47
33 41 34
33 42 37
33 43 70
33 44 3
34 35 42
34 36 53
34 37 7
34 38 31
34 39 99
34 40 69
34 41 86
34 42 14
34 43 76
34 44 28
35 36 40
35 37 60
35 38 26
35 39 53
35 40 23
35 41 53
35 42 71
35 43 2
35 44 48
36 37 61
36 38 79
36 39 7
36 40 20
36 41 72
36 42 52
36 43 86
36 44 38
37 38 4
37 39 71
37 40 92
37 41 91
37 42 83
37 43 11
37 44 7
38 39 6
38 40 39
38 41 52
38 42 72
38 43 51
38 44 73
39 40 52
39 41 93
39 42 90
39 43 53
39 44 14
40 41 31
40 42 11
40 43 5
40 44 87
41 42 38
41 43 22
41 44 65
42 43 23
42 44 38
43 44 42