50
0 2 31.264
1 3 99.298
2 4 47.464
3 5 12.786
4 6 23.427
5 7 28.989
6 8 87.818
7 9 93.28
8 10 64.103
9 11 52.646
10 12 87.977
11 13 49.839
12 14 67.854
13 15 11.592
14 16 71.758
15 17 50.375
16 18 84.521
17 19 68.657
18 20 37.431
19 21 81.235
20 22 91.912
21 23 55.446
22 24 75.164
23 25 9.214
24 26 68.422
25 27 43.19
26 28 16.776
27 29 20.061
28 30 68.799
29 31 91.6
30 32 96.17
31 33 60.626
32 34 75.486
33 35 69.646
34 36 59.674
35 37 32.319
36 38 7.148
37 39 6.474
38 40 41.779
39 41 1.29
40 42 49.15
41 43 94.648
42 44 38.533
43 45 20.717
44 46 31.845
45 47 3.606
46 48 25.084
47 49 25.793
0 5 59.648
1 6 63.635
2 7 73.528
3 8 78.363
4 9 17.886
5 10 71.826
6 11 23.423
7 12 5.834
8 13 82.487
9 14 97.314
10 15 52.926
11 16 48.795
12 17 10.504
13 18 43.681
14 19 62.638
15 20 9.854
16 21 13.483
17 22 66.714
18 23 85.777
19 24 16.481
20 25 16.578
21 26 69.713
22 27 38.391
23 28 88.136
24 29 52.224
25 30 38.274
26 31 69.763
27 32 12.699
28 33 54.056
29 34 71.932
30 35 92.201
31 36 46.127
32 37 26.576
33 38 16.214
34 39 46.789
35 40 18.444
36 41 83.894
37 42 31.557
38 43 9.65
39 44 52.531
40 45 17.623
41 46 8.119
42 47 73.596
43 48 83.772
44 49 67.766