45
0 1 3
0 3 4
0 4 4
0 6 7
0 7 6
0 8 6
0 10 9
0 12 4
0 13 3
0 15 4
0 17 10
0 18 7
0 21 3
0 22 10
0 24 4
0 25 5
0 26 9
0 27 3
0 29 2
0 32 9
0 33 5
0 34 8
0 35 2
0 38 4
0 39 3
1 4 2
1 5 3
1 9 9
1 13 7
1 14 6
1 18 4
1 23 5
1 27 1
1 32 1
1 35 10
1 38 3
1 39 6
1 40 7
1 41 1
1 42 10
1 43 8
1 44 3
2 6 6
2 7 10
2 8 6
2 11 9
2 16 10
2 17 3
2 18 1
2 19 6
2 24 7
2 25 9
2 27 4
2 28 3
2 33 5
2 35 10
2 36 10
2 37 6
2 40 8
2 44 4
3 6 4
3 9 5
3 10 8
3 11 1
3 12 4
3 15 9
3 16 3
3 18 7
3 20 7
3 23 2
3 24 9
3 25 1
3 26 10
3 28 2
3 30 3
3 31 9
3 32 10
3 33 4
3 35 4
3 36 10
3 40 8
3 43 7
4 6 8
4 8 8
4 9 10
4 10 2
4 12 2
4 21 3
4 22 1
4 23 3
4 26 7
4 27 9
4 28 2
4 29 7
4 30 7
4 32 10
4 33 4
4 34 9
4 36 4
4 38 6
4 39 7
4 40 3
4 41 2
4 42 5
5 6 1
5 8 5
5 9 6
5 13 8
5 17 6
5 18 1
5 22 5
5 23 9
5 25 6
5 27 5
5 29 7
5 30 7
5 32 1
5 33 2
5 36 5
5 38 8
5 39 8
5 40 6
5 43 8
5 44 7
6 10 10
6 11 10
6 13 8
6 15 6
6 18 4
6 20 10
6 21 10
6 23 4
6 26 6
6 27 8
6 28 2
6 29 8
6 36 3
6 40 6
6 41 7
6 44 7
7 9 2
7 11 4
7 12 9
7 14 2
7 15 9
7 17 6
7 22 3
7 23 10
7 25 10
7 26 3
7 28 10
7 30 8
7 31 1
7 32 4
7 33 6
7 35 5
7 36 10
7 38 2
7 42 7
7 43 8
8 9 6
8 10 4
8 11 7
8 14 8
8 15 7
8 16 2
8 17 3
8 18 2
8 19 10
8 20 8
8 22 5
8 27 4
8 28 2
8 33 6
8 34 5
8 35 7
8 37 4
8 38 2
8 41 6
8 42 4
8 44 5
9 12 3
9 16 6
9 19 5
9 20 5
9 22 1
9 23 1
9 25 6
9 27 6
9 29 1
9 35 3
9 36 10
9 38 10
9 40 10
10 12 5
10 13 10
10 14 4
10 16 3
10 18 8
10 19 8
10 20 1
10 21 6
10 23 10
10 24 7
10 25 2
10 26 10
10 27 1
10 28 1
10 29 7
10 30 8
10 33 2
10 36 10
10 37 2
10 39 10
10 40 2
10 41 3
10 44 3
11 13 7
11 15 6
11 18 5
11 19 10
11 21 1
11 23 8
11 25 6
11 27 10
11 30 4
11 31 4
11 34 7
11 36 10
11 37 10
11 38 4
11 39 9
11 42 1
11 44 10
12 15 4
12 17 7
12 23 9
12 27 8
12 34 5
12 35 8
12 36 3
12 40 8
12 41 3
12 43 4
13 15 4
13 17 6
13 18 3
13 21 5
13 23 7
13 25 9
13 26 6
13 27 9
13 28 7
13 29 9
13 30 1
13 31 4
13 34 10
13 36 5
13 37 4
13 38 2
13 40 7
13 44 5
14 16 6
14 17 3
14 18 9
14 19 9
14 20 2
14 21 4
14 23 3
14 24 5
14 25 5
14 27 6
14 29 7
14 30 4
14 32 9
14 34 3
14 35 2
14 38 7
14 41 9
14 42 6
14 43 9
15 17 3
15 20 1
15 24 3
15 25 3
15 26 1
15 27 7
15 29 7
15 31 10
15 33 2
15 34 4
15 36 7
15 37 4
15 38 6
15 39 5
15 42 5
15 43 3
15 44 2
16 19 2
16 20 3
16 22 6
16 24 6
16 25 5
16 26 5
16 28 4
16 30 8
16 31 4
16 34 10
16 36 1
16 37 8
16 39 8
16 40 10
16 42 4
17 18 1
17 19 5
17 20 2
17 21 10
17 22 1
17 23 1
17 24 5
17 26 10
17 27 2
17 33 6
17 36 7
17 37 1
17 39 10
17 40 1
17 44 10
18 19 9
18 25 5
18 27 9
18 28 8
18 29 2
18 31 10
18 33 3
18 34 6
18 37 4
18 40 7
18 41 8
18 44 6
19 21 6
19 22 2
19 26 3
19 27 7
19 28 7
19 30 6
19 35 6
19 38 9
19 40 7
19 41 4
19 43 5
19 44 3
20 21 4
20 24 1
20 26 4
20 27 6
20 28 9
20 33 6
20 35 7
20 36 8
20 38 2
20 43 5
21 23 1
21 24 9
21 26 5
21 27 2
21 28 7
21 30 1
21 38 10
21 43 5
22 23 2
22 24 5
22 26 8
22 28 9
22 31 5
22 32 6
22 35 8
22 36 9
22 38 2
22 41 4
22 43 2
23 29 9
23 31 3
23 34 5
23 35 9
23 37 6
23 38 7
23 39 5
23 43 1
24 34 7
24 38 1
24 39 2
25 28 2
25 29 8
25 32 7
25 33 8
25 35 10
25 36 10
25 39 10
25 41 9
26 31 5
26 32 8
26 33 1
26 35 5
26 38 1
26 39 4
26 40 3
26 41 1
26 43 7
27 28 3
27 29 6
27 30 7
27 37 2
27 38 10
27 39 6
28 31 9
28 36 3
28 42 2
28 43 8
28 44 7
29 32 6
29 33 5
29 34 9
29 36 8
29 37 7
29 38 3
29 40 10
29 42 8
30 32 6
30 37 1
30 38 7
30 39 1
30 40 3
30 41 10
30 43 5
31 32 1
31 35 9
31 36 5
31 38 5
31 39 5
31 40 5
31 41 4
31 42 8
32 33 2
32 34 10
32 35 3
32 36 3
32 39 4
32 41 6
32 43 1
32 44 2
33 35 10
33 36 6
33 40 10
33 41 6
33 42 5
33 43 5
34 37 5
34 38 1
34 41 2
34 43 1
35 37 7
35 40 3
35 44 10
36 41 6
36 43 1
36 44 2
37 39 7
37 44 10
38 44 6
39 41 9
39 44 5
40 41 10
41 42 10
41 43 6
41 44 2
42 43 3
42 44 5
43 44 9