31
0 4 30
0 9 34
0 15 11
0 16 52
1 2 2
1 8 35
1 11 55
1 15 53
1 17 93
1 18 78
1 19 88
1 20 9
2 5 69
2 9 23
2 21 75
3 4 50
3 6 36
3 22 81
4 8 59
4 10 16
4 23 80
4 24 66
5 6 40
5 10 70
5 25 67
5 26 83
6 8 74
6 27 33
7 12 98
7 15 5
7 16 38
8 9 64
8 16 1
8 28 60
9 12 49
9 18 22
9 29 17
9 30 97
10 11 90
10 14 21
10 15 89
10 30 7
11 16 3
11 18 83
11 30 16
12 2 92
12 6 35
12 16 4
13 17 11
13 25 73
14 7 18
15 4 90
16 18 25
16 19 73
16 25 92
16 30 8
17 20 23
17 22 19
18 21 62
19 27 92
20 24 33
20 26 46
21 23 73
21 22 18
22 29 0.5
24 30 23
24 27 5
26 28 38