45
0 1 72
0 2 37
0 3 84
0 4 28
0 5 4
0 6 17
0 7 61
0 8 24
0 9 80
0 10 38
0 11 81
0 12 26
0 13 31
0 14 25
0 15 78
0 16 66
0 17 38
0 18 73
0 19 4
0 20 66
0 21 5
0 22 15
0 23 12
0 24 53
0 25 52
0 26 19
0 27 35
0 28 80
0 29 51
0 30 86
0 31 72
0 32 63
0 33 38
0 34 52
0 35 48
0 36 57
0 37 53
0 38 83
0 39 13
0 40 53
0 41 70
0 42 22
0 43 91
0 44 14
1 2 39
1 3 84
1 4 76
1 5 99
1 6 4
1 7 24
1 8 37
1 9 95
1 10 31
1 11 79
1 12 15
1 13 78
1 14 53
1 15 41
1 16 54
1 17 94
1 18 85
1 19 64
1 20 23
1 21 83
1 22 58
1 23 34
1 24 66
1 25 61
1 26 50
1 27 19
1 28 34
1 29 95
1 30 51
1 31 74
1 32 38
1 33 7
1 34 55
1 35 43
1 36 15
1 37 82
1 38 98
1 39 92
1 40 97
1 41 23
1 42 15
1 43 34
1 44 47
2 3 24
2 4 46
2 5 44
2 6 29
2 7 7
2 8 28
2 9 61
2 10 39
2 11 62
2 12 96
2 13 32
2 14 12
2 15 61
2 16 29
2 17 18
2 18 94
2 19 45
2 20 79
2 21 22
2 22 17
2 23 5
2 24 74
2 25 35
2 26 60
2 27 35
2 28 95
2 29 78
2 30 17
2 31 34
2 32 26
2 33 64
2 34 24
2 35 85
2 36 51
2 37 61
2 38 75
2 39 6
2 40 34
2 41 31
2 42 69
2 43 6
2 44 10
3 4 73
3 5 20
3 6 51
3 7 19
3 8 57
3 9 11
3 10 80
3 11 1
3 12 59
3 13 24
3 14 89
3 15 25
3 16 93
3 17 24
3 18 5
3 19 25
3 20 60
3 21 60
3 22 5
3 23 60
3 24 59
3 25 31
3 26 8
3 27 74
3 28 55
3 29 72
3 30 14
3 31 31
3 32 11
3 33 44
3 34 29
3 35 1
3 36 43
3 37 65
3 38 66
3 39 30
3 40 66
3 41 75
3 42 94
3 43 89
3 44 55
4 5 66
4 6 92
4 7 65
4 8 5
4 9 5
4 10 49
4 11 37
4 12 1
4 13 43
4 14 39
4 15 70
4 16 78
4 17 17
4 18 87
4 19 50
4 20 66
4 21 29
4 22 34
4 23 78
4 24 36
4 25 77
4 26 7
4 27 25
4 28 55
4 29 41
4 30 46
4 31 3
4 32 86
4 33 83
4 34 34
4 35 84
4 36 98
4 37 4
4 38 84
4 39 74
4 40 58
4 41 85
4 42 68
4 43 65
4 44 90
5 6 61
5 7 35
5 8 45
5 9 93
5 10 80
5 11 69
5 12 26
5 13 31
5 14 73
5 15 34
5 16 47
5 17 21
5 18 91
5 19 46
5 20 84
5 21 92
5 22 87
5 23 13
5 24 39
5 25 11
5 26 67
5 27 69
5 28 75
5 29 63
5 30 86
5 31 34
5 32 13
5 33 56
5 34 88
5 35 7
5 36 86
5 37 42
5 38 81
5 39 66
5 40 51
5 41 92
5 42 57
5 43 68
5 44 46
6 7 69
6 8 15
6 9 51
6 10 24
6 11 52
6 12 64
6 13 35
6 14 94
6 15 73
6 16 41
6 17 12
6 18 61
6 19 62
6 20 85
6 21 64
6 22 66
6 23 69
6 24 89
6 25 27
6 26 70
6 27 51
6 28 97
6 29 66
6 30 63
6 31 83
6 32 98
6 33 29
6 34 85
6 35 43
6 36 63
6 37 96
6 38 20
6 39 74
6 40 58
6 41 6
6 42 13
6 43 93
6 44 52
7 8 76
7 9 83
7 10 91
7 11 98
7 12 5
7 13 86
7 14 37
7 15 17
7 16 86
7 17 81
7 18 48
7 19 94
7 20 16
7 21 40
7 22 1
7 23 68
7 24 8
7 25 75
7 26 55
7 27 89
7 28 68
7 29 95
7 30 91
7 31 85
7 32 24
7 33 92
7 34 25
7 35 51
7 36 26
7 37 47
7 38 14
7 39 19
7 40 91
7 41 64
7 42 88
7 43 75
7 44 57
8 9 18
8 10 64
8 11 39
8 12 17
8 13 49
8 14 60
8 15 11
8 16 70
8 17 34
8 18 53
8 19 69
8 20 78
8 21 87
8 22 89
8 23 18
8 24 67
8 25 50
8 26 36
8 27 4
8 28 63
8 29 97
8 30 27
8 31 10
8 32 11
8 33 18
8 34 88
8 35 26
8 36 63
8 37 85
8 38 76
8 39 32
8 40 79
8 41 8
8 42 43
8 43 37
8 44 94
9 10 50
9 11 32
9 12 58
9 13 22
9 14 46
9 15 7
9 16 82
9 17 8
9 18 66
9 19 53
9 20 68
9 21 34
9 22 57
9 23 39
9 24 53
9 25 6
9 26 40
9 27 80
9 28 22
9 29 78
9 30 19
9 31 12
9 32 74
9 33 61
9 34 68
9 35 60
9 36 15
9 37 22
9 38 28
9 39 36
9 40 52
9 41 88
9 42 21
9 43 53
9 44 99
10 11 53
10 12 56
10 13 20
10 14 26
10 15 69
10 16 45
10 17 69
10 18 48
10 19 12
10 20 45
10 21 63
10 22 57
10 23 88
10 24 52
10 25 71
10 26 56
10 27 8
10 28 97
10 29 37
10 30 52
10 31 79
10 32 64
10 33 26
10 34 12
10 35 73
10 36 32
10 37 59
10 38 1
10 39 80
10 40 19
10 41 31
10 42 40
10 43 23
10 44 40
11 12 5
11 13 15
11 14 74
11 15 38
11 16 73
11 17 90
11 18 39
11 19 94
11 20 6
11 21 89
11 22 32
11 23 24
11 24 25
11 25 3
11 26 81
11 27 84
11 28 75
11 29 97
11 30 73
11 31 5
11 32 86
11 33 95
11 34 23
11 35 61
11 36 20
11 37 34
11 38 98
11 39 76
11 40 35
11 41 16
11 42 97
11 43 95
11 44 59
12 13 64
12 14 74
12 15 88
12 16 84
12 17 1
12 18 56
12 19 29
12 20 56
12 21 97
12 22 48
12 23 7
12 24 6
12 25 2
12 26 71
12 27 66
12 28 33
12 29 53
12 30 22
12 31 3
12 32 21
12 33 29
12 34 11
12 35 40
12 36 87
12 37 14
12 38 95
12 39 1
12 40 55
12 41 11
12 42 66
12 43 17
12 44 62
13 14 27
13 15 90
13 16 81
13 17 69
13 18 42
13 19 21
13 20 33
13 21 66
13 22 90
13 23 46
13 24 32
13 25 52
13 26 65
13 27 29
13 28 46
13 29 40
13 30 25
13 31 11
13 32 82
13 33 79
13 34 40
13 35 29
13 36 26
13 37 38
13 38 73
13 39 8
13 40 54
13 41 85
13 42 92
13 43 72
13 44 5
14 15 36
14 16 2
14 17 71
14 18 80
14 19 92
14 20 84
14 21 30
14 22 67
14 23 31
14 24 37
14 25 26
14 26 29
14 27 49
14 28 77
14 29 3
14 30 58
14 31 4
14 32 22
14 33 29
14 34 20
14 35 11
14 36 78
14 37 51
14 38 22
14 39 33
14 40 14
14 41 21
14 42 82
14 43 1
14 44 73
15 16 97
15 17 84
15 18 12
15 19 24
15 20 64
15 21 54
15 22 35
15 23 1
15 24 82
15 25 48
15 26 45
15 27 83
15 28 4
15 29 53
15 30 43
15 31 53
15 32 11
15 33 7
15 34 81
15 35 48
15 36 60
15 37 73
15 38 45
15 39 29
15 40 31
15 41 16
15 42 99
15 43 69
15 44 4
16 17 10
16 18 87
16 19 13
16 20 2
16 21 1
16 22 33
16 23 72
16 24 87
16 25 52
16 26 7
16 27 76
16 28 59
16 29 2
16 30 53
16 31 26
16 32 80
16 33 52
16 34 83
16 35 92
16 36 51
16 37 58
16 38 44
16 39 1
16 40 35
16 41 27
16 42 65
16 43 87
16 44 24
17 18 62
17 19 85
17 20 30
17 21 2
17 22 60
17 23 59
17 24 72
17 25 49
17 26 81
17 27 79
17 28 1
17 29 5
17 30 7
17 31 68
17 32 9
17 33 74
17 34 41
17 35 24
17 36 28
17 37 14
17 38 68
17 39 42
17 40 20
17 41 9
17 42 36
17 43 73
17 44 47
18 19 42
18 20 98
18 21 22
18 22 59
18 23 57
18 24 78
18 25 63
18 26 82
18 27 16
18 28 92
18 29 17
18 30 78
18 31 64
18 32 61
18 33 74
18 34 8
18 35 14
18 36 33
18 37 67
18 38 15
18 39 69
18 40 28
18 41 31
18 42 2
18 43 99
18 44 58
19 20 15
19 21 18
19 22 71
19 23 71
19 24 63
19 25 77
19 26 53
19 27 37
19 28 30
19 29 11
19 30 27
19 31 35
19 32 77
19 33 96
19 34 66
19 35 58
19 36 17
19 37 97
19 38 16
19 39 3
19 40 22
19 41 52
19 42 97
19 43 93
19 44 44
20 21 97
20 22 23
20 23 35
20 24 61
20 25 59
20 26 66
20 27 5
20 28 91
20 29 73
20 30 86
20 31 40
20 32 72
20 33 86
20 34 33
20 35 77
20 36 61
20 37 56
20 38 1
20 39 82
20 40 25
20 41 88
20 42 18
20 43 87
20 44 13
21 22 83
21 23 42
21 24 23
21 25 28
21 26 30
21 27 34
21 28 36
21 29 22
21 30 58
21 31 98
21 32 20
21 33 88
21 34 50
21 35 95
21 36 78
21 37 46
21 38 13
21 39 21
21 40 73
21 41 33
21 42 94
21 43 51
21 44 79
22 23 58
22 24 80
22 25 35
22 26 76
22 27 52
22 28 68
22 29 53
22 30 58
22 31 85
22 32 88
22 33 52
22 34 79
22 35 98
22 36 75
22 37 26
22 38 99
22 39 11
22 40 28
22 41 44
22 42 49
22 43 5
22 44 50
23 24 98
23 25 23
23 26 74
23 27 51
23 28 6
23 29 46
23 30 19
23 31 15
23 32 49
23 33 72
23 34 78
23 35 11
23 36 26
23 37 9
23 38 18
23 39 96
23 40 94
23 41 54
23 42 29
23 43 15
23 44 54
24 25 80
24 26 74
24 27 18
24 28 17
24 29 9
24 30 63
24 31 86
24 32 79
24 33 11
24 34 14
24 35 5
24 36 16
24 37 43
24 38 87
24 39 27
24 40 95
24 41 2
24 42 99
24 43 68
24 44 20
25 26 58
25 27 49
25 28 24
25 29 76
25 30 88
25 31 43
25 32 38
25 33 78
25 34 40
25 35 56
25 36 94
25 37 36
25 38 32
25 39 43
25 40 38
25 41 71
25 42 87
25 43 74
25 44 82
26 27 51
26 28 66
26 29 45
26 30 79
26 31 54
26 32 18
26 33 22
26 34 58
26 35 84
26 36 30
26 37 9
26 38 87
26 39 27
26 40 21
26 41 81
26 42 39
26 43 16
26 44 35
27 28 78
27 29 90
27 30 19
27 31 68
27 32 20
27 33 49
27 34 33
27 35 17
27 36 8
27 37 15
27 38 39
27 39 92
27 40 80
27 41 81
27 42 44
27 43 4
27 44 31
28 29 4
28 30 56
28 31 81
28 32 76
28 33 91
28 34 11
28 35 30
28 36 2
28 37 35
28 38 33
28 39 95
28 40 68
28 41 42
28 42 93
28 43 10
28 44 97
29 30 70
29 31 86
29 32 26
29 33 90
29 34 5
29 35 69
29 36 23
29 37 31
29 38 23
29 39 77
29 40 21
29 41 52
29 42 85
29 43 88
29 44 47
30 31 39
30 32 89
30 33 83
30 34 13
30 35 32
30 36 60
30 37 11
30 38 83
30 39 92
30 40 58
30 41 41
30 42 87
30 43 3
30 44 35
31 32 6
31 33 5
31 34 58
31 35 7
31 36 75
31 37 94
31 38 43
31 39 70
31 40 19
31 41 69
31 42 32
31 43 1
31 44 77
32 33 16
32 34 97
32 35 88
32 36 48
32 37 82
32 38 36
32 39 88
32 40 55
32 41 89
32 42 70
32 43 74
32 44 36
33 34 89
33 35 70
33 36 48
33 37 91
33 38 84
33 39 65
33 40 40
33 41 18
33 42 26
33 43 16
33 44 29
34 35 6
34 36 8
34 37 9
34 38 21
34 39 20
34 40 11
34 41 88
34 42 90
34 43 17
34 44 65
35 36 67
35 37 44
35 38 28
35 39 7
35 40 54
35 41 25
35 42 30
35 43 3
35 44 48
36 37 16
36 38 64
36 39 21
36 40 7
36 41 54
36 42 72
36 43 5
36 44 67
37 38 28
37 39 64
37 40 66
37 41 69
37 42 53
37 43 74
37 44 25
38 39 74
38 40 8
38 41 45
38 42 59
38 43 61
38 44 78
39 40 22
39 41 73
39 42 60
39 43 40
39 44 65
40 41 84
40 42 59
40 43 93
40 44 62
41 42 58
41 43 75
41 44 13
42 43 92
42 44 74
43 44 40