49
0 2 74
0 6 89
0 16 55
0 20 22
0 23 33
0 24 18
0 27 83
0 28 32
0 37 84
0 39 93
0 46 90
0 47 97
1 5 64
1 14 30
1 19 6
1 20 76
1 26 5
1 29 15
1 30 80
1 31 55
1 35 96
1 41 85
1 43 7
1 45 24
2 6 63
2 9 44
2 11 2
2 14 26
2 18 5
2 20 1
2 25 16
2 27 37
2 31 6
2 35 51
2 37 41
2 44 62
3 6 25
3 8 96
3 9 69
3 18 18
3 29 43
3 43 44
3 47 53
3 48 90
4 7 11
4 10 42
4 16 78
4 22 45
4 31 56
4 43 49
4 48 29
5 7 86
5 14 34
5 16 71
5 18 44
5 19 62
5 20 5
5 22 33
5 23 65
5 24 3
5 30 96
5 39 60
5 44 46
6 8 49
6 14 48
6 18 40
6 24 84
6 25 93
6 26 97
6 28 83
6 32 17
6 33 12
6 45 14
6 46 62
6 47 25
7 8 78
7 15 74
7 17 36
7 20 33
7 33 70
7 40 14
8 16 24
8 18 40
8 27 88
8 30 77
8 36 19
8 41 41
8 42 49
8 43 94
8 45 10
9 11 66
9 17 94
9 19 67
9 25 60
9 27 4
9 29 65
9 30 26
9 33 67
9 34 2
9 38 50
9 43 73
9 45 20
9 46 74
10 14 34
10 18 35
10 26 64
10 27 45
10 29 90
10 33 48
10 35 72
11 19 43
11 22 90
11 31 69
11 32 48
11 33 74
11 36 76
11 37 30
11 38 15
11 47 79
12 18 9
12 35 73
12 36 82
12 41 89
12 43 91
12 46 77
12 47 69
13 14 4
13 15 27
13 18 58
13 27 84
13 35 59
13 42 85
13 46 23
14 16 34
14 17 33
14 23 74
14 30 43
14 36 88
14 37 97
14 48 53
15 17 17
15 18 97
15 29 56
15 32 45
15 35 57
15 38 74
15 41 67
15 43 33
15 45 17
15 48 89
16 35 4
16 37 55
16 38 9
16 42 24
17 21 12
17 22 56
17 24 98
17 29 30
17 32 19
17 33 31
17 39 28
17 42 15
17 43 95
17 44 36
18 19 79
18 21 94
18 24 45
18 25 48
18 26 18
18 28 31
18 36 92
18 38 91
18 41 7
18 42 80
18 48 64
19 20 76
19 27 12
19 31 45
19 39 98
20 23 47
20 24 91
20 25 54
20 32 46
20 34 26
20 36 93
20 45 83
21 22 62
21 32 98
21 33 97
21 36 5
21 40 74
21 41 25
21 44 7
22 24 23
22 25 5
22 33 92
22 43 61
23 24 52
23 25 62
23 27 51
23 34 24
23 46 93
24 26 67
24 33 90
24 35 59
24 38 66
25 26 95
25 30 52
25 35 62
25 37 51
25 40 86
25 43 64
25 47 43
26 27 87
26 29 15
26 42 87
26 44 14
26 45 33
27 32 68
27 37 93
27 43 97
27 44 73
27 45 37
28 29 9
28 34 77
28 38 29
28 43 71
29 30 84
29 37 79
29 43 97
29 44 2
30 33 65
30 39 38
30 41 19
30 42 64
30 46 62
30 48 23
31 37 3
31 43 25
31 47 23
32 44 60
33 36 64
33 40 96
33 46 47
34 35 58
34 40 18
35 39 58
36 41 71
36 43 76
36 44 25
36 45 88
37 40 7
37 48 13
38 40 36
38 44 14
38 47 44
39 42 14
39 43 29
40 47 87
41 47 11
42 45 2
47 48 8