47
0 1 81.0
0 2 62.0
0 4 32.0
0 5 51.0
0 6 30.0
0 7 83.0
0 8 32.0
0 10 29.0
0 11 39.0
0 12 25.0
0 13 12.0
0 14 83.0
0 15 20.0
0 16 17.0
0 17 73.0
0 18 14.0
0 19 72.0
0 20 65.0
0 22 76.0
0 23 85.0
0 24 51.0
0 25 81.0
0 26 80.0
0 27 86.0
0 28 36.0
0 29 65.0
0 30 50.0
0 31 16.0
0 32 18.0
0 33 45.0
0 34 4.0
0 35 84.0
0 36 69.0
0 37 59.0
0 38 40.0
0 39 56.0
0 40 97.0
0 41 23.0
0 42 73.0
0 43 94.0
0 44 35.0
0 45 49.0
0 46 1.0
1 2 27.0
1 3 19.0
1 4 21.0
1 5 28.0
1 6 47.0
1 7 96.0
1 8 47.0
1 9 45.0
1 10 93.0
1 11 38.0
1 12 33.0
1 13 77.0
1 14 7.0
1 15 3.0
1 16 2.0
1 17 81.0
1 19 75.0
1 20 23.0
1 21 59.0
1 22 97.0
1 23 75.0
1 24 53.0
1 25 43.0
1 26 70.0
1 27 53.0
1 28 51.0
1 29 19.0
1 30 79.0
1 31 45.0
1 32 70.0
1 33 96.0
1 35 87.0
1 36 66.0
1 37 82.0
1 38 99.0
1 39 11.0
1 40 26.0
1 41 6.0
1 42 37.0
1 43 47.0
1 44 97.0
1 45 5.0
1 46 58.0
2 3 46.0
2 4 13.0
2 5 54.0
2 7 48.0
2 8 22.0
2 9 53.0
2 10 16.0
2 11 53.0
2 13 87.0
2 14 83.0
2 15 30.0
2 16 68.0
2 17 90.0
2 18 75.0
2 19 80.0
2 20 65.0
2 21 89.0
2 22 30.0
2 23 37.0
2 24 39.0
2 26 40.0
2 27 98.0
2 28 22.0
2 29 75.0
2 30 2.0
2 31 2.0
2 32 67.0
2 33 56.0
2 34 52.0
2 35 7.0
2 36 45.0
2 37 81.0
2 38 78.0
2 39 42.0
2 40 53.0
2 41 88.0
2 42 79.0
2 43 72.0
2 44 90.0
2 46 62.0
3 4 59.0
3 5 91.0
3 6 84.0
3 7 17.0
3 8 32.0
3 9 87.0
3 11 43.0
3 12 69.0
3 14 34.0
3 15 29.0
3 16 51.0
3 17 82.0
3 18 71.0
3 19 68.0
3 20 86.0
3 21 16.0
3 22 31.0
3 23 17.0
3 24 40.0
3 25 37.0
3 26 97.0
3 27 40.0
3 28 77.0
3 29 28.0
3 30 63.0
3 31 64.0
3 32 36.0
3 33 92.0
3 34 18.0
3 35 88.0
3 36 3.0
3 37 53.0
3 38 58.0
3 39 69.0
3 40 12.0
3 41 24.0
3 42 52.0
3 43 95.0
3 45 26.0
3 46 87.0
4 5 39.0
4 7 90.0
4 8 71.0
4 9 17.0
4 10 45.0
4 11 73.0
4 12 98.0
4 13 25.0
4 14 84.0
4 15 89.0
4 16 72.0
4 17 25.0
4 18 91.0
4 19 26.0
4 20 99.0
4 21 24.0
4 23 79.0
4 24 50.0
4 25 52.0
4 26 99.0
4 27 26.0
4 28 74.0
4 29 93.0
4 30 68.0
4 31 14.0
4 32 24.0
4 33 9.0
4 34 78.0
4 35 38.0
4 36 96.0
4 37 77.0
4 38 91.0
4 39 22.0
4 40 3.0
4 41 81.0
4 43 99.0
4 44 24.0
4 45 69.0
4 46 46.0
5 6 4.0
5 7 58.0
5 8 13.0
5 9 56.0
5 10 33.0
5 11 80.0
5 12 77.0
5 13 81.0
5 14 75.0
5 15 19.0
5 16 66.0
5 17 85.0
5 18 72.0
5 19 98.0
5 20 8.0
5 21 15.0
5 22 18.0
5 23 34.0
5 24 58.0
5 25 86.0
5 26 86.0
5 27 19.0
5 28 47.0
5 29 72.0
5 30 58.0
5 31 51.0
5 32 42.0
5 33 76.0
5 34 1.0
5 35 62.0
5 37 85.0
5 38 75.0
5 39 70.0
5 40 35.0
5 41 4.0
5 42 13.0
5 44 97.0
5 45 41.0
5 46 8.0
6 7 37.0
6 8 41.0
6 10 71.0
6 11 62.0
6 12 61.0
6 13 67.0
6 14 80.0
6 15 45.0
6 16 75.0
6 17 97.0
6 18 35.0
6 19 35.0
6 21 83.0
6 22 71.0
6 23 13.0
6 24 52.0
6 25 71.0
6 26 28.0
6 27 9.0
6 28 72.0
6 29 17.0
6 30 7.0
6 31 20.0
6 32 35.0
6 33 30.0
6 34 82.0
6 35 88.0
6 36 5.0
6 37 2.0
6 38 14.0
6 39 46.0
6 40 36.0
6 41 75.0
6 42 35.0
6 43 26.0
6 44 80.0
6 45 41.0
6 46 32.0
7 8 32.0
7 9 2.0
7 12 15.0
7 13 32.0
7 14 97.0
7 15 55.0
7 16 48.0
7 17 86.0
7 18 72.0
7 19 86.0
7 20 58.0
7 23 30.0
7 24 93.0
7 25 63.0
7 26 80.0
7 27 66.0
7 28 66.0
7 29 77.0
7 30 4.0
7 31 91.0
7 32 46.0
7 33 19.0
7 34 49.0
7 35 7.0
7 36 6.0
7 37 49.0
7 38 20.0
7 39 7.0
7 40 30.0
7 41 9.0
7 42 50.0
7 43 72.0
7 45 86.0
7 46 75.0
8 9 22.0
8 10 17.0
8 11 24.0
8 12 95.0
8 14 6.0
8 15 88.0
8 16 45.0
8 18 11.0
8 19 93.0
8 20 4.0
8 21 46.0
8 22 32.0
8 23 35.0
8 24 14.0
8 25 30.0
8 26 10.0
8 28 23.0
8 29 12.0
8 30 74.0
8 31 97.0
8 32 32.0
8 33 9.0
8 34 14.0
8 36 99.0
8 37 39.0
8 38 43.0
8 39 5.0
8 41 13.0
8 42 10.0
8 44 81.0
8 45 75.0
9 10 32.0
9 11 11.0
9 12 56.0
9 13 3.0
9 14 7.0
9 15 40.0
9 16 80.0
9 17 46.0
9 18 33.0
9 19 85.0
9 20 77.0
9 21 9.0
9 22 2.0
9 23 46.0
9 24 52.0
9 26 11.0
9 27 46.0
9 28 94.0
9 29 36.0
9 30 59.0
9 31 45.0
9 32 73.0
9 34 82.0
9 35 29.0
9 36 40.0
9 37 10.0
9 38 31.0
9 39 41.0
9 40 76.0
9 41 80.0
9 42 94.0
9 43 91.0
9 44 54.0
9 45 54.0
9 46 88.0
10 11 47.0
10 14 91.0
10 15 60.0
10 16 3.0
10 17 78.0
10 19 31.0
10 20 55.0
10 21 78.0
10 23 55.0
10 24 17.0
10 26 44.0
10 27 25.0
10 28 47.0
10 29 62.0
10 30 36.0
10 32 5.0
10 33 39.0
10 35 98.0
10 37 36.0
10 38 85.0
10 40 8.0
10 41 40.0
10 42 43.0
10 43 36.0
10 44 76.0
10 45 70.0
10 46 21.0
11 12 88.0
11 13 79.0
11 14 79.0
11 15 67.0
11 16 13.0
11 17 61.0
11 18 20.0
11 19 10.0
11 20 17.0
11 21 60.0
11 22 86.0
11 23 14.0
11 24 76.0
11 25 50.0
11 26 24.0
11 27 37.0
11 28 65.0
11 29 12.0
11 30 25.0
11 31 62.0
11 32 3.0
11 33 79.0
11 34 58.0
11 35 13.0
11 36 15.0
11 39 16.0
11 40 98.0
11 41 61.0
11 43 65.0
11 44 50.0
11 45 67.0
12 13 4.0
12 14 96.0
12 15 56.0
12 16 53.0
12 17 62.0
12 19 97.0
12 20 25.0
12 22 62.0
12 24 66.0
12 25 26.0
12 26 85.0
12 28 51.0
12 29 5.0
12 30 25.0
12 31 70.0
12 32 4.0
12 33 92.0
12 34 54.0
12 35 80.0
12 36 79.0
12 37 74.0
12 38 15.0
12 39 6.0
12 40 4.0
12 41 81.0
12 42 41.0
12 43 63.0
12 44 34.0
12 45 47.0
12 46 96.0
13 14 18.0
13 15 72.0
13 18 23.0
13 19 12.0
13 20 8.0
13 21 22.0
13 23 21.0
13 24 6.0
13 25 57.0
13 26 16.0
13 27 60.0
13 28 72.0
13 29 25.0
13 30 67.0
13 31 24.0
13 32 39.0
13 34 21.0
13 35 8.0
13 36 93.0
13 37 18.0
13 38 5.0
13 39 69.0
13 40 58.0
13 41 11.0
13 42 92.0
13 43 97.0
13 45 66.0
13 46 14.0
14 15 53.0
14 16 59.0
14 17 8.0
14 18 17.0
14 19 64.0
14 20 83.0
14 21 44.0
14 22 32.0
14 23 56.0
14 24 45.0
14 25 79.0
14 26 81.0
14 27 45.0
14 28 90.0
14 29 11.0
14 30 99.0
14 31 11.0
14 32 75.0
14 33 18.0
14 34 83.0
14 35 29.0
14 36 58.0
14 37 96.0
14 38 64.0
14 43 37.0
14 44 27.0
14 45 67.0
14 46 76.0
15 16 23.0
15 17 25.0
15 18 97.0
15 19 58.0
15 20 2.0
15 21 61.0
15 22 16.0
15 23 24.0
15 24 36.0
15 25 62.0
15 26 30.0
15 27 87.0
15 28 95.0
15 29 41.0
15 30 3.0
15 31 88.0
15 32 77.0
15 33 27.0
15 34 20.0
15 35 54.0
15 36 47.0
15 37 28.0
15 38 54.0
15 40 87.0
15 41 68.0
15 42 29.0
15 43 80.0
15 44 42.0
15 45 25.0
16 17 72.0
16 18 86.0
16 19 44.0
16 20 60.0
16 21 78.0
16 22 75.0
16 23 92.0
16 24 28.0
16 25 80.0
16 26 50.0
16 27 35.0
16 28 11.0
16 29 85.0
16 30 17.0
16 31 67.0
16 32 45.0
16 33 92.0
16 34 80.0
16 35 1.0
16 37 73.0
16 38 93.0
16 39 86.0
16 40 65.0
16 41 65.0
16 42 62.0
16 43 23.0
16 45 5.0
16 46 68.0
17 18 37.0
17 19 65.0
17 20 71.0
17 21 14.0
17 22 34.0
17 23 76.0
17 24 66.0
17 25 64.0
17 26 29.0
17 27 14.0
17 28 58.0
17 29 59.0
17 30 55.0
17 31 51.0
17 32 87.0
17 33 47.0
17 34 78.0
17 35 49.0
17 37 5.0
17 38 44.0
17 39 87.0
17 40 80.0
17 41 81.0
17 42 24.0
17 43 92.0
17 44 81.0
17 45 54.0
17 46 33.0
18 19 38.0
18 20 4.0
18 21 15.0
18 22 26.0
18 23 59.0
18 24 25.0
18 25 93.0
18 26 89.0
18 28 94.0
18 29 32.0
18 30 77.0
18 31 50.0
18 32 60.0
18 33 85.0
18 34 10.0
18 35 19.0
18 36 67.0
18 37 23.0
18 38 23.0
18 39 28.0
18 40 96.0
18 41 93.0
18 42 7.0
18 43 97.0
18 44 21.0
18 45 42.0
18 46 29.0
19 20 38.0
19 22 81.0
19 23 74.0
19 24 54.0
19 25 60.0
19 27 91.0
19 28 94.0
19 29 62.0
19 30 66.0
19 31 75.0
19 33 78.0
19 34 31.0
19 35 73.0
19 36 66.0
19 37 88.0
19 38 37.0
19 39 22.0
19 40 44.0
19 41 57.0
19 42 83.0
19 43 68.0
19 44 30.0
19 45 66.0
19 46 98.0
20 21 59.0
20 22 26.0
20 23 83.0
20 24 93.0
20 25 68.0
20 26 22.0
20 27 34.0
20 29 86.0
20 30 30.0
20 31 62.0
20 32 18.0
20 33 73.0
20 35 84.0
20 36 67.0
20 37 34.0
20 39 97.0
20 40 56.0
20 41 92.0
20 42 7.0
20 43 28.0
20 44 46.0
20 45 49.0
20 46 31.0
21 22 17.0
21 23 16.0
21 24 40.0
21 25 55.0
21 26 93.0
21 27 46.0
21 29 22.0
21 30 5.0
21 31 79.0
21 32 8.0
21 33 90.0
21 34 96.0
21 35 49.0
21 36 20.0
21 37 37.0
21 38 56.0
21 39 60.0
21 40 96.0
21 41 87.0
21 42 84.0
21 43 41.0
21 44 16.0
21 45 76.0
21 46 13.0
22 23 80.0
22 24 95.0
22 25 30.0
22 26 24.0
22 27 17.0
22 28 56.0
22 29 38.0
22 30 4.0
22 31 17.0
22 32 2.0
22 33 55.0
22 34 59.0
22 35 6.0
22 36 81.0
22 37 14.0
22 38 27.0
22 39 93.0
22 40 26.0
22 42 47.0
22 43 62.0
22 44 88.0
22 45 74.0
22 46 66.0
23 24 23.0
23 25 59.0
23 26 96.0
23 27 29.0
23 28 39.0
23 29 37.0
23 30 57.0
23 31 64.0
23 32 49.0
23 33 25.0
23 34 90.0
23 36 89.0
23 37 17.0
23 38 74.0
23 39 57.0
23 41 93.0
23 42 27.0
23 43 82.0
23 44 13.0
23 45 23.0
23 46 59.0
24 25 36.0
24 26 22.0
24 27 16.0
24 28 38.0
24 29 60.0
24 30 59.0
24 31 10.0
24 32 9.0
24 33 18.0
24 34 36.0
24 35 13.0
24 36 52.0
24 37 1.0
24 38 78.0
24 39 34.0
24 40 97.0
24 41 5.0
24 42 11.0
24 44 26.0
24 45 58.0
24 46 88.0
25 26 3.0
25 27 84.0
25 29 18.0
25 30 3.0
25 31 6.0
25 32 13.0
25 33 73.0
25 35 44.0
25 36 77.0
25 38 33.0
25 39 57.0
25 40 36.0
25 41 7.0
25 43 45.0
25 44 67.0
25 45 19.0
25 46 60.0
26 27 85.0
26 28 39.0
26 29 94.0
26 30 60.0
26 31 32.0
26 32 20.0
26 33 42.0
26 34 65.0
26 35 93.0
26 36 42.0
26 37 68.0
26 38 54.0
26 39 72.0
26 40 47.0
26 41 71.0
26 42 57.0
26 45 46.0
26 46 50.0
27 28 64.0
27 29 49.0
27 30 11.0
27 31 56.0
27 32 87.0
27 33 92.0
27 34 49.0
27 35 26.0
27 36 86.0
27 37 95.0
27 38 44.0
27 39 74.0
27 41 36.0
27 42 95.0
27 43 87.0
27 44 28.0
27 45 97.0
27 46 90.0
28 29 35.0
28 30 79.0
28 32 63.0
28 33 53.0
28 34 74.0
28 35 62.0
28 36 66.0
28 37 61.0
28 38 3.0
28 39 83.0
28 40 43.0
28 41 65.0
28 42 21.0
28 43 48.0
28 44 1.0
28 45 12.0
29 31 61.0
29 32 60.0
29 33 11.0
29 34 27.0
29 35 97.0
29 36 13.0
29 37 35.0
29 39 38.0
29 40 38.0
29 41 42.0
29 42 7.0
29 43 7.0
29 44 78.0
29 45 80.0
29 46 66.0
30 32 91.0
30 33 83.0
30 34 48.0
30 35 27.0
30 36 37.0
30 37 30.0
30 38 30.0
30 39 51.0
30 40 47.0
30 42 71.0
30 43 94.0
30 44 94.0
30 45 36.0
30 46 53.0
31 32 58.0
31 33 94.0
31 34 19.0
31 36 29.0
31 37 88.0
31 38 12.0
31 39 20.0
31 40 26.0
31 41 98.0
31 42 59.0
31 44 28.0
31 46 1.0
32 33 24.0
32 34 38.0
32 35 36.0
32 36 59.0
32 37 39.0
32 38 74.0
32 39 85.0
32 40 74.0
32 41 2.0
32 43 85.0
32 44 35.0
32 45 11.0
32 46 10.0
33 34 34.0
33 35 52.0
33 36 5.0
33 38 30.0
33 39 23.0
33 40 1.0
33 41 14.0
33 42 89.0
33 43 87.0
33 44 93.0
33 45 35.0
33 46 28.0
34 36 37.0
34 38 69.0
34 39 61.0
34 40 74.0
34 41 86.0
34 42 85.0
34 44 62.0
34 45 44.0
34 46 82.0
35 36 42.0
35 37 79.0
35 38 49.0
35 39 43.0
35 40 33.0
35 41 22.0
35 42 9.0
35 43 41.0
35 44 52.0
35 45 6.0
35 46 79.0
36 38 59.0
36 39 80.0
36 40 31.0
36 41 47.0
36 43 51.0
36 44 69.0
36 45 86.0
36 46 16.0
37 38 90.0
37 41 25.0
37 42 9.0
37 43 10.0
37 44 63.0
37 45 96.0
37 46 20.0
38 39 71.0
38 40 58.0
38 42 70.0
38 43 25.0
38 44 98.0
38 45 65.0
38 46 9.0
39 40 22.0
39 41 10.0
39 43 27.0
39 44 63.0
39 46 17.0
40 41 32.0
40 42 85.0
40 43 15.0
40 44 46.0
40 45 69.0
40 46 67.0
41 42 21.0
41 43 9.0
41 44 45.0
41 46 89.0
42 43 28.0
42 44 20.0
42 45 88.0
42 46 74.0
43 44 50.0
43 45 59.0
43 46 57.0
44 45 21.0
44 46 34.0
45 46 25.0
