50
0 2 13.17
0 3 20.942
0 4 36.09
0 5 40.748
0 6 39.23
0 7 20.16
0 9 49.748
0 19 59.748
0 24 63.23
0 29 69.748
0 39 79.748
0 49 69.16
1 4 14.17
1 6 21.942
1 8 37.09
1 10 41.748
1 12 40.23
1 14 21.16
1 16 36.942
1 42 62.16
2 6 15.17
2 9 22.942
2 12 48.09
2 15 42.748
2 18 41.23
2 21 22.16
2 16 55.23
2 25 38.17
2 33 53.942
2 35 55.16
2 37 73.09
2 41 80.23
3 8 16.17
3 12 23.942
3 16 39.09
3 20 43.748
3 24 42.23
3 28 48.16
4 10 17.17
4 15 24.942
4 20 40.09
4 25 61.09
4 30 43.23
4 35 24.16
4 8 47.23
4 17 37.942
4 21 41.16
4 26 39.17
4 33 72.23
5 12 18.17
5 18 25.942
5 24 41.09
5 30 70.748
5 36 44.23
5 42 25.16
5 10 50.748
5 14 34.16
5 20 60.748
5 34 54.942
5 40 80.748
6 14 19.17
6 21 26.942
6 28 42.09
6 35 46.748
6 42 45.23
6 49 26.16
6 7 27.16
6 13 49.09
6 25 64.23
6 27 40.17
6 38 74.09
7 16 20.17
7 24 27.942
7 32 43.09
7 40 47.748
7 48 46.23
7 18 38.942
8 18 21.17
8 27 28.942
8 36 44.09
8 45 48.748
8 13 28.16
8 17 56.23
8 26 62.09
8 28 41.17
8 35 55.942
8 42 81.23
8 43 63.16
9 20 29.16
9 30 29.942
9 40 45.09
9 10 48.23
9 36 56.16
10 22 23.17
10 33 30.942
10 44 46.09
10 16 49.23
10 27 30.16
10 11 51.748
10 14 50.09
10 19 39.942
10 21 61.748
10 29 49.16
10 31 71.748
10 34 73.23
10 39 75.09
10 41 81.748
11 24 24.17
11 36 56.942
11 48 47.09
11 22 42.16
11 34 31.16
12 26 65.23
12 39 32.942
12 15 35.16
12 28 51.23
12 41 32.16
12 27 63.09
12 30 43.17
13 28 26.17
13 42 33.942
13 20 40.942
13 34 52.23
13 48 33.16
14 30 27.17
14 45 34.942
14 25 54.748
14 40 76.09
14 15 51.09
14 18 57.23
14 31 44.17
14 37 57.942
14 43 82.23
15 32 72.748
15 48 35.942
15 30 55.748
15 46 54.23
15 22 62.748
15 42 82.748
15 44 64.16
16 34 29.17
16 18 52.09
16 35 74.23
16 19 36.16
16 21 41.942
16 28 64.09
16 32 45.17
16 37 57.16
17 36 30.17
17 22 53.09
17 40 57.748
17 26 37.16
17 30 50.16
17 38 58.942
18 38 31.17
18 26 54.09
18 45 58.748
18 33 46.17
18 23 43.16
18 27 66.23
18 41 77.09
19 40 39.16
19 30 55.09
19 20 58.23
19 22 42.942
20 42 33.17
20 34 47.17
20 26 59.23
20 47 40.16
20 23 63.748
20 29 65.09
20 33 73.748
20 39 59.942
20 43 83.748
20 44 83.23
21 44 34.17
21 38 57.09
21 32 60.23
22 46 35.17
22 42 78.09
22 38 61.23
22 23 43.942
22 35 48.17
22 36 75.23
22 45 65.16
23 48 36.17
23 46 59.09
23 44 62.23
23 38 58.16
23 40 60.942
24 25 44.16
24 28 67.23
24 30 66.09
24 31 51.16
24 36 49.17
25 28 45.942
25 30 65.748
25 32 45.16
25 34 74.748
25 44 84.748
26 31 46.942
26 35 66.748
26 39 46.16
26 37 50.17
26 41 61.942
26 43 79.09
26 45 84.23
27 34 47.942
27 40 67.748
27 46 47.16
28 37 76.23
28 45 68.748
28 31 67.09
28 38 51.17
29 40 49.942
29 30 68.23
29 42 62.942
29 46 66.16
30 43 50.942
30 36 69.23
30 35 75.748
30 39 59.16
30 44 80.09
30 45 85.748
31 46 51.942
31 42 70.23
31 32 52.16
32 49 52.942
32 33 68.09
32 48 71.23
32 40 53.17
32 43 63.942
32 46 85.23
33 36 69.09
33 38 53.16
34 40 70.09
34 45 81.09
34 38 77.23
34 41 54.17
35 44 64.942
35 36 76.748
35 46 86.748
36 48 72.09
36 42 55.17
36 47 67.16
37 40 60.16
38 45 65.942
38 43 56.17
38 46 82.09
38 47 86.23
39 40 78.23
40 46 79.23
40 44 57.17
40 47 87.748
41 44 61.16
41 46 66.942
42 45 58.17
42 47 83.09
43 48 68.16
44 46 59.17
44 47 67.942
44 48 87.23
45 48 88.748
46 47 60.17
46 48 84.09
47 48 68.942
48 49 61.17