34
0 1 0.8
0 16 0.7
0 13 0.6
1 2 0.85
1 3 0.97
3 4 0.99
2 4 2.2
16 13 3.1
2 13 1.123
4 7 9.123
4 5 3.3
4 12 4.1
13 18 5.2
13 20 0.45
20 18 1.76
12 18 8.97
12 14 10.22
12 6 6.82
5 6 3.3
7 8 4.45
6 8 7.7
6 9 8.95
6 11 6.666
6 14 7.7
18 19 8.888
14 15 9.9
8 9 5.55
9 10 5.454
11 15 0.1
11 10 0.2
19 17 5.657
15 17 7.3
10 21 6.4
17 21 22.2
11 22 78.3
21 24 22.2
17 24 3.345
21 23 4.43
21 22 2.23
10 22 26.2
10 30 7.834
10 33 7.983
33 30 2.242
33 31 4.456
30 31 3.33
30 32 99.9
30 29 23.33
22 30 48.23
22 29 87.2
23 29 44.4
23 28 0.21
23 24 0.235
23 25 3.339
24 25 4.482
24 26 2.323
26 25 6.674
26 27 4.43
27 28 8.765
25 27 9.492
25 28 32.65
25 29 67.23
28 29 56.34
29 32 78.22
28 32 91.48
29 31 2.2