50
0 29 33.04
0 42 64.077
0 1 81.028
0 24 80.437
0 26 37.096
0 20 67.854
0 34 52.43
0 44 3.677
0 45 63.771
0 40 9.91
0 48 56.799
0 2 63.474
0 23 6.369
0 36 32.236
0 37 45.129
0 19 11.198
0 15 58.449
0 43 29.828
0 12 14.927
0 27 66.281
0 21 17.376
0 8 56.301
0 6 72.577
0 3 32.795
0 35 96.936
0 4 21.529
0 5 75.948
0 7 43.282
0 13 61.242
0 17 24.16
0 18 34.244
0 22 84.113
0 33 40.156
0 46 63.678
0 49 19.624
49 1 6.799
49 2 43.219
49 4 6.546
49 6 83.924
49 8 21.74
49 9 59.476
49 10 83.781
49 11 63.83
49 12 10.616
49 13 18.194
49 14 83.114
49 15 82.896
49 16 88.831
49 17 88.115
49 18 29.511
49 20 15.264
49 21 42.434
49 25 92.547
49 26 69.44
49 27 7.97
49 28 15.433
49 29 58.431
49 32 71.644
49 33 60.834
49 34 34.522
49 36 53.912
49 37 30.995
49 38 41.133
49 39 63.237
49 40 37.937
49 41 18.704
49 42 4.131
49 43 4.427
49 44 42.201
49 45 82.682
49 46 61.396
49 47 78.964
49 7 29.263
49 3 3.012
49 5 34.804
49 24 42.397
49 35 94.622
29 2 0.858
29 3 85.993
29 6 98.55
29 7 47.227
29 10 53.432
29 12 55.203
29 13 93.536
29 15 23.619
29 17 55.408
29 19 98.767
29 22 97.744
29 24 46.808
29 26 67.909
29 27 46.497
29 28 0.662
29 45 26.46
29 41 8.449
29 48 72.19
29 37 88.894
29 14 27.168
29 32 24.218
29 39 31.097
29 11 4.447
29 5 59.965
29 4 56.51
29 20 56.098
29 47 80.673
29 36 45.03
29 38 70.547
29 23 95.869
29 25 76.126
29 8 87.816
29 34 33.097
29 9 99.579
29 33 17.533
29 42 44.945
29 43 69.486
29 44 0.646
42 1 71.951
42 2 64.932
42 4 33.781
42 6 41.014
42 7 39.191
42 10 34.978
42 12 80.283
42 14 12.236
42 15 64.291
42 21 59.935
42 23 32.561
42 25 4.2
42 28 97.962
42 30 82.773
42 31 19.011
42 33 18.661
42 35 55.446
42 36 34.845
42 19 30.612
42 34 64.506
42 17 81.946
42 22 48.088
42 16 84.866
42 3 94.858
42 41 83.843
42 20 59.013
42 26 95.086
42 11 5.734
42 39 36.048
42 5 6.187
42 8 68.047
42 48 22.365
42 27 74.245
42 9 96.314
42 44 91.026
42 45 17.97
42 46 14.066
1 24 39.539
1 27 24.374
1 6 50.591
1 47 12.165
1 15 82.67
1 2 50.781
1 46 23.281
1 9 39.473
1 37 59.376
1 41 48.901
1 48 81.94
1 33 58.226
1 30 5.161
1 17 55.549
1 14 85.528
1 8 23.22
1 19 78.168
1 25 87.554
1 7 46.439
1 4 5.293
1 13 21.828
1 10 13.502
1 11 73.229
1 12 51.169
1 16 30.951
1 20 86.039
1 21 4.489
1 22 62.67
1 28 5.175
1 31 2.964
1 32 2.394
1 38 29.472
1 39 26.755
1 40 28.511
1 43 11.802
1 44 70.731
24 2 7.265
24 3 79.831
24 6 70.791
24 8 35.651
24 10 28.008
24 11 63.684
24 14 13.454
24 16 29.774
24 17 13.738
24 18 26.136
24 21 96.296
24 23 95.958
24 40 30.528
24 30 7.192
24 19 48.503
24 47 40.051
24 28 57.557
24 34 74.553
24 9 39.707
24 20 72.082
24 15 70.677
24 31 32.93
24 41 50.644
24 37 84.364
24 45 6.718
24 43 9.633
24 46 12.361
24 48 3.51
24 25 21.703
24 27 93.295
24 32 40.873
24 39 91.794
24 44 55.229
26 2 37.534
26 3 96.516
26 6 41.882
26 10 65.814
26 11 21.595
26 13 30.315
26 16 60.07
26 17 53.481
26 19 31.097
26 25 66.731
26 39 97.588
26 35 16.587
26 7 26.039
26 12 89.019
26 45 13.015
26 9 24.6
26 40 27.418
26 44 45.616
26 15 37.083
26 18 2.433
26 5 95.778
26 34 91.006
26 47 6.068
26 37 6.099
26 27 41.483
26 32 87.969
26 43 67.471
26 28 80.496
26 30 87.832
26 31 46.27
26 46 40.44
20 5 32.177
20 6 60.317
20 10 82.257
20 11 90.679
20 18 28.19
20 48 46.393
20 14 13.357
20 45 85.915
20 40 44.625
20 47 58.966
20 19 33.888
20 2 33.897
20 28 11.386
20 31 25.608
20 36 7.27
20 22 68.003
20 43 38.124
20 23 37.218
20 46 43.203
20 32 79.815
20 4 82.435
20 41 57.413
20 9 5.447
20 21 94.967
20 25 81.718
20 27 12.315
20 35 92.937
20 38 59.778
20 39 45.179
20 44 60.599
34 2 49.225
34 3 2.362
34 4 73.108
34 6 72.027
34 7 35.953
34 9 77.422
34 10 47.517
34 13 32.581
34 14 78.876
34 15 67.594
34 17 55.354
34 18 85.297
34 19 45.909
34 21 71.975
34 23 95.527
34 25 72.607
34 27 65.477
34 28 95.004
34 30 21.757
34 32 50.644
34 8 52.106
34 47 7.171
34 5 78.992
34 46 42.074
34 33 78.837
34 11 14.342
34 31 84.979
34 36 33.605
34 48 7.799
34 40 88.974
34 44 46.941
34 37 2.143
34 38 95.909
34 43 31.796
34 45 90.737
44 2 8.929
44 5 11.154
44 6 77.52
44 8 13.389
44 10 67.383
44 12 21.252
44 13 1.379
44 19 67.209
44 25 6.429
44 37 81.185
44 38 77.352
44 41 29.494
44 43 4.497
44 18 65.809
44 15 81.865
44 17 0.517
44 47 26.558
44 9 17.145
44 21 16.753
44 36 61.962
44 31 60.719
44 23 80.335
44 7 36.486
44 16 49.612
44 45 26.084
44 48 94.648
45 3 22.964
45 5 27.764
45 7 99.053
45 8 14.93
45 9 29.055
45 10 53.633
45 11 69.287
45 13 62.616
45 16 0.098
45 19 28.726
45 22 73.76
45 25 97.596
45 28 82.223
45 30 65.23
45 31 94.115
45 32 79.674
45 35 74.422
45 36 82.519
45 37 35.482
45 38 59.655
45 39 27.421
45 40 89.47
45 43 36.456
45 21 92.546
45 46 37.126
45 12 93.309
45 27 23.128
45 47 25.064
45 48 40.523
40 2 42.445
40 3 72.397
40 4 5.352
40 6 82.98
40 8 39.452
40 9 37.628
40 11 47.321
40 15 93.897
40 16 59.993
40 19 98.482
40 21 60.904
40 23 87.445
40 27 9.076
40 30 42.243
40 32 92.118
40 33 64.887
40 35 16.965
40 37 6.129
40 38 73.849
40 41 33.168
40 17 59.322
40 22 25.98
40 13 60.282
40 28 60.307
40 46 88.986
40 25 56.479
40 48 88.515
40 12 61.625
40 39 43.435
40 10 14.374
40 7 29.269
40 43 58.67
40 14 17.748
40 47 72.663
48 4 83.26
48 7 62.099
48 9 13.074
48 11 10.43
48 18 29.372
48 19 90.514
48 21 59.931
48 23 75.551
48 28 84.141
48 30 10.047
48 32 86.802
48 35 98.643
48 38 38.676
48 41 21.596
48 43 77.714
48 46 4.371
48 39 49.631
48 8 40.932
48 33 27.086
48 47 68.551
48 22 44.983
48 17 2.104
48 12 2.146
48 36 50.221
48 31 95.119
48 3 97.869
48 2 37.812
2 37 93.057
2 41 81.835
2 7 24.454
2 6 85.689
2 18 55.265
2 22 81.296
2 23 2.921
2 27 39.793
2 4 58.186
2 30 40.186
2 43 76.385
2 15 34.029
2 17 54.227
2 36 75.657
2 21 84.139
2 8 52.382
2 5 4.36
2 10 97.686
2 12 39.304
2 14 23.712
2 16 24.528
2 19 8.115
2 28 35.042
2 33 86.618
2 46 0.897
23 5 43.321
23 6 3.017
23 7 50.137
23 8 7.959
23 9 95.488
23 11 2.113
23 15 34.402
23 18 79.119
23 19 61.671
23 21 81.991
23 22 18.289
23 33 10.24
23 32 60.567
23 43 63.063
23 35 68.502
23 10 41.856
23 12 43.082
23 39 17.508
23 41 28.714
23 27 7.092
23 4 63.884
23 37 50.157
23 47 10.295
23 28 67.626
23 25 22.835
23 36 47.401
36 3 38.94
36 5 10.637
36 8 53.775
36 9 14.632
36 10 33.071
36 13 28.921
36 14 56.882
36 16 42.601
36 18 29.304
36 22 43.024
36 27 58.303
36 30 82.976
36 31 6.686
36 32 41.755
36 35 45.239
36 41 27.81
36 7 93.947
36 47 66.558
36 15 88.385
36 28 16.634
36 19 22.24
36 6 25.872
36 21 66.446
36 39 74.755
36 12 17.027
36 37 94.311
36 43 94.548
36 38 56.948
36 46 95.27
37 3 3.888
37 11 21.977
37 12 62.538
37 16 99.247
37 17 72.977
37 18 75.452
37 19 19.568
37 22 8.457
37 25 83.945
37 32 46.263
37 5 25.529
37 21 87.389
37 15 8.729
37 10 83.769
37 41 8.257
37 30 48.319
37 6 35.72
37 43 34.173
37 4 56.216
37 38 73.384
37 14 3.128
37 46 35.651
19 4 22.822
19 5 38.401
19 7 97.349
19 8 95.675
19 11 76.955
19 12 51.302
19 13 78.095
19 14 15.902
19 15 43.463
19 17 74.188
19 18 50.843
19 46 32.864
19 3 91.006
19 25 79.587
19 33 7.094
19 31 3.535
19 38 8.993
19 47 39.179
19 41 51.497
19 27 48.39
19 22 6.843
19 32 84.026
19 35 60.498
19 39 65.431
15 8 52.524
15 11 95.367
15 13 40.837
15 27 88.017
15 3 78.536
15 12 23.875
15 32 39.833
15 28 2.073
15 25 96.036
15 41 91.351
15 18 26.102
15 43 85.198
15 10 43.241
15 7 39.03
15 22 41.208
15 4 7.685
15 5 81.91
15 33 20.755
15 16 91.919
15 17 81.446
15 30 37.365
15 31 92.974
15 35 90.841
15 38 73.452
15 39 77.798
15 46 88.194
43 7 67.066
43 8 25.98
43 9 8.065
43 10 35.636
43 14 22.889
43 21 22.262
43 27 7.291
43 28 66.754
43 30 59.831
43 33 47.872
43 35 82.758
43 38 49.467
43 39 60.951
43 4 75.882
43 22 79.657
43 16 34.38
43 6 10.442
43 47 4.442
43 31 93.123
43 41 16.277
43 25 18.695
43 46 60.509
12 3 3.437
12 4 79.64
12 8 34.272
12 11 91.829
12 41 41.694
12 30 69.182
12 31 53.081
12 18 47.868
12 35 37.186
12 7 97.032
12 27 20.759
12 38 58.918
12 21 43.685
12 33 24.022
12 47 14.455
12 9 5.853
12 13 68.599
12 16 15.304
12 17 77.706
12 25 75.666
27 4 84.965
27 5 98.669
27 7 8.866
27 8 85.491
27 10 79.936
27 13 92.88
27 14 85.339
27 18 2.502
27 21 61.261
27 25 38.739
27 17 0.527
27 11 49.555
27 30 87.912
27 3 50.525
27 6 6.479
27 38 93.049
27 41 26.524
27 32 22.479
27 16 75.103
27 39 6.057
27 28 83.987
27 31 57.605
27 33 27.81
27 47 27.308
21 3 34.061
21 4 50.317
21 5 10.067
21 7 46.129
21 8 26.421
21 9 78.667
21 10 11.504
21 14 81.784
21 18 64.916
21 6 99.695
21 17 22.166
21 31 94.727
21 30 76.125
21 47 23.962
21 39 77.479
21 41 70.721
21 25 40.71
21 16 76.877
21 13 36.1
21 11 4.63
21 28 2.336
21 33 2.857
21 38 92.43
8 3 25.638
8 5 25.626
8 30 27.872
8 10 15.487
8 11 42.893
8 38 54.435
8 46 29.341
8 7 84.102
8 41 87.931
8 28 66.182
8 9 53.396
8 16 58.468
8 17 53.45
8 18 49.318
8 22 53.598
8 32 86.083
8 33 28.58
8 35 20.886
8 47 18.445
6 3 18.543
6 4 80.715
6 5 65.523
6 10 37.673
6 30 98.739
6 35 0.594
6 9 89.364
6 31 0.359
6 17 60.669
6 13 89.942
6 7 83.448
6 11 62.87
6 25 61.02
6 32 10.069
6 39 42.81
6 14 80.301
6 16 30.927
6 18 94.299
6 38 34.359
6 46 11.038
3 13 98.185
3 4 56.199
3 22 89.047
3 32 11.892
3 10 57.796
3 39 57.255
3 5 34.694
3 11 5.689
3 46 51.011
3 16 80.545
3 47 53.396
3 35 90.113
3 7 96.91
3 9 88.649
3 14 91.207
3 17 90.37
3 31 53.911
3 33 26.656
35 5 7.179
35 7 14.411
35 9 13.942
35 11 11.236
35 13 51.324
35 14 11.231
35 16 79.035
35 17 85.37
35 18 43.498
35 28 55.429
35 30 90.013
35 32 62.569
35 4 33.796
35 47 61.338
35 22 0.095
35 41 61.225
35 38 37.704
35 33 22.004
35 39 33.553
47 5 86.72
47 9 90.918
47 11 95.047
47 17 85.463
47 18 22.06
47 22 52.879
47 30 40.642
47 41 88.107
47 46 65.412
47 28 48.916
47 16 74.637
47 10 81.854
47 33 96.206
46 4 86.999
46 5 16.23
46 7 60.096
46 9 12.541
46 10 42.486
46 14 8.651
46 17 79.488
46 25 59.447
46 31 99.013
46 33 80.113
46 38 25.38
46 41 80.03
46 32 1.493
46 16 14.204
46 28 53.476
46 13 81.721
46 39 5.009
46 18 85.304
9 4 58.977
9 7 10.696
9 5 17.797
9 28 30.624
9 11 2.205
9 16 33.494
9 31 80.479
9 41 12.787
9 22 89.062
9 17 92.027
9 14 34.558
9 25 8.64
9 30 88.975
9 32 72.958
9 33 12.065
41 5 84.645
41 13 55.546
41 16 65.472
41 22 9.099
41 25 57.274
41 33 10.797
41 39 87.017
41 30 4.575
41 32 13.972
41 14 4.989
41 18 76.865
41 17 23.957
33 4 58.098
33 5 21.476
33 10 46.037
33 11 11.388
33 13 57.352
33 16 61.404
33 17 34.721
33 22 97.501
33 30 40.856
33 31 62.931
33 14 30.895
33 28 55.857
33 32 57.534
33 39 62.638
33 18 54.636
30 4 24.674
30 13 34.794
30 17 93.952
30 18 69.124
30 25 74.636
30 28 59.059
30 11 71.389
30 7 1.444
30 10 72.255
30 38 90.954
30 31 62.879
17 4 75.221
17 13 92.713
17 18 15.931
17 25 36.983
17 5 2.025
17 31 81.395
17 14 80.861
17 32 71.57
14 5 14.285
14 7 17.241
14 11 36.206
14 13 78.407
14 18 0.803
14 28 86.862
14 31 42.177
14 10 97.104
14 32 6.083
14 39 85.373
14 25 98.963
14 22 38.194
14 16 33.54
14 38 26.374
25 4 64.057
25 13 42.242
25 16 72.194
25 18 99.18
25 22 62.348
25 32 57.359
25 31 47.856
25 28 11.296
25 39 69.259
7 5 14.314
7 28 59.951
7 4 18.821
7 10 39.028
7 38 87.236
7 16 35.759
7 39 21.929
7 13 25.67
7 11 67.665
7 22 23.702
7 31 6.146
4 31 73.363
4 10 34.195
4 11 47.488
4 22 4.725
4 32 91.78
4 18 40.982
4 16 45.671
4 39 30.447
4 5 85.249
4 28 63.272
13 16 66.408
13 18 86.511
13 32 55.858
13 39 70.973
13 31 32.308
13 28 60.308
13 38 88.291
10 5 36.092
10 18 82.486
10 32 19.695
10 39 59.586
10 22 50.154
10 16 69.255
10 31 67.372
10 38 9.804
18 28 31.82
18 39 34.89
18 32 29.548
18 38 80.36
22 5 68.786
22 38 57.226
22 16 0.429
22 32 94.811
22 28 24.339
22 39 29.671
22 11 67.722
22 31 89.813
32 5 42.487
32 11 39.303
32 16 91.847
32 28 23.63
32 38 53.953
32 39 35.101
39 5 32.613
39 16 74.8
39 28 6.817
39 31 20.833
39 38 14.832
5 11 77.726
5 28 57.644
5 31 51.207
11 31 14.07
11 38 77.125
16 38 92.175
16 31 8.353
31 28 69.311
31 38 15.959
28 38 59.554