50
0 1 80.474
0 2 71.512
0 3 44.528
0 4 31.163
0 5 73.746
0 6 76.927
0 7 40.493
0 8 58.191
0 9 74.236
0 10 21.008
0 11 28.905
0 12 58.256
0 13 0.79
0 14 25.402
0 15 21.082
0 16 22.111
0 17 85.186
0 18 34.998
0 19 91.355
0 20 94.056
0 21 30.941
0 22 46.797
0 23 43.003
0 24 38.224
0 25 6.679
0 26 25.994
0 27 57.111
0 28 84.178
0 29 61.36
0 30 9.683
0 31 24.146
0 32 46.943
0 33 61.746
0 34 65.006
0 35 92.537
0 36 0.424
0 37 19.959
0 38 75.583
0 39 14.48
0 40 4.832
0 41 59.778
0 42 56.446
0 43 11.144
0 44 5.742
0 45 56.446
0 46 55.543
0 47 94.987
0 48 12.014
0 49 43.245
1 2 87.149
1 3 28.208
1 4 88.828
1 5 54.314
1 6 61.13
1 7 79.721
1 8 25.843
1 9 76.144
1 10 16.78
1 11 30.722
1 12 95.667
1 13 62.439
1 14 6.135
1 15 8.222
1 16 41.848
1 17 7.466
1 18 10.121
1 19 77.987
1 20 51.45
1 21 47.241
1 22 82.365
1 23 80.148
1 24 68.95
1 25 44.855
1 26 41.468
1 27 52.777
1 28 62.038
1 29 60.088
1 30 47.218
1 31 81.744
1 32 31.854
1 33 62.569
1 34 20.96
1 35 4.86
1 36 90.738
1 37 51.46
1 38 21.452
1 39 59.887
1 40 65.897
1 41 39.168
1 42 82.815
1 43 94.563
1 44 84.671
1 45 46.357
1 46 58.073
1 47 41.747
1 48 0.41
1 49 8.097
2 3 63.138
2 4 51.593
2 5 44.272
2 6 89.909
2 7 92.458
2 8 91.612
2 9 41.877
2 10 94.115
2 11 45.865
2 12 9.908
2 13 0.014
2 14 15.328
2 15 39.345
2 16 35.286
2 17 2.636
2 18 69.938
2 19 20.35
2 20 10.244
2 21 73.476
2 22 84.511
2 23 48.312
2 24 83.565
2 25 47.312
2 26 13.543
2 27 19.35
2 28 40.152
2 29 92.099
2 30 23.141
2 31 2.598
2 32 43.203
2 33 30.313
2 34 77.641
2 35 1.96
2 36 78.475
2 37 36.956
2 38 7.514
2 39 30.439
2 40 98.516
2 41 19.073
2 42 6.825
2 43 9.673
2 44 70.237
2 45 99.726
2 46 16.603
2 47 27.425
2 48 35.719
2 49 34.92
3 4 99.21
3 5 19.922
3 6 16.172
3 7 29.404
3 8 1.42
3 9 69.986
3 10 14.184
3 11 90.057
3 12 34.179
3 13 20.853
3 14 95.474
3 15 41.658
3 16 19.573
3 17 26.995
3 18 83.674
3 19 50.26
3 20 85.718
3 21 59.224
3 22 40.445
3 23 99.272
3 24 53.629
3 25 74.626
3 26 96.159
3 27 7.397
3 28 67.996
3 29 27.214
3 30 45.434
3 31 51.876
3 32 48.527
3 33 7.136
3 34 66.752
3 35 87.247
3 36 73.184
3 37 24.876
3 38 79.459
3 39 30.943
3 40 7.502
3 41 53.908
3 42 53.87
3 43 4.213
3 44 94.67
3 45 49.493
3 46 71.719
3 47 36.33
3 48 74.68
3 49 55.72
4 5 50.365
4 6 12.728
4 7 28.497
4 8 31.48
4 9 91.122
4 10 70.228
4 11 76.938
4 12 84.868
4 13 20.502
4 14 25.899
4 15 11.683
4 16 71.769
4 17 58.262
4 18 81.344
4 19 83.82
4 20 42.251
4 21 78.069
4 22 92.893
4 23 85.169
4 24 7.285
4 25 38.492
4 26 62.992
4 27 88.23
4 28 54.39
4 29 20.286
4 30 38.135
4 31 49.377
4 32 74.822
4 33 41.435
4 34 14.29
4 35 65.93
4 36 53.392
4 37 59.267
4 38 99.812
4 39 85.968
4 40 79.032
4 41 13.905
4 42 92.255
4 43 55.854
4 44 41.39
4 45 97.117
4 46 88.543
4 47 7.651
4 48 56.652
4 49 22.119
5 6 62.227
5 7 36.253
5 8 77.652
5 9 79.524
5 10 73.954
5 11 60.454
5 12 28.441
5 13 66.893
5 14 3.872
5 15 73.551
5 16 84.575
5 17 52.164
5 18 75.08
5 19 79.32
5 20 7.155
5 21 79.638
5 22 20.161
5 23 77.096
5 24 30.203
5 25 9.59
5 26 65.345
5 27 66.249
5 28 99.266
5 29 91.895
5 30 22.439
5 31 37.952
5 32 81.913
5 33 75.707
5 34 52.596
5 35 5.965
5 36 4.07
5 37 67.678
5 38 25.22
5 39 78.377
5 40 93.818
5 41 13.815
5 42 36.464
5 43 23.105
5 44 91.011
5 45 50.764
5 46 87.476
5 47 87.04
5 48 18.62
5 49 86.817
6 7 9.344
6 8 10.788
6 9 7.576
6 10 84.675
6 11 56.398
6 12 96.205
6 13 2.78
6 14 79.183
6 15 45.783
6 16 24.46
6 17 6.697
6 18 69.149
6 19 80.286
6 20 55.156
6 21 68.745
6 22 46.278
6 23 77.878
6 24 15.628
6 25 78.709
6 26 5.201
6 27 1.861
6 28 11.474
6 29 74.825
6 30 44.653
6 31 83.819
6 32 19.362
6 33 31.328
6 34 70.758
6 35 5.693
6 36 1.907
6 37 89.393
6 38 55.739
6 39 49.099
6 40 4.954
6 41 97.397
6 42 98.496
6 43 47.389
6 44 20.898
6 45 86.366
6 46 26.423
6 47 5.751
6 48 9.795
6 49 72.514
7 8 65.11
7 9 57.093
7 10 23.889
7 11 98.653
7 12 97.828
7 13 77.238
7 14 31.864
7 15 63.698
7 16 3.774
7 17 12.51
7 18 69.505
7 19 75.663
7 20 70.554
7 21 30.57
7 22 55.208
7 23 85.556
7 24 19.796
7 25 71.42
7 26 40.208
7 27 20.382
7 28 29.829
7 29 62.286
7 30 30.157
7 31 76.501
7 32 30.068
7 33 23.653
7 34 57.587
7 35 73.821
7 36 68.606
7 37 26.132
7 38 77.203
7 39 94.029
7 40 33.018
7 41 89.579
7 42 50.641
7 43 35.948
7 44 23.596
7 45 31.603
7 46 3.796
7 47 31.27
7 48 25.003
7 49 0.848
8 9 54.515
8 10 47.962
8 11 88.19
8 12 86.639
8 13 59.691
8 14 55.243
8 15 41.141
8 16 16.381
8 17 70.407
8 18 30.433
8 19 34.196
8 20 97.35
8 21 19.254
8 22 57.149
8 23 43.31
8 24 40.326
8 25 62.743
8 26 44.204
8 27 50.296
8 28 74.315
8 29 79.775
8 30 50.997
8 31 0.698
8 32 72.935
8 33 47.038
8 34 90.439
8 35 23.888
8 36 93.162
8 37 87.416
8 38 73.953
8 39 36.63
8 40 10.793
8 41 72.371
8 42 39.245
8 43 8.84
8 44 7.375
8 45 38.972
8 46 48.26
8 47 68.81
8 48 14.781
8 49 31.651
9 10 14.459
9 11 79.847
9 12 32.346
9 13 47.936
9 14 59.04
9 15 84.153
9 16 25.577
9 17 72.956
9 18 47.239
9 19 58.22
9 20 4.877
9 21 11.841
9 22 67.566
9 23 88.565
9 24 24.764
9 25 89.872
9 26 6.193
9 27 40.237
9 28 4.43
9 29 5.244
9 30 87.739
9 31 70.571
9 32 85.561
9 33 53.957
9 34 19.733
9 35 78.25
9 36 90.757
9 37 75.488
9 38 40.325
9 39 41.02
9 40 44.602
9 41 12.227
9 42 82.335
9 43 72.293
9 44 99.63
9 45 26.45
9 46 89.74
9 47 8.315
9 48 91.935
9 49 33.029
10 11 17.651
10 12 61.093
10 13 14.059
10 14 15.127
10 15 80.387
10 16 62.229
10 17 70.185
10 18 37.287
10 19 74.943
10 20 0.979
10 21 75.145
10 22 86.728
10 23 37.253
10 24 77.71
10 25 54.191
10 26 49.565
10 27 11.694
10 28 31.065
10 29 62.945
10 30 25.153
10 31 85.266
10 32 64.887
10 33 84.48
10 34 79.863
10 35 38.536
10 36 50.044
10 37 0.325
10 38 38.825
10 39 69.183
10 40 63.34
10 41 93.56
10 42 51.44
10 43 14.22
10 44 82.816
10 45 33.894
10 46 4.331
10 47 95.507
10 48 57.29
10 49 6.699
11 12 10.876
11 13 55.272
11 14 33.139
11 15 4.604
11 16 32.641
11 17 15.622
11 18 20.24
11 19 21.468
11 20 67.347
11 21 40.382
11 22 6.114
11 23 57.752
11 24 29.764
11 25 24.774
11 26 21.056
11 27 84.428
11 28 41.193
11 29 59.686
11 30 39.378
11 31 96.441
11 32 45.526
11 33 86.435
11 34 67.331
11 35 58.957
11 36 64.877
11 37 67.277
11 38 30.419
11 39 79.03
11 40 24.397
11 41 48.97
11 42 94.914
11 43 29.917
11 44 34.886
11 45 46.387
11 46 25.942
11 47 27.906
11 48 73.771
11 49 46.498
12 13 65.724
12 14 45.305
12 15 22.019
12 16 42.55
12 17 30.208
12 18 81.774
12 19 68.449
12 20 26.187
12 21 27.634
12 22 37.513
12 23 18.674
12 24 10.025
12 25 96.5
12 26 32.889
12 27 17.384
12 28 91.244
12 29 81.84
12 30 95.385
12 31 2.272
12 32 77.322
12 33 71.974
12 34 63.693
12 35 65.073
12 36 16.869
12 37 20.056
12 38 17.019
12 39 85.445
12 40 29.365
12 41 97.287
12 42 14.18
12 43 27.707
12 44 59.595
12 45 14.778
12 46 46.947
12 47 95.254
12 48 97.466
12 49 36.475
13 14 44.08
13 15 23.7
13 16 15.52
13 17 55.669
13 18 91.736
13 19 82.486
13 20 95.274
13 21 50.515
13 22 76.083
13 23 61.758
13 24 82.397
13 25 54.923
13 26 22.698
13 27 36.516
13 28 78.981
13 29 31.669
13 30 76.68
13 31 60.456
13 32 50.264
13 33 23.711
13 34 58.762
13 35 41.105
13 36 20.621
13 37 19.74
13 38 60.08
13 39 24.44
13 40 70.987
13 41 73.514
13 42 72.92
13 43 10.203
13 44 93.488
13 45 78.219
13 46 77.149
13 47 92.646
13 48 28.417
13 49 64.503
14 15 79.534
14 16 56.094
14 17 28.291
14 18 98.854
14 19 87.348
14 20 8.378
14 21 57.012
14 22 36.867
14 23 76.191
14 24 96.912
14 25 95.043
14 26 41.796
14 27 25.037
14 28 3.552
14 29 65.418
14 30 40.642
14 31 12.727
14 32 4.681
14 33 72.777
14 34 70.085
14 35 13.914
14 36 64.92
14 37 59.397
14 38 78.411
14 39 61.534
14 40 13.002
14 41 68.844
14 42 24.31
14 43 79.647
14 44 55.328
14 45 23.853
14 46 62.801
14 47 83.588
14 48 96.73
14 49 8.366
15 16 56.123
15 17 83.83
15 18 41.468
15 19 20.497
15 20 88.935
15 21 42.022
15 22 2.948
15 23 33.978
15 24 4.582
15 25 79.486
15 26 0.96
15 27 74.559
15 28 10.655
15 29 0.218
15 30 76.365
15 31 96.348
15 32 36.221
15 33 88.055
15 34 69.002
15 35 48.487
15 36 49.853
15 37 29.711
15 38 13.103
15 39 89.982
15 40 43.659
15 41 23.143
15 42 17.375
15 43 62.614
15 44 89.788
15 45 58.041
15 46 74.327
15 47 88.643
15 48 52.268
15 49 90.824
16 17 53.811
16 18 78.292
16 19 58.179
16 20 50.8
16 21 51.284
16 22 95.909
16 23 54.668
16 24 28.541
16 25 30.618
16 26 47.148
16 27 54.189
16 28 3.209
16 29 79.209
16 30 1.491
16 31 88.401
16 32 81.395
16 33 99.805
16 34 77.856
16 35 88.323
16 36 12.597
16 37 64.635
16 38 24.227
16 39 61.375
16 40 45.602
16 41 99.526
16 42 43.348
16 43 11.089
16 44 0.606
16 45 29.647
16 46 33.268
16 47 75.579
16 48 82.898
16 49 21.09
17 18 54.384
17 19 64.082
17 20 88.458
17 21 11.153
17 22 40.311
17 23 30.732
17 24 47.417
17 25 95.542
17 26 86.575
17 27 66.854
17 28 8.882
17 29 44.608
17 30 63.701
17 31 38.895
17 32 74.24
17 33 85.314
17 34 13.564
17 35 84.172
17 36 89.068
17 37 38.213
17 38 78.114
17 39 67.628
17 40 72.441
17 41 59.689
17 42 31.983
17 43 88.022
17 44 83.647
17 45 96.545
17 46 44.087
17 47 19.705
17 48 3.529
17 49 63.295
18 19 11.05
18 20 22.21
18 21 31.942
18 22 92.243
18 23 29.098
18 24 89.853
18 25 43.176
18 26 99.428
18 27 27.511
18 28 84.855
18 29 92.788
18 30 64.746
18 31 88.349
18 32 36.317
18 33 74.982
18 34 91.28
18 35 23.705
18 36 27.803
18 37 34.623
18 38 5.652
18 39 27.1
18 40 59.635
18 41 71.943
18 42 6.043
18 43 84.109
18 44 89.906
18 45 76.275
18 46 46.726
18 47 65.88
18 48 86.317
18 49 90.281
19 20 57.197
19 21 48.983
19 22 82.737
19 23 98.359
19 24 5.993
19 25 95.65
19 26 78.187
19 27 7.881
19 28 35.62
19 29 21.595
19 30 23.914
19 31 19.997
19 32 47.845
19 33 49.19
19 34 34.856
19 35 85.144
19 36 65.75
19 37 87.889
19 38 56.751
19 39 40.61
19 40 96.572
19 41 22.748
19 42 98.746
19 43 67.698
19 44 0.304
19 45 41.661
19 46 77.912
19 47 85.943
19 48 6.061
19 49 49.523
20 21 24.317
20 22 57.989
20 23 55.996
20 24 79.807
20 25 76.554
20 26 65.881
20 27 65.992
20 28 5.158
20 29 4.365
20 30 6.255
20 31 56.111
20 32 31.745
20 33 31.827
20 34 50.414
20 35 40.092
20 36 46.957
20 37 80.543
20 38 73.889
20 39 86.442
20 40 46.574
20 41 46.124
20 42 35.481
20 43 47.001
20 44 59.605
20 45 66.511
20 46 83.515
20 47 85.766
20 48 97.59
20 49 40.002
21 22 19.594
21 23 13.489
21 24 10.431
21 25 57.839
21 26 71.29
21 27 33.09
21 28 75.146
21 29 76.977
21 30 12.857
21 31 44.292
21 32 24.637
21 33 43.312
21 34 84.676
21 35 0.015
21 36 7.143
21 37 33.137
21 38 81.543
21 39 27.192
21 40 79.617
21 41 58.63
21 42 46.202
21 43 43.425
21 44 3.288
21 45 98.93
21 46 73.276
21 47 81.853
21 48 78.678
21 49 19.141
22 23 26.716
22 24 27.399
22 25 44.586
22 26 12.762
22 27 4.526
22 28 10.246
22 29 22.003
22 30 43.472
22 31 63.912
22 32 50.106
22 33 75.988
22 34 42.697
22 35 49.081
22 36 13.942
22 37 25.524
22 38 35.798
22 39 12.082
22 40 40.387
22 41 14.915
22 42 13.909
22 43 37.63
22 44 14.599
22 45 73.802
22 46 14.915
22 47 38.357
22 48 17.56
22 49 42.876
23 24 76.22
23 25 23.906
23 26 34.226
23 27 8.28
23 28 89.589
23 29 98.671
23 30 85.691
23 31 77.006
23 32 44.036
23 33 84.976
23 34 26.816
23 35 61.744
23 36 12.346
23 37 23.484
23 38 71.688
23 39 89.478
23 40 79.836
23 41 11.197
23 42 60.789
23 43 63.835
23 44 47.105
23 45 93.783
23 46 57.157
23 47 12.153
23 48 70.891
23 49 0.81
24 25 46.793
24 26 93.497
24 27 97.54
24 28 6.846
24 29 28.014
24 30 63.657
24 31 18.507
24 32 16.698
24 33 83.044
24 34 56.841
24 35 42.139
24 36 52.093
24 37 11.059
24 38 46.363
24 39 32.718
24 40 62.986
24 41 92.392
24 42 21.73
24 43 95.882
24 44 20.165
24 45 20.848
24 46 52.397
24 47 13.105
24 48 1.961
24 49 36.366
25 26 42.187
25 27 72.491
25 28 69.827
25 29 63.658
25 30 5.928
25 31 27.483
25 32 29.959
25 33 77.937
25 34 84.072
25 35 20.638
25 36 30.555
25 37 49.267
25 38 99.476
25 39 58.516
25 40 3.449
25 41 96.941
25 42 29.235
25 43 75.483
25 44 35.173
25 45 66.733
25 46 3.847
25 47 23.662
25 48 53.676
25 49 7.987
26 27 27.919
26 28 56.126
26 29 0.169
26 30 9.63
26 31 44.341
26 32 49.657
26 33 74.353
26 34 43.905
26 35 17.695
26 36 63.598
26 37 86.38
26 38 85.315
26 39 24.589
26 40 98.114
26 41 58.614
26 42 15.223
26 43 78.252
26 44 5.733
26 45 25.714
26 46 86.989
26 47 12.378
26 48 85.494
26 49 97.85
27 28 10.64
27 29 14.812
27 30 41.758
27 31 86.879
27 32 90.071
27 33 43.043
27 34 31.911
27 35 16.414
27 36 56.921
27 37 45.687
27 38 35.594
27 39 80.12
27 40 39.664
27 41 8.671
27 42 81.87
27 43 75.107
27 44 54.763
27 45 62.504
27 46 79.375
27 47 93.293
27 48 3.394
27 49 86.443
28 29 15.683
28 30 55.044
28 31 55.951
28 32 87.877
28 33 45.203
28 34 3.87
28 35 25.67
28 36 15.512
28 37 52.435
28 38 96.041
28 39 21.397
28 40 70.273
28 41 61.075
28 42 74.445
28 43 30.142
28 44 35.961
28 45 88.258
28 46 17.842
28 47 28.524
28 48 22.239
28 49 20.768
29 30 13.643
29 31 99.138
29 32 87.719
29 33 74.214
29 34 76.643
29 35 27.932
29 36 95.604
29 37 19.894
29 38 90.929
29 39 46.602
29 40 43.397
29 41 88.489
29 42 67.051
29 43 41.44
29 44 68.441
29 45 77.331
29 46 15.498
29 47 21.815
29 48 77.213
29 49 99.069
30 31 17.806
30 32 86.371
30 33 58.607
30 34 90.513
30 35 94.658
30 36 13.185
30 37 82.693
30 38 14.144
30 39 18.24
30 40 37.407
30 41 44.559
30 42 8.475
30 43 24.438
30 44 1.122
30 45 27.24
30 46 87.044
30 47 52.835
30 48 26.372
30 49 48.252
31 32 71.572
31 33 87.559
31 34 74.969
31 35 73.254
31 36 3.383
31 37 95.486
31 38 81.519
31 39 21.555
31 40 4.853
31 41 87.254
31 42 93.833
31 43 45.126
31 44 86.122
31 45 45.075
31 46 54.009
31 47 72.645
31 48 90.38
31 49 72.707
32 33 28.4
32 34 84.62
32 35 64.418
32 36 77.48
32 37 68.864
32 38 73.79
32 39 63.508
32 40 41.617
32 41 87.716
32 42 14.632
32 43 71.667
32 44 46.036
32 45 20.903
32 46 59.36
32 47 94.027
32 48 18.403
32 49 76.731
33 34 49.771
33 35 78.916
33 36 36.777
33 37 64.182
33 38 14.311
33 39 91.232
33 40 49.696
33 41 21.33
33 42 25.566
33 43 26.812
33 44 21.847
33 45 93.03
33 46 14.701
33 47 2.151
33 48 46.013
33 49 39.692
34 35 65.597
34 36 80.082
34 37 31.499
34 38 58.383
34 39 6.592
34 40 47.735
34 41 43.21
34 42 7.012
34 43 60.408
34 44 33.686
34 45 75.251
34 46 55.126
34 47 1.152
34 48 46.787
34 49 25.469
35 36 69.77
35 37 90.272
35 38 51.53
35 39 3.665
35 40 99.643
35 41 78.395
35 42 57.337
35 43 16.284
35 44 71.162
35 45 29.182
35 46 73.415
35 47 90.924
35 48 87.281
35 49 20.983
36 37 63.148
36 38 17.211
36 39 75.713
36 40 3.907
36 41 62.353
36 42 74.576
36 43 50.698
36 44 81.035
36 45 77.688
36 46 91.393
36 47 0.019
36 48 28.413
36 49 12.624
37 38 95.966
37 39 11.701
37 40 9.469
37 41 80.563
37 42 91.555
37 43 69.634
37 44 5.071
37 45 28.127
37 46 62.49
37 47 80.637
37 48 97.225
37 49 83.065
38 39 65.468
38 40 43.448
38 41 80.894
38 42 78.898
38 43 41.828
38 44 75.163
38 45 76.185
38 46 12.611
38 47 30.654
38 48 94.604
38 49 30.307
39 40 33.86
39 41 31.412
39 42 42.078
39 43 28.397
39 44 65.339
39 45 70.322
39 46 97.7
39 47 90.983
39 48 61.309
39 49 95.745
40 41 6.287
40 42 27.384
40 43 98.827
40 44 70.68
40 45 66.513
40 46 81.215
40 47 12.431
40 48 31.764
40 49 1.875
41 42 50.744
41 43 25.92
41 44 72.456
41 45 60.788
41 46 0.783
41 47 40.64
41 48 0.947
41 49 76.876
42 43 16.531
42 44 56.43
42 45 31.395
42 46 41.718
42 47 42.169
42 48 55.308
42 49 29.382
43 44 59.998
43 45 58.775
43 46 2.553
43 47 21.882
43 48 10.704
43 49 9.25
44 45 52.224
44 46 90.429
44 47 52.044
44 48 27.04
44 49 51.061
45 46 89.839
45 47 0.197
45 48 52.942
45 49 38.22
46 47 88.456
46 48 22.25
46 49 0.67
47 48 50.982
47 49 60.509
48 49 64.687
