50
0 5 33
0 25 39
0 11 94
0 6 56
0 26 48
0 44 29
0 20 30
0 31 20
0 46 29
0 8 65
0 37 95
1 15 76
1 39 73
1 18 3
1 30 59
1 5 38
1 40 5
1 41 88
1 26 74
1 20 13
1 27 74
1 47 36
2 8 39
2 20 74
2 22 77
2 48 35
2 36 4
2 18 18
2 44 34
2 4 84
2 9 40
2 31 89
3 43 29
3 21 46
3 22 88
3 17 35
3 12 78
3 38 33
3 5 55
3 6 53
3 35 64
3 40 2
4 39 26
4 11 49
4 31 52
4 27 34
4 42 53
4 23 63
4 13 58
4 8 60
4 43 89
4 49 2
5 21 33
5 7 11
5 11 7
5 19 93
5 48 62
5 10 40
5 31 18
6 13 55
6 10 71
6 16 23
6 25 86
6 39 16
6 11 91
6 28 67
6 38 36
7 17 45
7 42 39
7 8 79
7 35 44
7 40 1
8 47 7
8 20 88
8 23 94
8 12 76
8 34 84
9 34 89
9 16 72
9 32 70
9 22 86
9 29 59
9 27 83
9 12 72
9 24 73
9 26 82
9 41 23
10 30 35
10 32 14
10 43 89
10 42 45
10 45 1
10 34 22
10 48 52
11 13 13
11 40 88
11 36 26
11 18 31
11 44 11
11 15 8
11 43 91
12 16 45
12 27 45
12 48 13
12 22 63
12 19 23
13 32 98
13 41 87
13 28 9
13 23 81
13 26 9
14 33 39
14 45 89
14 32 23
14 47 81
14 22 58
14 26 18
14 43 85
14 35 61
15 28 16
15 46 96
15 27 94
15 20 53
15 21 81
15 47 76
15 30 84
16 31 1
16 25 86
16 30 46
16 39 36
16 29 36
17 47 5
17 40 45
17 43 59
17 32 59
17 45 40
17 27 21
17 18 29
17 38 6
17 30 73
18 19 78
18 29 83
18 43 14
18 46 44
18 25 35
18 45 91
18 34 12
19 33 62
19 48 10
19 37 94
19 38 23
19 44 72
19 24 45
20 48 82
20 36 60
20 40 81
21 28 74
21 44 58
21 46 72
21 34 37
21 42 75
21 29 36
22 28 7
22 49 99
22 33 84
22 25 74
22 36 10
23 35 56
23 45 73
23 41 76
23 37 59
23 46 18
23 36 14
23 30 80
23 47 64
24 32 5
24 45 34
24 40 12
24 39 23
24 36 45
25 40 90
25 34 30
25 42 43
26 32 4
26 38 10
26 37 76
26 41 50
27 44 16
27 41 35
27 29 40
27 30 72
27 28 50
28 40 44
28 39 37
28 48 18
28 31 99
28 46 24
29 38 17
29 42 82
29 43 50
30 39 52
30 33 52
30 40 86
31 35 25
31 32 80
31 49 59
32 49 9
33 45 15
33 37 87
33 44 72
33 40 45
34 36 29
35 36 50
35 41 64
35 44 5
36 42 89
36 47 90
37 46 24
37 38 65
37 49 34
39 42 84
39 47 95
39 41 87
41 47 49
41 45 16
42 43 53
43 49 8
43 47 99
44 48 81
46 48 6
46 47 18
48 49 66