50
0 1 30
0 2 33
0 3 51
0 4 28
0 5 9
0 6 52
0 7 14
0 8 68
0 9 94
1 2 44
1 3 62
1 4 69
1 5 78
1 6 38
1 7 15
1 8 1
1 9 95
1 10 49
2 3 95
2 4 1
2 5 69
2 6 26
2 7 62
2 8 46
2 9 73
2 10 4
2 11 80
3 4 94
3 5 26
3 6 76
3 7 19
3 8 77
3 9 5
3 10 4
3 11 23
3 12 38
4 5 61
4 6 42
4 7 76
4 8 45
4 9 85
4 10 39
4 11 68
4 12 10
4 13 20
5 6 68
5 7 30
5 8 25
5 9 60
5 10 69
5 11 72
5 12 60
5 13 18
5 14 22
6 7 62
6 8 28
6 9 90
6 10 82
6 11 7
6 12 34
6 13 12
6 14 76
6 15 21
7 8 68
7 9 76
7 10 12
7 11 93
7 12 78
7 13 94
7 14 87
7 15 83
7 16 76
8 9 69
8 10 53
8 11 64
8 12 87
8 13 82
8 14 35
8 15 3
8 16 44
8 17 51
9 10 22
9 11 20
9 12 79
9 13 27
9 14 68
9 15 48
9 16 11
9 17 72
9 18 65
10 11 38
10 12 1
10 13 54
10 14 89
10 15 87
10 16 69
10 17 37
10 18 2
10 19 17
11 12 46
11 13 57
11 14 94
11 15 95
11 16 40
11 17 71
11 18 4
11 19 11
11 20 35
12 13 80
12 14 98
12 15 69
12 16 10
12 17 5
12 18 46
12 19 36
12 20 82
12 21 27
13 14 89
13 15 27
13 16 63
13 17 12
13 18 7
13 19 54
13 20 37
13 21 34
13 22 80
14 15 17
14 16 50
14 17 61
14 18 22
14 19 48
14 20 18
14 21 57
14 22 28
14 23 23
15 16 80
15 17 62
15 18 13
15 19 68
15 20 93
15 21 85
15 22 61
15 23 93
15 24 96
16 17 58
16 18 57
16 19 62
16 20 45
16 21 63
16 22 10
16 23 75
16 24 14
16 25 28
17 18 71
17 19 50
17 20 20
17 21 79
17 22 59
17 23 30
17 24 83
17 25 24
17 26 88
18 19 70
18 20 87
18 21 35
18 22 81
18 23 59
18 24 96
18 25 49
18 26 30
18 27 86
19 20 21
19 21 7
19 22 88
19 23 20
19 24 23
19 25 7
19 26 73
19 27 93
19 28 35
20 21 82
20 22 3
20 23 92
20 24 51
20 25 58
20 26 14
20 27 77
20 28 87
20 29 7
21 22 53
21 23 95
21 24 91
21 25 51
21 26 69
21 27 28
21 28 39
21 29 20
21 30 39
22 23 33
22 24 81
22 25 85
22 26 9
22 27 90
22 28 56
22 29 44
22 30 22
22 31 64
23 24 44
23 25 46
23 26 56
23 27 18
23 28 34
23 29 63
23 30 6
23 31 98
23 32 28
24 25 24
24 26 55
24 27 14
24 28 74
24 29 36
24 30 46
24 31 24
24 32 9
24 33 43
25 26 63
25 27 90
25 28 47
25 29 36
25 30 60
25 31 13
25 32 6
25 33 19
25 34 99
26 27 58
26 28 53
26 29 67
26 30 2
26 31 71
26 32 12
26 33 51
26 34 55
26 35 60
27 28 63
27 29 49
27 30 7
27 31 45
27 32 60
27 33 91
27 34 40
27 35 53
27 36 72
28 29 44
28 30 27
28 31 3
28 32 83
28 33 50
28 34 84
28 35 14
28 36 33
28 37 15
29 30 96
29 31 29
29 32 69
29 33 84
29 34 89
29 35 78
29 36 89
29 37 73
29 38 49
30 31 25
30 32 30
30 33 26
30 34 76
30 35 55
30 36 75
30 37 27
30 38 7
30 39 76
31 32 34
31 33 13
31 34 59
31 35 76
31 36 92
31 37 58
31 38 34
31 39 1
31 40 90
32 33 30
32 34 61
32 35 40
32 36 47
32 37 34
32 38 25
32 39 11
32 40 80
32 41 28
33 34 58
33 35 15
33 36 19
33 37 48
33 38 96
33 39 99
33 40 66
33 41 15
33 42 19
34 35 30
34 36 55
34 37 6
34 38 32
34 39 85
34 40 5
34 41 57
34 42 73
34 43 26
35 36 42
35 37 5
35 38 79
35 39 9
35 40 72
35 41 20
35 42 42
35 43 85
35 44 87
36 37 75
36 38 78
36 39 81
36 40 5
36 41 54
36 42 73
36 43 57
36 44 89
36 45 27
37 38 45
37 39 80
37 40 48
37 41 68
37 42 79
37 43 5
37 44 1
37 45 31
37 46 48
38 39 51
38 40 8
38 41 8
38 42 18
38 43 45
38 44 26
38 45 10
38 46 85
38 47 56
39 40 20
39 41 37
39 42 98
39 43 80
39 44 74
39 45 28
39 46 34
39 47 48
39 48 57
40 41 26
40 42 25
40 43 56
40 44 49
40 45 53
40 46 91
40 47 32
40 48 37
40 49 79
41 42 87
41 43 8
41 44 81
41 45 24
41 46 11
41 47 36
41 48 59
41 49 76
42 43 71
42 44 56
42 45 48
42 46 34
42 47 6
42 48 49
42 49 62
43 44 59
43 45 51
43 46 88
43 47 34
43 48 74
43 49 89
44 45 61
44 46 46
44 47 88
44 48 73
44 49 57
45 46 73
45 47 22
45 48 75
45 49 20
46 47 69
46 48 58
46 49 28
47 48 10
47 49 8
48 49 28
