50
0 1 10
0 7 11
0 9 6
0 8 7
0 10 7
1 2 7
1 7 8
2 3 5
3 5 9
4 5 9
4 7 11
5 6 10
6 7 9
6 22 60
7 22 45
8 10 5
8 17 22
8 18 25
9 10 4
9 11 7
10 11 6
10 17 19
11 12 12
11 17 15
12 17 19
12 13 16
13 14 12
13 16 27
14 15 10
14 20 15
15 16 12
15 29 17
16 30 22
17 18 8
17 19 9
18 19 9
18 22 21
19 21 8
19 20 11
20 21 12
20 23 23
20 28 27
21 22 17
21 23 10
22 23 25
23 24 13
23 26 15
24 25 16
25 26 17
25 36 32
26 27 14
26 31 15
27 28 28
27 32 16
28 29 19
28 33 31
29 30 9
30 33 45
30 34 50
31 32 15
31 38 45
31 36 34
32 33 30
32 38 50
33 34 55
33 39 60
34 39 75
34 42 99
35 36 18
35 37 60
35 40 85
36 37 40
37 38 8
37 41 40
38 39 55
38 41 42
39 42 70
40 43 70
40 45 90
40 46 95
41 43 47
41 44 72
41 47 67
42 44 29
42 49 34
43 47 70
44 47 57
44 49 22
45 46 90
46 47 95
46 48 90
47 48 10
47 49 69
48 49 67