50
0 10 25
0 27 78
0 31 10
0 38 10
0 41 59
0 45 22
0 47 2
0 48 58
0 3 74
0 5 63
0 7 61
0 11 94
0 13 54
0 21 72
0 23 69
0 26 71
0 36 39
0 39 75
10 3 59
10 5 43
10 2 78
10 13 18
10 21 71
10 24 44
10 25 56
10 35 48
10 38 60
10 39 76
10 41 87
10 42 70
10 43 85
10 49 13
10 11 85
10 15 28
10 20 77
10 28 67
10 31 78
10 45 47
10 47 49
27 15 37
27 18 7
27 21 31
27 23 45
27 26 83
27 5 80
27 6 54
27 19 61
27 24 23
27 42 97
27 48 6
27 35 5
27 38 48
27 40 61
27 44 15
31 4 59
31 11 96
31 12 89
31 29 91
31 3 72
31 8 91
31 9 39
31 22 22
31 26 24
31 32 92
31 39 78
31 42 1
31 44 49
31 33 7
31 38 31
31 46 26
38 6 90
38 22 61
38 30 79
38 34 36
38 36 25
38 7 8
38 14 99
38 28 27
38 32 48
38 39 71
38 44 58
38 46 90
38 47 49
41 2 35
41 22 19
41 36 48
41 37 6
41 13 14
41 14 62
41 24 30
41 40 52
41 46 72
41 47 28
41 49 84
45 8 29
45 14 68
45 17 52
45 19 67
45 25 90
45 26 57
45 33 9
45 13 78
45 20 73
45 48 86
45 49 94
47 6 81
47 7 24
47 15 89
47 16 59
47 24 6
47 26 52
47 34 74
47 3 29
47 30 13
47 32 15
47 37 29
47 47 5
48 20 86
48 23 63
48 25 19
48 35 1
48 36 4
48 37 49
48 39 94
48 44 66
48 1 40
48 21 80
48 49 33
1 8 57
1 12 9
1 13 64
1 18 79
1 42 75
1 2 80
1 21 31
1 23 41
1 39 1
8 6 20
8 8 23
8 9 84
8 12 52
8 28 56
8 34 96
8 11 46
8 15 22
8 22 25
8 40 72
12 4 28
12 3 66
12 5 47
12 7 75
12 18 29
12 20 92
12 34 5
12 42 11
12 46 42
12 19 54
12 33 9
13 4 37
13 6 67
13 7 19
13 26 5
13 39 84
13 40 40
13 14 6
13 20 38
13 22 5
13 37 40
13 46 68
18 7 10
18 4 35
18 16 16
18 44 65
18 26 59
42 2 87
42 3 15
42 14 65
42 15 47
42 19 94
42 20 56
42 32 96
42 34 39
42 4 65
42 29 43
42 33 8
42 44 87
42 46 82
2 11 4
2 15 28
2 20 57
2 33 98
2 37 62
2 39 50
2 14 72
2 23 27
2 26 76
2 28 74
2 29 87
2 32 75
2 44 11
11 7 56
11 3 33
11 14 10
11 17 84
11 21 52
11 26 79
11 28 11
11 35 17
11 40 16
11 46 67
15 3 56
15 4 6
15 6 33
15 7 99
15 5 44
15 23 63
15 26 89
15 29 18
15 34 16
15 39 35
15 43 83
15 16 44
15 25 54
15 33 40
15 44 47
20 5 32
20 6 94
20 16 99
20 29 94
20 32 12
20 43 10
20 24 73
20 28 56
20 34 4
20 36 22
20 37 52
33 9 64
33 32 44
33 5 21
33 6 93
33 16 93
33 19 96
33 22 22
33 25 87
33 34 38
33 37 19
33 43 1
33 44 72
37 3 98
37 16 49
37 19 40
37 9 45
37 29 78
37 40 22
39 21 68
39 24 17
39 29 13
39 32 83
39 4 8
39 16 39
39 19 68
3 4 52
3 9 34
3 21 9
3 29 10
3 32 97
3 35 20
3 46 6
3 19 99
3 28 68
3 40 34
4 5 75
4 21 83
4 43 22
4 44 16
4 28 58
9 5 39
9 16 17
9 46 60
9 21 78
9 23 61
9 24 80
9 32 68
9 44 29
21 6 45
21 7 60
21 34 82
21 24 22
21 46 83
29 6 64
29 14 18
29 16 73
29 28 97
29 35 4
29 40 96
29 34 26
32 17 54
32 35 19
32 40 11
35 7 7
35 17 58
35 22 37
35 14 71
35 35 64
35 44 26
35 36 73
35 43 64
46 5 25
46 17 31
46 24 84
46 44 38
46 49 41
5 14 81
5 44 61
5 24 15
5 43 64
43 7 6
43 16 95
43 22 19
43 17 28
44 14 37
44 17 92
44 28 95
44 23 63
44 25 54
44 40 63
44 49 68
14 6 1
14 19 76
14 22 45
14 28 34
14 26 71
6 17 45
6 25 64
6 19 32
6 22 25
6 24 17
6 30 54
6 34 61
6 36 88
17 7 67
17 24 20
17 34 50
25 7 3
25 19 23
25 23 86
25 34 59
25 49 5
7 16 71
7 30 75
7 40 35
7 49 38
16 16 81
16 22 90
16 24 36
30 22 20
30 28 28
30 19 16
30 40 69
30 49 44
28 23 12
28 49 50
34 24 50
24 19 3
24 23 11
24 22 55
24 36 45
49 26 73
49 36 70
49 49 42
26 22 7
26 23 41
40 19 21
40 23 42
19 22 14
19 36 63
22 23 2
23 36 6