50
0 1 73
0 2 32
0 3 59
0 4 93
0 5 69
0 6 75
0 7 93
0 8 91
0 9 66
0 10 57
0 11 49
0 12 48
0 13 22
0 14 49
0 15 77
0 16 22
0 17 79
0 18 77
0 19 97
0 20 19
0 21 35
0 22 33
0 23 13
0 24 42
0 25 24
0 26 29
0 27 49
0 28 67
0 29 24
0 30 77
0 31 37
0 32 1
0 33 3
0 34 64
0 35 88
0 36 72
0 37 20
0 38 57
0 39 74
0 40 3
0 41 36
0 42 21
0 43 51
0 44 62
0 45 14
0 46 57
0 47 32
0 48 28
0 49 25
1 2 74
1 3 15
1 4 52
1 5 94
1 6 88
1 7 66
1 8 88
1 9 10
1 10 94
1 11 38
1 12 97
1 13 72
1 14 73
1 15 4
1 16 88
1 17 84
1 18 54
1 19 71
1 20 70
1 21 83
1 22 63
1 23 65
1 24 97
1 25 96
1 26 67
1 27 88
1 28 37
1 29 76
1 30 55
1 31 82
1 32 69
1 33 64
1 34 98
1 35 65
1 36 13
1 37 78
1 38 33
1 39 17
1 40 78
1 41 15
1 42 77
1 43 45
1 44 78
1 45 47
1 46 41
1 47 44
1 48 19
1 49 58
2 3 77
2 4 90
2 5 70
2 6 85
2 7 91
2 8 13
2 9 74
2 10 89
2 11 86
2 12 72
2 13 68
2 14 59
2 15 98
2 16 44
2 17 88
2 18 70
2 19 70
2 20 62
2 21 91
2 22 2
2 23 73
2 24 77
2 25 87
2 26 8
2 27 95
2 28 68
2 29 22
2 30 88
2 31 26
2 32 69
2 33 84
2 34 59
2 35 16
2 36 41
2 37 12
2 38 12
2 39 62
2 40 12
2 41 41
2 42 16
2 43 98
2 44 34
2 45 54
2 46 97
2 47 75
2 48 9
2 49 55
3 4 7
3 5 81
3 6 49
3 7 40
3 8 68
3 9 81
3 10 46
3 11 58
3 12 89
3 13 7
3 14 59
3 15 74
3 16 97
3 17 9
3 18 97
3 19 55
3 20 84
3 21 13
3 22 64
3 23 39
3 24 14
3 25 49
3 26 54
3 27 90
3 28 9
3 29 72
3 30 46
3 31 76
3 32 76
3 33 49
3 34 13
3 35 35
3 36 45
3 37 26
3 38 56
3 39 15
3 40 25
3 41 39
3 42 86
3 43 45
3 44 82
3 45 9
3 46 20
3 47 28
3 48 17
3 49 70
4 5 38
4 6 82
4 7 68
4 8 63
4 9 15
4 10 58
4 11 64
4 12 34
4 13 9
4 14 28
4 15 82
4 16 98
4 17 58
4 18 94
4 19 48
4 20 24
4 21 36
4 22 31
4 23 99
4 24 89
4 25 19
4 26 79
4 27 64
4 28 71
4 29 22
4 30 1
4 31 77
4 32 61
4 33 53
4 34 87
4 35 86
4 36 68
4 37 55
4 38 88
4 39 10
4 40 68
4 41 13
4 42 35
4 43 63
4 44 57
4 45 31
4 46 43
4 47 65
4 48 76
4 49 98
5 6 89
5 7 71
5 8 91
5 9 56
5 10 5
5 11 91
5 12 60
5 13 96
5 14 18
5 15 59
5 16 78
5 17 74
5 18 35
5 19 6
5 20 51
5 21 69
5 22 41
5 23 62
5 24 11
5 25 78
5 26 65
5 27 88
5 28 55
5 29 32
5 30 73
5 31 10
5 32 11
5 33 54
5 34 22
5 35 77
5 36 13
5 37 98
5 38 45
5 39 95
5 40 14
5 41 92
5 42 51
5 43 69
5 44 41
5 45 36
5 46 75
5 47 61
5 48 25
5 49 96
6 7 26
6 8 22
6 9 95
6 10 26
6 11 2
6 12 60
6 13 63
6 14 50
6 15 59
6 16 60
6 17 78
6 18 90
6 19 45
6 20 61
6 21 19
6 22 8
6 23 96
6 24 47
6 25 52
6 26 22
6 27 39
6 28 95
6 29 25
6 30 50
6 31 56
6 32 7
6 33 55
6 34 24
6 35 79
6 36 28
6 37 93
6 38 26
6 39 49
6 40 79
6 41 84
6 42 58
6 43 8
6 44 97
6 45 74
6 46 82
6 47 22
6 48 92
6 49 9
7 8 52
7 9 24
7 10 54
7 11 47
7 12 46
7 13 98
7 14 12
7 15 40
7 16 76
7 17 77
7 18 65
7 19 91
7 20 91
7 21 40
7 22 34
7 23 76
7 24 9
7 25 7
7 26 75
7 27 66
7 28 40
7 29 6
7 30 34
7 31 83
7 32 83
7 33 48
7 34 25
7 35 69
7 36 61
7 37 6
7 38 40
7 39 48
7 40 74
7 41 38
7 42 53
7 43 10
7 44 80
7 45 2
7 46 66
7 47 23
7 48 22
7 49 37
8 9 84
8 10 59
8 11 10
8 12 47
8 13 16
8 14 67
8 15 54
8 16 21
8 17 26
8 18 90
8 19 33
8 20 66
8 21 91
8 22 78
8 23 22
8 24 88
8 25 31
8 26 16
8 27 80
8 28 6
8 29 51
8 30 73
8 31 58
8 32 15
8 33 60
8 34 13
8 35 95
8 36 86
8 37 74
8 38 18
8 39 66
8 40 1
8 41 34
8 42 13
8 43 22
8 44 9
8 45 95
8 46 58
8 47 72
8 48 19
8 49 50
9 10 25
9 11 76
9 12 66
9 13 27
9 14 69
9 15 38
9 16 19
9 17 74
9 18 36
9 19 18
9 20 21
9 21 26
9 22 34
9 23 84
9 24 71
9 25 96
9 26 80
9 27 33
9 28 32
9 29 93
9 30 51
9 31 97
9 32 44
9 33 87
9 34 91
9 35 69
9 36 66
9 37 36
9 38 89
9 39 56
9 40 26
9 41 80
9 42 79
9 43 95
9 44 36
9 45 47
9 46 87
9 47 85
9 48 28
9 49 17
10 11 2
10 12 73
10 13 89
10 14 30
10 15 76
10 16 20
10 17 86
10 18 58
10 19 10
10 20 93
10 21 36
10 22 85
10 23 31
10 24 3
10 25 63
10 26 36
10 27 38
10 28 3
10 29 57
10 30 82
10 31 8
10 32 10
10 33 39
10 34 63
10 35 66
10 36 22
10 37 61
10 38 27
10 39 13
10 40 74
10 41 28
10 42 26
10 43 59
10 44 87
10 45 9
10 46 27
10 47 38
10 48 6
10 49 7
11 12 47
11 13 69
11 14 17
11 15 49
11 16 39
11 17 86
11 18 50
11 19 92
11 20 90
11 21 73
11 22 64
11 23 60
11 24 11
11 25 35
11 26 47
11 27 34
11 28 43
11 29 92
11 30 80
11 31 65
11 32 34
11 33 24
11 34 39
11 35 19
11 36 32
11 37 55
11 38 91
11 39 14
11 40 90
11 41 31
11 42 43
11 43 85
11 44 70
11 45 16
11 46 56
11 47 58
11 48 6
11 49 20
12 13 27
12 14 34
12 15 96
12 16 21
12 17 94
12 18 88
12 19 47
12 20 41
12 21 14
12 22 74
12 23 5
12 24 87
12 25 86
12 26 35
12 27 39
12 28 55
12 29 15
12 30 77
12 31 76
12 32 28
12 33 85
12 34 69
12 35 76
12 36 92
12 37 19
12 38 28
12 39 68
12 40 2
12 41 75
12 42 46
12 43 98
12 44 30
12 45 60
12 46 85
12 47 99
12 48 48
12 49 46
13 14 41
13 15 26
13 16 11
13 17 75
13 18 51
13 19 64
13 20 47
13 21 55
13 22 32
13 23 11
13 24 56
13 25 47
13 26 92
13 27 44
13 28 81
13 29 25
13 30 89
13 31 51
13 32 45
13 33 42
13 34 67
13 35 4
13 36 10
13 37 28
13 38 4
13 39 67
13 40 9
13 41 69
13 42 36
13 43 62
13 44 81
13 45 67
13 46 87
13 47 50
13 48 49
13 49 34
14 15 78
14 16 76
14 17 1
14 18 97
14 19 2
14 20 83
14 21 60
14 22 91
14 23 98
14 24 50
14 25 85
14 26 52
14 27 45
14 28 30
14 29 36
14 30 75
14 31 99
14 32 6
14 33 87
14 34 23
14 35 78
14 36 52
14 37 72
14 38 51
14 39 15
14 40 36
14 41 40
14 42 58
14 43 83
14 44 3
14 45 36
14 46 45
14 47 27
14 48 24
14 49 95
15 16 73
15 17 29
15 18 52
15 19 50
15 20 52
15 21 63
15 22 39
15 23 4
15 24 37
15 25 9
15 26 25
15 27 84
15 28 44
15 29 76
15 30 46
15 31 26
15 32 70
15 33 45
15 34 7
15 35 45
15 36 3
15 37 32
15 38 80
15 39 54
15 40 46
15 41 6
15 42 83
15 43 2
15 44 71
15 45 12
15 46 53
15 47 62
15 48 78
15 49 39
16 17 54
16 18 3
16 19 21
16 20 47
16 21 33
16 22 96
16 23 55
16 24 18
16 25 81
16 26 33
16 27 93
16 28 78
16 29 93
16 30 27
16 31 5
16 32 11
16 33 5
16 34 2
16 35 26
16 36 43
16 37 61
16 38 55
16 39 88
16 40 67
16 41 16
16 42 40
16 43 77
16 44 15
16 45 35
16 46 8
16 47 50
16 48 39
16 49 81
17 18 64
17 19 47
17 20 34
17 21 99
17 22 89
17 23 83
17 24 35
17 25 18
17 26 93
17 27 66
17 28 4
17 29 36
17 30 51
17 31 44
17 32 60
17 33 88
17 34 47
17 35 24
17 36 30
17 37 98
17 38 44
17 39 42
17 40 24
17 41 25
17 42 88
17 43 28
17 44 37
17 45 54
17 46 37
17 47 46
17 48 73
17 49 6
18 19 16
18 20 84
18 21 51
18 22 29
18 23 62
18 24 66
18 25 85
18 26 88
18 27 54
18 28 53
18 29 45
18 30 90
18 31 32
18 32 49
18 33 69
18 34 36
18 35 96
18 36 47
18 37 33
18 38 7
18 39 43
18 40 46
18 41 30
18 42 7
18 43 9
18 44 28
18 45 18
18 46 94
18 47 25
18 48 34
18 49 5
19 20 49
19 21 41
19 22 43
19 23 36
19 24 14
19 25 63
19 26 82
19 27 46
19 28 90
19 29 87
19 30 13
19 31 86
19 32 57
19 33 8
19 34 55
19 35 71
19 36 62
19 37 9
19 38 71
19 39 72
19 40 74
19 41 21
19 42 80
19 43 11
19 44 7
19 45 63
19 46 82
19 47 6
19 48 68
19 49 30
20 21 91
20 22 78
20 23 81
20 24 98
20 25 38
20 26 95
20 27 29
20 28 99
20 29 52
20 30 22
20 31 75
20 32 51
20 33 49
20 34 86
20 35 93
20 36 96
20 37 39
20 38 32
20 39 16
20 40 89
20 41 79
20 42 27
20 43 54
20 44 68
20 45 9
20 46 75
20 47 17
20 48 88
20 49 95
21 22 50
21 23 4
21 24 35
21 25 9
21 26 94
21 27 7
21 28 89
21 29 11
21 30 26
21 31 42
21 32 37
21 33 52
21 34 64
21 35 77
21 36 18
21 37 28
21 38 45
21 39 75
21 40 64
21 41 2
21 42 9
21 43 90
21 44 24
21 45 43
21 46 59
21 47 85
21 48 23
21 49 70
22 23 93
22 24 9
22 25 25
22 26 16
22 27 16
22 28 29
22 29 27
22 30 46
22 31 86
22 32 94
22 33 27
22 34 13
22 35 97
22 36 47
22 37 30
22 38 39
22 39 81
22 40 80
22 41 3
22 42 16
22 43 55
22 44 17
22 45 95
22 46 88
22 47 72
22 48 88
22 49 15
23 24 79
23 25 99
23 26 89
23 27 82
23 28 90
23 29 81
23 30 13
23 31 1
23 32 97
23 33 1
23 34 83
23 35 59
23 36 11
23 37 29
23 38 75
23 39 81
23 40 54
23 41 42
23 42 15
23 43 28
23 44 27
23 45 31
23 46 51
23 47 14
23 48 58
23 49 97
24 25 64
24 26 90
24 27 66
24 28 47
24 29 3
24 30 55
24 31 42
24 32 30
24 33 37
24 34 74
24 35 65
24 36 43
24 37 54
24 38 99
24 39 2
24 40 14
24 41 89
24 42 49
24 43 50
24 44 97
24 45 88
24 46 41
24 47 67
24 48 88
24 49 46
25 26 3
25 27 45
25 28 35
25 29 37
25 30 10
25 31 84
25 32 67
25 33 12
25 34 38
25 35 78
25 36 64
25 37 81
25 38 84
25 39 46
25 40 25
25 41 28
25 42 83
25 43 56
25 44 73
25 45 63
25 46 20
25 47 61
25 48 94
25 49 99
26 27 92
26 28 73
26 29 68
26 30 19
26 31 34
26 32 68
26 33 78
26 34 62
26 35 81
26 36 56
26 37 52
26 38 21
26 39 7
26 40 63
26 41 18
26 42 56
26 43 93
26 44 26
26 45 20
26 46 4
26 47 76
26 48 6
26 49 53
27 28 83
27 29 35
27 30 2
27 31 69
27 32 67
27 33 87
27 34 24
27 35 40
27 36 1
27 37 60
27 38 89
27 39 52
27 40 34
27 41 87
27 42 80
27 43 13
27 44 97
27 45 19
27 46 88
27 47 36
27 48 24
27 49 83
28 29 20
28 30 72
28 31 9
28 32 73
28 33 88
28 34 62
28 35 48
28 36 5
28 37 71
28 38 82
28 39 30
28 40 56
28 41 47
28 42 10
28 43 40
28 44 45
28 45 63
28 46 97
28 47 11
28 48 45
28 49 36
29 30 95
29 31 92
29 32 95
29 33 12
29 34 21
29 35 17
29 36 87
29 37 35
29 38 69
29 39 73
29 40 90
29 41 9
29 42 99
29 43 37
29 44 97
29 45 14
29 46 35
29 47 26
29 48 46
29 49 48
30 31 19
30 32 23
30 33 58
30 34 85
30 35 14
30 36 21
30 37 24
30 38 72
30 39 27
30 40 59
30 41 61
30 42 51
30 43 20
30 44 95
30 45 68
30 46 10
30 47 33
30 48 51
30 49 33
31 32 2
31 33 80
31 34 61
31 35 19
31 36 9
31 37 20
31 38 8
31 39 69
31 40 47
31 41 25
31 42 68
31 43 37
31 44 87
31 45 55
31 46 46
31 47 35
31 48 86
31 49 8
32 33 9
32 34 39
32 35 1
32 36 89
32 37 42
32 38 39
32 39 41
32 40 28
32 41 53
32 42 69
32 43 47
32 44 97
32 45 23
32 46 91
32 47 78
32 48 31
32 49 98
33 34 14
33 35 64
33 36 8
33 37 18
33 38 58
33 39 39
33 40 2
33 41 21
33 42 44
33 43 68
33 44 88
33 45 54
33 46 86
33 47 56
33 48 34
33 49 60
34 35 74
34 36 96
34 37 85
34 38 51
34 39 96
34 40 14
34 41 49
34 42 72
34 43 3
34 44 13
34 45 23
34 46 24
34 47 58
34 48 47
34 49 23
35 36 1
35 37 66
35 38 17
35 39 98
35 40 88
35 41 18
35 42 22
35 43 44
35 44 3
35 45 78
35 46 53
35 47 9
35 48 6
35 49 61
36 37 37
36 38 4
36 39 72
36 40 83
36 41 53
36 42 19
36 43 91
36 44 1
36 45 11
36 46 80
36 47 22
36 48 44
36 49 89
37 38 1
37 39 68
37 40 47
37 41 17
37 42 39
37 43 65
37 44 63
37 45 76
37 46 83
37 47 14
37 48 40
37 49 63
38 39 52
38 40 48
38 41 36
38 42 9
38 43 55
38 44 8
38 45 81
38 46 68
38 47 44
38 48 10
38 49 60
39 40 8
39 41 76
39 42 96
39 43 53
39 44 87
39 45 52
39 46 89
39 47 40
39 48 27
39 49 4
40 41 53
40 42 43
40 43 38
40 44 42
40 45 36
40 46 9
40 47 68
40 48 63
40 49 79
41 42 71
41 43 3
41 44 63
41 45 91
41 46 72
41 47 16
41 48 75
41 49 97
42 43 54
42 44 60
42 45 83
42 46 76
42 47 32
42 48 84
42 49 47
43 44 48
43 45 93
43 46 53
43 47 2
43 48 95
43 49 35
44 45 2
44 46 39
44 47 35
44 48 77
44 49 82
45 46 89
45 47 31
45 48 83
45 49 11
46 47 75
46 48 32
46 49 71
47 48 25
47 49 11
48 49 45
