50
10 37 69.896
10 5 89.787
37 21 95.395
27 47 60.832
27 41 64.358
47 2 93.898
25 29 31.628
25 28 39.633
29 15 47.996
11 42 19.486
11 26 55.11
42 39 91.995
28 46 9.374
46 22 25.459
46 33 84.888
0 48 81.003
0 12 13.852
48 43 1.294
7 32 48.123
7 6 68.532
32 9 10.787
5 24 63.949
8 9 40.082
8 38 54.845
39 18 17.828
6 36 82.832
36 23 57.131
14 19 23.257
14 44 26.777
19 45 13.985
4 18 32.23
4 16 41.061
21 1 73.046
26 34 76.737
2 23 86.41
1 38 58.356
3 49 78.289
3 20 8.132
49 17 93.887
45 31 24.821
24 35 70.999
35 34 26.313
33 44 40.478
33 40 6.469
15 13 95.324
43 20 33.524
12 30 86.99
30 22 7.936
31 40 40.801
13 16 63.297
17 41 85.336