42
0 1 12.43
1 2 32.45
2 3 56.42
3 4 54.56
4 5 23.44
5 6 3.33
6 7 54.33
7 8 76.23
8 9 31.11
9 10 68.3
10 11 36.6
11 12 4.6
12 13 7.6
13 14 45.5
14 15 32.3
15 16 24.34
16 17 65.34
17 18 23.6
18 19 78.4
19 20 48.4
20 21 65.6
21 22 24.56
22 23 72.23
23 24 45.65
24 25 72.65
25 26 3.54
26 27 7.43
27 28 10.4
28 29 34.62
29 30 12.23
30 31 18.45
31 32 35.23
32 33 34.56
33 34 23.65
34 35 7.54
35 36 4.54
36 37 16.31
37 38 43.05
38 39 62.76
39 40 43.23
40 41 27.57
41 5 35.23
26 3 32.76
29 40 23.42
10 38 64.7
5 34 32.34
8 20 23.23
17 0 10.05
23 34 43.45
