50
0 1 64.339
0 2 56.563
0 3 80.803
0 4 23.831
0 5 99.205
0 6 2.847
0 7 52.392
0 8 67.964
0 9 36.64
0 10 0.675
0 11 63.905
0 12 27.413
0 13 72.376
0 14 87.618
0 15 61.148
0 16 13.703
0 17 51.404
0 18 31.19
0 19 51.335
0 20 7.568
0 21 20.422
0 22 19.83
0 23 27.552
0 24 1.701
0 25 37.259
0 26 5.732
0 27 80.566
0 28 12.258
0 29 80.692
0 30 39.229
0 31 1.449
0 32 60.244
0 33 88.428
0 34 7.433
0 35 98.384
0 36 98.161
0 37 57.517
0 38 31.917
0 39 40.56
0 40 31.97
0 41 24.811
0 42 5.857
0 43 35.019
0 44 71.688
0 45 26.172
0 46 36.809
0 47 7.953
0 48 66.169
0 49 5.242
1 2 12.173
1 3 21.828
1 4 99.638
1 5 95.882
1 6 85.213
1 7 65.727
1 8 83.155
1 9 59.652
1 10 6.278
1 11 82.704
1 12 48.742
1 13 83.211
1 14 81.881
1 15 38.189
1 16 26.996
1 17 34.573
1 18 90.683
1 19 31.388
1 20 27.768
1 21 50.814
1 22 19.648
1 23 64.519
1 24 71.759
1 25 84.795
1 26 20.668
1 27 31.572
1 28 99.949
1 29 25.589
1 30 63.364
1 31 82.59
1 32 72.731
1 33 68.944
1 34 7.397
1 35 67.055
1 36 26.533
1 37 8.434
1 38 60.791
1 39 66.839
1 40 96.489
1 41 29.149
1 42 37.968
1 43 86.395
1 44 60.571
1 45 50.855
1 46 27.436
1 47 9.657
1 48 83.83
1 49 5.209
2 3 1.779
2 4 74.908
2 5 14.849
2 6 57.072
2 7 38.663
2 8 63.121
2 9 21.51
2 10 3.89
2 11 44.341
2 12 64.017
2 13 37.494
2 14 49.782
2 15 33.308
2 16 46.586
2 17 6.513
2 18 49.228
2 19 13.994
2 20 2.79
2 21 15.169
2 22 2.264
2 23 14.011
2 24 84.84
2 25 36.951
2 26 91.856
2 27 24.824
2 28 22.698
2 29 82.751
2 30 88.86
2 31 43.229
2 32 3.195
2 33 35.324
2 34 53.631
2 35 65.647
2 36 61.898
2 37 33.596
2 38 17.229
2 39 95.983
2 40 15.545
2 41 31.614
2 42 77.106
2 43 7.019
2 44 85.411
2 45 46.434
2 46 18.503
2 47 72.583
2 48 54.458
2 49 67.91
3 4 89.767
3 5 15.698
3 6 11.759
3 7 46.251
3 8 21.31
3 9 16.448
3 10 20.001
3 11 42.363
3 12 76.108
3 13 70.819
3 14 74.047
3 15 76.997
3 16 60.812
3 17 51.483
3 18 87.889
3 19 3.882
3 20 31.252
3 21 54.11
3 22 4.341
3 23 13.623
3 24 87.346
3 25 67.111
3 26 45.968
3 27 44.584
3 28 94.584
3 29 79.653
3 30 26.272
3 31 33.932
3 32 28.0
3 33 10.368
3 34 59.928
3 35 49.98
3 36 44.337
3 37 39.791
3 38 19.789
3 39 1.083
3 40 75.81
3 41 21.95
3 42 23.26
3 43 18.459
3 44 8.642
3 45 2.599
3 46 78.286
3 47 81.055
3 48 22.02
3 49 47.654
4 5 3.583
4 6 5.485
4 7 48.336
4 8 49.116
4 9 26.588
4 10 54.348
4 11 32.513
4 12 19.524
4 13 51.024
4 14 65.856
4 15 52.624
4 16 56.845
4 17 75.94
4 18 32.929
4 19 40.455
4 20 71.782
4 21 53.241
4 22 2.687
4 23 53.524
4 24 71.556
4 25 15.936
4 26 26.185
4 27 16.587
4 28 13.345
4 29 80.772
4 30 65.079
4 31 23.898
4 32 68.657
4 33 65.63
4 34 46.273
4 35 2.583
4 36 37.524
4 37 82.963
4 38 43.198
4 39 3.523
4 40 3.055
4 41 17.693
4 42 89.038
4 43 78.153
4 44 72.222
4 45 16.25
4 46 75.428
4 47 16.284
4 48 85.884
4 49 7.531
5 6 99.417
5 7 22.274
5 8 89.303
5 9 89.737
5 10 97.796
5 11 54.596
5 12 66.907
5 13 84.293
5 14 41.08
5 15 26.687
5 16 36.245
5 17 91.904
5 18 65.801
5 19 14.462
5 20 54.211
5 21 52.428
5 22 75.702
5 23 48.401
5 24 17.131
5 25 77.841
5 26 53.768
5 27 38.316
5 28 92.255
5 29 41.147
5 30 78.304
5 31 28.11
5 32 77.286
5 33 11.858
5 34 21.851
5 35 94.379
5 36 17.833
5 37 89.724
5 38 9.938
5 39 18.519
5 40 59.434
5 41 6.872
5 42 43.275
5 43 8.382
5 44 37.259
5 45 20.402
5 46 57.964
5 47 32.209
5 48 75.875
5 49 59.104
6 7 86.232
6 8 27.391
6 9 20.932
6 10 39.951
6 11 91.425
6 12 91.069
6 13 35.199
6 14 37.077
6 15 61.807
6 16 41.421
6 17 97.612
6 18 2.217
6 19 64.127
6 20 49.331
6 21 77.39
6 22 15.133
6 23 35.131
6 24 11.938
6 25 55.93
6 26 61.613
6 27 85.357
6 28 26.147
6 29 26.281
6 30 28.168
6 31 59.616
6 32 73.165
6 33 75.605
6 34 96.705
6 35 67.961
6 36 94.69
6 37 68.211
6 38 3.712
6 39 24.796
6 40 5.269
6 41 96.539
6 42 7.773
6 43 15.722
6 44 29.85
6 45 40.481
6 46 81.932
6 47 3.661
6 48 16.324
6 49 97.049
7 8 50.637
7 9 33.24
7 10 42.198
7 11 86.521
7 12 35.305
7 13 39.467
7 14 54.263
7 15 80.756
7 16 73.897
7 17 47.508
7 18 22.246
7 19 69.746
7 20 40.187
7 21 55.941
7 22 37.503
7 23 2.493
7 24 52.064
7 25 33.127
7 26 85.465
7 27 76.515
7 28 86.949
7 29 84.201
7 30 42.508
7 31 30.248
7 32 60.626
7 33 37.0
7 34 26.663
7 35 59.751
7 36 70.502
7 37 87.97
7 38 48.59
7 39 84.052
7 40 64.888
7 41 39.846
7 42 56.377
7 43 59.772
7 44 12.899
7 45 27.34
7 46 60.03
7 47 48.937
7 48 69.461
7 49 66.392
8 9 10.091
8 10 86.721
8 11 19.501
8 12 37.305
8 13 28.616
8 14 48.641
8 15 14.306
8 16 31.218
8 17 58.098
8 18 83.252
8 19 22.123
8 20 12.298
8 21 6.28
8 22 85.565
8 23 12.199
8 24 75.78
8 25 32.326
8 26 22.113
8 27 23.547
8 28 74.363
8 29 81.661
8 30 73.753
8 31 9.616
8 32 61.345
8 33 76.531
8 34 51.588
8 35 82.762
8 36 34.982
8 37 55.447
8 38 73.584
8 39 86.017
8 40 43.749
8 41 93.961
8 42 83.019
8 43 7.925
8 44 11.765
8 45 5.259
8 46 84.391
8 47 97.321
8 48 29.197
8 49 40.495
9 10 6.726
9 11 55.312
9 12 66.638
9 13 39.943
9 14 54.683
9 15 5.089
9 16 11.442
9 17 85.717
9 18 42.118
9 19 30.208
9 20 56.632
9 21 53.764
9 22 69.895
9 23 39.419
9 24 4.002
9 25 2.974
9 26 45.914
9 27 59.334
9 28 11.269
9 29 60.635
9 30 96.627
9 31 61.588
9 32 69.776
9 33 99.062
9 34 91.356
9 35 43.701
9 36 24.138
9 37 59.523
9 38 85.697
9 39 70.925
9 40 48.032
9 41 63.159
9 42 9.374
9 43 22.918
9 44 75.026
9 45 22.699
9 46 97.423
9 47 71.425
9 48 39.509
9 49 84.969
10 11 80.562
10 12 78.493
10 13 19.807
10 14 55.112
10 15 82.073
10 16 67.068
10 17 51.284
10 18 55.984
10 19 56.696
10 20 37.74
10 21 92.017
10 22 34.083
10 23 50.091
10 24 66.912
10 25 65.929
10 26 33.904
10 27 42.943
10 28 5.521
10 29 30.551
10 30 31.494
10 31 84.034
10 32 36.943
10 33 58.826
10 34 73.485
10 35 76.741
10 36 64.263
10 37 94.357
10 38 12.09
10 39 41.323
10 40 77.45
10 41 3.339
10 42 9.538
10 43 68.28
10 44 97.129
10 45 16.307
10 46 88.346
10 47 90.568
10 48 64.751
10 49 42.583
11 12 29.958
11 13 87.765
11 14 25.374
11 15 49.922
11 16 15.807
11 17 70.644
11 18 43.806
11 19 33.003
11 20 11.419
11 21 7.314
11 22 58.697
11 23 78.748
11 24 22.966
11 25 33.303
11 26 55.312
11 27 99.543
11 28 69.914
11 29 23.274
11 30 77.133
11 31 74.815
11 32 59.105
11 33 75.232
11 34 28.819
11 35 8.408
11 36 47.532
11 37 43.511
11 38 51.053
11 39 91.162
11 40 48.486
11 41 37.158
11 42 60.45
11 43 28.617
11 44 73.789
11 45 24.696
11 46 14.152
11 47 73.675
11 48 78.333
11 49 65.462
12 13 96.836
12 14 61.997
12 15 52.121
12 16 95.604
12 17 90.856
12 18 3.915
12 19 51.874
12 20 38.442
12 21 81.127
12 22 31.243
12 23 2.914
12 24 18.11
12 25 64.688
12 26 7.086
12 27 44.36
12 28 62.499
12 29 88.059
12 30 68.538
12 31 84.44
12 32 11.635
12 33 47.04
12 34 92.739
12 35 71.023
12 36 8.801
12 37 14.798
12 38 66.836
12 39 74.066
12 40 88.45
12 41 56.569
12 42 56.742
12 43 59.448
12 44 27.819
12 45 10.023
12 46 28.938
12 47 26.467
12 48 11.119
12 49 35.544
13 14 20.116
13 15 10.316
13 16 32.06
13 17 20.574
13 18 81.439
13 19 99.356
13 20 24.649
13 21 75.064
13 22 39.036
13 23 30.52
13 24 44.385
13 25 61.924
13 26 40.591
13 27 76.868
13 28 59.538
13 29 74.68
13 30 57.084
13 31 88.002
13 32 23.097
13 33 95.702
13 34 82.168
13 35 49.887
13 36 98.057
13 37 55.035
13 38 77.206
13 39 40.393
13 40 10.597
13 41 11.095
13 42 95.497
13 43 89.668
13 44 60.787
13 45 70.44
13 46 76.849
13 47 79.308
13 48 88.193
13 49 72.635
14 15 56.41
14 16 45.808
14 17 81.484
14 18 17.983
14 19 74.546
14 20 29.364
14 21 67.413
14 22 25.538
14 23 16.793
14 24 46.55
14 25 77.31
14 26 71.849
14 27 51.771
14 28 5.772
14 29 29.865
14 30 14.472
14 31 14.205
14 32 33.746
14 33 7.536
14 34 59.473
14 35 2.864
14 36 62.768
14 37 2.512
14 38 49.408
14 39 34.109
14 40 69.647
14 41 17.194
14 42 82.764
14 43 41.369
14 44 60.388
14 45 91.546
14 46 72.72
14 47 69.668
14 48 4.991
14 49 69.14
15 16 33.476
15 17 32.045
15 18 63.125
15 19 97.728
15 20 94.205
15 21 17.257
15 22 22.135
15 23 76.59
15 24 93.768
15 25 30.872
15 26 92.472
15 27 43.433
15 28 51.106
15 29 53.949
15 30 8.526
15 31 78.592
15 32 65.86
15 33 84.776
15 34 85.985
15 35 96.698
15 36 30.793
15 37 9.568
15 38 4.432
15 39 12.727
15 40 83.224
15 41 21.233
15 42 30.555
15 43 62.415
15 44 52.014
15 45 47.136
15 46 87.076
15 47 95.802
15 48 43.867
15 49 12.679
16 17 62.373
16 18 31.866
16 19 38.642
16 20 55.796
16 21 8.735
16 22 5.248
16 23 34.39
16 24 58.434
16 25 97.552
16 26 10.619
16 27 28.894
16 28 28.636
16 29 93.265
16 30 64.891
16 31 53.355
16 32 40.966
16 33 56.548
16 34 52.482
16 35 69.747
16 36 58.943
16 37 17.923
16 38 1.44
16 39 3.474
16 40 70.379
16 41 91.007
16 42 83.488
16 43 3.903
16 44 0.521
16 45 85.603
16 46 15.788
16 47 70.217
16 48 7.722
16 49 93.651
17 18 37.147
17 19 97.271
17 20 83.745
17 21 75.002
17 22 47.106
17 23 3.855
17 24 9.135
17 25 36.438
17 26 49.2
17 27 42.764
17 28 64.275
17 29 34.274
17 30 50.73
17 31 65.453
17 32 29.078
17 33 26.019
17 34 8.623
17 35 56.832
17 36 80.078
17 37 33.927
17 38 4.19
17 39 1.639
17 40 16.296
17 41 59.543
17 42 95.749
17 43 48.899
17 44 70.842
17 45 12.641
17 46 5.177
17 47 32.711
17 48 55.337
17 49 68.372
18 19 9.089
18 20 55.87
18 21 39.597
18 22 38.947
18 23 35.339
18 24 61.228
18 25 23.042
18 26 16.339
18 27 82.205
18 28 27.815
18 29 1.72
18 30 11.773
18 31 93.906
18 32 0.964
18 33 14.312
18 34 19.17
18 35 20.281
18 36 4.129
18 37 94.341
18 38 4.324
18 39 69.158
18 40 55.452
18 41 48.613
18 42 27.994
18 43 86.653
18 44 85.311
18 45 52.038
18 46 28.11
18 47 80.121
18 48 50.945
18 49 99.582
19 20 78.407
19 21 1.854
19 22 15.872
19 23 78.182
19 24 26.548
19 25 65.052
19 26 14.352
19 27 55.801
19 28 83.273
19 29 24.177
19 30 96.489
19 31 43.063
19 32 20.153
19 33 84.919
19 34 43.619
19 35 81.549
19 36 94.971
19 37 4.631
19 38 52.394
19 39 58.283
19 40 54.611
19 41 46.495
19 42 20.091
19 43 39.067
19 44 61.166
19 45 53.554
19 46 64.62
19 47 18.379
19 48 1.955
19 49 71.937
20 21 61.85
20 22 74.086
20 23 89.417
20 24 56.315
20 25 35.4
20 26 87.937
20 27 53.069
20 28 27.53
20 29 8.397
20 30 65.617
20 31 42.225
20 32 57.153
20 33 48.716
20 34 85.007
20 35 75.608
20 36 11.904
20 37 88.917
20 38 43.999
20 39 53.469
20 40 45.732
20 41 81.256
20 42 22.97
20 43 74.684
20 44 6.861
20 45 28.819
20 46 98.054
20 47 64.2
20 48 18.94
20 49 28.241
21 22 28.286
21 23 26.593
21 24 88.875
21 25 89.829
21 26 44.973
21 27 64.502
21 28 17.453
21 29 70.184
21 30 88.722
21 31 42.305
21 32 42.598
21 33 3.512
21 34 96.837
21 35 94.96
21 36 49.969
21 37 12.556
21 38 56.746
21 39 40.162
21 40 85.135
21 41 79.386
21 42 55.822
21 43 36.689
21 44 75.377
21 45 23.374
21 46 15.856
21 47 2.81
21 48 53.933
21 49 25.396
22 23 29.394
22 24 93.409
22 25 10.677
22 26 18.143
22 27 65.547
22 28 62.722
22 29 83.856
22 30 60.905
22 31 86.309
22 32 27.294
22 33 16.476
22 34 70.892
22 35 83.4
22 36 98.035
22 37 54.553
22 38 17.363
22 39 77.225
22 40 3.645
22 41 50.74
22 42 94.993
22 43 82.982
22 44 67.233
22 45 9.65
22 46 27.089
22 47 0.113
22 48 74.261
22 49 38.932
23 24 37.474
23 25 55.639
23 26 97.174
23 27 65.297
23 28 83.692
23 29 5.081
23 30 52.492
23 31 76.945
23 32 13.714
23 33 89.311
23 34 76.542
23 35 67.417
23 36 20.672
23 37 84.099
23 38 66.764
23 39 69.813
23 40 30.922
23 41 36.55
23 42 15.312
23 43 53.661
23 44 84.227
23 45 44.568
23 46 81.153
23 47 27.301
23 48 46.807
23 49 99.44
24 25 67.888
24 26 80.069
24 27 91.526
24 28 2.723
24 29 64.568
24 30 12.458
24 31 62.264
24 32 83.936
24 33 53.82
24 34 83.111
24 35 31.458
24 36 22.947
24 37 90.021
24 38 28.437
24 39 44.12
24 40 75.487
24 41 90.676
24 42 98.013
24 43 50.342
24 44 4.702
24 45 62.874
24 46 50.12
24 47 11.462
24 48 92.947
24 49 98.959
25 26 55.716
25 27 17.756
25 28 40.026
25 29 18.148
25 30 52.772
25 31 46.428
25 32 22.441
25 33 65.61
25 34 8.117
25 35 18.526
25 36 58.181
25 37 52.757
25 38 28.415
25 39 10.017
25 40 8.331
25 41 56.711
25 42 38.119
25 43 34.611
25 44 30.895
25 45 27.774
25 46 87.424
25 47 48.763
25 48 71.963
25 49 45.937
26 27 99.534
26 28 16.943
26 29 98.507
26 30 88.856
26 31 48.572
26 32 32.781
26 33 79.226
26 34 7.318
26 35 24.02
26 36 49.959
26 37 67.603
26 38 68.06
26 39 71.827
26 40 49.842
26 41 32.835
26 42 8.046
26 43 53.48
26 44 60.587
26 45 49.023
26 46 95.624
26 47 58.642
26 48 58.8
26 49 87.362
27 28 72.645
27 29 81.631
27 30 90.223
27 31 54.349
27 32 20.044
27 33 2.909
27 34 74.522
27 35 88.399
27 36 66.493
27 37 64.023
27 38 97.24
27 39 18.576
27 40 11.637
27 41 65.18
27 42 83.306
27 43 72.394
27 44 55.388
27 45 0.122
27 46 23.984
27 47 32.509
27 48 72.86
27 49 95.033
28 29 64.816
28 30 44.352
28 31 71.368
28 32 51.7
28 33 20.969
28 34 70.01
28 35 53.022
28 36 79.314
28 37 48.825
28 38 92.349
28 39 66.96
28 40 34.678
28 41 92.896
28 42 66.07
28 43 10.208
28 44 12.958
28 45 65.95
28 46 96.053
28 47 17.612
28 48 90.44
28 49 18.183
29 30 55.51
29 31 6.745
29 32 3.094
29 33 83.317
29 34 80.443
29 35 44.148
29 36 97.406
29 37 99.388
29 38 89.732
29 39 29.801
29 40 80.068
29 41 27.536
29 42 27.275
29 43 26.863
29 44 71.436
29 45 18.179
29 46 40.423
29 47 93.681
29 48 84.341
29 49 78.709
30 31 30.18
30 32 30.743
30 33 83.358
30 34 62.365
30 35 19.338
30 36 11.569
30 37 91.045
30 38 34.688
30 39 23.598
30 40 21.294
30 41 36.495
30 42 20.442
30 43 91.954
30 44 64.676
30 45 85.413
30 46 25.468
30 47 61.603
30 48 29.93
30 49 22.169
31 32 97.415
31 33 97.76
31 34 13.901
31 35 70.589
31 36 62.69
31 37 3.607
31 38 17.845
31 39 55.493
31 40 17.722
31 41 19.052
31 42 54.751
31 43 72.267
31 44 75.742
31 45 27.148
31 46 37.326
31 47 14.467
31 48 19.818
31 49 65.61
32 33 40.244
32 34 99.189
32 35 31.705
32 36 61.83
32 37 23.521
32 38 85.071
32 39 81.281
32 40 35.454
32 41 57.782
32 42 34.248
32 43 18.99
32 44 20.109
32 45 78.544
32 46 28.537
32 47 83.311
32 48 89.269
32 49 63.309
33 34 38.144
33 35 55.043
33 36 42.991
33 37 25.509
33 38 48.35
33 39 74.328
33 40 77.22
33 41 27.04
33 42 64.062
33 43 6.509
33 44 85.816
33 45 83.576
33 46 68.76
33 47 22.884
33 48 75.251
33 49 23.258
34 35 67.351
34 36 13.742
34 37 91.351
34 38 91.481
34 39 1.591
34 40 86.577
34 41 64.764
34 42 41.898
34 43 94.966
34 44 56.364
34 45 8.622
34 46 62.637
34 47 8.18
34 48 9.005
34 49 46.05
35 36 91.921
35 37 17.582
35 38 24.502
35 39 45.021
35 40 36.867
35 41 57.71
35 42 44.035
35 43 82.071
35 44 53.847
35 45 86.399
35 46 69.07
35 47 72.523
35 48 6.239
35 49 67.583
36 37 17.365
36 38 97.486
36 39 5.408
36 40 12.503
36 41 97.247
36 42 68.301
36 43 93.451
36 44 69.74
36 45 5.79
36 46 20.652
36 47 39.96
36 48 93.969
36 49 31.294
37 38 35.502
37 39 15.743
37 40 15.84
37 41 16.197
37 42 63.091
37 43 30.176
37 44 79.775
37 45 96.608
37 46 8.798
37 47 8.753
37 48 41.871
37 49 77.218
38 39 12.654
38 40 10.542
38 41 49.212
38 42 59.046
38 43 40.915
38 44 93.815
38 45 63.934
38 46 12.807
38 47 5.287
38 48 44.086
38 49 59.768
39 40 32.66
39 41 29.286
39 42 31.505
39 43 0.355
39 44 95.237
39 45 1.905
39 46 39.208
39 47 67.46
39 48 20.05
39 49 30.541
40 41 89.369
40 42 95.71
40 43 86.203
40 44 85.353
40 45 77.952
40 46 24.455
40 47 44.842
40 48 2.669
40 49 30.333
41 42 78.169
41 43 25.862
41 44 34.43
41 45 41.249
41 46 5.009
41 47 12.733
41 48 25.503
41 49 47.853
42 43 73.883
42 44 20.149
42 45 88.079
42 46 12.818
42 47 25.95
42 48 61.58
42 49 25.03
43 44 31.269
43 45 37.589
43 46 16.206
43 47 50.82
43 48 35.728
43 49 84.226
44 45 76.528
44 46 91.695
44 47 6.207
44 48 7.302
44 49 2.548
45 46 49.418
45 47 75.821
45 48 88.251
45 49 36.006
46 47 51.766
46 48 27.41
46 49 28.881
47 48 97.024
47 49 18.778
48 49 27.898