50
0 4 0.9
0 6 0.64
0 8 0.95
0 11 0.04
0 14 0.48
0 16 0.52
0 17 0.92
0 18 0.13
0 24 0.17
0 29 0.72
0 33 0.45
0 35 0.99
0 44 0.06
0 45 0.09
0 46 0.43
0 47 0.66
0 48 0.25
0 49 0.64
0 20 0.98
0 27 0.97
0 30 0.15
0 31 0.95
0 40 0.96
0 41 0.93
4 1 0.95
4 2 0.96
4 3 0.15
4 8 0.07
4 9 0.47
4 11 0.36
4 12 0.61
4 15 0.48
4 19 0.39
4 21 0.73
4 24 0.64
4 28 0.99
4 29 0.15
4 33 0.2
4 34 0.7
4 35 0.88
4 37 0.22
4 38 0.32
4 39 0.5
4 40 0.9
4 41 0.62
4 44 0.8
4 45 0.04
4 46 0.93
4 47 0.26
4 48 0.94
4 14 0.67
4 17 0.08
4 20 0.24
4 27 0.33
6 11 0.69
6 15 0.13
6 17 0.56
6 19 0.36
6 31 0.65
6 35 0.97
6 40 0.23
6 43 0.74
6 44 0.69
8 14 0.09
8 20 0.07
8 29 0.08
8 31 0.63
8 35 0.93
8 46 0.87
11 1 0.53
11 2 0.75
11 3 0.3
11 10 0.29
11 12 0.71
11 13 0.44
11 15 0.38
11 18 0.13
11 22 0.34
11 24 0.27
11 29 0.71
11 30 0.42
11 31 0.16
11 34 0.06
11 36 0.03
11 42 0.06
11 43 0.93
11 44 0.09
11 45 0.58
11 46 0.74
11 48 0.21
11 49 0.27
11 20 0.68
11 27 0.9
11 40 0.19
11 41 0.89
14 12 0.64
14 1 0.24
14 2 0.46
14 3 0.38
14 5 0.63
14 10 0.14
14 13 0.03
14 15 0.97
14 16 0.85
14 19 0.19
14 24 0.34
14 26 0.09
14 28 0.5
14 32 0.17
14 33 0.86
14 34 0.62
14 35 0.69
14 37 0.98
14 38 0.06
14 41 0.16
14 45 0.13
14 46 0.18
14 48 0.3
14 29 0.02
14 31 0.95
14 44 0.27
14 49 0.67
16 12 0.07
16 15 0.11
16 19 0.47
16 29 0.7
16 30 0.09
16 35 0.77
16 40 0.88
16 43 0.16
16 44 0.84
17 3 0.68
17 5 0.72
17 9 0.5
17 13 0.01
17 15 0.57
17 18 0.26
17 21 0.05
17 23 0.19
17 26 0.4
17 27 0.67
17 28 0.02
17 29 0.12
17 32 0.7
17 34 0.94
17 36 0.03
17 39 0.77
17 43 0.42
17 48 0.72
17 49 0.53
17 19 0.78
17 20 0.06
17 40 0.34
17 44 0.16
17 46 0.79
18 12 0.65
18 15 0.71
18 20 0.89
18 29 0.01
18 30 0.86
18 35 0.14
18 43 0.16
18 49 0.88
24 12 0.89
24 15 0.76
24 20 0.38
24 30 0.04
24 35 0.92
24 43 0.51
24 44 0.8
24 49 0.25
29 12 0.99
29 15 0.84
29 1 0.61
29 3 0.53
29 22 0.39
29 23 0.2
29 26 0.61
29 27 0.87
29 28 0.75
29 30 0.38
29 31 0.58
29 33 0.99
29 34 0.87
29 36 0.43
29 37 0.5
29 39 0.44
29 40 0.42
29 44 0.04
29 45 0.28
29 46 0.69
29 47 0.15
29 48 0.4
29 49 0.44
29 41 0.64
29 43 0.48
33 12 0.98
33 19 0.31
33 20 0.2
33 27 0.18
33 30 0.83
33 43 0.39
33 46 0.38
35 15 0.34
35 19 0.46
35 27 0.66
35 31 0.47
35 13 0.43
35 20 0.42
35 22 0.48
35 28 0.07
35 32 0.07
35 34 0.48
35 36 0.66
35 40 0.75
35 43 0.55
35 45 0.69
35 46 0.55
35 47 0.35
35 48 0.64
35 49 0.03
44 15 0.34
44 31 0.54
44 41 0.95
44 43 0.95
44 2 0.68
44 3 0.38
44 5 0.17
44 7 0.57
44 10 0.91
44 13 0.17
44 21 0.4
44 26 0.71
44 30 0.79
44 32 0.49
44 37 0.59
44 42 0.6
44 45 0.04
44 48 0.75
44 46 0.69
45 15 0.5
45 19 0.99
45 46 0.26
45 49 0.46
46 15 0.2
46 19 0.64
46 20 0.58
46 27 0.63
46 30 0.51
46 31 0.58
46 1 0.82
46 2 0.13
46 5 0.2
46 9 0.29
46 13 0.12
46 28 0.39
46 32 0.48
46 36 0.88
46 37 0.47
46 39 0.52
46 40 0.93
46 41 0.61
46 43 0.34
46 47 0.8
46 49 0.01
47 12 0.31
47 15 0.49
47 19 0.44
47 20 0.38
47 30 0.88
47 31 0.62
47 40 0.58
47 41 0.48
47 49 0.56
48 12 0.96
48 19 0.24
48 20 0.1
48 27 0.64
48 40 0.91
48 43 0.45
48 49 0.92
49 12 0.31
49 20 0.71
49 31 0.8
49 43 0.44
49 5 0.92
49 9 0.17
49 10 0.57
49 13 0.13
49 19 0.83
49 22 0.18
49 23 0.53
49 25 0.69
49 26 0.58
49 28 0.03
49 32 0.3
49 38 0.19
49 39 0.65
49 41 0.23
1 12 0.13
1 19 0.03
1 20 0.51
1 27 0.69
1 31 0.01
1 41 0.85
2 12 0.68
2 15 0.25
2 19 0.41
2 40 0.53
2 41 0.79
2 43 0.43
3 12 0.76
3 15 0.86
3 19 0.19
3 31 0.44
3 41 0.03
9 19 0.83
9 20 0.93
9 31 0.85
9 41 0.33
9 43 0.19
12 5 0.13
12 10 0.46
12 13 0.64
12 15 0.53
12 19 0.64
12 20 0.39
12 21 0.52
12 27 0.71
12 28 0.36
12 32 0.94
12 36 0.02
12 37 0.18
12 38 0.5
12 39 0.44
12 41 0.35
12 42 0.04
12 43 0.91
15 19 0.36
15 20 0.46
15 28 0.77
15 31 0.19
15 36 0.89
15 37 0.22
15 27 0.15
15 30 0.6
15 40 0.37
19 7 0.21
19 10 0.25
19 21 0.33
19 22 0.44
19 26 0.25
19 27 0.4
19 30 0.67
19 31 0.12
19 32 0.77
19 37 0.62
19 39 0.94
19 41 0.83
19 43 0.22
19 20 0.97
21 27 0.55
21 30 0.81
21 40 0.9
21 41 0.07
21 43 0.71
28 20 0.51
28 41 0.81
34 27 0.89
34 30 0.06
34 41 0.43
34 43 0.41
37 20 0.69
37 31 0.78
37 40 0.89
37 41 0.84
37 43 0.54
38 27 0.72
38 43 0.19
39 20 0.4
39 27 0.65
39 30 0.1
39 31 0.27
39 40 0.49
39 41 0.46
40 27 0.6
40 5 0.76
40 7 0.82
40 13 0.1
40 20 0.79
40 23 0.78
40 30 0.45
40 36 0.66
40 41 0.49
40 43 0.67
41 31 0.51
41 7 0.78
41 10 0.43
41 13 0.66
41 20 0.48
41 23 0.29
41 25 0.75
41 27 0.17
41 30 0.76
41 32 0.12
41 36 0.59
41 43 0.87
10 20 0.07
10 43 0.05
13 31 0.37
22 27 0.5
22 30 0.75
22 31 0.83
30 7 0.55
30 20 0.59
30 23 0.46
30 26 0.18
30 31 0.82
30 36 0.44
30 42 0.97
30 43 0.75
31 27 0.02
31 20 0.45
31 23 0.13
31 25 0.99
31 32 0.22
31 36 0.94
31 42 0.13
31 43 0.6
36 43 0.91
42 20 0.89
42 27 0.75
43 20 0.16
43 27 0.65
43 5 0.33
43 7 0.27
43 23 0.42
5 20 0.5
20 23 0.12
20 25 0.4
20 26 0.52
20 32 0.78
20 27 0.99
27 7 0.54
27 23 0.67
27 26 0.74
27 32 0.58