44
0 2 12.2
0 9 22.72
0 15 5.0
0 16 6.57
0 26 4.0
0 34 19.2
0 42 15.1
1 7 21.473
1 27 2.93
1 29 23.0
1 36 24.0
1 40 15.0
2 4 24.053
2 14 18.4
2 18 26.71
2 21 9.9
2 27 26.86
2 34 1.388
2 37 16.709
2 38 21.0
3 10 3.1
3 12 10.76
3 14 22.574
3 16 17.625
3 20 14.7
3 29 7.31
3 31 24.0
3 34 21.0
3 41 6.787
3 42 4.0
4 17 1.64
4 25 14.85
4 28 20.483
4 29 16.56
4 35 19.0
4 36 23.0
4 39 11.2
5 9 24.443
5 10 19.0
5 18 18.0
5 20 17.543
5 21 25.017
5 42 24.027
6 7 10.82
6 10 1.303
6 14 13.0
6 28 14.0
6 29 11.0
6 30 5.0
6 32 23.421
6 33 15.76
6 38 14.36
6 40 13.232
6 43 24.7
7 8 26.22
7 9 23.2
7 10 4.52
7 21 23.3
8 10 20.31
8 11 11.0
8 13 6.221
8 17 8.9
8 23 1.1
8 39 9.833
9 17 1.6
9 18 1.11
9 19 0.889
9 20 14.396
9 24 23.883
9 32 5.968
9 36 1.2
9 41 13.76
10 22 9.35
10 32 6.0
10 35 18.0
11 13 20.8
11 17 27.0
11 18 7.89
11 23 6.18
11 41 2.0
11 42 16.0
12 16 23.0
12 20 18.5
12 21 1.0
12 22 20.1
12 29 26.0
12 43 22.9
13 14 9.0
13 19 26.0
13 25 26.29
13 27 24.445
13 31 19.0
13 35 24.1
13 37 23.55
13 42 16.651
14 21 11.029
14 30 9.0
14 32 22.127
14 40 9.87
14 41 4.1
15 16 22.0
15 17 26.63
15 20 12.816
15 33 5.3
15 39 8.85
16 20 10.0
16 23 24.0
16 24 18.098
16 25 24.6
16 33 20.31
16 34 24.869
16 38 4.38
16 39 6.7
16 40 3.0
16 41 8.0
16 42 2.51
17 18 2.327
17 19 13.34
17 21 25.86
17 26 22.0
17 27 5.86
17 28 0.12
17 37 15.98
17 43 22.0
18 30 18.8
18 32 15.0
18 36 14.094
18 40 16.8
18 41 6.9
19 22 18.8
19 27 13.0
19 29 8.0
19 33 15.5
19 36 18.0
19 39 13.0
19 42 24.2
19 43 7.95
20 21 7.0
20 27 20.535
20 36 7.49
21 24 11.789
21 27 5.35
21 30 14.4
21 32 15.0
21 34 12.62
21 35 24.3
21 39 18.6
21 41 7.87
21 42 25.0
22 38 13.3
22 39 15.9
22 41 16.9
23 42 17.83
24 30 24.1
24 35 24.4
24 37 17.965
24 39 26.066
24 42 25.67
25 32 23.0
26 37 23.8
27 28 21.9
27 30 22.57
27 37 19.102
27 38 17.8
27 42 4.481
28 32 8.98
28 40 6.7
29 30 22.0
29 33 26.68
29 34 12.0
30 35 23.93
31 36 8.466
31 38 21.0
31 40 2.703
31 41 15.3
32 33 10.618
32 34 11.327
32 36 16.02
32 41 23.62
32 42 23.5
32 43 0.283
33 34 21.0
34 35 9.891
34 40 22.0
34 41 12.0
35 36 10.0
35 39 10.32
35 41 10.93
36 40 26.295
36 41 17.37
36 43 19.61
37 38 3.4
37 42 15.73
39 40 17.1