80
0 1 1.88
0 14 17.96
0 15 44.58
0 16 42.96
0 17 49.83
0 21 13.64
0 32 13.68
0 40 43.37
0 54 22.71
0 59 48.61
0 61 35.43
0 64 85.2
0 70 57.25
0 76 6.45
1 2 74.63
1 8 61.33
1 20 25.14
1 21 7.67
1 22 88.03
1 24 21.89
1 25 95.37
1 33 69.67
1 34 37.85
1 47 18.83
1 49 55.38
1 50 35.21
1 54 3.61
1 56 75.62
1 72 56.35
1 73 19.34
14 7 88.82
14 8 68.99
14 10 86.63
14 12 88.37
14 21 1.58
14 35 90.74
14 36 10.62
14 43 63.47
14 45 15.67
14 46 60.04
14 51 52.69
14 69 52.09
14 71 60.95
14 72 85.97
14 74 60.54
14 78 58.02
15 2 3.01
15 20 10.76
15 31 63.65
15 33 46.15
15 40 67.43
15 43 28.24
15 52 67.39
15 55 66.68
15 68 32.39
15 69 79.64
15 79 28.8
16 2 30.36
16 4 60.11
16 6 89.61
16 10 72.58
16 25 29.94
16 28 86.88
16 30 16.11
16 35 82.82
16 45 12.8
16 48 52.26
16 58 25.74
16 60 88.37
16 62 44.4
16 77 64.28
17 4 6.32
17 6 44.93
17 11 28.7
17 13 88.63
17 18 49.6
17 20 20.98
17 23 20.38
17 26 89.17
17 34 57.24
17 40 64.44
17 67 52.58
17 68 53.58
17 72 16.14
17 77 23.91
21 2 7.63
21 13 24.88
21 18 85.02
21 28 43.15
21 36 31.68
21 37 31.36
21 42 92.84
21 45 97.99
21 50 15.18
21 55 77.55
21 57 24.37
21 58 83.5
32 5 39.36
32 7 92.19
32 10 96.62
32 13 48.77
32 18 95.23
32 25 62.36
32 26 76.37
32 28 15.92
32 36 27.63
32 38 3.69
32 40 72.28
32 41 6.63
32 51 51.92
32 61 36.51
32 64 78.92
32 65 70.01
32 71 17.27
32 75 11.25
40 3 24.43
40 5 70.61
40 13 9.05
40 18 53.98
40 25 21.87
40 34 95.39
40 39 35.16
40 45 45.47
40 48 95.44
40 59 42.85
40 67 54.8
40 69 8.3
40 75 68.68
40 78 51.3
54 10 90.98
54 11 48.2
54 19 72.16
54 22 5.6
54 25 29.96
54 38 22.83
54 43 5.54
54 44 16.98
54 50 32.32
54 51 96.06
54 57 71.24
54 61 41.17
54 62 81.37
54 63 56.97
54 70 7.16
54 77 73.09
59 2 92.87
59 8 49.48
59 19 49.44
59 20 82.01
59 25 56.28
59 29 82.03
59 42 71.8
59 50 89.92
59 60 42.69
59 72 48.12
59 74 64.15
59 79 79.34
61 2 96.19
61 6 61.39
61 9 67.21
61 11 85.45
61 27 36.04
61 28 98.68
61 29 90.5
61 30 70.79
61 31 11.61
61 33 58.45
61 43 7.29
61 47 44.18
61 51 50.68
61 55 29.08
61 62 80.54
61 67 8.58
61 72 37.74
61 77 66.67
64 2 37.81
64 11 92.66
64 20 16.07
64 25 59.82
64 28 28.74
64 44 3.98
64 52 90.65
64 70 46.1
64 73 29.92
64 75 72.04
64 79 8.48
70 3 53.56
70 13 24.45
70 22 39.08
70 23 68.63
70 24 98.15
70 27 64.17
70 34 19.36
70 37 81.02
70 52 48.15
70 53 86.43
70 58 68.7
70 73 22.75
76 6 6.3
76 8 43.33
76 10 20.0
76 20 61.53
76 29 79.64
76 30 2.9
76 35 80.06
76 39 84.94
76 45 82.29
76 48 19.88
76 50 82.43
76 58 39.29
76 62 81.55
76 71 42.17
76 73 3.51
76 77 5.94
76 78 5.03
2 4 65.77
2 5 22.82
2 10 49.49
2 11 17.26
2 13 4.82
2 18 15.55
2 22 67.08
2 30 62.08
2 33 16.91
2 36 28.46
2 37 96.53
2 38 18.45
2 46 7.11
2 67 60.81
2 69 26.81
2 73 66.11
2 74 18.63
2 78 34.12
2 79 89.84
8 22 98.77
8 27 54.5
8 33 94.0
8 34 93.64
8 38 52.04
8 44 21.04
8 45 48.27
8 46 41.86
8 49 94.27
8 50 35.18
8 62 64.78
8 69 13.23
8 71 41.07
8 79 42.09
20 7 69.13
20 10 93.33
20 13 56.44
20 18 16.61
20 26 25.51
20 29 96.81
20 31 29.7
20 34 57.48
20 39 2.32
20 42 32.53
20 48 83.38
20 56 25.93
20 58 48.28
20 63 26.0
20 68 76.26
20 78 45.21
22 9 45.57
22 24 16.01
22 27 47.32
22 29 98.85
22 31 40.99
22 33 31.29
22 37 46.35
22 38 75.77
22 44 31.4
22 45 85.18
22 49 81.08
22 51 70.98
22 60 30.33
22 68 40.28
22 78 63.59
24 10 85.95
24 13 33.33
24 18 82.56
24 19 81.18
24 25 61.96
24 30 89.63
24 31 61.96
24 38 65.2
24 44 93.34
24 45 1.02
24 53 51.24
24 62 10.44
24 63 82.44
24 67 61.75
24 71 97.31
24 73 13.38
25 18 17.73
25 27 79.75
25 30 84.86
25 31 63.86
25 33 11.05
25 45 64.04
25 49 10.54
25 51 41.68
25 62 70.37
25 67 16.15
25 73 83.42
25 77 94.71
25 78 5.53
33 12 34.31
33 29 21.87
33 31 39.79
33 44 74.07
33 46 28.31
33 63 68.49
33 66 58.93
33 67 52.0
33 68 15.84
33 69 87.08
33 77 82.8
33 78 83.73
34 7 27.88
34 13 8.26
34 19 66.33
34 23 82.08
34 31 7.96
34 37 91.42
34 41 89.75
34 48 4.22
34 50 61.3
34 51 67.0
34 57 46.75
34 65 17.3
34 74 9.56
47 5 41.24
47 26 55.17
47 36 18.02
47 38 4.44
47 43 8.06
47 49 68.03
47 53 67.37
47 57 64.12
47 58 50.05
47 60 2.8
47 67 1.3
47 75 70.79
49 6 16.86
49 10 21.28
49 31 27.2
49 38 10.4
49 41 80.37
49 44 50.69
49 62 88.15
49 63 91.94
49 66 98.09
49 67 15.7
49 69 86.22
50 5 79.65
50 11 8.92
50 12 25.0
50 28 15.17
50 48 2.68
50 52 53.16
50 53 43.98
50 56 44.65
50 74 33.15
56 4 69.65
56 5 12.56
56 13 90.57
56 27 14.16
56 28 41.7
56 30 20.17
56 41 52.09
56 43 45.09
56 46 45.51
56 48 35.8
56 51 35.07
56 52 67.26
56 60 8.31
56 65 63.79
56 78 14.47
72 3 51.92
72 5 74.01
72 13 87.1
72 18 30.64
72 27 20.09
72 36 44.57
72 57 71.24
72 60 60.35
72 77 75.4
73 10 33.74
73 11 56.64
73 13 80.66
73 19 84.13
73 27 62.34
73 31 60.68
73 53 47.3
73 57 91.89
73 60 51.32
73 63 13.93
73 65 69.75
73 77 90.14
4 3 70.85
4 7 41.02
4 9 88.99
4 30 52.63
4 36 35.05
4 39 52.04
4 42 86.49
4 45 29.12
4 46 31.19
4 65 11.72
4 75 65.79
5 3 98.14
5 7 7.98
5 11 73.99
5 28 51.29
5 29 45.3
5 45 78.43
5 48 57.22
5 55 44.07
5 57 71.87
5 71 84.71
5 74 77.18
5 75 5.12
5 79 50.26
10 11 89.37
10 18 97.98
10 27 69.0
10 28 68.19
10 29 45.32
10 39 5.37
10 42 33.72
10 51 79.33
10 68 87.07
10 71 19.61
10 75 58.14
10 77 87.88
10 79 82.92
11 9 41.05
11 12 28.08
11 23 85.99
11 26 16.03
11 27 38.98
11 28 65.48
11 29 27.53
11 36 5.4
11 45 48.9
11 48 84.67
11 60 10.86
11 63 89.91
11 71 97.44
13 7 46.65
13 12 55.48
13 18 35.06
13 23 82.96
13 26 34.73
13 27 10.98
13 29 36.78
13 35 54.4
13 37 81.37
13 38 77.76
13 75 41.33
13 79 56.05
18 28 72.83
18 35 59.52
18 39 12.21
18 51 66.12
18 57 29.43
18 66 39.84
18 78 47.86
30 6 18.52
30 19 52.69
30 31 97.92
30 37 17.62
30 38 56.46
30 48 70.16
30 51 79.38
30 71 34.69
36 28 59.05
36 31 46.57
36 37 90.47
36 39 28.33
36 53 76.38
36 62 96.01
36 67 30.3
36 74 50.26
37 7 52.3
37 35 8.57
37 41 72.09
37 44 2.27
37 51 72.01
37 52 83.32
37 55 37.72
37 67 40.59
37 69 52.94
37 78 39.28
38 19 2.91
38 23 82.09
38 27 33.42
38 29 69.28
38 45 1.28
38 58 61.14
38 60 3.45
38 63 95.43
38 75 23.09
46 6 92.62
46 7 19.34
46 9 42.77
46 28 86.32
46 39 28.2
46 44 66.41
46 51 58.99
46 57 48.93
46 63 38.55
67 26 5.43
67 28 78.99
67 42 74.55
67 53 51.44
67 63 19.06
67 79 22.14
69 23 48.52
69 27 68.21
69 43 33.03
69 57 53.31
69 74 92.32
69 77 68.69
74 6 94.18
74 7 48.88
74 35 78.06
74 55 65.07
74 63 32.66
74 66 93.98
74 71 48.15
74 78 57.37
78 9 76.53
78 27 91.62
78 28 25.39
78 44 75.51
78 58 25.1
79 28 17.16
79 44 72.27
79 48 57.76
79 58 54.66
3 28 30.43
3 29 53.68
3 57 14.5
28 7 37.79
28 29 24.91
28 66 90.89
29 7 60.63
29 9 79.78
29 31 53.94
29 44 97.66
29 45 62.75
29 48 27.69
29 65 71.07
29 77 9.88
57 9 71.13
57 12 65.3
57 23 82.16
57 48 39.13
57 52 47.1
57 63 80.78
57 66 71.31
7 42 35.36
7 77 67.8
9 12 5.17
9 26 34.92
9 42 17.38
9 65 41.03
9 66 54.79
39 26 75.04
39 44 91.67
39 45 40.35
39 48 5.51
39 53 63.55
39 58 17.97
39 71 69.01
42 6 97.04
42 65 87.76
42 66 96.61
42 75 86.32
45 60 56.3
45 66 96.53
45 71 76.61
65 12 43.65
65 19 16.1
65 55 7.65
65 60 92.81
65 62 67.35
65 68 30.0
65 75 60.02
65 77 11.56
75 35 59.84
75 44 70.9
75 60 48.23
48 12 10.36
48 63 56.55
55 19 72.12
55 26 15.51
55 35 25.13
55 43 32.6
55 52 86.83
55 66 96.84
71 19 18.02
71 53 45.45
71 62 80.97
6 31 93.09
6 44 6.49
6 60 81.04
31 19 51.95
31 23 38.76
31 27 49.59
31 35 43.82
31 41 59.8
31 53 36.81
31 62 8.88
44 19 61.92
44 26 68.32
44 35 89.6
44 41 7.55
44 51 70.46
44 63 45.43
44 66 79.58
60 12 86.31
60 26 53.16
60 27 31.93
60 43 77.56
60 63 32.45
77 12 12.71
77 19 19.34
77 35 59.02
77 41 91.28
77 51 69.64
77 63 20.98
27 12 12.0
27 53 58.48
27 58 36.39
62 19 63.43
62 35 48.75
12 19 78.84
12 35 68.59
12 68 18.18
26 63 94.95
26 68 27.83
66 23 33.01
66 35 44.43
66 58 47.8
51 23 74.74
51 35 96.79
51 43 38.65
68 19 22.59
68 41 70.71
68 52 50.68
68 53 70.58
63 35 73.93
63 53 64.18
43 53 56.89
52 53 86.04
52 58 15.19