100
0 2 24
0 3 17
0 4 46
0 5 70
0 6 4
0 7 24
0 8 12
0 9 39
0 10 11
0 11 39
0 12 86
0 13 86
0 14 35
0 15 61
0 16 72
0 17 75
0 18 67
0 19 8
0 20 3
0 21 58
0 22 4
0 23 24
0 24 84
0 25 5
0 26 77
0 27 55
0 28 18
0 29 44
0 30 2
0 31 72
0 32 81
0 33 63
0 34 47
1 3 7
1 4 57
1 5 97
1 6 2
1 7 67
1 8 41
1 9 12
1 10 38
1 11 64
1 12 63
1 13 9
1 14 67
1 15 84
1 16 10
1 17 21
1 18 6
1 19 91
1 20 43
1 21 59
1 22 97
1 23 55
1 24 5
1 25 68
1 26 51
1 27 52
1 28 56
1 29 68
1 30 38
1 31 12
1 32 40
1 33 33
1 34 78
1 35 87
2 4 67
2 5 86
2 6 68
2 7 12
2 8 43
2 9 47
2 10 71
2 11 62
2 12 50
2 13 70
2 14 24
2 15 55
2 16 33
2 17 8
2 18 81
2 19 70
2 20 28
2 21 55
2 22 33
2 23 26
2 24 74
2 25 9
2 26 56
2 27 37
2 28 50
2 29 17
2 30 63
2 31 44
2 32 2
2 33 71
2 34 48
2 35 63
2 36 1
3 5 92
3 6 40
3 7 68
3 8 17
3 9 7
3 10 1
3 11 83
3 12 29
3 13 60
3 14 68
3 15 84
3 16 2
3 17 38
3 18 1
3 19 1
3 20 42
3 21 25
3 22 61
3 23 44
3 24 23
3 25 8
3 26 96
3 27 53
3 28 86
3 29 42
3 30 93
3 31 49
3 32 99
3 33 78
3 34 79
3 35 51
3 36 43
3 37 59
4 6 92
4 7 91
4 8 63
4 9 44
4 10 12
4 11 21
4 12 52
4 13 74
4 14 68
4 15 27
4 16 16
4 17 55
4 18 20
4 19 5
4 20 82
4 21 55
4 22 26
4 23 74
4 24 45
4 25 71
4 26 30
4 27 66
4 28 30
4 29 95
4 30 89
4 31 77
4 32 87
4 33 99
4 34 65
4 35 99
4 36 9
4 37 47
4 38 39
5 7 82
5 8 9
5 9 43
5 10 2
5 11 7
5 12 11
5 13 77
5 14 13
5 15 29
5 16 16
5 17 55
5 18 3
5 19 83
5 20 64
5 21 89
5 22 78
5 23 24
5 24 67
5 25 52
5 26 62
5 27 69
5 28 14
5 29 61
5 30 50
5 31 65
5 32 26
5 33 23
5 34 50
5 35 71
5 36 40
5 37 42
5 38 3
5 39 17
6 8 1
6 9 82
6 10 10
6 11 61
6 12 32
6 13 6
6 14 50
6 15 70
6 16 6
6 17 58
6 18 18
6 19 56
6 20 10
6 21 40
6 22 5
6 23 55
6 24 90
6 25 57
6 26 69
6 27 93
6 28 41
6 29 56
6 30 80
6 31 15
6 32 70
6 33 86
6 34 41
6 35 79
6 36 63
6 37 8
6 38 40
6 39 74
6 40 19
7 9 71
7 10 90
7 11 73
7 12 74
7 13 2
7 14 3
7 15 94
7 16 40
7 17 33
7 18 11
7 19 1
7 20 85
7 21 42
7 22 8
7 23 14
7 24 28
7 25 61
7 26 95
7 27 56
7 28 54
7 29 61
7 30 73
7 31 42
7 32 27
7 33 53
7 34 21
7 35 84
7 36 9
7 37 30
7 38 82
7 39 34
7 40 91
7 41 67
8 10 35
8 11 23
8 12 66
8 13 44
8 14 84
8 15 57
8 16 33
8 17 30
8 18 84
8 19 89
8 20 65
8 21 38
8 22 54
8 23 46
8 24 41
8 25 80
8 26 87
8 27 74
8 28 2
8 29 39
8 30 85
8 31 9
8 32 87
8 33 69
8 34 79
8 35 52
8 36 31
8 37 64
8 38 3
8 39 20
8 40 99
8 41 18
8 42 3
9 11 26
9 12 10
9 13 1
9 14 84
9 15 34
9 16 23
9 17 52
9 18 79
9 19 91
9 20 20
9 21 32
9 22 35
9 23 59
9 24 66
9 25 40
9 26 17
9 27 51
9 28 2
9 29 14
9 30 55
9 31 26
9 32 85
9 33 89
9 34 97
9 35 33
9 36 41
9 37 72
9 38 80
9 39 46
9 40 90
9 41 11
9 42 87
9 43 10
10 12 41
10 13 11
10 14 43
10 15 59
10 16 77
10 17 20
10 18 66
10 19 79
10 20 15
10 21 10
10 22 92
10 23 30
10 24 65
10 25 3
10 26 7
10 27 43
10 28 80
10 29 17
10 30 28
10 31 7
10 32 30
10 33 96
10 34 48
10 35 79
10 36 9
10 37 18
10 38 99
10 39 86
10 40 12
10 41 53
10 42 88
10 43 65
10 44 30
11 13 41
11 14 53
11 15 8
11 16 9
11 17 68
11 18 37
11 19 47
11 20 42
11 21 60
11 22 33
11 23 68
11 24 20
11 25 46
11 26 76
11 27 93
11 28 92
11 29 82
11 30 61
11 31 57
11 32 23
11 33 46
11 34 69
11 35 39
11 36 20
11 37 48
11 38 9
11 39 59
11 40 14
11 41 85
11 42 26
11 43 80
11 44 39
11 45 97
12 14 56
12 15 32
12 16 97
12 17 29
12 18 61
12 19 50
12 20 21
12 21 54
12 22 11
12 23 33
12 24 33
12 25 39
12 26 28
12 27 49
12 28 28
12 29 40
12 30 55
12 31 84
12 32 19
12 33 52
12 34 83
12 35 92
12 36 41
12 37 21
12 38 36
12 39 89
12 40 51
12 41 14
12 42 33
12 43 73
12 44 19
12 45 51
12 46 93
13 15 37
13 16 44
13 17 69
13 18 44
13 19 17
13 20 30
13 21 46
13 22 62
13 23 91
13 24 80
13 25 63
13 26 83
13 27 93
13 28 67
13 29 33
13 30 42
13 31 84
13 32 34
13 33 30
13 34 72
13 35 16
13 36 86
13 37 88
13 38 42
13 39 98
13 40 79
13 41 53
13 42 63
13 43 69
13 44 56
13 45 91
13 46 33
13 47 51
14 16 46
14 17 96
14 18 42
14 19 49
14 20 3
14 21 9
14 22 82
14 23 35
14 24 12
14 25 84
14 26 82
14 27 83
14 28 41
14 29 95
14 30 26
14 31 33
14 32 54
14 33 28
14 34 8
14 35 67
14 36 90
14 37 31
14 38 10
14 39 98
14 40 1
14 41 44
14 42 39
14 43 89
14 44 37
14 45 46
14 46 72
14 47 70
14 48 47
15 17 53
15 18 55
15 19 59
15 20 16
15 21 31
15 22 6
15 23 85
15 24 53
15 25 61
15 26 75
15 27 15
15 28 37
15 29 76
15 30 78
15 31 91
15 32 14
15 33 5
15 34 77
15 35 71
15 36 11
15 37 19
15 38 74
15 39 6
15 40 47
15 41 41
15 42 93
15 43 58
15 44 7
15 45 19
15 46 66
15 47 14
15 48 14
15 49 36
16 18 65
16 19 9
16 20 60
16 21 34
16 22 45
16 23 74
16 24 82
16 25 58
16 26 88
16 27 83
16 28 88
16 29 54
16 30 83
16 31 83
16 32 20
16 33 63
16 34 39
16 35 83
16 36 11
16 37 17
16 38 41
16 39 26
16 40 7
16 41 41
16 42 15
16 43 5
16 44 56
16 45 93
16 46 58
16 47 78
16 48 36
16 49 60
16 50 64
17 19 90
17 20 87
17 21 3
17 22 51
17 23 20
17 24 24
17 25 56
17 26 26
17 27 95
17 28 14
17 29 23
17 30 42
17 31 31
17 32 62
17 33 91
17 34 98
17 35 27
17 36 19
17 37 90
17 38 89
17 39 13
17 40 28
17 41 87
17 42 72
17 43 59
17 44 4
17 45 53
17 46 36
17 47 48
17 48 42
17 49 98
17 50 55
17 51 20
18 20 95
18 21 17
18 22 59
18 23 6
18 24 29
18 25 37
18 26 68
18 27 18
18 28 67
18 29 62
18 30 31
18 31 79
18 32 14
18 33 58
18 34 4
18 35 61
18 36 84
18 37 1
18 38 5
18 39 59
18 40 87
18 41 78
18 42 56
18 43 20
18 44 90
18 45 83
18 46 86
18 47 18
18 48 3
18 49 90
18 50 53
18 51 50
18 52 37
19 21 52
19 22 53
19 23 28
19 24 77
19 25 27
19 26 87
19 27 89
19 28 95
19 29 87
19 30 31
19 31 55
19 32 48
19 33 57
19 34 90
19 35 90
19 36 13
19 37 2
19 38 38
19 39 10
19 40 54
19 41 85
19 42 91
19 43 8
19 44 5
19 45 2
19 46 66
19 47 32
19 48 8
19 49 88
19 50 68
19 51 66
19 52 33
19 53 52
20 22 41
20 23 75
20 24 86
20 25 38
20 26 80
20 27 36
20 28 14
20 29 83
20 30 95
20 31 41
20 32 39
20 33 40
20 34 41
20 35 99
20 36 49
20 37 62
20 38 70
20 39 10
20 40 59
20 41 96
20 42 83
20 43 49
20 44 93
20 45 30
20 46 20
20 47 21
20 48 12
20 49 50
20 50 22
20 51 33
20 52 3
20 53 20
20 54 28
21 23 58
21 24 27
21 25 5
21 26 14
21 27 15
21 28 59
21 29 67
21 30 68
21 31 20
21 32 81
21 33 11
21 34 61
21 35 16
21 36 16
21 37 61
21 38 43
21 39 7
21 40 88
21 41 22
21 42 70
21 43 30
21 44 46
21 45 24
21 46 75
21 47 38
21 48 88
21 49 45
21 50 45
21 51 67
21 52 93
21 53 17
21 54 21
21 55 62
22 24 85
22 25 64
22 26 80
22 27 37
22 28 6
22 29 99
22 30 77
22 31 13
22 32 71
22 33 85
22 34 32
22 35 90
22 36 78
22 37 11
22 38 4
22 39 38
22 40 86
22 41 62
22 42 87
22 43 94
22 44 54
22 45 62
22 46 35
22 47 38
22 48 11
22 49 78
22 50 97
22 51 88
22 52 96
22 53 20
22 54 7
22 55 65
22 56 9
23 25 61
23 26 1
23 27 3
23 28 49
23 29 20
23 30 24
23 31 53
23 32 2
23 33 26
23 34 16
23 35 98
23 36 11
23 37 48
23 38 43
23 39 78
23 40 25
23 41 96
23 42 15
23 43 31
23 44 26
23 45 90
23 46 5
23 47 32
23 48 48
23 49 72
23 50 57
23 51 32
23 52 4
23 53 46
23 54 81
23 55 97
23 56 72
23 57 17
24 26 21
24 27 58
24 28 27
24 29 48
24 30 19
24 31 99
24 32 90
24 33 4
24 34 13
24 35 58
24 36 37
24 37 5
24 38 44
24 39 38
24 40 33
24 41 42
24 42 7
24 43 73
24 44 27
24 45 63
24 46 49
24 47 22
24 48 36
24 49 19
24 50 16
24 51 19
24 52 26
24 53 18
24 54 84
24 55 61
24 56 16
24 57 42
24 58 42
25 27 39
25 28 7
25 29 3
25 30 78
25 31 15
25 32 25
25 33 23
25 34 61
25 35 83
25 36 70
25 37 51
25 38 42
25 39 71
25 40 43
25 41 69
25 42 10
25 43 64
25 44 35
25 45 31
25 46 30
25 47 98
25 48 21
25 49 46
25 50 70
25 51 91
25 52 90
25 53 43
25 54 30
25 55 4
25 56 73
25 57 84
25 58 86
25 59 70
26 28 35
26 29 10
26 30 43
26 31 8
26 32 6
26 33 44
26 34 47
26 35 95
26 36 19
26 37 32
26 38 62
26 39 69
26 40 59
26 41 55
26 42 78
26 43 90
26 44 24
26 45 25
26 46 1
26 47 72
26 48 28
26 49 6
26 50 63
26 51 49
26 52 44
26 53 42
26 54 12
26 55 95
26 56 44
26 57 88
26 58 5
26 59 2
26 60 6
27 29 1
27 30 85
27 31 32
27 32 5
27 33 64
27 34 9
27 35 18
27 36 53
27 37 42
27 38 59
27 39 18
27 40 7
27 41 19
27 42 21
27 43 12
27 44 40
27 45 81
27 46 60
27 47 77
27 48 82
27 49 32
27 50 71
27 51 6
27 52 34
27 53 79
27 54 6
27 55 23
27 56 36
27 57 12
27 58 93
27 59 2
27 60 40
27 61 51
28 30 34
28 31 85
28 32 61
28 33 15
28 34 71
28 35 69
28 36 23
28 37 27
28 38 34
28 39 54
28 40 82
28 41 15
28 42 68
28 43 54
28 44 8
28 45 73
28 46 44
28 47 42
28 48 80
28 49 5
28 50 59
28 51 38
28 52 21
28 53 27
28 54 39
28 55 91
28 56 65
28 57 24
28 58 80
28 59 51
28 60 94
28 61 22
28 62 76
29 31 24
29 32 44
29 33 46
29 34 66
29 35 94
29 36 48
29 37 29
29 38 91
29 39 11
29 40 88
29 41 76
29 42 77
29 43 97
29 44 50
29 45 78
29 46 83
29 47 43
29 48 61
29 49 41
29 50 74
29 51 56
29 52 60
29 53 88
29 54 84
29 55 25
29 56 55
29 57 26
29 58 25
29 59 8
29 60 81
29 61 48
29 62 30
29 63 39
30 32 86
30 33 65
30 34 76
30 35 39
30 36 47
30 37 5
30 38 90
30 39 14
30 40 27
30 41 78
30 42 10
30 43 56
30 44 1
30 45 89
30 46 86
30 47 51
30 48 78
30 49 69
30 50 35
30 51 30
30 52 44
30 53 39
30 54 4
30 55 12
30 56 60
30 57 83
30 58 66
30 59 10
30 60 15
30 61 97
30 62 16
30 63 20
30 64 58
31 33 80
31 34 14
31 35 50
31 36 61
31 37 1
31 38 29
31 39 97
31 40 18
31 41 52
31 42 17
31 43 77
31 44 29
31 45 44
31 46 72
31 47 26
31 48 46
31 49 38
31 50 31
31 51 64
31 52 69
31 53 47
31 54 51
31 55 68
31 56 55
31 57 73
31 58 84
31 59 60
31 60 75
31 61 46
31 62 84
31 63 51
31 64 14
31 65 48
32 34 22
32 35 82
32 36 23
32 37 98
32 38 15
32 39 68
32 40 95
32 41 3
32 42 49
32 43 95
32 44 51
32 45 16
32 46 15
32 47 6
32 48 62
32 49 40
32 50 40
32 51 40
32 52 93
32 53 68
32 54 41
32 55 8
32 56 60
32 57 55
32 58 41
32 59 39
32 60 52
32 61 33
32 62 41
32 63 18
32 64 78
32 65 67
32 66 55
33 35 28
33 36 88
33 37 78
33 38 33
33 39 60
33 40 57
33 41 71
33 42 35
33 43 72
33 44 95
33 45 24
33 46 9
33 47 92
33 48 85
33 49 99
33 50 50
33 51 17
33 52 22
33 53 8
33 54 42
33 55 17
33 56 4
33 57 23
33 58 94
33 59 17
33 60 96
33 61 42
33 62 14
33 63 80
33 64 4
33 65 97
33 66 9
33 67 76
34 36 89
34 37 34
34 38 63
34 39 18
34 40 3
34 41 63
34 42 62
34 43 73
34 44 24
34 45 45
34 46 4
34 47 65
34 48 78
34 49 20
34 50 91
34 51 81
34 52 8
34 53 7
34 54 97
34 55 64
34 56 97
34 57 76
34 58 70
34 59 74
34 60 99
34 61 9
34 62 14
34 63 54
34 64 51
34 65 10
34 66 32
34 67 15
34 68 71
35 37 34
35 38 79
35 39 16
35 40 63
35 41 70
35 42 50
35 43 77
35 44 56
35 45 4
35 46 59
35 47 55
35 48 57
35 49 90
35 50 50
35 51 58
35 52 4
35 53 8
35 54 14
35 55 72
35 56 45
35 57 59
35 58 28
35 59 90
35 60 34
35 61 87
35 62 67
35 63 7
35 64 62
35 65 70
35 66 61
35 67 89
35 68 28
35 69 80
36 38 10
36 39 85
36 40 16
36 41 41
36 42 28
36 43 91
36 44 59
36 45 18
36 46 76
36 47 27
36 48 76
36 49 22
36 50 37
36 51 75
36 52 5
36 53 88
36 54 97
36 55 51
36 56 90
36 57 77
36 58 5
36 59 81
36 60 31
36 61 72
36 62 81
36 63 29
36 64 53
36 65 56
36 66 97
36 67 61
36 68 64
36 69 89
36 70 89
37 39 29
37 40 98
37 41 56
37 42 94
37 43 98
37 44 67
37 45 89
37 46 56
37 47 59
37 48 42
37 49 17
37 50 3
37 51 4
37 52 14
37 53 62
37 54 57
37 55 2
37 56 19
37 57 64
37 58 62
37 59 94
37 60 70
37 61 71
37 62 73
37 63 88
37 64 32
37 65 7
37 66 45
37 67 38
37 68 40
37 69 91
37 70 97
37 71 43
38 40 46
38 41 50
38 42 58
38 43 70
38 44 59
38 45 90
38 46 90
38 47 32
38 48 7
38 49 12
38 50 36
38 51 35
38 52 89
38 53 43
38 54 52
38 55 48
38 56 66
38 57 99
38 58 18
38 59 66
38 60 4
38 61 36
38 62 82
38 63 64
38 64 72
38 65 69
38 66 79
38 67 57
38 68 58
38 69 23
38 70 12
38 71 79
38 72 29
39 41 23
39 42 43
39 43 45
39 44 7
39 45 91
39 46 5
39 47 14
39 48 4
39 49 12
39 50 48
39 51 2
39 52 78
39 53 59
39 54 32
39 55 11
39 56 64
39 57 74
39 58 60
39 59 99
39 60 1
39 61 79
39 62 3
39 63 34
39 64 19
39 65 15
39 66 34
39 67 23
39 68 91
39 69 57
39 70 76
39 71 28
39 72 99
39 73 74
40 42 94
40 43 12
40 44 18
40 45 76
40 46 14
40 47 5
40 48 65
40 49 13
40 50 93
40 51 76
40 52 68
40 53 68
40 54 12
40 55 4
40 56 32
40 57 66
40 58 59
40 59 98
40 60 82
40 61 93
40 62 25
40 63 55
40 64 72
40 65 62
40 66 81
40 67 53
40 68 17
40 69 97
40 70 50
40 71 64
40 72 86
40 73 8
40 74 69
41 43 98
41 44 43
41 45 72
41 46 53
41 47 30
41 48 54
41 49 56
41 50 23
41 51 60
41 52 35
41 53 8
41 54 12
41 55 86
41 56 77
41 57 93
41 58 19
41 59 14
41 60 91
41 61 68
41 62 18
41 63 63
41 64 55
41 65 54
41 66 95
41 67 39
41 68 26
41 69 52
41 70 95
41 71 89
41 72 42
41 73 64
41 74 1
41 75 79
42 44 22
42 45 79
42 46 18
42 47 37
42 48 96
42 49 3
42 50 52
42 51 35
42 52 36
42 53 71
42 54 54
42 55 73
42 56 36
42 57 89
42 58 10
42 59 72
42 60 38
42 61 68
42 62 97
42 63 79
42 64 75
42 65 65
42 66 38
42 67 21
42 68 76
42 69 2
42 70 66
42 71 63
42 72 40
42 73 11
42 74 36
42 75 69
42 76 4
43 45 32
43 46 86
43 47 32
43 48 79
43 49 87
43 50 56
43 51 58
43 52 68
43 53 23
43 54 41
43 55 7
43 56 12
43 57 80
43 58 40
43 59 26
43 60 91
43 61 2
43 62 53
43 63 4
43 64 60
43 65 45
43 66 39
43 67 97
43 68 46
43 69 71
43 70 11
43 71 49
43 72 15
43 73 61
43 74 32
43 75 35
43 76 99
43 77 19
44 46 12
44 47 15
44 48 79
44 49 95
44 50 45
44 51 23
44 52 97
44 53 64
44 54 2
44 55 93
44 56 98
44 57 70
44 58 85
44 59 74
44 60 3
44 61 19
44 62 25
44 63 75
44 64 84
44 65 16
44 66 13
44 67 57
44 68 79
44 69 69
44 70 22
44 71 64
44 72 83
44 73 40
44 74 23
44 75 68
44 76 69
44 77 61
44 78 98
45 47 60
45 48 23
45 49 91
45 50 84
45 51 43
45 52 27
45 53 80
45 54 87
45 55 38
45 56 51
45 57 73
45 58 96
45 59 53
45 60 55
45 61 4
45 62 80
45 63 24
45 64 55
45 65 93
45 66 79
45 67 25
45 68 30
45 69 79
45 70 18
45 71 35
45 72 39
45 73 71
45 74 62
45 75 38
45 76 79
45 77 41
45 78 1
45 79 31
46 48 88
46 49 5
46 50 2
46 51 68
46 52 80
46 53 3
46 54 43
46 55 94
46 56 42
46 57 4
46 58 40
46 59 56
46 60 77
46 61 70
46 62 94
46 63 85
46 64 49
46 65 35
46 66 84
46 67 62
46 68 1
46 69 70
46 70 93
46 71 21
46 72 70
46 73 13
46 74 95
46 75 34
46 76 92
46 77 94
46 78 17
46 79 65
46 80 62
47 49 34
47 50 15
47 51 43
47 52 89
47 53 52
47 54 59
47 55 23
47 56 23
47 57 36
47 58 73
47 59 10
47 60 26
47 61 69
47 62 7
47 63 54
47 64 45
47 65 54
47 66 10
47 67 39
47 68 77
47 69 77
47 70 62
47 71 88
47 72 81
47 73 7
47 74 26
47 75 62
47 76 33
47 77 39
47 78 18
47 79 81
47 80 8
47 81 29
48 50 88
48 51 43
48 52 24
48 53 13
48 54 69
48 55 38
48 56 36
48 57 26
48 58 65
48 59 59
48 60 2
48 61 78
48 62 83
48 63 84
48 64 55
48 65 54
48 66 62
48 67 85
48 68 38
48 69 41
48 70 17
48 71 87
48 72 4
48 73 77
48 74 45
48 75 63
48 76 92
48 77 24
48 78 82
48 79 22
48 80 26
48 81 92
48 82 96
49 51 84
49 52 16
49 53 45
49 54 32
49 55 10
49 56 30
49 57 6
49 58 61
49 59 15
49 60 51
49 61 42
49 62 2
49 63 66
49 64 44
49 65 12
49 66 32
49 67 79
49 68 89
49 69 18
49 70 57
49 71 72
49 72 84
49 73 25
49 74 82
49 75 69
49 76 71
49 77 60
49 78 55
49 79 64
49 80 20
49 81 74
49 82 54
49 83 15
50 52 63
50 53 22
50 54 85
50 55 14
50 56 30
50 57 69
50 58 4
50 59 77
50 60 76
50 61 70
50 62 5
50 63 98
50 64 61
50 65 18
50 66 51
50 67 48
50 68 22
50 69 76
50 70 8
50 71 56
50 72 38
50 73 58
50 74 95
50 75 85
50 76 14
50 77 59
50 78 61
50 79 52
50 80 35
50 81 19
50 82 89
50 83 75
50 84 95
51 53 39
51 54 26
51 55 23
51 56 34
51 57 22
51 58 54
51 59 97
51 60 17
51 61 54
51 62 87
51 63 28
51 64 84
51 65 77
51 66 37
51 67 88
51 68 3
51 69 74
51 70 13
51 71 79
51 72 39
51 73 78
51 74 32
51 75 46
51 76 41
51 77 78
51 78 96
51 79 17
51 80 46
51 81 96
51 82 79
51 83 26
51 84 82
51 85 86
52 54 17
52 55 50
52 56 37
52 57 66
52 58 30
52 59 6
52 60 97
52 61 84
52 62 26
52 63 29
52 64 55
52 65 18
52 66 87
52 67 22
52 68 60
52 69 87
52 70 8
52 71 65
52 72 45
52 73 32
52 74 49
52 75 11
52 76 98
52 77 48
52 78 28
52 79 63
52 80 13
52 81 64
52 82 87
52 83 86
52 84 8
52 85 74
52 86 82
53 55 16
53 56 71
53 57 39
53 58 2
53 59 19
53 60 36
53 61 72
53 62 28
53 63 68
53 64 18
53 65 13
53 66 62
53 67 54
53 68 42
53 69 31
53 70 1
53 71 73
53 72 89
53 73 37
53 74 71
53 75 78
53 76 77
53 77 59
53 78 42
53 79 43
53 80 22
53 81 80
53 82 18
53 83 74
53 84 98
53 85 50
53 86 80
53 87 44
54 56 32
54 57 2
54 58 81
54 59 31
54 60 7
54 61 71
54 62 68
54 63 90
54 64 91
54 65 49
54 66 69
54 67 85
54 68 59
54 69 28
54 70 44
54 71 44
54 72 41
54 73 97
54 74 7
54 75 9
54 76 74
54 77 44
54 78 46
54 79 11
54 80 60
54 81 2
54 82 33
54 83 63
54 84 38
54 85 77
54 86 62
54 87 30
54 88 99
55 57 19
55 58 25
55 59 45
55 60 24
55 61 58
55 62 52
55 63 91
55 64 7
55 65 80
55 66 8
55 67 39
55 68 11
55 69 61
55 70 1
55 71 56
55 72 16
55 73 58
55 74 6
55 75 23
55 76 60
55 77 33
55 78 70
55 79 84
55 80 84
55 81 41
55 82 23
55 83 65
55 84 59
55 85 22
55 86 56
55 87 7
55 88 64
55 89 11
56 58 75
56 59 96
56 60 34
56 61 6
56 62 10
56 63 36
56 64 45
56 65 29
56 66 8
56 67 34
56 68 27
56 69 41
56 70 2
56 71 91
56 72 25
56 73 33
56 74 9
56 75 16
56 76 24
56 77 1
56 78 97
56 79 42
56 80 41
56 81 17
56 82 33
56 83 79
56 84 45
56 85 79
56 86 84
56 87 48
56 88 90
56 89 18
56 90 34
57 59 34
57 60 16
57 61 87
57 62 51
57 63 7
57 64 8
57 65 56
57 66 79
57 67 92
57 68 4
57 69 99
57 70 2
57 71 97
57 72 88
57 73 2
57 74 56
57 75 12
57 76 34
57 77 84
57 78 94
57 79 91
57 80 45
57 81 14
57 82 54
57 83 16
57 84 80
57 85 42
57 86 8
57 87 5
57 88 54
57 89 21
57 90 3
57 91 84
58 60 61
58 61 60
58 62 62
58 63 38
58 64 69
58 65 4
58 66 66
58 67 77
58 68 74
58 69 17
58 70 82
58 71 43
58 72 30
58 73 91
58 74 28
58 75 77
58 76 51
58 77 40
58 78 30
58 79 55
58 80 14
58 81 14
58 82 73
58 83 75
58 84 73
58 85 73
58 86 12
58 87 68
58 88 38
58 89 15
58 90 58
58 91 88
58 92 4
59 61 17
59 62 6
59 63 43
59 64 10
59 65 35
59 66 77
59 67 56
59 68 98
59 69 80
59 70 5
59 71 75
59 72 47
59 73 50
59 74 90
59 75 85
59 76 65
59 77 83
59 78 7
59 79 81
59 80 8
59 81 60
59 82 76
59 83 4
59 84 79
59 85 66
59 86 25
59 87 95
59 88 90
59 89 6
59 90 15
59 91 18
59 92 86
59 93 46
60 62 57
60 63 53
60 64 11
60 65 18
60 66 17
60 67 31
60 68 70
60 69 64
60 70 98
60 71 51
60 72 42
60 73 96
60 74 85
60 75 87
60 76 31
60 77 21
60 78 17
60 79 84
60 80 84
60 81 79
60 82 95
60 83 81
60 84 53
60 85 74
60 86 75
60 87 13
60 88 89
60 89 6
60 90 27
60 91 80
60 92 48
60 93 29
60 94 33
61 63 99
61 64 96
61 65 53
61 66 18
61 67 28
61 68 95
61 69 9
61 70 85
61 71 28
61 72 96
61 73 11
61 74 35
61 75 34
61 76 92
61 77 54
61 78 3
61 79 4
61 80 29
61 81 1
61 82 90
61 83 74
61 84 18
61 85 92
61 86 32
61 87 63
61 88 7
61 89 84
61 90 23
61 91 88
61 92 94
61 93 67
61 94 13
61 95 41
62 64 57
62 65 81
62 66 22
62 67 81
62 68 20
62 69 81
62 70 87
62 71 15
62 72 6
62 73 63
62 74 38
62 75 50
62 76 2
62 77 83
62 78 3
62 79 35
62 80 88
62 81 8
62 82 11
62 83 21
62 84 23
62 85 26
62 86 18
62 87 62
62 88 92
62 89 94
62 90 42
62 91 9
62 92 61
62 93 30
62 94 91
62 95 98
62 96 71
63 65 8
63 66 90
63 67 77
63 68 56
63 69 4
63 70 22
63 71 63
63 72 17
63 73 57
63 74 63
63 75 27
63 76 93
63 77 43
63 78 58
63 79 59
63 80 35
63 81 28
63 82 52
63 83 68
63 84 72
63 85 68
63 86 85
63 87 84
63 88 93
63 89 82
63 90 62
63 91 25
63 92 71
63 93 59
63 94 67
63 95 60
63 96 47
63 97 9
64 66 52
64 67 2
64 68 19
64 69 32
64 70 5
64 71 87
64 72 71
64 73 79
64 74 94
64 75 33
64 76 67
64 77 14
64 78 68
64 79 51
64 80 21
64 81 86
64 82 8
64 83 28
64 84 99
64 85 9
64 86 19
64 87 64
64 88 50
64 89 73
64 90 37
64 91 29
64 92 2
64 93 40
64 94 26
64 95 25
64 96 64
64 97 10
64 98 83
65 67 27
65 68 15
65 69 66
65 70 15
65 71 30
65 72 82
65 73 21
65 74 8
65 75 94
65 76 91
65 77 82
65 78 12
65 79 37
65 80 28
65 81 37
65 82 51
65 83 80
65 84 46
65 85 98
65 86 46
65 87 75
65 88 43
65 89 73
65 90 82
65 91 16
65 92 93
65 93 5
65 94 54
65 95 53
65 96 18
65 97 34
65 98 64
65 99 63
66 68 3
66 69 87
66 70 48
66 71 72
66 72 10
66 73 70
66 74 53
66 75 13
66 76 44
66 77 85
66 78 4
66 79 20
66 80 71
66 81 56
66 82 25
66 83 12
66 84 39
66 85 32
66 86 46
66 87 39
66 88 9
66 89 42
66 90 47
66 91 52
66 92 91
66 93 26
66 94 38
66 95 73
66 96 32
66 97 85
66 98 75
66 99 40
66 0 99
67 69 78
67 70 52
67 71 67
67 72 90
67 73 55
67 74 42
67 75 95
67 76 41
67 77 82
67 78 60
67 79 8
67 80 24
67 81 51
67 82 1
67 83 5
67 84 91
67 85 49
67 86 41
67 87 3
67 88 52
67 89 96
67 90 91
67 91 64
67 92 37
67 93 64
67 94 34
67 95 60
67 96 7
67 97 23
67 98 42
67 99 33
67 0 48
67 1 70
68 70 50
68 71 3
68 72 46
68 73 78
68 74 31
68 75 98
68 76 97
68 77 22
68 78 92
68 79 55
68 80 97
68 81 86
68 82 12
68 83 11
68 84 96
68 85 38
68 86 78
68 87 91
68 88 75
68 89 32
68 90 34
68 91 74
68 92 8
68 93 32
68 94 92
68 95 51
68 96 26
68 97 24
68 98 84
68 99 93
68 0 4
68 1 39
68 2 32
69 71 7
69 72 16
69 73 13
69 74 7
69 75 45
69 76 81
69 77 7
69 78 40
69 79 49
69 80 81
69 81 35
69 82 48
69 83 25
69 84 89
69 85 32
69 86 33
69 87 96
69 88 45
69 89 29
69 90 48
69 91 35
69 92 24
69 93 56
69 94 4
69 95 62
69 96 8
69 97 74
69 98 60
69 99 94
69 0 16
69 1 53
69 2 63
69 3 22
70 72 95
70 73 34
70 74 96
70 75 4
70 76 11
70 77 48
70 78 85
70 79 41
70 80 31
70 81 90
70 82 22
70 83 64
70 84 90
70 85 16
70 86 74
70 87 94
70 88 58
70 89 27
70 90 49
70 91 67
70 92 90
70 93 93
70 94 27
70 95 54
70 96 68
70 97 26
70 98 48
70 99 90
70 0 16
70 1 56
70 2 6
70 3 56
70 4 43
71 73 68
71 74 65
71 75 15
71 76 55
71 77 71
71 78 50
71 79 79
71 80 96
71 81 82
71 82 93
71 83 83
71 84 62
71 85 38
71 86 82
71 87 76
71 88 34
71 89 73
71 90 44
71 91 17
71 92 98
71 93 70
71 94 55
71 95 40
71 96 17
71 97 25
71 98 88
71 99 27
71 0 9
71 1 87
71 2 52
71 3 65
71 4 57
71 5 73
72 74 66
72 75 13
72 76 77
72 77 45
72 78 78
72 79 47
72 80 58
72 81 67
72 82 87
72 83 11
72 84 2
72 85 77
72 86 36
72 87 55
72 88 29
72 89 51
72 90 2
72 91 43
72 92 21
72 93 45
72 94 66
72 95 9
72 96 39
72 97 50
72 98 50
72 99 55
72 0 60
72 1 7
72 2 70
72 3 85
72 4 5
72 5 37
72 6 7
73 75 64
73 76 76
73 77 80
73 78 80
73 79 40
73 80 68
73 81 78
73 82 96
73 83 97
73 84 55
73 85 25
73 86 19
73 87 18
73 88 33
73 89 5
73 90 2
73 91 11
73 92 48
73 93 72
73 94 78
73 95 83
73 96 57
73 97 45
73 98 52
73 99 23
73 0 41
73 1 42
73 2 89
73 3 75
73 4 99
73 5 38
73 6 54
73 7 85
74 76 80
74 77 47
74 78 98
74 79 75
74 80 4
74 81 66
74 82 31
74 83 74
74 84 24
74 85 45
74 86 64
74 87 66
74 88 46
74 89 76
74 90 90
74 91 66
74 92 88
74 93 65
74 94 90
74 95 26
74 96 96
74 97 94
74 98 29
74 99 7
74 0 43
74 1 94
74 2 25
74 3 43
74 4 10
74 5 71
74 6 94
74 7 51
74 8 26
75 77 29
75 78 26
75 79 3
75 80 70
75 81 16
75 82 60
75 83 23
75 84 34
75 85 40
75 86 46
75 87 60
75 88 51
75 89 14
75 90 47
75 91 24
75 92 11
75 93 69
75 94 37
75 95 83
75 96 19
75 97 76
75 98 50
75 99 85
75 0 52
75 1 81
75 2 17
75 3 18
75 4 11
75 5 56
75 6 22
75 7 75
75 8 26
75 9 83
76 78 2
76 79 56
76 80 18
76 81 29
76 82 84
76 83 57
76 84 60
76 85 75
76 86 95
76 87 88
76 88 31
76 89 59
76 90 6
76 91 2
76 92 60
76 93 59
76 94 76
76 95 24
76 96 91
76 97 37
76 98 72
76 99 31
76 0 85
76 1 26
76 2 18
76 3 9
76 4 39
76 5 25
76 6 71
76 7 52
76 8 29
76 9 77
76 10 64
77 79 61
77 80 40
77 81 48
77 82 28
77 83 45
77 84 78
77 85 66
77 86 71
77 87 62
77 88 28
77 89 39
77 90 97
77 91 33
77 92 85
77 93 41
77 94 51
77 95 77
77 96 17
77 97 65
77 98 78
77 99 5
77 0 3
77 1 55
77 2 61
77 3 22
77 4 61
77 5 81
77 6 46
77 7 51
77 8 20
77 9 77
77 10 25
77 11 40
78 80 86
78 81 42
78 82 73
78 83 32
78 84 75
78 85 33
78 86 42
78 87 30
78 88 7
78 89 38
78 90 17
78 91 30
78 92 17
78 93 85
78 94 79
78 95 22
78 96 72
78 97 28
78 98 54
78 99 79
78 0 26
78 1 84
78 2 66
78 3 32
78 4 23
78 5 4
78 6 10
78 7 27
78 8 91
78 9 90
78 10 9
78 11 41
78 12 7
79 81 71
79 82 66
79 83 95
79 84 96
79 85 6
79 86 71
79 87 23
79 88 90
79 89 15
79 90 74
79 91 76
79 92 9
79 93 51
79 94 18
79 95 64
79 96 2
79 97 42
79 98 82
79 99 43
79 0 58
79 1 56
79 2 90
79 3 12
79 4 36
79 5 60
79 6 82
79 7 29
79 8 83
79 9 17
79 10 41
79 11 45
79 12 1
79 13 1
80 82 64
80 83 10
80 84 6
80 85 96
80 86 88
80 87 93
80 88 73
80 89 16
80 90 84
80 91 83
80 92 52
80 93 13
80 94 93
80 95 24
80 96 94
80 97 58
80 98 9
80 99 65
80 0 8
80 1 14
80 2 23
80 3 44
80 4 28
80 5 94
80 6 99
80 7 67
80 8 44
80 9 23
80 10 90
80 11 38
80 12 73
80 13 18
80 14 43
81 83 7
81 84 56
81 85 6
81 86 41
81 87 96
81 88 78
81 89 45
81 90 21
81 91 70
81 92 93
81 93 97
81 94 40
81 95 80
81 96 31
81 97 70
81 98 20
81 99 96
81 0 7
81 1 86
81 2 12
81 3 19
81 4 84
81 5 44
81 6 2
81 7 21
81 8 71
81 9 69
81 10 11
81 11 81
81 12 65
81 13 91
81 14 30
81 15 17
82 84 56
82 85 52
82 86 89
82 87 77
82 88 13
82 89 55
82 90 55
82 91 29
82 92 90
82 93 59
82 94 27
82 95 31
82 96 1
82 97 99
82 98 8
82 99 67
82 0 67
82 1 79
82 2 15
82 3 77
82 4 52
82 5 54
82 6 36
82 7 83
82 8 87
82 9 60
82 10 74
82 11 85
82 12 92
82 13 38
82 14 37
82 15 26
82 16 9
83 85 50
83 86 23
83 87 86
83 88 41
83 89 28
83 90 15
83 91 17
83 92 37
83 93 12
83 94 28
83 95 75
83 96 97
83 97 52
83 98 17
83 99 53
83 0 50
83 1 36
83 2 63
83 3 52
83 4 1
83 5 52
83 6 40
83 7 92
83 8 11
83 9 6
83 10 69
83 11 31
83 12 93
83 13 96
83 14 2
83 15 77
83 16 18
83 17 91
84 86 86
84 87 38
84 88 89
84 89 89
84 90 86
84 91 9
84 92 98
84 93 50
84 94 61
84 95 36
84 96 9
84 97 43
84 98 31
84 99 50
84 0 35
84 1 95
84 2 71
84 3 80
84 4 20
84 5 67
84 6 95
84 7 90
84 8 93
84 9 5
84 10 5
84 11 6
84 12 72
84 13 3
84 14 70
84 15 3
84 16 77
84 17 32
84 18 81
85 87 37
85 88 19
85 89 44
85 90 33
85 91 37
85 92 94
85 93 38
85 94 93
85 95 38
85 96 12
85 97 23
85 98 88
85 99 87
85 0 23
85 1 86
85 2 55
85 3 3
85 4 96
85 5 15
85 6 27
85 7 94
85 8 63
85 9 7
85 10 19
85 11 88
85 12 64
85 13 36
85 14 75
85 15 97
85 16 63
85 17 48
85 18 17
85 19 34
86 88 91
86 89 56
86 90 79
86 91 38
86 92 19
86 93 22
86 94 76
86 95 33
86 96 40
86 97 81
86 98 31
86 99 72
86 0 35
86 1 77
86 2 1
86 3 43
86 4 8
86 5 72
86 6 98
86 7 97
86 8 39
86 9 91
86 10 61
86 11 35
86 12 75
86 13 21
86 14 33
86 15 39
86 16 98
86 17 89
86 18 2
86 19 45
86 20 77
87 89 83
87 90 51
87 91 25
87 92 6
87 93 85
87 94 5
87 95 51
87 96 15
87 97 41
87 98 79
87 99 41
87 0 44
87 1 94
87 2 87
87 3 3
87 4 26
87 5 36
87 6 73
87 7 43
87 8 56
87 9 94
87 10 5
87 11 28
87 12 53
87 13 22
87 14 10
87 15 27
87 16 57
87 17 42
87 18 34
87 19 99
87 20 89
87 21 77
88 90 5
88 91 96
88 92 6
88 93 23
88 94 69
88 95 18
88 96 44
88 97 42
88 98 98
88 99 44
88 0 64
88 1 64
88 2 92
88 3 51
88 4 89
88 5 5
88 6 2
88 7 93
88 8 59
88 9 91
88 10 76
88 11 21
88 12 87
88 13 87
88 14 92
88 15 23
88 16 94
88 17 86
88 18 96
88 19 8
88 20 32
88 21 71
88 22 50
89 91 55
89 92 4
89 93 70
89 94 24
89 95 66
89 96 9
89 97 78
89 98 4
89 99 62
89 0 97
89 1 53
89 2 6
89 3 34
89 4 44
89 5 55
89 6 82
89 7 26
89 8 5
89 9 81
89 10 29
89 11 62
89 12 17
89 13 78
89 14 5
89 15 59
89 16 49
89 17 98
89 18 39
89 19 69
89 20 79
89 21 43
89 22 2
89 23 36
90 92 32
90 93 22
90 94 98
90 95 39
90 96 94
90 97 78
90 98 51
90 99 42
90 0 15
90 1 42
90 2 23
90 3 21
90 4 29
90 5 91
90 6 29
90 7 56
90 8 57
90 9 50
90 10 22
90 11 65
90 12 8
90 13 73
90 14 93
90 15 25
90 16 60
90 17 20
90 18 62
90 19 6
90 20 21
90 21 61
90 22 24
90 23 9
90 24 24
91 93 71
91 94 41
91 95 72
91 96 46
91 97 44
91 98 38
91 99 4
91 0 49
91 1 65
91 2 72
91 3 63
91 4 83
91 5 56
91 6 71
91 7 92
91 8 65
91 9 31
91 10 81
91 11 87
91 12 85
91 13 30
91 14 37
91 15 27
91 16 38
91 17 45
91 18 47
91 19 93
91 20 57
91 21 55
91 22 55
91 23 36
91 24 96
91 25 39
92 94 6
92 95 8
92 96 58
92 97 43
92 98 85
92 99 74
92 0 66
92 1 91
92 2 39
92 3 62
92 4 2
92 5 42
92 6 50
92 7 59
92 8 15
92 9 8
92 10 80
92 11 31
92 12 16
92 13 11
92 14 91
92 15 51
92 16 23
92 17 24
92 18 29
92 19 77
92 20 40
92 21 81
92 22 53
92 23 45
92 24 92
92 25 28
92 26 74
93 95 59
93 96 32
93 97 49
93 98 76
93 99 44
93 0 79
93 1 82
93 2 64
93 3 88
93 4 29
93 5 42
93 6 63
93 7 98
93 8 2
93 9 9
93 10 1
93 11 84
93 12 24
93 13 28
93 14 34
93 15 66
93 16 72
93 17 26
93 18 34
93 19 84
93 20 7
93 21 31
93 22 50
93 23 78
93 24 70
93 25 85
93 26 94
93 27 6
94 96 44
94 97 58
94 98 4
94 99 42
94 0 21
94 1 47
94 2 63
94 3 59
94 4 55
94 5 21
94 6 91
94 7 59
94 8 33
94 9 5
94 10 84
94 11 99
94 12 35
94 13 51
94 14 37
94 15 33
94 16 88
94 17 9
94 18 41
94 19 13
94 20 49
94 21 44
94 22 5
94 23 31
94 24 87
94 25 41
94 26 52
94 27 30
94 28 38
95 97 34
95 98 51
95 99 19
95 0 93
95 1 19
95 2 53
95 3 77
95 4 31
95 5 68
95 6 46
95 7 25
95 8 65
95 9 32
95 10 83
95 11 91
95 12 17
95 13 47
95 14 1
95 15 41
95 16 91
95 17 26
95 18 49
95 19 3
95 20 94
95 21 83
95 22 71
95 23 16
95 24 35
95 25 3
95 26 4
95 27 30
95 28 59
95 29 50
96 98 65
96 99 19
96 0 65
96 1 60
96 2 84
96 3 57
96 4 28
96 5 7
96 6 4
96 7 26
96 8 14
96 9 43
96 10 59
96 11 98
96 12 79
96 13 80
96 14 79
96 15 39
96 16 68
96 17 81
96 18 73
96 19 15
96 20 92
96 21 2
96 22 55
96 23 40
96 24 20
96 25 61
96 26 15
96 27 50
96 28 85
96 29 15
96 30 69
97 99 78
97 0 34
97 1 70
97 2 98
97 3 86
97 4 35
97 5 95
97 6 17
97 7 87
97 8 43
97 9 54
97 10 99
97 11 28
97 12 49
97 13 78
97 14 1
97 15 36
97 16 69
97 17 60
97 18 65
97 19 72
97 20 12
97 21 90
97 22 70
97 23 30
97 24 33
97 25 19
97 26 22
97 27 40
97 28 29
97 29 84
97 30 72
97 31 89
98 0 1
98 1 96
98 2 95
98 3 29
98 4 38
98 5 86
98 6 37
98 7 94
98 8 28
98 9 52
98 10 9
98 11 4
98 12 26
98 13 44
98 14 81
98 15 18
98 16 11
98 17 19
98 18 19
98 19 95
98 20 87
98 21 14
98 22 68
98 23 63
98 24 78
98 25 7
98 26 33
98 27 1
98 28 52
98 29 36
98 30 89
98 31 92
98 32 49
99 1 33
99 2 41
99 3 99
99 4 92
99 5 31
99 6 52
99 7 14
99 8 65
99 9 68
99 10 37
99 11 91
99 12 53
99 13 23
99 14 91
99 15 2
99 16 34
99 17 85
99 18 11
99 19 77
99 20 29
99 21 18
99 22 6
99 23 51
99 24 65
99 25 5
99 26 82
99 27 75
99 28 26
99 29 90
99 30 58
99 31 26
99 32 81
99 33 80
