55
0 5 10
0 10 78
0 11 25
0 54 30
0 34 90
1 4 17
1 5 15
1 14 49
1 30 31
1 40 10
2 7 66
2 9 95
2 35 26
2 45 48
3 45 27
3 30 80
3 54 20
4 6 58
4 23 91
4 40 79
4 10 67
5 30 94
5 40 64
5 54 40
6 49 78
6 30 25
6 17 83
6 52 75
7 48 96
7 10 49
7 49 41
7 40 65
8 12 92
8 34 15
8 39 4
9 13 50
9 47 29
9 10 60
9 34 20
9 42 70
10 40 42
10 45 45
11 13 78
11 53 52
11 41 44
12 36 39
12 24 52
12 42 22
12 30 14
12 54 36
13 34 56
13 49 12
13 39 39
14 20 16
14 45 57
14 50 32
15 18 17
15 30 52
15 21 33
15 45 2
16 40 27
16 41 52
16 38 21
16 20 52
17 25 53
17 30 32
17 31 96
18 32 75
18 40 82
19 42 10
19 48 35
19 54 23
19 25 32
20 28 78
20 37 57
21 24 23
21 38 10
22 52 9
22 37 58
23 29 45
23 45 46
23 46 23
24 40 69
24 50 4
24 53 43
25 54 52
25 28 3
26 30 62
26 40 34
27 29 52
27 49 45
28 29 54
29 34 83
30 50 56
30 51 77
30 52 68
31 34 51
31 41 4
32 36 41
32 43 6
33 40 62
33 46 30
34 51 58
35 38 66
35 44 7
35 39 34
36 45 25
36 37 35
37 45 52
37 51 34
38 52 35
38 41 52
39 52 24
39 54 45
40 41 53
40 49 24
40 30 45
41 30 52
41 53 24
42 30 50
42 52 94
43 44 25
43 48 45
43 49 23
44 49 29
44 48 75
44 30 35
45 54 23
45 52 73
46 30 65
46 54 53
47 48 23
48 30 78
48 53 56
51 54 10
52 53 23
