60
8 12 67.49
12 15 50.092
2 8 39.34
12 52 20.118
25 52 51.301
3 8 54.468
3 32 49.536
14 52 58.45
12 19 55.564
19 27 73.488
30 32 56.963
12 44 30.769
8 13 77.404
3 46 87.94
0 32 74.712
19 22 3.762
6 27 5.815
15 37 79.659
5 13 18.346
37 49 20.756
25 50 29.789
27 58 57.401
35 44 69.62
14 21 68.577
8 45 69.137
32 48 72.983
15 31 2.945
6 38 29.352
18 48 36.399
32 40 27.065
46 56 45.171
27 28 93.342
13 23 8.438
14 36 13.024
12 24 22.745
5 59 92.005
32 34 53.735
11 44 46.078
53 56 72.751
36 54 64.474
1 13 21.895
4 24 23.225
9 21 90.926
11 39 98.901
21 29 58.633
17 32 27.24
32 51 17.388
47 59 17.27
9 55 59.959
19 26 55.643
7 28 28.642
42 58 57.196
32 57 36.511
43 57 97.363
11 33 21.938
16 18 65.94
13 20 20.464
10 34 12.248
21 41 25.679
12 59 47.089
30 37 84.454
29 37 35.097
27 59 57.581
9 46 63.324
6 19 65.46
16 37 47.083
2 46 56.816
10 46 69.878
36 44 21.832
28 43 56.064
4 49 41.184
6 51 20.436
10 14 1.95
34 34 7.507
28 57 98.394
22 30 48.756
1 42 71.6
3 14 77.157
11 25 18.171
56 58 88.803
4 32 71.594
20 35 23.338
40 44 10.297
25 55 58.799
4 26 13.669
22 38 2.518
11 15 19.399
2 57 93.119
11 14 88.201
22 29 8.924
44 58 56.969
36 53 91.964
0 3 60.12
10 52 15.652
3 56 75.756
13 59 37.436
20 33 44.343
31 50 99.182
13 45 62.125
3 34 55.879
18 34 83.198
19 41 43.934
31 49 54.947
17 45 77.588
3 19 25.102
17 20 26.643
23 24 20.674
53 58 58.575
17 55 96.816
20 50 21.214
34 43 54.172
1 30 19.617
0 27 61.404
36 51 6.313
52 56 69.069
20 43 1.547
50 54 44.251
13 30 7.314
16 35 20.677
25 35 95.508
3 11 60.622
21 43 85.501
11 34 24.221
41 52 33.449
28 37 22.317
47 52 37.041
35 36 23.053
2 50 53.63
32 36 96.899
30 47 9.964
43 44 49.027
5 25 28.726
12 31 35.277
41 56 55.959
27 32 80.315
34 48 64.417
51 56 82.162
49 53 63.38
12 55 0.093
6 37 20.197
16 29 19.015
9 56 3.153
10 18 89.594
32 53 89.118
40 58 44.114
21 30 70.98
14 57 6.972
29 59 2.961
27 53 68.586
3 51 29.585
17 56 34.019
17 19 25.243
1 53 86.675
31 59 0.439
14 42 4.684
19 58 99.787
34 36 75.15
23 45 0.956
0 34 90.598
24 49 21.029
7 41 87.541
21 56 52.13
8 23 45.87
3 27 5.343
50 50 4.565
49 50 42.199
21 40 89.022
7 15 38.243
29 31 68.314
12 32 46.73
39 44 26.444
12 27 54.213
0 45 67.689
28 31 27.959
2 26 91.313
20 34 42.811
12 53 37.683
6 42 67.001
19 37 23.809
14 45 91.75
30 42 5.481
6 29 59.252
26 40 66.248
6 26 0.614
37 44 18.27
5 40 10.963
40 48 56.228
33 38 82.481
25 48 21.206
9 47 60.017
8 20 38.931
24 43 43.764
13 26 65.264
36 49 19.195
22 52 48.036
52 55 48.532
6 25 37.605
33 45 99.845
15 38 61.63
10 26 85.813