100
0 1 36.065
0 2 44.524
0 4 79.249
0 6 97.483
0 12 1.713
0 17 6.012
0 22 94.515
0 26 26.839
0 27 68.685
0 28 17.739
0 29 0.818
0 30 96.53
0 31 79.685
0 35 60.176
0 36 45.875
0 37 79.84
0 38 76.212
0 41 83.502
0 45 75.612
0 47 20.475
0 48 70.974
0 49 93.768
0 51 37.639
0 52 10.139
0 56 27.844
0 58 75.91
0 60 47.798
0 62 83.353
0 64 53.898
0 65 97.444
0 66 65.71
0 67 58.307
0 70 45.43
0 71 62.36
0 73 41.747
0 75 58.887
0 78 35.547
0 79 18.848
0 80 46.621
0 82 55.966
0 86 89.228
0 87 72.687
0 89 17.05
0 91 39.718
0 92 23.149
0 93 87.394
0 98 94.878
0 99 54.656
1 2 83.072
1 3 18.474
1 8 49.809
1 9 6.666
1 10 39.406
1 12 25.753
1 14 68.763
1 17 94.638
1 18 61.475
1 23 49.252
1 24 61.713
1 26 32.913
1 27 25.35
1 28 54.876
1 33 27.281
1 34 19.227
1 35 28.869
1 36 31.434
1 37 31.941
1 38 37.387
1 40 30.161
1 44 94.549
1 46 60.623
1 47 97.115
1 48 65.273
1 52 47.554
1 53 23.789
1 57 54.691
1 58 10.083
1 59 16.296
1 60 87.21
1 61 76.852
1 62 93.707
1 68 17.132
1 69 69.297
1 70 42.002
1 73 68.978
1 74 10.336
1 75 27.59
1 78 71.595
1 80 52.306
1 81 55.347
1 82 35.386
1 83 25.342
1 84 35.582
1 85 72.046
1 90 13.949
1 91 83.079
1 92 9.289
1 94 7.274
1 95 39.474
1 97 9.391
1 99 95.469
2 0 39.095
2 8 8.726
2 10 10.143
2 12 69.818
2 13 27.549
2 19 95.041
2 20 10.392
2 21 84.278
2 22 25.013
2 26 55.868
2 29 16.666
2 30 30.134
2 33 53.028
2 37 59.375
2 39 80.834
2 40 7.687
2 42 75.524
2 45 8.467
2 46 19.608
2 47 69.977
2 51 72.254
2 53 70.822
2 59 18.092
2 61 66.115
2 63 20.978
2 67 25.573
2 70 68.568
2 71 52.963
2 73 37.723
2 77 79.373
2 78 29.242
2 82 80.335
2 83 54.087
2 87 47.72
2 88 11.63
2 91 43.867
2 92 55.993
2 94 97.291
2 95 2.373
2 96 28.462
2 99 84.445
3 0 33.3
3 1 22.788
3 5 73.669
3 8 14.778
3 10 25.349
3 12 32.006
3 16 46.991
3 17 55.415
3 19 5.157
3 23 14.721
3 24 1.106
3 25 9.244
3 26 9.184
3 27 68.345
3 28 46.57
3 29 87.396
3 30 48.201
3 31 73.796
3 35 84.005
3 36 6.589
3 37 78.495
3 41 60.177
3 43 39.501
3 45 41.417
3 46 3.85
3 47 88.487
3 48 40.975
3 49 5.383
3 50 33.609
3 51 2.096
3 52 91.087
3 57 61.869
3 58 75.129
3 60 28.138
3 62 12.879
3 65 75.7
3 66 82.002
3 68 52.779
3 70 33.365
3 73 51.962
3 77 5.269
3 80 30.493
3 83 3.266
3 84 59.805
3 86 59.775
3 87 32.005
3 90 39.047
3 92 48.401
3 93 10.585
3 94 55.944
3 98 57.439
3 99 34.754
4 1 90.041
4 8 6.655
4 9 61.446
4 10 83.5
4 11 10.881
4 12 2.625
4 14 61.144
4 16 50.995
4 17 12.872
4 18 70.931
4 21 43.121
4 23 96.909
4 25 26.631
4 27 44.915
4 28 14.11
4 29 91.775
4 30 14.734
4 32 6.82
4 33 73.333
4 37 95.387
4 40 68.062
4 41 92.913
4 43 74.906
4 44 5.477
4 45 65.613
4 50 97.261
4 51 54.019
4 52 66.209
4 53 98.745
4 54 60.573
4 57 82.369
4 59 52.224
4 60 34.218
4 61 86.533
4 63 9.129
4 64 46.02
4 66 89.741
4 67 13.005
4 71 25.23
4 73 77.635
4 74 69.899
4 76 63.68
4 78 37.895
4 79 64.285
4 80 22.246
4 81 24.926
4 82 22.475
4 83 32.228
4 85 81.288
4 87 81.819
4 89 16.193
4 91 12.265
4 92 29.852
4 93 95.367
4 95 68.299
4 97 30.007
4 98 65.546
4 99 63.534
5 0 89.168
5 2 59.835
5 10 14.654
5 12 3.924
5 14 58.746
5 15 47.034
5 16 55.386
5 18 68.004
5 20 80.911
5 21 49.542
5 23 32.565
5 24 67.019
5 25 15.618
5 26 37.85
5 27 40.687
5 30 3.527
5 31 94.456
5 33 63.614
5 35 98.842
5 36 34.35
5 37 31.282
5 40 72.956
5 41 82.05
5 42 45.854
5 45 41.113
5 46 63.433
5 47 76.664
5 49 85.658
5 50 5.25
5 52 42.567
5 53 86.887
5 54 46.936
5 56 35.091
5 57 89.853
5 58 61.118
5 60 72.674
5 61 56.954
5 62 62.975
5 63 9.379
5 64 4.908
5 66 11.636
5 68 47.055
5 70 28.491
5 74 72.84
5 77 17.645
5 78 98.446
5 82 81.044
5 83 87.411
5 84 39.879
5 85 3.258
5 86 83.567
5 87 88.938
5 92 90.674
5 93 1.333
5 94 45.712
5 95 4.597
5 96 80.935
5 99 64.421
6 0 79.977
6 1 41.378
6 2 39.94
6 3 41.969
6 4 96.618
6 11 10.598
6 12 47.29
6 14 42.214
6 15 12.068
6 21 14.612
6 22 43.033
6 24 80.259
6 27 9.217
6 29 28.407
6 30 68.997
6 31 8.244
6 32 68.118
6 34 72.661
6 37 10.517
6 38 91.72
6 40 33.443
6 46 42.382
6 47 71.471
6 53 53.698
6 55 95.948
6 56 29.797
6 59 12.327
6 61 94.761
6 63 0.533
6 65 44.357
6 72 98.389
6 73 28.463
6 76 40.996
6 78 75.59
6 80 47.721
6 83 64.884
6 85 9.142
6 87 73.169
6 88 51.336
6 89 37.975
6 91 11.27
6 93 37.742
6 94 98.322
6 95 96.299
6 96 96.16
6 99 74.682
7 2 63.497
7 3 46.993
7 5 49.201
7 6 69.113
7 9 13.38
7 11 50.12
7 12 49.71
7 14 52.433
7 15 2.518
7 17 0.943
7 19 88.476
7 21 94.287
7 22 63.422
7 24 10.992
7 29 89.932
7 31 3.057
7 32 5.298
7 33 40.804
7 34 48.974
7 36 47.868
7 39 88.032
7 40 45.044
7 43 67.014
7 44 13.657
7 45 36.798
7 49 40.203
7 50 77.575
7 52 9.389
7 53 87.229
7 58 42.158
7 59 58.325
7 60 85.266
7 61 92.971
7 64 87.822
7 65 5.016
7 67 55.662
7 70 12.013
7 72 13.453
7 73 63.791
7 74 60.029
7 78 90.984
7 82 86.57
7 83 15.244
7 85 15.815
7 86 12.584
7 87 84.959
7 89 91.93
7 91 15.228
7 92 19.537
7 93 26.772
7 99 0.466
8 6 76.78
8 7 68.758
8 9 36.882
8 10 66.923
8 11 21.22
8 13 78.861
8 16 59.869
8 17 15.379
8 20 24.585
8 22 88.715
8 24 19.38
8 27 81.322
8 28 3.62
8 31 94.778
8 32 5.953
8 33 75.871
8 34 67.632
8 35 30.232
8 36 17.964
8 37 74.486
8 38 29.953
8 41 68.172
8 43 67.445
8 45 23.953
8 46 64.213
8 53 85.938
8 57 46.749
8 60 20.672
8 61 65.781
8 62 27.155
8 64 26.608
8 65 66.358
8 68 57.163
8 69 41.964
8 70 51.574
8 71 90.634
8 72 64.462
8 74 18.144
8 78 66.196
8 80 5.439
8 85 64.869
8 86 97.888
8 87 17.715
8 88 98.191
8 90 14.598
8 94 30.358
8 95 47.066
9 0 21.858
9 1 22.358
9 2 38.472
9 3 87.439
9 4 73.959
9 5 73.278
9 7 40.638
9 11 41.316
9 12 36.45
9 13 12.35
9 15 25.48
9 18 98.486
9 19 29.887
9 20 44.721
9 21 79.327
9 23 87.589
9 24 1.135
9 25 63.954
9 30 16.268
9 33 85.855
9 34 30.568
9 36 65.722
9 40 82.825
9 42 21.581
9 43 86.955
9 45 7.535
9 46 87.001
9 48 20.512
9 57 5.765
9 58 54.761
9 59 12.877
9 61 22.399
9 62 19.979
9 63 68.274
9 65 75.186
9 66 5.51
9 68 13.865
9 70 58.018
9 71 78.769
9 73 95.207
9 74 0.832
9 75 97.382
9 78 71.537
9 79 69.511
9 82 20.651
9 88 73.847
9 92 92.663
9 94 72.812
9 95 35.645
10 3 84.163
10 4 30.557
10 5 19.967
10 6 98.543
10 7 58.433
10 8 94.357
10 9 66.009
10 11 48.404
10 16 30.049
10 18 4.674
10 19 71.378
10 20 32.765
10 23 89.359
10 24 37.762
10 28 35.826
10 32 26.447
10 33 9.782
10 36 70.33
10 40 18.674
10 45 53.69
10 46 22.659
10 53 78.936
10 54 12.909
10 59 68.026
10 60 34.137
10 61 37.697
10 62 57.848
10 67 15.102
10 69 96.262
10 70 53.591
10 71 79.122
10 72 22.899
10 73 93.455
10 76 47.816
10 79 66.06
10 84 26.269
10 88 86.887
10 96 21.602
10 97 22.744
10 98 87.514
10 99 68.43
11 1 2.912
11 2 65.431
11 4 13.84
11 5 22.158
11 6 80.283
11 10 59.128
11 12 96.595
11 15 36.582
11 18 83.537
11 21 73.557
11 23 9.089
11 25 80.032
11 26 80.457
11 27 16.564
11 28 5.326
11 29 85.461
11 30 36.261
11 33 16.981
11 35 10.642
11 36 35.614
11 37 65.045
11 44 81.47
11 52 80.372
11 53 96.294
11 54 33.301
11 56 10.965
11 58 79.128
11 64 43.618
11 65 55.941
11 69 78.458
11 70 28.979
11 72 25.316
11 75 52.883
11 77 88.486
11 79 85.238
11 82 51.573
11 84 8.745
11 87 75.106
11 88 25.101
11 89 72.545
11 90 74.939
11 92 93.474
11 93 84.247
11 94 8.329
11 95 76.793
11 97 33.445
12 0 25.376
12 3 96.097
12 4 44.392
12 5 63.105
12 6 87.821
12 9 95.122
12 11 97.722
12 14 59.72
12 16 42.196
12 17 53.339
12 18 79.796
12 19 0.782
12 20 3.983
12 23 42.906
12 29 55.789
12 30 49.016
12 32 65.259
12 35 45.443
12 38 7.265
12 42 82.051
12 47 20.487
12 48 74.526
12 50 40.665
12 53 12.4
12 54 92.761
12 55 62.262
12 61 47.182
12 62 41.246
12 63 78.774
12 64 46.553
12 66 72.578
12 67 43.909
12 69 77.676
12 72 69.362
12 73 15.208
12 74 23.895
12 75 1.866
12 76 82.318
12 77 93.057
12 78 67.903
12 79 56.514
12 81 35.846
12 84 35.216
12 85 55.084
12 88 4.859
12 92 71.36
12 95 66.837
12 96 38.759
12 98 76.789
12 99 17.296
13 0 27.398
13 1 23.685
13 2 80.096
13 4 65.929
13 8 26.634
13 9 27.96
13 10 48.583
13 11 62.406
13 15 94.295
13 17 51.037
13 18 37.504
13 20 1.659
13 22 90.829
13 23 24.815
13 26 72.995
13 27 13.524
13 31 5.123
13 35 51.371
13 36 43.037
13 37 72.009
13 39 16.554
13 40 64.352
13 46 80.961
13 49 94.836
13 50 28.193
13 51 54.806
13 52 81.431
13 55 7.441
13 56 21.736
13 57 18.125
13 66 21.472
13 67 52.186
13 70 34.421
13 76 30.041
13 77 47.467
13 79 54.732
13 82 51.364
13 83 98.044
13 84 1.508
13 85 29.067
13 86 62.306
13 87 63.758
13 88 66.818
13 90 76.038
13 91 68.009
13 92 63.089
13 94 42.841
13 95 25.901
13 96 8.911
13 97 68.387
13 98 24.878
13 99 41.304
14 0 77.557
14 1 41.346
14 2 25.861
14 3 88.717
14 4 12.832
14 15 8.085
14 16 86.997
14 19 50.013
14 21 4.4
14 22 90.632
14 24 61.406
14 27 90.552
14 28 4.753
14 32 33.224
14 33 88.697
14 36 0.239
14 37 65.891
14 38 95.616
14 39 3.147
14 41 28.614
14 42 14.054
14 43 70.95
14 44 1.384
14 45 82.059
14 46 79.554
14 47 38.785
14 48 69.24
14 50 88.061
14 53 82.026
14 54 78.665
14 55 80.958
14 56 67.377
14 59 85.265
14 62 73.757
14 63 81.443
14 66 93.739
14 68 14.217
14 69 42.447
14 70 96.895
14 72 36.269
14 73 20.393
14 74 54.148
14 75 69.195
14 76 73.543
14 77 63.977
14 78 90.011
14 79 41.785
14 81 77.51
14 82 1.83
14 83 20.251
14 84 91.881
14 85 98.867
14 86 48.788
14 88 20.954
14 89 6.318
14 90 53.996
14 91 75.738
14 93 29.165
14 94 14.755
14 96 50.887
15 1 87.825
15 4 53.707
15 5 47.043
15 6 22.962
15 7 6.965
15 8 2.178
15 11 91.09
15 12 24.972
15 13 28.287
15 16 29.176
15 20 10.325
15 22 77.413
15 24 52.177
15 25 94.425
15 26 21.448
15 27 25.576
15 28 79.86
15 33 52.595
15 38 5.627
15 41 12.324
15 44 69.369
15 45 65.036
15 46 57.478
15 47 73.05
15 51 41.121
15 54 54.197
15 55 81.267
15 58 37.724
15 61 50.326
15 62 93.574
15 64 33.893
15 65 16.625
15 67 7.798
15 69 36.367
15 70 66.342
15 72 3.008
15 74 67.932
15 75 26.214
15 78 35.862
15 81 4.485
15 84 26.43
15 86 0.944
15 87 36.541
15 91 48.571
15 92 30.699
15 93 58.238
15 94 50.535
15 95 28.739
15 97 85.768
15 98 16.558
15 99 60.399
16 0 46.479
16 1 36.856
16 2 90.771
16 3 9.503
16 8 84.06
16 11 56.447
16 13 96.769
16 14 56.591
16 17 65.675
16 20 11.729
16 21 64.997
16 23 60.676
16 25 29.407
16 26 61.445
16 28 77.924
16 30 58.592
16 31 25.081
16 33 39.902
16 37 72.791
16 38 18.495
16 39 19.561
16 40 93.954
16 43 27.937
16 44 78.86
16 45 77.667
16 46 57.821
16 47 72.687
16 48 26.302
16 51 2.757
16 54 12.944
16 55 49.888
16 56 24.612
16 63 1.297
16 66 31.383
16 67 89.902
16 69 23.691
16 70 38.449
16 71 69.387
16 72 22.959
16 76 0.397
16 78 88.026
16 79 20.731
16 81 55.669
16 83 59.581
16 86 22.115
16 88 81.839
16 89 18.245
16 91 58.868
16 93 62.179
16 94 7.019
17 0 4.601
17 2 69.583
17 3 69.841
17 7 98.951
17 8 19.365
17 9 64.926
17 10 28.724
17 13 40.209
17 16 95.41
17 18 12.813
17 19 21.252
17 21 51.957
17 22 56.85
17 23 97.745
17 24 38.86
17 25 77.222
17 28 60.843
17 32 89.38
17 35 95.889
17 40 89.651
17 43 85.231
17 44 17.2
17 45 80.386
17 46 65.932
17 47 88.807
17 48 46.694
17 49 6.47
17 52 30.775
17 57 44.707
17 58 86.225
17 65 39.648
17 66 50.196
17 67 12.57
17 69 7.94
17 74 49.074
17 76 61.678
17 78 12.306
17 80 97.758
17 81 24.725
17 82 47.117
17 85 13.64
17 87 31.92
17 89 16.936
17 90 6.373
17 91 12.432
17 92 84.332
17 95 68.514
17 96 92.562
17 97 82.773
18 2 38.429
18 4 25.84
18 8 1.89
18 9 30.299
18 10 73.578
18 11 20.719
18 13 73.466
18 14 35.59
18 15 68.105
18 16 96.411
18 19 80.931
18 23 50.76
18 24 50.023
18 25 92.142
18 28 80.817
18 29 93.886
18 30 14.379
18 32 31.721
18 35 51.909
18 37 13.124
18 38 41.747
18 39 57.07
18 44 48.621
18 45 16.241
18 47 72.84
18 49 85.177
18 50 84.338
18 52 34.56
18 53 93.794
18 54 33.029
18 55 85.392
18 56 87.914
18 61 68.145
18 62 66.814
18 65 38.116
18 67 1.352
18 68 36.437
18 74 13.797
18 75 56.655
18 79 48.72
18 80 76.133
18 81 47.583
18 84 94.704
18 85 16.13
18 88 31.639
18 91 61.623
18 98 69.777
19 2 44.011
19 3 79.792
19 5 33.458
19 7 68.381
19 8 41.362
19 9 95.271
19 10 26.619
19 11 31.181
19 12 78.506
19 15 39.297
19 18 72.35
19 22 12.92
19 23 19.747
19 24 14.213
19 27 91.055
19 30 47.176
19 33 27.373
19 36 67.894
19 41 66.835
19 42 86.397
19 43 45.105
19 46 42.06
19 47 53.956
19 51 85.17
19 56 96.187
19 57 36.035
19 60 42.863
19 62 0.905
19 66 17.133
19 68 79.085
19 69 38.986
19 70 89.469
19 71 18.432
19 72 46.316
19 74 79.317
19 75 54.724
19 76 60.082
19 77 6.363
19 80 36.186
19 85 13.868
19 86 44.375
19 91 32.406
19 97 87.043
19 98 76.883
20 1 86.327
20 8 46.434
20 10 22.197
20 12 48.212
20 15 4.38
20 18 35.403
20 19 80.62
20 21 35.982
20 23 2.248
20 24 82.804
20 25 24.362
20 26 55.283
20 34 92.954
20 36 45.514
20 41 71.61
20 43 79.296
20 44 42.356
20 45 41.887
20 47 46.473
20 48 9.587
20 49 71.267
20 51 68.13
20 54 54.564
20 55 81.219
20 57 2.185
20 58 36.435
20 59 18.32
20 62 36.061
20 63 60.112
20 67 11.649
20 68 89.532
20 70 83.021
20 71 33.126
20 72 98.508
20 75 4.012
20 77 36.127
20 80 28.867
20 82 86.577
20 83 71.607
20 86 45.009
20 87 89.528
20 88 9.814
20 90 74.798
21 3 26.293
21 4 50.239
21 5 1.689
21 7 82.326
21 8 98.849
21 9 56.104
21 12 37.843
21 14 5.34
21 16 33.023
21 19 40.11
21 20 92.068
21 23 33.394
21 25 59.881
21 26 33.764
21 27 15.86
21 29 2.967
21 31 9.866
21 32 45.108
21 37 69.909
21 40 41.571
21 46 60.452
21 47 28.957
21 48 26.014
21 49 40.709
21 51 57.285
21 53 17.689
21 54 22.662
21 55 75.259
21 56 1.639
21 59 96.446
21 62 83.986
21 67 15.914
21 69 0.977
21 70 92.676
21 72 14.997
21 73 55.889
21 75 49.681
21 76 67.424
21 82 34.051
21 86 34.072
21 87 35.001
21 88 94.506
21 89 77.097
21 90 40.896
21 92 91.55
21 93 5.413
21 94 13.893
21 96 96.753
21 97 10.002
21 98 63.603
22 0 75.996
22 1 75.765
22 2 70.976
22 3 42.728
22 5 36.476
22 8 57.751
22 9 8.458
22 10 22.922
22 11 75.36
22 13 45.953
22 14 74.371
22 17 61.343
22 18 85.014
22 19 84.384
22 20 19.511
22 23 16.617
22 24 47.325
22 25 70.223
22 29 26.367
22 31 75.715
22 32 95.896
22 35 0.905
22 39 21.686
22 41 81.535
22 45 79.312
22 47 7.235
22 51 65.841
22 52 15.679
22 53 92.105
22 54 50.385
22 57 87.975
22 63 24.398
22 70 3.596
22 71 68.858
22 73 92.558
22 74 6.716
22 75 32.184
22 77 44.064
22 78 31.232
22 86 31.012
22 89 73.832
22 91 71.0
22 92 46.675
22 93 6.965
22 94 68.42
22 95 67.591
22 97 67.759
22 99 63.753
23 1 30.278
23 3 32.321
23 4 13.807
23 6 98.0
23 7 83.691
23 9 77.258
23 11 33.474
23 15 61.596
23 16 15.454
23 22 81.219
23 24 77.688
23 25 26.631
23 26 5.84
23 28 13.949
23 34 94.371
23 37 88.376
23 39 60.965
23 42 26.409
23 46 82.516
23 48 49.42
23 49 43.657
23 50 4.809
23 51 41.292
23 53 27.707
23 56 68.361
23 60 56.507
23 63 28.647
23 65 86.521
23 66 31.79
23 67 14.216
23 68 94.687
23 70 21.342
23 72 31.279
23 73 74.535
23 75 12.156
23 77 89.41
23 82 18.771
23 84 39.5
23 87 31.982
23 88 84.691
23 89 97.108
23 91 4.191
23 93 39.11
23 94 60.349
23 95 1.227
23 96 2.593
23 99 63.488
24 0 48.634
24 1 6.311
24 3 80.148
24 6 30.244
24 15 51.126
24 18 87.809
24 21 94.855
24 25 51.826
24 27 73.378
24 28 95.002
24 32 35.408
24 33 23.489
24 34 34.837
24 35 35.68
24 36 31.655
24 38 74.83
24 40 19.773
24 41 20.791
24 42 74.707
24 44 14.885
24 45 33.678
24 49 0.872
24 50 55.241
24 52 57.98
24 54 92.049
24 57 92.473
24 58 73.235
24 59 36.635
24 60 24.649
24 63 38.281
24 66 40.806
24 70 79.948
24 72 32.553
24 74 29.024
24 75 89.482
24 76 62.694
24 78 42.008
24 79 66.601
24 80 12.672
24 83 13.479
24 85 45.612
24 86 79.065
24 88 43.862
24 89 15.571
24 91 25.196
24 96 4.745
24 97 94.933
25 0 84.296
25 5 32.136
25 7 49.315
25 9 89.594
25 10 40.405
25 11 10.115
25 13 24.004
25 17 15.013
25 18 90.019
25 19 53.669
25 20 87.06
25 24 4.836
25 26 6.051
25 27 33.766
25 31 80.274
25 32 61.383
25 33 12.949
25 39 84.987
25 42 72.381
25 43 97.976
25 45 17.299
25 47 28.364
25 48 92.816
25 52 82.459
25 53 47.92
25 54 8.533
25 55 97.884
25 56 95.246
25 57 76.665
25 59 80.456
25 60 15.251
25 61 2.677
25 63 37.277
25 64 43.843
25 66 55.163
25 71 20.358
25 73 17.321
25 77 32.274
25 80 8.874
25 82 7.83
25 86 42.158
25 88 10.732
25 91 91.209
25 95 26.004
25 97 88.599
25 98 91.672
25 99 12.095
26 0 15.401
26 3 27.028
26 6 38.251
26 8 85.441
26 9 46.951
26 10 28.052
26 11 86.902
26 13 3.694
26 15 4.478
26 18 12.411
26 20 65.369
26 21 7.846
26 23 64.716
26 25 13.602
26 27 93.335
26 28 88.282
26 29 48.614
26 30 65.911
26 31 11.796
26 32 35.377
26 34 57.46
26 35 92.837
26 36 1.225
26 38 76.372
26 41 27.134
26 42 3.159
26 43 49.669
26 44 7.304
26 45 66.874
26 48 32.729
26 49 2.429
26 50 53.645
26 51 93.733
26 52 20.939
26 54 48.778
26 59 17.826
26 61 38.477
26 62 4.613
26 63 59.451
26 69 86.254
26 72 22.306
26 73 88.595
26 74 40.277
26 76 10.87
26 79 37.435
26 81 48.149
26 82 50.984
26 83 42.791
26 84 74.531
26 86 93.936
26 88 57.972
26 89 45.406
26 90 61.058
26 92 64.392
26 93 63.864
26 97 48.677
26 99 0.197
27 0 45.714
27 1 81.466
27 2 50.947
27 4 48.581
27 5 96.43
27 7 86.717
27 8 40.378
27 9 16.894
27 10 15.242
27 11 2.93
27 13 70.758
27 14 76.641
27 15 66.929
27 16 60.95
27 19 29.655
27 20 93.964
27 21 70.805
27 24 2.348
27 25 58.951
27 26 3.175
27 28 36.195
27 29 27.379
27 31 27.506
27 32 95.078
27 35 46.461
27 36 27.836
27 40 31.159
27 44 34.244
27 45 93.355
27 46 95.956
27 47 34.937
27 48 34.71
27 49 45.212
27 51 74.758
27 53 79.177
27 54 90.275
27 55 20.382
27 57 83.279
27 58 93.854
27 59 36.399
27 62 27.939
27 63 17.936
27 64 56.104
27 65 35.945
27 66 17.494
27 68 86.092
27 69 35.911
27 71 47.369
27 72 98.589
27 75 35.395
27 76 53.881
27 78 79.401
27 79 37.515
27 80 44.838
27 81 34.326
27 84 96.584
27 88 71.716
27 89 14.848
27 93 82.802
27 95 88.124
27 97 55.048
27 98 39.563
27 99 29.463
28 1 73.206
28 2 56.863
28 3 96.203
28 4 85.329
28 5 62.043
28 6 47.485
28 8 88.767
28 9 55.034
28 15 9.578
28 16 13.898
28 17 14.078
28 18 27.694
28 20 12.088
28 21 23.557
28 29 76.661
28 31 62.853
28 32 88.708
28 33 24.881
28 34 41.257
28 37 57.078
28 39 48.692
28 40 77.518
28 41 58.007
28 42 21.403
28 48 11.438
28 49 3.322
28 50 88.455
28 54 17.711
28 55 51.769
28 58 80.924
28 59 69.04
28 65 79.457
28 66 15.584
28 69 41.575
28 70 94.417
28 71 35.485
28 73 32.758
28 75 41.685
28 77 38.011
28 79 76.58
28 81 60.067
28 83 49.811
28 86 63.603
28 87 40.945
28 88 79.653
28 89 78.05
28 90 69.212
28 92 72.613
28 93 77.378
28 95 56.824
28 96 90.189
28 97 24.77
28 99 20.227
29 0 29.895
29 1 24.378
29 8 55.631
29 9 47.404
29 11 78.756
29 12 19.837
29 14 16.72
29 19 60.291
29 20 36.709
29 21 35.326
29 23 74.948
29 25 3.164
29 26 86.497
29 28 94.062
29 30 32.631
29 31 3.985
29 35 79.305
29 36 3.203
29 37 25.81
29 39 26.615
29 40 48.494
29 41 97.907
29 42 5.497
29 43 75.661
29 44 4.884
29 46 45.576
29 47 46.995
29 50 92.309
29 51 72.265
29 57 27.136
29 58 85.945
29 60 48.045
29 61 43.663
29 62 25.16
29 70 56.358
29 71 14.396
29 75 9.94
29 77 1.371
29 84 34.091
29 91 26.633
29 93 53.59
29 95 26.945
29 96 52.199
29 97 77.068
30 1 66.727
30 3 34.807
30 4 26.972
30 7 30.344
30 8 64.31
30 9 65.172
30 10 98.564
30 11 19.994
30 12 11.263
30 13 52.604
30 14 79.879
30 15 87.848
30 16 94.097
30 21 98.819
30 27 71.147
30 28 29.763
30 31 45.23
30 34 88.691
30 35 92.477
30 40 34.668
30 46 42.203
30 49 22.399
30 50 4.519
30 54 86.307
30 55 96.569
30 59 68.215
30 61 65.454
30 63 5.126
30 64 96.733
30 65 47.201
30 67 8.257
30 68 21.196
30 73 70.122
30 74 19.689
30 75 85.12
30 76 1.334
30 78 17.305
30 80 42.836
30 81 89.39
30 82 91.358
30 85 48.631
30 86 9.793
30 88 26.232
30 89 92.73
30 92 11.546
30 93 19.137
30 94 50.302
30 95 72.704
30 96 69.547
30 98 84.283
31 2 38.943
31 3 42.047
31 4 37.222
31 6 71.342
31 7 12.365
31 8 44.19
31 10 0.588
31 11 95.629
31 12 11.997
31 15 36.191
31 16 64.731
31 19 76.45
31 22 52.511
31 23 89.783
31 26 52.064
31 27 21.336
31 28 59.428
31 32 96.549
31 33 77.801
31 35 62.799
31 38 48.511
31 39 34.011
31 44 78.201
31 48 58.262
31 49 80.35
31 50 31.964
31 51 81.704
31 52 73.401
31 53 98.907
31 54 91.378
31 55 62.479
31 56 4.771
31 60 81.899
31 61 29.364
31 63 81.424
31 66 4.216
31 71 85.05
31 73 19.787
31 77 48.909
31 80 51.968
31 81 67.027
31 85 15.553
31 86 43.738
31 87 75.663
31 88 17.415
31 89 81.802
31 91 94.183
31 98 31.857
32 1 64.281
32 2 29.986
32 3 52.831
32 5 2.378
32 7 67.399
32 10 87.664
32 11 6.576
32 13 52.486
32 19 97.613
32 21 95.076
32 22 86.784
32 24 53.667
32 25 14.151
32 29 62.059
32 30 46.57
32 31 42.069
32 39 59.454
32 41 80.669
32 42 45.884
32 45 20.581
32 49 6.294
32 51 14.855
32 52 61.461
32 54 79.308
32 56 56.971
32 57 60.009
32 58 49.861
32 59 66.863
32 60 32.788
32 66 62.382
32 70 31.527
32 72 57.013
32 73 46.129
32 75 93.028
32 77 82.655
32 78 42.014
32 81 31.644
32 82 33.753
32 83 71.882
32 84 15.905
32 89 28.757
32 90 15.077
32 91 42.543
32 94 57.073
32 95 55.097
32 97 63.006
32 98 54.448
33 2 18.545
33 3 45.088
33 4 19.956
33 9 30.353
33 11 66.488
33 13 15.97
33 14 87.531
33 16 55.383
33 17 5.543
33 20 34.538
33 24 11.694
33 26 45.083
33 30 97.705
33 32 16.791
33 34 66.253
33 36 69.768
33 40 97.629
33 41 6.93
33 42 28.022
33 43 94.909
33 44 74.031
33 45 22.725
33 47 78.578
33 48 81.659
33 49 93.315
33 51 73.17
33 54 57.636
33 56 43.18
33 57 70.582
33 59 33.457
33 61 7.1
33 65 70.045
33 67 23.2
33 70 65.283
33 72 82.264
33 73 12.055
33 74 60.839
33 75 11.63
33 76 77.822
33 82 44.029
33 83 59.371
33 86 84.507
33 87 85.6
33 89 16.915
33 90 13.403
33 93 6.566
33 96 22.182
33 98 98.736
33 99 64.794
34 4 73.9
34 6 9.159
34 7 50.791
34 9 45.445
34 10 45.53
34 11 21.467
34 12 10.559
34 13 54.74
34 14 66.049
34 17 57.682
34 18 4.272
34 19 54.968
34 20 15.241
34 26 69.265
34 31 60.457
34 32 20.297
34 36 12.409
34 38 58.0
34 40 6.255
34 43 51.237
34 46 23.383
34 48 11.959
34 49 55.91
34 50 31.52
34 52 29.71
34 53 70.909
34 54 79.392
34 57 95.78
34 58 44.909
34 60 77.396
34 64 7.622
34 66 67.185
34 69 64.393
34 70 45.818
34 71 81.853
34 75 60.53
34 76 98.742
34 77 88.803
34 78 43.847
34 79 14.146
34 84 22.484
34 85 1.541
34 88 4.622
34 89 49.93
34 92 54.411
34 94 0.189
34 96 4.771
34 97 32.437
34 98 17.311
35 0 48.813
35 1 56.655
35 4 23.629
35 5 46.938
35 7 38.264
35 8 73.558
35 11 59.039
35 13 65.076
35 14 9.225
35 15 81.567
35 16 45.327
35 17 47.786
35 19 15.03
35 22 6.679
35 23 15.373
35 24 84.206
35 26 31.843
35 27 87.782
35 28 0.765
35 29 63.409
35 32 81.568
35 33 95.498
35 34 39.936
35 38 37.514
35 39 29.863
35 45 34.655
35 46 36.967
35 47 56.234
35 48 10.241
35 49 28.967
35 50 74.931
35 52 43.794
35 54 15.024
35 55 64.347
35 56 73.394
35 58 45.053
35 59 16.54
35 61 88.43
35 63 9.996
35 66 39.122
35 67 78.393
35 68 20.146
35 74 2.182
35 75 5.347
35 76 47.727
35 77 39.296
35 79 22.061
35 80 4.841
35 81 42.628
35 82 98.62
35 84 47.924
35 87 85.411
35 89 89.647
35 91 59.059
35 92 72.902
35 94 2.309
35 95 9.701
35 97 14.119
35 98 16.003
35 99 34.165
36 0 50.53
36 1 94.585
36 3 17.94
36 4 17.05
36 6 24.203
36 8 67.745
36 11 0.682
36 13 69.707
36 14 6.705
36 16 15.477
36 18 32.556
36 19 86.993
36 21 64.954
36 22 1.167
36 24 53.418
36 26 91.629
36 27 0.029
36 31 95.298
36 33 53.823
36 38 33.148
36 41 17.345
36 43 65.545
36 48 8.624
36 49 84.591
36 57 29.074
36 58 36.187
36 62 38.049
36 65 69.863
36 67 41.455
36 70 44.812
36 71 21.566
36 73 75.863
36 75 85.091
36 76 81.834
36 77 13.357
36 80 48.505
36 81 57.306
36 82 63.896
36 86 39.181
36 88 74.862
36 93 12.43
36 94 48.726
36 96 50.96
36 98 86.936
37 0 60.276
37 1 33.992
37 2 7.808
37 6 4.677
37 9 50.408
37 10 91.594
37 12 27.66
37 13 11.924
37 14 51.729
37 15 80.509
37 17 48.946
37 20 30.668
37 25 62.539
37 28 67.238
37 31 66.953
37 33 45.19
37 34 28.675
37 36 47.912
37 38 8.054
37 41 63.131
37 43 30.417
37 48 29.335
37 50 29.683
37 51 87.005
37 52 12.744
37 53 83.915
37 54 27.037
37 55 1.388
37 56 8.638
37 57 16.515
37 59 72.337
37 63 42.015
37 69 38.318
37 71 3.676
37 74 78.543
37 76 94.92
37 77 24.856
37 78 26.567
37 80 3.26
37 83 25.136
37 84 79.902
37 86 32.775
37 87 86.137
37 88 89.332
37 95 12.74
37 96 22.866
37 98 97.284
37 99 84.041
38 0 40.78
38 3 27.75
38 4 86.693
38 5 60.427
38 6 8.675
38 7 62.726
38 8 54.628
38 9 65.456
38 12 79.705
38 17 54.626
38 18 80.939
38 19 16.931
38 23 52.965
38 27 79.728
38 31 74.748
38 32 40.708
38 35 2.191
38 36 57.472
38 39 35.546
38 42 50.11
38 43 18.858
38 44 96.113
38 45 92.169
38 49 43.245
38 50 53.362
38 52 49.171
38 53 75.984
38 54 42.083
38 57 69.948
38 58 30.506
38 59 4.727
38 61 78.833
38 62 76.424
38 67 90.043
38 68 64.322
38 72 92.089
38 74 36.785
38 75 49.566
38 76 35.506
38 81 27.7
38 82 60.891
38 84 78.581
38 87 37.632
38 88 37.879
38 89 55.561
38 90 54.066
38 91 50.193
38 96 59.056
39 2 77.846
39 4 23.272
39 7 4.169
39 10 79.784
39 12 0.087
39 14 74.367
39 15 88.833
39 17 77.837
39 18 48.135
39 19 34.429
39 20 20.719
39 21 9.502
39 23 23.46
39 25 36.952
39 28 0.187
39 31 15.481
39 33 58.105
39 34 41.555
39 38 43.328
39 41 96.227
39 42 13.329
39 43 66.382
39 44 46.301
39 45 91.692
39 49 65.731
39 51 78.819
39 53 37.028
39 54 17.236
39 58 13.116
39 59 4.213
39 60 57.053
39 61 24.81
39 62 76.498
39 63 6.198
39 64 71.97
39 66 83.721
39 67 82.789
39 68 49.878
39 69 63.757
39 71 12.897
39 73 76.756
39 74 0.252
39 75 8.875
39 76 7.504
39 77 39.878
39 79 19.139
39 80 47.48
39 83 69.759
39 84 10.61
39 85 82.348
39 91 0.135
39 97 6.521
39 98 28.331
40 1 64.548
40 2 15.787
40 3 23.345
40 5 37.353
40 9 77.406
40 10 77.519
40 16 86.55
40 17 17.442
40 19 4.36
40 20 94.844
40 22 46.233
40 26 4.912
40 27 70.086
40 29 30.298
40 31 18.33
40 32 79.395
40 34 45.777
40 35 54.256
40 38 91.728
40 39 23.446
40 42 88.562
40 43 34.56
40 44 17.844
40 45 92.337
40 47 79.013
40 48 8.975
40 50 45.896
40 53 6.21
40 54 34.592
40 55 35.143
40 56 40.586
40 59 85.372
40 61 65.197
40 63 91.802
40 67 19.439
40 68 33.366
40 70 72.67
40 72 44.0
40 75 51.551
40 76 2.955
40 77 1.967
40 78 4.695
40 81 57.535
40 84 73.672
40 86 25.954
40 87 67.242
40 89 10.359
40 94 42.59
40 96 97.657
40 99 86.594
41 0 52.891
41 3 79.561
41 5 29.11
41 7 14.088
41 10 95.433
41 12 52.713
41 14 39.966
41 20 81.567
41 21 92.345
41 23 7.953
41 26 72.263
41 28 13.545
41 29 58.612
41 34 81.665
41 35 45.311
41 37 84.618
41 38 37.563
41 39 67.21
41 40 0.947
41 42 52.15
41 53 85.676
41 54 59.984
41 55 80.364
41 56 66.29
41 57 54.2
41 61 29.44
41 62 95.736
41 64 94.396
41 66 49.236
41 68 37.967
41 69 84.268
41 70 42.923
41 71 30.214
41 74 95.182
41 75 27.078
41 76 64.587
41 77 67.945
41 78 57.905
41 80 59.408
41 87 97.003
41 89 80.382
41 90 46.027
41 93 79.422
41 94 8.531
41 97 5.428
41 98 79.775
42 3 21.471
42 4 17.964
42 5 1.497
42 6 5.243
42 8 32.31
42 9 66.223
42 13 32.91
42 19 39.685
42 20 84.321
42 21 71.938
42 26 14.623
42 29 37.716
42 30 75.979
42 33 61.5
42 34 18.012
42 38 92.091
42 39 19.472
42 40 84.438
42 41 36.423
42 45 88.246
42 46 55.88
42 47 41.497
42 50 27.509
42 51 49.445
42 53 4.233
42 54 53.881
42 55 49.975
42 57 52.637
42 60 41.466
42 61 57.958
42 63 64.978
42 68 17.623
42 69 76.545
42 70 44.289
42 72 86.371
42 74 7.184
42 76 16.2
42 77 26.777
42 80 52.743
42 81 89.359
42 83 60.294
42 86 35.571
42 87 59.098
42 88 77.499
42 89 33.174
42 90 51.357
42 91 98.76
42 92 65.254
42 93 4.467
42 94 75.447
42 96 84.721
42 97 9.934
42 99 5.979
43 0 93.479
43 1 42.251
43 2 63.164
43 3 76.538
43 4 45.206
43 5 52.288
43 7 85.952
43 11 58.856
43 12 91.708
43 13 64.622
43 15 58.561
43 16 93.465
43 17 4.181
43 18 69.366
43 21 64.679
43 24 93.535
43 27 98.217
43 28 87.49
43 29 94.312
43 31 5.874
43 32 47.955
43 33 91.897
43 36 65.166
43 40 31.464
43 41 30.462
43 44 9.934
43 45 24.062
43 47 27.323
43 51 9.872
43 52 26.195
43 54 96.379
43 55 24.214
43 57 45.681
43 59 2.753
43 60 8.461
43 63 36.215
43 64 20.464
43 66 26.111
43 67 79.344
43 68 84.201
43 76 78.669
43 78 45.711
43 82 68.926
43 84 0.83
43 85 96.867
43 86 22.337
43 87 2.572
43 89 24.019
43 91 14.212
43 93 73.42
43 96 50.801
43 97 55.22
43 98 34.468
44 0 16.533
44 1 18.651
44 2 88.434
44 3 8.223
44 6 62.103
44 7 8.847
44 9 66.667
44 10 31.823
44 12 28.064
44 13 65.237
44 14 87.955
44 19 29.557
44 26 13.237
44 28 98.555
44 29 41.795
44 30 63.909
44 32 82.46
44 33 38.766
44 34 87.279
44 42 84.837
44 47 19.952
44 49 86.229
44 52 64.017
44 55 7.614
44 56 65.525
44 57 71.265
44 60 63.295
44 61 36.894
44 62 36.561
44 63 2.354
44 67 81.113
44 68 83.079
44 70 54.997
44 73 59.597
44 74 11.507
44 75 52.688
44 78 95.0
44 79 85.261
44 80 51.432
44 81 8.059
44 88 14.435
44 89 18.629
44 90 67.837
44 92 2.383
44 93 65.517
44 94 96.121
44 95 62.886
44 96 70.874
44 98 86.383
44 99 39.485
45 0 33.468
45 2 61.044
45 3 70.068
45 5 79.826
45 7 30.587
45 10 65.436
45 11 67.765
45 13 43.901
45 14 31.577
45 16 47.501
45 17 39.233
45 19 7.677
45 24 89.43
45 27 29.953
45 32 90.068
45 34 50.495
45 36 95.011
45 37 4.738
45 39 89.878
45 41 20.473
45 43 24.315
45 44 30.425
45 48 67.651
45 51 66.845
45 53 61.519
45 57 54.337
45 58 87.942
45 61 61.61
45 62 9.845
45 63 64.549
45 65 60.877
45 66 49.84
45 67 22.292
45 68 7.88
45 69 71.664
45 71 18.022
45 72 34.0
45 73 13.973
45 76 47.912
45 77 30.504
45 80 8.145
45 81 58.634
45 82 24.678
45 84 70.003
45 85 0.823
45 87 64.885
45 88 27.533
45 89 60.07
45 90 47.523
45 91 89.827
45 92 94.015
45 93 91.427
45 97 55.652
45 98 88.121
46 0 89.53
46 1 29.905
46 2 69.584
46 3 36.469
46 10 71.094
46 11 7.827
46 13 37.372
46 14 88.013
46 15 16.57
46 20 59.528
46 21 8.335
46 23 17.11
46 24 71.832
46 25 32.934
46 27 50.55
46 29 50.558
46 32 71.746
46 36 65.255
46 37 62.077
46 38 59.845
46 41 42.993
46 43 19.133
46 44 71.118
46 47 72.506
46 53 8.467
46 58 38.994
46 61 95.911
46 64 60.068
46 66 70.96
46 70 84.132
46 77 85.312
46 78 25.257
46 79 63.251
46 80 1.293
46 81 77.054
46 82 60.432
46 84 74.918
46 86 20.116
46 88 36.212
46 90 39.839
46 91 74.59
46 96 13.234
46 97 38.954
46 98 93.798
47 3 60.966
47 4 12.009
47 5 25.968
47 9 82.855
47 10 93.442
47 11 18.391
47 12 16.395
47 13 17.537
47 15 74.401
47 16 40.463
47 17 63.838
47 18 28.226
47 20 42.622
47 21 5.121
47 22 27.092
47 24 47.488
47 25 37.957
47 27 98.779
47 29 32.405
47 30 13.41
47 33 50.8
47 34 95.034
47 36 41.962
47 37 27.167
47 40 30.482
47 42 84.106
47 48 59.122
47 52 42.434
47 53 19.895
47 54 19.238
47 57 45.612
47 58 67.154
47 59 0.388
47 62 45.457
47 64 95.398
47 66 54.061
47 67 41.208
47 72 40.047
47 74 94.325
47 75 86.399
47 77 63.417
47 78 9.587
47 81 40.747
47 84 39.334
47 85 59.124
47 88 67.155
47 91 52.679
47 97 84.864
47 98 28.689
48 0 26.75
48 2 74.895
48 3 26.167
48 5 42.417
48 6 94.514
48 7 98.211
48 8 71.078
48 9 55.255
48 15 14.343
48 16 46.517
48 17 73.467
48 18 33.241
48 24 35.885
48 25 60.148
48 26 24.986
48 27 31.438
48 29 78.523
48 34 36.927
48 37 2.968
48 38 12.478
48 43 54.33
48 44 46.919
48 45 14.613
48 46 60.752
48 49 2.837
48 51 89.622
48 52 93.615
48 53 97.113
48 54 27.566
48 55 18.464
48 56 8.532
48 61 26.224
48 66 81.357
48 68 32.819
48 70 89.31
48 75 14.123
48 76 40.2
48 77 62.027
48 78 58.995
48 79 31.095
48 80 76.551
48 81 45.572
48 82 73.854
48 85 15.851
48 91 25.901
48 92 0.529
48 93 85.865
48 95 60.742
48 96 20.621
49 0 4.752
49 2 26.838
49 5 90.335
49 6 91.231
49 9 23.968
49 13 68.464
49 17 97.766
49 19 51.558
49 20 87.407
49 21 77.023
49 22 45.497
49 24 70.729
49 25 67.734
49 27 67.638
49 28 47.886
49 29 62.286
49 34 22.214
49 35 87.103
49 36 80.944
49 38 48.974
49 42 87.877
49 47 14.118
49 50 93.97
49 51 44.186
49 55 95.431
49 57 81.693
49 59 5.415
49 60 48.953
49 64 59.701
49 65 96.561
49 66 57.873
49 68 73.433
49 69 34.148
49 72 35.964
49 77 57.229
49 78 85.19
49 79 71.589
49 84 85.108
49 85 57.848
49 86 31.078
49 88 5.637
49 89 66.769
49 91 26.433
49 93 19.263
49 95 30.493
50 1 28.196
50 3 80.893
50 5 87.309
50 9 5.114
50 11 94.222
50 19 81.337
50 20 74.77
50 22 15.95
50 24 1.716
50 26 24.844
50 27 17.559
50 28 50.588
50 29 92.468
50 30 40.239
50 33 14.2
50 34 26.659
50 35 72.018
50 36 63.116
50 37 32.595
50 39 19.222
50 44 48.951
50 46 38.216
50 49 2.508
50 51 42.943
50 52 29.24
50 53 33.931
50 55 82.98
50 62 48.501
50 63 75.987
50 64 48.214
50 65 51.181
50 66 2.122
50 70 25.183
50 71 27.054
50 72 40.709
50 73 31.936
50 74 30.646
50 76 86.948
50 78 64.348
50 81 97.294
50 82 38.9
50 83 97.654
50 87 44.3
50 89 16.192
50 90 63.166
50 92 34.755
50 93 74.019
50 98 19.71
50 99 75.525
51 2 42.379
51 3 41.11
51 4 49.075
51 5 43.717
51 7 25.626
51 8 47.733
51 9 95.455
51 11 75.253
51 16 5.204
51 18 49.4
51 20 41.915
51 24 88.903
51 25 44.471
51 29 40.503
51 30 23.499
51 32 50.933
51 35 5.551
51 36 87.06
51 37 33.402
51 38 76.18
51 41 92.747
51 42 19.244
51 43 12.966
51 47 39.269
51 49 25.51
51 52 27.187
51 53 85.643
51 56 53.714
51 61 71.844
51 66 23.34
51 67 43.985
51 70 17.655
51 73 72.021
51 74 88.419
51 75 13.541
51 77 29.408
51 79 97.59
51 80 56.408
51 81 5.523
51 83 10.531
51 85 11.277
51 86 27.239
51 87 25.013
51 88 40.179
51 89 73.118
51 91 88.786
51 92 10.44
51 93 75.046
51 94 87.718
51 95 86.77
51 96 74.107
51 99 14.19
52 0 25.36
52 1 27.858
52 3 13.172
52 4 28.968
52 5 45.911
52 6 61.436
52 8 96.144
52 9 28.6
52 10 10.766
52 11 47.194
52 13 46.417
52 14 69.7
52 16 42.95
52 18 50.318
52 19 51.659
52 20 66.145
52 21 66.989
52 22 47.574
52 24 83.375
52 25 79.79
52 28 41.571
52 29 27.306
52 31 3.605
52 32 0.21
52 33 85.333
52 34 93.247
52 35 43.274
52 37 44.994
52 38 38.286
52 39 92.932
52 41 19.6
52 42 1.931
52 43 47.42
52 45 23.825
52 46 45.933
52 47 19.818
52 49 59.949
52 51 69.111
52 53 39.454
52 54 50.308
52 55 41.629
52 57 38.417
52 60 74.011
52 62 34.66
52 63 47.069
52 68 58.8
52 69 70.211
52 70 68.944
52 71 53.989
52 73 70.495
52 74 3.025
52 76 27.036
52 78 72.859
52 79 50.422
52 81 26.39
52 86 9.47
52 92 90.447
52 98 36.382
52 99 13.459
53 4 16.704
53 8 87.242
53 9 75.082
53 12 67.741
53 13 45.315
53 15 21.483
53 16 78.247
53 23 15.23
53 24 33.043
53 25 60.216
53 27 53.999
53 28 61.104
53 31 84.048
53 32 2.077
53 33 27.577
53 35 94.643
53 36 78.052
53 37 46.984
53 40 97.194
53 41 49.734
53 43 9.795
53 45 53.055
53 46 2.564
53 47 33.538
53 48 47.729
53 50 89.475
53 51 5.007
53 52 34.995
53 58 90.958
53 62 0.913
53 63 7.966
53 65 67.257
53 66 6.957
53 67 47.208
53 68 27.876
53 69 32.643
53 71 0.79
53 72 39.756
53 73 2.691
53 74 76.597
53 75 33.272
53 76 12.024
53 78 10.084
53 79 20.882
53 80 91.536
53 81 42.243
53 82 27.637
53 84 23.74
53 85 73.793
53 86 25.243
53 87 57.162
53 90 12.124
53 91 84.069
53 92 31.778
53 94 3.628
53 97 2.67
53 98 92.741
54 0 90.567
54 3 1.942
54 6 83.028
54 7 32.496
54 8 29.344
54 9 68.48
54 15 77.468
54 20 2.902
54 23 84.334
54 24 1.971
54 26 75.594
54 27 50.889
54 29 22.94
54 30 95.679
54 32 21.717
54 34 84.777
54 36 31.147
54 38 62.737
54 42 78.655
54 43 23.136
54 44 16.357
54 47 98.835
54 48 95.52
54 49 49.916
54 52 31.935
54 55 27.263
54 57 71.421
54 58 76.513
54 59 1.166
54 60 68.297
54 61 93.315
54 63 43.214
54 68 55.187
54 72 80.896
54 73 10.212
54 75 96.805
54 76 14.935
54 77 53.568
54 82 3.844
54 85 25.601
54 89 59.004
54 90 15.333
54 92 44.654
54 96 39.716
54 97 58.175
55 1 13.792
55 2 49.968
55 3 43.773
55 4 47.495
55 5 60.312
55 7 1.022
55 10 5.47
55 11 2.661
55 15 37.774
55 19 41.907
55 20 62.931
55 21 77.928
55 22 70.002
55 24 46.848
55 25 31.733
55 28 22.862
55 29 53.219
55 30 53.748
55 31 30.609
55 33 44.616
55 34 15.386
55 35 29.804
55 41 15.76
55 42 63.262
55 45 25.896
55 46 39.459
55 47 46.401
55 48 13.157
55 51 50.757
55 53 29.259
55 56 14.338
55 58 12.77
55 59 80.355
55 61 32.344
55 66 6.73
55 68 39.287
55 70 55.661
55 71 94.635
55 72 49.228
55 73 3.5
55 74 13.983
55 77 6.937
55 78 42.345
55 80 32.207
55 81 93.615
55 85 31.742
55 86 58.555
55 87 56.248
55 88 47.206
55 89 43.924
55 90 81.963
55 95 95.747
55 96 44.436
55 97 40.0
55 98 66.263
55 99 73.423
56 2 38.29
56 3 79.357
56 4 31.633
56 5 8.718
56 8 29.493
56 9 14.366
56 12 49.411
56 16 51.835
56 17 76.645
56 19 0.118
56 20 88.091
56 21 2.491
56 24 59.211
56 25 32.042
56 27 56.351
56 28 47.309
56 29 29.99
56 30 31.991
56 32 63.031
56 33 46.924
56 41 83.589
56 42 58.323
56 43 17.915
56 45 36.249
56 48 30.549
56 49 29.951
56 51 68.372
56 53 23.387
56 58 4.466
56 60 82.718
56 61 14.342
56 63 74.828
56 64 36.058
56 66 96.316
56 67 88.364
56 68 33.092
56 69 70.68
56 73 79.744
56 74 80.103
56 78 10.227
56 79 46.563
56 82 12.223
56 84 19.001
56 85 45.579
56 86 75.403
56 88 64.757
56 93 57.865
56 94 8.49
56 96 88.025
56 98 30.103
56 99 59.17
57 2 76.678
57 3 36.498
57 7 4.965
57 8 42.526
57 11 89.83
57 14 98.861
57 17 94.251
57 19 14.596
57 20 53.964
57 22 86.977
57 24 54.578
57 27 17.729
57 28 38.185
57 29 69.753
57 31 77.371
57 32 48.012
57 40 4.364
57 42 96.715
57 43 19.899
57 49 62.83
57 52 83.888
57 54 52.126
57 55 2.919
57 56 29.044
57 58 43.336
57 60 81.287
57 66 91.894
57 68 2.277
57 70 93.21
57 71 60.482
57 72 85.574
57 73 13.271
57 76 74.782
57 77 69.874
57 79 46.992
57 83 37.999
57 85 33.043
57 90 74.932
57 93 92.358
57 97 7.748
57 98 45.763
58 0 55.122
58 1 91.329
58 3 23.722
58 4 17.543
58 7 57.368
58 9 77.715
58 11 49.008
58 13 90.307
58 14 45.67
58 16 75.958
58 17 74.43
58 18 54.246
58 19 98.231
58 20 79.469
58 21 4.419
58 22 59.867
58 23 40.889
58 24 14.343
58 28 55.844
58 31 67.86
58 33 68.677
58 34 32.77
58 36 28.674
58 40 48.677
58 42 92.749
58 50 20.35
58 52 7.383
58 53 75.802
58 54 38.109
58 57 89.088
58 59 66.411
58 60 23.345
58 63 72.923
58 64 48.407
58 65 64.18
58 66 82.412
58 68 1.982
58 70 8.934
58 71 30.6
58 72 25.904
58 76 92.46
58 77 78.852
58 78 7.805
58 81 31.089
58 82 77.6
58 88 39.185
58 89 27.753
58 90 82.594
58 92 97.681
58 93 22.854
58 94 77.567
58 96 65.966
58 97 29.344
58 99 33.559
59 2 49.503
59 3 62.738
59 4 60.65
59 5 31.644
59 7 47.919
59 9 79.061
59 11 11.676
59 12 91.158
59 15 20.649
59 17 28.905
59 18 75.193
59 19 23.279
59 23 7.639
59 24 48.83
59 26 75.951
59 27 91.326
59 31 4.095
59 32 75.766
59 34 95.358
59 38 16.166
59 41 76.699
59 42 72.633
59 43 58.595
59 45 32.539
59 46 10.678
59 50 73.539
59 52 95.938
59 53 41.796
59 55 8.733
59 58 70.403
59 60 60.522
59 62 60.714
59 63 28.344
59 66 15.08
59 67 7.836
59 70 60.733
59 72 69.854
59 73 43.435
59 74 81.127
59 77 51.819
59 79 89.263
59 81 29.658
59 83 16.219
59 85 65.159
59 86 35.656
59 95 42.912
59 96 55.021
59 97 63.468
59 98 98.15
60 4 17.795
60 5 21.88
60 6 28.658
60 7 63.674
60 13 61.618
60 14 18.149
60 16 37.766
60 18 69.1
60 19 24.268
60 22 34.939
60 23 4.422
60 24 27.447
60 26 15.116
60 28 31.455
60 29 95.227
60 32 1.577
60 36 24.261
60 37 93.997
60 39 15.169
60 40 49.955
60 46 57.65
60 47 47.451
60 49 32.9
60 53 71.7
60 54 31.181
60 55 54.291
60 58 25.161
60 59 65.205
60 63 66.248
60 66 86.966
60 67 92.214
60 69 7.341
60 70 9.642
60 71 20.117
60 77 17.398
60 78 25.492
60 82 39.874
60 83 88.009
60 85 53.178
60 89 39.397
60 92 10.471
60 96 27.567
60 99 65.099
61 0 97.218
61 2 55.212
61 3 78.15
61 8 35.704
61 9 80.266
61 11 13.466
61 12 50.287
61 13 59.159
61 14 92.194
61 16 87.366
61 17 0.337
61 18 31.946
61 24 17.453
61 25 96.451
61 27 21.748
61 30 23.231
61 31 32.489
61 34 20.634
61 35 89.568
61 36 88.467
61 38 16.6
61 39 11.164
61 40 32.776
61 50 59.172
61 51 2.298
61 54 45.734
61 56 33.165
61 58 76.178
61 60 61.111
61 65 90.046
61 66 66.305
61 67 28.004
61 69 96.902
61 73 61.81
61 74 71.329
61 77 81.211
61 78 31.977
61 79 9.725
61 82 0.308
61 83 61.091
61 84 0.6
61 85 40.083
61 86 4.638
61 87 60.45
61 88 80.432
61 89 31.224
61 91 32.165
61 93 48.444
61 94 6.968
61 97 48.604
61 98 32.585
62 0 93.867
62 1 24.225
62 7 68.759
62 10 30.976
62 13 87.464
62 16 50.662
62 22 18.405
62 25 58.932
62 26 31.57
62 27 29.486
62 28 82.052
62 30 41.373
62 31 44.619
62 33 35.769
62 34 21.15
62 37 23.777
62 38 12.181
62 39 62.588
62 44 60.053
62 46 15.037
62 48 63.102
62 50 71.357
62 51 63.465
62 52 34.441
62 54 14.259
62 57 31.137
62 59 58.13
62 60 92.022
62 61 56.053
62 63 17.869
62 64 70.963
62 65 20.775
62 67 37.404
62 68 63.075
62 70 89.615
62 74 59.852
62 75 42.269
62 78 20.988
62 79 97.163
62 80 61.597
62 81 16.108
62 83 38.617
62 85 4.942
62 87 62.904
62 89 62.502
62 91 73.078
62 92 73.427
62 94 92.002
62 98 82.834
63 1 72.109
63 2 46.86
63 3 28.922
63 5 37.862
63 6 37.85
63 7 85.593
63 8 87.321
63 10 3.025
63 11 86.765
63 12 93.755
63 15 24.094
63 18 67.458
63 22 63.296
63 25 75.928
63 26 9.735
63 27 51.235
63 30 10.627
63 32 13.786
63 34 47.211
63 37 79.706
63 39 28.212
63 41 40.675
63 42 47.125
63 43 88.182
63 45 48.121
63 47 31.006
63 52 57.036
63 53 58.351
63 54 41.316
63 55 16.445
63 58 2.955
63 59 8.945
63 61 58.615
63 64 2.776
63 66 35.462
63 67 92.228
63 68 51.135
63 70 92.281
63 71 53.926
63 72 43.071
63 73 63.222
63 74 52.245
63 75 58.074
63 77 6.685
63 79 6.706
63 80 29.289
63 84 66.461
63 85 58.965
63 86 51.41
63 87 68.593
63 90 49.857
63 94 80.665
64 1 69.102
64 5 86.454
64 7 59.082
64 8 64.406
64 9 14.349
64 11 45.39
64 12 88.568
64 13 94.279
64 14 84.989
64 22 58.733
64 26 89.749
64 27 14.265
64 30 32.56
64 35 79.663
64 36 34.455
64 38 25.658
64 41 63.422
64 42 93.689
64 43 68.932
64 49 28.489
64 50 78.747
64 51 19.633
64 52 9.861
64 54 96.737
64 55 74.324
64 56 82.334
64 57 23.169
64 60 15.682
64 61 98.263
64 67 3.095
64 69 95.774
64 70 93.851
64 71 9.677
64 72 8.849
64 73 61.862
64 74 61.847
64 77 17.104
64 78 17.726
64 79 82.756
64 82 5.475
64 85 23.655
64 88 30.371
64 91 6.133
64 94 81.765
64 95 0.145
65 0 43.038
65 1 58.804
65 2 54.033
65 4 29.086
65 6 25.611
65 7 12.423
65 8 79.662
65 9 91.413
65 10 37.317
65 12 88.784
65 15 65.402
65 17 79.974
65 19 52.283
65 20 46.274
65 23 58.872
65 25 31.195
65 26 37.295
65 28 84.868
65 30 34.161
65 31 68.807
65 32 11.398
65 33 33.301
65 36 41.069
65 37 79.201
65 44 30.098
65 51 20.125
65 52 26.718
65 54 29.113
65 55 58.081
65 56 39.961
65 57 69.531
65 58 50.444
65 61 76.702
65 66 96.931
65 67 37.954
65 68 88.296
65 69 17.203
65 72 47.095
65 76 74.173
65 78 34.549
65 80 79.346
65 81 40.138
65 82 34.815
65 87 75.449
65 88 80.351
65 89 6.283
65 90 48.004
65 92 93.853
65 94 43.847
65 95 61.049
65 98 10.386
66 1 59.029
66 2 96.83
66 5 31.042
66 7 89.722
66 9 26.784
66 12 30.398
66 13 76.878
66 16 56.116
66 19 68.596
66 22 22.74
66 23 31.923
66 30 0.163
66 31 45.114
66 33 85.067
66 37 27.522
66 44 26.085
66 45 2.354
66 47 20.983
66 48 66.939
66 49 76.66
66 51 39.507
66 52 59.552
66 53 28.379
66 54 67.104
66 55 97.968
66 56 1.464
66 57 47.699
66 58 62.039
66 61 45.686
66 62 7.964
66 63 93.252
66 64 46.136
66 69 8.524
66 70 71.687
66 71 55.884
66 72 92.399
66 73 60.556
66 74 44.035
66 75 87.832
66 76 9.971
66 78 91.755
66 80 59.364
66 82 17.221
66 83 3.083
66 85 0.36
66 88 57.802
66 89 0.012
66 92 50.935
66 93 51.835
66 95 95.154
66 97 78.063
66 98 47.395
66 99 51.983
67 4 23.487
67 5 78.095
67 6 76.362
67 7 5.067
67 8 97.972
67 13 54.038
67 17 17.461
67 18 37.841
67 19 3.412
67 20 81.687
67 22 72.133
67 23 29.715
67 24 54.648
67 25 71.321
67 27 53.035
67 28 25.621
67 33 12.594
67 34 93.917
67 35 67.374
67 39 2.765
67 40 54.988
67 41 25.706
67 44 89.153
67 45 56.241
67 47 47.306
67 49 68.355
67 52 52.263
67 53 97.66
67 54 75.818
67 55 49.031
67 57 1.417
67 58 55.899
67 62 7.292
67 64 69.114
67 66 79.002
67 68 10.453
67 71 61.441
67 72 78.221
67 75 26.202
67 77 96.256
67 80 69.478
67 82 32.043
67 83 60.87
67 86 14.322
67 87 91.718
67 91 27.761
67 92 49.052
67 95 48.782
67 97 10.376
67 98 48.084
68 0 53.773
68 1 49.181
68 2 3.794
68 4 86.693
68 5 63.731
68 8 32.355
68 11 96.452
68 12 63.943
68 15 44.745
68 19 15.188
68 20 14.224
68 21 58.312
68 22 46.026
68 26 64.908
68 29 60.89
68 30 82.166
68 31 69.83
68 33 26.802
68 34 53.914
68 35 41.707
68 37 71.923
68 38 21.657
68 40 88.84
68 43 78.13
68 45 31.66
68 46 95.822
68 47 42.111
68 49 76.041
68 51 50.022
68 53 33.109
68 54 87.64
68 55 62.082
68 59 98.06
68 64 92.621
68 65 83.819
68 66 41.516
68 69 14.673
68 70 36.556
68 71 53.168
68 73 52.544
68 74 44.157
68 77 89.172
68 81 25.83
68 83 28.375
68 85 36.837
68 86 90.73
68 89 22.663
68 91 48.316
68 93 13.992
68 96 63.581
68 97 19.968
68 98 36.833
69 0 3.926
69 1 3.771
69 3 47.117
69 10 39.096
69 13 31.818
69 14 83.932
69 15 15.515
69 19 73.003
69 23 29.31
69 25 51.184
69 30 56.453
69 31 57.001
69 35 80.391
69 36 84.462
69 39 17.578
69 40 62.419
69 41 45.398
69 42 27.99
69 43 89.019
69 45 69.172
69 46 77.468
69 48 51.512
69 49 95.118
69 50 75.95
69 51 91.681
69 53 26.139
69 54 15.24
69 55 53.479
69 56 71.721
69 58 7.581
69 59 78.39
69 60 5.082
69 62 41.938
69 64 37.457
69 68 23.749
69 70 91.978
69 72 48.935
69 73 50.404
69 74 42.587
69 76 4.544
69 77 28.585
69 78 49.581
69 79 90.993
69 81 6.969
69 82 38.433
69 83 34.86
69 84 96.961
69 85 22.875
69 87 96.776
69 89 94.836
69 90 61.35
69 93 50.078
69 94 12.847
69 95 66.837
69 96 43.49
69 97 78.614
70 1 80.456
70 5 63.875
70 6 17.257
70 8 81.418
70 9 52.759
70 10 50.418
70 12 72.601
70 13 73.871
70 17 95.363
70 18 39.102
70 19 32.16
70 21 2.116
70 22 61.906
70 24 36.581
70 25 57.413
70 28 1.207
70 29 98.79
70 30 31.445
70 32 70.098
70 33 64.357
70 39 75.182
70 41 67.902
70 47 6.207
70 49 70.303
70 55 25.356
70 59 88.053
70 64 70.363
70 65 40.745
70 67 76.637
70 71 7.509
70 72 46.25
70 79 26.34
70 80 70.449
70 87 17.108
70 88 11.518
70 89 39.28
70 91 39.656
70 92 49.893
70 94 44.285
70 95 39.454
70 96 49.052
70 98 3.774
71 0 70.758
71 2 90.333
71 3 14.04
71 4 61.742
71 7 98.714
71 8 64.945
71 9 7.841
71 14 92.797
71 18 16.531
71 19 93.444
71 20 91.752
71 24 13.507
71 25 75.195
71 29 91.592
71 31 21.588
71 32 9.371
71 33 26.143
71 37 38.625
71 38 43.146
71 42 91.925
71 43 43.075
71 47 23.01
71 48 3.311
71 50 52.083
71 51 25.607
71 52 3.142
71 54 29.726
71 56 91.448
71 58 34.222
71 59 66.69
71 61 9.99
71 64 66.032
71 67 11.726
71 68 49.434
71 76 7.335
71 80 43.08
71 81 69.944
71 85 37.956
71 87 76.515
71 88 78.018
71 93 15.834
71 95 12.094
71 96 11.375
71 99 22.202
72 0 69.915
72 2 78.793
72 7 8.139
72 9 5.755
72 11 46.826
72 16 38.331
72 18 63.548
72 19 61.935
72 20 94.275
72 25 74.416
72 26 92.28
72 27 2.428
72 29 26.809
72 30 22.737
72 31 23.835
72 32 76.214
72 33 32.037
72 34 68.359
72 37 47.855
72 39 69.109
72 40 15.925
72 42 55.214
72 43 67.99
72 48 33.148
72 50 10.513
72 51 6.122
72 52 37.564
72 53 32.293
72 54 2.582
72 56 7.983
72 58 59.668
72 59 17.096
72 61 72.194
72 63 9.754
72 64 70.871
72 65 68.475
72 69 73.389
72 73 36.929
72 74 44.656
72 75 10.576
72 76 1.692
72 77 83.162
72 79 78.348
72 81 84.196
72 86 13.965
72 89 83.127
72 90 60.712
72 92 72.254
72 94 19.026
72 96 68.025
73 1 97.598
73 3 53.747
73 5 37.695
73 7 41.194
73 8 8.268
73 9 39.116
73 13 32.815
73 14 90.176
73 16 44.999
73 17 32.544
73 19 54.171
73 21 75.965
73 24 13.179
73 25 51.453
73 29 48.596
73 32 98.133
73 36 20.257
73 37 77.829
73 38 89.023
73 41 48.797
73 42 71.92
73 43 9.277
73 45 75.286
73 48 50.876
73 49 51.525
73 50 6.681
73 51 31.772
73 54 0.28
73 57 39.834
73 58 91.568
73 59 57.546
73 60 60.35
73 61 46.263
73 62 95.438
73 65 9.613
73 67 79.387
73 68 49.292
73 69 45.92
73 71 60.282
73 72 63.944
73 74 54.496
73 75 62.08
73 76 5.458
73 77 14.365
73 78 48.844
73 80 71.951
73 81 70.425
73 88 37.963
73 89 26.584
73 90 14.154
73 91 87.438
73 92 75.45
73 95 54.285
73 98 15.324
73 99 10.416
74 0 44.767
74 2 26.68
74 4 79.293
74 5 15.3
74 11 13.439
74 13 26.236
74 14 5.638
74 18 82.065
74 19 81.439
74 20 6.855
74 25 86.538
74 27 58.418
74 28 90.502
74 33 4.99
74 34 91.652
74 35 76.938
74 37 98.674
74 38 58.94
74 39 42.513
74 42 66.246
74 43 94.76
74 44 72.819
74 45 65.729
74 48 21.48
74 49 19.444
74 51 93.324
74 54 57.907
74 55 31.698
74 56 52.27
74 57 84.596
74 58 18.784
74 59 19.855
74 61 42.53
74 65 66.048
74 68 61.192
74 70 13.198
74 71 62.757
74 75 44.855
74 79 47.552
74 80 65.54
74 81 42.528
74 82 4.893
74 87 25.366
74 90 85.269
74 92 55.99
74 93 45.17
74 94 4.708
74 95 69.758
74 97 30.437
74 99 2.886
75 2 39.125
75 3 10.479
75 6 84.555
75 10 63.273
75 11 25.943
75 12 62.77
75 13 85.76
75 14 81.951
75 17 2.579
75 20 65.284
75 21 45.987
75 22 16.91
75 23 57.553
75 24 0.942
75 25 24.703
75 26 27.736
75 29 29.855
75 36 4.375
75 38 93.84
75 40 87.648
75 42 45.922
75 43 76.604
75 45 31.11
75 47 91.756
75 49 26.886
75 52 29.526
75 53 96.085
75 54 38.813
75 56 41.23
75 57 11.799
75 60 75.079
75 65 80.374
75 66 88.626
75 67 48.577
75 69 18.936
75 71 78.057
75 78 38.152
75 79 26.809
75 80 7.767
75 82 26.975
75 83 56.029
75 84 19.15
75 87 33.704
75 88 45.391
75 90 93.841
75 97 35.846
75 98 11.108
76 4 60.252
76 5 44.038
76 7 96.89
76 9 12.324
76 10 85.065
76 13 7.291
76 15 4.467
76 21 82.293
76 26 36.184
76 27 38.075
76 29 43.643
76 31 88.591
76 34 68.793
76 39 73.68
76 41 38.504
76 43 15.624
76 44 77.908
76 45 29.036
76 46 17.682
76 47 91.31
76 48 3.066
76 49 87.799
76 50 37.781
76 51 4.014
76 52 62.597
76 55 11.998
76 56 5.832
76 57 27.274
76 58 3.862
76 59 0.582
76 60 75.185
76 61 92.828
76 62 74.164
76 64 64.553
76 66 68.036
76 67 12.897
76 68 20.34
76 69 3.829
76 71 94.113
76 72 87.873
76 74 33.015
76 75 17.056
76 80 19.889
76 81 35.936
76 87 23.377
76 89 4.633
76 92 72.57
76 96 68.213
76 97 48.89
76 99 75.597
77 2 40.517
77 5 45.904
77 14 14.369
77 20 68.476
77 21 68.303
77 23 69.102
77 26 47.039
77 27 55.937
77 28 46.142
77 29 27.653
77 33 60.5
77 35 8.607
77 36 69.511
77 37 92.016
77 39 14.373
77 40 97.059
77 44 12.833
77 48 50.721
77 49 76.196
77 50 70.613
77 52 7.669
77 53 9.948
77 54 25.42
77 56 97.375
77 60 67.593
77 61 68.692
77 63 92.16
77 64 44.349
77 65 83.421
77 66 66.911
77 67 22.687
77 68 86.072
77 71 89.609
77 74 35.426
77 75 94.452
77 76 54.63
77 78 53.897
77 83 9.476
77 84 97.359
77 85 6.139
77 86 96.658
77 87 92.225
77 88 26.926
77 89 83.856
77 90 34.572
77 92 86.468
77 93 42.281
77 98 12.284
77 99 81.872
78 0 32.974
78 2 41.845
78 4 60.057
78 5 58.152
78 6 89.176
78 8 36.229
78 9 65.974
78 10 34.92
78 12 71.627
78 16 27.532
78 17 36.997
78 20 93.122
78 21 34.525
78 22 86.328
78 26 0.875
78 27 60.528
78 31 71.862
78 33 60.501
78 36 36.818
78 37 82.584
78 38 97.125
78 39 81.657
78 40 82.569
78 41 56.087
78 42 92.013
78 43 76.894
78 44 65.467
78 47 4.411
78 48 94.314
78 52 17.708
78 53 14.37
78 55 46.905
78 56 38.803
78 58 86.588
78 59 26.047
78 60 38.618
78 61 33.478
78 63 91.71
78 64 27.921
78 65 27.169
78 67 2.679
78 68 16.518
78 71 11.936
78 74 30.64
78 76 90.463
78 80 17.115
78 83 7.644
78 84 64.951
78 86 45.794
78 90 96.788
78 92 8.616
78 97 13.64
78 98 17.84
78 99 35.082
79 0 38.053
79 4 35.972
79 6 59.662
79 7 13.952
79 8 27.621
79 9 0.576
79 10 47.517
79 11 41.931
79 13 62.426
79 21 10.789
79 22 75.034
79 24 72.145
79 25 59.81
79 27 14.023
79 28 87.57
79 29 74.881
79 31 35.344
79 36 14.555
79 37 82.198
79 38 82.309
79 39 78.343
79 41 90.476
79 42 10.276
79 43 67.755
79 44 39.647
79 48 27.756
79 51 68.043
79 52 24.882
79 53 98.289
79 56 22.241
79 58 62.542
79 59 26.58
79 62 90.872
79 66 2.568
79 67 46.666
79 68 68.905
79 70 66.856
79 74 73.564
79 75 17.971
79 78 80.633
79 80 68.21
79 82 5.856
79 83 88.99
79 84 24.767
79 85 80.6
79 86 21.716
79 87 33.587
79 89 24.312
79 90 55.522
79 96 56.398
79 97 68.906
80 1 42.583
80 4 86.239
80 6 61.524
80 7 34.21
80 8 62.771
80 9 84.978
80 10 42.852
80 11 11.059
80 13 86.696
80 14 96.54
80 15 94.628
80 16 68.5
80 17 52.856
80 19 1.968
80 20 53.916
80 21 5.701
80 22 60.83
80 23 17.015
80 25 94.031
80 27 77.559
80 30 25.025
80 32 92.735
80 33 43.423
80 34 70.636
80 36 69.864
80 38 3.972
80 39 44.27
80 40 35.391
80 43 65.599
80 44 39.857
80 45 35.145
80 46 58.251
80 51 6.881
80 54 65.918
80 55 58.57
80 57 1.276
80 62 96.55
80 63 63.329
80 64 27.031
80 66 6.358
80 68 30.861
80 70 54.105
80 71 0.384
80 77 4.528
80 78 94.802
80 79 85.782
80 81 11.498
80 82 93.889
80 83 55.993
80 84 57.565
80 85 64.15
80 86 30.405
80 89 43.337
80 96 92.515
80 97 93.378
80 98 15.404
81 0 23.313
81 4 48.671
81 5 90.0
81 7 64.493
81 8 67.463
81 10 88.983
81 12 56.84
81 16 44.831
81 17 51.014
81 18 88.756
81 19 24.316
81 25 13.197
81 26 60.106
81 27 17.968
81 28 44.359
81 30 17.009
81 31 9.919
81 33 25.176
81 34 67.105
81 37 18.543
81 40 36.243
81 41 87.68
81 42 66.431
81 43 64.952
81 45 28.525
81 46 68.543
81 48 64.686
81 52 53.059
81 54 64.84
81 55 31.011
81 56 69.8
81 59 40.869
81 61 9.455
81 62 51.799
81 63 72.119
81 66 69.184
81 67 79.494
81 68 47.333
81 69 16.959
81 71 3.774
81 75 9.793
81 77 63.067
81 82 49.252
81 83 43.111
81 85 52.074
81 87 23.073
81 89 54.947
81 90 45.458
81 91 18.952
81 93 86.993
81 97 44.103
82 2 77.399
82 5 39.395
82 8 14.099
82 9 82.723
82 10 78.564
82 12 14.703
82 16 63.831
82 17 68.757
82 18 75.897
82 20 52.791
82 21 48.988
82 22 26.405
82 25 87.737
82 26 42.221
82 27 80.611
82 29 22.299
82 35 27.736
82 38 25.541
82 42 88.789
82 46 81.694
82 47 76.788
82 50 4.409
82 56 79.086
82 58 89.674
82 60 20.807
82 61 36.138
82 65 16.693
82 66 54.041
82 67 58.245
82 68 35.256
82 70 32.458
82 72 47.926
82 75 17.288
82 76 59.385
82 78 45.402
82 79 19.004
82 80 37.163
82 84 29.187
82 86 68.575
82 87 82.048
82 88 64.948
82 92 93.588
82 95 35.92
82 96 8.521
83 3 65.394
83 4 8.572
83 5 49.378
83 6 54.54
83 7 58.185
83 11 3.089
83 12 97.21
83 13 93.612
83 14 98.65
83 17 80.749
83 18 35.052
83 19 56.925
83 21 90.129
83 22 59.666
83 23 93.809
83 25 67.483
83 27 76.445
83 28 94.432
83 30 50.895
83 39 77.1
83 41 15.755
83 42 10.536
83 43 85.553
83 45 86.78
83 46 65.207
83 48 38.933
83 49 22.33
83 50 12.218
83 53 69.383
83 54 69.244
83 55 72.683
83 56 84.086
83 59 89.925
83 63 79.77
83 64 50.605
83 66 53.47
83 67 53.003
83 71 91.191
83 72 30.415
83 73 35.349
83 74 76.661
83 75 79.681
83 84 20.981
83 89 87.71
83 90 91.041
83 91 41.871
83 93 53.491
83 94 24.932
83 97 14.376
83 99 15.167
84 1 92.417
84 2 97.739
84 3 25.517
84 6 5.463
84 7 51.643
84 8 98.615
84 10 38.322
84 11 96.37
84 13 64.889
84 14 83.972
84 15 79.628
84 16 46.822
84 17 75.661
84 19 90.916
84 22 2.549
84 23 78.21
84 26 11.476
84 27 79.879
84 29 59.422
84 34 65.481
84 35 49.499
84 37 7.729
84 39 10.974
84 42 32.526
84 44 66.171
84 47 4.894
84 48 97.997
84 51 35.792
84 53 38.074
84 54 20.86
84 55 95.779
84 56 67.003
84 58 73.723
84 61 28.065
84 62 44.0
84 67 67.326
84 71 20.743
84 72 71.981
84 74 75.988
84 76 37.591
84 77 35.556
84 78 28.484
84 79 57.334
84 85 36.787
84 88 81.019
84 89 16.382
84 93 9.99
84 94 21.997
84 95 15.311
84 97 8.009
85 0 75.641
85 1 46.912
85 2 92.756
85 3 45.435
85 5 12.821
85 6 12.173
85 8 96.708
85 12 64.783
85 14 41.712
85 15 7.642
85 17 12.307
85 18 22.35
85 23 9.978
85 26 31.296
85 27 44.939
85 32 41.227
85 33 13.873
85 34 35.153
85 35 78.95
85 36 11.156
85 38 12.302
85 39 63.64
85 40 30.535
85 42 51.392
85 43 97.461
85 45 71.434
85 48 49.64
85 49 8.718
85 50 38.719
85 52 76.453
85 55 44.644
85 56 2.537
85 57 64.678
85 59 20.743
85 61 82.649
85 62 88.279
85 64 21.678
85 65 93.218
85 66 79.288
85 67 33.859
85 72 65.45
85 75 27.336
85 76 95.73
85 77 44.487
85 78 78.881
85 79 45.773
85 81 41.921
85 83 45.487
85 84 65.483
85 87 4.794
85 88 30.896
86 0 89.381
86 2 69.102
86 4 21.089
86 7 85.779
86 8 72.56
86 9 79.565
86 10 47.822
86 11 10.722
86 13 94.556
86 14 67.708
86 15 10.155
86 16 65.201
86 17 96.569
86 18 21.156
86 20 33.857
86 23 5.273
86 25 30.445
86 28 41.213
86 29 48.027
86 33 68.935
86 36 39.33
86 37 81.19
86 38 77.784
86 40 80.082
86 41 64.609
86 42 71.181
86 43 66.017
86 45 53.092
86 46 52.201
86 47 16.864
86 50 88.47
86 51 62.821
86 52 97.2
86 53 67.279
86 54 68.906
86 55 13.229
86 61 4.63
86 62 4.191
86 63 13.762
86 64 1.972
86 65 9.092
86 66 10.612
86 68 91.119
86 69 9.742
86 70 47.495
86 72 4.56
86 81 2.68
86 82 68.134
86 87 25.235
86 88 61.202
86 91 36.721
86 92 82.25
86 94 89.392
86 98 90.673
86 99 24.731
87 3 46.909
87 4 72.112
87 6 25.071
87 9 25.647
87 13 13.679
87 15 18.079
87 17 12.383
87 18 96.597
87 19 50.66
87 20 80.13
87 21 57.72
87 23 0.381
87 24 28.431
87 26 72.95
87 27 16.163
87 28 63.952
87 30 33.229
87 31 40.747
87 32 2.939
87 35 71.044
87 36 77.144
87 37 61.929
87 38 66.98
87 42 46.435
87 47 58.142
87 49 85.424
87 53 0.699
87 54 68.225
87 57 11.398
87 59 67.504
87 60 91.292
87 61 10.938
87 63 62.069
87 64 96.974
87 66 1.818
87 67 66.661
87 68 51.436
87 71 58.817
87 74 5.635
87 78 27.18
87 79 20.25
87 80 10.904
87 82 65.655
87 83 36.432
87 86 61.275
87 88 72.713
87 89 88.308
87 90 98.639
87 95 57.331
87 97 63.225
87 98 1.261
88 1 31.841
88 3 97.548
88 4 6.019
88 5 88.02
88 8 98.625
88 14 67.537
88 17 94.167
88 18 60.311
88 19 57.897
88 20 90.64
88 23 77.245
88 24 5.027
88 25 72.079
88 31 8.602
88 32 79.572
88 34 38.194
88 35 88.757
88 37 82.583
88 38 56.137
88 39 46.227
88 42 74.275
88 44 41.227
88 45 80.38
88 49 27.487
88 51 32.966
88 53 7.699
88 57 34.87
88 60 82.82
88 62 87.9
88 65 23.856
88 66 28.33
88 68 27.958
88 69 97.475
88 70 82.226
88 71 65.616
88 74 33.998
88 76 58.475
88 77 68.117
88 78 25.784
88 80 85.72
88 82 22.535
88 85 93.217
88 86 77.723
88 87 69.058
88 90 36.004
88 92 88.625
88 95 11.761
88 96 40.23
88 98 71.477
88 99 91.713
89 7 78.928
89 11 18.412
89 12 44.477
89 13 84.805
89 17 50.011
89 18 33.4
89 19 17.743
89 21 22.27
89 23 52.064
89 25 88.181
89 26 53.19
89 27 63.65
89 29 47.282
89 30 54.692
89 31 90.519
89 32 42.075
89 34 49.147
89 37 67.13
89 39 76.22
89 42 88.097
89 44 19.916
89 45 92.494
89 46 47.027
89 47 87.075
89 48 20.771
89 50 46.448
89 55 6.606
89 57 89.168
89 62 11.976
89 63 90.24
89 64 86.243
89 66 26.492
89 67 28.213
89 70 29.994
89 71 2.568
89 72 7.622
89 77 33.345
89 81 47.786
89 83 54.021
89 85 9.13
89 88 67.453
89 90 59.021
89 91 50.896
89 93 42.389
89 94 81.454
89 96 87.597
90 1 67.743
90 2 32.271
90 3 38.78
90 6 9.125
90 7 97.891
90 8 93.881
90 9 33.213
90 10 88.884
90 12 64.482
90 14 27.187
90 15 88.003
90 17 2.57
90 18 93.958
90 19 45.533
90 23 92.732
90 24 76.524
90 25 78.238
90 31 34.498
90 33 37.347
90 34 23.739
90 35 28.605
90 38 51.059
90 41 95.551
90 44 15.653
90 45 10.575
90 46 23.683
90 47 71.785
90 49 25.94
90 52 17.062
90 53 33.921
90 56 24.765
90 57 48.499
90 63 62.651
90 65 80.175
90 66 91.026
90 69 15.187
90 70 39.637
90 71 37.399
90 73 16.003
90 75 79.848
90 76 90.319
90 79 13.355
90 84 26.297
90 85 66.09
90 86 37.632
90 89 84.391
90 91 47.991
90 93 18.31
90 94 80.964
90 97 28.883
90 98 11.955
90 99 67.384
91 1 46.118
91 3 60.221
91 6 73.617
91 8 38.13
91 10 2.378
91 11 20.875
91 17 90.075
91 19 48.166
91 27 53.297
91 28 76.217
91 31 65.435
91 32 47.963
91 33 18.555
91 37 4.333
91 39 82.251
91 40 65.27
91 41 51.187
91 45 76.546
91 46 17.243
91 47 13.319
91 52 87.383
91 53 75.919
91 55 93.465
91 57 8.054
91 58 52.757
91 60 14.067
91 62 5.948
91 63 65.62
91 67 25.702
91 68 80.925
91 70 8.881
91 73 10.762
91 75 64.594
91 81 63.986
91 82 16.96
91 83 91.291
91 84 38.061
91 85 24.415
91 86 78.046
91 94 25.848
91 95 3.305
91 96 29.81
91 97 33.087
91 98 7.762
92 6 61.302
92 9 83.779
92 12 14.226
92 15 63.1
92 18 38.981
92 19 0.666
92 21 55.459
92 22 85.781
92 23 92.524
92 24 65.285
92 28 97.197
92 29 30.124
92 30 75.13
92 32 26.512
92 34 29.549
92 35 32.212
92 37 48.114
92 38 1.123
92 39 94.445
92 43 5.709
92 46 16.918
92 47 11.823
92 49 76.027
92 50 13.144
92 51 35.453
92 52 84.329
92 54 96.647
92 55 33.458
92 56 17.274
92 58 69.564
92 59 89.446
92 64 78.779
92 65 83.25
92 66 86.24
92 68 4.913
92 69 62.311
92 72 79.922
92 77 41.059
92 78 27.625
92 79 14.19
92 80 70.995
92 83 92.233
92 84 0.4
92 85 7.771
92 86 27.539
92 87 2.529
92 91 39.279
92 93 47.369
92 94 85.861
92 95 59.481
92 98 40.476
93 1 72.916
93 2 25.32
93 3 32.678
93 4 72.621
93 5 86.972
93 6 72.933
93 7 44.218
93 9 63.074
93 11 97.182
93 13 77.104
93 14 94.639
93 15 40.14
93 17 64.031
93 18 98.284
93 22 92.769
93 23 15.177
93 24 90.066
93 26 31.023
93 27 48.004
93 29 9.364
93 30 26.013
93 31 9.79
93 33 52.498
93 35 36.613
93 37 34.542
93 40 84.252
93 47 16.234
93 49 92.049
93 50 86.47
93 51 0.288
93 52 56.881
93 54 76.488
93 58 79.669
93 59 84.237
93 63 22.365
93 67 61.215
93 68 88.534
93 71 97.206
93 73 43.409
93 74 42.265
93 76 60.749
93 78 49.236
93 81 12.294
93 82 17.105
93 85 62.622
93 86 79.5
93 90 24.576
93 91 93.757
93 92 20.377
93 98 45.174
94 1 80.65
94 2 64.055
94 3 66.635
94 5 85.964
94 6 46.218
94 7 45.731
94 8 61.736
94 11 90.164
94 14 63.069
94 15 56.68
94 17 72.72
94 18 43.352
94 21 17.181
94 24 22.36
94 25 37.515
94 28 97.002
94 31 15.167
94 32 12.837
94 35 15.264
94 37 28.763
94 40 39.426
94 41 12.422
94 45 74.915
94 47 53.46
94 48 71.603
94 49 39.614
94 50 70.551
94 51 57.144
94 52 50.832
94 53 1.165
94 54 15.781
94 55 85.847
94 56 91.891
94 58 20.604
94 59 75.549
94 60 98.526
94 61 34.06
94 62 35.118
94 64 4.626
94 65 18.926
94 69 16.226
94 70 75.362
94 71 15.857
94 73 32.18
94 74 93.204
94 75 31.492
94 77 35.61
94 80 69.335
94 81 91.211
94 83 98.223
94 86 80.691
94 87 38.406
94 92 56.946
94 95 98.03
94 96 41.022
94 97 71.787
95 0 28.929
95 3 23.548
95 6 70.366
95 7 37.632
95 9 15.772
95 10 42.897
95 11 94.057
95 12 72.704
95 17 85.363
95 21 84.927
95 22 91.534
95 25 87.133
95 26 71.999
95 28 83.802
95 31 24.283
95 32 28.265
95 34 59.812
95 35 14.631
95 39 91.963
95 40 21.286
95 42 53.805
95 45 96.68
95 46 61.181
95 48 20.187
95 52 47.692
95 64 90.085
95 65 39.111
95 70 83.481
95 72 97.723
95 75 35.847
95 76 15.235
95 83 95.858
95 85 92.791
95 86 87.924
95 87 82.785
95 88 67.135
95 97 33.082
96 1 30.03
96 3 24.492
96 6 42.526
96 7 93.001
96 9 94.419
96 11 44.129
96 13 3.524
96 14 88.881
96 15 25.92
96 16 4.928
96 18 66.942
96 19 24.455
96 20 36.351
96 24 1.987
96 26 61.37
96 27 64.681
96 29 71.522
96 31 57.68
96 38 16.812
96 39 69.751
96 44 98.341
96 46 51.946
96 50 89.129
96 52 87.67
96 55 76.107
96 56 87.073
96 58 59.446
96 59 86.193
96 60 11.635
96 61 58.126
96 62 54.872
96 63 39.799
96 64 65.831
96 66 34.114
96 67 78.404
96 69 32.273
96 70 31.378
96 73 21.82
96 74 77.82
96 75 21.6
96 76 81.768
96 77 22.817
96 79 1.195
96 80 39.959
96 82 6.754
96 84 8.396
96 87 49.791
96 89 92.292
96 90 11.933
96 92 30.557
96 94 84.059
96 97 98.996
97 1 25.464
97 2 44.59
97 4 79.11
97 7 50.038
97 8 12.553
97 10 76.967
97 11 26.716
97 12 51.884
97 13 81.243
97 16 6.507
97 17 27.451
97 18 79.041
97 21 13.657
97 22 50.943
97 23 88.413
97 24 85.186
97 26 92.035
97 28 78.449
97 30 83.565
97 31 81.598
97 33 63.233
97 34 59.961
97 36 89.262
97 37 26.392
97 38 91.757
97 39 34.344
97 40 29.79
97 45 76.42
97 46 79.336
97 47 5.28
97 48 21.151
97 50 11.039
97 52 0.101
97 53 8.035
97 57 50.558
97 58 60.927
97 60 87.176
97 61 43.916
97 62 67.878
97 68 64.296
97 70 55.976
97 72 84.314
97 76 54.021
97 80 51.56
97 87 77.871
97 93 9.714
97 96 58.929
97 98 90.469
97 99 35.682
98 0 43.082
98 1 53.84
98 2 45.477
98 3 15.53
98 5 82.755
98 6 66.601
98 8 87.346
98 9 93.651
98 11 42.957
98 12 94.679
98 16 83.033
98 17 68.208
98 18 4.964
98 22 25.423
98 25 89.235
98 27 44.169
98 28 82.395
98 32 77.999
98 33 80.643
98 34 23.178
98 35 58.896
98 36 11.427
98 37 78.221
98 39 15.798
98 41 49.303
98 42 26.036
98 43 45.798
98 47 3.968
98 49 90.859
98 50 57.37
98 52 0.238
98 53 83.796
98 57 44.156
98 58 52.098
98 59 41.125
98 60 93.915
98 62 51.152
98 64 44.524
98 65 10.1
98 66 75.199
98 67 84.023
98 69 51.622
98 73 94.301
98 77 75.284
98 78 6.403
98 79 41.005
98 80 44.744
98 81 68.503
98 82 36.335
98 83 53.312
98 85 63.251
98 86 19.448
98 87 81.195
98 88 21.234
98 90 22.57
98 91 81.393
98 92 61.624
98 94 13.351
98 95 64.531
99 0 59.095
99 1 55.737
99 2 38.045
99 4 98.76
99 5 61.394
99 7 79.227
99 8 80.427
99 11 18.684
99 15 79.138
99 18 36.667
99 20 59.19
99 22 81.121
99 24 85.063
99 27 16.202
99 28 9.487
99 29 19.769
99 35 95.733
99 36 35.695
99 37 29.318
99 38 14.2
99 40 80.488
99 44 15.391
99 46 97.811
99 49 91.692
99 50 60.922
99 51 29.013
99 52 98.802
99 55 22.146
99 57 90.359
99 58 52.208
99 61 69.913
99 62 89.248
99 65 18.078
99 66 68.21
99 68 14.777
99 69 63.07
99 71 86.764
99 74 49.008
99 75 51.8
99 77 78.72
99 78 11.158
99 82 23.802
99 83 72.432
99 89 22.409
99 91 23.223
99 93 36.142
99 95 32.014
99 96 30.188
99 97 24.298