100
1 0 94.426
1 2 50.185
1 4 20.037
1 5 69.008
1 22 30.603
1 26 55.503
1 77 45.438
1 63 66.041
0 3 14.534
0 37 1.635
0 36 42.514
0 22 51.119
2 30 57.335
2 38 7.962
2 88 88.489
3 7 62.432
3 20 36.68
3 92 51.796
4 6 57.951
4 14 70.304
4 16 78.996
4 30 45.645
5 8 34.698
5 12 2.463
5 13 86.078
5 23 92.474
6 10 7.057
6 29 30.238
6 33 73.031
6 69 39.406
6 19 18.072
7 9 23.984
7 86 51.442
7 99 75.875
7 81 42.218
8 11 13.607
8 27 58.948
8 36 29.11
8 67 71.01
8 33 15.902
9 22 18.571
10 75 45.619
10 49 0.127
10 20 89.445
11 17 17.966
11 98 98.363
12 34 36.387
12 75 63.858
12 82 50.12
12 16 45.475
12 57 97.781
13 24 44.053
13 28 4.487
13 42 89.213
13 68 77.732
13 53 89.384
14 15 71.227
14 18 64.604
14 92 71.048
14 55 7.155
15 21 25.484
15 25 36.538
15 45 32.631
15 58 7.841
17 59 63.693
17 61 26.151
17 73 57.0
18 19 40.016
18 81 24.172
18 86 33.931
18 22 27.458
19 41 18.327
19 56 75.764
19 22 15.465
19 39 13.268
20 51 62.695
20 80 61.331
21 63 30.317
21 98 12.535
21 29 4.455
21 53 81.781
22 31 18.251
22 40 99.128
22 94 49.682
22 81 42.206
22 50 51.716
22 41 13.594
23 62 4.351
23 61 83.633
24 93 49.411
25 54 23.248
25 92 79.742
26 71 33.395
26 84 33.979
27 35 37.035
28 57 61.604
28 72 65.854
28 63 40.89
29 32 32.412
29 48 47.985
29 43 21.853
30 43 58.316
30 53 38.203
31 65 40.096
31 96 52.551
31 45 18.633
32 58 5.942
32 80 66.851
33 39 54.809
33 57 90.06
33 62 59.565
34 96 33.459
34 73 61.36
34 50 74.724
35 44 48.648
35 56 8.033
35 60 29.057
36 46 71.24
36 50 11.401
36 97 82.333
36 66 96.246
37 85 6.174
37 70 15.675
38 49 84.551
39 66 88.281
40 56 15.178
40 42 36.587
40 53 45.106
41 48 3.895
42 76 51.708
42 44 14.909
42 67 43.032
44 69 78.372
44 91 9.709
44 49 46.558
45 55 48.995
45 70 31.149
45 78 45.672
45 86 91.319
45 76 13.611
46 47 54.476
46 92 86.265
46 58 96.654
46 85 75.164
46 91 90.958
46 89 19.359
46 72 2.39
46 93 17.186
47 59 53.357
47 63 44.841
48 88 20.892
48 76 69.012
48 89 76.302
48 62 52.592
48 67 26.683
49 68 10.083
49 96 9.523
50 53 30.964
50 79 53.385
50 87 56.18
50 92 66.649
50 98 71.948
51 52 54.249
51 74 79.785
51 89 35.323
52 94 48.905
53 83 79.188
54 67 33.177
55 84 35.016
55 65 86.963
55 70 50.689
56 60 39.444
56 76 22.554
56 81 44.813
56 93 85.272
56 74 33.094
56 95 60.179
56 82 74.308
57 64 72.175
57 70 81.244
57 85 62.326
59 88 4.926
60 89 15.066
62 63 6.402
63 80 3.286
64 99 27.662
64 82 33.297
65 81 63.875
66 90 17.243
67 97 9.75
69 93 9.528
70 93 62.264
71 87 65.799
72 73 2.592
72 87 33.969
72 98 4.258
74 90 7.115
75 80 75.007
75 89 9.56
77 96 94.874
77 92 54.858
78 95 11.481
79 89 16.284
79 84 10.1
80 85 49.933
82 84 94.239
82 98 79.959
83 95 54.887
84 91 56.939
85 97 48.044
85 94 29.008
87 88 90.561
89 99 82.97