100
0 1 50
0 99 50
1 2 50
2 3 50
3 4 50
4 5 50
5 6 50
6 7 50
7 8 50
8 9 50
9 10 50
10 11 50
11 12 50
12 13 50
13 14 50
14 15 50
15 16 50
16 17 50
17 18 50
18 19 50
19 20 50
20 21 50
21 22 50
22 23 50
23 24 50
24 25 50
25 26 50
26 27 50
27 28 50
28 29 50
29 30 50
30 31 50
31 32 50
32 33 50
33 34 50
34 35 50
35 36 50
36 37 50
37 38 50
38 39 50
39 40 50
40 41 50
41 42 50
42 43 50
43 44 50
44 45 50
45 46 50
46 47 50
47 48 50
48 49 50
49 50 1
50 51 61
51 52 50
52 53 50
53 54 50
54 55 50
55 56 50
56 57 50
57 58 50
58 59 50
59 60 50
60 61 50
61 62 50
62 63 50
63 64 50
64 65 50
65 66 50
66 67 50
67 68 50
68 69 50
69 70 50
70 71 50
71 72 50
72 73 50
73 74 50
74 75 50
75 76 50
76 77 50
77 78 50
78 79 50
79 80 50
80 81 50
81 82 50
82 83 50
83 84 50
84 85 50
85 86 50
86 87 50
87 88 50
88 89 50
89 90 50
90 91 50
91 92 50
92 93 50
93 94 50
94 95 50
95 96 50
96 97 50
97 98 50
98 99 50