100
0 1 7
0 6 77
0 10 85
0 11 7
0 12 3
0 14 6
0 15 62
0 17 94
0 18 48
0 19 65
0 20 35
0 21 18
0 22 86
0 24 55
0 28 10
0 31 94
0 33 75
0 34 36
0 36 63
0 42 96
0 43 78
0 47 49
0 51 94
0 53 54
0 55 62
0 56 66
0 57 45
0 62 41
0 65 50
0 68 61
0 69 16
0 70 72
0 72 19
0 74 32
0 75 50
0 80 71
0 82 12
0 83 10
0 85 57
0 87 47
0 88 2
0 90 95
0 92 62
0 94 85
0 97 59
1 4 18
1 6 82
1 8 1
1 9 72
1 10 58
1 13 40
1 18 35
1 19 12
1 22 30
1 23 40
1 26 54
1 27 43
1 28 2
1 30 5
1 32 55
1 35 42
1 39 91
1 40 20
1 41 38
1 50 61
1 56 78
1 57 34
1 59 48
1 60 57
1 64 45
1 66 6
1 70 9
1 72 99
1 73 67
1 74 93
1 79 39
1 81 9
1 83 44
1 84 29
1 88 25
1 91 45
1 95 56
1 96 2
2 3 27
2 5 92
2 6 73
2 7 58
2 8 48
2 12 67
2 15 7
2 20 59
2 22 12
2 24 11
2 25 1
2 26 37
2 28 75
2 30 64
2 32 11
2 35 49
2 36 30
2 38 53
2 42 53
2 46 70
2 50 58
2 52 62
2 55 25
2 56 67
2 59 34
2 60 26
2 61 75
2 64 19
2 65 37
2 66 37
2 68 3
2 70 54
2 73 30
2 76 6
2 77 22
2 79 28
2 82 12
2 83 35
2 84 4
2 85 55
2 88 47
2 95 50
3 5 56
3 7 21
3 9 68
3 11 68
3 13 19
3 14 76
3 15 95
3 16 82
3 17 76
3 18 23
3 19 46
3 20 31
3 23 2
3 24 73
3 26 48
3 27 62
3 28 73
3 30 9
3 31 59
3 32 38
3 35 49
3 36 86
3 42 40
3 43 68
3 44 14
3 49 32
3 50 72
3 52 26
3 54 14
3 55 49
3 56 57
3 58 26
3 59 39
3 60 93
3 65 96
3 66 96
3 67 47
3 68 50
3 72 65
3 74 94
3 79 16
3 83 43
3 85 6
3 89 82
3 90 61
3 93 6
3 94 95
3 96 93
3 98 30
4 6 57
4 9 93
4 11 99
4 16 7
4 18 24
4 20 49
4 25 6
4 27 12
4 31 83
4 35 79
4 36 9
4 38 24
4 39 80
4 40 47
4 42 25
4 43 36
4 47 12
4 48 62
4 55 76
4 58 13
4 59 89
4 61 14
4 62 17
4 65 62
4 67 26
4 69 36
4 74 15
4 75 41
4 76 27
4 78 78
4 80 64
4 83 66
4 92 37
4 98 88
5 8 7
5 9 54
5 13 20
5 16 23
5 19 73
5 21 89
5 23 66
5 24 71
5 28 73
5 30 46
5 31 93
5 35 86
5 37 86
5 39 67
5 41 91
5 42 22
5 46 1
5 48 8
5 49 19
5 57 70
5 58 80
5 59 54
5 63 62
5 64 44
5 69 22
5 70 26
5 73 82
5 74 61
5 76 42
5 81 37
5 87 46
5 89 11
5 90 2
5 92 76
5 95 56
5 98 56
5 99 75
6 7 60
6 9 57
6 11 59
6 13 64
6 14 77
6 15 68
6 16 60
6 17 11
6 18 66
6 20 74
6 25 81
6 31 1
6 44 93
6 49 86
6 53 78
6 55 38
6 56 27
6 58 81
6 63 86
6 64 86
6 68 62
6 69 65
6 75 4
6 76 98
6 79 49
6 80 3
6 82 86
6 84 10
6 87 34
6 89 37
6 90 77
6 91 93
6 94 95
6 99 43
7 8 12
7 13 75
7 18 18
7 20 67
7 24 7
7 27 52
7 29 30
7 30 85
7 33 50
7 36 16
7 38 68
7 41 27
7 43 65
7 45 35
7 49 25
7 51 81
7 52 9
7 59 97
7 60 31
7 64 29
7 65 60
7 72 25
7 73 57
7 75 82
7 80 9
7 82 4
7 87 12
7 90 48
7 97 35
8 12 96
8 13 48
8 14 3
8 17 6
8 18 83
8 21 13
8 27 84
8 31 80
8 33 40
8 34 11
8 35 54
8 36 42
8 41 21
8 42 78
8 44 57
8 46 5
8 51 6
8 52 96
8 55 42
8 59 19
8 61 90
8 62 72
8 65 59
8 68 28
8 72 59
8 75 28
8 77 61
8 81 99
8 82 60
8 83 78
8 84 10
8 88 91
8 89 27
8 90 8
8 95 22
8 97 21
8 98 12
9 13 51
9 14 62
9 15 13
9 17 48
9 19 81
9 21 64
9 23 58
9 27 91
9 31 43
9 34 57
9 39 9
9 40 82
9 43 3
9 47 61
9 52 87
9 53 79
9 57 41
9 59 7
9 65 27
9 66 91
9 67 91
9 76 22
9 80 86
9 83 33
9 84 36
9 86 91
9 87 43
9 88 76
9 89 34
9 90 48
9 91 5
9 93 88
9 95 29
9 97 16
9 98 55
9 99 46
10 11 8
10 15 6
10 17 82
10 27 61
10 30 53
10 31 89
10 32 68
10 34 89
10 35 31
10 39 58
10 42 88
10 43 96
10 44 67
10 50 9
10 52 94
10 54 51
10 55 21
10 58 2
10 59 97
10 60 64
10 61 37
10 63 63
10 66 41
10 67 33
10 68 88
10 69 83
10 70 24
10 74 74
10 78 79
10 79 10
10 81 87
10 86 33
10 88 99
10 89 16
10 90 58
10 93 98
10 94 8
10 96 95
10 98 10
11 13 76
11 14 81
11 15 72
11 16 17
11 20 7
11 22 17
11 24 5
11 27 64
11 28 10
11 29 44
11 33 6
11 34 77
11 37 98
11 38 47
11 41 18
11 42 82
11 43 72
11 45 59
11 48 47
11 51 1
11 52 20
11 55 62
11 57 83
11 62 64
11 64 49
11 67 34
11 68 83
11 69 59
11 70 19
11 73 67
11 75 66
11 76 36
11 78 57
11 83 19
11 86 25
11 87 26
11 89 76
11 92 69
11 93 56
11 94 29
12 13 42
12 15 90
12 28 37
12 34 27
12 37 85
12 38 59
12 43 6
12 44 11
12 45 5
12 46 47
12 49 20
12 50 42
12 53 72
12 54 93
12 57 37
12 58 61
12 59 75
12 61 22
12 64 91
12 65 32
12 67 19
12 73 56
12 77 54
12 80 41
12 81 72
12 83 67
12 86 54
12 89 55
12 91 82
12 92 39
12 93 3
12 97 73
12 98 31
12 99 32
13 18 97
13 21 24
13 24 70
13 26 63
13 27 60
13 29 91
13 31 59
13 33 65
13 36 24
13 39 14
13 44 83
13 45 58
13 46 77
13 56 35
13 57 16
13 58 6
13 62 31
13 63 90
13 64 18
13 66 51
13 70 50
13 73 31
13 74 72
13 76 27
13 80 41
13 81 4
13 83 91
13 84 21
13 97 39
14 17 80
14 19 72
14 21 83
14 23 48
14 24 83
14 26 83
14 29 56
14 30 64
14 32 54
14 38 87
14 39 70
14 40 37
14 44 85
14 45 84
14 47 67
14 49 68
14 52 91
14 53 65
14 54 19
14 56 25
14 57 43
14 64 87
14 66 87
14 68 20
14 71 42
14 72 93
14 73 82
14 76 83
14 78 95
14 79 61
14 82 57
14 85 24
14 86 23
14 90 67
14 92 24
15 20 7
15 21 35
15 22 48
15 27 9
15 29 35
15 34 26
15 37 73
15 39 38
15 40 34
15 41 8
15 42 63
15 43 69
15 44 87
15 49 17
15 50 15
15 51 53
15 52 4
15 53 84
15 58 85
15 59 74
15 61 55
15 62 44
15 65 12
15 66 76
15 67 68
15 68 76
15 72 71
15 74 71
15 75 37
15 76 94
15 78 81
15 81 58
15 82 44
15 84 1
15 90 72
15 91 82
15 95 31
15 98 8
16 17 57
16 21 1
16 24 87
16 26 48
16 28 35
16 29 61
16 32 70
16 36 77
16 37 1
16 43 10
16 45 51
16 49 1
16 51 97
16 55 79
16 56 67
16 64 81
16 66 40
16 68 7
16 71 24
16 72 17
16 76 76
16 78 74
16 79 2
16 81 80
16 83 8
16 84 63
16 92 42
16 95 21
16 96 3
16 98 9
17 18 76
17 23 95
17 24 78
17 29 65
17 30 71
17 32 25
17 33 23
17 35 37
17 36 11
17 37 27
17 38 64
17 43 34
17 45 79
17 46 10
17 48 1
17 52 25
17 54 23
17 57 35
17 62 38
17 67 10
17 72 15
17 73 42
17 74 8
17 75 35
17 76 39
17 77 53
17 78 8
17 79 16
17 85 60
17 86 41
17 89 39
17 90 2
17 92 66
17 93 69
17 94 16
18 20 80
18 21 48
18 23 55
18 24 94
18 31 5
18 33 9
18 37 36
18 39 8
18 43 91
18 63 26
18 64 31
18 65 10
18 70 51
18 73 14
18 76 95
18 80 79
18 81 89
18 88 48
18 90 65
18 91 71
18 92 40
18 93 8
18 96 76
18 97 42
19 20 98
19 22 89
19 24 21
19 27 24
19 32 56
19 35 30
19 38 91
19 40 74
19 43 57
19 44 83
19 48 15
19 49 65
19 50 11
19 51 4
19 53 57
19 58 96
19 61 9
19 62 98
19 64 52
19 66 50
19 69 60
19 71 39
19 72 99
19 73 55
19 74 1
19 75 68
19 77 28
19 79 8
19 84 2
19 87 21
19 90 4
19 93 19
19 94 92
19 99 96
20 23 89
20 28 33
20 29 17
20 30 74
20 45 74
20 46 23
20 47 88
20 49 28
20 53 19
20 56 28
20 57 77
20 58 28
20 59 50
20 60 25
20 61 13
20 65 3
20 66 26
20 67 64
20 70 74
20 71 5
20 75 20
20 79 81
20 80 70
20 83 67
20 85 96
20 86 94
20 92 59
20 93 63
20 99 9
21 22 29
21 23 8
21 25 41
21 29 21
21 30 47
21 32 11
21 33 79
21 35 93
21 39 50
21 40 66
21 50 62
21 51 64
21 52 45
21 53 38
21 55 67
21 56 94
21 59 51
21 60 50
21 61 77
21 62 86
21 63 63
21 64 48
21 67 2
21 69 50
21 70 43
21 72 97
21 76 57
21 79 11
21 81 63
21 82 66
21 84 31
21 85 72
21 86 79
21 89 88
21 90 99
21 91 47
21 92 88
21 93 35
21 96 53
21 99 79
22 25 10
22 26 11
22 30 32
22 31 69
22 34 74
22 35 96
22 38 10
22 41 59
22 42 22
22 43 51
22 44 14
22 48 62
22 56 26
22 57 46
22 58 89
22 59 38
22 69 38
22 71 20
22 72 68
22 77 15
22 78 87
22 80 22
22 81 39
22 82 23
22 90 69
22 92 49
22 94 78
22 96 9
22 97 3
22 98 70
22 99 62
23 26 90
23 30 3
23 32 96
23 33 41
23 36 94
23 38 15
23 42 39
23 50 96
23 51 18
23 52 9
23 54 50
23 57 47
23 59 70
23 62 43
23 67 71
23 69 48
23 70 52
23 71 50
23 72 13
23 74 81
23 75 20
23 76 57
23 77 89
23 79 91
23 80 68
23 83 89
23 84 93
23 85 29
23 88 66
23 91 21
23 92 64
23 99 11
24 25 12
24 28 26
24 29 51
24 30 37
24 31 47
24 33 76
24 36 89
24 37 51
24 39 49
24 42 16
24 43 12
24 44 72
24 46 65
24 48 74
24 54 47
24 56 73
24 57 29
24 59 47
24 62 61
24 63 5
24 64 74
24 69 60
24 71 36
24 73 78
24 74 56
24 75 94
24 76 93
24 80 38
24 83 43
24 86 77
24 87 79
24 90 97
24 97 19
24 98 24
25 26 13
25 27 89
25 30 40
25 38 32
25 40 16
25 42 99
25 44 57
25 49 11
25 51 48
25 53 32
25 55 92
25 58 83
25 60 88
25 61 26
25 64 37
25 66 72
25 68 45
25 69 46
25 70 72
25 74 80
25 75 77
25 77 98
25 84 72
25 89 86
26 37 2
26 40 85
26 42 83
26 43 68
26 44 34
26 45 33
26 48 18
26 55 46
26 60 13
26 61 84
26 65 58
26 68 95
26 71 61
26 73 8
26 75 8
26 77 44
26 78 86
26 79 7
26 80 38
26 82 40
26 84 68
26 85 61
26 88 93
26 89 92
26 91 20
26 92 5
26 95 31
26 96 83
26 97 57
26 98 19
27 33 14
27 34 73
27 35 95
27 40 38
27 49 14
27 50 49
27 61 63
27 63 25
27 66 23
27 71 94
27 75 18
27 78 21
27 79 19
27 86 65
27 88 61
27 91 50
27 92 4
27 95 52
27 98 34
28 32 97
28 33 9
28 35 84
28 37 12
28 38 40
28 39 71
28 43 72
28 47 9
28 51 45
28 52 59
28 53 41
28 54 92
28 55 32
28 63 30
28 64 89
28 65 36
28 68 32
28 75 40
28 76 48
28 79 36
28 80 22
28 82 17
28 83 26
28 85 14
28 86 70
28 87 57
28 90 24
28 92 53
28 95 22
28 98 22
29 33 53
29 36 57
29 39 85
29 45 53
29 46 34
29 51 64
29 57 86
29 60 47
29 61 97
29 62 32
29 63 16
29 66 35
29 67 98
29 69 47
29 75 44
29 76 10
29 77 50
29 81 78
29 84 36
29 85 53
29 86 69
29 88 61
29 90 45
29 91 63
29 92 96
29 93 47
29 96 29
29 99 98
30 33 12
30 35 74
30 36 13
30 38 94
30 39 72
30 42 79
30 44 56
30 51 28
30 52 81
30 53 76
30 54 61
30 56 67
30 57 45
30 59 27
30 64 77
30 66 70
30 67 4
30 70 74
30 71 69
30 76 51
30 79 39
30 80 23
30 82 79
30 83 48
30 84 11
30 85 29
30 89 49
30 90 54
30 92 77
30 96 7
30 98 65
31 32 35
31 34 21
31 35 13
31 36 21
31 38 88
31 39 35
31 41 78
31 44 63
31 46 4
31 47 90
31 48 13
31 49 6
31 53 7
31 55 77
31 57 7
31 60 53
31 62 69
31 63 27
31 64 21
31 68 20
31 69 4
31 75 40
31 76 58
31 77 40
31 80 37
31 83 30
31 86 67
31 91 30
31 98 34
32 37 93
32 39 12
32 43 72
32 44 26
32 47 77
32 50 14
32 52 39
32 54 76
32 55 10
32 61 7
32 62 31
32 65 80
32 67 36
32 68 13
32 70 30
32 73 98
32 76 83
32 78 11
32 80 64
32 82 74
32 83 94
32 85 49
32 87 46
32 88 24
32 89 81
32 91 70
32 92 4
32 94 37
32 95 87
33 38 82
33 41 73
33 42 95
33 47 20
33 50 65
33 52 71
33 54 1
33 56 32
33 58 15
33 60 31
33 61 5
33 64 25
33 65 65
33 67 38
33 76 13
33 82 20
33 83 75
33 84 81
33 85 89
33 87 41
33 90 5
33 91 12
33 96 91
33 97 82
33 98 5
33 99 84
34 35 96
34 36 84
34 37 94
34 39 22
34 40 76
34 42 28
34 43 18
34 46 39
34 47 29
34 48 45
34 49 23
34 51 62
34 52 70
34 57 25
34 58 96
34 59 53
34 62 25
34 68 53
34 69 31
34 70 58
34 72 28
34 75 32
34 76 8
34 81 25
34 84 41
34 85 54
34 86 24
34 95 31
34 96 6
35 36 10
35 38 90
35 42 91
35 44 50
35 47 24
35 48 41
35 50 32
35 52 28
35 57 94
35 58 98
35 60 91
35 69 33
35 71 42
35 72 59
35 78 23
35 80 14
35 83 93
35 85 66
35 86 50
35 87 21
35 93 9
35 95 90
35 96 55
35 98 61
35 99 14
36 38 21
36 41 34
36 42 52
36 45 7
36 48 18
36 54 63
36 55 45
36 56 29
36 58 9
36 59 94
36 61 27
36 62 98
36 63 43
36 64 61
36 68 94
36 69 4
36 70 59
36 71 68
36 73 99
36 79 40
36 81 17
36 87 40
36 94 37
36 95 45
36 99 28
37 38 98
37 42 57
37 45 56
37 51 74
37 52 25
37 53 19
37 54 87
37 56 15
37 57 72
37 58 82
37 63 49
37 65 41
37 66 61
37 70 54
37 71 51
37 73 41
37 75 20
37 76 15
37 77 79
37 79 26
37 83 24
37 84 85
37 86 12
37 90 12
37 94 3
37 95 13
37 96 21
37 99 66
38 41 64
38 43 82
38 47 84
38 48 66
38 51 2
38 59 33
38 60 79
38 61 82
38 64 64
38 65 25
38 66 47
38 68 41
38 70 13
38 72 67
38 75 78
38 77 57
38 80 67
38 81 56
38 88 51
38 89 43
38 91 55
38 95 49
38 96 5
38 97 23
38 98 18
39 40 90
39 42 12
39 43 41
39 44 50
39 49 68
39 50 37
39 56 81
39 57 77
39 60 67
39 64 31
39 71 45
39 73 4
39 74 5
39 75 29
39 76 71
39 77 78
39 78 62
39 79 69
39 85 69
39 87 7
39 91 13
39 92 94
39 95 48
40 41 77
40 42 10
40 47 21
40 50 48
40 51 76
40 52 93
40 54 29
40 57 86
40 58 28
40 61 99
40 63 87
40 64 71
40 69 77
40 72 54
40 73 4
40 80 22
40 83 76
40 87 72
40 89 69
40 91 25
40 92 63
40 93 20
40 99 52
41 42 46
41 43 30
41 44 59
41 48 70
41 50 90
41 52 37
41 55 54
41 56 9
41 58 53
41 61 13
41 62 30
41 64 70
41 66 44
41 67 49
41 71 28
41 72 63
41 73 21
41 74 70
41 76 24
41 81 10
41 83 57
41 86 51
41 88 81
41 92 14
41 93 35
41 98 72
42 43 80
42 44 81
42 46 45
42 47 38
42 50 95
42 52 3
42 53 61
42 54 29
42 56 82
42 61 93
42 62 61
42 64 76
42 65 85
42 68 63
42 69 22
42 70 9
42 76 15
42 80 78
42 84 30
42 85 15
42 87 17
42 92 94
42 93 72
42 97 91
43 45 18
43 49 70
43 52 30
43 54 99
43 56 81
43 57 52
43 58 34
43 59 16
43 63 72
43 64 14
43 65 50
43 66 78
43 70 63
43 74 97
43 75 58
43 79 58
43 80 76
43 84 43
43 86 28
43 87 81
43 90 24
43 91 9
43 97 10
43 98 15
44 47 82
44 51 6
44 53 61
44 55 1
44 60 18
44 61 81
44 62 4
44 67 56
44 69 89
44 71 87
44 73 50
44 75 12
44 77 77
44 82 95
44 84 37
44 85 14
44 87 45
44 88 68
44 93 20
44 98 75
45 51 26
45 55 9
45 59 52
45 62 8
45 65 91
45 69 98
45 71 51
45 80 2
45 83 5
45 84 56
45 85 28
45 86 25
45 92 80
45 94 63
45 95 84
45 99 62
46 48 47
46 51 3
46 53 83
46 57 43
46 58 25
46 59 2
46 60 84
46 61 53
46 63 5
46 64 68
46 66 99
46 71 79
46 75 51
46 77 56
46 84 7
46 89 82
46 90 10
46 91 6
46 94 65
46 95 54
47 48 36
47 49 49
47 51 28
47 52 73
47 56 63
47 57 4
47 58 26
47 61 66
47 65 7
47 68 48
47 69 91
47 70 80
47 73 95
47 74 41
47 77 38
47 79 2
47 87 37
47 89 63
47 92 37
47 96 86
47 99 51
48 52 12
48 54 94
48 55 49
48 59 91
48 62 44
48 63 22
48 65 57
48 66 39
48 67 26
48 68 64
48 69 9
48 73 17
48 75 24
48 76 99
48 77 32
48 80 18
48 81 50
48 82 21
48 83 78
48 85 92
48 90 60
48 91 97
48 93 30
48 94 80
48 95 75
49 55 28
49 59 57
49 63 72
49 64 31
49 65 87
49 66 15
49 68 70
49 70 76
49 71 43
49 75 84
49 86 35
49 91 3
49 92 23
49 93 61
49 95 26
49 96 64
49 99 95
50 51 58
50 53 34
50 57 99
50 60 76
50 61 65
50 64 54
50 65 33
50 66 72
50 68 4
50 78 74
50 79 61
50 80 42
50 84 90
50 86 97
50 87 9
50 92 23
50 97 93
51 53 23
51 60 40
51 61 18
51 64 96
51 65 27
51 68 42
51 70 88
51 73 50
51 76 22
51 79 91
51 80 39
51 82 4
51 84 99
51 86 14
51 88 67
51 93 59
51 96 43
51 97 51
51 99 63
52 53 20
52 56 90
52 57 34
52 65 41
52 66 72
52 72 74
52 73 98
52 74 57
52 75 92
52 76 51
52 79 74
52 83 20
52 84 45
52 87 61
52 89 22
52 91 89
52 92 26
52 93 9
52 95 63
52 99 68
53 60 15
53 61 48
53 64 97
53 65 15
53 66 94
53 73 41
53 74 78
53 76 48
53 77 60
53 78 45
53 79 5
53 82 8
53 83 38
53 84 76
53 86 26
53 88 71
53 91 79
53 92 20
53 95 38
53 96 73
53 97 91
53 99 21
54 56 94
54 57 52
54 59 46
54 62 61
54 65 45
54 66 38
54 69 15
54 71 49
54 73 41
54 75 15
54 76 68
54 77 83
54 81 62
54 86 11
54 87 30
54 88 65
54 92 27
54 93 77
54 96 70
55 56 16
55 60 16
55 61 42
55 62 19
55 65 54
55 67 3
55 68 27
55 70 66
55 73 22
55 74 10
55 77 52
55 78 1
55 79 41
55 80 77
55 81 10
55 82 49
55 83 16
55 84 64
55 86 35
55 89 12
55 90 10
55 92 47
55 93 88
55 95 70
55 96 30
55 97 67
55 98 50
56 57 99
56 60 52
56 62 51
56 64 63
56 65 35
56 66 90
56 67 27
56 69 46
56 70 60
56 72 45
56 73 96
56 81 8
56 83 86
56 84 76
56 88 74
56 93 94
56 95 79
56 96 73
56 97 81
57 59 88
57 60 73
57 61 88
57 62 99
57 65 3
57 67 81
57 68 67
57 70 26
57 74 68
57 78 52
57 80 83
57 84 49
57 85 35
57 86 43
57 87 47
57 92 87
57 93 44
57 94 11
57 97 2
58 61 67
58 63 32
58 65 59
58 66 62
58 68 90
58 70 67
58 72 2
58 75 3
58 78 76
58 79 39
58 80 88
58 81 58
58 82 62
58 85 82
58 89 1
58 93 26
58 94 87
58 96 55
58 97 80
58 98 28
59 60 59
59 64 23
59 70 50
59 74 60
59 82 69
59 83 74
59 84 86
59 85 63
59 87 22
59 93 47
59 94 25
59 96 92
59 97 96
59 98 70
59 99 36
60 61 52
60 62 71
60 66 17
60 67 63
60 69 97
60 70 24
60 71 67
60 72 67
60 73 39
60 74 38
60 75 23
60 76 95
60 79 78
60 80 27
60 87 1
60 89 69
60 94 28
60 95 88
60 96 52
60 99 33
61 65 49
61 69 71
61 70 82
61 71 34
61 72 15
61 78 80
61 80 18
61 83 96
61 84 41
61 88 90
61 90 78
61 91 4
61 92 1
62 64 60
62 67 16
62 68 17
62 72 50
62 73 61
62 74 29
62 76 32
62 77 99
62 78 20
62 79 60
62 82 99
62 83 24
62 85 60
62 87 10
62 89 73
62 93 6
62 95 83
62 98 58
63 65 77
63 66 24
63 67 41
63 68 2
63 70 45
63 71 33
63 76 44
63 79 8
63 87 88
63 92 58
63 94 10
63 96 43
63 99 39
64 68 2
64 73 94
64 76 25
64 79 51
64 80 90
64 83 35
64 87 22
64 88 6
64 89 69
64 90 98
64 94 27
64 98 19
65 68 14
65 69 61
65 74 12
65 76 39
65 83 74
65 84 78
65 85 40
65 86 34
65 88 20
65 89 49
65 90 2
65 93 51
65 95 74
65 97 69
65 98 88
65 99 89
66 68 64
66 71 11
66 73 34
66 75 6
66 77 54
66 79 66
66 80 23
66 82 79
66 85 41
66 87 44
66 88 1
66 92 38
66 94 89
66 96 72
66 97 8
66 99 9
67 68 91
67 69 98
67 70 73
67 71 14
67 74 26
67 79 48
67 82 8
67 83 66
67 85 32
67 89 83
67 90 13
67 91 84
67 94 88
67 97 36
68 69 75
68 74 29
68 77 52
68 80 40
68 82 98
68 84 58
68 86 51
68 87 56
68 88 74
68 92 79
68 99 91
69 72 92
69 74 95
69 77 77
69 78 6
69 79 42
69 81 58
69 85 51
69 88 76
69 89 12
69 91 30
69 92 88
69 93 77
69 97 75
70 71 95
70 75 99
70 81 3
70 83 99
70 84 20
70 85 38
70 86 36
70 87 63
70 89 76
70 92 88
70 98 45
71 74 59
71 77 10
71 79 55
71 80 22
71 81 77
71 85 32
71 86 37
71 87 80
71 89 80
71 95 93
71 98 6
71 99 56
72 78 74
72 79 41
72 81 92
72 82 25
72 85 76
72 86 23
72 88 54
72 92 57
72 94 65
73 75 17
73 78 99
73 81 53
73 84 36
73 85 44
73 92 8
73 93 71
73 94 21
73 95 31
74 76 17
74 77 80
74 78 21
74 79 44
74 80 33
74 84 69
74 87 51
74 89 90
74 94 80
74 95 11
74 96 44
74 97 30
74 98 45
74 99 79
75 76 42
75 84 49
75 86 82
75 89 15
75 90 88
75 96 55
76 77 59
76 78 31
76 80 4
76 81 82
76 82 96
76 83 62
76 86 20
76 90 72
76 91 75
76 92 55
76 93 1
76 96 68
76 97 95
76 98 8
76 99 38
77 79 36
77 81 87
77 82 80
77 83 23
77 84 65
77 85 35
77 86 49
77 88 79
77 90 40
77 91 83
77 93 41
77 94 16
77 95 11
77 96 15
77 98 34
77 99 8
78 81 8
78 83 97
78 84 3
78 86 35
78 90 10
78 93 39
78 94 93
78 97 22
78 99 92
79 81 33
79 87 15
79 88 57
79 91 29
79 94 31
79 95 13
79 97 57
79 98 53
80 83 85
80 84 77
80 87 56
80 93 72
80 94 9
80 96 24
80 97 41
81 84 72
81 85 7
81 88 35
81 92 54
81 97 72
81 99 4
82 87 11
82 92 73
82 94 35
82 95 25
82 97 33
83 85 34
83 87 51
83 88 51
83 89 42
83 91 18
83 94 62
83 99 90
84 85 97
84 87 79
84 88 26
84 90 76
84 91 26
84 92 68
84 94 32
84 96 15
85 86 55
85 87 73
85 88 69
85 93 3
85 98 98
86 87 1
86 93 7
86 94 17
86 96 39
87 90 25
87 92 58
87 94 37
87 96 8
88 94 82
88 97 65
89 94 32
89 99 34
90 92 82
90 93 45
90 96 7
90 98 93
91 92 5
91 95 53
91 96 32
91 99 68
92 94 95
92 95 61
92 98 51
92 99 49
93 98 75
95 96 69
95 99 21
96 97 51
96 98 8
97 99 73
98 99 86