80
0 1 68.3
0 9 40.6
0 10 83.5
0 13 14.4
0 14 61.2
0 15 32.6
0 17 36.1
0 20 6.3
0 26 49.4
0 27 59.1
0 35 23.5
0 36 82.1
0 37 47.7
0 38 90.7
0 43 74.0
0 44 48.9
0 51 33.1
0 53 95.3
0 60 48.3
0 64 42.0
0 66 88.4
0 69 54.5
0 72 47.5
0 73 75.8
1 4 25.7
1 5 16.1
1 7 79.9
1 13 29.3
1 15 38.6
1 18 32.4
1 19 70.5
1 21 12.3
1 22 77.3
1 26 53.1
1 30 37.4
1 36 25.7
1 40 75.5
1 42 17.8
1 51 52.5
1 52 98.6
1 53 29.7
1 55 82.7
1 56 27.4
1 58 33.7
1 59 81.2
1 65 51.9
1 67 53.0
1 72 8.6
2 5 9.4
2 7 4.1
2 10 84.7
2 11 14.1
2 13 50.3
2 15 49.5
2 17 8.3
2 26 40.0
2 27 17.7
2 29 14.7
2 31 55.6
2 32 55.2
2 37 31.2
2 38 21.5
2 39 35.7
2 43 39.3
2 44 71.8
2 45 78.2
2 48 62.0
2 49 77.3
2 56 62.8
2 59 52.8
2 63 18.2
2 66 29.2
2 72 79.6
2 73 23.6
2 74 53.1
3 4 17.3
3 5 6.7
3 10 11.9
3 14 7.9
3 15 78.0
3 23 69.3
3 27 92.9
3 28 83.1
3 33 76.6
3 41 89.6
3 43 42.8
3 44 38.6
3 47 20.9
3 48 11.4
3 50 35.3
3 51 31.6
3 52 74.4
3 54 69.5
3 59 55.4
3 63 21.6
3 65 58.4
3 69 3.9
3 72 59.2
3 73 13.4
4 9 90.6
4 12 30.1
4 19 90.2
4 24 24.4
4 25 1.3
4 28 18.9
4 29 68.7
4 32 11.8
4 37 40.5
4 40 65.9
4 44 44.1
4 45 22.1
4 46 26.2
4 47 18.6
4 52 51.3
4 54 29.7
4 55 61.4
4 63 48.9
4 65 37.6
4 68 11.2
4 76 41.3
4 79 0.9
5 6 97.3
5 7 42.9
5 10 62.2
5 16 26.9
5 21 83.1
5 22 16.6
5 26 18.2
5 27 53.3
5 35 75.8
5 37 28.8
5 40 45.1
5 41 90.7
5 42 55.3
5 43 16.1
5 48 71.9
5 50 17.3
5 53 35.6
5 60 55.4
5 62 59.5
5 67 40.1
5 68 21.0
5 75 34.8
5 76 11.5
6 21 50.2
6 27 36.7
6 28 81.4
6 32 46.6
6 41 38.2
6 44 69.4
6 50 33.2
6 51 6.3
6 54 56.1
6 65 3.2
6 71 73.2
6 72 38.8
6 75 41.6
6 77 46.6
6 78 80.0
7 11 82.5
7 13 50.4
7 18 45.9
7 19 96.6
7 20 94.4
7 34 12.5
7 36 97.2
7 37 63.2
7 44 62.3
7 46 7.4
7 47 58.0
7 54 34.9
7 67 77.7
7 68 13.9
7 69 60.8
7 74 50.8
7 75 86.4
7 79 44.6
8 10 29.6
8 12 36.8
8 18 79.6
8 20 51.3
8 23 58.2
8 24 79.0
8 25 20.1
8 26 52.9
8 28 63.3
8 29 78.2
8 33 52.3
8 34 61.4
8 37 68.3
8 48 55.9
8 50 88.5
8 53 52.7
8 54 42.1
8 60 17.1
8 61 72.2
8 64 38.4
8 65 70.8
8 67 84.7
8 68 86.1
8 71 71.3
8 72 72.5
8 77 22.8
8 79 33.8
9 10 93.7
9 17 37.1
9 21 56.4
9 25 95.0
9 26 99.3
9 27 30.0
9 35 41.2
9 39 23.2
9 47 92.3
9 50 37.9
9 62 8.9
9 63 83.1
9 64 99.7
9 66 66.6
9 74 45.0
10 12 20.5
10 14 13.1
10 19 41.6
10 22 92.6
10 24 31.2
10 25 85.5
10 26 42.7
10 28 30.1
10 31 66.3
10 35 49.1
10 39 16.6
10 43 99.8
10 45 24.3
10 48 30.5
10 49 86.8
10 51 0.1
10 54 39.4
10 58 6.9
10 68 18.6
10 69 44.4
10 78 1.4
11 13 17.8
11 17 99.6
11 22 1.0
11 24 4.3
11 26 98.8
11 29 16.2
11 35 19.6
11 36 86.7
11 38 23.3
11 44 45.0
11 47 64.7
11 58 15.3
11 59 46.7
11 62 1.6
11 66 41.5
11 70 8.3
11 71 22.3
11 77 1.6
11 78 4.4
11 79 82.2
12 17 27.5
12 21 0.6
12 23 6.1
12 26 78.1
12 28 63.9
12 33 23.3
12 34 38.4
12 35 1.6
12 39 34.9
12 40 37.8
12 41 51.4
12 43 23.9
12 48 5.4
12 55 41.1
12 61 4.3
12 66 50.8
12 68 58.6
12 72 4.8
12 74 22.7
12 75 20.9
12 77 34.6
13 15 15.7
13 17 79.4
13 18 58.5
13 19 77.0
13 20 56.6
13 21 10.1
13 22 34.9
13 23 92.8
13 24 83.9
13 25 89.1
13 29 9.1
13 31 13.3
13 37 20.1
13 39 44.9
13 42 43.6
13 43 55.9
13 52 64.0
13 62 2.8
13 65 14.5
13 67 90.7
13 68 57.6
13 71 15.2
13 77 93.2
13 79 50.8
14 16 72.8
14 18 70.3
14 20 33.5
14 23 27.9
14 25 19.6
14 26 83.6
14 30 34.7
14 32 44.7
14 41 4.1
14 43 41.4
14 51 59.9
14 54 84.1
14 55 51.7
14 59 93.9
14 62 71.5
14 65 94.5
14 71 35.1
14 79 22.1
15 20 73.4
15 28 82.3
15 29 40.6
15 37 71.3
15 40 85.7
15 41 75.4
15 43 98.9
15 53 9.9
15 57 12.6
15 59 31.7
15 61 21.8
15 63 83.8
15 65 62.8
15 66 58.1
15 71 85.0
16 18 5.7
16 20 65.4
16 21 84.9
16 22 89.1
16 24 43.7
16 25 64.4
16 26 26.8
16 29 88.9
16 31 42.8
16 34 40.6
16 37 89.9
16 40 18.0
16 41 2.8
16 43 91.9
16 48 24.5
16 50 5.7
16 51 50.7
16 52 46.3
16 56 38.5
16 65 44.1
16 67 68.0
16 77 44.5
17 20 78.4
17 24 45.4
17 30 64.9
17 32 6.5
17 34 59.1
17 35 90.8
17 37 19.4
17 40 1.8
17 42 73.5
17 44 71.3
17 45 96.3
17 53 93.4
17 55 65.6
17 56 10.3
17 60 95.1
17 66 48.4
17 69 7.7
17 70 31.8
17 72 14.4
17 75 19.2
17 76 82.2
17 77 31.1
18 19 1.6
18 25 41.6
18 27 63.0
18 28 60.1
18 31 86.3
18 34 79.6
18 45 77.3
18 47 22.5
18 50 39.9
18 55 2.1
18 56 18.4
18 61 81.9
18 62 42.5
18 65 56.0
18 68 50.6
18 70 25.0
18 72 57.1
18 74 99.1
18 78 44.4
19 20 11.9
19 22 39.2
19 23 73.6
19 25 82.7
19 26 98.2
19 31 69.1
19 34 87.3
19 38 28.6
19 46 94.0
19 56 80.6
19 58 53.3
19 59 96.3
19 61 48.1
19 62 11.8
19 74 75.2
19 78 99.9
20 26 99.7
20 27 78.6
20 30 44.7
20 40 85.3
20 43 74.3
20 47 58.9
20 53 21.2
20 65 13.0
20 68 56.4
20 69 2.7
20 70 63.8
20 71 28.1
21 23 41.3
21 25 75.8
21 26 34.3
21 27 32.8
21 34 49.5
21 39 51.8
21 54 38.2
21 55 23.1
21 58 2.4
21 60 21.1
21 62 40.2
21 66 74.4
21 67 75.9
21 71 84.6
21 72 87.2
21 74 82.1
22 34 25.7
22 38 86.3
22 39 37.2
22 40 99.6
22 46 18.2
22 51 45.5
22 53 98.7
22 54 58.9
22 56 90.0
22 57 31.6
22 59 92.6
22 61 7.2
22 62 21.9
22 67 53.8
22 71 97.4
22 72 18.3
22 78 56.3
23 25 70.4
23 27 39.5
23 29 86.6
23 38 92.3
23 40 2.4
23 41 91.8
23 42 67.6
23 43 10.4
23 50 24.0
23 52 88.1
23 53 54.1
23 55 3.4
23 65 87.6
23 66 69.6
23 69 38.0
23 72 13.0
23 75 81.6
23 76 18.7
24 26 11.3
24 28 26.9
24 34 1.2
24 38 85.6
24 41 88.8
24 42 58.0
24 43 40.3
24 44 8.7
24 45 92.0
24 54 48.5
24 57 93.3
24 59 93.3
24 61 55.0
24 66 56.4
24 70 90.0
24 71 41.7
24 72 96.4
24 76 35.7
24 79 1.9
25 30 22.5
25 35 53.1
25 37 22.3
25 48 50.5
25 51 34.9
25 52 62.9
25 56 17.2
25 60 2.4
25 61 37.4
25 62 43.4
25 64 24.2
25 71 59.5
25 72 33.5
25 75 81.8
25 76 15.3
25 77 87.9
25 78 33.1
26 27 61.3
26 28 91.9
26 38 66.6
26 41 55.7
26 42 34.4
26 50 66.3
26 52 31.1
26 60 58.5
26 68 16.0
26 71 59.4
26 75 96.4
26 77 80.5
26 78 93.9
27 34 99.3
27 35 60.4
27 38 42.8
27 44 96.1
27 47 17.2
27 51 72.8
27 55 63.8
27 63 75.0
27 68 59.6
27 70 66.4
27 74 6.0
27 75 70.4
27 78 99.4
27 79 54.0
28 31 55.0
28 34 18.2
28 37 41.1
28 39 43.8
28 44 72.4
28 55 24.1
28 58 91.2
28 65 25.8
28 68 18.3
28 70 11.4
28 72 37.9
28 74 75.2
28 78 57.0
28 79 4.5
29 31 75.7
29 39 61.3
29 44 28.2
29 48 61.1
29 50 8.5
29 52 80.2
29 53 58.6
29 54 66.7
29 56 77.9
29 60 76.1
29 62 1.6
29 64 0.4
29 65 55.2
29 74 16.7
29 76 80.0
29 77 54.4
30 31 52.4
30 33 47.4
30 34 37.8
30 35 21.5
30 37 79.4
30 39 98.6
30 43 4.4
30 45 11.2
30 50 28.5
30 53 64.8
30 55 29.1
30 56 72.0
30 57 53.3
30 61 28.3
30 62 91.3
30 63 9.0
30 64 13.5
30 65 48.6
30 66 13.1
30 68 80.2
30 73 25.6
30 77 85.1
30 79 59.1
31 35 62.5
31 41 1.3
31 44 91.8
31 50 70.0
31 51 10.0
31 53 44.3
31 57 68.7
31 63 16.6
31 64 53.6
31 69 12.6
31 72 36.3
31 75 29.5
31 77 92.6
32 33 89.4
32 34 16.7
32 39 4.5
32 44 68.8
32 47 13.7
32 48 45.6
32 54 31.5
32 55 75.6
32 58 62.5
32 61 81.7
32 63 69.9
32 64 59.4
32 67 38.5
32 69 38.6
32 75 93.7
32 77 92.9
32 78 19.8
33 37 79.2
33 38 20.6
33 39 84.7
33 40 56.1
33 42 2.1
33 50 30.1
33 51 26.2
33 55 11.0
33 57 47.6
33 58 36.9
33 59 6.5
33 60 24.4
33 61 54.3
33 62 45.3
33 67 92.8
33 68 55.1
33 69 11.2
33 70 13.1
33 72 65.0
33 77 36.5
33 79 62.7
34 35 13.5
34 39 24.1
34 47 74.8
34 50 45.9
34 62 74.7
34 64 72.4
34 65 32.1
34 67 19.0
34 72 87.5
34 73 73.4
34 74 88.4
34 79 4.5
35 38 31.9
35 45 85.6
35 50 68.3
35 51 47.2
35 56 93.3
35 59 2.2
35 65 52.0
35 67 75.9
35 70 59.4
35 74 83.2
36 39 79.7
36 50 4.0
36 51 15.8
36 53 89.6
36 55 54.1
36 56 35.2
36 66 98.8
36 67 60.0
36 69 51.9
36 71 16.1
36 75 65.7
36 78 90.8
37 38 56.8
37 40 13.7
37 48 57.4
37 50 8.5
37 52 6.3
37 54 18.4
37 58 32.9
37 60 78.5
37 64 24.6
37 65 15.6
37 66 9.5
37 77 92.5
37 79 76.1
38 39 81.5
38 40 64.1
38 43 89.6
38 50 84.7
38 51 15.8
38 53 39.8
38 55 27.9
38 56 28.8
38 59 70.1
38 60 94.3
38 61 9.0
38 63 17.2
38 70 61.4
38 74 48.5
39 40 69.6
39 44 13.5
39 45 65.7
39 49 65.7
39 62 54.9
39 63 55.0
39 68 82.2
39 69 78.3
39 70 83.5
39 71 16.5
39 73 82.6
39 74 10.2
39 76 0.6
40 51 84.6
40 54 94.8
40 58 61.3
40 65 99.1
40 70 54.5
40 73 33.1
40 76 19.4
40 77 25.3
40 78 57.5
41 42 25.2
41 46 94.8
41 50 62.5
41 51 31.2
41 52 55.3
41 54 3.3
41 56 78.7
41 60 91.7
41 61 59.3
41 62 67.5
41 67 65.8
41 69 71.7
41 72 55.9
41 79 52.8
42 44 19.5
42 50 72.2
42 55 60.9
42 56 2.6
42 60 51.1
42 61 10.4
42 63 55.3
42 66 54.1
42 67 37.6
42 69 52.8
42 71 2.3
42 73 75.0
42 75 94.5
42 76 22.5
43 46 45.0
43 47 40.1
43 50 4.4
43 51 34.9
43 57 73.7
43 59 54.7
43 62 64.5
43 65 44.8
43 66 64.0
44 47 88.0
44 48 68.0
44 49 47.4
44 50 64.6
44 64 35.3
44 65 62.4
44 67 53.1
44 70 30.8
44 75 23.4
44 76 20.8
45 47 1.3
45 49 25.0
45 55 97.5
45 62 38.6
45 66 96.2
45 68 44.4
45 71 47.6
45 78 43.2
46 52 20.3
46 59 11.8
46 60 57.2
46 65 56.1
46 67 16.2
46 75 13.1
46 77 54.1
46 78 99.8
47 52 43.9
47 53 96.1
47 55 76.2
47 57 5.8
47 59 62.2
47 61 66.7
47 63 8.8
47 64 91.8
47 67 13.5
47 72 98.0
47 73 0.2
47 74 34.1
47 79 25.1
48 50 84.3
48 53 32.2
48 55 49.8
48 56 71.6
48 59 47.2
48 62 20.3
48 64 64.1
48 67 84.5
49 53 35.3
49 55 37.3
49 56 85.4
49 61 16.9
50 54 70.3
50 59 94.6
50 61 84.6
50 70 93.1
50 71 65.8
50 73 73.5
51 54 33.6
51 58 4.6
51 60 41.7
51 62 67.4
51 71 64.5
51 72 93.3
51 73 61.7
51 74 42.7
51 79 73.6
52 59 31.8
52 60 43.2
52 64 8.4
52 65 57.4
52 73 81.3
52 78 16.8
52 79 88.9
53 56 87.4
53 57 47.6
53 62 59.6
53 63 66.0
53 68 78.1
53 69 35.8
53 70 1.0
53 71 61.6
53 73 59.8
53 74 90.1
53 77 21.1
54 55 46.6
54 59 44.1
54 63 33.4
54 65 43.1
54 69 55.8
54 79 36.5
55 62 68.0
55 63 55.7
55 65 85.1
55 67 43.4
55 69 63.4
55 70 16.6
55 76 40.5
56 58 53.8
56 62 91.7
56 69 75.6
56 73 11.5
56 75 29.7
56 76 26.9
57 58 6.2
57 63 95.4
57 70 63.7
57 73 75.9
57 74 19.6
58 60 8.5
58 63 21.1
58 64 81.2
58 70 64.4
58 71 66.7
59 61 67.5
59 64 72.7
59 76 52.2
60 64 91.6
60 70 85.0
60 73 39.0
60 76 55.2
61 67 37.2
61 72 72.2
61 73 26.4
61 74 41.5
61 77 36.0
61 78 24.2
62 65 12.9
62 68 47.6
62 72 19.6
62 74 57.8
62 76 95.2
62 77 22.0
62 79 68.5
63 66 22.5
63 69 85.4
63 71 7.6
63 73 35.4
63 78 54.3
63 79 66.9
64 66 56.6
64 67 49.5
64 69 73.4
64 71 73.3
64 72 77.2
64 74 38.8
64 75 23.2
65 70 94.4
65 72 64.7
65 75 45.9
65 77 61.6
65 79 2.3
66 72 66.1
66 74 98.4
66 78 79.3
66 79 48.7
67 68 21.1
67 70 73.6
67 72 25.1
67 75 22.0
67 78 69.9
68 74 92.6
68 75 49.0
68 77 17.6
70 74 55.3
70 78 70.8
71 78 16.8
71 79 83.5
72 78 63.8
73 77 27.5
74 75 45.0
74 78 7.7
77 78 15.7
78 79 49.8
