100
32 54 6.165
14 74 27.465
21 28 93.098
8 63 26.695
29 44 3.411
54 92 13.858
2 78 6.733
41 57 77.829
12 59 72.636
15 30 3.051
17 64 99.479
42 88 81.639
6 98 65.494
10 97 37.791
13 20 36.308
0 55 64.62
60 81 59.82
23 95 80.208
8 87 62.687
45 78 23.165
14 77 94.373
70 94 13.617
53 62 98.443
1 40 36.991
57 59 76.557
4 35 38.858
95 98 33.652
8 38 17.872
7 22 85.139
48 77 64.162
29 37 28.901
73 91 59.753
54 87 9.778
1 89 49.675
2 73 66.88
12 50 45.049
77 95 13.161
42 67 31.019
66 93 10.559
35 96 32.759
3 11 65.726
23 84 94.522
8 94 22.481
33 74 5.225
14 84 1.022
70 81 4.579
1 33 32.547
57 60 55.616
4 42 59.512
7 15 35.862
48 68 84.77
11 72 2.109
12 90 49.854
33 59 29.246
2 64 95.879
41 43 64.897
5 53 48.316
26 74 22.249
9 50 9.986
27 72 67.355
12 41 48.766
20 89 23.644
76 78 42.869
24 28 48.568
42 74 66.524
6 92 89.464
45 47 41.015
49 52 19.312
30 86 27.431
8 69 88.024
64 98 8.795
85 89 24.904
33 67 78.325
38 97 74.209
21 55 18.044
26 34 22.737
11 65 53.03
29 55 75.105
16 20 81.763
36 95 71.752
2 91 59.064
41 44 33.092
79 91 43.617
9 59 82.822
42 53 34.811
6 87 92.842
10 26 50.501
67 71 34.96
13 63 54.972
31 85 73.424
0 28 29.953
8 76 5.784
32 82 70.245
71 83 87.671
18 93 59.786
1 51 55.818
4 24 97.283
33 53 48.554
73 78 51.135
36 70 38.891
37 80 4.771
54 56 57.923
61 74 53.629
26 92 51.931
34 44 87.832
52 70 6.543
5 72 77.23
67 76 49.936
13 56 19.032
55 72 14.852
23 99 21.505
33 93 82.681
18 84 72.745
21 57 99.804
4 7 3.124
39 99 33.356
26 52 47.193
22 40 69.559
5 32 95.4
51 85 46.631
34 39 22.233
52 77 26.549
6 65 35.054
10 12 71.867
49 95 41.81
30 75 72.133
31 91 93.702
38 59 37.542
40 81 99.547
50 54 75.676
33 86 7.103
90 97 53.962
1 13 98.252
58 86 14.664
4 14 50.068
43 93 81.551
26 63 68.207
48 96 39.888
97 98 46.121
5 41 70.104
61 92 52.433
30 35 45.562
52 84 80.905
15 64 88.342
42 46 61.346
10 55 75.558
49 80 15.719
13 42 35.818
55 94 16.519
25 31 44.773
64 78 12.984
11 28 58.58
14 59 67.538
58 81 76.425
21 75 31.467
22 75 44.658
43 82 90.542
44 92 30.997
46 61 48.274
37 75 45.767
2 63 75.461
22 58 22.956
5 18 4.425
61 85 32.57
34 57 81.498
15 73 60.683
0 73 75.068
17 23 43.727
6 51 42.475
49 73 70.689
50 89 94.476
74 83 23.416
55 87 27.178
38 53 60.753
3 85 88.518
65 73 56.226
29 99 37.385
33 96 36.839
18 65 37.594
58 88 86.955
22 66 41.032
43 75 98.5
44 91 77.594
7 97 31.642
11 98 71.884
51 59 27.99
15 33 76.437
2 54 2.822
22 61 58.338
5 27 66.197
10 86 36.205
30 45 61.277
86 94 18.246
34 48 45.821
52 90 48.11
10 57 95.054
50 80 21.351
31 54 71.184
74 90 92.416
38 44 51.718
3 90 60.025
4 84 24.004
64 92 95.573
65 66 44.622
1 16 16.837
58 99 84.41
21 93 41.594
7 94 67.476
83 89 41.194
46 79 85.747
68 88 82.523
69 86 38.011
36 97 40.088
19 43 93.621
2 49 37.601
62 79 42.688
9 65 77.669
15 95 56.312
24 77 67.784
23 47 68.823
6 45 74.181
25 65 42.313
50 75 95.541
31 63 12.89
35 56 83.854
75 81 38.112
4 83 95.878
64 83 51.619
65 91 67.946
28 73 90.954
22 92 12.509
7 87 6.154
46 86 82.276
47 76 96.44
68 71 91.369
19 48 46.546
2 8 28.406
41 99 4.037
24 37 85.311
5 13 78.256
87 90 54.833
34 66 94.338
35 80 50.711
77 96 92.31
24 84 48.273
10 43 99.679
13 78 46.845
31 36 43.881
18 27 40.047
75 86 33.319
40 52 14.414
3 72 63.933
8 29 57.754
65 92 35.408
28 64 10.075
11 56 43.226
29 78 62.728
1 98 14.658
7 76 57.783
46 89 25.946
47 85 59.272
12 25 97.415
69 88 98.283
16 92 50.843
56 67 66.119
24 44 93.046
10 67 18.437
47 58 97.069
86 99 65.552
34 93 2.592
35 89 70.217
25 83 19.957
81 94 76.916
28 40 36.806
13 71 83.553
31 45 91.41
35 38 2.383
40 59 55.123
4 65 98.354
65 85 43.523
11 49 92.724
29 71 31.467
14 30 94.572
89 95 73.799
39 50 57.416
44 63 4.488
46 96 47.252
47 82 87.715
12 16 68.908
48 58 14.952
88 97 3.691
19 62 56.783
2 26 48.609
56 57 35.369
20 39 78.806
3 41 21.669
60 78 89.043
32 34 64.455
13 64 50.14
31 42 99.266
39 90 9.12
4 72 75.88
63 80 5.406
28 86 27.673
29 64 33.584
90 94 28.728
54 72 49.487
22 97 57.657
44 54 69.86
7 66 10.506
12 15 70.077
17 92 13.597
56 81 22.602
87 97 88.677
0 35 48.008
91 98 92.963
20 46 38.403
59 93 89.32
60 69 91.002
23 51 19.036
6 9 41.909
82 86 79.684
32 57 25.214
39 83 1.079
8 50 6.377
63 89 66.41
48 89 75.496
16 50 71.605
53 83 1.643
36 61 78.405
9 21 50.137
17 85 53.345
20 70 65.278
0 58 60.639
25 38 36.958
28 53 76.172
32 48 62.162
14 64 36.732
4 62 81.003
8 57 27.43
7 35 12.185
63 70 55.13
48 80 84.022
16 41 22.868
72 86 23.138
53 92 34.187
1 78 95.579
41 55 12.376
12 61 63.838
17 78 42.624
13 26 36.363
20 60 3.226
25 47 87.948
45 84 94.375
50 97 17.624
14 75 46.472
21 27 82.419
8 32 3.467
7 24 20.524
63 79 85.39
48 87 20.988
11 93 72.545
33 40 94.375
73 81 35.729
54 93 68.187
1 71 83.747
2 79 29.436
41 56 2.095
78 87 78.826
12 52 69.316
52 99 60.168
15 25 28.532
76 89 82.744
42 89 63.206
5 83 30.828
45 60 84.369
66 67 35.982
49 57 21.15
13 19 92.891
20 59 20.292
3 5 48.631
59 96 46.0
25 48 10.663
8 88 15.737
84 88 26.135
85 86 60.317
70 95 58.573
1 47 85.391
57 58 53.778
7 17 63.454
48 78 94.686
11 82 51.942
29 36 36.967
16 39 12.671
36 42 51.954
1 88 19.283
2 70 59.96
54 84 11.584
78 94 76.583
26 64 51.321
17 56 79.436
19 99 73.04
20 83 42.087
37 53 64.56
42 64 21.075
6 90 45.444
66 90 46.85
67 88 24.938
35 99 61.786
0 15 63.546
3 10 58.479
23 87 16.262
8 95 81.479
25 57 3.261
70 86 98.332
71 92 28.274
21 45 70.256
48 69 38.859
11 75 73.577
33 58 60.316
72 75 3.285
36 81 31.118
79 93 27.667
26 75 23.417
9 49 26.955
17 49 10.809
37 62 43.795
76 79 75.459
42 75 32.971
6 93 83.809
45 46 6.992
66 85 85.515
0 6 90.366
60 96 77.054
32 92 51.855
33 66 4.978
71 85 58.106
18 99 67.882
57 68 6.87
4 18 26.428
80 99 64.324
26 35 72.677
11 64 24.629
12 82 8.151
33 51 57.482
2 88 99.25
5 61 38.253
79 90 93.575
26 82 81.333
9 58 88.685
27 64 52.138
51 70 55.269
17 42 22.088
37 39 43.725
77 80 6.399
67 70 97.284
91 92 96.846
32 83 22.749
33 91 25.15
14 39 90.446
1 50 29.693
4 25 39.087
26 42 80.756
63 99 82.213
12 73 91.26
33 52 69.591
73 77 22.855
37 95 55.817
2 83 4.397
5 38 86.417
61 73 98.295
27 89 57.716
31 93 32.214
92 93 15.851
55 75 46.539
3 97 58.019
71 75 60.393
18 85 81.028
1 11 84.291
58 76 20.644
21 56 49.072
39 98 31.445
26 53 22.862
46 48 64.3
12 64 94.994
72 96 10.638
58 63 89.418
62 80 51.027
34 36 43.258
17 36 43.505
52 78 27.504
49 94 20.903
30 72 35.259
31 90 92.318
32 97 86.175
50 55 82.853
14 49 65.14
18 76 17.269
58 87 71.041
4 15 28.074
43 92 46.53
46 59 52.472
37 65 88.189
22 32 70.473
5 40 8.887
9 45 7.849
30 32 5.307
34 63 33.296
15 67 54.122
17 29 58.665
52 85 19.459
42 47 95.292
6 57 55.039
10 52 62.016
49 87 94.054
50 95 35.258
13 41 91.208
31 67 13.411
8 98 9.934
64 79 37.343
11 31 52.527
53 99 65.217
18 71 75.541
21 74 70.738
22 72 28.331
44 93 22.282
19 28 33.825
2 60 22.69
37 74 64.994
22 59 49.311
61 84 43.726
30 43 26.364
34 54 48.873
15 72 32.309
24 64 25.572
23 24 47.331
6 48 6.742
10 63 2.528
49 72 58.726
50 86 24.938
18 47 31.104
55 86 82.241
38 42 37.685
40 64 45.405
65 72 57.998
1 30 49.32
58 89 4.03
44 84 97.007
68 82 5.247
15 32 29.445
2 55 68.291
22 50 3.083
5 26 47.828
98 99 79.618
62 69 94.933
10 87 6.678
86 95 46.631
34 49 94.117
15 81 33.308
0 65 69.758
52 91 75.834
49 65 55.003
74 91 54.347
40 71 45.398
1 23 42.103
21 92 52.468
22 90 32.035
7 89 89.569
69 85 9.215
15 41 8.158
19 42 24.904
22 53 94.872
62 76 1.022
9 64 8.608
27 58 18.179
87 92 17.388
15 94 52.211
3 53 98.713
6 34 19.043
81 99 29.21
10 33 33.39
50 72 88.967
13 84 94.738
14 98 28.351
75 80 79.693
4 92 3.597
8 23 81.974
64 84 62.922
22 93 88.493
83 97 6.632
46 87 99.218
15 54 9.594
19 51 79.384
41 98 73.976
5 12 50.399
9 73 98.495
10 89 46.372
27 51 35.66
34 67 69.464
0 95 16.578
59 73 42.994
24 85 25.586
25 73 58.482
6 37 30.421
23 39 8.45
50 67 70.359
31 39 94.432
3 75 15.827
4 91 5.507
8 30 42.248
28 65 85.014
29 77 80.849
22 84 81.203
7 79 30.968
47 84 27.458
16 93 20.483
15 63 49.166
56 68 20.765
19 56 10.794
86 96 1.446
34 90 46.823
0 86 97.717
20 25 35.777
59 78 42.173
24 92 15.611
25 82 54.501
6 28 36.586
81 93 21.39
28 41 26.63
31 44 50.41
35 41 20.025
75 78 69.923
38 86 71.934
39 92 70.651
4 66 98.465
40 60 65.044
7 55 8.325
65 84 57.223
11 48 29.454
29 70 71.013
14 31 96.214
53 64 87.92
39 45 37.542
46 97 77.362
47 93 69.539
12 17 32.408
48 59 9.004
88 98 56.617
16 84 13.615
17 90 52.167
56 75 40.661
42 98 29.54
10 75 48.896
52 63 41.534
0 45 72.874
56 58 37.445
3 40 98.996
60 79 83.52
23 53 54.357
25 91 40.594
4 73 28.015
60 62 90.602
63 83 92.58
28 87 7.011
16 60 91.987
90 95 55.992
36 55 58.251
54 73 71.471
2 99 24.716
39 42 69.172
44 55 25.228
9 19 13.831
48 50 62.218
47 90 51.481
17 83 51.909
56 82 33.465
19 70 82.98
2 18 43.44
41 85 16.534
24 59 37.185
87 96 25.492
35 70 46.045
0 36 40.932
20 47 30.966
60 70 83.389
23 50 35.915
6 14 17.136
82 87 13.106
45 97 84.421
32 58 91.25
38 64 32.354
39 82 49.7
4 48 6.073
40 42 37.923
8 51 91.166
63 88 19.038
48 90 47.981
29 88 27.713
16 51 60.357
44 46 30.773
9 20 78.893
16 66 17.275
17 84 48.125
20 71 43.497
41 94 69.189
27 31 38.915
66 78 39.757
0 59 48.211
20 54 28.763
59 85 26.865
28 54 49.697
14 65 16.557
70 98 26.656
39 75 35.94
11 39 25.808
53 91 54.668
36 37 56.34
54 91 54.547
12 62 14.472
15 19 43.685
17 77 21.594
19 84 68.362
20 78 71.313
42 95 18.906
66 73 95.842
30 99 83.275
13 25 6.577
92 99 60.932
20 61 92.884
23 64 84.314
45 83 69.91
32 72 97.536
14 72 30.186
39 64 92.235
4 38 16.155
7 27 57.513
48 72 16.267
11 92 4.937
16 33 10.63
54 82 69.143
2 76 96.335
41 63 14.801
78 84 80.949
26 70 24.049
12 53 62.624
20 85 67.09
76 90 31.698
42 70 43.198
6 96 47.419
67 82 42.614
0 9 84.131
3 4 56.985
23 89 38.395
8 89 58.433
25 55 47.288
14 83 43.951
53 60 54.006
1 46 12.44
21 35 9.659
4 45 12.082
8 40 20.893
7 16 55.878
11 85 89.5
12 93 20.202
16 24 33.604
73 89 72.678
36 43 35.319
1 95 74.018
2 71 16.587
54 85 76.833
79 87 28.829
17 63 65.732
19 98 45.256
20 92 12.636
77 93 36.353
42 65 61.548
5 91 87.774
45 52 90.488
3 13 74.215
25 56 64.622
45 69 78.646
84 96 65.488
85 94 65.33
32 70 3.257
70 87 12.614
11 74 40.768
12 84 81.347
72 76 30.266
36 82 39.513
2 94 6.625
26 72 88.078
9 48 69.424
27 74 31.171
51 64 37.658
17 48 64.53
37 61 74.21
77 86 56.466
24 30 39.572
5 68 13.802
6 82 84.977
42 72 78.218
33 65 38.419
14 93 62.571
71 84 42.019
18 96 48.689
4 19 45.862
33 50 24.071
73 75 62.801
37 85 10.422
22 28 56.13
26 83 42.957
9 57 13.018
27 67 90.725
37 38 4.497
20 98 67.601
42 51 61.91
5 77 49.779
6 85 65.607
10 24 87.524
30 95 66.52
13 61 59.553
91 95 23.75
55 77 16.587
8 78 6.745
65 99 62.792
85 96 4.63
18 91 97.053
57 76 14.052
21 62 5.807
4 26 79.222
43 97 74.659
63 98 21.302
12 74 37.979
73 76 95.902
36 64 28.856
37 94 93.987
5 37 1.884
61 72 98.644
30 55 72.311
51 78 44.858
34 42 79.415
17 34 74.029
52 64 28.34
37 47 96.194
42 58 34.348
25 98 37.343
33 83 4.573
71 74 54.907
1 10 84.123
21 71 25.928
80 82 92.403
46 49 91.711
72 97 65.458
2 43 7.539
58 60 58.423
5 46 41.339
62 81 42.572
9 43 4.539
51 87 79.441
15 69 70.359
17 27 92.428
37 40 62.157
6 71 99.334
31 69 18.104
18 58 80.728
38 57 36.152
40 83 17.177
11 25 33.401
32 98 81.479
33 84 77.578
14 54 12.426
50 52 54.394
18 77 3.425
4 8 1.029
43 95 72.029
26 61 27.06
48 98 15.992
2 34 85.349
93 99 38.129
22 33 38.988
61 90 7.159
52 86 71.577
42 44 71.119
6 62 65.165
49 86 1.7
13 40 56.316
31 66 88.957
74 86 65.639
40 90 63.167
4 96 98.828
25 29 65.178
8 99 3.729
11 30 36.835
14 57 27.287
53 98 83.129
1 4 55.405
22 73 75.908
43 84 85.964
44 94 3.389
51 52 33.245
69 98 83.07
19 31 78.973
37 73 26.289
61 83 29.245
9 85 35.572
27 47 35.917
30 40 31.946
34 55 45.565
15 75 20.029
0 75 6.238
52 93 81.829
6 49 13.301
13 33 51.257
31 75 40.234
18 44 64.148
55 81 57.517
3 87 59.631
43 60 26.82
64 71 60.68
65 79 82.167
11 23 49.383
1 29 64.062
21 82 39.733
22 64 12.934
44 85 98.694
51 61 92.299
19 36 87.255
62 74 45.336
27 36 9.683
10 84 22.762
86 92 66.898
0 66 60.836
24 72 79.997
6 40 80.592
13 90 92.799
35 53 83.974
74 88 64.606
40 72 16.088
28 76 3.552
11 12 48.493
54 98 31.106
58 97 61.321
21 91 35.169
22 91 54.343
43 66 16.619
44 76 23.809
7 88 20.495
83 91 84.078
46 77 73.043
19 45 86.072
24 32 78.52
9 71 98.996
27 61 66.718
47 54 79.924
87 95 24.969
34 73 42.159
15 89 32.523
3 52 83.328
24 79 86.519
23 41 91.879
6 35 81.265
25 71 94.269
81 98 99.991
13 83 44.936
14 99 45.956
31 57 90.898
35 58 17.083
18 30 43.467
75 83 33.913
40 79 16.945
4 93 87.34
64 85 64.873
28 75 32.697
22 82 50.672
44 75 34.048
7 81 27.478
83 96 82.041
47 78 62.772
12 28 70.577
69 93 11.683
15 49 66.574
2 6 33.275
24 39 4.818
9 72 45.001
47 63 56.03
34 64 37.192
35 82 36.298
0 80 23.742
6 26 62.742
10 41 5.645
50 64 51.918
38 92 43.315
40 54 30.342
4 68 54.246
7 57 88.372
65 82 15.059
28 66 7.478
39 55 46.462
44 66 4.682
7 78 17.793
47 87 65.808
12 27 72.388
69 70 59.655
15 62 50.14
19 59 15.513
10 65 70.745
66 98 89.929
34 91 55.847
3 34 87.393
59 65 45.094
24 93 74.343
6 29 62.235
82 98 29.903
31 47 11.5
40 61 66.27
4 67 75.497
7 54 11.049
63 85 47.429
28 89 27.389
11 51 88.219
29 69 47.416
14 28 9.702
89 93 97.008
88 99 93.65
69 79 83.378
56 76 31.474
19 64 81.762
2 24 54.509
42 99 20.016
52 56 78.521
56 59 44.292
59 70 83.628
6 20 75.302
81 85 37.875
32 36 69.188
39 84 53.628
4 74 30.945
60 63 6.64
8 13 6.377
7 47 59.28
63 82 94.705
28 80 36.343
29 94 64.24
16 61 4.59
90 92 79.623
48 51 35.418
69 72 19.144
56 83 76.428
2 19 24.541
9 99 84.592
35 73 8.393
0 37 69.205
3 16 37.557
60 71 11.185
23 77 35.165
25 35 97.038
28 56 57.473
40 43 50.032
21 23 8.863
4 49 47.869
7 36 2.453
63 91 40.59
48 91 8.27
29 87 32.213
53 81 58.356
36 63 84.503
44 47 94.794
27 97 32.854
15 21 98.222
17 75 4.245
56 90 17.65
20 64 3.701
41 93 56.855
42 85 17.729
27 30 52.543
66 79 33.778
13 31 58.343
0 60 61.571
20 55 47.155
3 25 46.638
59 84 58.485
32 50 68.506
4 56 4.993
7 29 31.171
63 64 38.334
29 80 76.248
16 43 17.825
72 88 40.734
36 38 46.906
41 53 37.472
78 82 62.052
15 18 96.232
17 76 12.515
41 70 99.23
42 92 96.79
66 70 98.869
0 51 70.92
3 30 20.551
23 67 63.532
45 82 55.267
14 73 80.295
70 90 54.393
23 70 55.018
8 34 18.259
7 26 57.69
48 73 1.262
11 95 50.605
29 41 57.55
72 95 54.767
73 87 83.07
36 45 22.857
54 83 60.633
2 77 70.05
78 85 70.897
15 27 36.63
17 69 41.523
41 79 80.883
42 71 94.309
5 81 99.669
6 97 80.918
45 58 11.869
67 85 45.616
55 97 52.625
59 98 98.71
25 54 6.817
32 64 62.639
53 59 69.382
71 97 88.639
21 34 85.11
4 46 44.855
8 41 72.373
7 19 89.375
11 84 26.639
12 94 57.828
16 25 44.785
1 94 75.17
2 68 23.797
78 92 97.072
79 86 22.735
26 78 57.724
12 45 43.589
17 62 85.462
37 51 48.528
20 93 26.213
76 82 81.208
77 92 62.962
42 78 85.81
5 90 30.224
6 88 3.068
67 90 73.17
31 96 85.387
0 1 64.138
23 81 11.855
8 65 48.223
85 93 25.712
14 91 79.251
57 65 44.957
4 21 30.259
48 71 15.113
11 77 96.588
12 85 49.831
72 77 41.57
1 87 86.525
2 95 79.304
5 50 20.456
79 95 84.169
26 73 41.738
51 67 67.95
37 60 38.307
10 30 55.267
66 83 48.022
8 72 99.95
32 94 56.279
89 99 86.008
1 63 9.245
11 66 15.705
33 49 14.285
16 23 16.556
73 74 30.228
36 90 35.991
2 86 36.908
22 29 58.962
26 80 99.794
9 56 87.86
12 35 2.368
51 72 20.182
17 40 86.76
5 76 59.042
6 74 28.927
67 72 37.468
30 92 78.918
0 31 21.491
8 79 15.718
14 37 8.224
71 76 18.106
18 88 13.216
1 48 63.718
4 27 65.952
43 96 62.122
37 93 72.993
2 81 74.109
5 36 36.045
26 91 24.401
9 33 60.659
17 33 65.043
42 59 67.99
25 97 86.373
6 77 74.876
13 53 54.466
0 22 49.835
50 58 96.59
33 82 82.799
58 74 26.95
80 83 69.826
43 89 21.8
26 51 78.294
58 61 17.373
22 47 71.568
62 86 52.905
9 42 1.057
27 80 37.206
30 63 62.234
52 72 77.217
15 68 99.155
17 26 50.313
6 68 82.513
49 92 42.191
64 74 45.761
50 53 5.414
18 74 27.583
43 94 30.086
44 96 90.741
46 57 84.501
29 31 36.741
93 98 46.489
61 89 92.009
62 89 60.099
27 41 13.849
51 95 78.222
34 61 49.591
15 77 41.956
17 19 89.405
42 45 51.799
23 29 21.44
49 85 80.298
50 93 10.981
18 50 99.545
74 87 83.927
4 97 75.161
25 28 35.588
11 17 16.525
53 97 16.347
21 72 23.311
22 78 83.159
43 87 57.854
46 64 81.94
51 55 95.41
15 37 83.443
61 82 15.76
62 64 26.664
30 41 34.095
34 52 72.556
15 74 36.978
0 76 68.26
17 20 54.56
24 66 1.623
10 61 9.034
49 78 41.351
50 84 12.624
13 32 89.227
31 74 45.031
18 45 61.09
74 94 23.32
38 40 33.394
64 88 90.249
65 78 67.505
78 98 60.426
43 76 67.917
83 85 10.545
46 75 61.311
51 60 72.009
15 34 90.034
2 53 63.55
5 24 27.189
62 75 92.828
9 93 40.266
27 39 80.84
86 93 27.157
15 83 71.609
0 67 9.437
6 41 93.672
49 71 8.54
50 79 48.686
31 51 93.035
3 95 53.212
4 87 23.586
43 52 92.74
8 18 51.043
64 95 1.944
65 71 45.313
28 77 5.63
7 91 52.919
83 90 37.92
47 64 62.919
68 91 96.474
69 83 66.72
15 43 10.895
19 44 7.212
2 12 83.068
24 33 35.085
27 60 38.722
47 49 20.04
87 94 33.796
34 70 46.378
15 88 78.712
3 55 42.236
23 40 98.791
6 32 13.668
25 70 93.081
81 97 54.591
50 70 53.735
13 82 9.374
14 96 98.23
35 61 92.715
18 31 30.822
3 68 75.751
43 45 72.9
28 68 91.099
21 99 95.62
22 83 26.869
44 68 29.352
7 80 70.758
46 85 14.723
19 53 66.92
37 99 45.238
24 40 71.384
9 79 24.162
10 71 95.295
34 65 76.879
0 81 48.783
59 75 72.693
24 87 66.245
23 33 95.967
6 27 83.666
25 79 2.394
50 65 96.041
13 75 96.474
74 75 89.28
4 69 50.491
7 56 53.323
65 81 59.628
29 75 13.919
14 26 17.798
53 69 92.297
7 73 82.073
47 86 46.207
16 95 77.361
19 58 20.829
2 30 41.869
24 47 97.927
66 99 54.009
35 90 54.489
0 40 40.508
3 37 18.999
59 64 44.248
23 62 84.686
6 18 9.486
81 83 29.88
82 99 15.941
32 46 31.258
13 68 97.3
31 46 94.853
35 43 65.282
40 62 24.215
4 76 78.283
63 84 34.234
29 68 57.799
26 96 30.042
7 70 58.879
48 61 12.018
69 78 30.516
16 86 66.535
41 82 1.328
34 83 39.598
35 67 13.453
0 47 59.353
60 73 14.263
23 55 48.622
81 84 20.801
28 34 37.327
49 99 59.829
38 79 7.113
8 14 96.122
28 81 54.881
11 43 63.517
16 62 29.191
90 93 42.262
53 87 62.329
36 49 59.653
54 79 24.528
2 97 70.313
44 49 33.172
51 97 15.94
17 81 92.129
19 72 77.018
67 97 21.251
87 98 41.156
0 38 11.329
20 41 28.05
23 76 55.879
25 34 24.406
45 95 77.576
32 60 62.261
38 70 88.186
21 22 63.891
4 50 93.651
39 76 77.366
40 44 42.968
8 53 58.412
7 39 91.167
63 90 96.175
48 92 13.569
16 53 9.037
53 80 59.065
54 70 62.508
9 26 56.018
16 68 60.711
15 20 19.266
20 65 10.673
41 92 16.336
42 82 55.899
0 61 11.565
20 48 11.801
59 87 30.584
60 95 90.048
6 7 88.435
45 88 13.031
32 51 55.918
4 57 29.269
7 28 70.708
63 67 34.89
48 83 83.215
11 89 86.917
29 47 31.151
16 44 6.7
41 52 32.162
12 56 54.933
17 67 82.418
56 98 15.085
19 86 88.293
20 72 63.639
41 69 87.711
66 71 74.914
13 23 68.368
0 52 94.816
20 63 57.474
23 66 23.788
45 81 61.275
14 78 85.693
70 91 24.799
21 24 6.662
39 66 37.799
8 35 89.533
29 40 48.788
33 45 14.617
36 46 46.679
1 68 8.754
2 74 81.363
54 80 8.929
78 90 48.319
26 68 66.694
12 55 41.016
15 26 45.541
17 68 59.941
19 95 49.008
20 87 72.147
76 84 50.657
41 78 99.703
5 80 79.089
49 62 11.548
13 16 56.142
0 11 13.36
25 53 50.471
45 74 10.957
84 91 83.141
71 96 16.091
1 44 1.983
8 42 34.353
7 18 89.697
11 87 27.114
29 33 57.801
16 26 85.155
73 95 76.786
1 93 69.785
2 69 35.162
78 93 61.138
79 81 6.284
9 13 38.822
12 46 86.52
37 50 55.816
20 94 51.307
77 91 12.799
42 79 55.002
6 89 62.074
45 50 98.86
10 20 94.859
66 89 57.568
49 55 40.93
30 83 9.208
31 99 18.51
25 62 85.15
8 66 73.452
85 92 70.921
32 88 46.898
14 88 37.422
38 98 26.956
21 42 26.098
4 22 90.79
7 11 84.053
11 76 10.702
16 17 64.652
36 92 7.157
2 92 93.074
22 27 81.884
79 94 76.838
9 54 1.869
51 66 6.972
37 59 93.815
5 66 83.582
6 80 68.163
10 31 24.533
66 80 59.813
0 25 43.621
40 96 89.233
60 99 9.882
14 35 68.674
70 76 7.708
89 98 91.049
18 94 96.376
1 62 52.344
26 46 37.724
11 69 9.493
29 51 66.959
37 83 39.477
27 69 44.185
17 47 83.379
42 49 39.567
5 75 30.742
6 75 48.914
67 75 64.853
30 93 75.015
31 81 35.395
0 16 99.701
32 86 38.224
33 88 46.243
70 71 8.744
71 79 12.088
57 82 70.097
26 41 47.668
2 46 58.615
9 32 92.364
30 53 50.934
88 92 24.252
34 40 37.142
52 66 16.61
42 56 14.708
62 63 19.524
30 68 6.034
13 52 10.027
31 94 33.541
0 23 26.616
55 68 49.493
3 98 70.736
50 59 72.985
57 91 33.98
21 69 2.81
26 48 8.927
46 55 85.732
12 67 69.127
54 55 92.319
61 95 65.609
62 87 54.469
34 35 49.371
17 25 81.243
52 73 91.53
6 69 29.394
55 93 35.739
40 85 35.627
11 27 43.528
18 75 18.001
58 82 97.057
21 78 71.176
46 62 52.609
37 78 60.459
2 32 81.797
22 39 25.751
62 94 55.95
9 82 16.386
27 40 59.819
30 39 73.795
51 94 44.098
34 58 15.766
15 76 92.709
52 80 54.539
23 28 44.992
6 60 23.812
49 84 75.075
13 38 8.459
18 51 89.243
74 84 84.894
55 90 86.409
38 54 21.668
3 80 47.569
40 92 8.133
43 57 9.989
33 99 66.526
14 63 80.663
53 96 79.685
1 26 55.118
43 86 23.678
44 88 93.849
68 86 5.512
5 30 53.185
9 91 48.468
27 33 23.714
30 46 59.359
52 95 2.92
6 55 15.852
49 77 66.612
50 85 75.824
18 42 15.749
74 95 12.315
55 83 48.198
40 67 37.234
3 89 24.745
43 62 54.383
64 89 13.694
21 80 13.3
43 79 34.512
7 93 34.259
68 93 77.19
51 63 12.152
19 38 87.646
94 99 49.591
22 49 84.013
5 7 50.7
27 38 26.52
10 82 2.112
3 49 21.252
59 60 65.288
10 37 87.824
50 76 52.376
13 88 40.181
31 50 66.287
75 92 37.574
40 74 70.661
3 94 86.733
43 55 39.163
8 19 27.457
65 70 4.164
28 78 58.683
11 14 93.998
1 20 20.031
21 89 52.263
43 68 69.842
7 90 14.28
83 93 55.768
16 98 37.361
15 42 85.829
2 13 82.439
61 99 95.606
9 69 94.661
10 93 47.067
27 63 79.836
47 48 70.243
34 71 43.998
15 91 57.152
77 99 52.617
23 43 70.103
25 69 55.987
81 96 46.753
50 71 71.373
14 97 23.971
18 28 72.821
75 85 6.766
4 95 7.419
43 44 88.947
8 26 45.91
64 87 18.568
65 95 64.762
28 69 60.076
14 16 37.881
44 69 61.871
83 98 2.264
12 30 96.629
69 91 30.507
19 52 98.172
37 98 24.223
9 78 30.786
27 52 23.666
34 94 70.7
0 82 61.19
59 74 58.409
23 32 92.14
6 24 52.526
25 78 50.163
28 45 57.446
31 32 88.463
35 37 19.131
38 82 48.449
3 76 90.517
4 70 51.146
40 56 63.665
7 59 26.44
65 80 86.775
28 92 33.705
11 60 53.746
14 27 40.061
53 68 81.92
39 49 46.571
7 72 31.192
46 93 50.572
47 81 17.647
12 21 80.281
15 56 16.329
56 71 20.967
19 61 56.66
2 31 46.372
24 48 81.351
66 96 36.599
0 41 96.209
3 36 79.938
59 67 82.169
24 95 87.041
6 19 88.711
82 96 3.31
31 41 33.924
35 42 49.742
38 85 74.401
39 89 21.062
4 77 75.092
7 48 63.405
11 53 14.014
7 65 68.682
47 94 14.327
16 87 80.022
56 78 93.853
24 55 69.471
42 97 13.566
35 66 24.872
91 97 96.779
56 61 64.422
59 88 96.931
60 74 64.099
6 10 46.209
82 91 50.901
32 38 11.492
7 41 3.695
29 92 7.761
16 63 64.029
54 76 46.712
44 50 46.532
9 16 82.83
48 53 63.68
51 96 89.696
16 78 83.569
17 80 69.622
56 85 31.513
2 17 86.928
67 96 13.033
20 42 97.587
3 18 37.297
23 79 81.264
6 13 8.334
25 33 63.159
45 94 38.02
32 61 50.213
39 79 4.038
4 51 3.798
48 93 52.097
72 83 1.666
54 71 82.235
1 73 95.048
41 50 72.694
9 25 57.112
56 92 67.18
41 67 25.739
66 77 98.574
34 98 56.156
20 49 63.912
3 27 15.608
59 86 7.597
60 88 85.035
23 68 47.585
28 49 54.993
21 30 19.335
8 61 9.558
48 84 44.673
11 88 97.79
16 45 24.458
53 88 61.528
54 94 73.348
1 66 86.715
12 57 58.956
52 96 98.903
56 99 41.342
20 73 33.982
42 90 77.868
5 86 85.633
45 63 29.537
66 68 21.233
0 53 59.671
60 87 25.231
45 80 6.155
84 93 85.459
32 75 16.055
14 79 99.398
21 39 13.609
4 33 99.167
95 96 55.438
8 36 76.622
7 20 22.884
63 75 64.0
29 39 85.083
33 44 98.319
16 36 82.985
1 91 73.717
41 60 72.314
26 69 9.768
9 11 76.99
20 80 77.232
41 77 50.419
42 69 82.728
5 95 62.021
66 95 21.767
13 15 26.004
55 99 52.28
3 9 79.529
8 92 97.954
32 66 29.109
14 86 90.431
53 57 98.414
4 40 77.544
7 13 14.473
11 86 17.59
16 27 13.629
1 92 24.64
5 55 54.095
15 98 72.158
37 49 39.466
20 95 99.572
77 90 94.248
24 26 38.153
30 80 62.338
31 98 52.838
0 3 61.989
3 14 35.073
25 61 9.123
8 67 35.877
84 99 44.058
70 74 29.148
21 41 19.395
4 23 77.83
80 96 30.73
12 87 85.908
33 62 70.674
16 18 6.857
1 85 5.915
2 93 9.288
41 46 64.038
5 48 9.23
9 53 70.665
27 79 24.609
37 58 39.232
77 83 74.536
24 97 14.665
10 28 4.264
32 80 30.414
33 70 13.053
89 97 14.41
18 95 59.887
58 70 40.521
21 50 6.522
26 47 79.833
29 50 3.039
36 68 87.507
54 58 74.713
61 76 71.687
26 94 2.686
9 62 21.298
51 74 80.095
34 46 41.374
17 46 41.129
0 98 10.392
6 72 62.761
30 66 54.973
13 58 51.839
0 17 13.903
65 96 58.12
33 95 17.076
18 86 24.98
1 54 89.205
57 81 63.863
21 59 37.975
43 98 68.589
12 69 94.483
36 67 87.202
37 91 91.626
2 47 22.55
54 61 8.403
61 69 53.715
30 58 87.86
88 93 52.788
52 67 25.397
42 57 31.827
6 67 90.549
30 69 12.588
50 56 14.31
33 80 28.207
14 50 5.333
1 15 36.093
58 72 95.607
21 68 59.015
4 12 36.495
80 85 4.681
43 91 77.245
26 49 69.642
46 52 17.737
37 68 46.607
58 59 1.388
22 45 98.41
9 40 34.806
27 82 91.094
30 61 76.855
51 88 12.433
52 74 70.769
15 70 14.903
49 82 56.712
30 76 54.583
13 44 42.529
18 57 62.768
64 76 56.377
18 72 10.596
57 99 8.15
21 77 41.853
4 11 71.581
26 56 75.013
22 36 84.778
5 20 56.557
61 87 37.794
62 95 15.783
9 81 81.018
30 36 94.995
52 81 81.952
10 48 78.008
49 75 78.783
13 37 66.624
31 79 7.967
74 85 13.353
38 55 49.746
3 83 31.592
40 93 30.08
58 90 88.997
46 70 67.545
68 87 59.768
19 32 56.857
5 29 57.771
61 80 90.282
27 32 38.056
86 88 28.973
52 88 9.956
15 84 8.212
24 68 64.182
31 52 21.377
35 49 72.436
74 92 49.851
55 82 90.811
38 46 41.575
1 18 77.487
22 71 59.985
44 80 38.814
46 73 13.722
15 44 41.084
19 41 25.228
2 51 48.713
5 6 51.325
62 73 37.297
10 83 65.086
15 93 3.937
0 69 82.525
55 58 90.528
3 48 24.013
23 45 78.259
6 47 46.236
10 34 86.821
49 69 95.407
13 87 38.25
35 54 3.498
4 81 97.273
43 54 99.471
64 81 82.046
65 69 53.145
54 97 24.926
44 79 61.583
7 85 24.649
46 80 11.687
47 66 18.437
12 96 33.906
68 69 86.511
69 81 13.506
16 99 1.154
15 53 62.88
19 46 70.541
2 10 69.908
24 35 8.896
5 15 22.758
9 68 70.505
27 62 89.69
47 51 98.526
87 88 79.737
3 57 64.108
23 42 59.515
10 45 86.972
13 80 62.124
35 63 66.989
18 29 16.502
74 78 30.578
75 84 11.13
40 50 24.709
3 70 12.884
43 47 92.21
8 27 7.575
7 61 11.633
65 94 26.107
28 70 16.827
14 17 75.525
21 97 43.899
22 81 48.101
79 96 82.028
7 82 16.123
46 91 54.73
47 75 98.139
12 31 70.903
69 90 26.984
15 50 65.374
56 65 85.971
19 55 87.16
24 42 20.322
5 8 41.713
27 55 21.037
10 69 17.436
34 95 14.033
35 87 84.909
0 83 40.21
52 53 18.096
59 77 83.876
24 89 1.998
81 88 50.081
13 73 88.096
65 87 29.402
53 67 10.268
39 48 55.212
7 75 59.875
47 80 83.795
68 75 96.668
15 59 19.388
19 60 52.342
10 76 4.122
35 92 43.303
0 42 69.171
25 86 79.587
6 16 57.064
28 37 35.007
13 66 68.581
31 40 58.502
35 45 69.797
39 88 4.128
8 9 86.191
16 57 4.005
36 52 72.411
22 99 24.996
7 64 18.254
47 89 75.491
12 13 88.378
16 72 17.947
34 81 54.918
35 69 86.709
0 33 2.415
52 59 62.727
56 62 61.101
3 44 15.831
23 49 31.537
6 11 62.86
25 95 1.242
82 88 76.567
28 60 70.221
49 97 61.151
32 39 70.392
38 77 83.166
39 81 40.209
4 53 96.268
28 83 57.506
16 48 45.392
53 85 64.171
54 77 40.893
44 51 61.555
9 23 75.515
48 54 88.439
51 99 81.317
17 87 85.675
56 86 87.944
19 74 82.801
41 89 55.251
24 63 85.194
9 96 83.133
20 43 51.768
3 21 65.03
23 78 92.298
32 62 73.725
14 66 1.969
74 98 98.374
4 60 52.442
7 33 78.342
16 55 13.403
72 84 80.181
53 94 57.823
54 68 8.89
41 49 54.2
9 24 36.558
15 22 69.339
17 72 24.375
56 93 68.775
20 67 78.071
13 28 96.052
20 50 31.113
3 26 86.806
96 99 84.13
60 89 38.122
84 87 41.996
32 53 71.685
53 54 28.865
39 71 43.72
48 85 10.012
29 45 26.164
33 42 33.087
72 91 90.362
54 95 39.945
1 65 51.173
78 81 15.11
52 97 40.533
17 65 75.676
19 88 7.095
20 74 34.898
76 95 16.13
45 62 51.896
10 96 7.496
66 69 64.933
60 80 74.609
84 94 86.888
32 76 89.707
14 76 7.589
53 63 54.794
1 41 58.208
21 38 96.102
4 34 55.549
7 23 33.006
63 74 61.421
48 76 66.614
29 38 39.664
54 86 14.764
2 72 22.193
78 88 79.696
17 58 35.324
37 55 26.069
20 81 89.127
76 86 25.018
41 76 43.42
42 66 1.066
5 94 16.915
45 55 16.786
66 92 55.021
35 97 38.059
0 13 76.393
3 8 12.364
8 93 98.166
45 72 13.289
32 67 24.155
70 80 27.757
57 61 73.672
21 47 94.456
4 41 35.336
8 44 1.834
7 12 13.432
12 89 10.769
33 36 85.792
72 73 24.947
36 87 50.639
2 67 77.094
5 54 75.912
26 77 33.885
27 73 72.01
17 51 15.298
37 48 58.322
20 88 39.102
76 77 17.424
77 89 51.566
6 95 42.765
10 18 31.827
30 81 5.82
25 60 16.257
8 68 55.137
28 31 35.185
32 90 18.763
33 76 62.8
14 94 91.212
70 75 34.851
1 59 12.748
26 37 11.541
29 56 15.195
1 84 99.382
2 90 5.0
41 45 46.303
5 63 84.586
9 52 8.005
27 78 58.601
12 39 26.267
24 98 45.699
5 64 44.653
6 86 32.912
67 68 95.798
85 99 72.521
32 81 52.864
33 69 80.22
71 80 23.608
18 92 25.817
1 60 10.194
57 79 40.579
4 31 5.343
63 97 4.586
29 49 54.756
12 79 97.846
36 69 46.265
37 81 73.656
2 85 41.407
54 59 70.448
5 56 4.207
26 95 69.99
27 71 61.351
51 77 86.966
52 69 45.999
17 45 95.735
0 99 10.888
5 73 76.905
6 73 68.01
13 57 10.991
31 83 41.411
0 18 39.446
55 73 79.327
71 73 19.436
1 53 36.764
57 80 22.137
39 96 96.016
4 6 30.173
12 70 58.793
22 43 85.631
9 38 19.676
88 94 16.948
51 82 45.292
34 38 37.595
37 43 24.552
6 64 55.254
30 74 97.956
13 50 70.619
18 63 66.769
57 89 21.394
26 62 90.048
68 98 11.888
36 75 78.212
22 34 94.403
97 99 69.38
61 93 77.08
62 85 26.417
30 34 99.716
51 91 90.26
52 75 34.943
6 59 22.918
49 81 99.804
18 54 82.092
8 96 72.647
64 77 49.214
28 99 84.119
14 58 54.581
18 73 30.1
1 7 88.894
58 80 52.414
21 76 19.917
22 74 92.808
26 57 87.114
44 99 43.935
46 60 35.889
73 98 64.622
19 26 86.01
37 76 9.37
9 80 56.828
27 42 58.937
30 37 29.052
34 56 25.319
0 72 99.972
23 30 59.554
50 88 22.704
31 78 99.063
18 49 50.975
74 82 76.436
38 52 81.292
3 82 86.645
40 94 23.238
64 68 13.584
65 74 79.641
11 18 47.447
18 64 2.728
58 91 23.17
44 90 69.493
46 71 99.856
11 99 37.217
15 38 12.072
19 35 72.505
22 60 62.04
5 28 23.65
9 89 49.748
52 89 95.685
0 79 43.065
24 69 96.347
6 53 76.79
49 67 28.225
31 55 35.777
35 48 31.336
74 93 71.245
40 69 10.879
3 91 5.043
65 67 95.015
1 17 12.818
44 81 47.324
46 78 7.429
68 95 77.361
36 96 81.516
19 40 64.807
22 55 14.591
62 78 74.402
9 66 28.601
10 80 71.437
27 56 5.255
0 70 34.6
3 51 80.282
59 62 45.17
24 76 12.77
23 44 89.185
25 66 67.919
13 86 88.184
31 60 61.197
75 94 87.544
40 76 74.205
3 64 58.28
4 82 79.422
8 21 88.035
65 68 16.423
39 61 1.413
7 84 82.626
83 95 96.686
47 77 2.335
69 80 34.153
19 49 74.764
5 14 4.808
9 75 84.77
10 91 18.205
34 69 85.595
77 97 31.57
24 83 99.108
23 37 23.446
10 42 15.377
13 79 56.915
35 62 13.795
18 26 39.658
74 79 96.373
38 89 74.504
3 73 47.632
4 89 54.308
8 28 50.154
65 93 33.285
29 79 76.947
14 22 62.047
21 96 18.391
22 86 22.24
39 58 21.772
79 99 56.001
7 77 21.387
12 24 12.602
68 77 11.787
16 91 73.869
17 99 10.831
56 66 92.562
37 96 55.801
9 76 10.076
34 92 39.239
35 86 74.759
0 84 42.296
20 31 5.931
24 90 13.104
25 76 83.35
81 95 39.723
32 42 13.457
13 72 72.417
35 39 81.233
18 21 18.608
38 80 94.7
3 78 92.458
4 64 7.329
7 53 24.147
14 25 1.125
44 62 51.817
47 83 64.339
12 23 44.076
88 96 23.076
16 82 37.923
56 73 78.321
19 63 97.16
10 77 65.971
35 95 31.203
0 43 39.802
20 38 99.061
60 77 97.214
23 59 82.277
6 17 60.789
25 85 89.734
13 65 60.444
38 75 41.931
8 10 16.878
7 50 35.589
11 55 45.346
39 40 35.126
44 53 80.54
12 14 73.052
69 75 32.99
56 80 85.573
19 68 46.529
2 20 27.22
41 87 92.148
24 57 10.789
20 45 3.417
3 47 17.16
59 90 17.904
60 68 20.223
45 99 25.942
28 61 51.311
49 96 50.404
63 94 72.92
16 49 13.517
54 66 4.183
9 22 99.82
48 55 61.723
51 98 14.145
56 87 41.012
5 98 83.099
67 98 53.557
35 77 29.866
0 57 19.51
3 20 29.363
59 83 40.16
60 67 10.328
28 52 2.257
14 67 36.588
74 99 53.508
40 47 52.075
39 73 89.006
4 61 46.64
8 56 34.964
7 32 26.565
63 71 14.054
11 37 58.894
53 93 15.319
36 59 78.443
9 31 21.561
12 60 45.666
17 79 17.424
56 94 42.702
19 82 91.0
41 65 15.98
42 81 92.188
13 27 83.53
34 96 48.287
92 97 49.015
25 40 40.484
45 85 93.02
