100
0 1 0.25
0 2 0.25
0 3 0.25
0 4 0.25
0 5 0.25
0 6 0.25
0 7 0.25
0 8 0.25
0 9 0.25
0 10 0.25
0 11 0.25
0 12 0.25
0 13 0.25
0 14 0.25
0 15 0.25
0 16 0.25
0 17 0.25
0 18 0.25
0 19 0.25
0 20 0.25
0 21 0.25
0 22 0.25
0 23 0.25
0 24 0.25
0 25 0.25
0 26 0.25
0 27 0.25
0 28 0.25
0 29 0.25
0 30 0.25
0 31 0.25
0 32 0.25
0 33 0.25
0 34 0.25
0 35 0.25
0 36 0.25
0 37 0.25
0 38 0.25
0 39 0.25
0 40 0.25
0 41 0.25
0 42 0.25
0 43 0.25
0 44 0.25
0 45 0.25
0 46 0.25
0 47 0.25
0 48 0.25
0 49 0.25
0 50 0.25
0 51 0.25
0 52 0.25
0 53 0.25
0 54 0.25
0 55 0.25
0 56 0.25
0 57 0.25
0 58 0.25
0 59 0.25
0 60 0.25
0 61 0.25
0 62 0.25
0 63 0.25
0 64 0.25
0 65 0.25
0 66 0.25
0 67 0.25
0 68 0.25
0 69 0.25
0 70 0.25
0 71 0.25
0 72 0.25
0 73 0.25
0 74 0.25
0 75 0.25
0 76 0.25
0 77 0.25
0 78 0.25
0 79 0.25
0 80 0.25
0 81 0.25
0 82 0.25
0 83 0.25
0 84 0.25
0 85 0.25
0 86 0.25
0 87 0.25
0 88 0.25
0 89 0.25
0 90 0.25
0 91 0.25
0 92 0.25
0 93 0.25
0 94 0.25
0 95 0.25
0 96 0.25
0 97 0.25
0 98 0.25
0 99 0.25
1 2 0.25
1 3 0.25
1 4 0.25
1 5 0.25
1 6 0.25
1 7 0.25
1 8 0.25
1 9 0.25
1 10 0.25
1 11 0.25
1 12 0.25
1 13 0.25
1 14 0.25
1 15 0.25
1 16 0.25
1 17 0.25
1 18 0.25
1 19 0.25
1 20 0.25
1 21 0.25
1 22 0.25
1 23 0.25
1 24 0.25
1 25 0.25
1 26 0.25
1 27 0.25
1 28 0.25
1 29 0.25
1 30 0.25
1 31 0.25
1 32 0.25
1 33 0.25
1 34 0.25
1 35 0.25
1 36 0.25
1 37 0.25
1 38 0.25
1 39 0.25
1 40 0.25
1 41 0.25
1 42 0.25
1 43 0.25
1 44 0.25
1 45 0.25
1 46 0.25
1 47 0.25
1 48 0.25
1 49 0.25
1 50 0.25
1 51 0.25
1 52 0.25
1 53 0.25
1 54 0.25
1 55 0.25
1 56 0.25
1 57 0.25
1 58 0.25
1 59 0.25
1 60 0.25
1 61 0.25
1 62 0.25
1 63 0.25
1 64 0.25
1 65 0.25
1 66 0.25
1 67 0.25
1 68 0.25
1 69 0.25
1 70 0.25
1 71 0.25
1 72 0.25
1 73 0.25
1 74 0.25
1 75 0.25
1 76 0.25
1 77 0.25
1 78 0.25
1 79 0.25
1 80 0.25
1 81 0.25
1 82 0.25
1 83 0.25
1 84 0.25
1 85 0.25
1 86 0.25
1 87 0.25
1 88 0.25
1 89 0.25
1 90 0.25
1 91 0.25
1 92 0.25
1 93 0.25
1 94 0.25
1 95 0.25
1 96 0.25
1 97 0.25
1 98 0.25
1 99 0.25
2 3 0.25
2 4 0.25
2 5 0.25
2 6 0.25
2 7 0.25
2 8 0.25
2 9 0.25
2 10 0.25
2 11 0.25
2 12 0.25
2 13 0.25
2 14 0.25
2 15 0.25
2 16 0.25
2 17 0.25
2 18 0.25
2 19 0.25
2 20 0.25
2 21 0.25
2 22 0.25
2 23 0.25
2 24 0.25
2 25 0.25
2 26 0.25
2 27 0.25
2 28 0.25
2 29 0.25
2 30 0.25
2 31 0.25
2 32 0.25
2 33 0.25
2 34 0.25
2 35 0.25
2 36 0.25
2 37 0.25
2 38 0.25
2 39 0.25
2 40 0.25
2 41 0.25
2 42 0.25
2 43 0.25
2 44 0.25
2 45 0.25
2 46 0.25
2 47 0.25
2 48 0.25
2 49 0.25
2 50 0.25
2 51 0.25
2 52 0.25
2 53 0.25
2 54 0.25
2 55 0.25
2 56 0.25
2 57 0.25
2 58 0.25
2 59 0.25
2 60 0.25
2 61 0.25
2 62 0.25
2 63 0.25
2 64 0.25
2 65 0.25
2 66 0.25
2 67 0.25
2 68 0.25
2 69 0.25
2 70 0.25
2 71 0.25
2 72 0.25
2 73 0.25
2 74 0.25
2 75 0.25
2 76 0.25
2 77 0.25
2 78 0.25
2 79 0.25
2 80 0.25
2 81 0.25
2 82 0.25
2 83 0.25
2 84 0.25
2 85 0.25
2 86 0.25
2 87 0.25
2 88 0.25
2 89 0.25
2 90 0.25
2 91 0.25
2 92 0.25
2 93 0.25
2 94 0.25
2 95 0.25
2 96 0.25
2 97 0.25
2 98 0.25
2 99 0.25
3 4 0.25
3 5 0.25
3 6 0.25
3 7 0.25
3 8 0.25
3 9 0.25
3 10 0.25
3 11 0.25
3 12 0.25
3 13 0.25
3 14 0.25
3 15 0.25
3 16 0.25
3 17 0.25
3 18 0.25
3 19 0.25
3 20 0.25
3 21 0.25
3 22 0.25
3 23 0.25
3 24 0.25
3 25 0.25
3 26 0.25
3 27 0.25
3 28 0.25
3 29 0.25
3 30 0.25
3 31 0.25
3 32 0.25
3 33 0.25
3 34 0.25
3 35 0.25
3 36 0.25
3 37 0.25
3 38 0.25
3 39 0.25
3 40 0.25
3 41 0.25
3 42 0.25
3 43 0.25
3 44 0.25
3 45 0.25
3 46 0.25
3 47 0.25
3 48 0.25
3 49 0.25
3 50 0.25
3 51 0.25
3 52 0.25
3 53 0.25
3 54 0.25
3 55 0.25
3 56 0.25
3 57 0.25
3 58 0.25
3 59 0.25
3 60 0.25
3 61 0.25
3 62 0.25
3 63 0.25
3 64 0.25
3 65 0.25
3 66 0.25
3 67 0.25
3 68 0.25
3 69 0.25
3 70 0.25
3 71 0.25
3 72 0.25
3 73 0.25
3 74 0.25
3 75 0.25
3 76 0.25
3 77 0.25
3 78 0.25
3 79 0.25
3 80 0.25
3 81 0.25
3 82 0.25
3 83 0.25
3 84 0.25
3 85 0.25
3 86 0.25
3 87 0.25
3 88 0.25
3 89 0.25
3 90 0.25
3 91 0.25
3 92 0.25
3 93 0.25
3 94 0.25
3 95 0.25
3 96 0.25
3 97 0.25
3 98 0.25
3 99 0.25
4 5 0.25
4 6 0.25
4 7 0.25
4 8 0.25
4 9 0.25
4 10 0.25
4 11 0.25
4 12 0.25
4 13 0.25
4 14 0.25
4 15 0.25
4 16 0.25
4 17 0.25
4 18 0.25
4 19 0.25
4 20 0.25
4 21 0.25
4 22 0.25
4 23 0.25
4 24 0.25
4 25 0.25
4 26 0.25
4 27 0.25
4 28 0.25
4 29 0.25
4 30 0.25
4 31 0.25
4 32 0.25
4 33 0.25
4 34 0.25
4 35 0.25
4 36 0.25
4 37 0.25
4 38 0.25
4 39 0.25
4 40 0.25
4 41 0.25
4 42 0.25
4 43 0.25
4 44 0.25
4 45 0.25
4 46 0.25
4 47 0.25
4 48 0.25
4 49 0.25
4 50 0.25
4 51 0.25
4 52 0.25
4 53 0.25
4 54 0.25
4 55 0.25
4 56 0.25
4 57 0.25
4 58 0.25
4 59 0.25
4 60 0.25
4 61 0.25
4 62 0.25
4 63 0.25
4 64 0.25
4 65 0.25
4 66 0.25
4 67 0.25
4 68 0.25
4 69 0.25
4 70 0.25
4 71 0.25
4 72 0.25
4 73 0.25
4 74 0.25
4 75 0.25
4 76 0.25
4 77 0.25
4 78 0.25
4 79 0.25
4 80 0.25
4 81 0.25
4 82 0.25
4 83 0.25
4 84 0.25
4 85 0.25
4 86 0.25
4 87 0.25
4 88 0.25
4 89 0.25
4 90 0.25
4 91 0.25
4 92 0.25
4 93 0.25
4 94 0.25
4 95 0.25
4 96 0.25
4 97 0.25
4 98 0.25
4 99 0.25
5 6 0.25
5 7 0.25
5 8 0.25
5 9 0.25
5 10 0.25
5 11 0.25
5 12 0.25
5 13 0.25
5 14 0.25
5 15 0.25
5 16 0.25
5 17 0.25
5 18 0.25
5 19 0.25
5 20 0.25
5 21 0.25
5 22 0.25
5 23 0.25
5 24 0.25
5 25 0.25
5 26 0.25
5 27 0.25
5 28 0.25
5 29 0.25
5 30 0.25
5 31 0.25
5 32 0.25
5 33 0.25
5 34 0.25
5 35 0.25
5 36 0.25
5 37 0.25
5 38 0.25
5 39 0.25
5 40 0.25
5 41 0.25
5 42 0.25
5 43 0.25
5 44 0.25
5 45 0.25
5 46 0.25
5 47 0.25
5 48 0.25
5 49 0.25
5 50 0.25
5 51 0.25
5 52 0.25
5 53 0.25
5 54 0.25
5 55 0.25
5 56 0.25
5 57 0.25
5 58 0.25
5 59 0.25
5 60 0.25
5 61 0.25
5 62 0.25
5 63 0.25
5 64 0.25
5 65 0.25
5 66 0.25
5 67 0.25
5 68 0.25
5 69 0.25
5 70 0.25
5 71 0.25
5 72 0.25
5 73 0.25
5 74 0.25
5 75 0.25
5 76 0.25
5 77 0.25
5 78 0.25
5 79 0.25
5 80 0.25
5 81 0.25
5 82 0.25
5 83 0.25
5 84 0.25
5 85 0.25
5 86 0.25
5 87 0.25
5 88 0.25
5 89 0.25
5 90 0.25
5 91 0.25
5 92 0.25
5 93 0.25
5 94 0.25
5 95 0.25
5 96 0.25
5 97 0.25
5 98 0.25
5 99 0.25
6 7 0.25
6 8 0.25
6 9 0.25
6 10 0.25
6 11 0.25
6 12 0.25
6 13 0.25
6 14 0.25
6 15 0.25
6 16 0.25
6 17 0.25
6 18 0.25
6 19 0.25
6 20 0.25
6 21 0.25
6 22 0.25
6 23 0.25
6 24 0.25
6 25 0.25
6 26 0.25
6 27 0.25
6 28 0.25
6 29 0.25
6 30 0.25
6 31 0.25
6 32 0.25
6 33 0.25
6 34 0.25
6 35 0.25
6 36 0.25
6 37 0.25
6 38 0.25
6 39 0.25
6 40 0.25
6 41 0.25
6 42 0.25
6 43 0.25
6 44 0.25
6 45 0.25
6 46 0.25
6 47 0.25
6 48 0.25
6 49 0.25
6 50 0.25
6 51 0.25
6 52 0.25
6 53 0.25
6 54 0.25
6 55 0.25
6 56 0.25
6 57 0.25
6 58 0.25
6 59 0.25
6 60 0.25
6 61 0.25
6 62 0.25
6 63 0.25
6 64 0.25
6 65 0.25
6 66 0.25
6 67 0.25
6 68 0.25
6 69 0.25
6 70 0.25
6 71 0.25
6 72 0.25
6 73 0.25
6 74 0.25
6 75 0.25
6 76 0.25
6 77 0.25
6 78 0.25
6 79 0.25
6 80 0.25
6 81 0.25
6 82 0.25
6 83 0.25
6 84 0.25
6 85 0.25
6 86 0.25
6 87 0.25
6 88 0.25
6 89 0.25
6 90 0.25
6 91 0.25
6 92 0.25
6 93 0.25
6 94 0.25
6 95 0.25
6 96 0.25
6 97 0.25
6 98 0.25
6 99 0.25
7 8 0.25
7 9 0.25
7 10 0.25
7 11 0.25
7 12 0.25
7 13 0.25
7 14 0.25
7 15 0.25
7 16 0.25
7 17 0.25
7 18 0.25
7 19 0.25
7 20 0.25
7 21 0.25
7 22 0.25
7 23 0.25
7 24 0.25
7 25 0.25
7 26 0.25
7 27 0.25
7 28 0.25
7 29 0.25
7 30 0.25
7 31 0.25
7 32 0.25
7 33 0.25
7 34 0.25
7 35 0.25
7 36 0.25
7 37 0.25
7 38 0.25
7 39 0.25
7 40 0.25
7 41 0.25
7 42 0.25
7 43 0.25
7 44 0.25
7 45 0.25
7 46 0.25
7 47 0.25
7 48 0.25
7 49 0.25
7 50 0.25
7 51 0.25
7 52 0.25
7 53 0.25
7 54 0.25
7 55 0.25
7 56 0.25
7 57 0.25
7 58 0.25
7 59 0.25
7 60 0.25
7 61 0.25
7 62 0.25
7 63 0.25
7 64 0.25
7 65 0.25
7 66 0.25
7 67 0.25
7 68 0.25
7 69 0.25
7 70 0.25
7 71 0.25
7 72 0.25
7 73 0.25
7 74 0.25
7 75 0.25
7 76 0.25
7 77 0.25
7 78 0.25
7 79 0.25
7 80 0.25
7 81 0.25
7 82 0.25
7 83 0.25
7 84 0.25
7 85 0.25
7 86 0.25
7 87 0.25
7 88 0.25
7 89 0.25
7 90 0.25
7 91 0.25
7 92 0.25
7 93 0.25
7 94 0.25
7 95 0.25
7 96 0.25
7 97 0.25
7 98 0.25
7 99 0.25
8 9 0.25
8 10 0.25
8 11 0.25
8 12 0.25
8 13 0.25
8 14 0.25
8 15 0.25
8 16 0.25
8 17 0.25
8 18 0.25
8 19 0.25
8 20 0.25
8 21 0.25
8 22 0.25
8 23 0.25
8 24 0.25
8 25 0.25
8 26 0.25
8 27 0.25
8 28 0.25
8 29 0.25
8 30 0.25
8 31 0.25
8 32 0.25
8 33 0.25
8 34 0.25
8 35 0.25
8 36 0.25
8 37 0.25
8 38 0.25
8 39 0.25
8 40 0.25
8 41 0.25
8 42 0.25
8 43 0.25
8 44 0.25
8 45 0.25
8 46 0.25
8 47 0.25
8 48 0.25
8 49 0.25
8 50 0.25
8 51 0.25
8 52 0.25
8 53 0.25
8 54 0.25
8 55 0.25
8 56 0.25
8 57 0.25
8 58 0.25
8 59 0.25
8 60 0.25
8 61 0.25
8 62 0.25
8 63 0.25
8 64 0.25
8 65 0.25
8 66 0.25
8 67 0.25
8 68 0.25
8 69 0.25
8 70 0.25
8 71 0.25
8 72 0.25
8 73 0.25
8 74 0.25
8 75 0.25
8 76 0.25
8 77 0.25
8 78 0.25
8 79 0.25
8 80 0.25
8 81 0.25
8 82 0.25
8 83 0.25
8 84 0.25
8 85 0.25
8 86 0.25
8 87 0.25
8 88 0.25
8 89 0.25
8 90 0.25
8 91 0.25
8 92 0.25
8 93 0.25
8 94 0.25
8 95 0.25
8 96 0.25
8 97 0.25
8 98 0.25
8 99 0.25
9 10 0.25
9 11 0.25
9 12 0.25
9 13 0.25
9 14 0.25
9 15 0.25
9 16 0.25
9 17 0.25
9 18 0.25
9 19 0.25
9 20 0.25
9 21 0.25
9 22 0.25
9 23 0.25
9 24 0.25
9 25 0.25
9 26 0.25
9 27 0.25
9 28 0.25
9 29 0.25
9 30 0.25
9 31 0.25
9 32 0.25
9 33 0.25
9 34 0.25
9 35 0.25
9 36 0.25
9 37 0.25
9 38 0.25
9 39 0.25
9 40 0.25
9 41 0.25
9 42 0.25
9 43 0.25
9 44 0.25
9 45 0.25
9 46 0.25
9 47 0.25
9 48 0.25
9 49 0.25
9 50 0.25
9 51 0.25
9 52 0.25
9 53 0.25
9 54 0.25
9 55 0.25
9 56 0.25
9 57 0.25
9 58 0.25
9 59 0.25
9 60 0.25
9 61 0.25
9 62 0.25
9 63 0.25
9 64 0.25
9 65 0.25
9 66 0.25
9 67 0.25
9 68 0.25
9 69 0.25
9 70 0.25
9 71 0.25
9 72 0.25
9 73 0.25
9 74 0.25
9 75 0.25
9 76 0.25
9 77 0.25
9 78 0.25
9 79 0.25
9 80 0.25
9 81 0.25
9 82 0.25
9 83 0.25
9 84 0.25
9 85 0.25
9 86 0.25
9 87 0.25
9 88 0.25
9 89 0.25
9 90 0.25
9 91 0.25
9 92 0.25
9 93 0.25
9 94 0.25
9 95 0.25
9 96 0.25
9 97 0.25
9 98 0.25
9 99 0.25
10 11 0.25
10 12 0.25
10 13 0.25
10 14 0.25
10 15 0.25
10 16 0.25
10 17 0.25
10 18 0.25
10 19 0.25
10 20 0.25
10 21 0.25
10 22 0.25
10 23 0.25
10 24 0.25
10 25 0.25
10 26 0.25
10 27 0.25
10 28 0.25
10 29 0.25
10 30 0.25
10 31 0.25
10 32 0.25
10 33 0.25
10 34 0.25
10 35 0.25
10 36 0.25
10 37 0.25
10 38 0.25
10 39 0.25
10 40 0.25
10 41 0.25
10 42 0.25
10 43 0.25
10 44 0.25
10 45 0.25
10 46 0.25
10 47 0.25
10 48 0.25
10 49 0.25
10 50 0.25
10 51 0.25
10 52 0.25
10 53 0.25
10 54 0.25
10 55 0.25
10 56 0.25
10 57 0.25
10 58 0.25
10 59 0.25
10 60 0.25
10 61 0.25
10 62 0.25
10 63 0.25
10 64 0.25
10 65 0.25
10 66 0.25
10 67 0.25
10 68 0.25
10 69 0.25
10 70 0.25
10 71 0.25
10 72 0.25
10 73 0.25
10 74 0.25
10 75 0.25
10 76 0.25
10 77 0.25
10 78 0.25
10 79 0.25
10 80 0.25
10 81 0.25
10 82 0.25
10 83 0.25
10 84 0.25
10 85 0.25
10 86 0.25
10 87 0.25
10 88 0.25
10 89 0.25
10 90 0.25
10 91 0.25
10 92 0.25
10 93 0.25
10 94 0.25
10 95 0.25
10 96 0.25
10 97 0.25
10 98 0.25
10 99 0.25
11 12 0.25
11 13 0.25
11 14 0.25
11 15 0.25
11 16 0.25
11 17 0.25
11 18 0.25
11 19 0.25
11 20 0.25
11 21 0.25
11 22 0.25
11 23 0.25
11 24 0.25
11 25 0.25
11 26 0.25
11 27 0.25
11 28 0.25
11 29 0.25
11 30 0.25
11 31 0.25
11 32 0.25
11 33 0.25
11 34 0.25
11 35 0.25
11 36 0.25
11 37 0.25
11 38 0.25
11 39 0.25
11 40 0.25
11 41 0.25
11 42 0.25
11 43 0.25
11 44 0.25
11 45 0.25
11 46 0.25
11 47 0.25
11 48 0.25
11 49 0.25
11 50 0.25
11 51 0.25
11 52 0.25
11 53 0.25
11 54 0.25
11 55 0.25
11 56 0.25
11 57 0.25
11 58 0.25
11 59 0.25
11 60 0.25
11 61 0.25
11 62 0.25
11 63 0.25
11 64 0.25
11 65 0.25
11 66 0.25
11 67 0.25
11 68 0.25
11 69 0.25
11 70 0.25
11 71 0.25
11 72 0.25
11 73 0.25
11 74 0.25
11 75 0.25
11 76 0.25
11 77 0.25
11 78 0.25
11 79 0.25
11 80 0.25
11 81 0.25
11 82 0.25
11 83 0.25
11 84 0.25
11 85 0.25
11 86 0.25
11 87 0.25
11 88 0.25
11 89 0.25
11 90 0.25
11 91 0.25
11 92 0.25
11 93 0.25
11 94 0.25
11 95 0.25
11 96 0.25
11 97 0.25
11 98 0.25
11 99 0.25
12 13 0.25
12 14 0.25
12 15 0.25
12 16 0.25
12 17 0.25
12 18 0.25
12 19 0.25
12 20 0.25
12 21 0.25
12 22 0.25
12 23 0.25
12 24 0.25
12 25 0.25
12 26 0.25
12 27 0.25
12 28 0.25
12 29 0.25
12 30 0.25
12 31 0.25
12 32 0.25
12 33 0.25
12 34 0.25
12 35 0.25
12 36 0.25
12 37 0.25
12 38 0.25
12 39 0.25
12 40 0.25
12 41 0.25
12 42 0.25
12 43 0.25
12 44 0.25
12 45 0.25
12 46 0.25
12 47 0.25
12 48 0.25
12 49 0.25
12 50 0.25
12 51 0.25
12 52 0.25
12 53 0.25
12 54 0.25
12 55 0.25
12 56 0.25
12 57 0.25
12 58 0.25
12 59 0.25
12 60 0.25
12 61 0.25
12 62 0.25
12 63 0.25
12 64 0.25
12 65 0.25
12 66 0.25
12 67 0.25
12 68 0.25
12 69 0.25
12 70 0.25
12 71 0.25
12 72 0.25
12 73 0.25
12 74 0.25
12 75 0.25
12 76 0.25
12 77 0.25
12 78 0.25
12 79 0.25
12 80 0.25
12 81 0.25
12 82 0.25
12 83 0.25
12 84 0.25
12 85 0.25
12 86 0.25
12 87 0.25
12 88 0.25
12 89 0.25
12 90 0.25
12 91 0.25
12 92 0.25
12 93 0.25
12 94 0.25
12 95 0.25
12 96 0.25
12 97 0.25
12 98 0.25
12 99 0.25
13 14 0.25
13 15 0.25
13 16 0.25
13 17 0.25
13 18 0.25
13 19 0.25
13 20 0.25
13 21 0.25
13 22 0.25
13 23 0.25
13 24 0.25
13 25 0.25
13 26 0.25
13 27 0.25
13 28 0.25
13 29 0.25
13 30 0.25
13 31 0.25
13 32 0.25
13 33 0.25
13 34 0.25
13 35 0.25
13 36 0.25
13 37 0.25
13 38 0.25
13 39 0.25
13 40 0.25
13 41 0.25
13 42 0.25
13 43 0.25
13 44 0.25
13 45 0.25
13 46 0.25
13 47 0.25
13 48 0.25
13 49 0.25
13 50 0.25
13 51 0.25
13 52 0.25
13 53 0.25
13 54 0.25
13 55 0.25
13 56 0.25
13 57 0.25
13 58 0.25
13 59 0.25
13 60 0.25
13 61 0.25
13 62 0.25
13 63 0.25
13 64 0.25
13 65 0.25
13 66 0.25
13 67 0.25
13 68 0.25
13 69 0.25
13 70 0.25
13 71 0.25
13 72 0.25
13 73 0.25
13 74 0.25
13 75 0.25
13 76 0.25
13 77 0.25
13 78 0.25
13 79 0.25
13 80 0.25
13 81 0.25
13 82 0.25
13 83 0.25
13 84 0.25
13 85 0.25
13 86 0.25
13 87 0.25
13 88 0.25
13 89 0.25
13 90 0.25
13 91 0.25
13 92 0.25
13 93 0.25
13 94 0.25
13 95 0.25
13 96 0.25
13 97 0.25
13 98 0.25
13 99 0.25
14 15 0.25
14 16 0.25
14 17 0.25
14 18 0.25
14 19 0.25
14 20 0.25
14 21 0.25
14 22 0.25
14 23 0.25
14 24 0.25
14 25 0.25
14 26 0.25
14 27 0.25
14 28 0.25
14 29 0.25
14 30 0.25
14 31 0.25
14 32 0.25
14 33 0.25
14 34 0.25
14 35 0.25
14 36 0.25
14 37 0.25
14 38 0.25
14 39 0.25
14 40 0.25
14 41 0.25
14 42 0.25
14 43 0.25
14 44 0.25
14 45 0.25
14 46 0.25
14 47 0.25
14 48 0.25
14 49 0.25
14 50 0.25
14 51 0.25
14 52 0.25
14 53 0.25
14 54 0.25
14 55 0.25
14 56 0.25
14 57 0.25
14 58 0.25
14 59 0.25
14 60 0.25
14 61 0.25
14 62 0.25
14 63 0.25
14 64 0.25
14 65 0.25
14 66 0.25
14 67 0.25
14 68 0.25
14 69 0.25
14 70 0.25
14 71 0.25
14 72 0.25
14 73 0.25
14 74 0.25
14 75 0.25
14 76 0.25
14 77 0.25
14 78 0.25
14 79 0.25
14 80 0.25
14 81 0.25
14 82 0.25
14 83 0.25
14 84 0.25
14 85 0.25
14 86 0.25
14 87 0.25
14 88 0.25
14 89 0.25
14 90 0.25
14 91 0.25
14 92 0.25
14 93 0.25
14 94 0.25
14 95 0.25
14 96 0.25
14 97 0.25
14 98 0.25
14 99 0.25
15 16 0.25
15 17 0.25
15 18 0.25
15 19 0.25
15 20 0.25
15 21 0.25
15 22 0.25
15 23 0.25
15 24 0.25
15 25 0.25
15 26 0.25
15 27 0.25
15 28 0.25
15 29 0.25
15 30 0.25
15 31 0.25
15 32 0.25
15 33 0.25
15 34 0.25
15 35 0.25
15 36 0.25
15 37 0.25
15 38 0.25
15 39 0.25
15 40 0.25
15 41 0.25
15 42 0.25
15 43 0.25
15 44 0.25
15 45 0.25
15 46 0.25
15 47 0.25
15 48 0.25
15 49 0.25
15 50 0.25
15 51 0.25
15 52 0.25
15 53 0.25
15 54 0.25
15 55 0.25
15 56 0.25
15 57 0.25
15 58 0.25
15 59 0.25
15 60 0.25
15 61 0.25
15 62 0.25
15 63 0.25
15 64 0.25
15 65 0.25
15 66 0.25
15 67 0.25
15 68 0.25
15 69 0.25
15 70 0.25
15 71 0.25
15 72 0.25
15 73 0.25
15 74 0.25
15 75 0.25
15 76 0.25
15 77 0.25
15 78 0.25
15 79 0.25
15 80 0.25
15 81 0.25
15 82 0.25
15 83 0.25
15 84 0.25
15 85 0.25
15 86 0.25
15 87 0.25
15 88 0.25
15 89 0.25
15 90 0.25
15 91 0.25
15 92 0.25
15 93 0.25
15 94 0.25
15 95 0.25
15 96 0.25
15 97 0.25
15 98 0.25
15 99 0.25
16 17 0.25
16 18 0.25
16 19 0.25
16 20 0.25
16 21 0.25
16 22 0.25
16 23 0.25
16 24 0.25
16 25 0.25
16 26 0.25
16 27 0.25
16 28 0.25
16 29 0.25
16 30 0.25
16 31 0.25
16 32 0.25
16 33 0.25
16 34 0.25
16 35 0.25
16 36 0.25
16 37 0.25
16 38 0.25
16 39 0.25
16 40 0.25
16 41 0.25
16 42 0.25
16 43 0.25
16 44 0.25
16 45 0.25
16 46 0.25
16 47 0.25
16 48 0.25
16 49 0.25
16 50 0.25
16 51 0.25
16 52 0.25
16 53 0.25
16 54 0.25
16 55 0.25
16 56 0.25
16 57 0.25
16 58 0.25
16 59 0.25
16 60 0.25
16 61 0.25
16 62 0.25
16 63 0.25
16 64 0.25
16 65 0.25
16 66 0.25
16 67 0.25
16 68 0.25
16 69 0.25
16 70 0.25
16 71 0.25
16 72 0.25
16 73 0.25
16 74 0.25
16 75 0.25
16 76 0.25
16 77 0.25
16 78 0.25
16 79 0.25
16 80 0.25
16 81 0.25
16 82 0.25
16 83 0.25
16 84 0.25
16 85 0.25
16 86 0.25
16 87 0.25
16 88 0.25
16 89 0.25
16 90 0.25
16 91 0.25
16 92 0.25
16 93 0.25
16 94 0.25
16 95 0.25
16 96 0.25
16 97 0.25
16 98 0.25
16 99 0.25
17 18 0.25
17 19 0.25
17 20 0.25
17 21 0.25
17 22 0.25
17 23 0.25
17 24 0.25
17 25 0.25
17 26 0.25
17 27 0.25
17 28 0.25
17 29 0.25
17 30 0.25
17 31 0.25
17 32 0.25
17 33 0.25
17 34 0.25
17 35 0.25
17 36 0.25
17 37 0.25
17 38 0.25
17 39 0.25
17 40 0.25
17 41 0.25
17 42 0.25
17 43 0.25
17 44 0.25
17 45 0.25
17 46 0.25
17 47 0.25
17 48 0.25
17 49 0.25
17 50 0.25
17 51 0.25
17 52 0.25
17 53 0.25
17 54 0.25
17 55 0.25
17 56 0.25
17 57 0.25
17 58 0.25
17 59 0.25
17 60 0.25
17 61 0.25
17 62 0.25
17 63 0.25
17 64 0.25
17 65 0.25
17 66 0.25
17 67 0.25
17 68 0.25
17 69 0.25
17 70 0.25
17 71 0.25
17 72 0.25
17 73 0.25
17 74 0.25
17 75 0.25
17 76 0.25
17 77 0.25
17 78 0.25
17 79 0.25
17 80 0.25
17 81 0.25
17 82 0.25
17 83 0.25
17 84 0.25
17 85 0.25
17 86 0.25
17 87 0.25
17 88 0.25
17 89 0.25
17 90 0.25
17 91 0.25
17 92 0.25
17 93 0.25
17 94 0.25
17 95 0.25
17 96 0.25
17 97 0.25
17 98 0.25
17 99 0.25
18 19 0.25
18 20 0.25
18 21 0.25
18 22 0.25
18 23 0.25
18 24 0.25
18 25 0.25
18 26 0.25
18 27 0.25
18 28 0.25
18 29 0.25
18 30 0.25
18 31 0.25
18 32 0.25
18 33 0.25
18 34 0.25
18 35 0.25
18 36 0.25
18 37 0.25
18 38 0.25
18 39 0.25
18 40 0.25
18 41 0.25
18 42 0.25
18 43 0.25
18 44 0.25
18 45 0.25
18 46 0.25
18 47 0.25
18 48 0.25
18 49 0.25
18 50 0.25
18 51 0.25
18 52 0.25
18 53 0.25
18 54 0.25
18 55 0.25
18 56 0.25
18 57 0.25
18 58 0.25
18 59 0.25
18 60 0.25
18 61 0.25
18 62 0.25
18 63 0.25
18 64 0.25
18 65 0.25
18 66 0.25
18 67 0.25
18 68 0.25
18 69 0.25
18 70 0.25
18 71 0.25
18 72 0.25
18 73 0.25
18 74 0.25
18 75 0.25
18 76 0.25
18 77 0.25
18 78 0.25
18 79 0.25
18 80 0.25
18 81 0.25
18 82 0.25
18 83 0.25
18 84 0.25
18 85 0.25
18 86 0.25
18 87 0.25
18 88 0.25
18 89 0.25
18 90 0.25
18 91 0.25
18 92 0.25
18 93 0.25
18 94 0.25
18 95 0.25
18 96 0.25
18 97 0.25
18 98 0.25
18 99 0.25
19 20 0.25
19 21 0.25
19 22 0.25
19 23 0.25
19 24 0.25
19 25 0.25
19 26 0.25
19 27 0.25
19 28 0.25
19 29 0.25
19 30 0.25
19 31 0.25
19 32 0.25
19 33 0.25
19 34 0.25
19 35 0.25
19 36 0.25
19 37 0.25
19 38 0.25
19 39 0.25
19 40 0.25
19 41 0.25
19 42 0.25
19 43 0.25
19 44 0.25
19 45 0.25
19 46 0.25
19 47 0.25
19 48 0.25
19 49 0.25
19 50 0.25
19 51 0.25
19 52 0.25
19 53 0.25
19 54 0.25
19 55 0.25
19 56 0.25
19 57 0.25
19 58 0.25
19 59 0.25
19 60 0.25
19 61 0.25
19 62 0.25
19 63 0.25
19 64 0.25
19 65 0.25
19 66 0.25
19 67 0.25
19 68 0.25
19 69 0.25
19 70 0.25
19 71 0.25
19 72 0.25
19 73 0.25
19 74 0.25
19 75 0.25
19 76 0.25
19 77 0.25
19 78 0.25
19 79 0.25
19 80 0.25
19 81 0.25
19 82 0.25
19 83 0.25
19 84 0.25
19 85 0.25
19 86 0.25
19 87 0.25
19 88 0.25
19 89 0.25
19 90 0.25
19 91 0.25
19 92 0.25
19 93 0.25
19 94 0.25
19 95 0.25
19 96 0.25
19 97 0.25
19 98 0.25
19 99 0.25
20 21 0.25
20 22 0.25
20 23 0.25
20 24 0.25
20 25 0.25
20 26 0.25
20 27 0.25
20 28 0.25
20 29 0.25
20 30 0.25
20 31 0.25
20 32 0.25
20 33 0.25
20 34 0.25
20 35 0.25
20 36 0.25
20 37 0.25
20 38 0.25
20 39 0.25
20 40 0.25
20 41 0.25
20 42 0.25
20 43 0.25
20 44 0.25
20 45 0.25
20 46 0.25
20 47 0.25
20 48 0.25
20 49 0.25
20 50 0.25
20 51 0.25
20 52 0.25
20 53 0.25
20 54 0.25
20 55 0.25
20 56 0.25
20 57 0.25
20 58 0.25
20 59 0.25
20 60 0.25
20 61 0.25
20 62 0.25
20 63 0.25
20 64 0.25
20 65 0.25
20 66 0.25
20 67 0.25
20 68 0.25
20 69 0.25
20 70 0.25
20 71 0.25
20 72 0.25
20 73 0.25
20 74 0.25
20 75 0.25
20 76 0.25
20 77 0.25
20 78 0.25
20 79 0.25
20 80 0.25
20 81 0.25
20 82 0.25
20 83 0.25
20 84 0.25
20 85 0.25
20 86 0.25
20 87 0.25
20 88 0.25
20 89 0.25
20 90 0.25
20 91 0.25
20 92 0.25
20 93 0.25
20 94 0.25
20 95 0.25
20 96 0.25
20 97 0.25
20 98 0.25
20 99 0.25
21 22 0.25
21 23 0.25
21 24 0.25
21 25 0.25
21 26 0.25
21 27 0.25
21 28 0.25
21 29 0.25
21 30 0.25
21 31 0.25
21 32 0.25
21 33 0.25
21 34 0.25
21 35 0.25
21 36 0.25
21 37 0.25
21 38 0.25
21 39 0.25
21 40 0.25
21 41 0.25
21 42 0.25
21 43 0.25
21 44 0.25
21 45 0.25
21 46 0.25
21 47 0.25
21 48 0.25
21 49 0.25
21 50 0.25
21 51 0.25
21 52 0.25
21 53 0.25
21 54 0.25
21 55 0.25
21 56 0.25
21 57 0.25
21 58 0.25
21 59 0.25
21 60 0.25
21 61 0.25
21 62 0.25
21 63 0.25
21 64 0.25
21 65 0.25
21 66 0.25
21 67 0.25
21 68 0.25
21 69 0.25
21 70 0.25
21 71 0.25
21 72 0.25
21 73 0.25
21 74 0.25
21 75 0.25
21 76 0.25
21 77 0.25
21 78 0.25
21 79 0.25
21 80 0.25
21 81 0.25
21 82 0.25
21 83 0.25
21 84 0.25
21 85 0.25
21 86 0.25
21 87 0.25
21 88 0.25
21 89 0.25
21 90 0.25
21 91 0.25
21 92 0.25
21 93 0.25
21 94 0.25
21 95 0.25
21 96 0.25
21 97 0.25
21 98 0.25
21 99 0.25
22 23 0.25
22 24 0.25
22 25 0.25
22 26 0.25
22 27 0.25
22 28 0.25
22 29 0.25
22 30 0.25
22 31 0.25
22 32 0.25
22 33 0.25
22 34 0.25
22 35 0.25
22 36 0.25
22 37 0.25
22 38 0.25
22 39 0.25
22 40 0.25
22 41 0.25
22 42 0.25
22 43 0.25
22 44 0.25
22 45 0.25
22 46 0.25
22 47 0.25
22 48 0.25
22 49 0.25
22 50 0.25
22 51 0.25
22 52 0.25
22 53 0.25
22 54 0.25
22 55 0.25
22 56 0.25
22 57 0.25
22 58 0.25
22 59 0.25
22 60 0.25
22 61 0.25
22 62 0.25
22 63 0.25
22 64 0.25
22 65 0.25
22 66 0.25
22 67 0.25
22 68 0.25
22 69 0.25
22 70 0.25
22 71 0.25
22 72 0.25
22 73 0.25
22 74 0.25
22 75 0.25
22 76 0.25
22 77 0.25
22 78 0.25
22 79 0.25
22 80 0.25
22 81 0.25
22 82 0.25
22 83 0.25
22 84 0.25
22 85 0.25
22 86 0.25
22 87 0.25
22 88 0.25
22 89 0.25
22 90 0.25
22 91 0.25
22 92 0.25
22 93 0.25
22 94 0.25
22 95 0.25
22 96 0.25
22 97 0.25
22 98 0.25
22 99 0.25
23 24 0.25
23 25 0.25
23 26 0.25
23 27 0.25
23 28 0.25
23 29 0.25
23 30 0.25
23 31 0.25
23 32 0.25
23 33 0.25
23 34 0.25
23 35 0.25
23 36 0.25
23 37 0.25
23 38 0.25
23 39 0.25
23 40 0.25
23 41 0.25
23 42 0.25
23 43 0.25
23 44 0.25
23 45 0.25
23 46 0.25
23 47 0.25
23 48 0.25
23 49 0.25
23 50 0.25
23 51 0.25
23 52 0.25
23 53 0.25
23 54 0.25
23 55 0.25
23 56 0.25
23 57 0.25
23 58 0.25
23 59 0.25
23 60 0.25
23 61 0.25
23 62 0.25
23 63 0.25
23 64 0.25
23 65 0.25
23 66 0.25
23 67 0.25
23 68 0.25
23 69 0.25
23 70 0.25
23 71 0.25
23 72 0.25
23 73 0.25
23 74 0.25
23 75 0.25
23 76 0.25
23 77 0.25
23 78 0.25
23 79 0.25
23 80 0.25
23 81 0.25
23 82 0.25
23 83 0.25
23 84 0.25
23 85 0.25
23 86 0.25
23 87 0.25
23 88 0.25
23 89 0.25
23 90 0.25
23 91 0.25
23 92 0.25
23 93 0.25
23 94 0.25
23 95 0.25
23 96 0.25
23 97 0.25
23 98 0.25
23 99 0.25
24 25 0.25
24 26 0.25
24 27 0.25
24 28 0.25
24 29 0.25
24 30 0.25
24 31 0.25
24 32 0.25
24 33 0.25
24 34 0.25
24 35 0.25
24 36 0.25
24 37 0.25
24 38 0.25
24 39 0.25
24 40 0.25
24 41 0.25
24 42 0.25
24 43 0.25
24 44 0.25
24 45 0.25
24 46 0.25
24 47 0.25
24 48 0.25
24 49 0.25
24 50 0.25
24 51 0.25
24 52 0.25
24 53 0.25
24 54 0.25
24 55 0.25
24 56 0.25
24 57 0.25
24 58 0.25
24 59 0.25
24 60 0.25
24 61 0.25
24 62 0.25
24 63 0.25
24 64 0.25
24 65 0.25
24 66 0.25
24 67 0.25
24 68 0.25
24 69 0.25
24 70 0.25
24 71 0.25
24 72 0.25
24 73 0.25
24 74 0.25
24 75 0.25
24 76 0.25
24 77 0.25
24 78 0.25
24 79 0.25
24 80 0.25
24 81 0.25
24 82 0.25
24 83 0.25
24 84 0.25
24 85 0.25
24 86 0.25
24 87 0.25
24 88 0.25
24 89 0.25
24 90 0.25
24 91 0.25
24 92 0.25
24 93 0.25
24 94 0.25
24 95 0.25
24 96 0.25
24 97 0.25
24 98 0.25
24 99 0.25
25 26 0.25
25 27 0.25
25 28 0.25
25 29 0.25
25 30 0.25
25 31 0.25
25 32 0.25
25 33 0.25
25 34 0.25
25 35 0.25
25 36 0.25
25 37 0.25
25 38 0.25
25 39 0.25
25 40 0.25
25 41 0.25
25 42 0.25
25 43 0.25
25 44 0.25
25 45 0.25
25 46 0.25
25 47 0.25
25 48 0.25
25 49 0.25
25 50 0.25
25 51 0.25
25 52 0.25
25 53 0.25
25 54 0.25
25 55 0.25
25 56 0.25
25 57 0.25
25 58 0.25
25 59 0.25
25 60 0.25
25 61 0.25
25 62 0.25
25 63 0.25
25 64 0.25
25 65 0.25
25 66 0.25
25 67 0.25
25 68 0.25
25 69 0.25
25 70 0.25
25 71 0.25
25 72 0.25
25 73 0.25
25 74 0.25
25 75 0.25
25 76 0.25
25 77 0.25
25 78 0.25
25 79 0.25
25 80 0.25
25 81 0.25
25 82 0.25
25 83 0.25
25 84 0.25
25 85 0.25
25 86 0.25
25 87 0.25
25 88 0.25
25 89 0.25
25 90 0.25
25 91 0.25
25 92 0.25
25 93 0.25
25 94 0.25
25 95 0.25
25 96 0.25
25 97 0.25
25 98 0.25
25 99 0.25
26 27 0.25
26 28 0.25
26 29 0.25
26 30 0.25
26 31 0.25
26 32 0.25
26 33 0.25
26 34 0.25
26 35 0.25
26 36 0.25
26 37 0.25
26 38 0.25
26 39 0.25
26 40 0.25
26 41 0.25
26 42 0.25
26 43 0.25
26 44 0.25
26 45 0.25
26 46 0.25
26 47 0.25
26 48 0.25
26 49 0.25
26 50 0.25
26 51 0.25
26 52 0.25
26 53 0.25
26 54 0.25
26 55 0.25
26 56 0.25
26 57 0.25
26 58 0.25
26 59 0.25
26 60 0.25
26 61 0.25
26 62 0.25
26 63 0.25
26 64 0.25
26 65 0.25
26 66 0.25
26 67 0.25
26 68 0.25
26 69 0.25
26 70 0.25
26 71 0.25
26 72 0.25
26 73 0.25
26 74 0.25
26 75 0.25
26 76 0.25
26 77 0.25
26 78 0.25
26 79 0.25
26 80 0.25
26 81 0.25
26 82 0.25
26 83 0.25
26 84 0.25
26 85 0.25
26 86 0.25
26 87 0.25
26 88 0.25
26 89 0.25
26 90 0.25
26 91 0.25
26 92 0.25
26 93 0.25
26 94 0.25
26 95 0.25
26 96 0.25
26 97 0.25
26 98 0.25
26 99 0.25
27 28 0.25
27 29 0.25
27 30 0.25
27 31 0.25
27 32 0.25
27 33 0.25
27 34 0.25
27 35 0.25
27 36 0.25
27 37 0.25
27 38 0.25
27 39 0.25
27 40 0.25
27 41 0.25
27 42 0.25
27 43 0.25
27 44 0.25
27 45 0.25
27 46 0.25
27 47 0.25
27 48 0.25
27 49 0.25
27 50 0.25
27 51 0.25
27 52 0.25
27 53 0.25
27 54 0.25
27 55 0.25
27 56 0.25
27 57 0.25
27 58 0.25
27 59 0.25
27 60 0.25
27 61 0.25
27 62 0.25
27 63 0.25
27 64 0.25
27 65 0.25
27 66 0.25
27 67 0.25
27 68 0.25
27 69 0.25
27 70 0.25
27 71 0.25
27 72 0.25
27 73 0.25
27 74 0.25
27 75 0.25
27 76 0.25
27 77 0.25
27 78 0.25
27 79 0.25
27 80 0.25
27 81 0.25
27 82 0.25
27 83 0.25
27 84 0.25
27 85 0.25
27 86 0.25
27 87 0.25
27 88 0.25
27 89 0.25
27 90 0.25
27 91 0.25
27 92 0.25
27 93 0.25
27 94 0.25
27 95 0.25
27 96 0.25
27 97 0.25
27 98 0.25
27 99 0.25
28 29 0.25
28 30 0.25
28 31 0.25
28 32 0.25
28 33 0.25
28 34 0.25
28 35 0.25
28 36 0.25
28 37 0.25
28 38 0.25
28 39 0.25
28 40 0.25
28 41 0.25
28 42 0.25
28 43 0.25
28 44 0.25
28 45 0.25
28 46 0.25
28 47 0.25
28 48 0.25
28 49 0.25
28 50 0.25
28 51 0.25
28 52 0.25
28 53 0.25
28 54 0.25
28 55 0.25
28 56 0.25
28 57 0.25
28 58 0.25
28 59 0.25
28 60 0.25
28 61 0.25
28 62 0.25
28 63 0.25
28 64 0.25
28 65 0.25
28 66 0.25
28 67 0.25
28 68 0.25
28 69 0.25
28 70 0.25
28 71 0.25
28 72 0.25
28 73 0.25
28 74 0.25
28 75 0.25
28 76 0.25
28 77 0.25
28 78 0.25
28 79 0.25
28 80 0.25
28 81 0.25
28 82 0.25
28 83 0.25
28 84 0.25
28 85 0.25
28 86 0.25
28 87 0.25
28 88 0.25
28 89 0.25
28 90 0.25
28 91 0.25
28 92 0.25
28 93 0.25
28 94 0.25
28 95 0.25
28 96 0.25
28 97 0.25
28 98 0.25
28 99 0.25
29 30 0.25
29 31 0.25
29 32 0.25
29 33 0.25
29 34 0.25
29 35 0.25
29 36 0.25
29 37 0.25
29 38 0.25
29 39 0.25
29 40 0.25
29 41 0.25
29 42 0.25
29 43 0.25
29 44 0.25
29 45 0.25
29 46 0.25
29 47 0.25
29 48 0.25
29 49 0.25
29 50 0.25
29 51 0.25
29 52 0.25
29 53 0.25
29 54 0.25
29 55 0.25
29 56 0.25
29 57 0.25
29 58 0.25
29 59 0.25
29 60 0.25
29 61 0.25
29 62 0.25
29 63 0.25
29 64 0.25
29 65 0.25
29 66 0.25
29 67 0.25
29 68 0.25
29 69 0.25
29 70 0.25
29 71 0.25
29 72 0.25
29 73 0.25
29 74 0.25
29 75 0.25
29 76 0.25
29 77 0.25
29 78 0.25
29 79 0.25
29 80 0.25
29 81 0.25
29 82 0.25
29 83 0.25
29 84 0.25
29 85 0.25
29 86 0.25
29 87 0.25
29 88 0.25
29 89 0.25
29 90 0.25
29 91 0.25
29 92 0.25
29 93 0.25
29 94 0.25
29 95 0.25
29 96 0.25
29 97 0.25
29 98 0.25
29 99 0.25
30 31 0.25
30 32 0.25
30 33 0.25
30 34 0.25
30 35 0.25
30 36 0.25
30 37 0.25
30 38 0.25
30 39 0.25
30 40 0.25
30 41 0.25
30 42 0.25
30 43 0.25
30 44 0.25
30 45 0.25
30 46 0.25
30 47 0.25
30 48 0.25
30 49 0.25
30 50 0.25
30 51 0.25
30 52 0.25
30 53 0.25
30 54 0.25
30 55 0.25
30 56 0.25
30 57 0.25
30 58 0.25
30 59 0.25
30 60 0.25
30 61 0.25
30 62 0.25
30 63 0.25
30 64 0.25
30 65 0.25
30 66 0.25
30 67 0.25
30 68 0.25
30 69 0.25
30 70 0.25
30 71 0.25
30 72 0.25
30 73 0.25
30 74 0.25
30 75 0.25
30 76 0.25
30 77 0.25
30 78 0.25
30 79 0.25
30 80 0.25
30 81 0.25
30 82 0.25
30 83 0.25
30 84 0.25
30 85 0.25
30 86 0.25
30 87 0.25
30 88 0.25
30 89 0.25
30 90 0.25
30 91 0.25
30 92 0.25
30 93 0.25
30 94 0.25
30 95 0.25
30 96 0.25
30 97 0.25
30 98 0.25
30 99 0.25
31 32 0.25
31 33 0.25
31 34 0.25
31 35 0.25
31 36 0.25
31 37 0.25
31 38 0.25
31 39 0.25
31 40 0.25
31 41 0.25
31 42 0.25
31 43 0.25
31 44 0.25
31 45 0.25
31 46 0.25
31 47 0.25
31 48 0.25
31 49 0.25
31 50 0.25
31 51 0.25
31 52 0.25
31 53 0.25
31 54 0.25
31 55 0.25
31 56 0.25
31 57 0.25
31 58 0.25
31 59 0.25
31 60 0.25
31 61 0.25
31 62 0.25
31 63 0.25
31 64 0.25
31 65 0.25
31 66 0.25
31 67 0.25
31 68 0.25
31 69 0.25
31 70 0.25
31 71 0.25
31 72 0.25
31 73 0.25
31 74 0.25
31 75 0.25
31 76 0.25
31 77 0.25
31 78 0.25
31 79 0.25
31 80 0.25
31 81 0.25
31 82 0.25
31 83 0.25
31 84 0.25
31 85 0.25
31 86 0.25
31 87 0.25
31 88 0.25
31 89 0.25
31 90 0.25
31 91 0.25
31 92 0.25
31 93 0.25
31 94 0.25
31 95 0.25
31 96 0.25
31 97 0.25
31 98 0.25
31 99 0.25
32 33 0.25
32 34 0.25
32 35 0.25
32 36 0.25
32 37 0.25
32 38 0.25
32 39 0.25
32 40 0.25
32 41 0.25
32 42 0.25
32 43 0.25
32 44 0.25
32 45 0.25
32 46 0.25
32 47 0.25
32 48 0.25
32 49 0.25
32 50 0.25
32 51 0.25
32 52 0.25
32 53 0.25
32 54 0.25
32 55 0.25
32 56 0.25
32 57 0.25
32 58 0.25
32 59 0.25
32 60 0.25
32 61 0.25
32 62 0.25
32 63 0.25
32 64 0.25
32 65 0.25
32 66 0.25
32 67 0.25
32 68 0.25
32 69 0.25
32 70 0.25
32 71 0.25
32 72 0.25
32 73 0.25
32 74 0.25
32 75 0.25
32 76 0.25
32 77 0.25
32 78 0.25
32 79 0.25
32 80 0.25
32 81 0.25
32 82 0.25
32 83 0.25
32 84 0.25
32 85 0.25
32 86 0.25
32 87 0.25
32 88 0.25
32 89 0.25
32 90 0.25
32 91 0.25
32 92 0.25
32 93 0.25
32 94 0.25
32 95 0.25
32 96 0.25
32 97 0.25
32 98 0.25
32 99 0.25
33 34 0.25
33 35 0.25
33 36 0.25
33 37 0.25
33 38 0.25
33 39 0.25
33 40 0.25
33 41 0.25
33 42 0.25
33 43 0.25
33 44 0.25
33 45 0.25
33 46 0.25
33 47 0.25
33 48 0.25
33 49 0.25
33 50 0.25
33 51 0.25
33 52 0.25
33 53 0.25
33 54 0.25
33 55 0.25
33 56 0.25
33 57 0.25
33 58 0.25
33 59 0.25
33 60 0.25
33 61 0.25
33 62 0.25
33 63 0.25
33 64 0.25
33 65 0.25
33 66 0.25
33 67 0.25
33 68 0.25
33 69 0.25
33 70 0.25
33 71 0.25
33 72 0.25
33 73 0.25
33 74 0.25
33 75 0.25
33 76 0.25
33 77 0.25
33 78 0.25
33 79 0.25
33 80 0.25
33 81 0.25
33 82 0.25
33 83 0.25
33 84 0.25
33 85 0.25
33 86 0.25
33 87 0.25
33 88 0.25
33 89 0.25
33 90 0.25
33 91 0.25
33 92 0.25
33 93 0.25
33 94 0.25
33 95 0.25
33 96 0.25
33 97 0.25
33 98 0.25
33 99 0.25
34 35 0.25
34 36 0.25
34 37 0.25
34 38 0.25
34 39 0.25
34 40 0.25
34 41 0.25
34 42 0.25
34 43 0.25
34 44 0.25
34 45 0.25
34 46 0.25
34 47 0.25
34 48 0.25
34 49 0.25
34 50 0.25
34 51 0.25
34 52 0.25
34 53 0.25
34 54 0.25
34 55 0.25
34 56 0.25
34 57 0.25
34 58 0.25
34 59 0.25
34 60 0.25
34 61 0.25
34 62 0.25
34 63 0.25
34 64 0.25
34 65 0.25
34 66 0.25
34 67 0.25
34 68 0.25
34 69 0.25
34 70 0.25
34 71 0.25
34 72 0.25
34 73 0.25
34 74 0.25
34 75 0.25
34 76 0.25
34 77 0.25
34 78 0.25
34 79 0.25
34 80 0.25
34 81 0.25
34 82 0.25
34 83 0.25
34 84 0.25
34 85 0.25
34 86 0.25
34 87 0.25
34 88 0.25
34 89 0.25
34 90 0.25
34 91 0.25
34 92 0.25
34 93 0.25
34 94 0.25
34 95 0.25
34 96 0.25
34 97 0.25
34 98 0.25
34 99 0.25
35 36 0.25
35 37 0.25
35 38 0.25
35 39 0.25
35 40 0.25
35 41 0.25
35 42 0.25
35 43 0.25
35 44 0.25
35 45 0.25
35 46 0.25
35 47 0.25
35 48 0.25
35 49 0.25
35 50 0.25
35 51 0.25
35 52 0.25
35 53 0.25
35 54 0.25
35 55 0.25
35 56 0.25
35 57 0.25
35 58 0.25
35 59 0.25
35 60 0.25
35 61 0.25
35 62 0.25
35 63 0.25
35 64 0.25
35 65 0.25
35 66 0.25
35 67 0.25
35 68 0.25
35 69 0.25
35 70 0.25
35 71 0.25
35 72 0.25
35 73 0.25
35 74 0.25
35 75 0.25
35 76 0.25
35 77 0.25
35 78 0.25
35 79 0.25
35 80 0.25
35 81 0.25
35 82 0.25
35 83 0.25
35 84 0.25
35 85 0.25
35 86 0.25
35 87 0.25
35 88 0.25
35 89 0.25
35 90 0.25
35 91 0.25
35 92 0.25
35 93 0.25
35 94 0.25
35 95 0.25
35 96 0.25
35 97 0.25
35 98 0.25
35 99 0.25
36 37 0.25
36 38 0.25
36 39 0.25
36 40 0.25
36 41 0.25
36 42 0.25
36 43 0.25
36 44 0.25
36 45 0.25
36 46 0.25
36 47 0.25
36 48 0.25
36 49 0.25
36 50 0.25
36 51 0.25
36 52 0.25
36 53 0.25
36 54 0.25
36 55 0.25
36 56 0.25
36 57 0.25
36 58 0.25
36 59 0.25
36 60 0.25
36 61 0.25
36 62 0.25
36 63 0.25
36 64 0.25
36 65 0.25
36 66 0.25
36 67 0.25
36 68 0.25
36 69 0.25
36 70 0.25
36 71 0.25
36 72 0.25
36 73 0.25
36 74 0.25
36 75 0.25
36 76 0.25
36 77 0.25
36 78 0.25
36 79 0.25
36 80 0.25
36 81 0.25
36 82 0.25
36 83 0.25
36 84 0.25
36 85 0.25
36 86 0.25
36 87 0.25
36 88 0.25
36 89 0.25
36 90 0.25
36 91 0.25
36 92 0.25
36 93 0.25
36 94 0.25
36 95 0.25
36 96 0.25
36 97 0.25
36 98 0.25
36 99 0.25
37 38 0.25
37 39 0.25
37 40 0.25
37 41 0.25
37 42 0.25
37 43 0.25
37 44 0.25
37 45 0.25
37 46 0.25
37 47 0.25
37 48 0.25
37 49 0.25
37 50 0.25
37 51 0.25
37 52 0.25
37 53 0.25
37 54 0.25
37 55 0.25
37 56 0.25
37 57 0.25
37 58 0.25
37 59 0.25
37 60 0.25
37 61 0.25
37 62 0.25
37 63 0.25
37 64 0.25
37 65 0.25
37 66 0.25
37 67 0.25
37 68 0.25
37 69 0.25
37 70 0.25
37 71 0.25
37 72 0.25
37 73 0.25
37 74 0.25
37 75 0.25
37 76 0.25
37 77 0.25
37 78 0.25
37 79 0.25
37 80 0.25
37 81 0.25
37 82 0.25
37 83 0.25
37 84 0.25
37 85 0.25
37 86 0.25
37 87 0.25
37 88 0.25
37 89 0.25
37 90 0.25
37 91 0.25
37 92 0.25
37 93 0.25
37 94 0.25
37 95 0.25
37 96 0.25
37 97 0.25
37 98 0.25
37 99 0.25
38 39 0.25
38 40 0.25
38 41 0.25
38 42 0.25
38 43 0.25
38 44 0.25
38 45 0.25
38 46 0.25
38 47 0.25
38 48 0.25
38 49 0.25
38 50 0.25
38 51 0.25
38 52 0.25
38 53 0.25
38 54 0.25
38 55 0.25
38 56 0.25
38 57 0.25
38 58 0.25
38 59 0.25
38 60 0.25
38 61 0.25
38 62 0.25
38 63 0.25
38 64 0.25
38 65 0.25
38 66 0.25
38 67 0.25
38 68 0.25
38 69 0.25
38 70 0.25
38 71 0.25
38 72 0.25
38 73 0.25
38 74 0.25
38 75 0.25
38 76 0.25
38 77 0.25
38 78 0.25
38 79 0.25
38 80 0.25
38 81 0.25
38 82 0.25
38 83 0.25
38 84 0.25
38 85 0.25
38 86 0.25
38 87 0.25
38 88 0.25
38 89 0.25
38 90 0.25
38 91 0.25
38 92 0.25
38 93 0.25
38 94 0.25
38 95 0.25
38 96 0.25
38 97 0.25
38 98 0.25
38 99 0.25
39 40 0.25
39 41 0.25
39 42 0.25
39 43 0.25
39 44 0.25
39 45 0.25
39 46 0.25
39 47 0.25
39 48 0.25
39 49 0.25
39 50 0.25
39 51 0.25
39 52 0.25
39 53 0.25
39 54 0.25
39 55 0.25
39 56 0.25
39 57 0.25
39 58 0.25
39 59 0.25
39 60 0.25
39 61 0.25
39 62 0.25
39 63 0.25
39 64 0.25
39 65 0.25
39 66 0.25
39 67 0.25
39 68 0.25
39 69 0.25
39 70 0.25
39 71 0.25
39 72 0.25
39 73 0.25
39 74 0.25
39 75 0.25
39 76 0.25
39 77 0.25
39 78 0.25
39 79 0.25
39 80 0.25
39 81 0.25
39 82 0.25
39 83 0.25
39 84 0.25
39 85 0.25
39 86 0.25
39 87 0.25
39 88 0.25
39 89 0.25
39 90 0.25
39 91 0.25
39 92 0.25
39 93 0.25
39 94 0.25
39 95 0.25
39 96 0.25
39 97 0.25
39 98 0.25
39 99 0.25
40 41 0.25
40 42 0.25
40 43 0.25
40 44 0.25
40 45 0.25
40 46 0.25
40 47 0.25
40 48 0.25
40 49 0.25
40 50 0.25
40 51 0.25
40 52 0.25
40 53 0.25
40 54 0.25
40 55 0.25
40 56 0.25
40 57 0.25
40 58 0.25
40 59 0.25
40 60 0.25
40 61 0.25
40 62 0.25
40 63 0.25
40 64 0.25
40 65 0.25
40 66 0.25
40 67 0.25
40 68 0.25
40 69 0.25
40 70 0.25
40 71 0.25
40 72 0.25
40 73 0.25
40 74 0.25
40 75 0.25
40 76 0.25
40 77 0.25
40 78 0.25
40 79 0.25
40 80 0.25
40 81 0.25
40 82 0.25
40 83 0.25
40 84 0.25
40 85 0.25
40 86 0.25
40 87 0.25
40 88 0.25
40 89 0.25
40 90 0.25
40 91 0.25
40 92 0.25
40 93 0.25
40 94 0.25
40 95 0.25
40 96 0.25
40 97 0.25
40 98 0.25
40 99 0.25
41 42 0.25
41 43 0.25
41 44 0.25
41 45 0.25
41 46 0.25
41 47 0.25
41 48 0.25
41 49 0.25
41 50 0.25
41 51 0.25
41 52 0.25
41 53 0.25
41 54 0.25
41 55 0.25
41 56 0.25
41 57 0.25
41 58 0.25
41 59 0.25
41 60 0.25
41 61 0.25
41 62 0.25
41 63 0.25
41 64 0.25
41 65 0.25
41 66 0.25
41 67 0.25
41 68 0.25
41 69 0.25
41 70 0.25
41 71 0.25
41 72 0.25
41 73 0.25
41 74 0.25
41 75 0.25
41 76 0.25
41 77 0.25
41 78 0.25
41 79 0.25
41 80 0.25
41 81 0.25
41 82 0.25
41 83 0.25
41 84 0.25
41 85 0.25
41 86 0.25
41 87 0.25
41 88 0.25
41 89 0.25
41 90 0.25
41 91 0.25
41 92 0.25
41 93 0.25
41 94 0.25
41 95 0.25
41 96 0.25
41 97 0.25
41 98 0.25
41 99 0.25
42 43 0.25
42 44 0.25
42 45 0.25
42 46 0.25
42 47 0.25
42 48 0.25
42 49 0.25
42 50 0.25
42 51 0.25
42 52 0.25
42 53 0.25
42 54 0.25
42 55 0.25
42 56 0.25
42 57 0.25
42 58 0.25
42 59 0.25
42 60 0.25
42 61 0.25
42 62 0.25
42 63 0.25
42 64 0.25
42 65 0.25
42 66 0.25
42 67 0.25
42 68 0.25
42 69 0.25
42 70 0.25
42 71 0.25
42 72 0.25
42 73 0.25
42 74 0.25
42 75 0.25
42 76 0.25
42 77 0.25
42 78 0.25
42 79 0.25
42 80 0.25
42 81 0.25
42 82 0.25
42 83 0.25
42 84 0.25
42 85 0.25
42 86 0.25
42 87 0.25
42 88 0.25
42 89 0.25
42 90 0.25
42 91 0.25
42 92 0.25
42 93 0.25
42 94 0.25
42 95 0.25
42 96 0.25
42 97 0.25
42 98 0.25
42 99 0.25
43 44 0.25
43 45 0.25
43 46 0.25
43 47 0.25
43 48 0.25
43 49 0.25
43 50 0.25
43 51 0.25
43 52 0.25
43 53 0.25
43 54 0.25
43 55 0.25
43 56 0.25
43 57 0.25
43 58 0.25
43 59 0.25
43 60 0.25
43 61 0.25
43 62 0.25
43 63 0.25
43 64 0.25
43 65 0.25
43 66 0.25
43 67 0.25
43 68 0.25
43 69 0.25
43 70 0.25
43 71 0.25
43 72 0.25
43 73 0.25
43 74 0.25
43 75 0.25
43 76 0.25
43 77 0.25
43 78 0.25
43 79 0.25
43 80 0.25
43 81 0.25
43 82 0.25
43 83 0.25
43 84 0.25
43 85 0.25
43 86 0.25
43 87 0.25
43 88 0.25
43 89 0.25
43 90 0.25
43 91 0.25
43 92 0.25
43 93 0.25
43 94 0.25
43 95 0.25
43 96 0.25
43 97 0.25
43 98 0.25
43 99 0.25
44 45 0.25
44 46 0.25
44 47 0.25
44 48 0.25
44 49 0.25
44 50 0.25
44 51 0.25
44 52 0.25
44 53 0.25
44 54 0.25
44 55 0.25
44 56 0.25
44 57 0.25
44 58 0.25
44 59 0.25
44 60 0.25
44 61 0.25
44 62 0.25
44 63 0.25
44 64 0.25
44 65 0.25
44 66 0.25
44 67 0.25
44 68 0.25
44 69 0.25
44 70 0.25
44 71 0.25
44 72 0.25
44 73 0.25
44 74 0.25
44 75 0.25
44 76 0.25
44 77 0.25
44 78 0.25
44 79 0.25
44 80 0.25
44 81 0.25
44 82 0.25
44 83 0.25
44 84 0.25
44 85 0.25
44 86 0.25
44 87 0.25
44 88 0.25
44 89 0.25
44 90 0.25
44 91 0.25
44 92 0.25
44 93 0.25
44 94 0.25
44 95 0.25
44 96 0.25
44 97 0.25
44 98 0.25
44 99 0.25
45 46 0.25
45 47 0.25
45 48 0.25
45 49 0.25
45 50 0.25
45 51 0.25
45 52 0.25
45 53 0.25
45 54 0.25
45 55 0.25
45 56 0.25
45 57 0.25
45 58 0.25
45 59 0.25
45 60 0.25
45 61 0.25
45 62 0.25
45 63 0.25
45 64 0.25
45 65 0.25
45 66 0.25
45 67 0.25
45 68 0.25
45 69 0.25
45 70 0.25
45 71 0.25
45 72 0.25
45 73 0.25
45 74 0.25
45 75 0.25
45 76 0.25
45 77 0.25
45 78 0.25
45 79 0.25
45 80 0.25
45 81 0.25
45 82 0.25
45 83 0.25
45 84 0.25
45 85 0.25
45 86 0.25
45 87 0.25
45 88 0.25
45 89 0.25
45 90 0.25
45 91 0.25
45 92 0.25
45 93 0.25
45 94 0.25
45 95 0.25
45 96 0.25
45 97 0.25
45 98 0.25
45 99 0.25
46 47 0.25
46 48 0.25
46 49 0.25
46 50 0.25
46 51 0.25
46 52 0.25
46 53 0.25
46 54 0.25
46 55 0.25
46 56 0.25
46 57 0.25
46 58 0.25
46 59 0.25
46 60 0.25
46 61 0.25
46 62 0.25
46 63 0.25
46 64 0.25
46 65 0.25
46 66 0.25
46 67 0.25
46 68 0.25
46 69 0.25
46 70 0.25
46 71 0.25
46 72 0.25
46 73 0.25
46 74 0.25
46 75 0.25
46 76 0.25
46 77 0.25
46 78 0.25
46 79 0.25
46 80 0.25
46 81 0.25
46 82 0.25
46 83 0.25
46 84 0.25
46 85 0.25
46 86 0.25
46 87 0.25
46 88 0.25
46 89 0.25
46 90 0.25
46 91 0.25
46 92 0.25
46 93 0.25
46 94 0.25
46 95 0.25
46 96 0.25
46 97 0.25
46 98 0.25
46 99 0.25
47 48 0.25
47 49 0.25
47 50 0.25
47 51 0.25
47 52 0.25
47 53 0.25
47 54 0.25
47 55 0.25
47 56 0.25
47 57 0.25
47 58 0.25
47 59 0.25
47 60 0.25
47 61 0.25
47 62 0.25
47 63 0.25
47 64 0.25
47 65 0.25
47 66 0.25
47 67 0.25
47 68 0.25
47 69 0.25
47 70 0.25
47 71 0.25
47 72 0.25
47 73 0.25
47 74 0.25
47 75 0.25
47 76 0.25
47 77 0.25
47 78 0.25
47 79 0.25
47 80 0.25
47 81 0.25
47 82 0.25
47 83 0.25
47 84 0.25
47 85 0.25
47 86 0.25
47 87 0.25
47 88 0.25
47 89 0.25
47 90 0.25
47 91 0.25
47 92 0.25
47 93 0.25
47 94 0.25
47 95 0.25
47 96 0.25
47 97 0.25
47 98 0.25
47 99 0.25
48 49 0.25
48 50 0.25
48 51 0.25
48 52 0.25
48 53 0.25
48 54 0.25
48 55 0.25
48 56 0.25
48 57 0.25
48 58 0.25
48 59 0.25
48 60 0.25
48 61 0.25
48 62 0.25
48 63 0.25
48 64 0.25
48 65 0.25
48 66 0.25
48 67 0.25
48 68 0.25
48 69 0.25
48 70 0.25
48 71 0.25
48 72 0.25
48 73 0.25
48 74 0.25
48 75 0.25
48 76 0.25
48 77 0.25
48 78 0.25
48 79 0.25
48 80 0.25
48 81 0.25
48 82 0.25
48 83 0.25
48 84 0.25
48 85 0.25
48 86 0.25
48 87 0.25
48 88 0.25
48 89 0.25
48 90 0.25
48 91 0.25
48 92 0.25
48 93 0.25
48 94 0.25
48 95 0.25
48 96 0.25
48 97 0.25
48 98 0.25
48 99 0.25
49 50 0.25
49 51 0.25
49 52 0.25
49 53 0.25
49 54 0.25
49 55 0.25
49 56 0.25
49 57 0.25
49 58 0.25
49 59 0.25
49 60 0.25
49 61 0.25
49 62 0.25
49 63 0.25
49 64 0.25
49 65 0.25
49 66 0.25
49 67 0.25
49 68 0.25
49 69 0.25
49 70 0.25
49 71 0.25
49 72 0.25
49 73 0.25
49 74 0.25
49 75 0.25
49 76 0.25
49 77 0.25
49 78 0.25
49 79 0.25
49 80 0.25
49 81 0.25
49 82 0.25
49 83 0.25
49 84 0.25
49 85 0.25
49 86 0.25
49 87 0.25
49 88 0.25
49 89 0.25
49 90 0.25
49 91 0.25
49 92 0.25
49 93 0.25
49 94 0.25
49 95 0.25
49 96 0.25
49 97 0.25
49 98 0.25
49 99 0.25
50 51 0.25
50 52 0.25
50 53 0.25
50 54 0.25
50 55 0.25
50 56 0.25
50 57 0.25
50 58 0.25
50 59 0.25
50 60 0.25
50 61 0.25
50 62 0.25
50 63 0.25
50 64 0.25
50 65 0.25
50 66 0.25
50 67 0.25
50 68 0.25
50 69 0.25
50 70 0.25
50 71 0.25
50 72 0.25
50 73 0.25
50 74 0.25
50 75 0.25
50 76 0.25
50 77 0.25
50 78 0.25
50 79 0.25
50 80 0.25
50 81 0.25
50 82 0.25
50 83 0.25
50 84 0.25
50 85 0.25
50 86 0.25
50 87 0.25
50 88 0.25
50 89 0.25
50 90 0.25
50 91 0.25
50 92 0.25
50 93 0.25
50 94 0.25
50 95 0.25
50 96 0.25
50 97 0.25
50 98 0.25
50 99 0.25
51 52 0.25
51 53 0.25
51 54 0.25
51 55 0.25
51 56 0.25
51 57 0.25
51 58 0.25
51 59 0.25
51 60 0.25
51 61 0.25
51 62 0.25
51 63 0.25
51 64 0.25
51 65 0.25
51 66 0.25
51 67 0.25
51 68 0.25
51 69 0.25
51 70 0.25
51 71 0.25
51 72 0.25
51 73 0.25
51 74 0.25
51 75 0.25
51 76 0.25
51 77 0.25
51 78 0.25
51 79 0.25
51 80 0.25
51 81 0.25
51 82 0.25
51 83 0.25
51 84 0.25
51 85 0.25
51 86 0.25
51 87 0.25
51 88 0.25
51 89 0.25
51 90 0.25
51 91 0.25
51 92 0.25
51 93 0.25
51 94 0.25
51 95 0.25
51 96 0.25
51 97 0.25
51 98 0.25
51 99 0.25
52 53 0.25
52 54 0.25
52 55 0.25
52 56 0.25
52 57 0.25
52 58 0.25
52 59 0.25
52 60 0.25
52 61 0.25
52 62 0.25
52 63 0.25
52 64 0.25
52 65 0.25
52 66 0.25
52 67 0.25
52 68 0.25
52 69 0.25
52 70 0.25
52 71 0.25
52 72 0.25
52 73 0.25
52 74 0.25
52 75 0.25
52 76 0.25
52 77 0.25
52 78 0.25
52 79 0.25
52 80 0.25
52 81 0.25
52 82 0.25
52 83 0.25
52 84 0.25
52 85 0.25
52 86 0.25
52 87 0.25
52 88 0.25
52 89 0.25
52 90 0.25
52 91 0.25
52 92 0.25
52 93 0.25
52 94 0.25
52 95 0.25
52 96 0.25
52 97 0.25
52 98 0.25
52 99 0.25
53 54 0.25
53 55 0.25
53 56 0.25
53 57 0.25
53 58 0.25
53 59 0.25
53 60 0.25
53 61 0.25
53 62 0.25
53 63 0.25
53 64 0.25
53 65 0.25
53 66 0.25
53 67 0.25
53 68 0.25
53 69 0.25
53 70 0.25
53 71 0.25
53 72 0.25
53 73 0.25
53 74 0.25
53 75 0.25
53 76 0.25
53 77 0.25
53 78 0.25
53 79 0.25
53 80 0.25
53 81 0.25
53 82 0.25
53 83 0.25
53 84 0.25
53 85 0.25
53 86 0.25
53 87 0.25
53 88 0.25
53 89 0.25
53 90 0.25
53 91 0.25
53 92 0.25
53 93 0.25
53 94 0.25
53 95 0.25
53 96 0.25
53 97 0.25
53 98 0.25
53 99 0.25
54 55 0.25
54 56 0.25
54 57 0.25
54 58 0.25
54 59 0.25
54 60 0.25
54 61 0.25
54 62 0.25
54 63 0.25
54 64 0.25
54 65 0.25
54 66 0.25
54 67 0.25
54 68 0.25
54 69 0.25
54 70 0.25
54 71 0.25
54 72 0.25
54 73 0.25
54 74 0.25
54 75 0.25
54 76 0.25
54 77 0.25
54 78 0.25
54 79 0.25
54 80 0.25
54 81 0.25
54 82 0.25
54 83 0.25
54 84 0.25
54 85 0.25
54 86 0.25
54 87 0.25
54 88 0.25
54 89 0.25
54 90 0.25
54 91 0.25
54 92 0.25
54 93 0.25
54 94 0.25
54 95 0.25
54 96 0.25
54 97 0.25
54 98 0.25
54 99 0.25
55 56 0.25
55 57 0.25
55 58 0.25
55 59 0.25
55 60 0.25
55 61 0.25
55 62 0.25
55 63 0.25
55 64 0.25
55 65 0.25
55 66 0.25
55 67 0.25
55 68 0.25
55 69 0.25
55 70 0.25
55 71 0.25
55 72 0.25
55 73 0.25
55 74 0.25
55 75 0.25
55 76 0.25
55 77 0.25
55 78 0.25
55 79 0.25
55 80 0.25
55 81 0.25
55 82 0.25
55 83 0.25
55 84 0.25
55 85 0.25
55 86 0.25
55 87 0.25
55 88 0.25
55 89 0.25
55 90 0.25
55 91 0.25
55 92 0.25
55 93 0.25
55 94 0.25
55 95 0.25
55 96 0.25
55 97 0.25
55 98 0.25
55 99 0.25
56 57 0.25
56 58 0.25
56 59 0.25
56 60 0.25
56 61 0.25
56 62 0.25
56 63 0.25
56 64 0.25
56 65 0.25
56 66 0.25
56 67 0.25
56 68 0.25
56 69 0.25
56 70 0.25
56 71 0.25
56 72 0.25
56 73 0.25
56 74 0.25
56 75 0.25
56 76 0.25
56 77 0.25
56 78 0.25
56 79 0.25
56 80 0.25
56 81 0.25
56 82 0.25
56 83 0.25
56 84 0.25
56 85 0.25
56 86 0.25
56 87 0.25
56 88 0.25
56 89 0.25
56 90 0.25
56 91 0.25
56 92 0.25
56 93 0.25
56 94 0.25
56 95 0.25
56 96 0.25
56 97 0.25
56 98 0.25
56 99 0.25
57 58 0.25
57 59 0.25
57 60 0.25
57 61 0.25
57 62 0.25
57 63 0.25
57 64 0.25
57 65 0.25
57 66 0.25
57 67 0.25
57 68 0.25
57 69 0.25
57 70 0.25
57 71 0.25
57 72 0.25
57 73 0.25
57 74 0.25
57 75 0.25
57 76 0.25
57 77 0.25
57 78 0.25
57 79 0.25
57 80 0.25
57 81 0.25
57 82 0.25
57 83 0.25
57 84 0.25
57 85 0.25
57 86 0.25
57 87 0.25
57 88 0.25
57 89 0.25
57 90 0.25
57 91 0.25
57 92 0.25
57 93 0.25
57 94 0.25
57 95 0.25
57 96 0.25
57 97 0.25
57 98 0.25
57 99 0.25
58 59 0.25
58 60 0.25
58 61 0.25
58 62 0.25
58 63 0.25
58 64 0.25
58 65 0.25
58 66 0.25
58 67 0.25
58 68 0.25
58 69 0.25
58 70 0.25
58 71 0.25
58 72 0.25
58 73 0.25
58 74 0.25
58 75 0.25
58 76 0.25
58 77 0.25
58 78 0.25
58 79 0.25
58 80 0.25
58 81 0.25
58 82 0.25
58 83 0.25
58 84 0.25
58 85 0.25
58 86 0.25
58 87 0.25
58 88 0.25
58 89 0.25
58 90 0.25
58 91 0.25
58 92 0.25
58 93 0.25
58 94 0.25
58 95 0.25
58 96 0.25
58 97 0.25
58 98 0.25
58 99 0.25
59 60 0.25
59 61 0.25
59 62 0.25
59 63 0.25
59 64 0.25
59 65 0.25
59 66 0.25
59 67 0.25
59 68 0.25
59 69 0.25
59 70 0.25
59 71 0.25
59 72 0.25
59 73 0.25
59 74 0.25
59 75 0.25
59 76 0.25
59 77 0.25
59 78 0.25
59 79 0.25
59 80 0.25
59 81 0.25
59 82 0.25
59 83 0.25
59 84 0.25
59 85 0.25
59 86 0.25
59 87 0.25
59 88 0.25
59 89 0.25
59 90 0.25
59 91 0.25
59 92 0.25
59 93 0.25
59 94 0.25
59 95 0.25
59 96 0.25
59 97 0.25
59 98 0.25
59 99 0.25
60 61 0.25
60 62 0.25
60 63 0.25
60 64 0.25
60 65 0.25
60 66 0.25
60 67 0.25
60 68 0.25
60 69 0.25
60 70 0.25
60 71 0.25
60 72 0.25
60 73 0.25
60 74 0.25
60 75 0.25
60 76 0.25
60 77 0.25
60 78 0.25
60 79 0.25
60 80 0.25
60 81 0.25
60 82 0.25
60 83 0.25
60 84 0.25
60 85 0.25
60 86 0.25
60 87 0.25
60 88 0.25
60 89 0.25
60 90 0.25
60 91 0.25
60 92 0.25
60 93 0.25
60 94 0.25
60 95 0.25
60 96 0.25
60 97 0.25
60 98 0.25
60 99 0.25
61 62 0.25
61 63 0.25
61 64 0.25
61 65 0.25
61 66 0.25
61 67 0.25
61 68 0.25
61 69 0.25
61 70 0.25
61 71 0.25
61 72 0.25
61 73 0.25
61 74 0.25
61 75 0.25
61 76 0.25
61 77 0.25
61 78 0.25
61 79 0.25
61 80 0.25
61 81 0.25
61 82 0.25
61 83 0.25
61 84 0.25
61 85 0.25
61 86 0.25
61 87 0.25
61 88 0.25
61 89 0.25
61 90 0.25
61 91 0.25
61 92 0.25
61 93 0.25
61 94 0.25
61 95 0.25
61 96 0.25
61 97 0.25
61 98 0.25
61 99 0.25
62 63 0.25
62 64 0.25
62 65 0.25
62 66 0.25
62 67 0.25
62 68 0.25
62 69 0.25
62 70 0.25
62 71 0.25
62 72 0.25
62 73 0.25
62 74 0.25
62 75 0.25
62 76 0.25
62 77 0.25
62 78 0.25
62 79 0.25
62 80 0.25
62 81 0.25
62 82 0.25
62 83 0.25
62 84 0.25
62 85 0.25
62 86 0.25
62 87 0.25
62 88 0.25
62 89 0.25
62 90 0.25
62 91 0.25
62 92 0.25
62 93 0.25
62 94 0.25
62 95 0.25
62 96 0.25
62 97 0.25
62 98 0.25
62 99 0.25
63 64 0.25
63 65 0.25
63 66 0.25
63 67 0.25
63 68 0.25
63 69 0.25
63 70 0.25
63 71 0.25
63 72 0.25
63 73 0.25
63 74 0.25
63 75 0.25
63 76 0.25
63 77 0.25
63 78 0.25
63 79 0.25
63 80 0.25
63 81 0.25
63 82 0.25
63 83 0.25
63 84 0.25
63 85 0.25
63 86 0.25
63 87 0.25
63 88 0.25
63 89 0.25
63 90 0.25
63 91 0.25
63 92 0.25
63 93 0.25
63 94 0.25
63 95 0.25
63 96 0.25
63 97 0.25
63 98 0.25
63 99 0.25
64 65 0.25
64 66 0.25
64 67 0.25
64 68 0.25
64 69 0.25
64 70 0.25
64 71 0.25
64 72 0.25
64 73 0.25
64 74 0.25
64 75 0.25
64 76 0.25
64 77 0.25
64 78 0.25
64 79 0.25
64 80 0.25
64 81 0.25
64 82 0.25
64 83 0.25
64 84 0.25
64 85 0.25
64 86 0.25
64 87 0.25
64 88 0.25
64 89 0.25
64 90 0.25
64 91 0.25
64 92 0.25
64 93 0.25
64 94 0.25
64 95 0.25
64 96 0.25
64 97 0.25
64 98 0.25
64 99 0.25
65 66 0.25
65 67 0.25
65 68 0.25
65 69 0.25
65 70 0.25
65 71 0.25
65 72 0.25
65 73 0.25
65 74 0.25
65 75 0.25
65 76 0.25
65 77 0.25
65 78 0.25
65 79 0.25
65 80 0.25
65 81 0.25
65 82 0.25
65 83 0.25
65 84 0.25
65 85 0.25
65 86 0.25
65 87 0.25
65 88 0.25
65 89 0.25
65 90 0.25
65 91 0.25
65 92 0.25
65 93 0.25
65 94 0.25
65 95 0.25
65 96 0.25
65 97 0.25
65 98 0.25
65 99 0.25
66 67 0.25
66 68 0.25
66 69 0.25
66 70 0.25
66 71 0.25
66 72 0.25
66 73 0.25
66 74 0.25
66 75 0.25
66 76 0.25
66 77 0.25
66 78 0.25
66 79 0.25
66 80 0.25
66 81 0.25
66 82 0.25
66 83 0.25
66 84 0.25
66 85 0.25
66 86 0.25
66 87 0.25
66 88 0.25
66 89 0.25
66 90 0.25
66 91 0.25
66 92 0.25
66 93 0.25
66 94 0.25
66 95 0.25
66 96 0.25
66 97 0.25
66 98 0.25
66 99 0.25
67 68 0.25
67 69 0.25
67 70 0.25
67 71 0.25
67 72 0.25
67 73 0.25
67 74 0.25
67 75 0.25
67 76 0.25
67 77 0.25
67 78 0.25
67 79 0.25
67 80 0.25
67 81 0.25
67 82 0.25
67 83 0.25
67 84 0.25
67 85 0.25
67 86 0.25
67 87 0.25
67 88 0.25
67 89 0.25
67 90 0.25
67 91 0.25
67 92 0.25
67 93 0.25
67 94 0.25
67 95 0.25
67 96 0.25
67 97 0.25
67 98 0.25
67 99 0.25
68 69 0.25
68 70 0.25
68 71 0.25
68 72 0.25
68 73 0.25
68 74 0.25
68 75 0.25
68 76 0.25
68 77 0.25
68 78 0.25
68 79 0.25
68 80 0.25
68 81 0.25
68 82 0.25
68 83 0.25
68 84 0.25
68 85 0.25
68 86 0.25
68 87 0.25
68 88 0.25
68 89 0.25
68 90 0.25
68 91 0.25
68 92 0.25
68 93 0.25
68 94 0.25
68 95 0.25
68 96 0.25
68 97 0.25
68 98 0.25
68 99 0.25
69 70 0.25
69 71 0.25
69 72 0.25
69 73 0.25
69 74 0.25
69 75 0.25
69 76 0.25
69 77 0.25
69 78 0.25
69 79 0.25
69 80 0.25
69 81 0.25
69 82 0.25
69 83 0.25
69 84 0.25
69 85 0.25
69 86 0.25
69 87 0.25
69 88 0.25
69 89 0.25
69 90 0.25
69 91 0.25
69 92 0.25
69 93 0.25
69 94 0.25
69 95 0.25
69 96 0.25
69 97 0.25
69 98 0.25
69 99 0.25
70 71 0.25
70 72 0.25
70 73 0.25
70 74 0.25
70 75 0.25
70 76 0.25
70 77 0.25
70 78 0.25
70 79 0.25
70 80 0.25
70 81 0.25
70 82 0.25
70 83 0.25
70 84 0.25
70 85 0.25
70 86 0.25
70 87 0.25
70 88 0.25
70 89 0.25
70 90 0.25
70 91 0.25
70 92 0.25
70 93 0.25
70 94 0.25
70 95 0.25
70 96 0.25
70 97 0.25
70 98 0.25
70 99 0.25
71 72 0.25
71 73 0.25
71 74 0.25
71 75 0.25
71 76 0.25
71 77 0.25
71 78 0.25
71 79 0.25
71 80 0.25
71 81 0.25
71 82 0.25
71 83 0.25
71 84 0.25
71 85 0.25
71 86 0.25
71 87 0.25
71 88 0.25
71 89 0.25
71 90 0.25
71 91 0.25
71 92 0.25
71 93 0.25
71 94 0.25
71 95 0.25
71 96 0.25
71 97 0.25
71 98 0.25
71 99 0.25
72 73 0.25
72 74 0.25
72 75 0.25
72 76 0.25
72 77 0.25
72 78 0.25
72 79 0.25
72 80 0.25
72 81 0.25
72 82 0.25
72 83 0.25
72 84 0.25
72 85 0.25
72 86 0.25
72 87 0.25
72 88 0.25
72 89 0.25
72 90 0.25
72 91 0.25
72 92 0.25
72 93 0.25
72 94 0.25
72 95 0.25
72 96 0.25
72 97 0.25
72 98 0.25
72 99 0.25
73 74 0.25
73 75 0.25
73 76 0.25
73 77 0.25
73 78 0.25
73 79 0.25
73 80 0.25
73 81 0.25
73 82 0.25
73 83 0.25
73 84 0.25
73 85 0.25
73 86 0.25
73 87 0.25
73 88 0.25
73 89 0.25
73 90 0.25
73 91 0.25
73 92 0.25
73 93 0.25
73 94 0.25
73 95 0.25
73 96 0.25
73 97 0.25
73 98 0.25
73 99 0.25
74 75 0.25
74 76 0.25
74 77 0.25
74 78 0.25
74 79 0.25
74 80 0.25
74 81 0.25
74 82 0.25
74 83 0.25
74 84 0.25
74 85 0.25
74 86 0.25
74 87 0.25
74 88 0.25
74 89 0.25
74 90 0.25
74 91 0.25
74 92 0.25
74 93 0.25
74 94 0.25
74 95 0.25
74 96 0.25
74 97 0.25
74 98 0.25
74 99 0.25
75 76 0.25
75 77 0.25
75 78 0.25
75 79 0.25
75 80 0.25
75 81 0.25
75 82 0.25
75 83 0.25
75 84 0.25
75 85 0.25
75 86 0.25
75 87 0.25
75 88 0.25
75 89 0.25
75 90 0.25
75 91 0.25
75 92 0.25
75 93 0.25
75 94 0.25
75 95 0.25
75 96 0.25
75 97 0.25
75 98 0.25
75 99 0.25
76 77 0.25
76 78 0.25
76 79 0.25
76 80 0.25
76 81 0.25
76 82 0.25
76 83 0.25
76 84 0.25
76 85 0.25
76 86 0.25
76 87 0.25
76 88 0.25
76 89 0.25
76 90 0.25
76 91 0.25
76 92 0.25
76 93 0.25
76 94 0.25
76 95 0.25
76 96 0.25
76 97 0.25
76 98 0.25
76 99 0.25
77 78 0.25
77 79 0.25
77 80 0.25
77 81 0.25
77 82 0.25
77 83 0.25
77 84 0.25
77 85 0.25
77 86 0.25
77 87 0.25
77 88 0.25
77 89 0.25
77 90 0.25
77 91 0.25
77 92 0.25
77 93 0.25
77 94 0.25
77 95 0.25
77 96 0.25
77 97 0.25
77 98 0.25
77 99 0.25
78 79 0.25
78 80 0.25
78 81 0.25
78 82 0.25
78 83 0.25
78 84 0.25
78 85 0.25
78 86 0.25
78 87 0.25
78 88 0.25
78 89 0.25
78 90 0.25
78 91 0.25
78 92 0.25
78 93 0.25
78 94 0.25
78 95 0.25
78 96 0.25
78 97 0.25
78 98 0.25
78 99 0.25
79 80 0.25
79 81 0.25
79 82 0.25
79 83 0.25
79 84 0.25
79 85 0.25
79 86 0.25
79 87 0.25
79 88 0.25
79 89 0.25
79 90 0.25
79 91 0.25
79 92 0.25
79 93 0.25
79 94 0.25
79 95 0.25
79 96 0.25
79 97 0.25
79 98 0.25
79 99 0.25
80 81 0.25
80 82 0.25
80 83 0.25
80 84 0.25
80 85 0.25
80 86 0.25
80 87 0.25
80 88 0.25
80 89 0.25
80 90 0.25
80 91 0.25
80 92 0.25
80 93 0.25
80 94 0.25
80 95 0.25
80 96 0.25
80 97 0.25
80 98 0.25
80 99 0.25
81 82 0.25
81 83 0.25
81 84 0.25
81 85 0.25
81 86 0.25
81 87 0.25
81 88 0.25
81 89 0.25
81 90 0.25
81 91 0.25
81 92 0.25
81 93 0.25
81 94 0.25
81 95 0.25
81 96 0.25
81 97 0.25
81 98 0.25
81 99 0.25
82 83 0.25
82 84 0.25
82 85 0.25
82 86 0.25
82 87 0.25
82 88 0.25
82 89 0.25
82 90 0.25
82 91 0.25
82 92 0.25
82 93 0.25
82 94 0.25
82 95 0.25
82 96 0.25
82 97 0.25
82 98 0.25
82 99 0.25
83 84 0.25
83 85 0.25
83 86 0.25
83 87 0.25
83 88 0.25
83 89 0.25
83 90 0.25
83 91 0.25
83 92 0.25
83 93 0.25
83 94 0.25
83 95 0.25
83 96 0.25
83 97 0.25
83 98 0.25
83 99 0.25
84 85 0.25
84 86 0.25
84 87 0.25
84 88 0.25
84 89 0.25
84 90 0.25
84 91 0.25
84 92 0.25
84 93 0.25
84 94 0.25
84 95 0.25
84 96 0.25
84 97 0.25
84 98 0.25
84 99 0.25
85 86 0.25
85 87 0.25
85 88 0.25
85 89 0.25
85 90 0.25
85 91 0.25
85 92 0.25
85 93 0.25
85 94 0.25
85 95 0.25
85 96 0.25
85 97 0.25
85 98 0.25
85 99 0.25
86 87 0.25
86 88 0.25
86 89 0.25
86 90 0.25
86 91 0.25
86 92 0.25
86 93 0.25
86 94 0.25
86 95 0.25
86 96 0.25
86 97 0.25
86 98 0.25
86 99 0.25
87 88 0.25
87 89 0.25
87 90 0.25
87 91 0.25
87 92 0.25
87 93 0.25
87 94 0.25
87 95 0.25
87 96 0.25
87 97 0.25
87 98 0.25
87 99 0.25
88 89 0.25
88 90 0.25
88 91 0.25
88 92 0.25
88 93 0.25
88 94 0.25
88 95 0.25
88 96 0.25
88 97 0.25
88 98 0.25
88 99 0.25
89 90 0.25
89 91 0.25
89 92 0.25
89 93 0.25
89 94 0.25
89 95 0.25
89 96 0.25
89 97 0.25
89 98 0.25
89 99 0.25
90 91 0.25
90 92 0.25
90 93 0.25
90 94 0.25
90 95 0.25
90 96 0.25
90 97 0.25
90 98 0.25
90 99 0.25
91 92 0.25
91 93 0.25
91 94 0.25
91 95 0.25
91 96 0.25
91 97 0.25
91 98 0.25
91 99 0.25
92 93 0.25
92 94 0.25
92 95 0.25
92 96 0.25
92 97 0.25
92 98 0.25
92 99 0.25
93 94 0.25
93 95 0.25
93 96 0.25
93 97 0.25
93 98 0.25
93 99 0.25
94 95 0.25
94 96 0.25
94 97 0.25
94 98 0.25
94 99 0.25
95 96 0.25
95 97 0.25
95 98 0.25
95 99 0.25
96 97 0.25
96 98 0.25
96 99 0.25
97 98 0.25
97 99 0.25
98 99 0.25