70
0 2 66
0 9 40
0 12 53
0 15 44
0 25 7
0 33 8
0 42 87
0 44 19
0 52 33
0 64 37
1 2 23
1 4 56
1 12 23
1 14 35
1 22 25
1 34 27
1 41 93
1 45 88
1 52 5
1 58 89
1 66 67
2 5 38
2 7 42
2 15 56
2 28 47
2 35 22
2 36 10
2 39 80
2 47 24
2 56 12
2 62 94
3 5 24
3 8 47
3 18 34
3 35 38
3 38 22
3 39 34
3 46 92
3 52 88
3 67 56
3 68 55
4 9 7
4 15 92
4 17 6
4 23 67
4 25 35
4 33 78
4 64 43
4 67 35
5 10 49
5 24 78
5 31 8
5 37 68
5 42 28
5 68 25
6 7 67
6 12 35
6 18 37
6 29 35
6 38 40
6 54 8
6 56 27
6 57 45
6 62 88
6 63 76
7 11 11
7 25 34
7 42 17
7 46 92
7 59 45
7 64 24
7 68 56
8 42 19
8 59 96
9 11 11
9 13 25
9 45 76
9 48 25
9 50 56
9 60 12
10 16 91
10 27 1
10 39 23
10 45 90
10 67 28
11 28 56
11 34 55
11 38 17
11 38 49
11 67 13
13 14 28
13 24 8
13 37 78
13 46 7
13 51 48
14 25 77
14 34 13
14 39 42
14 57 82
14 58 19
15 16 56
15 19 24
15 33 8
15 47 78
15 61 67
16 24 14
16 25 78
16 30 6
16 45 34
16 49 13
16 62 35
17 22 24
17 28 23
17 45 22
17 65 92
19 20 4
19 38 19
19 51 57
20 23 35
20 29 48
20 55 67
21 34 5
21 54 92
21 59 56
23 32 67
24 69 48
25 57 9
26 36 72
26 52 17
26 56 55
27 35 59
27 44 82
29 40 42
29 53 45
30 45 19
30 53 92
30 60 6
31 43 55
32 48 56
32 67 4
33 34 45
33 41 87
34 52 39
34 56 43
34 62 11
36 41 24
37 40 3
37 49 12
37 58 64
39 58 31
41 50 93
42 60 29
43 46 45
43 49 5
43 68 35
44 49 19
44 65 72
45 56 34
46 69 44
47 53 6
47 58 55
49 59 65
50 57 3
51 58 9
51 60 19
51 68 5
52 61 42
52 64 73
54 66 57
55 61 29
57 69 54
58 64 83
58 62 67
61 66 52
63 68 23
64 65 77
64 66 9
67 69 67
