100
0 1 16.711
0 2 30.674
0 6 71.946
0 7 44.473
0 8 69.594
0 10 48.52
0 11 90.395
0 12 35.768
0 16 63.528
0 17 13.582
0 18 72.18
0 19 14.109
0 20 6.172
0 21 95.349
0 22 22.6
0 24 47.933
0 25 96.705
0 27 68.549
0 28 51.387
0 29 20.276
0 31 72.071
0 34 32.589
0 35 67.042
0 36 66.582
0 37 9.544
0 38 50.893
0 39 76.541
0 40 97.774
0 41 77.341
0 42 94.272
0 43 81.757
0 44 10.937
0 48 53.276
0 55 61.139
0 57 26.301
0 59 98.912
0 62 82.183
0 65 66.4
0 66 73.068
0 67 56.483
0 69 96.711
0 72 88.883
0 76 63.147
0 77 47.597
0 82 18.809
0 83 46.958
0 84 25.597
0 85 4.98
0 87 17.821
0 88 84.023
0 89 86.745
0 91 18.384
0 93 93.681
0 96 8.019
0 99 23.487
1 2 35.877
1 3 90.848
1 5 76.311
1 10 99.916
1 11 51.997
1 12 60.568
1 13 96.311
1 14 71.961
1 15 10.371
1 16 84.014
1 17 14.775
1 22 74.555
1 24 85.797
1 26 71.146
1 27 97.5
1 28 76.528
1 29 52.989
1 30 69.692
1 32 93.917
1 33 46.619
1 35 97.327
1 36 83.473
1 37 76.954
1 38 4.902
1 40 12.616
1 41 58.188
1 44 30.777
1 45 26.575
1 46 29.725
1 49 84.717
1 50 16.378
1 51 50.507
1 52 26.105
1 53 20.089
1 54 68.539
1 57 87.458
1 58 71.683
1 60 28.2
1 61 59.571
1 62 23.954
1 64 83.482
1 66 47.317
1 68 63.067
1 70 74.183
1 73 31.224
1 76 46.04
1 77 0.014
1 79 98.936
1 80 72.576
1 82 58.766
1 83 20.025
1 84 26.367
1 87 68.02
1 90 42.622
1 94 84.101
1 96 57.377
1 97 79.028
1 98 65.689
1 99 35.694
2 3 70.579
2 4 24.827
2 5 65.645
2 6 53.956
2 7 82.752
2 8 74.913
2 9 17.654
2 10 25.171
2 11 11.328
2 12 63.532
2 13 24.879
2 14 46.921
2 15 13.288
2 16 50.508
2 17 37.335
2 20 11.394
2 21 16.46
2 22 47.855
2 23 0.533
2 25 56.297
2 27 6.13
2 28 5.732
2 29 71.404
2 30 53.81
2 32 53.917
2 35 20.778
2 36 91.101
2 40 70.885
2 41 43.634
2 42 82.792
2 43 87.044
2 44 1.307
2 45 8.495
2 48 48.761
2 49 47.178
2 51 96.626
2 52 94.54
2 53 36.264
2 55 50.748
2 58 80.808
2 60 93.667
2 62 65.181
2 63 85.765
2 64 14.686
2 65 47.516
2 66 38.033
2 67 36.172
2 68 82.781
2 69 94.624
2 72 9.031
2 73 60.721
2 76 18.786
2 77 40.039
2 79 20.185
2 80 84.316
2 81 59.276
2 82 14.741
2 83 46.777
2 84 68.109
2 86 22.715
2 87 32.736
2 89 94.143
2 90 4.752
2 91 50.196
2 93 14.002
2 94 5.858
2 97 99.295
2 99 32.707
3 4 3.583
3 6 76.153
3 8 59.222
3 10 82.12
3 11 59.266
3 12 33.54
3 13 66.961
3 14 70.966
3 15 26.675
3 18 76.499
3 19 88.195
3 21 34.276
3 22 50.718
3 23 49.049
3 27 61.657
3 28 49.235
3 30 57.461
3 31 66.553
3 32 77.88
3 35 33.492
3 37 91.469
3 38 11.612
3 39 85.802
3 41 38.634
3 42 97.835
3 45 96.558
3 46 13.443
3 47 48.675
3 52 61.859
3 53 1.296
3 54 29.636
3 55 7.86
3 58 44.44
3 59 89.83
3 63 0.227
3 68 72.595
3 69 4.426
3 70 87.859
3 71 80.052
3 72 80.484
3 73 1.566
3 74 46.388
3 75 21.448
3 78 41.122
3 79 74.008
3 80 51.905
3 81 17.406
3 82 10.627
3 83 40.607
3 85 30.179
3 86 28.924
3 89 80.659
3 91 29.446
3 94 72.157
3 95 99.96
3 96 76.884
3 97 54.651
3 99 22.95
4 5 16.264
4 7 82.335
4 8 97.802
4 9 56.053
4 10 73.588
4 11 24.895
4 12 79.138
4 14 90.209
4 16 35.003
4 18 39.823
4 19 92.314
4 22 45.202
4 23 55.674
4 24 76.003
4 26 79.008
4 27 78.555
4 29 94.314
4 30 28.673
4 34 96.85
4 35 4.369
4 37 38.444
4 38 47.508
4 40 23.764
4 41 39.537
4 42 23.078
4 43 74.008
4 46 93.611
4 49 43.595
4 50 50.051
4 52 7.645
4 53 61.468
4 54 78.165
4 55 35.567
4 56 60.984
4 57 84.581
4 58 17.48
4 59 13.775
4 61 50.759
4 63 13.854
4 64 52.651
4 65 2.816
4 66 31.538
4 67 41.456
4 69 80.777
4 71 54.22
4 72 60.644
4 73 81.308
4 74 68.435
4 75 74.426
4 76 89.748
4 78 45.169
4 79 14.006
4 82 63.376
4 83 34.987
4 85 27.709
4 86 40.066
4 87 80.064
4 89 32.047
4 90 0.718
4 92 95.768
4 94 16.122
4 95 73.298
4 96 8.092
4 98 77.555
5 6 53.762
5 7 3.319
5 9 58.952
5 10 8.651
5 14 1.656
5 15 12.844
5 16 4.097
5 17 83.089
5 19 3.504
5 20 19.972
5 21 24.666
5 22 6.199
5 25 13.384
5 26 4.745
5 27 33.214
5 28 64.253
5 29 18.073
5 30 89.518
5 31 22.645
5 32 20.019
5 33 3.807
5 34 70.039
5 35 67.225
5 36 71.812
5 37 10.52
5 38 15.647
5 41 36.403
5 42 36.708
5 43 65.879
5 44 51.536
5 45 48.643
5 46 16.859
5 47 37.115
5 48 87.139
5 51 88.517
5 52 97.402
5 55 84.186
5 59 56.686
5 61 79.663
5 63 78.25
5 64 87.451
5 65 13.208
5 66 45.398
5 67 88.837
5 68 21.606
5 69 20.325
5 70 28.135
5 72 10.168
5 79 88.283
5 84 25.652
5 85 17.805
5 86 84.627
5 87 20.333
5 90 44.829
5 91 46.958
5 95 11.722
5 96 87.118
5 97 50.347
5 98 30.498
5 99 23.765
6 7 73.457
6 8 54.285
6 9 52.364
6 10 75.796
6 11 95.204
6 14 33.872
6 16 77.032
6 17 46.467
6 18 35.422
6 19 43.146
6 20 50.434
6 21 38.498
6 23 84.336
6 24 3.316
6 25 15.979
6 26 49.261
6 28 89.035
6 29 36.989
6 30 59.53
6 31 45.931
6 33 64.209
6 34 50.26
6 37 1.146
6 38 82.261
6 40 61.968
6 41 62.858
6 42 12.868
6 43 4.866
6 45 30.747
6 46 70.775
6 49 58.335
6 54 26.22
6 55 16.0
6 56 45.314
6 57 24.406
6 58 91.241
6 59 31.868
6 61 26.475
6 62 40.86
6 64 26.862
6 66 1.968
6 67 51.099
6 68 68.242
6 69 58.561
6 70 87.538
6 72 65.704
6 76 12.045
6 77 28.259
6 78 51.977
6 79 77.096
6 82 60.844
6 83 25.355
6 84 92.276
6 85 79.987
6 87 26.065
6 90 44.122
6 91 50.994
6 92 20.767
6 93 23.21
6 94 18.954
6 95 79.804
6 98 70.267
7 8 95.833
7 9 78.793
7 10 87.938
7 12 2.652
7 13 4.163
7 14 24.001
7 17 14.098
7 19 21.359
7 20 41.821
7 21 30.029
7 23 67.539
7 24 97.644
7 25 99.324
7 28 8.228
7 32 95.547
7 33 61.606
7 35 73.308
7 36 12.095
7 37 35.052
7 38 85.206
7 39 49.373
7 40 12.161
7 41 23.342
7 42 90.567
7 43 21.176
7 44 80.367
7 45 85.152
7 46 10.895
7 47 83.135
7 48 52.944
7 49 56.083
7 50 53.741
7 52 56.853
7 53 98.247
7 55 98.644
7 58 95.898
7 59 8.58
7 62 86.67
7 64 41.577
7 65 97.499
7 66 91.057
7 68 27.964
7 72 95.607
7 73 13.334
7 74 8.999
7 76 73.003
7 77 50.006
7 84 85.031
7 86 37.867
7 88 64.143
7 89 88.366
7 90 48.022
7 93 95.042
7 94 75.788
7 95 79.37
7 97 73.634
7 98 24.948
7 99 92.118
8 9 20.178
8 10 2.081
8 11 12.559
8 12 34.988
8 13 72.237
8 16 63.423
8 17 49.541
8 18 41.346
8 20 56.515
8 21 2.95
8 22 0.985
8 23 42.27
8 24 63.105
8 27 21.104
8 31 37.597
8 32 45.096
8 33 77.563
8 34 7.09
8 36 55.144
8 37 30.381
8 38 9.665
8 39 77.657
8 42 58.954
8 43 47.581
8 45 57.686
8 47 82.592
8 50 95.281
8 51 37.936
8 52 96.838
8 54 86.603
8 56 20.438
8 60 63.066
8 62 10.572
8 63 33.685
8 66 69.943
8 67 31.959
8 68 29.444
8 70 19.099
8 71 5.03
8 73 9.078
8 74 81.442
8 75 75.958
8 76 43.064
8 77 32.938
8 79 70.926
8 80 85.762
8 81 18.351
8 82 7.459
8 83 97.134
8 84 81.259
8 85 41.868
8 86 61.342
8 88 23.811
8 90 89.522
8 92 15.36
8 94 41.94
8 95 79.221
8 97 72.693
8 98 57.581
9 10 22.914
9 11 42.786
9 12 86.534
9 15 67.223
9 16 71.759
9 17 63.983
9 19 3.333
9 20 99.211
9 22 33.959
9 23 75.086
9 24 11.705
9 25 84.921
9 28 41.123
9 30 52.578
9 31 19.773
9 32 7.991
9 33 2.595
9 35 49.757
9 36 89.342
9 38 78.312
9 39 96.997
9 40 45.841
9 41 35.616
9 42 34.106
9 43 80.142
9 46 11.228
9 47 75.01
9 52 54.259
9 53 46.865
9 55 61.865
9 56 96.635
9 58 92.856
9 59 43.854
9 61 89.504
9 62 16.9
9 65 99.43
9 66 3.891
9 69 16.64
9 70 11.927
9 72 48.304
9 73 66.693
9 74 0.919
9 77 96.126
9 78 68.451
9 79 37.824
9 80 83.903
9 83 69.6
9 85 60.364
9 86 31.035
9 88 53.851
9 89 3.034
9 95 59.644
9 96 77.411
9 98 23.153
9 99 15.095
10 11 31.17
10 15 41.839
10 16 88.608
10 18 9.012
10 19 33.122
10 21 19.061
10 24 94.598
10 25 73.502
10 27 72.411
10 28 20.12
10 29 70.442
10 30 89.062
10 32 56.216
10 33 33.953
10 34 44.032
10 37 39.591
10 39 44.101
10 40 5.254
10 41 44.935
10 42 34.542
10 46 28.584
10 51 67.159
10 52 2.932
10 53 16.872
10 54 13.958
10 55 47.639
10 57 18.388
10 60 25.934
10 62 79.291
10 63 8.852
10 64 29.414
10 65 95.486
10 66 75.087
10 68 97.02
10 71 77.82
10 72 47.182
10 77 90.16
10 78 12.055
10 83 82.34
10 84 2.757
10 85 49.722
10 86 16.208
10 87 40.679
10 89 92.167
10 90 0.152
10 95 15.307
10 96 60.486
10 97 46.903
10 98 5.383
11 12 15.86
11 17 6.654
11 18 56.856
11 19 74.488
11 22 84.843
11 23 39.927
11 24 11.526
11 25 91.657
11 26 50.448
11 27 68.221
11 28 1.985
11 30 29.963
11 31 43.056
11 32 98.254
11 34 83.448
11 36 79.001
11 37 31.743
11 38 60.174
11 39 71.412
11 40 67.159
11 41 49.77
11 42 45.21
11 43 39.581
11 44 26.144
11 45 67.437
11 46 11.564
11 47 15.589
11 50 90.525
11 52 78.265
11 53 13.541
11 55 34.311
11 56 50.206
11 57 92.591
11 59 13.788
11 60 67.923
11 61 77.364
11 64 93.896
11 65 69.727
11 67 32.814
11 68 86.781
11 69 30.094
11 70 13.4
11 71 6.378
11 72 64.135
11 74 24.452
11 76 9.329
11 77 3.566
11 80 31.606
11 82 5.946
11 83 47.953
11 85 92.954
11 87 52.734
11 88 79.333
11 89 49.68
11 90 45.436
11 91 67.548
11 92 17.389
11 94 94.034
11 96 59.449
11 97 44.195
11 98 67.829
11 99 97.289
12 13 89.098
12 15 45.074
12 16 66.873
12 17 75.846
12 18 78.984
12 19 45.118
12 21 55.265
12 22 69.638
12 24 57.881
12 26 40.106
12 27 42.997
12 28 5.163
12 30 62.671
12 31 98.905
12 32 15.605
12 34 1.803
12 35 76.539
12 37 31.447
12 38 45.048
12 41 0.722
12 45 67.214
12 46 92.765
12 47 27.394
12 51 80.071
12 52 69.93
12 54 0.736
12 56 70.39
12 57 93.493
12 59 80.014
12 60 13.724
12 61 82.899
12 62 24.295
12 63 1.343
12 65 64.623
12 66 82.089
12 68 39.106
12 72 31.525
12 73 9.457
12 75 70.617
12 78 88.863
12 81 32.887
12 82 84.573
12 84 74.777
12 85 64.842
12 86 39.174
12 88 82.77
12 91 74.44
12 92 36.575
12 93 33.111
12 94 80.936
12 95 42.399
12 97 17.506
13 14 27.913
13 15 23.763
13 17 68.821
13 18 78.352
13 19 98.297
13 21 53.695
13 22 7.827
13 24 97.462
13 25 72.645
13 26 78.3
13 30 79.752
13 32 90.581
13 33 24.042
13 36 66.247
13 38 34.38
13 39 16.804
13 40 91.106
13 41 29.257
13 43 22.216
13 44 31.602
13 45 65.145
13 47 62.883
13 48 3.036
13 49 8.587
13 50 54.782
13 51 96.375
13 52 62.473
13 55 49.55
13 56 92.792
13 60 87.378
13 62 4.665
13 63 77.313
13 64 64.601
13 67 22.002
13 68 74.859
13 70 3.221
13 71 73.139
13 72 86.679
13 73 77.337
13 74 81.055
13 76 31.05
13 79 17.855
13 80 21.394
13 84 5.985
13 85 28.56
13 88 37.445
13 89 62.105
13 90 79.274
13 91 40.687
13 92 19.984
13 94 4.341
13 95 74.748
13 97 41.984
13 98 78.645
14 15 11.209
14 19 7.371
14 21 28.648
14 22 0.972
14 25 54.13
14 26 92.851
14 27 4.273
14 29 5.029
14 30 98.184
14 31 56.662
14 32 68.299
14 33 50.464
14 34 91.127
14 41 86.583
14 42 1.899
14 45 14.975
14 47 89.81
14 48 85.915
14 49 96.686
14 50 97.953
14 54 8.603
14 55 65.352
14 56 65.231
14 60 86.144
14 61 90.765
14 64 60.924
14 66 39.095
14 67 30.99
14 68 40.753
14 69 27.821
14 70 54.521
14 71 70.251
14 72 58.475
14 73 75.439
14 74 21.252
14 76 31.404
14 78 25.923
14 79 16.594
14 80 76.753
14 84 31.665
14 86 23.359
14 88 62.589
14 89 17.603
14 90 58.419
14 91 52.585
14 92 77.876
14 94 21.818
14 95 36.578
14 97 43.416
15 16 13.871
15 18 34.962
15 19 59.515
15 20 15.254
15 22 42.417
15 23 52.12
15 25 72.285
15 26 37.944
15 27 45.147
15 29 93.489
15 30 90.948
15 33 7.618
15 35 61.792
15 38 45.927
15 40 86.662
15 41 63.877
15 42 76.866
15 43 60.349
15 44 90.594
15 45 6.528
15 49 58.776
15 51 85.404
15 52 81.457
15 53 16.979
15 54 15.112
15 57 20.623
15 58 41.957
15 59 77.502
15 60 8.38
15 62 49.245
15 63 60.791
15 64 66.761
15 65 26.198
15 67 13.282
15 68 49.684
15 70 91.111
15 71 73.097
15 74 14.795
15 76 10.034
15 77 68.993
15 79 95.709
15 80 81.099
15 81 96.964
15 82 88.166
15 83 48.42
15 84 82.651
15 85 51.934
15 89 77.314
15 91 24.388
15 92 55.26
15 93 56.649
15 94 36.796
15 95 68.647
15 96 19.338
15 97 66.33
15 98 4.887
15 99 55.729
16 17 57.102
16 19 16.696
16 20 83.463
16 21 20.091
16 25 80.809
16 26 51.151
16 28 16.994
16 29 19.402
16 30 23.556
16 31 69.83
16 32 52.392
16 33 3.831
16 34 79.219
16 38 71.051
16 44 95.767
16 46 4.177
16 47 39.265
16 48 89.565
16 49 86.747
16 51 76.65
16 53 67.76
16 56 15.126
16 57 21.083
16 58 64.612
16 60 46.142
16 61 26.324
16 63 93.421
16 64 81.747
16 65 44.053
16 69 38.445
16 71 77.308
16 72 77.611
16 75 26.187
16 76 56.318
16 77 43.244
16 78 41.868
16 79 69.378
16 80 86.357
16 85 50.023
16 87 27.166
16 89 7.355
16 91 41.111
16 92 91.732
16 93 34.972
16 95 1.4
16 98 34.426
17 18 50.987
17 19 2.585
17 22 98.276
17 23 3.825
17 24 39.788
17 25 76.043
17 26 19.745
17 27 71.379
17 30 78.885
17 34 33.035
17 36 82.579
17 37 86.731
17 38 60.2
17 39 51.453
17 40 45.432
17 41 64.739
17 42 82.215
17 45 54.394
17 46 37.246
17 47 53.944
17 48 85.055
17 49 48.511
17 50 45.249
17 53 18.471
17 55 64.244
17 59 42.912
17 60 55.91
17 61 55.827
17 62 1.378
17 65 71.111
17 69 17.519
17 73 68.476
17 75 25.22
17 76 48.949
17 77 96.608
17 78 24.731
17 82 2.909
17 84 47.641
17 87 56.595
17 89 28.902
17 90 98.355
17 91 1.665
17 95 94.665
17 96 52.42
17 97 73.283
17 98 10.232
17 99 3.508
18 19 42.902
18 20 24.772
18 21 77.164
18 22 50.476
18 24 35.02
18 26 98.102
18 29 0.649
18 31 16.492
18 33 98.527
18 37 75.805
18 38 89.156
18 39 91.932
18 40 11.738
18 41 72.503
18 42 84.929
18 44 8.205
18 47 44.724
18 51 98.914
18 53 94.687
18 56 45.852
18 57 96.515
18 58 23.527
18 59 45.524
18 60 65.851
18 62 34.908
18 63 10.057
18 64 32.542
18 67 47.624
18 68 39.652
18 69 42.375
18 70 29.164
18 71 50.328
18 72 19.773
18 74 22.92
18 75 32.862
18 76 72.055
18 80 74.042
18 82 69.311
18 83 77.152
18 84 15.579
18 85 55.119
18 87 76.116
18 88 4.123
18 89 96.015
18 90 88.421
18 94 11.858
18 95 82.855
18 96 98.479
18 97 24.464
18 98 12.771
19 20 61.777
19 22 42.639
19 23 34.939
19 24 39.733
19 25 67.509
19 27 65.195
19 28 79.79
19 29 5.455
19 30 6.505
19 31 47.473
19 32 33.812
19 33 27.206
19 36 93.319
19 40 31.133
19 44 24.938
19 45 60.234
19 46 86.786
19 47 75.496
19 48 58.681
19 50 91.249
19 51 23.733
19 52 96.23
19 55 66.292
19 57 97.71
19 58 72.746
19 60 18.305
19 61 41.093
19 63 54.542
19 64 4.728
19 65 97.133
19 66 17.697
19 68 51.736
19 70 48.921
19 71 18.774
19 73 28.672
19 75 17.278
19 76 11.455
19 77 66.381
19 78 22.78
19 79 69.086
19 80 39.549
19 81 60.484
19 83 63.952
19 84 6.785
19 86 30.69
19 91 78.012
19 92 68.325
19 93 77.204
19 94 22.183
19 96 33.893
20 21 91.583
20 23 19.76
20 24 89.333
20 25 5.931
20 26 10.278
20 29 80.16
20 30 27.199
20 33 39.166
20 34 31.188
20 36 99.003
20 37 93.53
20 38 86.444
20 41 43.23
20 42 48.12
20 43 82.299
20 46 94.141
20 52 46.66
20 55 54.08
20 56 70.346
20 58 38.899
20 60 28.11
20 61 4.802
20 62 24.027
20 66 57.613
20 68 18.207
20 70 29.958
20 71 63.095
20 75 93.864
20 77 27.943
20 78 55.082
20 80 76.776
20 81 34.176
20 82 74.583
20 84 54.421
20 85 36.501
20 90 5.043
20 94 67.066
20 95 75.833
20 96 85.939
20 99 68.819
21 22 34.536
21 25 65.05
21 29 55.319
21 31 43.826
21 32 42.133
21 37 16.339
21 38 62.389
21 39 60.94
21 41 79.187
21 43 79.02
21 44 64.181
21 45 20.836
21 48 39.931
21 49 81.063
21 51 76.205
21 53 68.447
21 54 55.494
21 56 23.023
21 58 38.73
21 60 66.848
21 61 8.571
21 64 49.445
21 66 48.329
21 67 40.593
21 68 18.513
21 72 49.013
21 75 2.313
21 76 57.625
21 80 54.533
21 82 82.42
21 84 59.131
21 85 11.605
21 87 12.221
21 90 92.347
21 91 89.836
21 92 22.775
21 93 67.929
21 94 59.616
21 98 82.217
21 99 89.388
22 23 36.607
22 25 97.6
22 30 54.353
22 32 38.048
22 38 69.784
22 40 94.697
22 46 19.337
22 47 73.451
22 48 11.247
22 49 5.789
22 50 18.233
22 51 58.015
22 57 92.199
22 58 3.201
22 59 47.607
22 60 51.123
22 61 91.441
22 63 82.413
22 64 75.089
22 67 97.369
22 68 81.261
22 69 22.487
22 71 41.755
22 72 89.398
22 73 47.798
22 74 43.09
22 75 65.904
22 76 75.249
22 77 18.861
22 78 9.49
22 79 80.608
22 80 50.094
22 81 72.995
22 82 26.971
22 83 7.565
22 86 88.04
22 88 48.53
22 89 65.614
22 91 17.047
22 93 38.666
22 94 41.091
22 97 19.025
22 98 11.756
23 24 53.415
23 25 77.826
23 26 55.252
23 27 64.203
23 28 47.732
23 31 65.731
23 32 52.251
23 34 29.849
23 35 91.816
23 36 83.061
23 38 37.807
23 40 36.939
23 41 55.847
23 42 41.754
23 43 41.851
23 44 18.942
23 46 11.764
23 47 58.733
23 48 98.317
23 51 40.875
23 52 55.354
23 53 75.175
23 54 37.064
23 55 96.128
23 57 39.499
23 58 89.695
23 60 59.478
23 63 43.18
23 64 14.447
23 66 89.544
23 68 35.537
23 69 22.415
23 70 32.231
23 71 5.555
23 74 51.504
23 75 4.391
23 77 91.547
23 78 61.583
23 79 76.56
23 80 62.902
23 81 40.352
23 82 6.697
23 85 22.672
23 88 9.605
23 89 72.579
23 90 16.078
23 93 69.28
23 95 45.048
23 97 34.246
24 25 8.375
24 26 98.93
24 27 73.25
24 28 37.905
24 31 29.507
24 32 30.542
24 34 91.403
24 37 93.268
24 38 80.526
24 39 52.04
24 40 47.939
24 43 40.176
24 44 50.914
24 45 83.391
24 46 65.201
24 47 88.468
24 48 71.425
24 49 2.988
24 51 64.3
24 52 10.747
24 53 26.934
24 55 81.78
24 57 71.06
24 58 74.183
24 60 98.035
24 61 42.412
24 62 44.532
24 66 5.569
24 67 3.418
24 68 35.43
24 70 8.388
24 75 57.27
24 76 51.417
24 77 83.569
24 79 20.623
24 80 48.179
24 85 95.39
24 86 81.393
24 87 72.981
24 88 68.538
24 89 93.777
24 90 83.557
24 92 98.575
24 94 89.112
24 96 3.85
24 97 87.349
25 26 74.642
25 28 74.541
25 29 8.343
25 30 92.031
25 32 26.303
25 33 39.183
25 36 52.522
25 37 76.964
25 38 1.536
25 39 35.989
25 40 29.808
25 41 73.11
25 42 6.948
25 43 54.364
25 46 50.982
25 48 22.371
25 50 93.721
25 51 77.459
25 52 67.161
25 53 55.872
25 54 14.593
25 58 96.386
25 59 30.569
25 61 27.448
25 62 91.988
25 64 42.97
25 65 89.718
25 67 92.752
25 69 1.658
25 72 58.829
25 73 99.004
25 74 93.577
25 75 84.078
25 79 24.855
25 81 71.47
25 82 7.759
25 83 74.747
25 84 80.899
25 86 45.869
25 87 51.08
25 92 51.471
25 93 57.832
25 96 37.565
25 97 57.256
25 98 13.006
26 27 4.655
26 29 62.501
26 30 69.232
26 32 1.886
26 34 5.59
26 35 65.702
26 36 29.56
26 37 43.442
26 38 10.693
26 40 31.658
26 41 46.076
26 42 92.678
26 43 51.941
26 44 3.619
26 45 31.41
26 46 21.769
26 48 1.515
26 50 61.894
26 52 88.364
26 55 79.573
26 56 30.035
26 57 40.723
26 58 21.882
26 59 24.564
26 60 4.713
26 61 48.395
26 64 30.641
26 66 78.242
26 67 97.481
26 68 3.239
26 69 42.617
26 70 14.26
26 72 92.696
26 74 34.821
26 75 63.948
26 78 98.132
26 81 70.582
26 82 73.583
26 83 34.807
26 84 44.267
26 85 73.603
26 89 31.792
26 90 58.551
26 92 88.306
26 93 35.948
26 94 69.282
26 96 90.625
26 97 11.572
26 98 83.917
26 99 3.003
27 28 54.049
27 29 38.39
27 30 97.9
27 31 65.105
27 32 36.581
27 33 84.664
27 38 93.938
27 41 72.798
27 42 51.935
27 43 56.036
27 45 13.772
27 47 82.821
27 49 42.028
27 50 33.179
27 51 36.941
27 52 53.008
27 54 84.498
27 55 15.43
27 56 2.421
27 59 33.933
27 64 18.351
27 70 82.813
27 71 17.194
27 72 30.673
27 73 12.73
27 74 79.324
27 75 65.308
27 77 59.224
27 78 55.513
27 79 18.763
27 80 0.495
27 81 93.547
27 83 6.021
27 84 58.724
27 91 3.314
27 94 36.562
27 95 77.887
27 96 19.439
27 97 23.331
28 29 11.619
28 30 41.326
28 31 57.379
28 32 25.783
28 33 66.674
28 34 3.288
28 35 30.444
28 36 3.737
28 38 78.635
28 39 34.888
28 41 94.757
28 43 73.478
28 48 83.134
28 50 77.121
28 52 68.87
28 53 25.575
28 55 75.944
28 58 17.197
28 59 45.47
28 62 14.505
28 65 41.298
28 67 64.997
28 68 95.786
28 72 9.44
28 75 51.078
28 76 0.662
28 77 17.777
28 79 38.992
28 80 71.557
28 84 76.19
28 85 10.397
28 87 80.232
28 89 22.812
28 91 64.49
28 92 88.348
28 93 75.639
28 96 69.808
28 97 5.161
28 98 28.14
28 99 62.029
29 30 8.623
29 32 41.257
29 33 17.962
29 34 20.139
29 35 79.77
29 36 43.634
29 37 44.991
29 40 53.172
29 41 39.477
29 42 89.831
29 43 0.337
29 44 77.761
29 45 3.847
29 50 23.343
29 57 42.888
29 59 32.484
29 60 20.017
29 61 88.798
29 62 32.055
29 63 37.928
29 65 8.016
29 66 46.641
29 67 51.867
29 69 51.051
29 71 71.799
29 72 98.085
29 73 31.361
29 74 9.041
29 79 72.657
29 80 29.423
29 81 2.242
29 83 65.98
29 84 64.08
29 85 25.406
29 89 41.832
29 91 78.933
29 93 12.39
29 94 79.377
29 99 41.061
30 31 93.286
30 32 80.603
30 33 69.694
30 34 72.702
30 35 51.777
30 40 44.405
30 41 48.063
30 42 67.383
30 44 10.049
30 47 25.978
30 48 53.846
30 52 64.718
30 53 63.057
30 55 24.473
30 57 79.78
30 58 56.67
30 59 81.809
30 61 68.346
30 62 65.725
30 63 16.026
30 64 6.696
30 70 74.983
30 71 23.558
30 75 17.095
30 77 49.619
30 78 48.317
30 80 98.2
30 81 43.77
30 83 67.645
30 87 28.77
30 88 71.428
30 89 92.148
30 92 20.65
30 93 63.857
30 94 39.677
30 95 17.332
30 96 95.595
30 97 59.244
30 98 86.608
30 99 73.418
31 32 5.852
31 33 59.135
31 35 30.233
31 36 95.47
31 38 86.949
31 40 33.651
31 41 13.251
31 42 58.485
31 44 76.079
31 46 90.052
31 47 94.402
31 48 14.474
31 50 50.174
31 52 57.338
31 53 47.256
31 57 77.758
31 58 64.897
31 59 44.354
31 62 66.697
31 64 98.744
31 65 61.046
31 66 52.163
31 70 75.33
31 72 59.808
31 74 49.074
31 75 88.562
31 77 67.642
31 79 33.223
31 80 78.212
31 81 16.954
31 84 77.468
31 87 66.142
31 88 58.926
31 91 75.75
31 92 6.942
31 94 83.754
31 95 60.801
31 96 40.734
31 98 9.482
32 33 59.4
32 35 61.603
32 36 95.632
32 37 15.366
32 38 86.925
32 40 21.366
32 41 30.623
32 44 65.443
32 45 72.48
32 47 73.958
32 49 74.814
32 50 77.521
32 52 26.192
32 55 38.961
32 56 85.028
32 58 28.771
32 59 0.327
32 60 44.205
32 61 22.801
32 64 81.256
32 67 61.882
32 70 92.727
32 71 15.537
32 72 39.594
32 77 4.585
32 79 34.791
32 80 31.874
32 81 85.019
32 82 59.615
32 84 34.832
32 85 21.893
32 86 76.031
32 87 79.376
32 88 82.054
32 89 95.115
32 90 66.587
32 91 38.895
32 92 66.562
32 94 99.288
32 95 21.993
32 96 6.897
32 97 6.073
32 98 78.749
32 99 69.227
33 34 42.951
33 35 46.615
33 37 74.725
33 39 46.642
33 41 39.504
33 42 27.735
33 43 73.915
33 44 98.412
33 45 53.498
33 46 57.737
33 47 96.525
33 48 76.5
33 50 85.92
33 51 74.739
33 53 16.545
33 54 92.436
33 56 34.343
33 57 90.418
33 58 57.78
33 60 4.225
33 61 68.207
33 63 93.306
33 64 38.914
33 65 75.062
33 66 90.824
33 67 12.517
33 69 57.189
33 71 8.168
33 72 10.538
33 74 20.072
33 75 29.994
33 78 79.78
33 80 7.293
33 81 49.649
33 82 38.376
33 83 21.369
33 84 67.294
33 85 87.051
33 87 8.367
33 89 21.216
33 90 67.867
33 92 20.695
33 93 56.452
33 97 89.61
33 98 78.996
34 35 52.328
34 37 78.092
34 38 84.386
34 39 93.318
34 40 46.075
34 41 90.75
34 42 35.289
34 43 50.032
34 45 25.275
34 48 38.92
34 49 69.736
34 55 28.808
34 56 88.682
34 57 82.499
34 58 51.833
34 60 59.35
34 63 20.532
34 64 10.205
34 69 38.876
34 71 87.107
34 73 76.532
34 77 76.32
34 78 6.988
34 79 39.378
34 80 8.781
34 81 55.783
34 83 17.646
34 84 68.701
34 87 45.016
34 91 68.608
34 92 99.829
34 96 94.044
34 99 43.296
35 36 41.268
35 37 38.184
35 38 54.304
35 39 53.049
35 41 20.357
35 42 57.111
35 44 33.325
35 46 8.884
35 49 63.92
35 50 88.046
35 52 50.543
35 57 24.118
35 65 14.875
35 66 78.237
35 67 31.441
35 70 75.806
35 74 96.26
35 75 51.859
35 76 57.394
35 78 46.458
35 79 71.907
35 81 39.531
35 82 42.274
35 83 94.073
35 84 99.669
35 86 72.128
35 88 91.536
35 90 23.332
35 91 90.81
35 92 1.961
35 96 65.684
35 98 69.893
36 37 73.898
36 38 42.259
36 39 92.24
36 41 10.178
36 43 2.088
36 45 87.742
36 46 12.584
36 47 19.109
36 50 93.849
36 51 3.355
36 54 75.505
36 57 10.652
36 58 79.138
36 59 71.11
36 60 11.108
36 63 67.596
36 66 11.679
36 67 74.496
36 68 9.114
36 70 10.261
36 71 59.724
36 73 27.488
36 74 65.135
36 75 84.557
36 77 90.494
36 79 73.31
36 80 26.951
36 81 8.163
36 85 84.827
36 87 79.881
36 90 38.391
36 91 6.114
36 92 46.695
36 94 35.9
36 96 70.243
36 97 23.486
36 98 83.233
36 99 83.067
37 38 16.316
37 39 89.222
37 41 18.248
37 42 92.398
37 46 89.75
37 49 22.064
37 50 13.086
37 51 35.444
37 52 53.288
37 54 81.259
37 56 99.654
37 58 72.222
37 59 21.003
37 60 41.157
37 61 84.984
37 62 12.716
37 65 96.773
37 66 23.245
37 68 73.343
37 69 29.338
37 70 2.005
37 71 70.321
37 72 10.218
37 73 66.293
37 74 82.922
37 78 85.689
37 79 85.944
37 82 26.601
37 83 52.11
37 88 28.477
37 90 84.329
37 91 93.651
37 92 5.222
37 96 54.02
37 97 5.653
38 39 77.162
38 40 93.847
38 41 67.167
38 42 94.172
38 44 0.938
38 46 11.852
38 47 47.966
38 48 74.292
38 49 64.061
38 50 79.492
38 52 72.195
38 53 20.321
38 54 96.176
38 55 81.452
38 56 60.357
38 57 58.302
38 58 24.359
38 61 16.326
38 62 94.21
38 63 18.872
38 64 30.497
38 65 7.449
38 67 28.779
38 70 47.472
38 76 3.654
38 77 99.594
38 78 87.55
38 79 58.38
38 80 24.39
38 82 42.83
38 86 18.248
38 87 99.85
38 88 14.33
38 91 37.739
38 92 14.303
38 93 9.518
38 94 81.079
38 96 63.766
38 97 59.867
38 99 1.115
39 40 77.389
39 41 65.199
39 42 70.899
39 44 78.746
39 46 38.619
39 47 37.236
39 49 58.833
39 51 55.207
39 52 16.504
39 55 49.655
39 57 62.849
39 58 29.372
39 63 58.921
39 67 66.969
39 69 46.402
39 71 48.411
39 72 19.243
39 75 34.092
39 76 15.572
39 77 48.507
39 79 39.949
39 80 53.211
39 81 88.884
39 82 5.525
39 85 10.964
39 87 28.177
39 88 67.013
39 90 77.676
39 92 28.037
39 93 55.706
39 94 93.724
39 95 79.896
39 96 22.491
39 97 16.91
39 98 9.641
39 99 54.266
40 41 58.306
40 42 19.016
40 43 86.973
40 46 10.776
40 47 53.571
40 49 0.513
40 52 63.285
40 54 27.802
40 56 53.817
40 57 47.593
40 58 26.015
40 59 59.447
40 63 38.484
40 65 61.353
40 66 56.824
40 67 63.538
40 68 48.532
40 69 7.603
40 71 26.589
40 73 49.558
40 74 57.148
40 75 40.711
40 76 36.464
40 77 52.335
40 78 52.844
40 79 52.723
40 80 74.933
40 81 28.915
40 83 77.219
40 85 70.065
40 89 35.866
40 92 60.099
40 93 79.357
40 94 68.33
40 95 89.892
40 98 46.555
40 99 45.818
41 42 98.614
41 45 44.632
41 46 95.458
41 47 70.166
41 50 13.354
41 52 68.935
41 53 47.497
41 54 98.557
41 55 91.145
41 56 74.87
41 57 8.467
41 58 30.155
41 59 14.02
41 63 45.765
41 64 9.522
41 65 36.615
41 68 26.072
41 69 0.584
41 70 5.016
41 71 85.144
41 73 9.555
41 75 21.635
41 76 2.461
41 80 79.906
41 81 8.857
41 83 21.095
41 85 40.537
41 86 11.713
41 89 29.926
41 90 15.42
41 91 41.169
41 94 31.227
41 95 49.694
41 98 77.929
41 99 85.109
42 43 29.17
42 44 57.539
42 45 71.276
42 46 44.686
42 48 91.558
42 49 98.05
42 51 91.795
42 52 23.813
42 53 26.118
42 54 11.66
42 55 51.292
42 57 56.491
42 58 82.33
42 59 73.808
42 61 89.516
42 64 73.063
42 65 57.446
42 66 91.902
42 67 20.663
42 68 22.81
42 69 69.63
42 70 31.787
42 72 86.179
42 73 62.557
42 75 77.141
42 79 62.122
42 84 68.587
42 86 88.917
42 88 35.86
42 91 67.866
42 93 46.804
42 98 52.354
42 99 83.077
43 44 34.358
43 45 52.299
43 46 40.987
43 49 84.415
43 50 95.946
43 51 37.232
43 53 79.562
43 55 63.087
43 56 68.3
43 57 6.724
43 58 32.125
43 59 57.828
43 61 8.424
43 64 55.892
43 65 18.369
43 68 9.42
43 69 60.961
43 70 63.714
43 71 35.809
43 72 56.635
43 73 47.513
43 74 26.85
43 75 20.359
43 78 34.03
43 80 94.548
43 81 6.919
43 82 23.619
43 83 9.857
43 84 5.867
43 85 19.622
43 86 95.73
43 89 12.538
43 90 91.234
43 91 53.88
43 92 38.71
43 94 7.289
43 95 86.226
43 96 15.27
43 98 82.964
43 99 26.655
44 45 50.54
44 46 33.214
44 48 56.804
44 49 12.275
44 50 40.179
44 51 5.25
44 53 73.011
44 54 7.92
44 55 0.351
44 56 57.596
44 58 91.149
44 63 49.57
44 64 65.834
44 65 16.097
44 66 75.471
44 68 90.486
44 70 84.846
44 72 64.182
44 73 98.363
44 74 86.495
44 75 50.284
44 77 9.879
44 78 59.331
44 80 54.815
44 83 41.038
44 84 99.827
44 85 47.79
44 88 96.069
44 89 33.952
44 91 80.817
44 93 28.455
44 94 38.33
44 95 36.081
44 96 48.811
44 97 11.572
45 46 32.32
45 47 22.479
45 48 97.085
45 50 56.327
45 51 7.851
45 56 45.832
45 57 23.141
45 58 68.743
45 60 77.006
45 62 66.46
45 66 60.164
45 67 74.317
45 68 45.556
45 70 74.702
45 71 40.505
45 73 9.984
45 76 64.393
45 79 40.779
45 81 11.061
45 82 47.283
45 85 33.035
45 87 32.277
45 88 29.864
45 89 93.403
45 92 41.622
45 93 71.049
45 94 6.187
45 95 0.53
45 96 9.245
45 99 37.424
46 47 53.545
46 48 45.948
46 49 74.334
46 50 72.113
46 51 76.01
46 52 5.467
46 54 84.676
46 56 11.796
46 57 63.981
46 58 62.482
46 60 0.861
46 61 12.772
46 62 41.052
46 66 6.198
46 67 19.686
46 72 77.517
46 73 99.856
46 75 45.629
46 76 40.087
46 77 77.439
46 79 14.026
46 86 68.14
46 87 65.602
46 89 81.484
46 90 34.289
46 91 85.379
46 93 93.93
46 94 51.564
46 95 37.864
46 96 59.928
46 97 4.35
46 98 29.98
46 99 75.537
47 48 42.443
47 49 92.065
47 51 42.484
47 52 31.357
47 54 54.566
47 55 14.776
47 56 14.753
47 58 70.745
47 59 68.506
47 61 83.539
47 62 49.29
47 68 6.261
47 69 80.388
47 70 55.181
47 71 13.663
47 73 84.855
47 76 14.902
47 77 31.44
47 78 93.538
47 80 98.467
47 82 39.463
47 83 92.584
47 84 69.105
47 85 23.234
47 87 40.952
47 89 75.271
47 90 47.062
47 91 50.697
47 92 82.609
47 93 89.56
47 94 95.705
47 95 84.97
47 96 2.167
47 97 48.522
48 49 19.25
48 50 53.922
48 54 64.35
48 55 90.302
48 56 79.2
48 58 87.797
48 59 57.037
48 60 83.146
48 62 28.901
48 64 6.311
48 65 21.412
48 68 32.323
48 71 92.56
48 72 87.136
48 73 60.805
48 76 56.313
48 77 67.854
48 78 8.62
48 79 69.879
48 80 90.039
48 81 97.292
48 82 76.313
48 84 36.691
48 85 23.896
48 88 23.135
48 90 78.846
48 92 92.334
48 93 29.026
48 94 47.63
48 95 84.274
48 96 75.278
48 97 25.785
48 98 87.238
48 99 50.843
49 50 3.281
49 52 21.081
49 54 30.327
49 55 21.208
49 56 8.673
49 58 96.206
49 60 16.916
49 61 12.352
49 62 28.969
49 65 96.377
49 67 12.333
49 73 18.383
49 76 1.362
49 78 41.778
49 80 52.115
49 82 31.174
49 83 62.354
49 87 2.725
49 88 65.263
49 89 84.641
49 90 37.265
49 91 27.83
49 92 29.963
49 96 25.785
49 99 81.568
50 51 67.953
50 53 20.225
50 54 86.39
50 55 72.245
50 56 0.323
50 57 22.539
50 61 48.236
50 63 50.457
50 64 24.274
50 65 74.13
50 66 19.744
50 67 10.465
50 68 10.421
50 69 79.836
50 71 74.202
50 73 91.58
50 75 4.057
50 76 75.913
50 78 64.242
50 79 7.392
50 81 85.717
50 82 34.558
50 83 73.581
50 89 52.414
50 90 97.839
50 91 16.289
50 93 56.896
50 94 84.763
50 98 90.283
51 52 36.118
51 53 32.215
51 54 32.26
51 55 83.096
51 57 67.464
51 58 69.408
51 59 57.377
51 60 87.644
51 62 90.577
51 63 25.899
51 65 58.995
51 67 31.236
51 70 51.299
51 71 31.903
51 72 84.928
51 75 18.512
51 76 47.819
51 77 9.912
51 79 26.14
51 80 12.578
51 81 7.569
51 83 60.81
51 84 96.03
51 85 15.697
51 91 7.124
51 93 83.193
51 95 47.446
51 96 79.306
51 97 88.879
51 99 93.809
52 53 0.017
52 54 75.849
52 55 87.861
52 56 50.886
52 58 48.359
52 59 85.133
52 61 1.394
52 62 79.89
52 64 22.826
52 65 89.993
52 66 69.586
52 67 24.41
52 69 62.151
52 76 30.32
52 78 57.016
52 79 90.037
52 80 96.653
52 81 55.461
52 83 83.123
52 85 81.07
52 86 0.245
52 87 26.316
52 89 17.624
52 90 74.919
52 91 36.912
52 92 6.215
52 93 52.755
52 98 52.244
53 54 86.261
53 57 59.802
53 60 9.39
53 61 79.247
53 62 37.616
53 66 1.116
53 67 38.304
53 68 38.153
53 72 5.629
53 74 90.286
53 76 68.069
53 77 11.364
53 78 83.754
53 79 81.142
53 80 52.223
53 81 94.325
53 82 44.707
53 83 8.369
53 85 70.85
53 86 63.045
53 89 20.345
53 91 47.097
53 92 26.483
53 94 35.786
53 96 8.902
53 99 15.699
54 55 46.335
54 56 13.656
54 57 42.009
54 58 47.001
54 59 30.88
54 60 32.886
54 63 92.015
54 64 4.782
54 65 86.728
54 66 38.934
54 67 72.449
54 69 98.141
54 70 25.418
54 71 42.912
54 72 11.155
54 74 36.56
54 75 2.438
54 81 51.661
54 82 6.075
54 83 43.924
54 85 87.182
54 86 84.198
54 87 45.6
54 88 51.676
54 89 42.268
54 90 13.269
54 93 24.575
54 95 32.078
54 96 18.097
54 98 80.943
54 99 81.56
55 56 4.016
55 58 48.024
55 59 4.59
55 60 45.492
55 62 49.344
55 63 99.314
55 64 30.358
55 66 22.644
55 68 51.331
55 69 47.835
55 72 82.353
55 73 37.289
55 74 28.381
55 76 38.689
55 77 73.737
55 79 38.201
55 80 87.263
55 83 17.029
55 84 79.798
55 86 66.945
55 87 43.387
55 88 15.052
55 89 8.282
55 91 4.928
55 92 36.933
55 93 74.39
55 94 29.538
55 96 36.247
55 98 27.468
56 57 39.509
56 60 56.634
56 63 21.604
56 67 91.192
56 69 43.053
56 71 99.336
56 72 71.438
56 73 29.499
56 76 3.944
56 77 98.839
56 78 95.199
56 79 84.254
56 80 88.992
56 82 35.668
56 83 22.237
56 84 62.577
56 85 63.254
56 87 58.043
56 89 91.641
56 93 77.844
56 94 98.916
56 96 89.757
56 97 11.402
56 99 19.849
57 58 94.574
57 61 79.674
57 62 3.25
57 63 14.957
57 64 86.416
57 66 9.02
57 67 21.537
57 68 39.47
57 69 86.374
57 70 35.757
57 71 66.712
57 72 60.049
57 75 87.051
57 76 14.876
57 78 22.943
57 79 62.493
57 81 2.582
57 82 65.836
57 83 83.114
57 84 83.127
57 85 99.896
57 86 76.981
57 88 76.43
57 90 98.158
57 91 14.894
57 93 27.413
57 94 0.747
57 95 81.738
57 96 93.986
57 97 46.801
57 99 85.621
58 59 24.028
58 61 84.625
58 62 69.715
58 63 85.513
58 64 50.857
58 65 84.535
58 68 21.915
58 71 42.811
58 72 2.847
58 73 20.596
58 74 30.074
58 76 22.22
58 77 30.901
58 79 43.724
58 80 44.277
58 82 21.183
58 83 54.777
58 86 3.894
58 88 28.204
58 90 49.323
58 92 44.994
58 93 64.381
58 94 30.338
58 97 73.157
58 98 34.363
59 60 6.141
59 62 78.759
59 63 14.998
59 64 62.983
59 65 62.035
59 67 46.435
59 68 15.588
59 69 87.522
59 70 76.576
59 71 12.471
59 73 95.025
59 75 16.87
59 80 62.128
59 81 33.362
59 83 58.3
59 84 22.906
59 86 73.503
59 88 59.702
59 90 66.586
59 91 9.87
59 93 73.74
59 96 29.105
59 99 7.127
60 61 83.808
60 62 30.929
60 63 64.214
60 65 82.49
60 67 59.948
60 68 40.666
60 69 72.31
60 70 23.823
60 71 40.129
60 72 26.077
60 75 73.347
60 76 2.575
60 77 8.269
60 82 8.4
60 84 60.652
60 87 25.087
60 88 41.216
60 89 56.47
60 90 17.052
60 91 33.156
60 93 95.403
60 95 88.246
60 96 41.287
60 97 99.33
60 98 76.198
60 99 27.698
61 62 61.26
61 63 80.203
61 65 66.869
61 68 41.56
61 69 58.188
61 71 59.295
61 72 91.642
61 73 33.088
61 74 38.35
61 75 89.235
61 76 81.751
61 77 4.901
61 80 38.764
61 81 59.228
61 82 17.211
61 84 99.482
61 85 61.138
61 86 50.616
61 87 41.252
61 89 1.066
61 95 71.401
61 97 50.916
61 98 27.664
61 99 47.27
62 63 47.74
62 65 37.826
62 67 27.476
62 68 30.31
62 69 25.802
62 70 72.293
62 71 84.209
62 73 68.105
62 74 90.996
62 77 55.1
62 79 45.829
62 83 59.106
62 85 26.983
62 86 41.159
62 87 55.751
62 89 39.04
62 90 53.118
62 94 96.269
62 95 55.961
62 96 54.786
62 97 14.578
62 99 69.266
63 64 13.941
63 65 77.224
63 66 51.185
63 69 17.53
63 72 39.659
63 73 15.683
63 74 28.982
63 78 49.561
63 79 45.599
63 80 37.933
63 82 71.11
63 84 92.569
63 85 35.197
63 86 42.441
63 87 71.787
63 88 30.849
63 89 75.111
63 90 94.462
63 91 86.818
63 92 5.845
63 93 8.448
63 96 13.097
63 97 12.381
63 99 90.95
64 65 17.974
64 68 84.306
64 70 92.584
64 71 24.75
64 72 18.988
64 74 22.974
64 76 63.131
64 78 11.031
64 79 40.844
64 83 32.556
64 86 23.813
64 88 4.104
64 89 74.461
64 91 28.156
64 92 87.66
64 93 61.155
64 94 85.96
64 97 9.807
64 99 52.334
65 66 72.655
65 67 4.275
65 69 95.241
65 70 14.301
65 71 94.791
65 72 72.086
65 73 49.558
65 77 46.391
65 78 51.165
65 79 43.513
65 81 45.681
65 82 66.471
65 83 95.031
65 86 28.398
65 89 53.116
65 90 71.99
65 91 78.473
65 92 69.143
65 94 34.292
65 95 57.715
65 98 71.054
65 99 91.704
66 67 59.716
66 68 89.94
66 69 68.881
66 70 19.74
66 71 87.366
66 73 31.359
66 74 59.152
66 75 37.636
66 78 36.168
66 79 94.121
66 80 78.146
66 81 46.051
66 83 74.204
66 84 96.8
66 85 59.981
66 86 25.814
66 90 13.293
66 92 20.377
66 93 7.404
66 94 31.414
66 96 42.594
66 97 95.259
66 98 22.275
67 68 32.553
67 69 95.496
67 71 14.373
67 73 15.792
67 74 51.519
67 81 45.409
67 82 3.251
67 83 72.488
67 87 26.173
67 89 71.138
67 91 40.095
67 93 96.669
67 94 88.637
67 95 20.751
67 96 45.161
67 98 52.489
67 99 89.365
68 69 12.821
68 74 27.546
68 75 4.422
68 76 3.607
68 77 96.623
68 78 24.745
68 80 97.999
68 81 50.709
68 82 25.889
68 84 0.174
68 86 85.497
68 88 77.723
68 94 50.216
68 95 3.988
68 96 85.062
68 97 3.139
68 98 30.233
69 70 56.011
69 73 38.761
69 75 94.056
69 77 81.831
69 78 44.485
69 79 79.652
69 82 26.617
69 84 82.951
69 88 90.295
69 89 91.546
69 90 45.02
69 91 21.459
69 97 90.967
69 98 24.639
70 71 83.136
70 72 27.952
70 75 92.021
70 76 70.537
70 80 30.379
70 82 93.836
70 84 68.24
70 87 4.985
70 88 8.44
70 89 64.624
70 90 53.695
70 91 46.8
70 97 65.41
71 72 64.118
71 73 29.241
71 74 16.807
71 77 3.744
71 78 25.271
71 83 64.261
71 84 68.56
71 87 87.749
71 88 17.792
71 89 45.38
71 90 53.663
71 91 76.196
71 93 3.675
71 94 43.457
71 95 77.115
71 99 87.475
72 73 10.883
72 74 13.741
72 78 88.009
72 79 45.039
72 80 89.557
72 81 76.931
72 82 14.264
72 83 47.003
72 86 34.541
72 88 59.603
72 89 88.076
72 95 39.673
72 96 20.541
72 97 67.694
72 98 53.917
72 99 12.671
73 74 49.585
73 75 67.422
73 76 44.747
73 77 38.013
73 78 67.042
73 79 3.265
73 81 98.748
73 82 23.199
73 83 36.409
73 84 85.701
73 85 65.315
73 86 7.921
73 89 23.406
73 90 18.89
73 91 50.967
73 92 25.834
73 98 16.222
73 99 54.507
74 75 38.664
74 80 21.392
74 84 74.175
74 85 25.476
74 86 82.559
74 87 39.534
74 88 53.251
74 89 18.472
74 91 60.347
74 92 0.644
74 95 88.475
74 96 4.146
75 76 10.613
75 77 31.45
75 78 44.056
75 79 11.419
75 80 56.899
75 81 36.292
75 82 11.491
75 84 99.649
75 87 27.378
75 89 23.925
75 90 57.605
75 91 29.534
75 92 22.471
75 95 54.724
75 96 60.109
75 97 3.156
75 98 83.339
75 99 95.286
76 77 4.827
76 79 62.836
76 81 57.647
76 83 54.158
76 84 75.631
76 86 81.17
76 87 76.825
76 88 21.577
76 89 63.824
76 90 37.611
76 92 14.827
76 93 59.597
76 94 73.817
76 95 23.207
76 96 54.913
76 97 86.573
77 78 44.423
77 82 75.941
77 83 7.575
77 87 14.295
77 88 76.757
77 89 53.441
77 90 33.583
77 91 41.546
77 92 11.987
77 93 99.609
77 95 23.569
77 97 15.788
77 99 19.088
78 79 9.836
78 82 35.908
78 83 64.88
78 84 49.357
78 85 69.404
78 86 9.023
78 90 76.448
78 91 25.046
78 92 46.262
78 93 58.495
78 94 60.886
78 95 29.246
78 96 81.951
78 97 99.125
78 98 69.065
78 99 78.844
79 80 64.709
79 81 89.48
79 82 4.342
79 83 50.62
79 85 64.821
79 86 65.738
79 89 25.743
79 90 49.032
79 91 96.035
79 92 16.292
79 93 10.668
79 94 27.552
79 96 3.561
79 97 12.813
79 98 74.272
79 99 65.894
80 81 99.875
80 82 96.213
80 85 2.43
80 86 95.135
80 92 52.065
80 97 49.412
80 98 59.165
80 99 66.712
81 82 63.063
81 83 34.978
81 85 89.493
81 86 22.068
81 88 97.324
81 89 35.742
81 91 57.325
81 92 33.577
81 93 56.333
81 95 22.887
81 96 65.37
82 83 83.169
82 85 87.154
82 87 13.4
82 88 88.637
82 89 95.481
82 91 31.812
82 96 95.489
82 98 93.242
83 84 82.824
83 85 34.309
83 86 62.36
83 88 29.62
83 90 65.228
83 95 38.351
83 96 20.377
83 97 61.208
83 98 1.131
84 85 92.303
84 86 67.06
84 87 65.796
84 89 50.979
84 94 47.327
84 95 99.117
84 96 55.112
84 99 98.588
85 86 83.507
85 87 64.884
85 88 42.176
85 89 31.524
85 90 65.106
85 91 22.148
85 94 3.902
85 96 61.004
85 97 86.081
85 99 32.887
86 87 26.691
86 88 97.592
86 89 50.274
86 90 67.077
86 91 19.913
86 92 44.308
86 95 26.054
86 97 85.506
86 98 91.335
87 88 99.672
87 89 74.43
87 90 81.32
87 92 37.113
87 93 55.598
87 94 65.156
87 95 42.763
87 96 95.955
87 97 80.707
87 98 5.142
87 99 93.095
88 89 13.036
88 90 4.631
88 93 29.549
88 95 35.18
88 96 44.264
88 97 39.474
88 99 7.116
89 90 36.359
89 91 93.667
89 93 42.745
89 94 26.591
89 95 44.767
89 96 97.288
89 97 1.904
89 98 48.299
89 99 84.232
90 91 30.637
90 93 85.342
90 97 32.879
90 98 79.735
91 92 61.512
91 95 12.166
91 97 83.363
91 98 25.208
91 99 19.035
92 93 65.326
92 96 16.946
92 97 76.115
92 98 50.957
93 94 69.64
93 95 14.289
93 96 64.003
93 97 2.598
93 98 17.594
94 95 20.323
94 96 95.196
94 99 21.519
95 96 18.828
96 97 10.737
96 98 33.669
96 99 93.457
97 98 59.115
98 99 5.744