100
0 1 2.946
0 8 2.946
0 15 2.946
0 22 2.946
0 29 2.946
0 36 2.946
0 43 2.946
0 50 2.946
0 57 2.946
0 64 2.946
0 71 2.946
0 78 2.946
0 85 2.946
0 92 2.946
1 2 17.5
1 8 17.5
1 9 17.5
1 15 17.5
1 16 17.5
1 22 17.5
1 23 17.5
1 29 17.5
1 30 17.5
1 36 17.5
1 37 17.5
1 43 17.5
1 44 17.5
1 50 17.5
1 51 17.5
1 57 17.5
1 58 17.5
1 64 17.5
1 65 17.5
1 71 17.5
1 72 17.5
1 78 17.5
1 79 17.5
1 85 17.5
1 86 17.5
1 92 17.5
1 93 17.5
2 8 17.5
2 15 17.5
2 22 17.5
2 29 17.5
2 36 17.5
2 43 17.5
2 50 17.5
2 57 17.5
2 64 17.5
2 71 17.5
2 78 17.5
2 85 17.5
2 92 17.5
2 3 38.783
2 9 38.783
2 10 38.783
2 16 38.783
2 17 38.783
2 23 38.783
2 24 38.783
2 30 38.783
2 31 38.783
2 37 38.783
2 38 38.783
2 44 38.783
2 45 38.783
2 51 38.783
2 52 38.783
2 58 38.783
2 59 38.783
2 65 38.783
2 66 38.783
2 72 38.783
2 73 38.783
2 79 38.783
2 80 38.783
2 86 38.783
2 87 38.783
2 93 38.783
2 94 38.783
3 9 38.783
3 16 38.783
3 23 38.783
3 30 38.783
3 37 38.783
3 44 38.783
3 51 38.783
3 58 38.783
3 65 38.783
3 72 38.783
3 79 38.783
3 86 38.783
3 93 38.783
3 4 24.468
3 10 24.468
3 11 24.468
3 17 24.468
3 18 24.468
3 24 24.468
3 25 24.468
3 31 24.468
3 32 24.468
3 38 24.468
3 39 24.468
3 45 24.468
3 46 24.468
3 52 24.468
3 53 24.468
3 59 24.468
3 60 24.468
3 66 24.468
3 67 24.468
3 73 24.468
3 74 24.468
3 80 24.468
3 81 24.468
3 87 24.468
3 88 24.468
3 94 24.468
3 95 24.468
4 10 24.468
4 17 24.468
4 24 24.468
4 31 24.468
4 38 24.468
4 45 24.468
4 52 24.468
4 59 24.468
4 66 24.468
4 73 24.468
4 80 24.468
4 87 24.468
4 94 24.468
4 5 13.881
4 11 13.881
4 12 13.881
4 18 13.881
4 19 13.881
4 25 13.881
4 26 13.881
4 32 13.881
4 33 13.881
4 39 13.881
4 40 13.881
4 46 13.881
4 47 13.881
4 53 13.881
4 54 13.881
4 60 13.881
4 61 13.881
4 67 13.881
4 68 13.881
4 74 13.881
4 75 13.881
4 81 13.881
4 82 13.881
4 88 13.881
4 89 13.881
4 95 13.881
4 96 13.881
5 11 13.881
5 18 13.881
5 25 13.881
5 32 13.881
5 39 13.881
5 46 13.881
5 53 13.881
5 60 13.881
5 67 13.881
5 74 13.881
5 81 13.881
5 88 13.881
5 95 13.881
5 6 0.338
5 12 0.338
5 13 0.338
5 19 0.338
5 20 0.338
5 26 0.338
5 27 0.338
5 33 0.338
5 34 0.338
5 40 0.338
5 41 0.338
5 47 0.338
5 48 0.338
5 54 0.338
5 55 0.338
5 61 0.338
5 62 0.338
5 68 0.338
5 69 0.338
5 75 0.338
5 76 0.338
5 82 0.338
5 83 0.338
5 89 0.338
5 90 0.338
5 96 0.338
5 97 0.338
6 12 0.338
6 19 0.338
6 26 0.338
6 33 0.338
6 40 0.338
6 47 0.338
6 54 0.338
6 61 0.338
6 68 0.338
6 75 0.338
6 82 0.338
6 89 0.338
6 96 0.338
6 7 0.265
6 13 0.265
6 14 0.265
6 20 0.265
6 21 0.265
6 27 0.265
6 28 0.265
6 34 0.265
6 35 0.265
6 41 0.265
6 42 0.265
6 48 0.265
6 49 0.265
6 55 0.265
6 56 0.265
6 62 0.265
6 63 0.265
6 69 0.265
6 70 0.265
6 76 0.265
6 77 0.265
6 83 0.265
6 84 0.265
6 90 0.265
6 91 0.265
6 97 0.265
6 98 0.265
7 13 0.265
7 20 0.265
7 27 0.265
7 34 0.265
7 41 0.265
7 48 0.265
7 55 0.265
7 62 0.265
7 69 0.265
7 76 0.265
7 83 0.265
7 90 0.265
7 97 0.265
7 99 1.819
8 9 17.5
8 15 17.5
8 16 17.5
8 22 17.5
8 23 17.5
8 29 17.5
8 30 17.5
8 36 17.5
8 37 17.5
8 43 17.5
8 44 17.5
8 50 17.5
8 51 17.5
8 57 17.5
8 58 17.5
8 64 17.5
8 65 17.5
8 71 17.5
8 72 17.5
8 78 17.5
8 79 17.5
8 85 17.5
8 86 17.5
8 92 17.5
8 93 17.5
9 15 17.5
9 22 17.5
9 29 17.5
9 36 17.5
9 43 17.5
9 50 17.5
9 57 17.5
9 64 17.5
9 71 17.5
9 78 17.5
9 85 17.5
9 92 17.5
9 10 38.783
9 16 38.783
9 17 38.783
9 23 38.783
9 24 38.783
9 30 38.783
9 31 38.783
9 37 38.783
9 38 38.783
9 44 38.783
9 45 38.783
9 51 38.783
9 52 38.783
9 58 38.783
9 59 38.783
9 65 38.783
9 66 38.783
9 72 38.783
9 73 38.783
9 79 38.783
9 80 38.783
9 86 38.783
9 87 38.783
9 93 38.783
9 94 38.783
10 16 38.783
10 23 38.783
10 30 38.783
10 37 38.783
10 44 38.783
10 51 38.783
10 58 38.783
10 65 38.783
10 72 38.783
10 79 38.783
10 86 38.783
10 93 38.783
10 11 24.468
10 17 24.468
10 18 24.468
10 24 24.468
10 25 24.468
10 31 24.468
10 32 24.468
10 38 24.468
10 39 24.468
10 45 24.468
10 46 24.468
10 52 24.468
10 53 24.468
10 59 24.468
10 60 24.468
10 66 24.468
10 67 24.468
10 73 24.468
10 74 24.468
10 80 24.468
10 81 24.468
10 87 24.468
10 88 24.468
10 94 24.468
10 95 24.468
11 17 24.468
11 24 24.468
11 31 24.468
11 38 24.468
11 45 24.468
11 52 24.468
11 59 24.468
11 66 24.468
11 73 24.468
11 80 24.468
11 87 24.468
11 94 24.468
11 12 13.881
11 18 13.881
11 19 13.881
11 25 13.881
11 26 13.881
11 32 13.881
11 33 13.881
11 39 13.881
11 40 13.881
11 46 13.881
11 47 13.881
11 53 13.881
11 54 13.881
11 60 13.881
11 61 13.881
11 67 13.881
11 68 13.881
11 74 13.881
11 75 13.881
11 81 13.881
11 82 13.881
11 88 13.881
11 89 13.881
11 95 13.881
11 96 13.881
12 18 13.881
12 25 13.881
12 32 13.881
12 39 13.881
12 46 13.881
12 53 13.881
12 60 13.881
12 67 13.881
12 74 13.881
12 81 13.881
12 88 13.881
12 95 13.881
12 13 0.338
12 19 0.338
12 20 0.338
12 26 0.338
12 27 0.338
12 33 0.338
12 34 0.338
12 40 0.338
12 41 0.338
12 47 0.338
12 48 0.338
12 54 0.338
12 55 0.338
12 61 0.338
12 62 0.338
12 68 0.338
12 69 0.338
12 75 0.338
12 76 0.338
12 82 0.338
12 83 0.338
12 89 0.338
12 90 0.338
12 96 0.338
12 97 0.338
13 19 0.338
13 26 0.338
13 33 0.338
13 40 0.338
13 47 0.338
13 54 0.338
13 61 0.338
13 68 0.338
13 75 0.338
13 82 0.338
13 89 0.338
13 96 0.338
13 14 0.265
13 20 0.265
13 21 0.265
13 27 0.265
13 28 0.265
13 34 0.265
13 35 0.265
13 41 0.265
13 42 0.265
13 48 0.265
13 49 0.265
13 55 0.265
13 56 0.265
13 62 0.265
13 63 0.265
13 69 0.265
13 70 0.265
13 76 0.265
13 77 0.265
13 83 0.265
13 84 0.265
13 90 0.265
13 91 0.265
13 97 0.265
13 98 0.265
14 20 0.265
14 27 0.265
14 34 0.265
14 41 0.265
14 48 0.265
14 55 0.265
14 62 0.265
14 69 0.265
14 76 0.265
14 83 0.265
14 90 0.265
14 97 0.265
14 99 1.819
15 16 17.5
15 22 17.5
15 23 17.5
15 29 17.5
15 30 17.5
15 36 17.5
15 37 17.5
15 43 17.5
15 44 17.5
15 50 17.5
15 51 17.5
15 57 17.5
15 58 17.5
15 64 17.5
15 65 17.5
15 71 17.5
15 72 17.5
15 78 17.5
15 79 17.5
15 85 17.5
15 86 17.5
15 92 17.5
15 93 17.5
16 22 17.5
16 29 17.5
16 36 17.5
16 43 17.5
16 50 17.5
16 57 17.5
16 64 17.5
16 71 17.5
16 78 17.5
16 85 17.5
16 92 17.5
16 17 38.783
16 23 38.783
16 24 38.783
16 30 38.783
16 31 38.783
16 37 38.783
16 38 38.783
16 44 38.783
16 45 38.783
16 51 38.783
16 52 38.783
16 58 38.783
16 59 38.783
16 65 38.783
16 66 38.783
16 72 38.783
16 73 38.783
16 79 38.783
16 80 38.783
16 86 38.783
16 87 38.783
16 93 38.783
16 94 38.783
17 23 38.783
17 30 38.783
17 37 38.783
17 44 38.783
17 51 38.783
17 58 38.783
17 65 38.783
17 72 38.783
17 79 38.783
17 86 38.783
17 93 38.783
17 18 24.468
17 24 24.468
17 25 24.468
17 31 24.468
17 32 24.468
17 38 24.468
17 39 24.468
17 45 24.468
17 46 24.468
17 52 24.468
17 53 24.468
17 59 24.468
17 60 24.468
17 66 24.468
17 67 24.468
17 73 24.468
17 74 24.468
17 80 24.468
17 81 24.468
17 87 24.468
17 88 24.468
17 94 24.468
17 95 24.468
18 24 24.468
18 31 24.468
18 38 24.468
18 45 24.468
18 52 24.468
18 59 24.468
18 66 24.468
18 73 24.468
18 80 24.468
18 87 24.468
18 94 24.468
18 19 13.881
18 25 13.881
18 26 13.881
18 32 13.881
18 33 13.881
18 39 13.881
18 40 13.881
18 46 13.881
18 47 13.881
18 53 13.881
18 54 13.881
18 60 13.881
18 61 13.881
18 67 13.881
18 68 13.881
18 74 13.881
18 75 13.881
18 81 13.881
18 82 13.881
18 88 13.881
18 89 13.881
18 95 13.881
18 96 13.881
19 25 13.881
19 32 13.881
19 39 13.881
19 46 13.881
19 53 13.881
19 60 13.881
19 67 13.881
19 74 13.881
19 81 13.881
19 88 13.881
19 95 13.881
19 20 0.338
19 26 0.338
19 27 0.338
19 33 0.338
19 34 0.338
19 40 0.338
19 41 0.338
19 47 0.338
19 48 0.338
19 54 0.338
19 55 0.338
19 61 0.338
19 62 0.338
19 68 0.338
19 69 0.338
19 75 0.338
19 76 0.338
19 82 0.338
19 83 0.338
19 89 0.338
19 90 0.338
19 96 0.338
19 97 0.338
20 26 0.338
20 33 0.338
20 40 0.338
20 47 0.338
20 54 0.338
20 61 0.338
20 68 0.338
20 75 0.338
20 82 0.338
20 89 0.338
20 96 0.338
20 21 0.265
20 27 0.265
20 28 0.265
20 34 0.265
20 35 0.265
20 41 0.265
20 42 0.265
20 48 0.265
20 49 0.265
20 55 0.265
20 56 0.265
20 62 0.265
20 63 0.265
20 69 0.265
20 70 0.265
20 76 0.265
20 77 0.265
20 83 0.265
20 84 0.265
20 90 0.265
20 91 0.265
20 97 0.265
20 98 0.265
21 27 0.265
21 34 0.265
21 41 0.265
21 48 0.265
21 55 0.265
21 62 0.265
21 69 0.265
21 76 0.265
21 83 0.265
21 90 0.265
21 97 0.265
21 99 1.819
22 23 17.5
22 29 17.5
22 30 17.5
22 36 17.5
22 37 17.5
22 43 17.5
22 44 17.5
22 50 17.5
22 51 17.5
22 57 17.5
22 58 17.5
22 64 17.5
22 65 17.5
22 71 17.5
22 72 17.5
22 78 17.5
22 79 17.5
22 85 17.5
22 86 17.5
22 92 17.5
22 93 17.5
23 29 17.5
23 36 17.5
23 43 17.5
23 50 17.5
23 57 17.5
23 64 17.5
23 71 17.5
23 78 17.5
23 85 17.5
23 92 17.5
23 24 38.783
23 30 38.783
23 31 38.783
23 37 38.783
23 38 38.783
23 44 38.783
23 45 38.783
23 51 38.783
23 52 38.783
23 58 38.783
23 59 38.783
23 65 38.783
23 66 38.783
23 72 38.783
23 73 38.783
23 79 38.783
23 80 38.783
23 86 38.783
23 87 38.783
23 93 38.783
23 94 38.783
24 30 38.783
24 37 38.783
24 44 38.783
24 51 38.783
24 58 38.783
24 65 38.783
24 72 38.783
24 79 38.783
24 86 38.783
24 93 38.783
24 25 24.468
24 31 24.468
24 32 24.468
24 38 24.468
24 39 24.468
24 45 24.468
24 46 24.468
24 52 24.468
24 53 24.468
24 59 24.468
24 60 24.468
24 66 24.468
24 67 24.468
24 73 24.468
24 74 24.468
24 80 24.468
24 81 24.468
24 87 24.468
24 88 24.468
24 94 24.468
24 95 24.468
25 31 24.468
25 38 24.468
25 45 24.468
25 52 24.468
25 59 24.468
25 66 24.468
25 73 24.468
25 80 24.468
25 87 24.468
25 94 24.468
25 26 13.881
25 32 13.881
25 33 13.881
25 39 13.881
25 40 13.881
25 46 13.881
25 47 13.881
25 53 13.881
25 54 13.881
25 60 13.881
25 61 13.881
25 67 13.881
25 68 13.881
25 74 13.881
25 75 13.881
25 81 13.881
25 82 13.881
25 88 13.881
25 89 13.881
25 95 13.881
25 96 13.881
26 32 13.881
26 39 13.881
26 46 13.881
26 53 13.881
26 60 13.881
26 67 13.881
26 74 13.881
26 81 13.881
26 88 13.881
26 95 13.881
26 27 0.338
26 33 0.338
26 34 0.338
26 40 0.338
26 41 0.338
26 47 0.338
26 48 0.338
26 54 0.338
26 55 0.338
26 61 0.338
26 62 0.338
26 68 0.338
26 69 0.338
26 75 0.338
26 76 0.338
26 82 0.338
26 83 0.338
26 89 0.338
26 90 0.338
26 96 0.338
26 97 0.338
27 33 0.338
27 40 0.338
27 47 0.338
27 54 0.338
27 61 0.338
27 68 0.338
27 75 0.338
27 82 0.338
27 89 0.338
27 96 0.338
27 28 0.265
27 34 0.265
27 35 0.265
27 41 0.265
27 42 0.265
27 48 0.265
27 49 0.265
27 55 0.265
27 56 0.265
27 62 0.265
27 63 0.265
27 69 0.265
27 70 0.265
27 76 0.265
27 77 0.265
27 83 0.265
27 84 0.265
27 90 0.265
27 91 0.265
27 97 0.265
27 98 0.265
28 34 0.265
28 41 0.265
28 48 0.265
28 55 0.265
28 62 0.265
28 69 0.265
28 76 0.265
28 83 0.265
28 90 0.265
28 97 0.265
28 99 1.819
29 30 17.5
29 36 17.5
29 37 17.5
29 43 17.5
29 44 17.5
29 50 17.5
29 51 17.5
29 57 17.5
29 58 17.5
29 64 17.5
29 65 17.5
29 71 17.5
29 72 17.5
29 78 17.5
29 79 17.5
29 85 17.5
29 86 17.5
29 92 17.5
29 93 17.5
30 36 17.5
30 43 17.5
30 50 17.5
30 57 17.5
30 64 17.5
30 71 17.5
30 78 17.5
30 85 17.5
30 92 17.5
30 31 38.783
30 37 38.783
30 38 38.783
30 44 38.783
30 45 38.783
30 51 38.783
30 52 38.783
30 58 38.783
30 59 38.783
30 65 38.783
30 66 38.783
30 72 38.783
30 73 38.783
30 79 38.783
30 80 38.783
30 86 38.783
30 87 38.783
30 93 38.783
30 94 38.783
31 37 38.783
31 44 38.783
31 51 38.783
31 58 38.783
31 65 38.783
31 72 38.783
31 79 38.783
31 86 38.783
31 93 38.783
31 32 24.468
31 38 24.468
31 39 24.468
31 45 24.468
31 46 24.468
31 52 24.468
31 53 24.468
31 59 24.468
31 60 24.468
31 66 24.468
31 67 24.468
31 73 24.468
31 74 24.468
31 80 24.468
31 81 24.468
31 87 24.468
31 88 24.468
31 94 24.468
31 95 24.468
32 38 24.468
32 45 24.468
32 52 24.468
32 59 24.468
32 66 24.468
32 73 24.468
32 80 24.468
32 87 24.468
32 94 24.468
32 33 13.881
32 39 13.881
32 40 13.881
32 46 13.881
32 47 13.881
32 53 13.881
32 54 13.881
32 60 13.881
32 61 13.881
32 67 13.881
32 68 13.881
32 74 13.881
32 75 13.881
32 81 13.881
32 82 13.881
32 88 13.881
32 89 13.881
32 95 13.881
32 96 13.881
33 39 13.881
33 46 13.881
33 53 13.881
33 60 13.881
33 67 13.881
33 74 13.881
33 81 13.881
33 88 13.881
33 95 13.881
33 34 0.338
33 40 0.338
33 41 0.338
33 47 0.338
33 48 0.338
33 54 0.338
33 55 0.338
33 61 0.338
33 62 0.338
33 68 0.338
33 69 0.338
33 75 0.338
33 76 0.338
33 82 0.338
33 83 0.338
33 89 0.338
33 90 0.338
33 96 0.338
33 97 0.338
34 40 0.338
34 47 0.338
34 54 0.338
34 61 0.338
34 68 0.338
34 75 0.338
34 82 0.338
34 89 0.338
34 96 0.338
34 35 0.265
34 41 0.265
34 42 0.265
34 48 0.265
34 49 0.265
34 55 0.265
34 56 0.265
34 62 0.265
34 63 0.265
34 69 0.265
34 70 0.265
34 76 0.265
34 77 0.265
34 83 0.265
34 84 0.265
34 90 0.265
34 91 0.265
34 97 0.265
34 98 0.265
35 41 0.265
35 48 0.265
35 55 0.265
35 62 0.265
35 69 0.265
35 76 0.265
35 83 0.265
35 90 0.265
35 97 0.265
35 99 1.819
36 37 17.5
36 43 17.5
36 44 17.5
36 50 17.5
36 51 17.5
36 57 17.5
36 58 17.5
36 64 17.5
36 65 17.5
36 71 17.5
36 72 17.5
36 78 17.5
36 79 17.5
36 85 17.5
36 86 17.5
36 92 17.5
36 93 17.5
37 43 17.5
37 50 17.5
37 57 17.5
37 64 17.5
37 71 17.5
37 78 17.5
37 85 17.5
37 92 17.5
37 38 38.783
37 44 38.783
37 45 38.783
37 51 38.783
37 52 38.783
37 58 38.783
37 59 38.783
37 65 38.783
37 66 38.783
37 72 38.783
37 73 38.783
37 79 38.783
37 80 38.783
37 86 38.783
37 87 38.783
37 93 38.783
37 94 38.783
38 44 38.783
38 51 38.783
38 58 38.783
38 65 38.783
38 72 38.783
38 79 38.783
38 86 38.783
38 93 38.783
38 39 24.468
38 45 24.468
38 46 24.468
38 52 24.468
38 53 24.468
38 59 24.468
38 60 24.468
38 66 24.468
38 67 24.468
38 73 24.468
38 74 24.468
38 80 24.468
38 81 24.468
38 87 24.468
38 88 24.468
38 94 24.468
38 95 24.468
39 45 24.468
39 52 24.468
39 59 24.468
39 66 24.468
39 73 24.468
39 80 24.468
39 87 24.468
39 94 24.468
39 40 13.881
39 46 13.881
39 47 13.881
39 53 13.881
39 54 13.881
39 60 13.881
39 61 13.881
39 67 13.881
39 68 13.881
39 74 13.881
39 75 13.881
39 81 13.881
39 82 13.881
39 88 13.881
39 89 13.881
39 95 13.881
39 96 13.881
40 46 13.881
40 53 13.881
40 60 13.881
40 67 13.881
40 74 13.881
40 81 13.881
40 88 13.881
40 95 13.881
40 41 0.338
40 47 0.338
40 48 0.338
40 54 0.338
40 55 0.338
40 61 0.338
40 62 0.338
40 68 0.338
40 69 0.338
40 75 0.338
40 76 0.338
40 82 0.338
40 83 0.338
40 89 0.338
40 90 0.338
40 96 0.338
40 97 0.338
41 47 0.338
41 54 0.338
41 61 0.338
41 68 0.338
41 75 0.338
41 82 0.338
41 89 0.338
41 96 0.338
41 42 0.265
41 48 0.265
41 49 0.265
41 55 0.265
41 56 0.265
41 62 0.265
41 63 0.265
41 69 0.265
41 70 0.265
41 76 0.265
41 77 0.265
41 83 0.265
41 84 0.265
41 90 0.265
41 91 0.265
41 97 0.265
41 98 0.265
42 48 0.265
42 55 0.265
42 62 0.265
42 69 0.265
42 76 0.265
42 83 0.265
42 90 0.265
42 97 0.265
42 99 1.819
43 44 17.5
43 50 17.5
43 51 17.5
43 57 17.5
43 58 17.5
43 64 17.5
43 65 17.5
43 71 17.5
43 72 17.5
43 78 17.5
43 79 17.5
43 85 17.5
43 86 17.5
43 92 17.5
43 93 17.5
44 50 17.5
44 57 17.5
44 64 17.5
44 71 17.5
44 78 17.5
44 85 17.5
44 92 17.5
44 45 38.783
44 51 38.783
44 52 38.783
44 58 38.783
44 59 38.783
44 65 38.783
44 66 38.783
44 72 38.783
44 73 38.783
44 79 38.783
44 80 38.783
44 86 38.783
44 87 38.783
44 93 38.783
44 94 38.783
45 51 38.783
45 58 38.783
45 65 38.783
45 72 38.783
45 79 38.783
45 86 38.783
45 93 38.783
45 46 24.468
45 52 24.468
45 53 24.468
45 59 24.468
45 60 24.468
45 66 24.468
45 67 24.468
45 73 24.468
45 74 24.468
45 80 24.468
45 81 24.468
45 87 24.468
45 88 24.468
45 94 24.468
45 95 24.468
46 52 24.468
46 59 24.468
46 66 24.468
46 73 24.468
46 80 24.468
46 87 24.468
46 94 24.468
46 47 13.881
46 53 13.881
46 54 13.881
46 60 13.881
46 61 13.881
46 67 13.881
46 68 13.881
46 74 13.881
46 75 13.881
46 81 13.881
46 82 13.881
46 88 13.881
46 89 13.881
46 95 13.881
46 96 13.881
47 53 13.881
47 60 13.881
47 67 13.881
47 74 13.881
47 81 13.881
47 88 13.881
47 95 13.881
47 48 0.338
47 54 0.338
47 55 0.338
47 61 0.338
47 62 0.338
47 68 0.338
47 69 0.338
47 75 0.338
47 76 0.338
47 82 0.338
47 83 0.338
47 89 0.338
47 90 0.338
47 96 0.338
47 97 0.338
48 54 0.338
48 61 0.338
48 68 0.338
48 75 0.338
48 82 0.338
48 89 0.338
48 96 0.338
48 49 0.265
48 55 0.265
48 56 0.265
48 62 0.265
48 63 0.265
48 69 0.265
48 70 0.265
48 76 0.265
48 77 0.265
48 83 0.265
48 84 0.265
48 90 0.265
48 91 0.265
48 97 0.265
48 98 0.265
49 55 0.265
49 62 0.265
49 69 0.265
49 76 0.265
49 83 0.265
49 90 0.265
49 97 0.265
49 99 1.819
50 51 17.5
50 57 17.5
50 58 17.5
50 64 17.5
50 65 17.5
50 71 17.5
50 72 17.5
50 78 17.5
50 79 17.5
50 85 17.5
50 86 17.5
50 92 17.5
50 93 17.5
51 57 17.5
51 64 17.5
51 71 17.5
51 78 17.5
51 85 17.5
51 92 17.5
51 52 38.783
51 58 38.783
51 59 38.783
51 65 38.783
51 66 38.783
51 72 38.783
51 73 38.783
51 79 38.783
51 80 38.783
51 86 38.783
51 87 38.783
51 93 38.783
51 94 38.783
52 58 38.783
52 65 38.783
52 72 38.783
52 79 38.783
52 86 38.783
52 93 38.783
52 53 24.468
52 59 24.468
52 60 24.468
52 66 24.468
52 67 24.468
52 73 24.468
52 74 24.468
52 80 24.468
52 81 24.468
52 87 24.468
52 88 24.468
52 94 24.468
52 95 24.468
53 59 24.468
53 66 24.468
53 73 24.468
53 80 24.468
53 87 24.468
53 94 24.468
53 54 13.881
53 60 13.881
53 61 13.881
53 67 13.881
53 68 13.881
53 74 13.881
53 75 13.881
53 81 13.881
53 82 13.881
53 88 13.881
53 89 13.881
53 95 13.881
53 96 13.881
54 60 13.881
54 67 13.881
54 74 13.881
54 81 13.881
54 88 13.881
54 95 13.881
54 55 0.338
54 61 0.338
54 62 0.338
54 68 0.338
54 69 0.338
54 75 0.338
54 76 0.338
54 82 0.338
54 83 0.338
54 89 0.338
54 90 0.338
54 96 0.338
54 97 0.338
55 61 0.338
55 68 0.338
55 75 0.338
55 82 0.338
55 89 0.338
55 96 0.338
55 56 0.265
55 62 0.265
55 63 0.265
55 69 0.265
55 70 0.265
55 76 0.265
55 77 0.265
55 83 0.265
55 84 0.265
55 90 0.265
55 91 0.265
55 97 0.265
55 98 0.265
56 62 0.265
56 69 0.265
56 76 0.265
56 83 0.265
56 90 0.265
56 97 0.265
56 99 1.819
57 58 17.5
57 64 17.5
57 65 17.5
57 71 17.5
57 72 17.5
57 78 17.5
57 79 17.5
57 85 17.5
57 86 17.5
57 92 17.5
57 93 17.5
58 64 17.5
58 71 17.5
58 78 17.5
58 85 17.5
58 92 17.5
58 59 38.783
58 65 38.783
58 66 38.783
58 72 38.783
58 73 38.783
58 79 38.783
58 80 38.783
58 86 38.783
58 87 38.783
58 93 38.783
58 94 38.783
59 65 38.783
59 72 38.783
59 79 38.783
59 86 38.783
59 93 38.783
59 60 24.468
59 66 24.468
59 67 24.468
59 73 24.468
59 74 24.468
59 80 24.468
59 81 24.468
59 87 24.468
59 88 24.468
59 94 24.468
59 95 24.468
60 66 24.468
60 73 24.468
60 80 24.468
60 87 24.468
60 94 24.468
60 61 13.881
60 67 13.881
60 68 13.881
60 74 13.881
60 75 13.881
60 81 13.881
60 82 13.881
60 88 13.881
60 89 13.881
60 95 13.881
60 96 13.881
61 67 13.881
61 74 13.881
61 81 13.881
61 88 13.881
61 95 13.881
61 62 0.338
61 68 0.338
61 69 0.338
61 75 0.338
61 76 0.338
61 82 0.338
61 83 0.338
61 89 0.338
61 90 0.338
61 96 0.338
61 97 0.338
62 68 0.338
62 75 0.338
62 82 0.338
62 89 0.338
62 96 0.338
62 63 0.265
62 69 0.265
62 70 0.265
62 76 0.265
62 77 0.265
62 83 0.265
62 84 0.265
62 90 0.265
62 91 0.265
62 97 0.265
62 98 0.265
63 69 0.265
63 76 0.265
63 83 0.265
63 90 0.265
63 97 0.265
63 99 1.819
64 65 17.5
64 71 17.5
64 72 17.5
64 78 17.5
64 79 17.5
64 85 17.5
64 86 17.5
64 92 17.5
64 93 17.5
65 71 17.5
65 78 17.5
65 85 17.5
65 92 17.5
65 66 38.783
65 72 38.783
65 73 38.783
65 79 38.783
65 80 38.783
65 86 38.783
65 87 38.783
65 93 38.783
65 94 38.783
66 72 38.783
66 79 38.783
66 86 38.783
66 93 38.783
66 67 24.468
66 73 24.468
66 74 24.468
66 80 24.468
66 81 24.468
66 87 24.468
66 88 24.468
66 94 24.468
66 95 24.468
67 73 24.468
67 80 24.468
67 87 24.468
67 94 24.468
67 68 13.881
67 74 13.881
67 75 13.881
67 81 13.881
67 82 13.881
67 88 13.881
67 89 13.881
67 95 13.881
67 96 13.881
68 74 13.881
68 81 13.881
68 88 13.881
68 95 13.881
68 69 0.338
68 75 0.338
68 76 0.338
68 82 0.338
68 83 0.338
68 89 0.338
68 90 0.338
68 96 0.338
68 97 0.338
69 75 0.338
69 82 0.338
69 89 0.338
69 96 0.338
69 70 0.265
69 76 0.265
69 77 0.265
69 83 0.265
69 84 0.265
69 90 0.265
69 91 0.265
69 97 0.265
69 98 0.265
70 76 0.265
70 83 0.265
70 90 0.265
70 97 0.265
70 99 1.819
71 72 17.5
71 78 17.5
71 79 17.5
71 85 17.5
71 86 17.5
71 92 17.5
71 93 17.5
72 78 17.5
72 85 17.5
72 92 17.5
72 73 38.783
72 79 38.783
72 80 38.783
72 86 38.783
72 87 38.783
72 93 38.783
72 94 38.783
73 79 38.783
73 86 38.783
73 93 38.783
73 74 24.468
73 80 24.468
73 81 24.468
73 87 24.468
73 88 24.468
73 94 24.468
73 95 24.468
74 80 24.468
74 87 24.468
74 94 24.468
74 75 13.881
74 81 13.881
74 82 13.881
74 88 13.881
74 89 13.881
74 95 13.881
74 96 13.881
75 81 13.881
75 88 13.881
75 95 13.881
75 76 0.338
75 82 0.338
75 83 0.338
75 89 0.338
75 90 0.338
75 96 0.338
75 97 0.338
76 82 0.338
76 89 0.338
76 96 0.338
76 77 0.265
76 83 0.265
76 84 0.265
76 90 0.265
76 91 0.265
76 97 0.265
76 98 0.265
77 83 0.265
77 90 0.265
77 97 0.265
77 99 1.819
78 79 17.5
78 85 17.5
78 86 17.5
78 92 17.5
78 93 17.5
79 85 17.5
79 92 17.5
79 80 38.783
79 86 38.783
79 87 38.783
79 93 38.783
79 94 38.783
80 86 38.783
80 93 38.783
80 81 24.468
80 87 24.468
80 88 24.468
80 94 24.468
80 95 24.468
81 87 24.468
81 94 24.468
81 82 13.881
81 88 13.881
81 89 13.881
81 95 13.881
81 96 13.881
82 88 13.881
82 95 13.881
82 83 0.338
82 89 0.338
82 90 0.338
82 96 0.338
82 97 0.338
83 89 0.338
83 96 0.338
83 84 0.265
83 90 0.265
83 91 0.265
83 97 0.265
83 98 0.265
84 90 0.265
84 97 0.265
84 99 1.819
85 86 17.5
85 92 17.5
85 93 17.5
86 92 17.5
86 87 38.783
86 93 38.783
86 94 38.783
87 93 38.783
87 88 24.468
87 94 24.468
87 95 24.468
88 94 24.468
88 89 13.881
88 95 13.881
88 96 13.881
89 95 13.881
89 90 0.338
89 96 0.338
89 97 0.338
90 96 0.338
90 91 0.265
90 97 0.265
90 98 0.265
91 97 0.265
91 99 1.819
92 93 17.5
93 94 38.783
94 95 24.468
95 96 13.881
96 97 0.338
97 98 0.265
98 99 1.819