70
0 1 39.068
1 2 68.729
2 3 27.496
3 4 3.797
4 5 69.049
5 6 98.442
6 7 62.364
7 8 51.162
8 9 7.154
9 10 42.586
10 11 25.074
11 12 37.263
12 13 4.107
13 14 72.829
14 15 76.231
15 16 78.026
16 17 19.23
17 18 19.815
18 19 22.286
19 20 26.262
20 21 50.08
21 22 78.117
22 23 71.257
23 24 59.218
24 25 69.542
25 26 11.48
26 27 28.592
27 28 45.613
28 29 22.709
29 30 96.627
30 31 17.134
31 32 82.954
32 33 41.475
33 34 43.958
34 35 99.24
35 36 16.913
36 37 39.055
37 38 98.088
38 39 17.366
39 40 51.455
40 41 9.643
41 42 67.165
42 43 88.933
43 44 10.302
44 45 57.197
45 46 25.446
46 47 92.011
47 48 29.212
48 49 34.735
49 50 89.576
50 51 6.299
51 52 50.343
52 53 18.749
53 54 42.451
54 55 78.011
55 56 46.825
56 57 19.198
57 58 96.469
58 59 33.689
59 60 3.386
60 61 36.169
61 62 67.354
62 63 60.521
63 64 98.667
64 65 18.608
65 66 25.578
66 67 93.573
67 68 49.531
68 69 91.585
0 7 17.75
1 8 90.38
2 9 8.373
3 10 42.305
4 11 99.089
5 12 55.564
6 13 89.076
7 14 25.579
8 15 38.4
9 16 46.64
10 17 48.888
11 18 84.645
12 19 53.665
13 20 19.856
14 21 22.047
15 22 25.177
16 23 8.567
17 24 32.79
18 25 60.586
19 26 63.95
20 27 91.931
21 28 38.595
22 29 92.21
23 30 62.972
24 31 26.192
25 32 37.086
26 33 82.695
27 34 64.0
28 35 67.601
29 36 47.453
30 37 16.659
31 38 31.128
32 39 26.958
33 40 87.139
34 41 93.024
35 42 10.659
36 43 74.183
37 44 12.452
38 45 2.87
39 46 61.712
40 47 87.059
41 48 74.661
42 49 39.744
43 50 19.961
44 51 87.948
45 52 24.801
46 53 47.837
47 54 54.567
48 55 13.225
49 56 35.027
50 57 86.721
51 58 5.772
52 59 3.591
53 60 2.275
54 61 76.653
55 62 32.71
56 63 16.313
57 64 8.041
58 65 28.631
59 66 30.84
60 67 39.769
61 68 66.418
62 69 37.67