100
0 1 5.894
0 3 43.402
0 4 80.39
0 6 15.703
0 8 77.947
0 11 58.196
0 12 38.545
0 13 33.975
0 17 23.506
0 28 46.858
0 29 41.244
0 30 60.255
0 31 10.692
0 32 78.494
0 33 88.621
0 40 60.671
0 41 49.556
0 43 59.599
0 44 6.663
0 45 76.807
0 50 69.366
0 51 38.84
0 54 47.363
0 55 57.925
0 58 53.54
0 59 70.27
0 61 19.416
0 64 16.636
0 65 96.049
0 67 68.015
0 68 58.254
0 69 67.12
0 71 11.278
0 79 56.325
0 80 50.956
0 83 88.84
0 87 26.96
0 88 41.149
0 89 34.684
0 90 85.315
0 91 90.604
0 92 30.167
0 93 98.626
0 94 49.406
0 95 65.846
0 98 32.006
1 4 73.655
1 5 60.967
1 6 81.303
1 9 71.063
1 10 64.557
1 11 26.265
1 12 68.704
1 13 96.55
1 14 84.313
1 15 63.193
1 16 0.133
1 18 94.149
1 19 62.561
1 21 84.067
1 22 95.617
1 23 78.063
1 24 38.42
1 28 24.135
1 31 79.538
1 33 80.192
1 35 59.612
1 40 9.682
1 42 2.676
1 44 89.71
1 47 47.564
1 48 92.301
1 49 46.389
1 50 29.446
1 53 44.724
1 55 49.7
1 61 66.658
1 62 93.352
1 68 7.586
1 70 76.165
1 72 66.669
1 73 55.813
1 77 24.071
1 78 25.808
1 79 78.88
1 80 55.208
1 82 58.63
1 83 58.603
1 85 1.14
1 89 92.18
1 92 69.791
1 94 71.333
1 95 22.457
1 96 28.096
1 97 90.146
1 99 98.868
2 4 98.907
2 7 39.517
2 9 74.241
2 10 44.796
2 11 10.703
2 13 1.237
2 16 95.381
2 19 43.479
2 20 41.82
2 21 2.846
2 23 97.451
2 24 41.929
2 25 94.2
2 26 60.512
2 29 56.212
2 32 82.143
2 33 73.378
2 36 20.874
2 37 82.986
2 39 53.645
2 41 16.901
2 42 86.815
2 44 50.982
2 48 23.898
2 49 87.782
2 51 88.537
2 52 32.726
2 55 58.99
2 56 0.323
2 58 32.218
2 59 13.289
2 60 20.283
2 61 64.55
2 62 65.488
2 65 59.856
2 67 65.323
2 72 32.511
2 73 57.26
2 74 18.29
2 75 64.221
2 76 98.477
2 77 42.777
2 79 34.123
2 80 90.358
2 81 42.79
2 82 25.608
2 83 32.807
2 84 38.559
2 88 28.882
2 89 91.858
2 90 32.39
2 98 17.23
2 99 39.406
3 4 29.23
3 7 9.702
3 9 47.446
3 10 61.575
3 11 32.173
3 14 22.231
3 15 20.599
3 16 61.297
3 19 56.838
3 21 0.652
3 23 63.107
3 26 63.887
3 28 30.273
3 31 31.505
3 33 31.972
3 34 79.243
3 35 39.681
3 37 71.623
3 38 59.18
3 40 98.475
3 46 71.006
3 50 86.143
3 53 33.561
3 54 48.263
3 55 64.346
3 57 34.041
3 65 57.179
3 71 28.239
3 73 41.547
3 74 97.72
3 75 60.301
3 77 94.56
3 81 47.386
3 90 88.665
3 92 97.227
3 93 24.399
3 94 46.011
3 95 49.391
3 97 8.896
3 98 28.823
4 5 39.096
4 6 4.131
4 7 66.202
4 10 91.59
4 11 40.569
4 13 75.795
4 14 45.211
4 15 8.224
4 18 50.868
4 20 77.317
4 21 19.686
4 22 95.081
4 23 85.559
4 24 54.406
4 27 48.637
4 28 42.807
4 30 40.778
4 31 74.642
4 33 88.567
4 34 62.339
4 38 34.017
4 39 89.036
4 42 84.232
4 44 89.22
4 49 23.037
4 50 72.802
4 54 31.874
4 58 17.763
4 60 73.463
4 63 92.353
4 64 68.011
4 65 1.826
4 67 30.363
4 75 79.927
4 79 68.836
4 80 67.145
4 81 91.579
4 83 67.731
4 84 92.168
4 85 85.843
4 86 12.213
4 88 5.704
4 90 23.856
4 91 22.45
4 94 28.089
4 95 53.798
4 97 83.152
5 6 83.209
5 8 73.476
5 9 45.547
5 10 13.494
5 15 91.367
5 16 8.808
5 19 32.666
5 25 89.289
5 28 6.132
5 29 53.831
5 30 55.216
5 31 90.993
5 35 16.582
5 38 63.039
5 40 97.769
5 41 36.082
5 42 38.032
5 44 20.654
5 45 30.69
5 47 96.985
5 48 45.248
5 51 97.556
5 52 16.618
5 53 12.784
5 55 92.389
5 56 68.531
5 62 64.031
5 63 98.143
5 65 73.736
5 68 77.749
5 70 50.339
5 71 63.264
5 72 61.245
5 73 3.212
5 74 84.16
5 77 41.491
5 80 88.914
5 82 58.961
5 84 18.607
5 86 90.479
5 90 9.863
5 91 92.037
5 92 49.365
5 93 83.325
5 95 86.242
5 96 30.048
5 97 74.251
5 98 71.302
5 99 97.88
6 7 26.15
6 10 28.629
6 13 95.94
6 14 64.674
6 17 42.703
6 18 96.881
6 21 95.288
6 23 43.464
6 26 46.175
6 27 48.318
6 28 31.27
6 31 92.21
6 32 47.012
6 33 11.554
6 34 0.711
6 36 24.228
6 39 47.323
6 40 57.987
6 41 44.941
6 43 72.288
6 46 30.494
6 48 94.25
6 49 94.014
6 52 78.287
6 55 42.245
6 56 62.172
6 57 0.413
6 61 7.221
6 62 81.896
6 64 85.511
6 65 72.939
6 66 26.001
6 67 71.06
6 68 20.146
6 69 24.467
6 70 94.137
6 74 43.143
6 75 68.82
6 81 96.815
6 82 78.618
6 83 41.806
6 84 15.131
6 85 76.108
6 86 1.15
6 89 18.247
6 90 18.289
6 91 55.227
6 92 60.849
6 93 55.732
6 94 36.629
6 97 35.945
6 99 7.457
7 10 97.356
7 11 97.927
7 20 18.88
7 22 86.091
7 23 74.652
7 24 50.466
7 25 92.341
7 26 90.717
7 27 75.813
7 32 34.503
7 33 61.228
7 34 65.894
7 35 81.903
7 36 67.256
7 40 65.525
7 43 15.081
7 44 94.658
7 47 78.262
7 48 53.513
7 52 33.186
7 55 66.227
7 56 95.457
7 59 77.319
7 63 32.967
7 64 80.135
7 65 4.143
7 66 23.941
7 75 19.795
7 82 93.089
7 83 78.051
7 85 47.621
7 87 12.574
7 88 89.707
7 89 69.447
7 90 73.855
7 91 3.149
7 92 91.83
7 93 45.122
7 95 26.667
7 97 56.862
8 10 98.235
8 15 23.443
8 16 55.94
8 17 97.755
8 21 58.904
8 22 34.802
8 23 34.891
8 24 83.799
8 25 84.11
8 30 72.824
8 32 50.444
8 34 85.109
8 35 40.807
8 36 8.031
8 37 64.561
8 40 81.161
8 41 16.137
8 44 6.912
8 45 89.981
8 46 7.803
8 47 73.157
8 48 49.851
8 53 94.99
8 56 77.765
8 58 39.127
8 62 48.634
8 63 4.289
8 67 44.9
8 70 13.678
8 71 50.238
8 73 66.11
8 74 24.203
8 76 84.785
8 77 88.933
8 79 49.801
8 84 99.468
8 85 29.435
8 87 26.928
8 88 68.752
8 91 91.839
8 93 53.422
8 94 83.595
8 96 67.252
9 10 69.985
9 11 43.692
9 12 32.066
9 15 16.364
9 17 31.694
9 18 57.437
9 20 29.477
9 24 81.431
9 28 29.107
9 29 89.413
9 31 85.253
9 34 6.741
9 37 43.945
9 38 8.83
9 39 40.909
9 40 99.738
9 49 61.418
9 52 91.118
9 58 40.311
9 62 86.952
9 65 21.699
9 66 11.68
9 67 18.736
9 68 79.014
9 70 96.041
9 71 60.899
9 72 18.129
9 74 67.53
9 75 71.427
9 77 65.803
9 78 62.872
9 79 97.48
9 80 97.024
9 84 84.434
9 86 41.254
9 87 67.187
9 88 63.617
9 89 82.243
9 91 11.325
9 93 21.886
9 94 62.566
9 96 92.647
9 97 11.367
9 98 34.761
9 99 33.679
10 13 10.216
10 14 94.244
10 15 72.092
10 16 72.193
10 17 94.374
10 18 15.216
10 19 4.444
10 21 8.72
10 23 23.002
10 24 16.427
10 25 85.92
10 27 49.027
10 29 55.523
10 30 72.829
10 35 46.361
10 36 82.014
10 39 92.505
10 40 73.719
10 41 84.46
10 43 33.376
10 44 36.096
10 47 87.169
10 48 67.167
10 49 10.529
10 50 54.525
10 51 76.112
10 53 72.337
10 54 93.992
10 55 14.359
10 56 30.381
10 57 98.091
10 58 49.041
10 59 28.389
10 60 13.529
10 61 17.909
10 63 26.811
10 64 44.721
10 65 38.166
10 68 90.39
10 69 54.688
10 70 92.44
10 71 58.274
10 80 48.168
10 81 60.77
10 85 89.3
10 86 80.32
10 87 8.618
10 90 99.882
10 91 22.431
10 93 13.252
10 95 32.166
10 97 0.135
10 99 69.962
11 13 96.837
11 16 13.578
11 19 90.891
11 20 7.547
11 21 66.551
11 22 23.321
11 23 93.885
11 25 20.31
11 32 78.496
11 33 74.471
11 35 44.184
11 39 94.108
11 42 95.614
11 43 25.49
11 50 70.33
11 53 61.852
11 54 58.889
11 56 77.888
11 63 5.671
11 64 95.288
11 66 2.38
11 68 93.396
11 72 75.993
11 73 13.001
11 75 83.826
11 76 66.284
11 79 12.601
11 80 89.949
11 83 80.428
11 85 58.78
11 86 7.481
11 87 41.895
11 89 14.955
11 90 35.793
11 91 17.441
11 92 51.584
11 93 8.947
11 95 83.362
12 15 96.267
12 16 21.006
12 17 17.686
12 18 58.325
12 20 96.925
12 21 34.105
12 23 89.761
12 24 90.185
12 26 64.114
12 31 54.479
12 33 73.055
12 35 28.805
12 36 70.017
12 37 20.493
12 38 27.158
12 39 5.118
12 40 44.107
12 41 71.381
12 43 39.765
12 47 25.148
12 48 21.942
12 49 58.781
12 51 70.015
12 56 67.111
12 58 72.723
12 59 22.648
12 60 17.892
12 61 77.86
12 63 32.014
12 64 77.499
12 66 13.528
12 68 0.514
12 69 40.969
12 70 39.5
12 74 24.6
12 76 59.504
12 77 49.425
12 78 87.419
12 80 99.885
12 81 38.14
12 82 11.375
12 85 26.737
12 86 82.98
12 87 23.689
12 88 11.458
12 90 90.296
12 91 72.489
12 93 72.953
12 94 25.16
12 95 42.988
12 96 46.092
12 98 3.165
12 99 82.286
13 14 30.063
13 16 4.638
13 20 97.787
13 21 60.565
13 22 27.939
13 23 24.647
13 24 88.61
13 25 83.354
13 28 2.153
13 30 81.441
13 34 16.275
13 35 12.387
13 39 85.895
13 43 80.871
13 44 13.702
13 48 15.223
13 49 18.695
13 51 52.629
13 52 70.359
13 53 52.08
13 55 50.73
13 58 3.593
13 63 91.783
13 64 13.711
13 66 57.946
13 67 10.799
13 72 49.246
13 73 30.935
13 74 60.311
13 79 22.604
13 80 42.237
13 86 38.997
13 87 46.667
13 91 50.128
13 95 22.382
13 97 76.192
13 98 14.895
14 15 81.318
14 16 54.473
14 19 55.754
14 21 13.16
14 22 69.716
14 23 57.789
14 25 27.786
14 26 67.732
14 28 82.041
14 29 6.372
14 30 34.422
14 32 78.01
14 35 92.265
14 36 14.511
14 39 58.214
14 42 99.136
14 43 85.167
14 45 22.12
14 47 44.3
14 48 24.575
14 52 97.683
14 56 12.294
14 57 98.773
14 58 24.297
14 60 43.618
14 63 26.949
14 65 92.506
14 66 21.39
14 68 63.013
14 74 8.453
14 78 63.761
14 80 75.743
14 81 31.487
14 82 70.624
14 84 52.524
14 85 73.46
14 91 20.763
14 97 29.395
14 98 84.15
15 22 61.82
15 23 48.311
15 24 11.419
15 26 72.186
15 28 17.028
15 30 8.461
15 31 88.014
15 32 66.873
15 36 96.969
15 41 55.016
15 45 47.853
15 46 85.14
15 49 96.144
15 50 73.955
15 54 80.777
15 56 18.887
15 59 98.121
15 62 35.398
15 66 95.91
15 67 75.388
15 68 15.259
15 69 41.02
15 72 66.964
15 73 43.035
15 74 16.712
15 75 39.608
15 77 28.32
15 78 61.896
15 81 16.152
15 85 79.024
15 87 21.748
15 94 38.864
15 96 73.965
15 97 24.408
15 99 37.725
16 20 44.305
16 21 18.163
16 22 50.626
16 23 71.673
16 25 16.902
16 26 51.137
16 27 27.933
16 28 83.618
16 29 78.477
16 30 98.739
16 31 82.117
16 36 36.529
16 38 1.535
16 39 50.025
16 40 12.806
16 42 94.36
16 44 91.284
16 46 79.749
16 47 4.168
16 48 55.072
16 49 41.863
16 51 91.784
16 55 6.573
16 58 19.156
16 60 16.517
16 61 93.787
16 65 63.2
16 71 99.338
16 73 79.065
16 76 95.052
16 78 51.784
16 79 75.996
16 80 94.259
16 81 79.265
16 82 56.386
16 87 80.267
16 91 95.481
16 92 38.134
16 93 85.346
16 94 78.413
17 18 80.491
17 19 60.082
17 23 7.551
17 24 18.697
17 25 85.423
17 26 1.554
17 29 11.859
17 32 88.839
17 36 54.323
17 39 81.343
17 42 84.691
17 45 60.065
17 47 82.342
17 48 11.913
17 50 49.566
17 51 48.099
17 55 38.502
17 57 33.779
17 58 88.71
17 62 22.022
17 63 52.268
17 67 97.086
17 68 69.253
17 72 72.437
17 73 23.576
17 75 11.731
17 76 96.098
17 79 4.523
17 83 70.772
17 84 55.74
17 85 67.614
17 87 98.825
17 91 59.768
17 93 10.156
17 94 34.915
17 95 47.786
17 96 66.479
17 98 91.451
18 20 64.874
18 23 82.087
18 25 86.931
18 27 53.5
18 31 87.445
18 32 81.833
18 33 82.285
18 36 81.535
18 43 77.207
18 52 2.745
18 54 49.662
18 55 6.436
18 56 60.729
18 57 14.161
18 58 9.4
18 60 2.726
18 62 1.664
18 65 66.725
18 66 81.679
18 67 85.903
18 69 96.002
18 70 85.977
18 73 82.133
18 74 5.681
18 77 52.244
18 78 98.437
18 80 53.678
18 81 60.479
18 82 37.066
18 83 34.445
18 84 82.364
18 85 15.037
18 86 24.88
18 87 81.021
18 88 50.623
18 89 79.754
18 90 37.615
18 92 24.746
18 95 66.082
18 96 77.339
18 97 56.541
19 20 2.568
19 21 13.981
19 22 67.354
19 24 73.986
19 30 28.078
19 32 5.681
19 34 60.081
19 37 82.251
19 38 25.554
19 39 14.648
19 41 29.149
19 45 22.637
19 46 34.368
19 47 71.509
19 48 26.648
19 49 70.342
19 50 39.737
19 51 69.421
19 53 44.612
19 55 44.192
19 58 68.262
19 62 82.355
19 65 40.103
19 69 16.868
19 70 56.16
19 71 33.97
19 72 20.239
19 73 64.661
19 77 31.451
19 81 98.688
19 82 42.178
19 83 2.296
19 84 24.816
19 88 13.464
19 90 35.513
19 91 8.295
19 93 22.902
19 96 78.525
19 97 79.885
19 98 40.56
20 22 62.06
20 24 84.854
20 27 39.682
20 35 22.593
20 36 22.785
20 39 18.6
20 40 54.752
20 45 36.5
20 46 89.445
20 50 71.931
20 51 4.082
20 56 27.24
20 57 97.268
20 60 34.617
20 61 72.838
20 63 47.451
20 64 85.488
20 65 6.131
20 66 63.181
20 67 79.029
20 68 7.688
20 72 5.342
20 73 91.677
20 74 44.459
20 75 85.752
20 76 74.246
20 82 60.398
20 83 40.205
20 84 13.913
20 86 70.939
20 87 92.823
20 90 38.901
20 91 87.274
20 94 82.833
20 95 16.905
20 97 90.864
20 99 67.238
21 22 65.725
21 26 89.637
21 27 90.966
21 30 62.869
21 31 99.33
21 35 85.852
21 36 10.664
21 38 87.207
21 39 69.169
21 40 28.946
21 42 32.845
21 47 9.372
21 51 76.311
21 52 75.05
21 53 73.608
21 54 20.259
21 55 22.438
21 56 66.549
21 58 21.874
21 66 94.035
21 67 16.116
21 73 89.028
21 76 97.101
21 78 3.523
21 82 7.92
21 84 67.015
21 85 93.627
21 86 62.852
21 88 32.205
21 92 47.382
21 93 93.569
21 94 47.154
21 95 75.22
22 23 65.208
22 26 16.732
22 27 48.676
22 31 32.292
22 33 10.871
22 36 15.205
22 37 35.453
22 39 90.429
22 44 45.276
22 45 0.498
22 46 19.84
22 49 39.241
22 50 35.709
22 51 39.073
22 52 99.03
22 53 35.419
22 54 3.768
22 55 5.438
22 56 21.507
22 57 64.893
22 64 2.73
22 65 85.12
22 66 10.396
22 67 39.451
22 68 16.695
22 69 44.397
22 73 60.759
22 74 40.768
22 76 26.889
22 78 75.007
22 81 85.998
22 82 38.393
22 83 97.432
22 84 6.046
22 85 5.74
22 86 93.537
22 87 70.219
22 88 93.826
22 93 8.281
22 97 42.517
23 25 26.545
23 27 76.747
23 28 3.039
23 32 18.512
23 33 70.58
23 35 31.146
23 37 64.728
23 38 89.304
23 39 11.075
23 40 65.032
23 43 17.937
23 45 37.222
23 49 19.51
23 50 43.304
23 51 83.817
23 53 4.127
23 54 58.685
23 55 90.362
23 56 57.741
23 58 24.622
23 60 47.371
23 61 35.917
23 63 62.869
23 67 52.039
23 68 16.332
23 69 43.395
23 70 33.286
23 72 35.968
23 73 84.456
23 79 10.382
23 80 75.709
23 81 85.258
23 84 32.513
23 85 23.347
23 86 72.818
23 91 67.707
23 93 33.216
23 95 81.238
24 29 88.731
24 31 80.128
24 32 4.729
24 33 24.664
24 36 18.548
24 37 96.87
24 38 75.223
24 39 16.047
24 40 70.908
24 41 32.717
24 43 86.125
24 44 61.291
24 48 56.829
24 49 0.913
24 50 11.335
24 51 35.308
24 56 81.91
24 58 66.131
24 61 28.448
24 62 4.135
24 65 77.834
24 66 56.289
24 70 5.168
24 71 23.433
24 72 87.668
24 73 44.933
24 79 40.358
24 80 46.444
24 84 17.127
24 86 54.825
24 88 92.015
24 90 53.956
24 91 65.393
24 92 73.89
24 93 64.915
24 94 40.014
24 97 10.026
24 99 88.158
25 26 64.511
25 27 45.845
25 29 35.276
25 31 21.277
25 32 3.453
25 33 1.447
25 34 11.263
25 35 1.454
25 36 42.0
25 38 88.832
25 40 53.638
25 44 10.884
25 45 19.462
25 47 47.767
25 51 29.632
25 58 77.816
25 59 90.831
25 61 48.364
25 62 81.438
25 63 26.293
25 66 93.442
25 67 24.203
25 69 66.432
25 71 74.755
25 73 71.906
25 74 98.42
25 75 34.654
25 79 26.052
25 83 32.324
25 84 36.257
25 85 17.996
25 88 97.888
25 91 7.841
25 92 92.556
25 97 28.705
25 99 16.018
26 27 50.287
26 28 8.175
26 30 13.252
26 31 39.232
26 33 73.152
26 34 38.937
26 37 20.303
26 38 41.608
26 41 94.93
26 42 41.135
26 43 85.709
26 45 27.307
26 48 71.605
26 50 39.511
26 52 30.736
26 54 34.156
26 55 33.382
26 56 12.816
26 59 75.742
26 62 41.311
26 63 73.294
26 64 63.889
26 66 62.357
26 67 28.47
26 69 87.455
26 71 90.204
26 72 44.217
26 74 24.609
26 76 33.299
26 79 45.996
26 80 39.876
26 81 7.092
26 83 59.287
26 84 95.472
26 89 6.925
26 91 57.356
26 92 69.43
26 94 95.776
26 97 43.335
27 28 45.711
27 29 77.558
27 31 14.171
27 34 76.645
27 39 63.272
27 40 21.862
27 41 77.61
27 42 97.294
27 43 82.146
27 45 57.953
27 48 20.509
27 50 14.76
27 52 6.146
27 53 86.087
27 54 47.543
27 59 93.645
27 62 46.653
27 63 12.348
27 65 77.868
27 66 34.609
27 67 56.609
27 69 89.944
27 70 57.945
27 72 43.744
27 74 45.621
27 76 21.649
27 80 9.265
27 83 20.643
27 84 67.04
27 88 95.154
27 89 54.144
27 90 59.158
27 91 7.51
27 95 87.971
27 98 5.29
27 99 77.691
28 29 61.93
28 33 63.253
28 36 65.11
28 38 30.259
28 39 86.587
28 41 68.708
28 43 66.879
28 44 39.106
28 45 87.438
28 47 29.603
28 51 90.443
28 52 86.471
28 54 80.977
28 56 76.381
28 58 71.385
28 60 17.406
28 61 40.88
28 62 17.526
28 66 54.044
28 68 74.267
28 70 70.19
28 71 80.22
28 73 98.899
28 75 29.914
28 76 37.308
28 78 20.85
28 79 50.13
28 80 30.717
28 81 1.377
28 86 75.669
28 89 95.813
28 90 71.127
28 92 69.581
28 93 22.514
28 94 1.775
28 95 91.313
28 96 70.576
28 97 80.329
29 33 40.857
29 34 70.629
29 36 97.577
29 39 79.957
29 41 7.83
29 43 51.319
29 45 46.511
29 46 67.456
29 48 40.715
29 49 43.839
29 51 72.024
29 53 96.771
29 59 74.196
29 60 92.331
29 61 93.335
29 63 64.451
29 66 38.821
29 67 73.914
29 72 40.069
29 75 9.413
29 77 22.853
29 79 92.66
29 80 32.451
29 81 93.93
29 82 52.074
29 83 67.321
29 85 33.264
29 86 58.126
29 88 51.5
29 91 82.443
29 92 56.11
29 93 78.417
29 95 88.944
29 97 89.892
30 33 65.295
30 35 49.137
30 37 45.518
30 38 9.354
30 42 56.906
30 43 88.714
30 45 63.312
30 46 81.028
30 50 54.821
30 52 40.646
30 53 64.254
30 56 23.099
30 57 3.468
30 58 96.02
30 63 88.284
30 66 67.317
30 67 73.335
30 69 18.205
30 70 64.846
30 71 78.382
30 73 49.471
30 74 62.264
30 75 46.538
30 76 6.567
30 78 46.289
30 79 17.212
30 81 54.946
30 83 74.148
30 84 32.595
30 86 70.571
30 90 18.908
30 93 41.658
31 35 87.076
31 37 35.649
31 38 62.062
31 39 32.834
31 40 30.534
31 41 40.449
31 44 87.729
31 46 6.586
31 47 6.85
31 48 98.168
31 49 28.438
31 50 1.658
31 51 98.618
31 52 36.543
31 55 83.355
31 56 42.883
31 58 11.714
31 60 2.788
31 61 69.921
31 64 47.596
31 65 49.448
31 66 88.487
31 67 36.653
31 70 64.308
31 72 24.663
31 73 9.414
31 74 58.262
31 75 95.109
31 79 71.31
31 80 39.591
31 81 48.037
31 82 95.961
31 83 19.599
31 86 28.264
31 87 51.514
31 88 18.965
31 90 99.815
31 91 25.747
31 92 79.761
31 93 77.898
31 95 79.044
31 98 43.343
31 99 91.523
32 35 33.799
32 36 91.593
32 38 7.263
32 39 38.033
32 40 55.924
32 43 86.68
32 48 51.82
32 51 58.34
32 52 24.957
32 53 74.162
32 59 56.503
32 60 7.831
32 61 13.865
32 63 63.935
32 64 67.223
32 65 74.99
32 67 28.76
32 68 61.174
32 70 66.694
32 72 82.392
32 73 18.925
32 77 22.987
32 78 26.458
32 79 45.75
32 83 24.05
32 84 13.539
32 91 94.362
32 92 9.832
32 94 77.272
32 97 53.293
33 35 81.892
33 36 93.603
33 39 37.375
33 42 64.191
33 43 31.679
33 44 45.216
33 45 59.955
33 46 46.78
33 48 64.189
33 50 3.095
33 52 4.964
33 55 84.275
33 57 18.315
33 60 6.933
33 61 37.833
33 62 37.773
33 65 64.248
33 67 36.489
33 81 81.69
33 83 61.694
33 85 9.624
33 86 58.207
33 87 93.654
33 92 93.966
33 93 82.005
33 95 36.867
33 97 93.023
34 35 44.43
34 41 71.215
34 43 68.712
34 44 36.298
34 47 58.954
34 49 12.201
34 51 61.4
34 52 99.091
34 53 64.257
34 55 38.767
34 58 73.88
34 59 44.888
34 61 82.029
34 62 62.79
34 64 33.431
34 65 46.256
34 68 95.217
34 69 86.145
34 71 56.828
34 74 31.2
34 75 20.591
34 77 17.365
34 78 87.896
34 80 61.585
34 83 26.236
34 84 42.892
34 90 36.713
34 98 23.316
34 99 36.283
35 36 53.298
35 37 98.568
35 39 80.559
35 40 43.145
35 41 66.854
35 42 18.706
35 43 54.169
35 44 35.749
35 45 63.101
35 46 34.081
35 49 16.586
35 50 95.658
35 51 40.992
35 54 12.031
35 56 39.381
35 57 58.264
35 58 85.763
35 59 73.515
35 60 41.317
35 61 93.332
35 64 30.558
35 65 45.46
35 66 46.188
35 67 47.857
35 68 42.544
35 69 56.35
35 73 28.276
35 75 72.105
35 77 77.791
35 78 74.369
35 82 22.262
35 83 45.652
35 88 73.372
35 89 48.665
35 91 83.51
35 94 83.204
35 95 70.793
35 99 52.192
36 37 63.318
36 43 4.0
36 44 13.236
36 45 33.576
36 46 60.604
36 50 50.21
36 53 50.074
36 54 35.905
36 55 0.137
36 56 92.507
36 58 19.545
36 59 51.988
36 61 71.728
36 62 65.568
36 63 13.26
36 65 7.289
36 71 29.479
36 78 71.845
36 81 28.827
36 82 15.328
36 85 57.634
36 89 64.27
36 90 74.288
36 92 57.113
36 95 18.126
36 98 45.254
37 38 14.504
37 39 73.744
37 41 94.503
37 42 43.488
37 46 32.336
37 47 17.335
37 48 52.405
37 50 19.62
37 51 68.102
37 52 2.573
37 53 87.031
37 55 63.028
37 56 96.053
37 57 93.453
37 60 8.701
37 61 20.998
37 63 35.605
37 65 71.193
37 66 26.797
37 67 20.464
37 68 5.081
37 71 45.136
37 73 65.276
37 75 80.192
37 76 27.528
37 77 63.367
37 79 42.705
37 83 79.736
37 84 71.271
37 86 88.178
37 87 81.014
37 89 39.565
37 92 57.136
37 93 21.869
37 94 92.008
37 95 22.175
37 97 12.133
37 98 49.653
38 42 91.869
38 43 90.481
38 45 86.489
38 46 68.472
38 48 61.765
38 50 42.131
38 53 77.812
38 54 34.658
38 56 53.631
38 57 7.548
38 61 17.488
38 64 40.778
38 65 75.657
38 66 1.169
38 70 61.723
38 71 29.82
38 72 85.434
38 75 33.749
38 77 51.372
38 79 41.072
38 82 92.43
38 83 98.648
38 84 8.79
38 85 2.223
38 88 50.929
38 92 57.009
38 94 7.452
38 96 14.025
38 97 57.248
38 98 84.957
38 99 58.909
39 40 63.97
39 41 85.464
39 44 70.052
39 45 68.973
39 46 55.751
39 47 7.136
39 48 26.059
39 49 23.555
39 50 49.232
39 53 8.357
39 54 80.225
39 58 99.765
39 60 82.103
39 61 93.477
39 62 12.198
39 67 82.454
39 69 19.177
39 72 87.253
39 73 92.172
39 74 47.736
39 75 57.751
39 80 72.626
39 81 19.453
39 82 56.076
39 83 55.798
39 84 10.016
39 85 52.142
39 86 30.894
39 87 14.132
39 90 14.677
39 92 80.632
39 93 29.33
39 94 17.64
39 95 16.622
39 99 92.194
40 41 12.307
40 43 53.238
40 44 33.472
40 45 89.595
40 46 80.588
40 47 72.476
40 50 40.004
40 53 78.993
40 54 20.192
40 59 65.01
40 61 65.893
40 62 12.277
40 63 53.585
40 65 14.267
40 66 99.433
40 69 95.96
40 70 20.426
40 72 36.742
40 73 65.2
40 75 21.577
40 76 26.646
40 78 55.972
40 81 60.819
40 82 88.397
40 83 90.51
40 84 12.583
40 85 4.789
40 87 83.432
40 88 34.349
40 90 33.096
40 91 77.93
40 93 2.715
40 95 60.052
40 97 27.406
41 45 23.727
41 47 16.63
41 49 86.184
41 50 64.505
41 51 57.801
41 52 26.067
41 54 77.364
41 58 45.123
41 63 73.707
41 64 85.618
41 66 20.476
41 68 86.511
41 71 94.773
41 73 26.599
41 74 92.793
41 76 27.338
41 78 9.627
41 81 66.294
41 87 26.279
41 88 46.305
41 89 19.132
41 92 72.605
41 94 37.141
41 96 26.476
41 97 19.99
41 98 54.159
42 44 45.514
42 45 12.491
42 48 75.284
42 49 4.669
42 50 1.77
42 52 54.383
42 58 55.498
42 62 47.08
42 63 33.529
42 64 34.972
42 65 5.887
42 67 64.655
42 68 13.995
42 69 97.768
42 74 91.08
42 77 29.027
42 78 72.041
42 80 51.195
42 81 77.436
42 82 11.066
42 85 85.22
42 87 69.612
42 88 73.978
42 91 84.015
42 95 87.823
42 96 78.047
42 97 15.462
42 98 2.93
42 99 14.232
43 46 25.945
43 47 58.297
43 49 21.856
43 52 93.059
43 54 81.479
43 57 24.167
43 59 95.849
43 61 67.494
43 64 87.694
43 66 75.691
43 70 74.705
43 73 24.51
43 75 77.476
43 77 61.63
43 78 30.543
43 79 44.411
43 82 61.137
43 84 81.648
43 86 4.694
43 87 57.282
43 89 27.42
43 92 62.996
43 94 42.66
43 95 8.258
43 97 38.168
43 99 56.348
44 45 80.406
44 48 55.995
44 50 84.561
44 53 33.815
44 55 30.552
44 56 90.36
44 65 17.339
44 66 40.388
44 67 8.729
44 70 77.406
44 73 45.586
44 77 42.167
44 80 98.525
44 82 13.983
44 83 63.454
44 88 72.029
44 89 21.367
44 90 42.187
44 91 6.866
44 93 2.76
44 95 81.266
44 96 4.406
45 46 86.749
45 48 61.99
45 53 5.209
45 56 12.845
45 57 32.812
45 59 46.596
45 60 26.259
45 61 43.899
45 64 6.355
45 68 60.592
45 70 93.277
45 72 43.412
45 74 2.741
45 75 78.405
45 78 25.502
45 79 55.282
45 83 66.03
45 86 97.059
45 87 89.905
45 90 83.013
45 93 27.661
45 94 58.229
45 98 99.385
46 47 71.825
46 49 50.563
46 52 50.679
46 55 49.837
46 57 33.978
46 58 42.123
46 59 56.204
46 60 22.41
46 61 71.059
46 63 64.331
46 64 70.311
46 65 37.104
46 67 42.454
46 70 86.574
46 72 52.196
46 77 54.807
46 78 33.379
46 79 87.279
46 80 61.86
46 82 54.287
46 86 95.366
46 88 87.873
46 89 87.039
46 91 48.951
46 94 47.982
46 97 52.662
46 98 19.85
47 48 12.861
47 52 6.129
47 53 58.271
47 54 6.342
47 57 16.803
47 63 60.695
47 64 22.587
47 65 62.538
47 67 28.798
47 68 24.74
47 71 62.152
47 72 26.363
47 73 49.147
47 74 30.019
47 78 29.352
47 83 79.857
47 84 18.343
47 89 87.957
47 91 13.436
47 93 10.255
47 97 19.217
48 50 4.462
48 52 46.362
48 54 97.752
48 58 49.952
48 60 58.25
48 64 89.588
48 65 69.38
48 67 21.531
48 68 93.12
48 72 98.049
48 73 55.222
48 74 29.746
48 77 50.668
48 78 1.912
48 80 58.833
48 83 34.064
48 87 44.815
48 88 13.092
48 89 96.656
48 90 1.818
48 93 75.638
48 96 14.639
49 50 52.452
49 51 73.181
49 52 5.589
49 53 63.135
49 55 37.412
49 56 44.798
49 59 36.18
49 63 10.85
49 66 11.127
49 70 49.292
49 74 58.799
49 75 68.161
49 76 74.417
49 78 55.15
49 80 55.865
49 81 61.711
49 82 8.132
49 83 41.462
49 85 37.585
49 86 1.652
49 87 84.671
49 88 71.856
49 90 74.562
49 91 87.88
49 94 36.653
49 98 13.014
49 99 37.07
50 51 2.047
50 52 88.985
50 54 43.341
50 59 47.424
50 62 62.503
50 63 2.313
50 64 34.884
50 65 25.423
50 66 50.937
50 67 67.771
50 69 22.645
50 72 10.609
50 73 13.961
50 77 47.923
50 79 88.284
50 83 38.658
50 87 7.418
50 89 87.544
50 91 68.31
50 92 17.056
50 94 18.252
50 96 0.691
50 97 8.94
50 99 77.954
51 52 41.561
51 53 9.134
51 54 61.542
51 55 59.73
51 58 11.85
51 59 85.477
51 67 87.557
51 70 89.568
51 71 67.022
51 73 57.461
51 74 86.149
51 77 89.419
51 78 6.655
51 79 63.751
51 80 58.988
51 81 61.308
51 82 64.233
51 83 42.08
51 84 52.095
51 85 89.826
51 86 71.033
51 87 87.579
51 88 67.23
51 89 44.024
51 91 98.065
51 93 90.999
51 96 16.64
51 97 77.96
51 98 30.73
52 59 25.764
52 62 69.581
52 64 49.444
52 68 50.361
52 70 94.86
52 74 14.417
52 76 61.797
52 78 67.519
52 81 75.329
52 82 58.459
52 83 93.624
52 85 86.264
52 86 38.83
52 87 80.965
52 88 1.469
52 91 45.952
52 93 8.534
52 94 41.03
52 95 87.508
52 99 71.311
53 55 41.164
53 56 28.175
53 57 10.734
53 66 3.545
53 68 88.29
53 69 73.343
53 70 69.088
53 71 46.376
53 73 34.94
53 75 84.429
53 77 60.808
53 80 40.593
53 84 39.138
53 85 29.734
53 89 41.305
53 90 44.213
53 92 35.045
53 94 55.722
53 95 71.924
53 97 76.97
53 99 36.414
54 59 84.084
54 62 92.032
54 63 22.018
54 65 74.231
54 69 43.308
54 71 94.18
54 75 41.804
54 81 88.394
54 82 88.709
54 83 88.977
54 84 62.415
54 86 59.535
54 88 43.052
54 90 98.901
54 91 24.237
54 92 64.28
54 94 35.573
55 57 80.819
55 58 41.027
55 59 16.314
55 61 26.741
55 62 6.81
55 65 33.023
55 66 58.133
55 67 23.83
55 68 67.237
55 69 38.873
55 70 94.771
55 71 63.49
55 73 22.746
55 76 33.812
55 78 70.684
55 84 3.719
55 86 43.092
55 87 56.332
55 90 52.763
55 91 18.305
55 92 19.817
55 93 0.886
55 94 94.279
55 98 98.615
56 57 86.039
56 58 48.81
56 59 7.393
56 60 61.51
56 61 46.161
56 65 75.956
56 67 88.633
56 68 72.388
56 69 77.089
56 73 94.513
56 74 55.921
56 75 7.596
56 77 8.47
56 80 88.195
56 82 83.319
56 86 50.0
56 87 13.262
56 90 64.89
56 91 1.158
56 94 36.861
56 97 30.721
56 99 96.666
57 59 30.409
57 64 7.213
57 65 46.777
57 68 36.87
57 69 87.783
57 70 62.089
57 72 61.313
57 75 78.815
57 76 5.705
57 77 96.908
57 79 98.928
57 80 19.258
57 82 33.062
57 83 49.482
57 86 71.922
57 87 61.046
57 88 35.729
57 91 94.195
57 92 19.133
57 94 73.34
57 96 90.237
57 97 55.821
57 98 79.002
58 60 41.042
58 61 44.958
58 65 47.58
58 66 86.828
58 68 93.672
58 71 57.703
58 73 55.405
58 74 65.101
58 75 23.352
58 76 2.781
58 79 91.159
58 80 51.361
58 83 35.413
58 84 55.81
58 85 41.156
58 86 93.052
58 87 4.448
58 88 7.969
58 89 68.98
58 93 72.474
58 94 11.256
58 98 77.513
59 64 79.496
59 72 15.066
59 73 26.615
59 75 71.465
59 77 57.315
59 79 38.797
59 81 4.777
59 82 62.313
59 83 58.698
59 91 65.318
59 92 46.123
59 94 22.903
59 95 55.124
59 96 48.322
60 61 68.164
60 62 5.582
60 65 54.849
60 66 17.868
60 67 5.837
60 68 88.385
60 69 29.321
60 72 85.422
60 73 37.153
60 82 66.277
60 85 76.662
60 88 72.55
60 89 58.119
60 90 8.63
60 91 89.199
60 94 47.165
60 95 59.938
60 97 60.373
60 98 37.465
61 63 73.865
61 64 99.612
61 65 3.878
61 67 59.617
61 68 39.386
61 69 60.577
61 70 94.337
61 73 61.196
61 74 62.629
61 78 65.87
61 79 31.469
61 80 88.878
61 81 65.795
61 82 39.698
61 86 82.923
61 90 60.115
61 92 88.605
61 93 87.787
61 97 59.801
61 98 31.873
62 63 96.976
62 64 53.913
62 65 45.961
62 68 33.063
62 71 95.026
62 72 1.641
62 73 57.833
62 74 97.645
62 76 2.639
62 77 96.288
62 79 20.354
62 81 55.525
62 82 79.388
62 84 64.375
62 86 7.371
62 88 90.326
62 93 65.296
62 95 40.404
62 96 50.084
62 97 70.515
62 98 50.645
62 99 64.958
63 64 43.409
63 66 14.411
63 68 26.267
63 69 65.95
63 72 46.416
63 76 66.561
63 77 41.279
63 80 74.407
63 82 60.251
63 83 59.621
63 85 7.939
63 86 91.757
63 87 47.685
63 88 76.238
63 89 69.606
63 90 58.757
63 91 82.798
63 93 29.709
63 94 39.189
63 95 97.615
63 99 88.636
64 65 32.162
64 66 18.538
64 67 57.6
64 68 89.777
64 70 93.335
64 73 19.678
64 75 41.199
64 77 86.693
64 78 6.511
64 82 96.667
64 83 25.456
64 84 62.923
64 86 50.145
64 87 58.442
64 88 55.6
64 89 7.896
64 90 78.847
64 93 96.825
64 95 93.234
64 96 82.734
64 98 0.405
65 69 79.535
65 70 57.606
65 72 44.232
65 77 84.267
65 78 43.063
65 79 60.891
65 80 82.219
65 86 81.332
65 89 31.11
65 96 83.523
65 98 83.307
66 68 14.316
66 70 58.796
66 72 8.455
66 74 28.987
66 75 57.422
66 77 84.865
66 78 52.556
66 79 72.641
66 82 30.596
66 85 64.989
66 86 35.572
66 87 35.634
66 89 94.256
66 90 72.781
66 93 96.312
66 95 82.762
66 96 35.507
66 97 64.194
66 98 56.063
66 99 45.048
67 68 55.522
67 69 91.326
67 70 61.475
67 71 72.102
67 72 31.153
67 74 60.491
67 75 2.722
67 76 97.305
67 80 4.737
67 81 82.927
67 83 42.433
67 86 98.766
67 87 87.021
67 88 51.928
67 90 64.106
67 91 10.707
67 92 33.539
67 95 45.106
67 96 71.826
67 99 93.55
68 69 76.451
68 70 6.76
68 71 25.928
68 72 61.122
68 84 22.898
68 87 3.785
68 88 95.973
68 96 59.067
68 98 78.254
68 99 55.78
69 70 33.789
69 72 54.53
69 74 53.504
69 75 93.521
69 76 4.149
69 79 44.364
69 81 98.26
69 82 57.361
69 85 26.098
69 86 88.855
69 88 41.325
69 94 37.836
69 95 34.056
70 71 4.611
70 72 10.197
70 74 26.731
70 77 68.83
70 78 62.281
70 79 99.438
70 80 12.369
70 81 18.613
70 88 49.264
70 91 49.428
70 94 62.5
70 95 28.715
70 98 93.394
71 73 34.3
71 74 32.019
71 75 96.22
71 77 34.009
71 82 64.13
71 83 65.734
71 85 52.232
71 86 28.748
71 90 92.865
71 91 72.916
71 94 45.032
71 99 75.094
72 73 52.316
72 74 10.837
72 75 4.719
72 77 66.787
72 79 20.45
72 80 41.58
72 83 59.289
72 84 58.74
72 87 17.44
72 89 43.219
72 92 56.162
72 95 33.373
72 99 8.94
73 74 58.538
73 75 22.153
73 76 39.666
73 77 53.46
73 78 7.424
73 79 31.876
73 80 5.316
73 81 0.139
73 82 50.277
73 85 59.751
73 87 54.831
73 88 64.841
73 89 72.006
73 90 71.034
73 92 53.688
73 94 54.82
73 96 85.546
73 97 47.943
73 99 43.751
74 76 39.953
74 78 40.204
74 79 3.656
74 80 98.082
74 85 52.812
74 86 10.356
74 87 30.7
74 89 59.463
74 90 86.801
74 92 80.433
74 93 55.373
74 94 37.57
74 95 43.235
74 98 41.467
75 76 6.698
75 77 68.961
75 78 2.758
75 79 71.984
75 81 22.427
75 83 56.177
75 84 7.944
75 85 65.313
75 86 79.927
75 90 60.194
75 96 13.141
75 98 60.734
75 99 25.317
76 78 61.085
76 79 23.327
76 80 14.366
76 83 9.66
76 84 55.164
76 87 21.501
76 89 11.602
76 90 31.294
76 91 43.867
76 93 30.068
76 94 38.406
76 97 38.066
77 79 37.505
77 80 37.53
77 81 38.124
77 83 77.702
77 84 72.752
77 86 71.112
77 91 88.159
77 95 22.92
77 96 21.711
77 97 51.954
77 98 85.171
78 80 13.246
78 81 16.675
78 83 40.502
78 84 41.543
78 86 66.75
78 87 15.95
78 88 8.687
78 89 18.682
78 91 60.389
78 93 75.747
78 94 34.213
78 96 44.989
78 98 36.259
79 81 42.822
79 83 90.267
79 84 16.855
79 86 70.222
79 95 82.847
79 99 64.003
80 81 85.086
80 82 28.63
80 84 23.693
80 85 20.293
80 87 12.996
80 88 56.324
80 89 99.068
80 91 96.505
80 92 82.869
80 93 26.338
80 95 54.265
80 96 48.315
80 99 5.292
81 82 75.554
81 83 95.182
81 84 78.874
81 85 22.098
81 86 50.861
81 89 3.006
81 92 21.247
81 93 60.08
81 98 50.097
82 83 94.652
82 84 38.063
82 85 5.579
82 87 92.502
82 90 6.41
82 91 35.763
82 93 70.368
82 95 57.095
82 96 72.516
82 97 18.049
82 99 40.905
83 84 94.041
83 91 82.992
83 93 38.817
83 94 61.027
83 97 10.818
83 98 50.017
83 99 48.791
84 85 68.133
84 86 49.42
84 87 54.86
84 89 39.782
84 90 70.194
84 95 12.787
84 96 89.714
84 99 54.941
85 87 65.871
85 89 75.047
85 90 49.041
85 94 47.267
85 95 4.069
85 99 71.75
86 87 15.543
86 88 59.627
86 91 84.339
86 92 16.534
86 93 87.541
86 96 43.228
86 97 14.782
86 99 59.345
87 88 37.744
87 92 0.403
87 93 89.521
87 94 32.137
87 95 40.495
87 97 77.179
87 99 47.314
88 89 31.787
88 90 83.874
88 93 60.406
88 94 33.467
88 95 21.236
88 97 45.528
88 98 90.559
88 99 17.438
89 90 50.115
89 91 24.982
89 92 72.627
89 95 17.371
89 97 22.045
89 98 87.397
90 91 99.654
90 92 95.034
90 93 6.444
90 95 67.361
90 96 7.313
90 98 62.505
90 99 81.944
91 92 72.928
91 93 48.844
91 96 89.32
91 97 82.615
91 98 20.958
92 93 75.527
92 94 23.143
92 99 96.073
93 96 13.596
93 98 36.358
95 96 46.256
95 98 38.515
95 99 88.122
96 98 29.429
97 98 12.819
98 99 82.566