100
0 1 0.001
0 50 0.001
1 2 0.001
2 3 0.001
3 4 0.001
4 5 0.001
5 6 0.001
6 7 0.001
7 8 0.001
8 9 0.001
9 10 0.001
10 11 0.001
11 12 0.001
12 13 0.001
13 14 0.001
14 15 0.001
15 16 0.001
16 17 0.001
17 18 0.001
18 19 0.001
19 20 0.001
20 21 0.001
21 22 0.001
22 23 0.001
23 24 0.001
24 25 0.001
25 26 0.001
26 27 0.001
27 28 0.001
28 29 0.001
29 30 0.001
30 31 0.001
31 32 0.001
32 33 0.001
33 34 0.001
34 35 0.001
35 36 0.001
36 37 0.001
37 38 0.001
38 39 0.001
39 40 0.001
40 41 0.001
41 42 0.001
42 43 0.001
43 44 0.001
44 45 0.001
45 46 0.001
46 47 0.001
47 48 0.001
48 49 0.001
49 99 0.001
50 51 0.001
51 52 0.001
52 53 0.001
53 54 0.001
54 55 0.001
55 56 0.001
56 57 0.001
57 58 0.001
58 59 0.001
59 60 0.001
60 61 0.001
61 62 0.001
62 63 0.001
63 64 0.001
64 65 0.001
65 66 0.001
66 67 0.001
67 68 0.001
68 69 0.001
69 70 0.001
70 71 0.001
71 72 0.001
72 73 0.001
73 74 0.001
74 75 0.001
75 76 0.001
76 77 0.001
77 78 0.001
78 79 0.001
79 80 0.001
80 81 0.001
81 82 0.001
82 83 0.001
83 84 0.001
84 85 0.001
85 86 0.001
86 87 0.001
87 88 0.001
88 89 0.001
89 90 0.001
90 91 0.001
91 92 0.001
92 93 0.001
93 94 0.001
94 95 0.001
95 96 0.001
96 97 0.001
97 98 0.001
98 99 0.001