100
0 1 6.426
0 1 47.412
0 1 80.74
0 1 87.228
0 2 0.945
0 2 39.099
0 3 15.258
0 3 19.762
0 4 54.444
0 5 21.516
0 5 76.479
0 6 24.524
0 6 25.829
0 8 17.288
0 9 13.074
0 9 71.518
0 9 85.675
0 10 48.732
0 11 84.611
0 13 39.387
0 14 9.423
0 14 20.306
0 15 2.53
0 15 44.256
0 16 37.546
0 16 95.186
0 17 4.529
0 17 89.842
0 18 24.859
0 18 91.502
0 19 12.996
0 19 64.282
0 20 12.648
0 20 87.643
0 21 0.748
0 21 82.748
0 22 2.225
0 22 81.726
0 24 15.91
0 25 58.168
0 26 18.487
0 26 87.954
0 27 19.131
0 29 22.357
0 29 55.583
0 30 44.736
0 30 53.344
0 30 83.524
0 31 1.287
0 31 35.3
0 33 68.261
0 34 40.555
0 35 26.65
0 35 55.669
0 35 92.012
0 36 92.767
0 37 84.636
0 37 85.241
0 39 12.124
0 39 34.655
0 39 39.774
0 39 53.838
0 40 71.912
0 40 91.359
0 42 37.924
0 42 39.191
0 44 6.585
0 44 62.157
0 45 19.395
0 45 23.199
0 45 46.433
0 45 52.761
0 45 83.798
0 46 22.266
0 46 23.619
0 47 99.842
0 49 1.73
0 49 2.63
0 49 10.543
0 49 22.846
0 49 28.726
0 49 41.311
0 49 77.83
0 50 10.979
0 50 71.87
0 51 48.583
0 52 11.52
0 52 17.23
0 52 20.541
0 52 57.486
0 53 5.774
0 53 9.267
0 53 18.901
0 53 80.524
0 54 2.852
0 55 28.916
0 55 65.356
0 56 39.176
0 56 55.502
0 56 64.865
0 56 94.524
0 58 19.02
0 58 72.144
0 58 89.347
0 59 46.944
0 60 42.068
0 60 52.288
0 60 61.695
0 60 78.143
0 62 22.947
0 62 48.276
0 62 84.511
0 63 4.609
0 63 49.875
0 63 89.142
0 64 64.431
0 65 35.493
0 65 70.084
0 65 73.639
0 66 94.657
0 67 93.222
0 69 38.852
0 70 43.964
0 70 93.062
0 71 16.343
0 71 40.775
0 71 62.277
0 71 71.398
0 71 72.661
0 72 55.102
0 72 60.561
0 73 97.328
0 74 0.257
0 74 4.559
0 74 19.107
0 74 67.595
0 74 89.62
0 75 5.164
0 75 86.012
0 76 51.44
0 76 61.659
0 77 28.95
0 77 39.124
0 77 72.206
0 79 15.91
0 79 54.68
0 81 55.905
0 81 79.513
0 83 1.509
0 83 98.652
0 84 28.373
0 84 94.514
0 85 13.677
0 85 57.295
0 86 12.022
0 86 91.435
0 89 19.664
0 89 51.096
0 89 78.086
0 89 95.277
0 90 58.735
0 90 82.811
0 91 41.245
0 92 63.158
0 92 79.034
0 93 57.773
0 93 96.196
0 94 18.395
0 97 66.825
0 97 73.208
0 98 30.349
0 98 71.931
0 99 77.496
1 4 13.82
1 5 21.089
1 6 28.077
1 6 37.061
1 6 45.219
1 6 96.823
1 7 12.043
1 9 54.336
1 9 74.134
1 11 77.222
1 13 86.782
1 14 20.866
1 14 83.421
1 15 17.486
1 16 39.936
1 17 68.84
1 17 99.857
1 18 86.064
1 19 20.593
1 21 68.457
1 22 47.302
1 24 70.505
1 24 85.219
1 25 9.608
1 25 27.527
1 25 28.334
1 25 80.322
1 26 3.539
1 26 12.71
1 27 37.808
1 27 69.815
1 27 77.799
1 28 88.677
1 29 16.396
1 29 23.502
1 29 45.322
1 29 98.462
1 31 17.892
1 31 21.56
1 31 28.286
1 32 21.272
1 33 28.082
1 35 10.798
1 35 15.435
1 35 28.764
1 35 63.56
1 35 68.419
1 35 97.876
1 38 13.526
1 38 47.0
1 38 77.914
1 39 1.654
1 40 8.379
1 40 48.436
1 40 57.576
1 41 35.113
1 41 53.571
1 41 84.441
1 42 68.638
1 43 33.687
1 43 37.057
1 44 32.681
1 45 65.538
1 45 82.976
1 46 86.985
1 47 1.98
1 49 69.651
1 50 14.807
1 50 19.416
1 51 57.573
1 51 77.207
1 52 4.504
1 53 37.65
1 53 76.104
1 54 63.112
1 54 71.85
1 54 80.878
1 55 71.857
1 57 16.206
1 57 22.947
1 57 67.832
1 57 74.299
1 58 46.242
1 58 63.399
1 58 72.788
1 58 82.862
1 61 3.853
1 62 24.099
1 63 55.603
1 64 8.452
1 64 90.06
1 65 19.27
1 65 22.658
1 65 26.549
1 65 31.746
1 65 39.217
1 67 4.468
1 67 5.15
1 67 37.842
1 67 79.682
1 69 11.341
1 69 15.752
1 69 55.534
1 73 4.238
1 73 24.986
1 74 75.153
1 75 43.831
1 76 17.549
1 76 56.619
1 76 67.261
1 77 24.003
1 77 54.887
1 78 9.925
1 78 41.547
1 79 99.767
1 80 8.222
1 80 59.547
1 80 67.061
1 80 83.23
1 82 2.607
1 84 55.907
1 84 57.537
1 84 61.231
1 85 7.505
1 85 8.223
1 85 41.159
1 85 86.684
1 86 34.023
1 87 18.262
1 87 81.946
1 89 23.49
1 89 27.398
1 90 9.661
1 90 12.411
1 90 35.879
1 90 91.223
1 90 92.236
1 91 72.273
1 92 12.608
1 92 28.388
1 92 41.797
1 92 93.121
1 93 23.26
1 93 25.722
1 94 11.173
1 95 40.055
1 96 48.227
1 97 15.22
2 3 36.294
2 3 38.291
2 3 88.07
2 3 93.379
2 7 50.651
2 7 58.488
2 7 70.391
2 7 88.985
2 8 30.618
2 8 62.341
2 10 65.562
2 10 83.56
2 11 61.208
2 12 70.308
2 13 42.094
2 14 21.091
2 15 30.259
2 15 38.784
2 15 48.991
2 16 48.496
2 16 76.047
2 17 16.164
2 17 35.618
2 17 93.989
2 18 92.639
2 19 29.862
2 20 38.704
2 20 75.468
2 21 81.41
2 22 11.313
2 24 80.732
2 25 47.092
2 25 58.523
2 25 68.513
2 25 92.248
2 25 95.555
2 26 74.284
2 26 89.114
2 28 47.412
2 28 73.635
2 29 73.829
2 30 16.846
2 32 54.532
2 32 79.961
2 33 56.662
2 34 12.122
2 35 32.403
2 35 35.903
2 35 37.345
2 35 65.971
2 35 80.685
2 36 4.763
2 36 60.62
2 36 64.031
2 38 62.295
2 38 68.115
2 38 93.399
2 39 2.488
2 39 89.868
2 41 15.45
2 42 34.663
2 42 79.844
2 43 15.88
2 44 20.958
2 44 74.127
2 44 77.548
2 45 32.603
2 46 6.54
2 48 43.217
2 52 96.581
2 52 99.484
2 53 9.725
2 53 11.731
2 53 48.849
2 53 68.266
2 53 77.424
2 56 72.588
2 57 0.173
2 57 59.582
2 57 84.482
2 57 97.682
2 58 20.512
2 58 56.088
2 60 12.674
2 60 26.35
2 60 95.197
2 61 56.428
2 61 69.293
2 62 12.755
2 62 14.094
2 64 39.197
2 65 10.917
2 65 15.589
2 65 37.853
2 65 68.661
2 67 18.954
2 67 22.16
2 68 0.492
2 68 32.94
2 68 50.788
2 69 13.526
2 69 39.937
2 70 25.027
2 70 66.901
2 71 49.742
2 71 91.628
2 72 22.539
2 72 56.807
2 73 39.77
2 73 95.257
2 74 27.818
2 76 75.174
2 76 92.385
2 78 31.302
2 78 72.566
2 79 12.268
2 79 70.969
2 80 17.694
2 80 23.574
2 80 41.048
2 80 57.243
2 80 63.788
2 81 15.558
2 81 36.009
2 81 38.375
2 81 94.789
2 81 98.62
2 83 26.008
2 83 35.768
2 83 69.614
2 83 85.119
2 84 93.063
2 85 2.057
2 85 3.756
2 86 65.491
2 88 13.623
2 88 30.329
2 88 99.922
2 91 16.766
2 91 72.441
2 92 76.145
2 92 93.423
2 93 20.275
2 93 32.832
2 93 55.774
2 93 76.904
2 93 96.922
2 94 49.652
2 94 51.098
2 95 30.023
2 95 59.371
2 96 31.903
2 97 0.864
2 99 29.285
3 4 87.575
3 5 30.96
3 5 82.304
3 6 0.645
3 6 1.439
3 6 10.829
3 6 86.078
3 7 4.13
3 7 82.577
3 7 95.93
3 8 45.212
3 8 71.977
3 9 27.479
3 9 92.787
3 10 43.427
3 10 55.132
3 10 70.221
3 10 73.984
3 10 82.6
3 11 2.296
3 11 10.394
3 11 63.296
3 11 81.495
3 12 84.963
3 14 26.96
3 15 12.73
3 15 93.827
3 16 19.339
3 16 26.435
3 16 40.494
3 16 94.954
3 17 67.546
3 18 26.897
3 18 30.219
3 18 59.264
3 18 67.482
3 18 80.962
3 19 4.287
3 19 18.789
3 19 25.334
3 19 55.746
3 20 21.446
3 20 84.965
3 23 9.903
3 23 22.5
3 23 80.205
3 23 99.474
3 24 35.958
3 24 46.552
3 25 37.164
3 25 91.771
3 26 25.801
3 26 35.889
3 26 39.915
3 26 78.046
3 27 4.84
3 27 13.304
3 27 21.401
3 27 22.316
3 28 32.187
3 28 55.808
3 29 6.458
3 29 61.874
3 31 27.9
3 32 58.837
3 33 9.272
3 35 14.969
3 35 53.461
3 37 15.743
3 37 17.633
3 38 8.545
3 39 29.883
3 39 33.54
3 39 63.146
3 40 4.713
3 42 38.399
3 47 29.033
3 47 54.208
3 47 64.753
3 48 91.735
3 49 15.95
3 49 90.03
3 51 26.897
3 51 77.01
3 53 16.793
3 53 65.035
3 56 61.212
3 56 78.25
3 56 83.004
3 57 59.427
3 58 6.847
3 58 14.169
3 58 21.41
3 59 9.376
3 60 16.82
3 62 1.539
3 62 51.934
3 63 92.066
3 64 39.236
3 64 95.835
3 65 66.161
3 65 87.649
3 66 16.997
3 66 48.569
3 66 84.219
3 67 29.428
3 69 30.516
3 69 47.462
3 70 67.346
3 71 52.123
3 71 66.066
3 72 7.828
3 72 29.764
3 72 42.903
3 73 4.58
3 73 17.922
3 73 36.843
3 73 57.732
3 73 96.51
3 74 10.481
3 74 29.692
3 74 39.132
3 74 73.507
3 75 24.877
3 76 44.263
3 78 13.071
3 78 22.334
3 78 73.181
3 78 73.771
3 79 14.866
3 79 32.27
3 79 38.701
3 79 52.763
3 80 13.194
3 80 22.586
3 80 37.247
3 80 70.7
3 81 81.836
3 82 40.848
3 82 47.319
3 83 0.198
3 84 6.399
3 84 7.124
3 85 64.881
3 87 57.378
3 87 60.124
3 89 11.088
3 89 21.573
3 89 45.382
3 90 27.301
3 90 50.395
3 91 86.216
3 92 12.396
3 92 53.958
3 92 72.762
3 93 94.978
3 94 64.497
3 95 71.088
3 95 84.886
3 96 85.218
3 96 93.85
3 97 15.755
3 98 48.696
3 99 37.122
3 99 42.982
3 99 64.325
4 6 99.567
4 7 2.937
4 8 3.169
4 8 95.014
4 9 3.091
4 9 20.778
4 9 29.942
4 10 14.965
4 10 80.97
4 11 35.883
4 12 73.945
4 12 96.57
4 13 70.336
4 14 12.284
4 14 64.258
4 15 33.9
4 15 94.449
4 16 29.513
4 17 47.784
4 17 52.247
4 17 70.031
4 17 87.714
4 17 92.18
4 19 20.039
4 20 0.019
4 20 97.777
4 23 82.32
4 23 90.339
4 24 38.534
4 24 59.347
4 25 12.22
4 25 92.58
4 26 3.068
4 26 52.2
4 27 76.567
4 28 58.769
4 28 98.722
4 29 7.214
4 29 65.416
4 29 66.82
4 30 98.724
4 31 9.795
4 31 59.729
4 31 94.534
4 32 97.525
4 33 93.663
4 34 10.277
4 35 47.345
4 35 97.027
4 36 79.198
4 36 90.015
4 37 79.531
4 37 97.528
4 38 0.482
4 38 56.37
4 39 46.905
4 40 59.445
4 42 86.941
4 44 33.277
4 44 61.091
4 44 94.087
4 45 25.109
4 46 10.941
4 46 63.548
4 46 89.352
4 47 19.064
4 47 25.275
4 48 52.97
4 49 66.82
4 50 56.049
4 50 58.302
4 50 85.189
4 52 3.417
4 52 22.758
4 53 21.499
4 53 44.585
4 54 87.692
4 55 20.218
4 55 87.271
4 57 97.297
4 58 28.484
4 59 0.038
4 59 78.221
4 60 40.902
4 60 79.726
4 62 7.249
4 62 48.994
4 62 86.013
4 63 65.595
4 63 82.104
4 63 87.513
4 63 88.86
4 65 4.433
4 65 30.571
4 65 34.266
4 65 42.667
4 65 76.081
4 66 85.225
4 67 27.689
4 68 54.709
4 69 34.208
4 70 4.415
4 70 67.969
4 70 81.062
4 73 7.932
4 74 11.112
4 74 51.559
4 75 52.037
4 75 76.65
4 76 34.32
4 77 11.581
4 78 3.075
4 79 19.083
4 79 26.64
4 81 31.146
4 82 8.941
4 82 62.106
4 83 4.478
4 83 42.841
4 83 63.249
4 84 4.965
4 84 21.406
4 84 30.341
4 85 68.652
4 85 86.098
4 86 15.743
4 86 55.952
4 86 68.423
4 87 22.156
4 88 75.595
4 88 88.304
4 89 68.688
4 91 20.038
4 91 39.116
4 91 79.398
4 93 15.704
4 93 26.44
4 93 54.143
4 93 54.855
4 94 88.442
4 94 98.758
4 95 82.45
4 96 27.892
4 98 16.397
4 99 26.527
5 6 34.098
5 6 79.561
5 7 5.962
5 7 25.264
5 7 56.279
5 7 89.794
5 7 98.521
5 8 8.607
5 8 22.973
5 8 78.561
5 9 54.349
5 10 58.29
5 11 24.318
5 11 29.753
5 11 58.219
5 12 15.522
5 12 56.618
5 13 34.594
5 13 62.442
5 13 75.373
5 14 2.091
5 14 62.77
5 14 81.239
5 15 73.746
5 15 94.649
5 16 32.656
5 16 40.433
5 16 58.962
5 16 70.208
5 17 19.669
5 17 27.865
5 17 43.583
5 17 78.843
5 18 69.078
5 18 91.107
5 20 81.701
5 21 1.223
5 21 73.227
5 22 2.486
5 22 39.802
5 22 82.168
5 23 1.143
5 23 63.955
5 25 20.893
5 25 38.813
5 25 62.914
5 25 76.532
5 25 90.189
5 26 14.168
5 26 18.038
5 26 36.887
5 26 51.561
5 27 87.91
5 28 16.438
5 28 61.103
5 29 88.325
5 30 11.687
5 30 79.473
5 31 29.538
5 31 42.752
5 32 22.039
5 32 46.239
5 32 75.538
5 34 6.206
5 34 66.662
5 34 85.02
5 35 17.085
5 35 39.627
5 35 96.852
5 36 65.071
5 37 41.386
5 38 20.133
5 39 92.986
5 39 94.506
5 40 70.277
5 40 80.365
5 40 83.003
5 40 84.721
5 41 89.852
5 42 51.173
5 42 52.187
5 43 17.599
5 43 35.887
5 44 27.888
5 47 11.647
5 49 62.726
5 50 17.505
5 52 17.289
5 53 8.262
5 53 41.818
5 54 9.319
5 54 21.375
5 54 41.622
5 55 12.107
5 57 53.905
5 59 31.849
5 60 81.968
5 61 24.87
5 62 1.513
5 62 30.56
5 62 75.476
5 63 44.261
5 63 91.016
5 64 6.932
5 64 12.187
5 64 40.432
5 64 82.947
5 66 59.11
5 67 71.96
5 67 79.291
5 68 89.611
5 69 33.155
5 69 55.044
5 70 94.518
5 73 15.814
5 73 42.542
5 74 38.546
5 77 7.59
5 77 26.802
5 77 46.634
5 78 46.928
5 78 50.513
5 80 54.65
5 81 8.863
5 81 15.354
5 82 32.735
5 82 51.424
5 83 85.243
5 84 1.585
5 85 69.069
5 87 6.486
5 89 3.96
5 89 26.875
5 91 17.001
5 91 66.897
5 91 78.224
5 91 92.794
5 94 16.832
5 96 21.359
5 96 81.954
5 97 21.811
5 97 32.415
5 98 12.267
5 99 20.896
5 99 60.86
5 99 61.474
5 99 64.748
5 99 91.196
6 7 96.677
6 12 30.76
6 12 35.875
6 12 83.034
6 13 42.249
6 14 47.81
6 14 91.811
6 15 25.284
6 15 47.164
6 15 66.823
6 16 65.703
6 18 71.852
6 18 92.407
6 20 52.378
6 21 47.972
6 21 84.567
6 23 5.694
6 23 39.442
6 23 61.97
6 23 82.538
6 24 0.175
6 24 96.8
6 25 79.081
6 25 88.46
6 27 34.395
6 27 87.578
6 27 98.475
6 29 23.483
6 29 45.306
6 29 76.002
6 30 38.27
6 32 15.09
6 34 14.248
6 36 11.552
6 36 94.557
6 37 12.542
6 37 78.75
6 38 64.527
6 39 10.772
6 39 58.138
6 39 58.475
6 39 77.104
6 39 84.737
6 39 86.684
6 40 2.096
6 40 63.916
6 41 34.14
6 42 2.558
6 42 14.201
6 42 22.075
6 42 48.315
6 42 80.897
6 42 97.606
6 43 99.084
6 43 99.667
6 44 27.44
6 44 52.88
6 45 1.251
6 45 13.097
6 45 38.217
6 45 48.422
6 46 8.199
6 46 44.953
6 48 93.102
6 50 20.696
6 50 34.845
6 50 60.952
6 52 4.623
6 53 62.977
6 53 91.875
6 53 94.743
6 54 30.254
6 54 52.759
6 54 70.464
6 54 88.188
6 55 83.662
6 55 93.069
6 57 44.311
6 57 69.214
6 57 80.557
6 58 84.388
6 58 88.722
6 59 1.707
6 59 59.95
6 61 73.798
6 62 84.336
6 64 53.748
6 64 81.181
6 65 16.74
6 66 35.129
6 66 73.016
6 66 83.686
6 67 3.785
6 67 77.072
6 69 49.694
6 70 26.69
6 70 60.542
6 70 68.953
6 70 75.954
6 71 73.487
6 71 75.022
6 72 80.652
6 73 34.013
6 73 55.648
6 74 41.005
6 74 78.243
6 76 26.283
6 77 38.466
6 77 42.842
6 77 58.76
6 78 2.314
6 78 6.578
6 78 70.948
6 78 74.491
6 80 9.828
6 80 36.206
6 80 42.803
6 80 49.055
6 80 81.249
6 81 6.046
6 82 58.793
6 82 68.445
6 83 18.683
6 83 95.975
6 84 51.598
6 84 66.361
6 85 49.703
6 86 21.309
6 86 94.221
6 88 86.152
6 89 41.679
6 89 62.553
6 89 84.225
6 90 47.568
6 91 4.916
6 92 18.73
6 92 64.583
6 93 11.337
6 93 28.85
6 93 38.067
6 93 45.671
6 93 91.389
6 94 1.964
6 94 50.394
6 95 20.858
6 95 23.287
6 98 19.735
6 99 35.354
6 99 90.93
7 8 46.698
7 8 54.228
7 9 7.295
7 9 60.399
7 10 13.573
7 10 66.192
7 11 46.539
7 12 63.876
7 12 96.108
7 13 24.821
7 13 36.29
7 13 69.387
7 13 75.424
7 14 22.155
7 14 56.041
7 14 67.505
7 14 97.186
7 14 99.418
7 15 81.919
7 16 62.532
7 17 60.409
7 17 73.055
7 18 29.182
7 18 80.194
7 18 82.225
7 19 21.099
7 19 38.643
7 19 47.839
7 19 59.678
7 21 50.734
7 22 56.692
7 22 67.168
7 23 56.298
7 25 58.268
7 25 73.931
7 25 99.802
7 26 34.928
7 27 4.559
7 27 46.166
7 28 47.918
7 28 88.683
7 30 78.721
7 33 53.421
7 33 59.666
7 34 22.829
7 36 17.683
7 37 66.565
7 37 68.616
7 37 90.716
7 39 16.447
7 40 20.981
7 40 48.25
7 40 64.836
7 41 92.284
7 44 80.058
7 46 2.36
7 46 10.407
7 48 31.574
7 48 81.224
7 49 1.633
7 49 92.457
7 50 42.452
7 50 49.698
7 51 12.597
7 51 48.661
7 51 97.608
7 52 34.858
7 52 35.548
7 52 85.055
7 52 89.892
7 53 10.397
7 54 27.945
7 54 61.424
7 55 24.416
7 55 72.906
7 55 91.924
7 56 55.858
7 56 99.657
7 57 25.807
7 57 64.854
7 57 86.206
7 58 17.374
7 59 1.682
7 59 51.313
7 59 74.552
7 60 47.29
7 60 82.149
7 60 95.355
7 61 14.706
7 61 16.741
7 61 35.963
7 61 86.664
7 62 96.541
7 64 28.694
7 64 70.411
7 65 92.68
7 66 7.065
7 66 12.447
7 66 31.669
7 66 70.512
7 67 25.237
7 68 58.991
7 69 24.26
7 69 43.022
7 70 13.71
7 70 47.536
7 70 97.785
7 71 58.817
7 71 75.58
7 71 99.332
7 72 51.318
7 72 71.488
7 74 81.867
7 75 72.751
7 76 98.76
7 77 70.016
7 78 59.364
7 78 64.776
7 81 32.233
7 81 34.198
7 82 42.222
7 83 69.989
7 83 92.993
7 84 21.672
7 84 50.151
7 84 67.975
7 87 71.724
7 89 28.314
7 90 6.016
7 90 14.341
7 90 71.597
7 91 4.262
7 91 33.29
7 92 91.936
7 93 17.942
7 94 10.745
7 94 74.866
7 95 98.343
7 96 36.523
7 98 65.948
7 98 84.515
7 99 4.383
7 99 43.19
8 9 28.389
8 9 70.718
8 9 95.218
8 10 18.748
8 11 15.655
8 11 55.902
8 11 57.672
8 12 29.074
8 12 56.057
8 12 67.184
8 13 63.364
8 13 85.043
8 14 22.196
8 14 78.454
8 15 48.465
8 15 51.173
8 16 67.267
8 16 72.289
8 16 98.788
8 17 22.374
8 17 40.513
8 17 54.212
8 18 70.15
8 18 77.188
8 20 30.202
8 21 12.694
8 22 55.413
8 23 84.598
8 25 9.627
8 26 44.21
8 27 10.14
8 27 69.781
8 28 16.258
8 29 12.309
8 29 26.952
8 29 84.186
8 31 20.838
8 31 43.715
8 31 73.269
8 33 8.98
8 34 23.592
8 34 25.746
8 34 27.091
8 34 31.603
8 38 46.061
8 39 33.786
8 39 40.135
8 39 48.484
8 39 75.996
8 39 86.424
8 40 37.475
8 41 29.077
8 43 99.347
8 44 12.037
8 44 16.086
8 44 38.273
8 44 39.532
8 45 27.889
8 45 78.622
8 45 94.793
8 46 80.462
8 47 5.379
8 47 80.22
8 48 43.496
8 49 22.008
8 49 31.669
8 49 87.662
8 49 96.164
8 51 50.415
8 52 39.878
8 52 79.634
8 53 12.329
8 53 79.853
8 54 51.132
8 54 66.28
8 55 45.572
8 55 89.417
8 57 55.665
8 57 78.509
8 57 90.008
8 59 3.275
8 59 41.112
8 59 84.198
8 60 51.278
8 60 67.486
8 61 64.587
8 62 17.412
8 62 48.004
8 63 2.059
8 63 5.291
8 63 10.085
8 63 34.526
8 63 57.377
8 65 17.409
8 65 60.926
8 66 1.155
8 66 33.87
8 66 37.738
8 66 93.835
8 67 25.337
8 67 50.376
8 67 56.821
8 67 68.798
8 67 74.875
8 68 54.165
8 69 73.656
8 70 38.954
8 71 58.267
8 72 17.456
8 72 86.936
8 74 69.613
8 74 79.354
8 74 92.717
8 76 53.128
8 77 12.026
8 79 6.9
8 79 95.305
8 81 58.839
8 83 38.535
8 84 35.286
8 85 42.202
8 85 99.114
8 86 54.102
8 87 58.739
8 87 69.064
8 88 4.152
8 89 77.652
8 92 45.983
8 92 80.832
8 93 75.143
8 94 15.325
8 94 17.835
8 94 37.902
8 96 23.385
8 96 83.57
8 96 98.201
8 97 2.054
8 97 14.423
8 97 49.486
8 98 14.319
8 99 19.175
8 99 42.747
9 10 17.47
9 10 47.02
9 11 93.6
9 12 33.069
9 12 44.053
9 13 45.286
9 13 79.415
9 14 4.449
9 14 22.12
9 15 29.558
9 15 32.534
9 15 54.476
9 16 49.795
9 16 72.186
9 16 86.114
9 17 5.43
9 17 14.008
9 17 67.261
9 19 26.564
9 19 27.385
9 20 6.031
9 20 21.915
9 20 23.18
9 20 65.702
9 20 87.19
9 20 99.026
9 20 99.536
9 21 20.858
9 22 80.863
9 24 37.084
9 24 53.21
9 26 16.015
9 26 21.737
9 27 10.577
9 27 26.673
9 27 65.24
9 28 39.397
9 30 54.902
9 31 53.798
9 31 97.917
9 32 27.345
9 34 4.594
9 35 13.407
9 37 4.066
9 37 6.143
9 37 7.037
9 37 26.411
9 37 69.966
9 37 91.066
9 38 15.909
9 38 25.823
9 39 1.454
9 40 48.009
9 40 91.86
9 41 8.0
9 42 32.845
9 42 50.051
9 42 76.073
9 45 28.022
9 48 48.808
9 48 94.734
9 50 82.289
9 50 85.331
9 51 25.891
9 51 91.746
9 52 29.045
9 52 47.544
9 52 95.399
9 53 38.805
9 53 39.3
9 55 85.754
9 57 16.757
9 57 78.886
9 58 57.045
9 58 71.746
9 58 80.613
9 58 96.099
9 59 9.743
9 59 54.169
9 60 21.472
9 60 64.976
9 62 30.841
9 62 93.245
9 64 25.828
9 64 59.347
9 65 15.843
9 65 70.369
9 65 82.675
9 67 35.011
9 67 68.335
9 67 99.144
9 68 67.432
9 69 47.944
9 69 50.645
9 69 81.16
9 70 20.484
9 70 30.679
9 70 30.89
9 71 29.997
9 71 34.804
9 71 41.272
9 71 71.102
9 72 35.876
9 72 56.963
9 72 70.529
9 73 2.106
9 74 0.346
9 74 5.679
9 74 18.925
9 74 58.846
9 74 61.037
9 75 30.654
9 76 97.138
9 77 36.485
9 77 49.364
9 78 74.961
9 78 95.491
9 79 57.244
9 79 91.229
9 80 15.127
9 80 50.449
9 81 20.163
9 81 31.456
9 81 48.428
9 81 76.126
9 82 69.184
9 82 77.138
9 85 66.064
9 85 92.205
9 86 18.762
9 86 88.391
9 87 93.552
9 88 54.109
9 88 65.186
9 88 80.185
9 90 5.626
9 90 11.835
9 90 64.206
9 91 13.058
9 92 82.349
9 93 12.199
9 93 91.914
9 94 35.336
9 95 92.971
9 96 14.159
9 96 47.579
9 96 73.353
9 97 4.8
9 98 46.27
9 98 54.65
9 98 66.224
9 98 85.002
9 99 38.479
10 11 3.237
10 11 53.066
10 13 58.642
10 14 3.919
10 14 69.177
10 14 86.041
10 15 79.493
10 15 88.634
10 16 64.964
10 16 75.793
10 19 28.98
10 19 76.338
10 20 59.908
10 23 31.436
10 23 99.123
10 24 57.9
10 24 65.761
10 25 28.531
10 26 23.698
10 26 91.997
10 27 51.853
10 28 96.549
10 29 11.527
10 29 14.955
10 34 14.182
10 34 54.79
10 34 71.774
10 35 19.507
10 35 36.908
10 35 79.398
10 36 36.124
10 36 44.809
10 36 94.59
10 37 11.03
10 37 12.258
10 39 1.273
10 39 89.395
10 39 95.285
10 40 93.789
10 41 51.443
10 42 54.752
10 43 7.703
10 43 36.228
10 43 62.422
10 44 34.643
10 46 26.424
10 46 43.897
10 47 22.569
10 47 43.229
10 49 41.849
10 49 57.803
10 49 85.697
10 50 19.749
10 50 28.664
10 51 76.8
10 52 55.463
10 53 71.158
10 53 77.546
10 53 83.742
10 54 90.067
10 55 99.113
10 56 68.229
10 57 1.966
10 57 56.257
10 58 7.791
10 58 53.524
10 58 87.943
10 59 20.89
10 59 66.942
10 59 79.292
10 61 3.614
10 62 7.869
10 62 15.791
10 62 79.504
10 63 5.512
10 63 35.621
10 64 13.596
10 66 24.68
10 66 71.964
10 66 74.027
10 67 35.466
10 67 66.952
10 67 67.486
10 67 83.035
10 67 86.654
10 68 21.612
10 68 71.789
10 69 13.696
10 69 73.452
10 70 80.523
10 71 23.087
10 72 3.447
10 72 21.649
10 72 79.233
10 73 96.508
10 74 85.403
10 75 96.05
10 76 0.23
10 76 87.53
10 78 30.68
10 78 58.118
10 78 71.473
10 78 81.607
10 79 27.095
10 79 34.298
10 80 55.038
10 80 64.28
10 83 28.299
10 83 92.109
10 85 32.618
10 86 37.297
10 86 40.854
10 86 77.773
10 86 80.999
10 88 32.179
10 89 38.522
10 90 35.136
10 90 77.09
10 90 79.176
10 91 0.532
10 91 18.962
10 91 84.276
10 94 96.36
10 95 18.343
10 96 78.958
10 98 45.73
11 12 97.739
11 13 95.384
11 14 54.979
11 14 94.079
11 15 91.975
11 16 85.577
11 18 39.693
11 18 74.617
11 19 63.096
11 21 52.207
11 22 57.902
11 22 95.859
11 23 76.521
11 23 77.252
11 24 48.76
11 25 30.26
11 26 0.296
11 26 8.922
11 26 49.66
11 26 53.655
11 28 91.746
11 29 26.77
11 29 99.982
11 30 24.972
11 30 59.174
11 30 60.456
11 30 69.598
11 30 71.451
11 30 77.004
11 32 16.967
11 32 33.662
11 32 40.038
11 32 49.511
11 32 52.57
11 33 44.381
11 34 4.754
11 34 62.528
11 35 16.847
11 36 51.786
11 37 21.385
11 39 39.85
11 40 15.498
11 40 78.218
11 40 99.034
11 41 91.212
11 42 88.853
11 44 51.244
11 44 53.306
11 44 72.538
11 45 6.583
11 45 97.175
11 46 55.744
11 46 70.809
11 46 90.25
11 47 45.457
11 48 53.212
11 49 28.599
11 49 36.087
11 49 38.556
11 50 90.902
11 51 39.125
11 51 91.771
11 51 95.293
11 51 97.959
11 52 45.351
11 59 60.24
11 59 77.949
11 60 32.154
11 60 67.497
11 60 83.87
11 60 97.889
11 61 6.202
11 62 1.68
11 63 54.101
11 64 39.104
11 64 90.409
11 66 9.996
11 66 16.622
11 66 32.947
11 66 56.545
11 67 82.144
11 68 79.197
11 69 57.244
11 69 90.034
11 69 90.09
11 70 37.715
11 70 49.543
11 71 33.721
11 72 38.687
11 73 1.543
11 73 62.038
11 73 84.449
11 74 25.518
11 75 49.275
11 76 47.231
11 76 86.419
11 77 7.416
11 77 49.841
11 77 82.112
11 78 48.58
11 79 43.316
11 80 59.143
11 81 70.213
11 83 9.382
11 83 92.295
11 84 25.808
11 84 85.63
11 85 30.833
11 85 33.007
11 85 38.98
11 85 75.916
11 86 70.469
11 87 27.029
11 88 26.474
11 88 63.858
11 89 73.622
11 89 82.889
11 89 83.208
11 90 23.482
11 90 55.531
11 90 63.417
11 92 39.464
11 92 39.884
11 92 88.147
11 92 92.138
11 93 44.128
11 95 51.545
11 95 74.91
11 96 59.571
11 97 49.195
11 97 88.367
12 13 53.319
12 13 54.801
12 15 67.713
12 15 96.355
12 16 10.901
12 16 37.937
12 16 52.317
12 16 58.183
12 17 7.467
12 18 43.392
12 19 39.539
12 19 73.783
12 21 20.688
12 22 42.635
12 22 73.075
12 23 98.633
12 24 29.876
12 24 99.559
12 25 25.492
12 27 48.309
12 28 18.091
12 28 32.909
12 28 62.685
12 28 81.88
12 29 63.977
12 30 80.079
12 31 9.739
12 31 17.21
12 32 70.395
12 33 28.238
12 33 54.828
12 33 55.289
12 34 17.275
12 34 20.222
12 36 5.662
12 37 64.77
12 38 11.176
12 38 20.302
12 39 23.635
12 39 63.568
12 40 11.351
12 40 25.195
12 41 85.981
12 42 13.811
12 43 35.486
12 44 3.617
12 44 86.593
12 44 86.825
12 45 20.682
12 45 37.599
12 46 31.802
12 46 72.866
12 48 17.392
12 48 88.185
12 49 26.587
12 51 58.038
12 51 79.675
12 51 93.345
12 52 29.818
12 53 69.712
12 54 11.643
12 54 72.755
12 54 74.728
12 55 16.517
12 56 25.505
12 58 7.659
12 58 17.416
12 59 23.073
12 61 10.579
12 62 19.066
12 62 67.725
12 63 45.456
12 63 68.526
12 64 27.751
12 64 75.93
12 65 37.96
12 66 70.335
12 67 50.57
12 68 46.01
12 68 54.847
12 68 80.222
12 69 78.973
12 71 60.253
12 73 47.715
12 73 92.265
12 74 30.001
12 74 31.783
12 75 2.209
12 75 21.589
12 76 37.903
12 76 44.345
12 76 65.54
12 76 70.702
12 76 82.291
12 77 3.753
12 78 99.94
12 79 44.02
12 79 67.679
12 81 31.697
12 81 59.407
12 83 18.842
12 84 36.012
12 84 41.025
12 84 84.885
12 85 0.207
12 85 7.61
12 85 65.915
12 86 44.898
12 86 79.398
12 87 16.276
12 87 23.903
12 87 56.868
12 87 98.543
12 90 76.352
12 91 17.151
12 92 87.905
12 93 78.337
12 94 42.54
12 94 83.275
12 95 8.12
12 96 47.336
12 96 79.786
12 98 60.246
12 98 92.761
13 14 1.98
13 14 40.675
13 15 11.909
13 15 66.857
13 15 69.491
13 16 90.2
13 18 14.94
13 19 29.003
13 19 53.276
13 19 82.913
13 20 13.498
13 20 52.044
13 21 51.343
13 22 23.895
13 22 46.554
13 23 24.595
13 23 47.188
13 23 50.636
13 23 62.438
13 24 26.261
13 24 51.704
13 27 8.46
13 27 74.449
13 29 3.432
13 30 21.375
13 30 76.32
13 31 43.4
13 31 62.585
13 32 1.721
13 32 38.312
13 32 57.348
13 33 70.677
13 33 79.274
13 34 39.881
13 34 40.537
13 38 30.797
13 39 79.579
13 39 91.852
13 40 23.322
13 41 42.154
13 41 61.997
13 41 66.888
13 42 4.761
13 42 39.043
13 42 93.429
13 43 8.288
13 43 82.321
13 44 0.469
13 44 65.179
13 44 84.958
13 44 89.036
13 45 61.711
13 45 65.336
13 45 82.616
13 46 76.301
13 47 14.687
13 47 91.93
13 48 36.631
13 48 62.704
13 48 96.366
13 50 30.623
13 50 51.171
13 51 86.847
13 52 27.136
13 52 89.143
13 52 93.383
13 55 27.247
13 55 31.184
13 55 80.279
13 55 88.906
13 55 92.862
13 56 2.954
13 56 85.585
13 57 38.448
13 57 57.782
13 60 47.774
13 63 32.109
13 63 62.483
13 64 46.254
13 64 58.25
13 64 63.124
13 68 10.647
13 69 63.1
13 70 79.033
13 70 87.446
13 71 29.532
13 72 88.687
13 73 98.566
13 74 25.679
13 74 29.741
13 74 40.746
13 75 57.251
13 75 97.712
13 77 56.182
13 78 54.336
13 78 54.519
13 79 6.009
13 79 29.253
13 79 37.704
13 79 55.651
13 80 16.777
13 81 76.187
13 82 17.215
13 82 26.037
13 82 46.542
13 82 95.129
13 83 42.747
13 83 89.984
13 84 13.887
13 84 93.544
13 85 30.703
13 87 59.007
13 87 95.094
13 88 85.065
13 89 15.066
13 89 15.166
13 90 66.458
13 90 72.127
13 90 92.104
13 90 98.9
13 91 47.419
13 92 29.382
13 95 33.113
13 95 56.582
13 97 9.929
13 98 14.013
13 99 0.456
13 99 35.112
13 99 73.516
13 99 88.79
13 99 91.801
14 15 24.58
14 15 47.022
14 16 12.791
14 16 29.131
14 16 87.237
14 17 25.663
14 17 26.489
14 17 98.608
14 18 47.93
14 18 65.342
14 18 80.096
14 19 13.959
14 19 74.197
14 22 49.176
14 23 81.767
14 25 67.291
14 26 18.929
14 26 53.896
14 27 11.927
14 27 34.493
14 27 43.773
14 29 65.86
14 30 8.199
14 30 15.181
14 30 44.248
14 30 84.766
14 31 42.584
14 32 49.37
14 33 32.48
14 33 84.862
14 35 0.56
14 36 0.356
14 36 60.497
14 36 80.905
14 37 22.771
14 37 30.417
14 37 70.522
14 38 94.331
14 39 23.718
14 40 12.888
14 40 46.898
14 42 42.326
14 43 88.149
14 44 95.057
14 46 11.071
14 47 42.187
14 47 65.014
14 48 15.106
14 48 22.61
14 48 28.924
14 49 38.327
14 49 54.783
14 50 36.611
14 50 72.324
14 50 90.153
14 50 92.096
14 52 69.85
14 53 69.541
14 55 12.728
14 55 72.751
14 56 73.37
14 57 92.794
14 58 7.087
14 58 23.373
14 59 1.774
14 61 56.58
14 61 77.27
14 62 50.248
14 63 39.494
14 67 73.143
14 69 65.569
14 70 20.829
14 71 50.97
14 73 50.187
14 74 31.77
14 75 19.231
14 75 32.056
14 75 55.703
14 76 25.262
14 76 45.166
14 77 23.204
14 77 44.596
14 77 96.059
14 79 43.424
14 79 90.703
14 80 31.463
14 81 92.414
14 82 17.574
14 82 23.224
14 83 30.808
14 84 33.376
14 84 79.576
14 84 86.826
14 85 74.404
14 88 36.454
14 89 32.979
14 90 59.545
14 90 85.279
14 91 95.197
14 92 7.08
14 92 65.918
14 93 67.2
14 94 82.379
14 95 6.528
14 95 72.097
14 95 81.039
14 96 40.897
14 96 77.816
14 97 1.966
14 98 14.96
14 99 14.24
14 99 98.576
15 17 76.796
15 20 36.411
15 21 8.638
15 21 47.512
15 21 52.941
15 23 46.57
15 23 63.77
15 23 71.738
15 24 25.665
15 24 31.248
15 24 52.352
15 24 63.706
15 25 21.84
15 26 32.341
15 27 20.756
15 27 86.143
15 30 0.286
15 30 11.916
15 32 10.675
15 32 34.596
15 33 95.834
15 34 4.489
15 34 25.75
15 34 56.141
15 34 89.805
15 36 38.677
15 37 17.699
15 37 74.304
15 38 13.047
15 38 73.951
15 39 63.703
15 40 2.048
15 40 3.628
15 40 11.918
15 40 40.977
15 41 69.58
15 41 74.012
15 41 94.961
15 42 4.77
15 42 31.79
15 42 46.584
15 42 86.399
15 43 44.389
15 44 51.721
15 44 59.877
15 44 96.35
15 47 86.162
15 47 87.74
15 49 7.475
15 49 40.945
15 49 65.235
15 49 67.375
15 49 70.037
15 50 67.786
15 50 71.688
15 53 1.203
15 53 57.075
15 54 0.202
15 54 52.535
15 54 59.511
15 54 92.15
15 55 9.408
15 58 21.944
15 58 41.908
15 59 49.48
15 59 89.642
15 60 99.512
15 61 14.713
15 61 18.439
15 61 99.584
15 63 46.27
15 63 49.092
15 64 9.039
15 64 32.482
15 65 19.089
15 65 62.692
15 66 65.308
15 67 11.424
15 67 31.781
15 67 41.06
15 68 97.594
15 69 15.498
15 70 1.751
15 70 29.346
15 71 35.098
15 71 81.618
15 71 85.024
15 73 30.508
15 73 45.096
15 73 96.307
15 75 53.748
15 76 9.006
15 76 11.838
15 76 91.048
15 77 4.273
15 77 16.426
15 78 28.415
15 78 77.705
15 79 35.489
15 80 71.853
15 80 83.773
15 80 94.765
15 82 2.796
15 83 28.297
15 83 50.705
15 84 84.109
15 85 14.034
15 85 31.025
15 85 61.756
15 86 10.73
15 87 86.039
15 90 57.03
15 91 37.026
15 91 60.295
15 91 94.515
15 92 32.637
15 92 54.497
15 92 63.634
15 92 93.765
15 93 38.626
15 93 47.509
15 93 83.749
15 93 84.244
15 94 85.883
15 95 30.792
15 95 47.676
15 95 74.481
15 96 17.153
15 96 47.98
15 97 22.993
15 97 63.373
15 97 73.521
15 98 30.67
15 98 40.417
15 99 27.418
15 99 65.323
16 17 2.729
16 17 82.808
16 18 83.53
16 20 23.353
16 20 62.518
16 23 17.317
16 23 76.86
16 24 78.571
16 25 39.692
16 26 26.318
16 26 34.016
16 27 57.161
16 28 70.754
16 29 52.63
16 29 61.529
16 29 93.319
16 30 51.245
16 31 39.447
16 31 79.2
16 32 2.09
16 32 40.353
16 33 0.513
16 33 55.73
16 33 86.09
16 34 45.103
16 35 31.48
16 37 42.188
16 38 81.362
16 39 58.008
16 42 36.318
16 42 37.827
16 43 8.375
16 43 19.639
16 44 32.996
16 44 46.665
16 45 78.125
16 46 38.248
16 47 91.475
16 49 90.331
16 50 94.639
16 51 37.292
16 52 41.169
16 53 94.567
16 54 46.598
16 54 80.385
16 55 0.512
16 55 18.22
16 55 51.461
16 55 75.872
16 55 79.498
16 57 27.723
16 59 25.308
16 59 54.707
16 60 15.909
16 60 20.383
16 60 92.447
16 61 38.998
16 61 59.776
16 62 48.673
16 62 49.959
16 63 12.786
16 63 36.957
16 66 24.277
16 66 42.314
16 66 63.645
16 67 44.966
16 68 12.502
16 69 48.631
16 69 56.588
16 70 69.405
16 71 67.513
16 72 10.625
16 72 76.165
16 73 9.615
16 73 22.04
16 74 89.396
16 74 92.667
16 75 33.965
16 75 37.396
16 76 80.037
16 77 13.488
16 78 2.234
16 78 5.721
16 78 23.114
16 78 99.747
16 79 3.677
16 79 25.349
16 79 69.055
16 80 60.757
16 80 69.73
16 81 7.245
16 81 16.189
16 81 96.047
16 83 96.575
16 84 63.865
16 84 80.828
16 85 47.189
16 85 56.35
16 86 5.995
16 86 57.707
16 86 87.105
16 87 93.709
16 88 20.262
16 88 48.935
16 88 78.381
16 91 95.417
16 92 11.179
16 93 6.318
16 93 45.798
16 93 84.801
16 94 6.14
16 94 44.96
16 95 35.092
16 96 5.33
16 97 6.195
16 98 18.725
16 98 23.907
16 98 24.434
16 98 28.428
16 98 50.347
16 98 86.055
16 99 16.708
16 99 31.055
16 99 45.946
16 99 65.59
17 18 20.189
17 18 22.41
17 19 94.235
17 20 69.483
17 21 37.224
17 22 23.207
17 24 1.725
17 24 31.748
17 24 95.766
17 24 95.828
17 25 2.66
17 25 34.358
17 25 62.624
17 26 5.211
17 26 50.325
17 27 0.289
17 27 6.973
17 28 75.823
17 29 66.99
17 30 2.535
17 30 21.657
17 31 44.027
17 31 78.223
17 32 49.57
17 32 77.456
17 33 34.704
17 33 41.851
17 33 97.211
17 36 2.685
17 36 12.921
17 36 96.656
17 38 46.795
17 38 98.162
17 39 19.752
17 39 44.354
17 39 63.343
17 40 79.978
17 40 98.095
17 41 41.274
17 43 25.534
17 43 87.496
17 44 13.005
17 44 38.161
17 44 54.37
17 46 84.904
17 47 25.602
17 47 67.358
17 47 81.457
17 48 70.832
17 49 19.268
17 49 68.361
17 50 44.987
17 50 49.706
17 50 82.051
17 51 39.864
17 51 70.925
17 52 20.612
17 52 70.2
17 53 7.884
17 53 44.384
17 55 58.437
17 56 45.227
17 57 49.197
17 57 88.057
17 59 23.833
17 59 62.065
17 60 72.509
17 61 38.323
17 62 72.396
17 62 97.392
17 63 42.637
17 64 44.429
17 64 49.315
17 64 56.55
17 64 77.843
17 65 41.768
17 65 66.18
17 65 73.769
17 65 88.917
17 68 97.685
17 69 17.272
17 69 49.663
17 69 87.907
17 70 80.757
17 70 93.075
17 71 6.63
17 71 68.531
17 72 51.889
17 73 38.019
17 73 50.305
17 73 50.786
17 73 91.203
17 74 4.784
17 74 96.868
17 75 21.925
17 75 42.956
17 75 83.053
17 76 62.333
17 76 84.564
17 77 25.437
17 77 89.526
17 78 38.429
17 78 40.697
17 78 61.111
17 79 47.859
17 80 79.414
17 82 64.556
17 82 65.761
17 83 68.578
17 84 59.246
17 84 82.805
17 85 37.764
17 87 52.168
17 87 62.354
17 87 67.573
17 87 89.2
17 89 12.848
17 90 10.674
17 90 38.17
17 91 8.431
17 91 31.895
17 91 32.055
17 91 53.443
17 92 44.424
17 93 14.907
17 93 29.418
17 94 70.056
17 96 4.581
17 96 88.819
17 97 26.571
17 97 74.334
17 98 96.651
18 19 31.032
18 19 93.313
18 20 47.498
18 21 3.567
18 22 41.436
18 22 60.535
18 22 93.683
18 23 23.576
18 23 65.53
18 24 18.68
18 24 27.846
18 24 31.233
18 24 71.451
18 25 73.157
18 25 86.504
18 25 87.939
18 25 98.164
18 26 13.58
18 26 75.711
18 27 94.934
18 28 13.574
18 28 25.128
18 28 41.55
18 30 63.044
18 32 62.648
18 33 85.401
18 34 22.525
18 34 45.752
18 35 53.062
18 35 54.353
18 36 94.652
18 38 43.845
18 38 96.226
18 39 52.855
18 41 42.872
18 41 57.152
18 42 26.224
18 43 10.064
18 44 26.964
18 45 11.874
18 46 34.454
18 46 75.871
18 46 91.164
18 47 21.582
18 47 31.624
18 47 65.513
18 48 48.44
18 49 0.151
18 49 47.014
18 49 92.405
18 50 9.301
18 50 14.378
18 50 41.895
18 50 54.494
18 51 3.281
18 51 52.56
18 51 63.52
18 51 86.311
18 52 14.546
18 52 43.973
18 52 72.042
18 53 9.462
18 53 31.855
18 53 53.621
18 55 7.678
18 55 75.317
18 55 96.271
18 56 70.812
18 58 16.34
18 58 34.244
18 58 64.818
18 59 66.493
18 59 73.047
18 60 20.822
18 61 32.557
18 62 35.878
18 62 41.69
18 63 43.143
18 63 51.378
18 64 17.267
18 64 58.023
18 64 71.727
18 65 42.236
18 65 48.523
18 65 53.733
18 65 99.973
18 66 45.804
18 66 50.866
18 66 86.02
18 66 97.216
18 67 12.409
18 67 69.105
18 69 82.488
18 70 72.627
18 71 26.36
18 71 60.742
18 71 91.321
18 72 49.354
18 73 14.548
18 73 15.187
18 73 34.685
18 73 34.952
18 74 51.541
18 74 54.653
18 75 66.994
18 76 39.541
18 76 69.234
18 76 71.611
18 77 45.968
18 78 65.506
18 78 88.946
18 79 95.654
18 80 27.761
18 80 37.763
18 81 49.355
18 81 56.835
18 81 85.417
18 83 14.796
18 83 36.796
18 85 3.766
18 85 8.89
18 85 8.964
18 85 67.82
18 86 16.271
18 87 13.062
18 87 34.383
18 88 64.719
18 89 96.549
18 91 47.422
18 92 22.573
18 92 89.19
18 93 85.842
18 94 30.886
18 94 56.458
18 94 90.404
18 95 64.918
18 95 91.386
18 95 96.159
18 97 25.396
18 97 56.764
18 97 93.02
18 98 41.106
18 98 43.777
18 98 91.599
18 98 98.321
18 99 24.55
18 99 82.375
19 20 50.918
19 20 82.948
19 21 12.665
19 21 56.789
19 22 23.797
19 22 31.558
19 22 72.655
19 23 71.64
19 24 16.376
19 24 55.997
19 24 59.033
19 24 94.445
19 25 70.733
19 26 31.146
19 26 44.84
19 28 34.742
19 28 53.5
19 29 61.6
19 29 66.382
19 29 70.89
19 29 90.224
19 29 92.5
19 31 35.873
19 31 99.94
19 32 35.81
19 32 99.069
19 33 7.304
19 35 20.561
19 35 30.109
19 35 78.35
19 35 95.757
19 36 82.105
19 37 16.616
19 37 27.132
19 37 31.021
19 37 39.352
19 37 50.152
19 37 60.164
19 37 60.517
19 38 1.537
19 38 80.761
19 38 86.538
19 40 26.336
19 40 96.545
19 42 0.425
19 42 7.536
19 42 8.585
19 42 24.028
19 42 74.729
19 44 77.038
19 44 82.391
19 45 36.836
19 45 93.853
19 46 15.531
19 47 41.672
19 47 80.837
19 48 82.007
19 50 65.12
19 51 50.296
19 51 83.512
19 52 31.43
19 52 64.989
19 54 46.371
19 54 69.676
19 55 5.778
19 56 51.739
19 56 61.896
19 56 87.95
19 56 89.382
19 57 89.333
19 59 5.995
19 59 58.975
19 60 13.893
19 60 64.203
19 61 19.566
19 61 42.241
19 61 57.335
19 62 57.753
19 64 11.924
19 64 42.865
19 64 47.424
19 64 73.803
19 64 74.192
19 65 18.208
19 65 21.782
19 67 17.248
19 67 71.075
19 69 19.939
19 69 38.403
19 69 55.716
19 72 10.151
19 72 33.801
19 72 82.56
19 73 12.092
19 74 79.33
19 75 14.693
19 75 46.801
19 75 84.027
19 75 90.655
19 77 90.745
19 78 23.774
19 78 36.738
19 78 42.964
19 78 69.163
19 79 19.726
19 80 2.364
19 80 32.0
19 80 36.986
19 80 49.628
19 81 38.769
19 82 52.606
19 83 88.534
19 83 90.454
19 83 93.147
19 84 17.173
19 84 31.21
19 85 7.162
19 85 59.083
19 85 77.827
19 85 90.167
19 86 8.709
19 86 88.231
19 87 59.014
19 88 76.631
19 88 95.265
19 89 47.852
19 89 67.746
19 89 94.025
19 90 36.465
19 91 45.246
19 91 66.072
19 91 99.135
19 92 61.034
19 93 34.516
19 93 44.72
19 94 14.292
19 94 92.253
19 95 53.647
19 96 53.564
19 96 80.682
19 97 13.711
19 98 48.763
19 99 73.858
20 21 25.573
20 21 33.782
20 21 47.52
20 23 68.074
20 24 0.762
20 24 42.664
20 24 76.095
20 25 21.918
20 25 93.31
20 26 86.393
20 27 43.109
20 27 57.328
20 27 66.34
20 27 72.05
20 29 90.559
20 30 39.858
20 30 63.71
20 30 90.707
20 30 90.899
20 31 96.644
20 32 12.981
20 32 59.452
20 33 0.984
20 33 31.906
20 33 67.551
20 34 1.416
20 34 64.317
20 34 65.283
20 34 76.517
20 34 99.482
20 35 10.512
20 35 31.14
20 35 85.393
20 36 19.703
20 37 20.483
20 38 71.004
20 39 1.265
20 39 7.23
20 39 11.113
20 39 90.933
20 41 18.556
20 41 53.971
20 41 90.212
20 43 55.441
20 43 68.981
20 44 20.584
20 44 38.023
20 46 2.483
20 46 76.085
20 46 97.456
20 47 36.719
20 49 20.084
20 49 38.19
20 49 70.363
20 49 72.401
20 49 93.235
20 51 23.265
20 51 46.867
20 51 75.662
20 51 96.604
20 52 54.736
20 52 61.149
20 52 73.46
20 52 84.218
20 53 22.849
20 53 72.755
20 54 36.168
20 54 86.842
20 55 52.445
20 55 92.419
20 56 66.012
20 56 84.984
20 57 64.662
20 58 94.914
20 60 9.048
20 60 89.708
20 61 30.064
20 61 69.588
20 61 78.318
20 61 89.216
20 62 40.903
20 63 43.287
20 64 60.13
20 64 90.61
20 65 82.256
20 66 33.171
20 66 65.822
20 66 73.289
20 67 49.204
20 67 98.656
20 68 8.237
20 68 89.064
20 69 91.328
20 70 21.235
20 70 79.107
20 71 53.591
20 72 11.944
20 73 5.269
20 74 51.311
20 74 77.4
20 75 5.155
20 75 29.486
20 75 32.813
20 75 57.042
20 77 27.381
20 77 63.572
20 77 73.314
20 78 75.239
20 79 51.126
20 80 6.099
20 80 19.303
20 80 60.945
20 81 43.172
20 82 8.375
20 83 48.142
20 84 20.256
20 85 87.382
20 86 17.951
20 86 59.86
20 86 98.165
20 87 80.732
20 88 65.06
20 89 18.64
20 90 4.331
20 90 9.675
20 90 82.298
20 91 78.249
20 92 24.966
20 94 4.708
20 94 66.49
20 94 71.374
20 95 8.438
20 95 35.807
20 96 30.019
20 97 41.406
20 97 64.166
20 97 87.283
20 98 2.034
20 98 25.284
20 98 30.166
20 98 31.472
20 98 39.687
20 98 95.848
20 99 37.218
20 99 42.448
20 99 48.881
20 99 50.964
20 99 75.168
20 99 77.036
20 99 87.447
21 23 44.828
21 24 27.744
21 24 57.538
21 24 62.334
21 24 90.716
21 25 39.104
21 25 39.666
21 25 50.129
21 25 69.507
21 26 59.573
21 26 94.574
21 27 73.198
21 27 87.351
21 27 88.028
21 28 1.504
21 28 23.4
21 28 74.61
21 29 23.735
21 29 55.184
21 30 52.85
21 30 67.56
21 30 76.186
21 31 16.526
21 31 36.943
21 33 0.942
21 33 21.245
21 33 85.257
21 34 7.095
21 35 87.769
21 36 56.302
21 36 61.005
21 36 69.658
21 36 75.205
21 36 82.792
21 38 23.796
21 38 48.514
21 39 55.575
21 40 11.28
21 42 30.745
21 42 48.14
21 43 4.603
21 44 35.701
21 45 4.599
21 46 43.196
21 46 54.934
21 47 66.772
21 47 83.194
21 48 19.854
21 48 59.304
21 49 50.301
21 49 77.5
21 50 4.052
21 50 95.935
21 52 94.97
21 53 51.917
21 53 75.415
21 54 19.743
21 55 33.688
21 58 92.656
21 60 64.444
21 61 56.681
21 61 69.12
21 62 24.925
21 62 26.559
21 63 0.661
21 63 7.205
21 64 2.082
21 64 61.856
21 64 74.889
21 66 6.166
21 66 19.058
21 66 27.125
21 66 57.179
21 67 7.892
21 67 37.048
21 68 38.923
21 68 42.786
21 69 0.787
21 69 14.316
21 69 45.531
21 69 97.808
21 70 41.503
21 72 65.907
21 72 73.687
21 72 89.377
21 73 9.272
21 73 49.521
21 73 55.352
21 74 61.034
21 75 0.563
21 76 39.931
21 77 4.649
21 77 31.236
21 77 50.016
21 77 69.632
21 78 44.762
21 79 59.597
21 80 14.723
21 81 45.851
21 83 97.914
21 84 60.367
21 85 48.967
21 86 95.47
21 87 1.492
21 87 57.968
21 87 82.162
21 88 21.735
21 88 97.749
21 89 7.14
21 89 16.135
21 90 25.292
21 90 61.874
21 91 51.125
21 92 51.269
21 92 60.539
21 93 56.747
21 94 13.658
21 94 37.653
21 96 32.011
21 96 53.114
21 97 48.572
21 98 0.991
21 99 4.064
22 23 25.895
22 23 77.025
22 24 14.842
22 25 18.086
22 25 39.235
22 25 96.808
22 26 16.306
22 28 22.274
22 28 33.708
22 28 51.022
22 28 75.009
22 29 35.559
22 29 46.835
22 30 54.733
22 31 23.317
22 31 29.213
22 31 42.99
22 31 44.131
22 32 56.534
22 32 59.388
22 34 52.83
22 35 66.04
22 36 34.549
22 36 87.682
22 37 22.051
22 37 25.872
22 37 86.964
22 39 32.136
22 40 2.37
22 40 9.24
22 42 13.545
22 43 62.691
22 44 79.131
22 45 9.373
22 45 16.339
22 46 45.685
22 46 77.399
22 46 96.657
22 48 11.702
22 48 20.786
22 49 14.462
22 49 56.446
22 50 26.317
22 50 49.831
22 50 81.698
22 51 72.13
22 51 74.164
22 52 26.197
22 52 72.548
22 53 25.208
22 53 37.801
22 54 27.311
22 54 80.847
22 55 46.34
22 56 60.906
22 56 67.573
22 57 49.016
22 57 54.687
22 57 59.796
22 58 61.132
22 60 31.688
22 60 68.663
22 61 78.943
22 62 24.263
22 62 45.478
22 62 68.862
22 63 8.191
22 63 92.59
22 65 3.702
22 66 4.857
22 67 80.075
22 67 80.464
22 67 87.092
22 69 71.913
22 70 97.602
22 71 25.14
22 73 3.51
22 73 5.839
22 76 32.354
22 76 55.802
22 77 5.869
22 77 54.732
22 77 95.673
22 78 22.645
22 79 44.028
22 80 37.939
22 81 92.457
22 82 47.437
22 82 68.456
22 82 95.895
22 84 40.478
22 84 75.194
22 86 95.645
22 87 60.868
22 88 16.248
22 89 34.176
22 89 92.983
22 93 82.688
22 95 78.557
22 95 81.136
22 96 18.386
22 96 93.707
22 97 10.527
22 97 35.024
22 97 95.863
22 98 61.777
22 99 17.153
22 99 28.52
22 99 30.431
22 99 46.469
23 24 90.268
23 28 20.281
23 28 99.673
23 29 21.475
23 29 84.749
23 32 26.497
23 33 1.496
23 33 38.531
23 33 52.646
23 34 8.789
23 34 51.411
23 34 91.467
23 35 0.031
23 36 1.364
23 36 64.401
23 36 69.66
23 37 10.805
23 37 20.921
23 37 81.119
23 39 70.199
23 39 89.659
23 41 6.15
23 41 55.457
23 41 98.231
23 42 39.886
23 42 88.867
23 43 40.317
23 44 21.072
23 44 42.919
23 44 45.068
23 44 48.58
23 44 81.403
23 45 26.403
23 45 53.104
23 45 88.986
23 46 10.893
23 46 29.642
23 46 83.265
23 47 16.747
23 47 45.447
23 47 59.707
23 47 82.281
23 48 11.925
23 48 20.821
23 48 65.621
23 48 68.688
23 48 76.546
23 49 94.487
23 50 89.611
23 50 97.757
23 51 87.412
23 54 57.484
23 55 28.097
23 55 43.989
23 56 27.951
23 58 74.064
23 59 30.217
23 59 94.373
23 60 16.128
23 60 53.498
23 60 66.102
23 61 20.281
23 62 29.818
23 62 77.489
23 62 92.844
23 63 50.012
23 65 7.405
23 66 32.55
23 66 73.716
23 66 92.282
23 66 99.258
23 67 76.918
23 68 31.402
23 69 14.432
23 69 79.42
23 70 1.236
23 70 84.781
23 71 27.809
23 71 71.999
23 72 24.423
23 72 33.717
23 73 15.495
23 74 12.051
23 74 73.504
23 74 77.361
23 76 4.535
23 76 19.021
23 76 66.267
23 76 88.334
23 77 18.366
23 77 80.97
23 79 49.57
23 79 77.139
23 80 31.332
23 80 49.168
23 82 82.558
23 84 31.074
23 84 77.875
23 84 93.666
23 85 43.848
23 86 53.091
23 86 84.248
23 88 25.56
23 91 64.369
23 91 68.894
23 92 23.029
23 92 59.532
23 93 5.3
23 93 67.333
23 93 93.852
23 94 53.918
23 94 55.372
23 95 65.485
23 96 85.35
23 97 81.214
23 97 93.304
23 99 14.498
23 99 34.961
23 99 84.881
24 25 43.749
24 25 64.102
24 25 88.919
24 26 26.5
24 26 75.975
24 26 99.561
24 27 51.533
24 28 17.109
24 28 28.915
24 29 45.052
24 29 74.005
24 30 81.703
24 31 62.753
24 32 1.344
24 32 15.732
24 32 26.072
24 33 2.757
24 33 49.758
24 33 94.467
24 36 31.981
24 37 5.614
24 37 32.753
24 37 35.264
24 38 9.221
24 39 29.281
24 40 35.719
24 40 76.409
24 41 38.21
24 42 64.335
24 42 68.346
24 43 69.012
24 43 78.371
24 44 2.286
24 44 65.593
24 45 50.106
24 45 93.738
24 46 12.07
24 46 53.343
24 46 83.387
24 47 32.438
24 48 23.506
24 48 55.128
24 48 78.02
24 48 86.343
24 49 34.133
24 49 67.981
24 50 47.744
24 51 21.328
24 52 5.924
24 52 11.153
24 52 15.806
24 52 26.956
24 52 91.055
24 53 64.278
24 54 33.818
24 54 74.872
24 55 44.257
24 55 57.239
24 56 46.85
24 56 56.88
24 56 95.925
24 57 35.377
24 58 8.842
24 58 62.382
24 59 33.676
24 61 35.905
24 61 90.331
24 62 29.067
24 63 38.464
24 63 56.819
24 63 76.429
24 64 69.868
24 65 16.372
24 65 32.957
24 69 12.635
24 69 42.152
24 70 3.925
24 70 22.286
24 71 9.167
24 71 15.16
24 71 48.839
24 71 59.617
24 72 2.077
24 72 4.529
24 72 83.456
24 74 99.962
24 76 71.223
24 78 11.102
24 78 48.256
24 79 10.164
24 79 66.02
24 79 93.29
24 79 99.12
24 81 33.271
24 81 45.259
24 83 19.074
24 83 83.488
24 85 3.292
24 85 39.329
24 87 79.639
24 88 8.022
24 88 58.519
24 88 63.967
24 89 5.338
24 90 18.103
24 90 56.343
24 90 57.003
24 90 62.602
24 90 95.163
24 91 18.382
24 91 39.207
24 92 26.29
24 92 58.199
24 93 30.489
24 93 46.993
24 93 55.984
24 93 68.221
24 93 85.9
24 95 47.582
24 95 99.368
24 96 21.737
24 97 38.174
24 98 24.095
24 98 62.435
24 98 94.495
24 99 2.716
24 99 3.922
24 99 37.905
25 26 33.286
25 26 41.213
25 26 90.038
25 27 9.367
25 29 58.818
25 31 8.613
25 31 25.804
25 35 71.725
25 36 63.743
25 36 94.749
25 38 0.569
25 38 38.012
25 38 55.101
25 38 87.465
25 39 57.646
25 39 68.598
25 40 29.985
25 40 46.377
25 43 46.101
25 43 85.128
25 44 21.698
25 44 60.216
25 44 66.126
25 44 99.943
25 45 69.715
25 46 95.188
25 48 28.723
25 49 23.164
25 50 19.59
25 50 42.375
25 52 19.265
25 52 43.743
25 52 94.322
25 54 64.647
25 56 45.347
25 56 75.996
25 57 53.027
25 57 74.564
25 57 75.74
25 58 46.396
25 58 66.453
25 58 66.974
25 58 84.231
25 59 32.612
25 59 33.531
25 59 43.429
25 59 56.562
25 60 67.264
25 61 27.052
25 61 35.852
25 61 89.62
25 62 84.021
25 63 80.766
25 65 31.39
25 65 55.441
25 66 50.198
25 66 60.645
25 66 69.841
25 66 96.534
25 67 5.663
25 67 27.735
25 67 69.172
25 67 92.79
25 68 4.624
25 68 5.686
25 68 39.443
25 69 1.257
25 69 37.116
25 70 37.728
25 71 60.634
25 72 74.687
25 73 91.151
25 75 60.293
25 75 84.487
25 76 84.732
25 76 90.668
25 77 22.448
25 77 55.213
25 78 2.709
25 78 87.553
25 79 35.195
25 79 38.784
25 79 59.955
25 82 18.993
25 82 91.052
25 82 96.244
25 83 8.206
25 83 46.383
25 83 48.764
25 83 75.895
25 84 3.671
25 84 45.156
25 85 37.535
25 86 31.12
25 86 81.944
25 90 9.551
25 90 93.644
25 91 43.758
25 92 99.208
25 93 92.014
25 94 15.474
25 94 25.783
25 94 83.023
25 95 16.834
25 95 44.267
25 95 50.02
25 95 61.509
25 95 72.361
25 96 38.861
25 97 79.987
25 98 29.834
25 98 47.591
25 98 49.932
25 99 80.737
26 27 3.159
26 27 7.79
26 27 23.826
26 27 50.738
26 27 68.189
26 29 7.122
26 31 64.121
26 32 98.67
26 33 41.985
26 33 47.997
26 34 9.55
26 35 35.526
26 36 94.846
26 38 23.807
26 39 20.137
26 39 95.178
26 40 20.503
26 40 43.262
26 40 71.256
26 40 82.153
26 40 97.182
26 41 2.164
26 41 34.904
26 42 80.211
26 43 15.243
26 43 64.153
26 43 64.764
26 43 75.689
26 43 87.395
26 44 32.151
26 44 74.4
26 45 10.651
26 45 34.908
26 46 40.746
26 47 62.693
26 48 45.947
26 48 86.474
26 50 22.978
26 50 67.067
26 50 92.036
26 50 95.567
26 51 21.511
26 52 83.721
26 52 93.073
26 53 28.202
26 53 39.986
26 53 69.811
26 54 40.212
26 54 62.633
26 54 80.85
26 56 42.449
26 56 43.032
26 56 64.878
26 56 98.335
26 57 4.869
26 59 3.827
26 59 62.442
26 59 96.875
26 60 12.255
26 60 13.638
26 60 40.703
26 62 99.705
26 63 14.197
26 63 47.469
26 64 4.63
26 64 6.396
26 65 91.178
26 67 0.479
26 67 50.436
26 67 51.752
26 68 86.962
26 69 82.09
26 71 25.615
26 71 37.962
26 72 8.199
26 72 15.195
26 73 40.936
26 73 62.151
26 73 71.288
26 74 42.347
26 74 46.907
26 76 19.077
26 76 29.499
26 77 37.487
26 78 96.083
26 79 54.591
26 80 4.918
26 80 47.671
26 81 5.432
26 81 28.857
26 82 92.354
26 83 9.296
26 83 55.225
26 85 22.247
26 85 51.405
26 85 83.225
26 87 11.463
26 87 82.117
26 88 35.432
26 88 74.069
26 89 36.42
26 89 44.284
26 89 94.046
26 91 9.321
26 92 15.291
26 92 18.319
26 92 69.489
26 93 82.963
26 94 51.446
26 95 8.485
26 96 30.345
26 96 40.769
26 98 64.168
26 99 71.467
27 28 0.145
27 28 13.459
27 28 97.452
27 29 18.855
27 30 16.207
27 30 76.087
27 32 39.94
27 32 74.389
27 33 16.904
27 33 24.862
27 33 25.223
27 33 58.265
27 33 97.476
27 34 6.781
27 35 20.045
27 35 25.188
27 36 32.457
27 36 91.149
27 37 46.869
27 39 22.346
27 39 24.315
27 39 38.695
27 39 61.757
27 39 73.887
27 39 96.572
27 40 13.86
27 40 17.038
27 40 55.729
27 40 74.691
27 40 97.599
27 40 98.881
27 42 15.446
27 42 59.559
27 43 23.604
27 43 25.28
27 43 29.589
27 43 31.466
27 45 85.532
27 46 17.817
27 46 21.481
27 46 25.741
27 47 96.023
27 48 68.384
27 48 92.27
27 49 20.326
27 49 43.784
27 50 72.579
27 51 15.378
27 51 44.577
27 52 66.568
27 53 23.815
27 53 79.153
27 55 6.693
27 55 7.795
27 55 56.121
27 55 94.154
27 56 47.866
27 56 74.576
27 57 14.598
27 58 28.148
27 58 30.341
27 58 93.726
27 58 97.09
27 59 15.7
27 59 26.898
27 60 20.465
27 61 35.507
27 61 35.64
27 61 74.071
27 61 92.267
27 62 72.06
27 62 75.377
27 63 7.653
27 63 14.395
27 63 29.23
27 64 64.636
27 65 38.326
27 68 31.97
27 68 38.24
27 69 86.938
27 70 30.001
27 71 8.125
27 71 21.542
27 73 55.573
27 73 92.064
27 75 28.361
27 75 51.171
27 75 76.493
27 77 45.06
27 78 12.283
27 78 61.212
27 78 88.765
27 80 60.049
27 81 94.482
27 82 97.796
27 83 0.067
27 83 82.142
27 84 54.461
27 85 0.096
27 85 35.955
27 87 34.641
27 87 79.094
27 88 24.927
27 90 30.685
27 91 10.914
27 91 55.786
27 91 86.239
27 92 55.289
27 92 59.084
27 92 93.63
27 93 12.744
27 93 33.158
27 94 4.331
27 94 29.101
27 94 82.877
27 95 9.903
27 95 88.585
27 96 68.569
27 99 6.188
27 99 43.806
28 29 6.497
28 29 12.978
28 29 59.23
28 30 18.94
28 30 68.823
28 31 43.816
28 31 44.648
28 31 85.146
28 31 97.131
28 32 28.358
28 32 79.271
28 32 88.674
28 33 22.343
28 33 65.621
28 33 67.969
28 33 68.317
28 34 5.296
28 34 49.371
28 35 17.159
28 35 33.44
28 35 33.893
28 35 35.625
28 36 9.721
28 36 61.636
28 37 17.477
28 37 21.803
28 37 53.25
28 38 33.715
28 38 62.237
28 39 60.647
28 40 16.162
28 40 78.353
28 40 83.404
28 41 4.102
28 41 60.093
28 41 73.989
28 42 46.529
28 42 56.119
28 42 87.716
28 43 3.028
28 43 45.404
28 44 64.959
28 45 12.091
28 45 12.651
28 46 65.537
28 47 23.073
28 47 58.363
28 47 74.083
28 49 6.745
28 49 66.97
28 49 90.003
28 50 0.894
28 50 36.266
28 50 82.548
28 51 11.222
28 51 48.835
28 51 72.461
28 54 40.135
28 54 51.769
28 55 12.302
28 55 28.521
28 55 47.457
28 55 60.992
28 56 21.497
28 58 3.544
28 58 40.505
28 58 60.755
28 59 6.688
28 59 36.286
28 59 88.108
28 59 93.262
28 61 83.996
28 61 94.366
28 62 6.078
28 62 28.057
28 62 35.642
28 62 63.122
28 63 37.523
28 63 74.009
28 64 17.553
28 64 22.697
28 64 96.135
28 65 56.953
28 66 73.493
28 66 76.242
28 67 52.724
28 68 26.317
28 68 69.232
28 69 58.698
28 69 91.882
28 70 74.752
28 71 39.569
28 71 56.028
28 71 72.087
28 72 12.415
28 73 18.6
28 74 32.983
28 74 78.264
28 74 87.969
28 76 1.042
28 76 21.351
28 76 38.432
28 76 48.759
28 78 49.488
28 78 86.846
28 79 56.824
28 81 13.258
28 82 15.425
28 82 73.604
28 82 95.395
28 82 98.074
28 83 79.802
28 84 55.496
28 84 65.504
28 85 90.217
28 86 31.453
28 86 91.801
28 87 34.239
28 87 55.137
28 87 93.424
28 88 8.861
28 88 29.136
28 88 49.778
28 89 23.114
28 89 54.267
28 89 72.987
28 90 14.268
28 90 76.76
28 92 83.278
28 93 30.197
28 93 87.924
28 94 66.146
28 95 22.603
28 96 32.462
28 96 39.71
28 97 44.007
28 97 60.861
28 97 86.249
28 98 12.003
28 98 60.244
28 99 33.474
29 30 1.945
29 30 73.647
29 33 4.127
29 33 70.957
29 34 3.429
29 36 36.845
29 37 0.726
29 37 68.243
29 37 70.335
29 38 75.254
29 39 9.237
29 39 15.344
29 39 17.593
29 40 42.867
29 40 65.5
29 40 96.599
29 41 72.653
29 42 13.278
29 42 49.846
29 42 85.571
29 43 20.238
29 43 23.204
29 43 56.383
29 45 2.445
29 45 32.788
29 45 61.719
29 46 69.019
29 46 69.345
29 47 79.627
29 47 86.515
29 47 92.341
29 48 43.985
29 48 76.245
29 49 6.516
29 49 11.038
29 49 51.25
29 49 62.798
29 49 91.721
29 51 1.492
29 51 88.257
29 51 89.679
29 52 10.508
29 52 65.183
29 52 90.879
29 53 17.476
29 54 38.167
29 55 23.273
29 55 90.127
29 55 91.568
29 56 57.801
29 56 82.079
29 57 60.756
29 57 86.251
29 58 95.396
29 59 5.638
29 59 86.434
29 60 25.192
29 60 35.398
29 60 97.512
29 61 3.727
29 61 81.261
29 62 60.177
29 62 68.172
29 63 26.356
29 63 56.011
29 65 19.173
29 65 90.454
29 66 52.882
29 66 67.66
29 66 92.876
29 67 36.448
29 68 33.532
29 68 92.648
29 69 9.784
29 69 90.095
29 69 92.481
29 70 95.023
29 70 99.474
29 71 0.654
29 71 90.718
29 72 80.899
29 73 46.873
29 73 64.75
29 74 12.001
29 74 80.861
29 76 7.111
29 76 7.411
29 76 32.056
29 77 8.267
29 77 25.08
29 77 46.916
29 77 52.846
29 77 70.571
29 78 20.736
29 78 24.478
29 78 56.537
29 79 65.161
29 80 43.606
29 84 42.641
29 84 81.756
29 86 30.689
29 86 64.293
29 88 21.67
29 88 94.979
29 89 99.277
29 90 63.974
29 91 26.567
29 93 31.896
29 93 45.563
29 93 48.533
29 94 8.495
29 94 16.048
29 94 79.684
29 94 87.227
29 95 71.682
29 96 72.988
29 97 27.917
29 99 76.694
30 32 25.757
30 32 51.567
30 33 0.365
30 35 26.14
30 35 82.578
30 36 16.419
30 36 44.284
30 37 77.768
30 38 87.152
30 39 36.625
30 39 39.136
30 40 16.682
30 41 16.111
30 41 18.866
30 41 72.497
30 43 4.732
30 44 20.799
30 45 21.381
30 45 46.93
30 45 58.519
30 46 5.884
30 46 75.325
30 46 98.807
30 47 63.749
30 49 12.253
30 49 30.15
30 51 17.615
30 51 78.977
30 52 44.01
30 52 89.275
30 54 40.457
30 54 55.691
30 54 66.366
30 55 42.236
30 55 46.379
30 56 80.584
30 57 41.028
30 58 46.911
30 58 67.841
30 58 75.163
30 58 99.469
30 59 46.125
30 60 97.192
30 62 51.623
30 63 70.947
30 64 94.02
30 65 22.491
30 65 23.418
30 65 27.465
30 65 42.787
30 65 85.218
30 66 48.383
30 66 57.037
30 67 97.162
30 68 88.702
30 69 51.057
30 70 99.214
30 72 5.658
30 72 77.713
30 72 90.978
30 74 2.472
30 74 34.991
30 74 95.108
30 75 12.116
30 76 50.815
30 76 96.019
30 77 29.009
30 77 63.773
30 77 99.433
30 78 20.179
30 78 52.409
30 80 18.821
30 81 44.386
30 81 72.307
30 81 86.092
30 82 70.117
30 83 49.389
30 83 99.613
30 84 75.307
30 85 28.441
30 86 29.74
30 86 60.321
30 86 86.901
30 89 14.466
30 89 73.623
30 89 77.748
30 90 6.143
30 91 31.34
30 91 47.43
30 91 64.723
30 92 35.444
30 92 53.78
30 93 23.327
30 93 73.043
30 94 4.234
30 96 41.718
30 97 82.685
30 98 36.965
30 98 61.707
30 98 75.716
30 99 5.543
30 99 48.578
31 32 26.601
31 33 90.407
31 34 3.941
31 34 19.146
31 34 19.626
31 34 41.147
31 34 54.863
31 34 78.8
31 35 0.245
31 35 85.57
31 36 72.866
31 37 8.606
31 40 65.433
31 42 20.757
31 42 97.356
31 45 43.056
31 45 61.762
31 45 90.177
31 46 76.04
31 47 67.167
31 48 56.347
31 49 80.312
31 51 81.221
31 52 63.948
31 55 63.264
31 56 16.442
31 56 90.818
31 57 45.882
31 58 30.755
31 58 52.195
31 58 89.959
31 59 5.361
31 59 23.372
31 60 14.085
31 60 46.073
31 60 78.565
31 61 5.34
31 61 19.873
31 61 84.124
31 63 9.47
31 63 48.907
31 63 78.104
31 65 17.26
31 65 27.915
31 65 63.987
31 67 32.013
31 67 64.143
31 67 76.794
31 67 88.917
31 67 92.359
31 67 97.729
31 68 5.354
31 68 75.716
31 68 76.77
31 69 74.889
31 70 98.216
31 71 52.878
31 72 64.864
31 73 60.656
31 73 76.624
31 73 80.918
31 74 49.438
31 75 3.397
31 75 5.255
31 75 70.823
31 76 11.149
31 76 92.324
31 78 67.735
31 78 71.363
31 78 74.717
31 79 1.977
31 80 15.323
31 82 86.102
31 83 22.222
31 83 39.62
31 84 5.507
31 84 64.004
31 85 21.432
31 85 39.482
31 85 89.003
31 86 12.256
31 86 22.502
31 86 34.479
31 86 36.391
31 86 56.704
31 87 21.614
31 87 62.735
31 88 34.369
31 88 82.82
31 89 55.834
31 89 77.92
31 89 81.287
31 90 5.575
31 90 34.356
31 90 75.792
31 91 6.889
31 91 7.416
31 91 26.257
31 91 90.327
31 91 93.878
31 92 22.633
31 93 33.864
31 93 87.225
31 95 32.916
31 96 20.471
31 96 55.381
31 96 58.948
31 96 60.773
31 96 75.314
31 98 51.754
31 98 67.549
31 98 76.873
31 98 95.986
31 99 6.93
31 99 16.865
31 99 66.01
32 33 16.869
32 33 45.843
32 34 52.174
32 34 78.245
32 35 35.76
32 35 76.099
32 37 11.35
32 37 24.84
32 38 77.65
32 40 59.578
32 41 1.969
32 41 5.163
32 42 17.96
32 42 88.977
32 43 10.953
32 43 17.831
32 46 57.436
32 48 81.213
32 49 70.464
32 51 51.006
32 51 71.543
32 53 66.749
32 53 74.045
32 54 3.324
32 54 9.468
32 54 34.038
32 54 36.592
32 55 29.026
32 55 30.193
32 55 43.199
32 56 49.339
32 56 69.624
32 57 99.116
32 58 68.008
32 59 33.733
32 62 74.906
32 62 82.709
32 63 70.403
32 64 5.815
32 64 31.22
32 66 28.793
32 66 59.272
32 67 43.879
32 67 59.821
32 67 62.348
32 67 64.558
32 68 63.095
32 69 27.349
32 69 42.04
32 70 22.535
32 73 46.84
32 73 80.453
32 73 89.046
32 74 66.502
32 76 7.827
32 77 76.83
32 78 70.111
32 78 78.685
32 78 82.049
32 79 0.282
32 79 2.399
32 79 47.499
32 79 97.475
32 80 5.121
32 80 74.031
32 81 62.327
32 81 80.555
32 82 73.088
32 83 62.2
32 84 14.999
32 84 47.596
32 85 24.765
32 85 96.12
32 86 14.926
32 86 22.013
32 86 75.025
32 87 1.649
32 87 55.947
32 88 17.301
32 88 31.153
32 89 81.407
32 92 46.599
32 92 85.041
32 93 12.923
32 93 41.159
32 94 15.879
32 94 16.982
32 94 20.353
32 95 4.921
32 95 67.002
32 95 80.087
32 96 60.592
32 97 11.132
32 97 28.634
32 98 22.829
32 98 90.468
32 98 96.656
32 99 56.239
33 34 18.043
33 34 80.198
33 34 84.017
33 35 27.769
33 36 27.421
33 36 47.98
33 36 66.302
33 36 89.098
33 37 52.747
33 37 70.784
33 38 37.668
33 39 22.044
33 39 94.46
33 40 11.518
33 40 52.214
33 40 58.571
33 41 85.976
33 41 92.524
33 42 21.976
33 42 29.75
33 42 80.7
33 43 70.593
33 44 9.672
33 45 23.713
33 45 81.879
33 46 72.108
33 47 26.984
33 48 40.011
33 51 25.5
33 51 51.0
33 51 53.432
33 52 7.447
33 53 21.917
33 54 21.56
33 54 68.492
33 54 76.341
33 54 82.915
33 55 4.78
33 55 46.618
33 56 15.013
33 57 5.369
33 57 77.949
33 58 33.123
33 58 42.897
33 58 63.675
33 58 64.059
33 59 35.611
33 59 78.769
33 61 30.243
33 62 45.003
33 62 71.6
33 63 6.787
33 63 94.956
33 64 11.458
33 64 85.186
33 67 11.915
33 67 83.742
33 68 12.652
33 69 47.375
33 70 6.453
33 70 54.897
33 70 73.313
33 71 73.648
33 72 93.043
33 73 0.164
33 73 57.433
33 74 28.279
33 74 59.383
33 74 89.414
33 75 48.378
33 76 86.856
33 77 30.506
33 79 66.598
33 80 7.462
33 80 8.246
33 80 77.097
33 84 10.645
33 84 37.252
33 84 37.354
33 84 57.651
33 84 75.124
33 85 18.937
33 85 22.031
33 85 38.378
33 87 21.622
33 90 20.488
33 90 31.92
33 90 61.552
33 90 98.864
33 91 22.893
33 91 65.686
33 92 53.326
33 93 18.652
33 93 56.689
33 93 74.259
33 95 34.528
33 95 71.69
33 98 29.723
33 98 89.291
33 98 96.096
33 99 38.187
33 99 39.429
34 35 7.093
34 35 39.977
34 36 12.756
34 36 16.865
34 36 20.89
34 38 12.709
34 38 15.716
34 38 28.83
34 38 73.134
34 41 22.462
34 41 86.014
34 42 21.24
34 43 14.469
34 43 24.209
34 43 59.689
34 43 65.123
34 44 8.696
34 44 17.81
34 44 34.495
34 45 37.297
34 45 62.866
34 47 40.205
34 48 33.546
34 48 79.849
34 49 43.528
34 49 61.947
34 50 36.282
34 51 19.92
34 51 76.159
34 52 7.859
34 52 18.719
34 52 22.513
34 52 85.14
34 53 80.371
34 53 89.103
34 55 2.305
34 55 31.617
34 55 45.402
34 56 90.39
34 57 19.571
34 57 55.992
34 58 60.718
34 59 17.864
34 60 39.959
34 60 41.621
34 60 50.279
34 61 29.501
34 62 5.735
34 62 37.041
34 64 0.154
34 65 27.188
34 65 88.953
34 66 8.958
34 67 63.945
34 67 72.572
34 68 13.843
34 68 74.179
34 68 93.208
34 68 96.499
34 69 35.966
34 69 77.179
34 72 42.527
34 73 42.657
34 75 37.523
34 77 66.736
34 78 94.595
34 81 68.03
34 81 69.487
34 82 66.132
34 82 77.597
34 84 27.404
34 86 3.519
34 86 53.774
34 87 20.496
34 87 40.348
34 89 25.482
34 89 41.82
34 90 27.786
34 90 66.306
34 90 81.193
34 91 21.096
34 91 82.89
34 93 74.039
34 94 36.309
34 94 52.851
34 94 88.96
34 95 18.591
34 96 8.059
34 96 11.606
34 96 52.418
34 97 85.49
34 98 37.187
34 98 40.708
34 98 85.648
34 98 98.087
34 99 35.137
35 36 1.193
35 36 8.345
35 37 25.626
35 38 47.159
35 38 58.198
35 38 72.815
35 39 5.493
35 39 11.664
35 39 20.659
35 40 23.59
35 40 92.196
35 41 43.452
35 41 54.517
35 41 95.441
35 42 8.153
35 42 93.531
35 43 37.103
35 43 85.307
35 45 2.079
35 45 79.478
35 45 83.729
35 48 84.807
35 48 88.401
35 48 99.894
35 49 2.389
35 49 28.004
35 49 64.016
35 49 70.468
35 50 49.743
35 51 43.429
35 51 48.417
35 51 57.46
35 51 82.648
35 52 67.114
35 53 81.096
35 54 49.043
35 54 82.289
35 55 38.14
35 55 47.471
35 55 64.342
35 56 1.316
35 56 39.691
35 56 70.454
35 59 32.043
35 60 56.96
35 62 4.797
35 62 11.304
35 62 66.14
35 62 98.255
35 63 21.3
35 63 44.379
35 63 53.521
35 63 61.983
35 65 31.134
35 65 41.621
35 65 59.403
35 65 62.239
35 66 17.533
35 66 36.242
35 68 10.527
35 68 55.384
35 69 87.853
35 70 66.744
35 71 40.844
35 71 55.494
35 71 59.71
35 72 0.658
35 73 31.825
35 74 19.342
35 74 37.312
35 74 38.32
35 74 49.524
35 74 83.286
35 76 0.123
35 76 86.182
35 77 54.172
35 77 77.627
35 77 95.114
35 78 31.918
35 80 67.523
35 82 6.033
35 82 16.921
35 82 29.466
35 82 67.25
35 83 10.896
35 83 96.699
35 84 75.548
35 84 77.682
35 85 19.304
35 87 4.562
35 87 51.517
35 87 55.691
35 88 66.375
35 88 73.869
35 90 54.692
35 90 79.84
35 90 80.095
35 91 85.114
35 93 4.397
35 93 38.43
35 93 58.699
35 93 69.393
35 93 92.565
35 94 19.15
35 95 46.782
35 95 58.132
35 95 97.407
35 95 97.989
35 97 54.295
35 98 27.828
35 98 49.607
35 99 19.933
35 99 36.845
35 99 89.769
36 37 4.102
36 37 60.711
36 37 67.668
36 38 75.067
36 38 96.669
36 39 2.712
36 39 46.525
36 41 32.911
36 41 54.978
36 41 74.622
36 42 75.772
36 42 88.022
36 43 4.672
36 43 27.937
36 43 79.613
36 46 12.963
36 46 13.639
36 46 18.903
36 46 79.985
36 46 86.761
36 46 95.992
36 47 62.414
36 47 65.629
36 47 96.585
36 48 2.92
36 48 13.078
36 48 14.41
36 48 22.409
36 48 30.294
36 48 30.805
36 49 64.636
36 51 35.179
36 52 4.854
36 52 9.89
36 52 76.259
36 53 31.766
36 53 43.93
36 54 10.555
36 54 59.33
36 54 76.798
36 54 99.324
36 56 74.572
36 57 77.39
36 57 77.887
36 58 2.195
36 59 26.626
36 59 94.881
36 61 49.833
36 61 62.792
36 61 79.225
36 62 15.836
36 62 63.629
36 62 69.422
36 62 70.007
36 63 3.468
36 63 4.636
36 63 27.59
36 63 49.156
36 64 21.287
36 66 0.215
36 67 37.952
36 67 43.001
36 68 52.835
36 68 79.653
36 69 8.028
36 69 44.374
36 70 23.655
36 70 59.488
36 72 37.926
36 72 86.768
36 73 20.195
36 73 36.517
36 73 49.062
36 73 76.393
36 73 95.148
36 74 2.923
36 74 9.015
36 74 72.242
36 76 94.093
36 77 24.922
36 77 98.146
36 78 43.579
36 79 38.885
36 79 47.987
36 80 7.085
36 80 8.43
36 81 48.323
36 82 37.162
36 86 36.372
36 87 40.753
36 87 56.391
36 88 68.33
36 89 19.263
36 89 46.947
36 89 50.939
36 89 73.649
36 91 74.025
36 93 41.352
36 93 64.085
36 94 29.397
36 94 32.657
36 94 76.642
36 94 88.45
36 96 22.035
36 97 17.467
36 97 53.566
36 97 72.006
36 98 56.88
36 98 58.671
36 98 62.134
36 99 84.867
37 38 16.21
37 39 31.244
37 39 72.833
37 40 56.05
37 41 22.603
37 41 75.457
37 44 36.423
37 44 52.939
37 44 54.121
37 44 55.857
37 44 88.455
37 45 66.683
37 45 83.023
37 46 67.097
37 46 96.23
37 47 84.462
37 48 16.535
37 48 83.495
37 49 35.876
37 49 90.251
37 51 54.106
37 52 20.0
37 52 60.135
37 53 11.347
37 53 17.081
37 53 79.369
37 54 0.89
37 54 2.364
37 54 29.543
37 56 91.723
37 57 79.02
37 58 61.611
37 60 31.719
37 60 56.812
37 60 91.407
37 61 35.263
37 62 1.728
37 62 14.263
37 62 22.656
37 65 13.249
37 65 30.362
37 65 66.877
37 65 96.351
37 66 55.532
37 67 93.081
37 68 3.434
37 70 58.95
37 70 96.327
37 72 3.018
37 72 11.499
37 72 33.988
37 72 42.476
37 72 47.609
37 72 54.696
37 73 36.369
37 74 7.07
37 76 10.592
37 76 86.536
37 78 30.072
37 78 60.916
37 79 98.037
37 81 3.51
37 81 25.453
37 81 29.327
37 81 63.282
37 81 64.686
37 82 26.996
37 82 70.652
37 82 95.591
37 85 31.645
37 85 39.991
37 86 63.897
37 86 98.674
37 87 34.655
37 87 65.903
37 88 8.97
37 88 85.553
37 89 10.362
37 90 39.216
37 93 98.675
37 94 11.989
37 94 39.397
37 94 40.97
37 94 66.289
37 95 99.596
37 96 36.829
37 97 61.691
37 97 70.368
37 98 43.493
37 98 47.97
37 99 2.265
37 99 27.832
38 39 0.751
38 39 22.01
38 39 68.449
38 40 43.665
38 40 61.036
38 40 63.538
38 40 84.197
38 41 13.285
38 43 56.742
38 43 68.665
38 43 95.843
38 44 11.245
38 46 4.895
38 46 17.739
38 46 21.129
38 46 98.917
38 48 77.242
38 50 0.849
38 51 94.389
38 53 5.04
38 53 29.696
38 55 32.291
38 55 63.397
38 55 89.003
38 56 54.028
38 57 75.628
38 58 4.427
38 58 4.517
38 58 5.818
38 58 46.21
38 58 61.264
38 59 8.546
38 59 39.205
38 59 44.02
38 61 19.493
38 62 22.897
38 62 57.794
38 62 95.037
38 63 68.418
38 64 65.47
38 65 31.031
38 65 44.281
38 65 74.913
38 65 76.776
38 66 3.774
38 66 60.792
38 68 15.05
38 69 43.881
38 69 45.444
38 70 19.979
38 71 51.814
38 72 19.253
38 72 43.045
38 72 87.06
38 73 66.416
38 74 26.187
38 74 26.491
38 74 58.24
38 75 1.989
38 76 33.827
38 76 35.522
38 76 87.681
38 77 67.219
38 77 81.571
38 77 89.079
38 79 98.286
38 80 83.167
38 81 10.276
38 81 93.634
38 82 77.494
38 83 42.288
38 83 53.401
38 83 83.522
38 84 42.64
38 84 61.315
38 85 27.891
38 85 30.105
38 87 68.761
38 88 71.399
38 89 73.943
38 90 48.073
38 90 68.331
38 91 9.756
38 91 21.334
38 91 77.564
38 92 46.357
38 93 47.924
38 94 16.715
38 94 35.932
38 95 35.494
38 95 67.804
38 95 99.908
38 96 5.749
38 96 29.509
38 97 54.534
38 97 95.355
38 98 11.295
38 98 61.179
38 98 74.824
38 98 83.767
38 99 1.576
38 99 66.404
39 40 54.099
39 41 67.746
39 41 81.331
39 42 27.882
39 42 33.688
39 42 81.885
39 42 83.185
39 43 68.613
39 44 24.487
39 46 3.594
39 46 16.29
39 46 47.553
39 46 47.929
39 47 17.601
39 47 19.855
39 47 33.545
39 47 86.594
39 48 7.46
39 49 87.925
39 50 93.882
39 51 9.075
39 51 32.435
39 53 12.411
39 54 4.242
39 54 32.254
39 54 40.597
39 55 70.0
39 56 27.901
39 56 76.293
39 57 72.791
39 58 0.296
39 58 9.409
39 58 60.325
39 59 13.29
39 59 48.736
39 60 13.637
39 64 9.699
39 64 22.439
39 64 86.528
39 64 87.015
39 65 12.592
39 65 25.061
39 65 92.375
39 66 61.677
39 66 69.764
39 67 26.676
39 67 42.553
39 67 86.654
39 68 7.204
39 69 21.169
39 69 36.356
39 69 40.704
39 70 19.284
39 70 91.622
39 71 89.975
39 72 73.24
39 73 51.67
39 73 54.301
39 74 2.46
39 75 18.596
39 75 50.256
39 76 72.49
39 77 29.525
39 77 95.555
39 78 16.081
39 79 50.801
39 79 52.948
39 79 84.055
39 80 48.256
39 83 81.896
39 84 77.117
39 84 85.697
39 86 58.517
39 87 77.353
39 88 59.558
39 88 94.928
39 89 20.992
39 89 98.022
39 90 14.135
39 90 63.891
39 92 40.292
39 94 54.83
39 95 2.322
39 96 32.537
39 96 63.929
39 96 73.23
39 97 89.649
39 99 98.118
40 41 73.273
40 41 86.82
40 43 25.595
40 43 77.596
40 44 44.066
40 44 87.898
40 45 11.375
40 45 57.297
40 48 16.571
40 48 32.138
40 50 3.77
40 50 34.18
40 52 33.754
40 53 53.718
40 53 85.752
40 53 91.307
40 54 16.45
40 54 46.489
40 54 72.239
40 55 18.84
40 55 45.852
40 55 60.541
40 56 14.537
40 56 46.524
40 56 87.75
40 57 27.914
40 60 23.181
40 60 24.868
40 60 47.9
40 60 68.339
40 61 94.87
40 62 0.402
40 62 69.078
40 63 68.729
40 64 18.728
40 64 23.624
40 65 8.811
40 65 9.403
40 65 26.576
40 65 63.18
40 66 63.411
40 66 82.885
40 67 58.056
40 68 5.936
40 68 63.56
40 68 94.924
40 69 72.747
40 69 80.014
40 70 2.84
40 70 2.894
40 70 85.681
40 71 71.765
40 72 49.401
40 72 78.304
40 73 77.664
40 75 6.745
40 75 31.679
40 75 85.686
40 77 40.143
40 77 76.298
40 78 92.275
40 79 61.673
40 79 80.745
40 80 27.692
40 80 30.223
40 80 55.163
40 81 52.75
40 82 4.211
40 83 26.875
40 83 71.2
40 85 55.337
40 85 57.627
40 85 70.918
40 86 0.436
40 86 30.191
40 88 84.076
40 88 97.495
40 89 83.872
40 90 4.485
40 90 57.128
40 91 85.475
40 92 96.588
40 93 19.202
40 93 29.48
40 93 81.232
40 93 98.609
40 94 28.79
40 95 11.236
40 96 21.051
40 96 89.935
40 96 92.201
40 97 58.823
40 99 71.318
40 99 86.041
41 42 8.108
41 42 80.948
41 42 87.406
41 43 35.807
41 43 88.673
41 44 8.739
41 44 22.344
41 44 35.403
41 44 67.14
41 46 68.651
41 46 80.958
41 48 26.522
41 48 38.498
41 49 51.573
41 49 52.887
41 49 96.231
41 50 9.494
41 50 34.034
41 52 89.77
41 53 78.489
41 53 97.575
41 54 89.462
41 55 4.398
41 55 5.394
41 55 96.214
41 56 26.545
41 57 64.194
41 57 81.349
41 57 96.091
41 59 12.728
41 60 28.311
41 60 66.713
41 60 93.231
41 61 12.81
41 61 91.266
41 62 28.651
41 62 39.737
41 65 12.413
41 65 74.492
41 66 2.74
41 67 19.05
41 68 90.198
41 69 79.04
41 69 80.025
41 70 24.392
41 70 25.546
41 71 25.01
41 71 37.567
41 72 3.48
41 72 8.43
41 73 11.537
41 73 47.013
41 76 24.225
41 76 46.09
41 76 52.318
41 78 0.877
41 79 74.262
41 80 33.463
41 80 46.168
41 80 47.264
41 82 14.454
41 82 70.962
41 82 87.958
41 83 44.64
41 83 62.734
41 83 72.149
41 83 91.749
41 85 78.772
41 86 4.123
41 86 73.278
41 87 10.993
41 87 31.875
41 88 37.612
41 88 50.401
41 88 54.789
41 89 46.85
41 89 76.355
41 90 40.598
41 91 13.824
41 91 19.379
41 91 69.971
41 92 35.836
41 92 77.927
41 92 98.44
41 93 4.471
41 93 35.953
41 93 49.749
41 93 83.394
41 94 97.195
41 95 48.204
41 96 13.694
41 96 56.978
41 96 64.314
41 97 28.383
41 98 11.526
41 98 46.534
41 98 75.027
41 99 7.553
41 99 13.678
42 43 87.585
42 43 97.146
42 44 34.117
42 44 90.12
42 44 99.585
42 46 39.382
42 46 66.024
42 48 2.354
42 48 76.509
42 50 86.209
42 51 50.642
42 53 7.899
42 53 81.406
42 54 57.519
42 55 33.093
42 55 87.417
42 57 70.466
42 57 74.059
42 58 55.37
42 58 58.86
42 60 14.109
42 60 38.381
42 61 0.725
42 61 25.602
42 62 6.291
42 62 39.347
42 62 61.908
42 62 79.777
42 63 56.71
42 65 70.131
42 66 3.079
42 66 3.083
42 66 11.498
42 66 37.83
42 66 72.107
42 67 0.777
42 67 19.078
42 67 27.051
42 68 79.475
42 69 13.774
42 69 48.509
42 69 57.009
42 69 90.943
42 70 40.938
42 71 9.751
42 71 63.993
42 71 89.352
42 72 61.802
42 73 7.282
42 73 25.795
42 74 72.238
42 75 42.88
42 76 39.288
42 76 93.314
42 77 59.908
42 79 6.286
42 79 91.177
42 81 11.391
42 82 2.603
42 82 2.84
42 82 3.064
42 83 33.474
42 83 43.224
42 83 54.466
42 84 42.089
42 84 75.277
42 88 1.829
42 89 4.4
42 89 19.451
42 89 19.675
42 89 54.42
42 89 65.736
42 90 78.27
42 91 26.662
42 91 30.191
42 91 54.819
42 93 76.755
42 94 59.526
42 94 64.875
42 95 1.383
42 95 83.652
42 96 59.388
42 96 89.799
42 97 2.066
42 98 74.814
42 98 93.847
43 45 2.845
43 45 92.78
43 48 57.101
43 49 49.202
43 50 89.517
43 50 94.726
43 51 28.186
43 52 75.916
43 54 35.827
43 56 63.11
43 57 75.608
43 58 17.796
43 59 46.135
43 59 79.16
43 59 97.047
43 60 81.633
43 61 56.993
43 63 11.939
43 63 33.197
43 63 80.476
43 64 24.385
43 64 47.712
43 65 24.78
43 65 57.245
43 66 0.546
43 66 59.874
43 66 63.984
43 67 13.829
43 68 6.87
43 68 53.962
43 69 5.204
43 70 41.475
43 71 12.773
43 71 29.194
43 71 39.86
43 73 5.557
43 73 14.435
43 74 29.891
43 75 3.082
43 75 11.8
43 75 45.802
43 76 61.608
43 76 61.726
43 77 8.083
43 77 49.191
43 77 57.228
43 80 78.37
43 80 95.122
43 81 14.455
43 81 83.933
43 82 76.243
43 82 98.303
43 83 71.119
43 83 87.259
43 84 30.446
43 85 50.139
43 85 83.204
43 86 67.379
43 87 26.745
43 87 81.934
43 87 91.042
43 88 52.194
43 88 58.607
43 89 61.229
43 90 47.233
43 92 76.57
43 93 1.304
43 93 85.84
43 94 82.803
43 94 83.657
43 96 17.642
43 96 86.844
43 96 88.179
43 97 35.826
43 98 69.778
43 99 46.67
43 99 63.645
43 99 99.6
44 45 53.816
44 45 67.202
44 46 66.703
44 47 64.526
44 49 37.522
44 49 91.522
44 50 62.934
44 51 49.203
44 52 50.433
44 52 67.034
44 52 74.642
44 54 69.684
44 55 51.221
44 55 81.983
44 57 12.184
44 57 40.44
44 58 38.606
44 58 55.77
44 59 76.741
44 60 2.574
44 60 82.68
44 60 97.477
44 61 63.62
44 61 94.176
44 61 98.417
44 62 20.355
44 62 35.566
44 62 90.314
44 63 6.549
44 64 14.008
44 64 80.404
44 65 37.912
44 65 62.616
44 65 93.58
44 66 9.417
44 66 45.828
44 67 59.333
44 68 28.678
44 70 70.958
44 72 34.469
44 72 77.248
44 72 79.289
44 72 81.776
44 73 4.163
44 73 4.837
44 73 33.187
44 74 58.474
44 76 15.749
44 76 42.853
44 76 47.801
44 76 50.312
44 78 95.806
44 79 63.122
44 80 21.165
44 81 9.156
44 81 23.018
44 81 89.029
44 82 82.717
44 83 73.739
44 83 88.525
44 84 83.673
44 85 45.458
44 87 8.701
44 87 37.693
44 89 75.38
44 91 52.4
44 91 80.423
44 92 5.562
44 92 17.365
44 92 32.1
44 92 92.793
44 93 10.766
44 93 65.519
44 93 69.909
44 93 80.702
44 94 6.746
44 94 62.757
44 95 21.683
44 95 71.353
44 95 90.719
44 96 40.85
44 97 24.844
44 99 14.405
44 99 29.375
44 99 80.992
45 46 48.301
45 47 62.834
45 47 66.363
45 47 70.339
45 48 17.951
45 48 51.704
45 49 42.953
45 49 50.647
45 49 61.157
45 49 67.572
45 50 50.926
45 50 63.139
45 51 66.394
45 52 39.895
45 52 77.889
45 54 17.393
45 54 65.867
45 54 67.44
45 54 73.998
45 54 76.332
45 55 25.895
45 57 37.798
45 57 45.93
45 57 49.894
45 58 8.093
45 58 40.659
45 58 97.603
45 59 24.766
45 59 57.87
45 60 49.776
45 61 41.862
45 62 1.814
45 63 63.855
45 63 87.393
45 63 94.423
45 63 96.56
45 64 10.572
45 64 46.781
45 66 27.08
45 68 37.724
45 68 81.307
45 69 1.971
45 69 15.604
45 69 15.705
45 70 20.694
45 70 40.529
45 70 45.009
45 70 63.343
45 70 93.147
45 72 9.872
45 72 54.65
45 72 98.998
45 73 58.637
45 74 7.076
45 74 40.616
45 74 53.637
45 75 20.129
45 75 24.998
45 75 44.812
45 75 45.153
45 75 84.148
45 77 34.934
45 78 50.82
45 78 54.247
45 79 15.245
45 79 79.742
45 81 48.997
45 82 26.386
45 82 38.178
45 82 71.928
45 84 58.403
45 85 75.695
45 86 12.833
45 87 81.71
45 89 42.619
45 90 24.957
45 91 63.247
45 92 23.486
45 94 18.461
45 94 59.997
45 94 67.293
45 94 70.037
45 94 75.655
45 95 41.386
45 95 68.729
45 96 38.613
45 97 29.214
45 98 42.812
45 98 46.145
45 98 73.45
45 99 0.29
45 99 97.386
46 47 95.37
46 47 95.492
46 48 70.512
46 48 88.432
46 50 45.208
46 51 27.439
46 51 50.269
46 51 56.155
46 53 34.601
46 53 57.043
46 53 66.019
46 53 82.162
46 53 90.79
46 54 6.734
46 54 15.141
46 54 94.051
46 55 25.813
46 56 25.779
46 56 85.425
46 56 96.687
46 57 15.715
46 57 18.507
46 58 19.232
46 58 76.056
46 59 72.366
46 59 79.156
46 60 72.45
46 61 43.896
46 61 88.07
46 62 27.714
46 62 46.035
46 62 51.697
46 63 61.265
46 63 62.054
46 64 15.172
46 64 36.355
46 64 68.248
46 65 81.973
46 66 0.283
46 66 17.618
46 66 45.094
46 66 73.049
46 67 18.683
46 67 41.383
46 67 50.41
46 70 8.031
46 70 19.898
46 70 33.367
46 70 48.613
46 70 56.355
46 72 4.66
46 72 83.656
46 73 70.402
46 74 4.132
46 75 62.048
46 76 13.842
46 76 30.032
46 76 86.622
46 77 36.102
46 78 35.498
46 80 77.376
46 81 86.404
46 82 76.476
46 83 19.379
46 83 55.073
46 83 71.322
46 83 84.811
46 84 10.322
46 84 16.764
46 85 53.022
46 86 39.15
46 86 84.682
46 86 86.005
46 87 15.298
46 87 57.05
46 90 64.005
46 90 69.333
46 91 96.464
46 92 7.447
46 92 82.346
46 93 85.198
46 94 44.798
46 94 59.2
46 94 75.591
46 95 30.323
46 97 13.586
46 97 25.69
46 97 90.62
46 98 18.05
46 98 55.021
46 98 76.311
46 98 90.758
46 99 2.88
46 99 63.559
46 99 64.045
47 48 83.464
47 49 20.88
47 49 27.76
47 49 35.764
47 49 60.827
47 50 12.917
47 50 54.594
47 50 79.852
47 52 54.795
47 53 19.149
47 53 96.701
47 54 80.934
47 56 1.136
47 56 75.868
47 57 89.454
47 58 12.364
47 58 96.144
47 59 3.056
47 59 9.109
47 59 57.078
47 59 62.519
47 59 66.086
47 59 95.243
47 59 95.554
47 61 18.517
47 62 34.811
47 62 60.972
47 62 71.935
47 63 9.313
47 63 41.291
47 64 39.153
47 64 56.497
47 65 40.773
47 65 88.232
47 66 39.211
47 66 52.831
47 69 97.942
47 69 99.771
47 72 59.699
47 75 79.407
47 76 14.063
47 76 52.841
47 78 78.597
47 79 22.856
47 79 50.002
47 79 69.497
47 80 28.134
47 80 64.837
47 82 1.628
47 83 17.085
47 83 22.105
47 83 22.74
47 84 58.915
47 84 66.692
47 85 17.083
47 85 89.026
47 86 81.946
47 86 89.329
47 86 92.402
47 87 92.41
47 88 57.931
47 89 47.222
47 89 53.86
47 89 85.917
47 91 26.16
47 92 26.813
47 92 65.497
47 92 83.565
47 94 25.821
47 94 27.964
47 94 42.9
47 95 69.902
47 95 81.371
47 96 18.984
47 97 6.762
47 97 9.414
47 97 28.776
47 97 82.559
47 98 14.081
47 98 67.809
47 99 8.982
47 99 73.805
48 50 52.688
48 50 86.371
48 51 92.487
48 52 53.277
48 52 62.454
48 52 96.992
48 55 52.271
48 56 40.145
48 56 49.209
48 56 70.802
48 57 11.965
48 57 12.674
48 57 16.789
48 57 25.899
48 57 68.156
48 58 56.91
48 59 26.678
48 59 67.142
48 60 84.506
48 61 60.228
48 61 61.464
48 62 16.95
48 62 45.274
48 64 5.775
48 64 96.269
48 65 38.078
48 66 26.604
48 66 55.897
48 67 51.52
48 67 83.72
48 68 56.51
48 68 89.923
48 69 3.38
48 69 47.261
48 70 66.787
48 70 89.337
48 72 78.913
48 72 82.918
48 73 79.85
48 74 8.433
48 75 33.179
48 75 71.924
48 75 94.375
48 78 10.273
48 78 21.577
48 80 56.556
48 80 74.391
48 80 83.265
48 81 12.81
48 82 69.052
48 83 3.548
48 83 25.92
48 83 51.895
48 84 87.837
48 86 57.104
48 86 79.072
48 86 88.939
48 88 95.613
48 89 35.552
48 90 71.27
48 90 75.983
48 91 2.854
48 92 90.824
48 93 30.924
48 93 38.48
48 93 63.168
48 93 81.545
48 94 48.553
48 95 60.571
48 96 45.646
48 96 86.203
48 97 40.434
48 97 69.949
48 98 47.232
48 99 62.217
48 99 69.217
49 50 0.719
49 50 16.033
49 51 31.756
49 52 7.362
49 53 30.71
49 53 41.442
49 53 64.847
49 54 63.98
49 57 23.908
49 57 74.818
49 59 96.501
49 60 41.837
49 61 58.59
49 62 49.775
49 62 98.762
49 63 1.232
49 63 6.382
49 63 8.198
49 64 82.634
49 65 25.055
49 65 95.375
49 68 50.402
49 71 43.949
49 72 5.229
49 72 19.956
49 72 45.298
49 73 24.557
49 73 94.654
49 74 15.413
49 74 74.355
49 74 84.119
49 76 32.405
49 78 4.977
49 78 8.884
49 78 74.603
49 79 29.379
49 80 57.947
49 81 57.279
49 81 83.153
49 82 74.369
49 85 12.314
49 85 80.015
49 87 26.628
49 87 54.136
49 87 91.971
49 88 60.869
49 88 72.624
49 89 18.819
49 89 29.814
49 89 43.442
49 89 98.294
49 91 7.893
49 91 78.052
49 92 38.483
49 92 50.72
49 92 67.399
49 93 15.227
49 93 22.459
49 93 67.719
49 93 95.408
49 94 12.367
49 94 93.108
49 96 7.327
49 96 75.11
49 98 61.427
49 99 13.824
49 99 24.684
50 51 4.395
50 51 22.729
50 52 17.092
50 52 35.745
50 52 43.21
50 53 37.001
50 53 81.881
50 55 42.496
50 57 60.821
50 57 75.779
50 58 7.534
50 58 14.994
50 58 87.942
50 59 12.399
50 59 49.391
50 60 16.559
50 61 77.246
50 62 46.568
50 62 85.477
50 63 8.693
50 63 79.181
50 63 98.033
50 64 43.04
50 64 46.968
50 65 28.188
50 65 81.565
50 66 26.218
50 66 41.925
50 66 92.211
50 69 8.695
50 69 73.89
50 69 94.218
50 71 47.502
50 72 1.627
50 72 15.869
50 72 51.718
50 73 83.591
50 74 50.046
50 75 57.846
50 75 89.791
50 76 51.618
50 77 35.128
50 77 51.996
50 77 76.579
50 78 38.125
50 79 60.647
50 80 10.031
50 81 43.744
50 83 51.934
50 83 86.581
50 84 5.862
50 84 7.446
50 84 53.773
50 85 29.909
50 85 42.561
50 85 63.872
50 85 92.285
50 85 99.159
50 86 44.677
50 87 3.043
50 87 42.272
50 88 71.178
50 88 72.803
50 90 84.175
50 90 85.932
50 90 93.897
50 91 40.151
50 93 11.012
50 93 79.363
50 93 83.644
50 94 36.534
50 94 43.107
50 94 48.124
50 94 85.036
50 95 69.909
50 96 17.774
50 96 31.672
50 97 17.54
50 97 66.967
50 97 90.174
50 98 79.94
50 98 89.66
50 98 93.408
50 99 21.824
50 99 28.824
50 99 79.435
51 52 68.122
51 52 70.362
51 53 65.549
51 54 24.452
51 54 84.886
51 55 91.837
51 56 23.849
51 57 1.525
51 57 16.225
51 57 34.107
51 59 2.675
51 60 0.273
51 60 28.546
51 61 89.447
51 62 3.307
51 62 14.313
51 63 72.133
51 65 87.811
51 66 11.194
51 66 86.233
51 67 74.593
51 68 90.323
51 69 17.808
51 69 78.27
51 70 94.734
51 71 71.91
51 71 80.225
51 72 61.069
51 72 80.099
51 72 88.537
51 73 67.543
51 74 61.07
51 75 53.997
51 75 79.509
51 77 9.483
51 78 70.785
51 78 92.501
51 79 22.973
51 79 90.655
51 80 31.067
51 80 53.801
51 81 30.15
51 82 2.196
51 83 15.021
51 83 15.141
51 83 59.038
51 85 51.433
51 86 29.691
51 88 49.543
51 90 3.544
51 90 9.164
51 90 47.334
51 90 91.623
51 91 71.472
51 92 12.413
51 96 69.769
51 97 79.244
51 98 99.984
51 99 89.925
52 54 50.084
52 56 4.414
52 57 43.773
52 57 56.339
52 57 56.835
52 58 68.453
52 59 6.277
52 59 22.926
52 59 84.67
52 59 94.354
52 60 37.539
52 60 73.926
52 61 43.662
52 61 56.257
52 63 75.641
52 64 25.468
52 65 33.717
52 65 39.688
52 65 57.552
52 67 6.941
52 67 10.923
52 67 46.431
52 68 10.511
52 69 4.378
52 69 83.023
52 69 96.296
52 69 99.536
52 70 38.365
52 71 29.619
52 71 70.489
52 72 5.617
52 73 16.568
52 73 30.421
52 73 87.201
52 75 67.953
52 75 87.588
52 76 52.214
52 77 33.025
52 77 60.396
52 78 15.163
52 78 26.682
52 79 13.527
52 79 43.492
52 82 23.301
52 83 87.392
52 84 3.275
52 84 51.585
52 85 34.538
52 85 89.168
52 85 99.174
52 86 9.612
52 86 38.611
52 86 38.887
52 86 79.526
52 87 43.282
52 87 49.352
52 88 11.195
52 88 80.448
52 89 16.809
52 89 27.154
52 89 55.318
52 90 12.265
52 90 25.367
52 90 46.319
52 91 49.706
52 91 58.273
52 92 4.268
52 92 83.581
52 93 51.204
52 95 21.232
52 95 47.598
52 96 43.995
52 98 34.411
52 99 8.196
52 99 38.814
53 55 46.96
53 55 47.247
53 55 78.725
53 55 87.315
53 56 68.434
53 56 87.684
53 58 18.062
53 58 38.391
53 59 3.266
53 59 21.095
53 59 36.528
53 61 60.197
53 61 60.644
53 62 4.112
53 64 34.168
53 64 39.073
53 65 88.306
53 65 93.584
53 66 24.568
53 66 39.346
53 66 53.355
53 66 62.409
53 67 1.845
53 67 30.421
53 67 76.34
53 68 72.079
53 69 60.22
53 70 30.693
53 70 80.698
53 71 55.501
53 71 57.695
53 71 57.965
53 72 16.289
53 72 32.162
53 72 88.498
53 73 29.771
53 74 41.799
53 74 53.736
53 75 84.382
53 76 36.918
53 76 49.862
53 77 15.947
53 77 49.435
53 78 99.328
53 79 3.271
53 79 21.766
53 79 38.006
53 79 39.108
53 79 78.631
53 80 8.195
53 81 95.069
53 83 24.545
53 83 55.493
53 84 87.453
53 84 99.894
53 85 80.677
53 86 31.731
53 86 95.316
53 87 75.499
53 87 77.134
53 88 66.511
53 89 51.597
53 91 23.034
53 91 92.308
53 92 57.983
53 94 77.517
53 94 97.395
53 95 49.373
53 95 55.221
53 95 70.744
53 95 77.854
53 96 43.842
53 96 60.098
53 97 29.256
53 97 71.127
53 99 15.887
53 99 48.974
54 56 43.29
54 57 37.628
54 57 54.408
54 57 99.528
54 58 26.692
54 58 68.064
54 59 9.412
54 61 22.082
54 62 76.4
54 63 19.31
54 64 97.552
54 65 13.045
54 65 21.438
54 65 33.515
54 65 71.686
54 67 28.042
54 67 94.925
54 68 23.546
54 69 14.94
54 69 44.408
54 69 78.815
54 70 6.437
54 70 94.608
54 72 35.886
54 72 87.395
54 73 6.384
54 73 31.537
54 73 46.932
54 74 78.943
54 75 41.46
54 75 68.118
54 75 77.68
54 75 99.89
54 76 26.709
54 76 87.525
54 77 5.527
54 77 39.067
54 78 42.469
54 78 58.801
54 79 57.856
54 80 78.16
54 81 50.396
54 82 45.828
54 82 59.653
54 82 76.505
54 83 8.069
54 83 65.712
54 83 86.293
54 84 42.445
54 85 46.268
54 85 64.314
54 86 3.185
54 86 48.139
54 87 0.585
54 87 37.483
54 87 67.273
54 87 85.621
54 88 16.808
54 89 25.946
54 92 66.242
54 92 67.869
54 93 14.469
54 93 27.661
54 94 15.444
54 95 69.233
54 95 92.693
54 95 92.815
54 96 80.579
55 58 80.59
55 59 99.384
55 61 29.182
55 61 66.843
55 62 72.474
55 63 40.788
55 63 60.081
55 63 83.668
55 64 62.048
55 65 34.403
55 65 44.548
55 66 51.453
55 67 44.227
55 67 82.914
55 68 18.124
55 68 29.896
55 68 39.724
55 68 91.642
55 70 86.891
55 71 69.374
55 72 6.85
55 72 9.047
55 73 55.742
55 74 40.086
55 75 18.838
55 75 81.22
55 77 67.768
55 77 76.29
55 77 88.457
55 79 28.407
55 79 32.139
55 79 42.691
55 81 33.202
55 81 61.014
55 83 38.176
55 83 54.451
55 83 79.6
55 84 8.212
55 84 72.516
55 84 84.595
55 84 84.891
55 85 0.724
55 85 28.423
55 85 77.93
55 86 41.256
55 87 7.523
55 87 7.681
55 87 30.19
55 87 90.491
55 88 48.532
55 88 57.944
55 88 60.695
55 88 62.986
55 90 8.974
55 90 82.602
55 91 13.164
55 91 50.57
55 91 74.047
55 93 33.794
55 93 90.048
55 94 53.261
55 95 13.785
55 95 16.71
55 95 99.156
55 96 82.611
55 96 93.182
55 97 19.664
55 97 83.339
55 98 4.462
55 98 17.295
55 99 65.83
56 59 16.646
56 59 89.053
56 60 18.004
56 60 25.922
56 60 77.189
56 60 88.061
56 61 35.361
56 61 94.472
56 62 2.965
56 62 15.914
56 62 44.659
56 62 45.193
56 63 61.851
56 63 62.674
56 63 63.343
56 64 80.767
56 66 22.089
56 68 20.623
56 69 50.833
56 69 66.668
56 69 84.277
56 70 56.216
56 71 81.458
56 72 4.453
56 72 18.331
56 73 5.824
56 73 18.071
56 73 54.874
56 73 64.61
56 75 1.168
56 75 10.089
56 75 81.097
56 76 91.529
56 76 92.298
56 77 36.783
56 77 78.23
56 78 28.843
56 78 31.628
56 79 27.575
56 80 7.796
56 80 98.818
56 81 8.794
56 83 40.889
56 83 47.846
56 84 80.769
56 86 10.334
56 86 79.268
56 86 91.94
56 87 71.226
56 88 41.468
56 88 92.749
56 89 99.94
56 90 35.864
56 90 35.899
56 90 42.223
56 92 12.71
56 92 62.672
56 93 4.564
56 93 39.154
56 94 48.117
56 95 4.544
56 97 9.135
56 97 53.71
56 97 55.174
56 98 78.355
56 99 9.041
56 99 19.64
57 58 58.269
57 58 80.891
57 59 7.5
57 59 64.887
57 59 90.193
57 60 46.559
57 60 58.97
57 60 89.293
57 61 12.951
57 61 12.961
57 61 56.187
57 62 32.607
57 62 41.7
57 63 23.26
57 64 98.858
57 65 44.033
57 66 17.373
57 66 18.705
57 66 49.371
57 66 53.634
57 66 99.615
57 67 51.996
57 67 86.506
57 69 61.114
57 70 81.842
57 70 92.526
57 72 1.39
57 72 93.588
57 73 11.278
57 73 22.108
57 74 64.375
57 74 98.854
57 75 17.132
57 75 42.537
57 75 58.683
57 75 78.265
57 77 41.998
57 77 58.479
57 77 66.565
57 77 72.595
57 78 71.525
57 78 83.225
57 80 95.057
57 81 9.538
57 82 27.918
57 83 10.486
57 83 63.307
57 83 90.305
57 84 40.236
57 85 6.981
57 85 23.725
57 87 34.016
57 87 62.898
57 87 64.438
57 88 8.311
57 88 53.587
57 89 18.233
57 89 21.919
57 89 28.96
57 90 75.024
57 90 87.406
57 90 88.822
57 90 95.224
57 93 1.555
57 93 10.212
57 93 13.018
57 93 27.035
57 93 59.917
57 95 6.455
57 96 10.466
57 96 73.718
57 96 84.514
57 96 88.478
57 96 98.303
57 97 54.562
58 59 12.74
58 59 73.485
58 59 84.823
58 61 1.35
58 61 12.14
58 62 20.232
58 62 47.228
58 63 2.11
58 63 16.035
58 63 20.762
58 66 26.185
58 66 83.854
58 67 61.591
58 68 46.727
58 69 11.881
58 69 12.238
58 69 45.429
58 69 67.838
58 70 1.894
58 71 58.184
58 72 24.67
58 74 27.814
58 74 28.236
58 75 27.933
58 75 41.046
58 76 44.899
58 77 4.851
58 77 8.308
58 77 72.197
58 79 4.819
58 81 28.79
58 81 37.506
58 81 52.776
58 81 84.482
58 82 34.145
58 83 56.109
58 83 73.775
58 85 1.577
58 85 31.805
58 85 39.053
58 85 44.185
58 87 11.196
58 87 23.569
58 87 71.014
58 87 90.797
58 88 13.478
58 88 34.67
58 88 62.199
58 89 40.546
58 90 45.669
58 91 44.043
58 92 3.515
58 93 25.631
58 93 61.939
58 93 81.658
58 94 87.27
58 95 56.281
58 96 97.892
58 99 85.321
59 60 76.729
59 61 26.894
59 61 64.045
59 62 19.709
59 62 31.939
59 63 31.159
59 63 38.195
59 64 51.114
59 64 80.388
59 65 14.396
59 67 33.763
59 67 65.151
59 68 43.025
59 69 41.169
59 69 44.511
59 71 25.707
59 71 39.124
59 71 65.343
59 71 98.095
59 72 7.222
59 73 93.946
59 74 11.514
59 75 44.428
59 76 38.282
59 76 66.345
59 77 29.044
59 78 20.253
59 78 69.916
59 78 79.729
59 78 84.615
59 81 16.158
59 81 30.343
59 81 62.729
59 81 80.737
59 81 85.655
59 82 83.444
59 82 87.499
59 83 8.642
59 83 16.714
59 83 59.887
59 83 69.518
59 84 19.421
59 84 64.96
59 84 70.408
59 84 90.027
59 85 20.91
59 86 20.191
59 86 42.415
59 86 70.238
59 87 28.738
59 88 29.843
59 89 56.284
59 89 58.902
59 89 89.904
59 90 13.906
59 90 32.481
59 90 50.653
59 90 93.938
59 91 12.017
59 91 15.418
59 91 95.391
59 92 62.655
59 93 12.423
59 93 30.903
59 94 1.616
59 96 4.26
59 98 23.019
59 98 26.748
59 98 38.514
59 99 99.61
60 61 13.078
60 61 49.028
60 61 76.565
60 62 25.01
60 62 80.241
60 63 14.772
60 63 90.565
60 65 37.86
60 66 57.937
60 66 76.571
60 67 0.001
60 67 57.187
60 68 52.557
60 68 83.164
60 69 94.252
60 70 9.1
60 71 39.396
60 72 48.553
60 72 64.772
60 72 92.373
60 73 84.536
60 73 91.17
60 74 55.745
60 74 66.576
60 74 74.708
60 76 71.844
60 77 26.818
60 77 43.051
60 78 16.483
60 78 80.633
60 78 99.384
60 79 51.989
60 79 57.164
60 81 29.578
60 81 51.18
60 81 78.344
60 82 15.198
60 82 98.814
60 83 15.527
60 83 32.759
60 83 74.435
60 84 22.855
60 85 39.45
60 85 84.033
60 85 88.257
60 88 51.7
60 88 69.67
60 89 66.766
60 90 28.648
60 90 68.551
60 91 30.808
60 92 0.223
60 92 25.102
60 93 3.642
60 93 27.535
60 94 95.115
60 95 2.314
60 96 0.732
60 96 29.812
60 96 78.804
60 97 11.736
60 97 33.999
60 98 20.935
60 98 21.075
60 98 43.389
60 98 44.989
60 99 52.191
61 62 1.252
61 62 81.92
61 63 15.42
61 63 45.702
61 63 97.936
61 64 39.363
61 64 77.535
61 65 28.09
61 65 46.751
61 65 80.528
61 66 78.297
61 67 72.217
61 69 27.332
61 69 51.368
61 73 12.097
61 74 58.241
61 75 59.261
61 76 47.149
61 76 51.868
61 76 57.703
61 76 59.437
61 77 84.256
61 77 92.381
61 78 21.248
61 79 13.913
61 79 23.851
61 79 33.25
61 81 33.59
61 81 48.463
61 81 66.045
61 83 47.754
61 84 18.551
61 84 20.205
61 85 50.527
61 87 1.813
61 87 99.533
61 88 12.956
61 90 7.13
61 90 22.456
61 91 1.565
61 91 16.829
61 91 40.596
61 92 8.382
61 92 8.916
61 92 59.42
61 92 67.131
61 93 74.144
61 93 90.661
61 94 68.302
61 94 72.659
61 95 53.874
61 95 65.586
61 96 11.781
61 96 39.082
61 96 41.091
61 97 5.763
61 97 75.783
61 97 99.924
61 98 64.984
61 99 67.456
62 63 53.857
62 64 12.921
62 65 84.374
62 65 93.157
62 66 26.082
62 66 33.616
62 67 59.061
62 70 33.387
62 71 3.679
62 71 96.789
62 72 42.528
62 72 64.709
62 73 56.317
62 73 62.261
62 73 65.351
62 73 72.17
62 74 16.365
62 74 39.731
62 74 95.93
62 75 15.302
62 75 33.916
62 75 52.003
62 75 72.494
62 76 45.545
62 76 67.838
62 77 68.893
62 78 73.792
62 79 75.998
62 80 28.551
62 80 41.819
62 81 66.017
62 81 69.033
62 82 24.655
62 82 70.849
62 84 91.641
62 85 41.441
62 85 69.556
62 86 6.338
62 86 25.602
62 86 61.223
62 90 34.134
62 91 19.504
62 91 48.593
62 91 57.161
62 91 57.364
62 91 89.806
62 92 6.832
62 93 52.498
62 96 30.775
62 96 59.399
62 97 50.73
62 97 58.538
62 99 14.414
62 99 91.335
63 64 31.524
63 64 88.106
63 65 33.069
63 65 99.439
63 66 96.709
63 67 20.912
63 67 30.521
63 67 31.424
63 67 45.832
63 67 46.438
63 67 46.52
63 67 58.634
63 68 36.666
63 70 38.406
63 70 60.333
63 70 87.53
63 71 30.185
63 72 69.011
63 73 43.539
63 74 9.937
63 74 74.002
63 76 27.01
63 79 56.342
63 79 77.818
63 80 75.184
63 80 94.547
63 81 52.283
63 83 42.934
63 84 55.439
63 85 31.051
63 85 71.528
63 86 11.51
63 86 27.108
63 87 7.13
63 87 15.877
63 88 89.166
63 88 94.486
63 90 66.513
63 93 44.096
63 93 71.451
63 95 96.556
63 96 49.183
63 96 51.953
63 96 91.846
63 98 59.826
63 99 33.599
63 99 57.263
63 99 78.447
64 65 76.419
64 67 8.592
64 67 42.257
64 67 62.906
64 68 10.957
64 69 18.203
64 69 65.942
64 71 98.986
64 72 13.926
64 73 56.78
64 73 83.254
64 73 83.568
64 73 89.374
64 75 87.135
64 77 53.622
64 77 72.629
64 78 62.649
64 78 90.664
64 79 58.653
64 79 83.604
64 81 6.285
64 81 23.162
64 81 67.135
64 83 28.882
64 83 45.269
64 83 46.064
64 84 34.308
64 84 55.705
64 84 58.682
64 85 6.423
64 85 45.123
64 86 68.527
64 87 2.496
64 87 27.868
64 87 37.633
64 89 32.549
64 90 22.81
64 90 26.779
64 91 39.714
64 91 58.277
64 93 38.458
64 93 43.768
64 93 46.469
64 93 47.262
64 94 3.499
64 94 68.882
64 95 74.507
64 96 61.294
64 97 15.824
64 97 19.076
64 98 87.056
64 99 75.843
65 66 85.781
65 69 57.532
65 70 3.983
65 70 27.859
65 70 43.742
65 71 7.986
65 71 37.018
65 72 33.212
65 73 17.666
65 73 29.024
65 73 50.623
65 73 66.974
65 73 86.335
65 74 45.674
65 74 60.788
65 75 0.636
65 75 23.247
65 76 0.354
65 76 75.978
65 76 82.573
65 77 24.805
65 78 21.936
65 78 23.602
65 78 75.429
65 79 70.806
65 79 73.656
65 79 89.581
65 80 37.443
65 81 7.66
65 81 15.283
65 81 20.308
65 81 80.173
65 84 64.2
65 85 1.748
65 85 61.246
65 86 56.226
65 86 59.704
65 86 93.047
65 86 93.636
65 87 32.772
65 87 42.21
65 87 46.073
65 87 60.189
65 87 72.319
65 88 9.151
65 89 91.708
65 90 62.158
65 91 56.74
65 93 13.372
65 93 19.247
65 93 70.859
65 94 11.672
65 96 50.684
65 96 56.248
65 96 74.208
65 97 16.321
65 97 18.661
65 98 83.672
66 68 4.544
66 68 47.259
66 68 62.17
66 68 94.874
66 69 11.152
66 69 72.994
66 69 89.852
66 70 56.527
66 70 83.94
66 71 9.244
66 71 13.506
66 72 45.679
66 72 53.489
66 73 0.534
66 75 29.632
66 76 47.235
66 76 93.412
66 77 77.228
66 78 63.388
66 79 62.093
66 79 65.408
66 80 24.4
66 80 50.937
66 80 73.037
66 82 65.316
66 83 4.084
66 84 21.698
66 84 53.069
66 86 60.281
66 88 3.682
66 88 76.856
66 89 4.477
66 89 6.889
66 89 40.347
66 89 89.423
66 90 38.205
66 90 81.901
66 91 73.745
66 92 32.421
66 93 58.852
66 94 26.82
66 95 95.54
66 96 43.983
66 97 3.154
67 68 35.694
67 71 22.795
67 71 73.599
67 72 89.195
67 73 17.877
67 74 21.742
67 75 57.025
67 75 84.025
67 79 1.028
67 79 56.88
67 80 89.918
67 80 98.74
67 82 37.921
67 83 42.091
67 84 42.91
67 84 50.107
67 84 81.813
67 85 47.873
67 85 52.576
67 85 64.655
67 86 75.347
67 86 80.598
67 86 89.85
67 87 43.789
67 87 54.686
67 88 36.05
67 90 5.327
67 90 17.459
67 90 30.511
67 91 26.418
67 92 75.996
67 93 12.293
67 93 93.827
67 94 37.046
67 95 2.302
67 95 77.89
67 97 80.456
67 97 91.596
67 98 73.901
67 99 23.863
67 99 57.842
67 99 93.677
67 99 99.945
68 69 59.156
68 70 52.308
68 71 95.669
68 72 84.228
68 74 14.697
68 75 21.124
68 75 25.234
68 77 94.366
68 77 95.65
68 78 27.003
68 78 98.514
68 79 59.766
68 79 89.116
68 80 44.773
68 80 63.324
68 80 82.849
68 87 43.854
68 90 21.442
68 90 66.999
68 90 81.638
68 90 89.445
68 91 77.898
68 92 2.819
68 92 82.322
68 93 12.29
68 93 38.092
68 93 79.903
68 94 54.141
68 95 53.301
68 96 61.529
68 97 24.305
68 97 39.601
68 97 42.049
68 97 90.541
68 98 51.177
69 70 67.485
69 70 82.853
69 71 20.941
69 71 36.407
69 73 71.553
69 75 20.511
69 75 47.105
69 75 99.265
69 76 71.508
69 76 71.606
69 76 97.544
69 77 55.268
69 78 18.885
69 78 93.245
69 79 23.967
69 80 6.595
69 80 98.501
69 81 45.86
69 81 56.764
69 82 71.362
69 83 5.653
69 83 19.551
69 85 3.256
69 85 67.316
69 86 25.272
69 87 19.979
69 87 23.057
69 87 86.458
69 88 50.154
69 90 0.675
69 92 14.887
69 92 57.552
69 93 97.018
69 94 81.72
69 95 25.19
69 96 9.188
69 96 24.46
69 96 85.655
69 97 29.637
69 98 22.198
69 98 51.868
69 99 28.757
69 99 82.773
70 72 76.486
70 72 96.338
70 73 75.589
70 73 79.531
70 74 29.946
70 74 47.608
70 76 52.116
70 78 29.197
70 78 41.158
70 78 81.844
70 80 19.941
70 80 23.989
70 80 30.13
70 80 74.5
70 80 92.17
70 81 53.552
70 82 13.789
70 82 56.087
70 83 51.345
70 83 51.576
70 85 23.535
70 86 66.695
70 87 55.165
70 87 88.138
70 88 71.228
70 88 89.481
70 92 28.628
70 93 70.236
70 94 71.93
70 95 71.397
70 96 19.093
70 97 11.066
70 97 38.129
70 98 44.826
70 98 51.914
70 98 92.27
70 99 20.934
71 72 73.104
71 72 76.331
71 73 66.961
71 74 59.235
71 75 40.337
71 76 91.976
71 77 41.603
71 77 42.932
71 77 58.602
71 78 5.753
71 78 25.975
71 80 13.178
71 80 76.409
71 80 89.473
71 81 8.884
71 82 5.546
71 82 78.731
71 83 67.904
71 83 98.055
71 84 36.304
71 84 84.954
71 85 31.211
71 86 41.971
71 86 56.27
71 88 82.738
71 89 20.258
71 90 78.624
71 91 35.991
71 92 36.369
71 92 71.012
71 93 17.044
71 95 95.745
71 96 49.489
71 96 50.174
71 96 52.864
71 96 81.722
71 97 84.203
71 97 87.622
71 98 0.373
71 98 10.22
71 99 24.571
71 99 53.29
72 74 4.186
72 74 65.284
72 75 45.623
72 75 89.878
72 77 1.938
72 77 10.441
72 77 36.474
72 77 59.112
72 77 70.301
72 77 84.302
72 78 36.67
72 78 60.544
72 79 54.743
72 80 31.615
72 81 5.515
72 81 78.889
72 81 83.1
72 82 88.058
72 83 27.983
72 83 93.386
72 84 45.071
72 84 67.073
72 84 74.133
72 86 4.075
72 87 48.116
72 87 98.167
72 88 98.232
72 89 1.238
72 89 2.584
72 89 67.185
72 90 16.196
72 90 82.58
72 90 93.67
72 91 28.597
72 91 47.291
72 91 97.392
72 92 77.077
72 93 55.714
72 94 21.197
72 94 53.521
72 95 13.485
72 96 76.601
72 96 78.175
72 96 80.926
72 97 1.565
72 97 93.481
72 98 37.105
72 99 87.801
73 74 9.502
73 74 50.586
73 75 57.499
73 76 8.976
73 76 17.057
73 76 23.97
73 77 12.724
73 77 59.366
73 78 64.176
73 78 76.138
73 79 24.085
73 79 35.08
73 80 3.947
73 80 28.693
73 80 66.473
73 81 12.804
73 81 17.993
73 81 20.746
73 81 25.846
73 81 77.121
73 81 90.262
73 82 24.737
73 85 43.319
73 86 7.056
73 86 57.63
73 87 27.346
73 87 36.718
73 87 81.102
73 87 84.506
73 88 48.396
73 88 74.258
73 88 78.473
73 90 54.667
73 91 9.707
73 91 70.904
73 91 91.21
73 91 92.641
73 91 98.87
73 92 76.915
73 93 8.035
73 93 22.609
73 95 47.065
73 96 17.166
73 96 23.587
73 96 58.029
73 97 28.896
73 98 59.868
73 99 76.615
73 99 77.406
74 75 42.226
74 76 86.047
74 77 94.595
74 78 76.548
74 78 77.845
74 78 85.056
74 79 66.217
74 79 97.568
74 79 99.689
74 82 46.784
74 84 54.053
74 84 70.357
74 84 84.375
74 84 89.01
74 85 51.367
74 86 33.62
74 86 84.918
74 88 31.601
74 89 19.074
74 90 24.182
74 90 58.817
74 93 6.025
74 93 28.922
74 93 33.331
74 93 62.656
74 94 34.819
74 95 64.223
74 96 10.696
74 96 23.027
74 96 23.753
74 96 60.065
74 97 79.914
74 98 81.467
74 98 85.887
74 99 29.369
75 76 48.389
75 76 48.445
75 77 34.495
75 77 90.637
75 79 66.066
75 79 87.854
75 80 15.041
75 80 22.989
75 80 42.963
75 80 70.982
75 81 54.057
75 81 72.176
75 82 64.66
75 84 44.693
75 84 58.684
75 85 8.793
75 85 26.918
75 86 69.275
75 86 96.092
75 87 93.405
75 88 19.116
75 88 33.752
75 89 65.273
75 90 65.857
75 90 83.545
75 91 68.861
75 91 90.416
75 92 36.437
75 92 71.66
75 93 17.072
75 94 85.108
75 95 50.032
75 95 86.983
75 96 53.668
75 96 98.579
75 97 65.887
75 98 90.535
76 77 7.561
76 77 13.494
76 77 13.83
76 77 29.286
76 77 88.791
76 78 45.143
76 78 86.266
76 80 56.217
76 80 58.067
76 80 91.28
76 81 15.265
76 82 22.152
76 82 32.803
76 82 53.917
76 82 58.274
76 82 71.171
76 83 21.436
76 83 47.355
76 84 69.138
76 85 73.226
76 86 68.139
76 86 79.333
76 86 94.172
76 88 33.143
76 88 34.285
76 88 81.415
76 89 65.078
76 89 76.432
76 90 14.135
76 90 48.741
76 90 78.871
76 91 65.013
76 92 80.751
76 94 33.775
76 94 52.38
76 95 99.188
76 96 20.641
76 96 75.824
76 97 40.552
76 97 96.508
76 99 7.725
76 99 54.874
76 99 69.749
77 78 14.299
77 79 24.8
77 79 57.377
77 79 71.969
77 80 22.221
77 80 86.738
77 82 5.365
77 82 62.137
77 84 95.009
77 85 44.415
77 85 78.255
77 85 93.994
77 86 11.318
77 86 41.681
77 87 52.408
77 87 64.685
77 87 87.652
77 88 7.092
77 88 87.148
77 89 85.776
77 90 4.528
77 91 11.502
77 91 50.982
77 92 85.466
77 92 95.96
77 92 96.521
77 93 14.379
77 94 75.883
77 94 87.285
77 95 53.665
77 95 60.399
77 95 89.895
77 96 43.229
77 97 16.903
77 97 44.174
77 98 95.635
77 99 39.869
77 99 58.159
77 99 85.3
78 79 2.141
78 79 77.174
78 79 95.3
78 80 26.716
78 80 30.601
78 80 75.133
78 80 76.702
78 80 83.135
78 81 45.675
78 82 38.479
78 82 67.011
78 83 67.786
78 84 94.242
78 85 6.197
78 87 85.991
78 89 31.476
78 89 59.217
78 89 68.874
78 90 33.975
78 93 19.074
78 94 73.511
78 95 80.562
78 96 93.166
78 97 41.77
78 98 82.675
78 99 35.021
78 99 39.44
78 99 52.638
79 80 65.949
79 81 45.55
79 81 99.397
79 82 3.822
79 82 19.481
79 82 91.353
79 84 25.357
79 84 62.678
79 84 89.578
79 85 22.096
79 85 61.088
79 86 8.65
79 86 12.188
79 86 43.893
79 86 79.145
79 87 0.968
79 88 97.387
79 89 68.959
79 89 70.307
79 89 80.617
79 90 14.36
79 90 36.659
79 91 42.993
79 93 96.694
79 94 3.232
79 94 11.796
79 95 24.629
79 95 84.045
79 96 11.701
79 96 76.258
79 96 79.07
79 97 21.387
79 97 21.515
79 99 72.479
79 99 87.809
80 81 76.372
80 81 80.35
80 82 1.959
80 83 24.475
80 83 66.875
80 86 16.583
80 86 50.778
80 87 24.519
80 87 86.236
80 88 80.616
80 89 14.174
80 89 46.047
80 90 9.756
80 90 21.88
80 90 77.611
80 90 85.229
80 90 91.688
80 91 13.921
80 91 36.432
80 91 50.025
80 92 8.117
80 92 77.717
80 93 37.549
80 94 22.018
80 94 39.823
80 94 75.067
80 95 19.248
80 95 35.786
80 96 7.855
80 96 19.611
80 96 41.866
80 97 85.605
80 99 50.65
80 99 81.41
81 82 44.69
81 82 66.869
81 83 52.276
81 83 88.73
81 84 6.238
81 84 87.191
81 84 90.428
81 85 44.716
81 86 74.962
81 86 89.734
81 87 16.19
81 87 46.676
81 89 70.642
81 90 2.556
81 90 16.456
81 90 79.915
81 90 88.149
81 91 6.72
81 94 78.519
81 94 80.438
81 95 29.238
81 96 20.765
81 96 95.475
81 98 52.275
81 98 62.007
81 98 66.633
81 98 71.413
81 98 91.013
81 99 29.555
82 83 86.918
82 85 9.133
82 86 26.124
82 87 24.337
82 89 23.995
82 89 32.954
82 90 28.346
82 91 3.148
82 91 22.746
82 92 84.154
82 93 18.319
82 93 19.882
82 93 35.505
82 94 16.577
82 95 73.351
82 97 12.788
82 97 25.885
82 97 95.261
82 97 98.474
82 99 39.844
82 99 52.352
83 85 94.117
83 86 3.236
83 86 9.646
83 86 62.753
83 89 20.41
83 90 52.516
83 91 2.979
83 91 4.016
83 91 27.137
83 93 95.853
83 94 1.259
83 96 62.321
83 97 72.452
83 98 52.916
83 99 48.411
83 99 60.671
84 86 19.16
84 86 33.379
84 87 53.892
84 88 63.248
84 88 80.528
84 89 8.014
84 89 20.312
84 89 35.281
84 89 36.424
84 89 80.695
84 90 55.319
84 90 80.823
84 91 23.501
84 91 55.73
84 93 16.184
84 94 53.613
84 94 62.313
84 95 65.511
84 95 97.587
84 96 6.414
84 96 62.493
84 97 90.957
84 98 26.556
84 99 89.724
85 86 7.098
85 86 28.451
85 87 7.751
85 87 80.494
85 88 19.226
85 88 97.366
85 89 25.846
85 89 71.911
85 90 80.854
85 91 34.123
85 91 34.623
85 92 10.818
85 92 11.133
85 93 4.663
85 93 16.997
85 93 71.581
85 93 96.987
85 95 61.173
85 97 2.274
85 97 28.613
85 98 10.859
85 98 34.971
85 98 43.046
85 99 52.854
85 99 93.772
86 87 96.034
86 88 5.167
86 88 15.048
86 88 22.146
86 88 62.735
86 88 64.167
86 88 90.477
86 88 92.572
86 89 13.157
86 89 50.986
86 89 98.509
86 90 7.342
86 90 13.642
86 91 70.943
86 91 90.818
86 92 79.585
86 93 71.063
86 93 71.932
86 94 21.833
86 94 24.885
86 94 58.065
86 95 30.209
86 95 86.041
86 96 58.611
86 97 97.85
86 98 13.46
86 98 39.134
86 98 66.144
86 98 94.223
86 99 41.231
87 89 16.979
87 89 83.996
87 89 95.653
87 90 90.253
87 91 27.581
87 91 95.091
87 92 82.866
87 93 4.584
87 93 23.778
87 93 65.023
87 94 61.376
87 95 12.179
87 95 67.723
87 95 93.078
87 97 26.7
87 97 39.688
87 97 45.686
87 98 10.807
87 98 32.845
88 89 37.979
88 89 68.512
88 91 63.356
88 91 86.681
88 92 68.656
88 92 89.514
88 93 43.197
88 94 45.993
88 95 98.731
88 96 73.295
88 96 90.996
88 96 97.239
88 97 15.352
88 97 28.446
88 97 49.812
88 97 50.848
88 98 1.287
88 98 9.374
88 98 68.917
88 99 95.059
89 90 34.185
89 90 38.454
89 92 63.959
89 93 35.895
89 95 52.206
89 98 68.862
89 98 97.029
89 99 86.706
90 91 52.896
90 92 62.597
90 92 94.137
90 93 84.508
90 94 0.882
90 94 22.839
90 95 30.356
90 95 54.548
90 95 60.187
90 96 49.132
90 96 73.938
90 97 46.624
90 97 57.296
90 97 76.253
90 98 14.716
90 98 33.069
90 98 43.543
90 98 55.663
90 98 60.786
90 98 66.926
90 98 79.58
91 92 22.59
91 92 36.794
91 92 38.225
91 92 66.886
91 92 92.314
91 93 46.032
91 93 68.539
91 96 34.84
91 96 40.502
91 96 88.459
91 98 50.962
91 99 30.929
91 99 68.992
92 93 82.382
92 95 86.643
92 96 64.705
92 97 39.588
92 98 40.48
92 98 67.99
92 99 40.459
93 95 66.392
93 96 0.117
93 97 67.451
93 97 89.21
93 97 95.955
93 98 2.909
93 98 82.224
93 99 13.861
93 99 33.397
93 99 86.018
94 97 13.711
94 97 74.855
94 98 12.741
95 96 85.977
95 97 35.873
95 97 47.067
95 97 83.244
95 97 88.107
95 99 62.448
95 99 91.001
96 97 10.716
96 97 42.055
96 97 57.854
96 99 92.832
97 98 18.613
97 99 15.027
98 99 1.564
98 99 95.86