100
0 1 89.947
0 2 75.677
0 3 29.452
0 4 41.536
0 5 9.885
0 6 42.758
0 7 11.201
0 8 81.88
0 9 28.193
0 10 29.518
0 11 24.547
0 12 46.274
0 13 74.335
0 14 20.198
0 15 95.157
0 16 85.873
0 17 6.889
0 18 46.864
0 19 12.726
0 20 81.441
0 21 62.802
0 22 4.584
0 23 41.064
0 24 66.002
0 25 74.774
0 26 39.638
0 27 6.082
0 28 11.922
0 29 71.745
0 30 98.15
0 31 81.217
0 32 11.18
0 33 77.5
0 34 76.724
0 35 97.417
0 36 37.869
0 37 67.807
0 38 75.183
0 39 94.381
0 40 57.845
0 41 72.778
0 42 17.353
0 43 76.577
0 44 49.545
0 45 59.501
0 46 78.91
0 47 96.202
0 48 68.344
0 49 36.887
0 50 47.583
0 51 89.634
0 52 58.229
0 53 17.032
0 54 44.675
0 55 68.19
0 56 47.432
0 57 30.618
0 58 18.597
0 59 68.927
0 60 15.503
0 61 56.236
0 62 1.54
0 63 10.457
0 64 91.678
0 65 8.544
0 66 69.068
0 67 82.183
0 68 92.803
0 69 6.556
0 70 99.379
0 71 99.838
0 72 88.072
0 73 65.543
0 74 52.87
0 75 8.431
0 76 48.498
0 77 91.925
0 78 25.928
0 79 13.732
0 80 85.417
0 81 5.969
0 82 9.965
0 83 5.201
0 84 51.969
0 85 68.021
0 86 85.727
0 87 29.56
0 88 17.394
0 89 13.848
0 90 5.094
0 91 19.737
0 92 22.236
0 93 93.27
0 94 70.475
0 95 72.504
0 96 24.241
0 97 86.637
0 98 37.461
0 99 90.341
1 2 36.373
1 3 62.746
1 4 51.822
1 5 99.548
1 6 77.366
1 7 56.654
1 8 51.15
1 9 45.154
1 10 75.564
1 11 72.518
1 12 46.048
1 13 13.577
1 14 96.032
1 15 72.153
1 16 71.521
1 17 80.273
1 18 33.845
1 19 36.273
1 20 61.897
1 21 78.123
1 22 6.12
1 23 40.819
1 24 17.157
1 25 92.165
1 26 81.724
1 27 82.337
1 28 54.35
1 29 97.621
1 30 1.064
1 31 70.254
1 32 76.037
1 33 65.995
1 34 23.471
1 35 33.849
1 36 88.936
1 37 44.222
1 38 98.114
1 39 31.699
1 40 25.598
1 41 36.373
1 42 13.255
1 43 53.135
1 44 8.597
1 45 76.231
1 46 67.814
1 47 46.907
1 48 22.946
1 49 30.004
1 50 2.649
1 51 91.397
1 52 18.235
1 53 95.11
1 54 70.686
1 55 32.883
1 56 14.134
1 57 78.471
1 58 87.755
1 59 99.695
1 60 6.334
1 61 63.323
1 62 33.036
1 63 50.404
1 64 1.73
1 65 39.722
1 66 93.644
1 67 32.868
1 68 50.215
1 69 93.198
1 70 94.023
1 71 57.838
1 72 66.344
1 73 35.223
1 74 8.235
1 75 52.645
1 76 80.623
1 77 6.892
1 78 45.489
1 79 20.899
1 80 89.476
1 81 78.246
1 82 93.943
1 83 88.373
1 84 5.547
1 85 24.74
1 86 77.945
1 87 93.81
1 88 69.286
1 89 56.358
1 90 42.471
1 91 82.196
1 92 94.094
1 93 37.963
1 94 93.558
1 95 69.007
1 96 41.489
1 97 1.637
1 98 94.167
1 99 72.996
2 3 71.126
2 4 8.972
2 5 73.151
2 6 91.815
2 7 89.346
2 8 33.89
2 9 19.34
2 10 56.503
2 11 26.678
2 12 24.539
2 13 93.744
2 14 62.961
2 15 97.613
2 16 60.925
2 17 12.119
2 18 89.107
2 19 69.475
2 20 29.655
2 21 59.755
2 22 47.236
2 23 33.99
2 24 19.571
2 25 88.404
2 26 83.763
2 27 36.943
2 28 97.143
2 29 7.798
2 30 64.347
2 31 8.385
2 32 1.943
2 33 28.201
2 34 57.447
2 35 53.108
2 36 7.088
2 37 85.686
2 38 61.622
2 39 58.932
2 40 89.256
2 41 64.97
2 42 92.003
2 43 44.782
2 44 72.861
2 45 94.088
2 46 4.059
2 47 43.737
2 48 92.598
2 49 26.641
2 50 53.084
2 51 83.667
2 52 73.639
2 53 7.155
2 54 10.278
2 55 12.612
2 56 39.858
2 57 72.561
2 58 61.472
2 59 74.721
2 60 50.163
2 61 10.97
2 62 58.243
2 63 45.136
2 64 39.394
2 65 95.773
2 66 6.643
2 67 33.135
2 68 33.722
2 69 14.627
2 70 63.343
2 71 56.003
2 72 59.903
2 73 39.488
2 74 50.286
2 75 91.453
2 76 34.181
2 77 9.272
2 78 35.619
2 79 10.989
2 80 10.668
2 81 93.151
2 82 67.129
2 83 16.693
2 84 74.615
2 85 96.48
2 86 47.881
2 87 96.532
2 88 58.108
2 89 71.082
2 90 90.911
2 91 68.163
2 92 16.997
2 93 60.883
2 94 73.737
2 95 51.481
2 96 77.237
2 97 85.678
2 98 31.294
2 99 36.445
3 4 8.176
3 5 92.866
3 6 96.652
3 7 26.066
3 8 65.012
3 9 40.435
3 10 15.558
3 11 63.512
3 12 9.347
3 13 33.733
3 14 22.279
3 15 19.017
3 16 73.907
3 17 24.402
3 18 6.153
3 19 33.565
3 20 67.647
3 21 26.249
3 22 98.567
3 23 2.549
3 24 24.08
3 25 38.668
3 26 53.285
3 27 85.04
3 28 49.238
3 29 62.279
3 30 96.153
3 31 6.04
3 32 81.786
3 33 19.617
3 34 65.773
3 35 25.091
3 36 75.331
3 37 85.589
3 38 25.735
3 39 76.929
3 40 13.585
3 41 6.361
3 42 44.82
3 43 46.719
3 44 11.383
3 45 18.075
3 46 28.817
3 47 96.48
3 48 18.278
3 49 28.335
3 50 95.196
3 51 40.151
3 52 96.073
3 53 4.626
3 54 72.637
3 55 99.908
3 56 82.867
3 57 97.073
3 58 56.9
3 59 39.15
3 60 69.899
3 61 57.136
3 62 95.863
3 63 88.113
3 64 0.605
3 65 47.799
3 66 55.748
3 67 90.122
3 68 35.465
3 69 28.553
3 70 20.536
3 71 77.282
3 72 21.908
3 73 30.167
3 74 75.03
3 75 65.038
3 76 61.502
3 77 74.468
3 78 42.131
3 79 51.163
3 80 35.231
3 81 36.397
3 82 84.694
3 83 58.616
3 84 83.371
3 85 9.02
3 86 59.964
3 87 71.173
3 88 3.514
3 89 10.226
3 90 36.036
3 91 54.721
3 92 73.76
3 93 83.73
3 94 18.227
3 95 93.36
3 96 61.019
3 97 73.686
3 98 22.997
3 99 75.837
4 5 44.684
4 6 19.215
4 7 52.234
4 8 78.99
4 9 13.525
4 10 19.718
4 11 73.92
4 12 19.883
4 13 57.222
4 14 18.368
4 15 98.647
4 16 27.943
4 17 27.758
4 18 23.127
4 19 11.851
4 20 96.9
4 21 42.363
4 22 59.666
4 23 91.326
4 24 85.57
4 25 44.84
4 26 1.822
4 27 22.176
4 28 76.431
4 29 35.794
4 30 4.88
4 31 17.508
4 32 2.752
4 33 60.963
4 34 3.585
4 35 70.427
4 36 20.764
4 37 14.664
4 38 39.822
4 39 35.232
4 40 85.768
4 41 15.45
4 42 95.54
4 43 4.512
4 44 11.066
4 45 71.016
4 46 3.63
4 47 2.753
4 48 95.268
4 49 16.319
4 50 25.271
4 51 22.603
4 52 76.804
4 53 69.009
4 54 75.161
4 55 71.416
4 56 73.225
4 57 88.661
4 58 13.183
4 59 20.095
4 60 32.071
4 61 66.299
4 62 87.102
4 63 20.278
4 64 89.035
4 65 49.919
4 66 95.86
4 67 34.998
4 68 26.923
4 69 11.639
4 70 10.387
4 71 12.564
4 72 1.998
4 73 15.488
4 74 1.816
4 75 32.117
4 76 43.945
4 77 44.004
4 78 23.596
4 79 24.947
4 80 89.586
4 81 70.44
4 82 4.951
4 83 59.64
4 84 80.649
4 85 19.986
4 86 8.377
4 87 93.517
4 88 24.157
4 89 61.836
4 90 17.637
4 91 8.149
4 92 61.346
4 93 90.934
4 94 38.681
4 95 45.415
4 96 31.291
4 97 97.34
4 98 59.819
4 99 54.339
5 6 25.203
5 7 9.589
5 8 52.831
5 9 59.696
5 10 94.4
5 11 99.421
5 12 79.125
5 13 11.195
5 14 41.737
5 15 21.008
5 16 25.895
5 17 30.271
5 18 42.379
5 19 2.944
5 20 94.255
5 21 36.747
5 22 99.202
5 23 35.68
5 24 78.926
5 25 30.296
5 26 53.136
5 27 35.869
5 28 33.788
5 29 13.702
5 30 24.866
5 31 54.681
5 32 26.019
5 33 57.775
5 34 54.397
5 35 12.388
5 36 59.436
5 37 55.891
5 38 43.769
5 39 51.794
5 40 42.067
5 41 29.619
5 42 15.665
5 43 32.659
5 44 76.61
5 45 93.816
5 46 51.942
5 47 20.667
5 48 90.914
5 49 10.493
5 50 39.03
5 51 5.052
5 52 46.823
5 53 7.584
5 54 24.499
5 55 49.431
5 56 57.335
5 57 26.128
5 58 44.293
5 59 9.879
5 60 73.502
5 61 44.592
5 62 39.284
5 63 98.838
5 64 45.883
5 65 12.097
5 66 23.289
5 67 46.513
5 68 65.568
5 69 48.291
5 70 52.806
5 71 87.879
5 72 38.815
5 73 73.1
5 74 58.053
5 75 19.906
5 76 52.322
5 77 79.79
5 78 61.781
5 79 10.216
5 80 22.025
5 81 29.575
5 82 48.145
5 83 79.649
5 84 9.898
5 85 97.607
5 86 91.311
5 87 57.16
5 88 43.304
5 89 52.54
5 90 58.898
5 91 34.349
5 92 65.96
5 93 32.278
5 94 83.79
5 95 69.132
5 96 55.704
5 97 80.572
5 98 11.132
5 99 7.801
6 7 36.211
6 8 59.843
6 9 43.594
6 10 82.741
6 11 22.873
6 12 74.139
6 13 75.616
6 14 52.346
6 15 87.37
6 16 56.713
6 17 99.614
6 18 1.217
6 19 8.845
6 20 59.535
6 21 76.4
6 22 8.773
6 23 57.472
6 24 8.082
6 25 43.224
6 26 51.846
6 27 94.117
6 28 56.334
6 29 99.65
6 30 70.209
6 31 11.595
6 32 41.549
6 33 2.24
6 34 34.315
6 35 89.394
6 36 84.296
6 37 60.34
6 38 6.647
6 39 42.548
6 40 66.554
6 41 26.106
6 42 45.942
6 43 4.837
6 44 97.32
6 45 41.165
6 46 2.448
6 47 66.748
6 48 85.262
6 49 38.619
6 50 73.145
6 51 7.68
6 52 41.727
6 53 75.049
6 54 28.221
6 55 5.727
6 56 78.417
6 57 85.598
6 58 58.173
6 59 40.119
6 60 87.189
6 61 19.969
6 62 4.224
6 63 24.03
6 64 96.023
6 65 73.421
6 66 74.241
6 67 41.939
6 68 28.731
6 69 18.66
6 70 4.231
6 71 32.826
6 72 66.579
6 73 40.929
6 74 49.493
6 75 49.892
6 76 78.763
6 77 36.102
6 78 42.241
6 79 9.38
6 80 46.156
6 81 11.051
6 82 86.201
6 83 28.211
6 84 77.53
6 85 11.058
6 86 99.507
6 87 6.259
6 88 23.929
6 89 75.084
6 90 97.88
6 91 95.182
6 92 93.517
6 93 51.219
6 94 67.157
6 95 52.832
6 96 94.573
6 97 76.986
6 98 65.975
6 99 68.203
7 8 52.571
7 9 17.203
7 10 10.385
7 11 78.584
7 12 63.653
7 13 5.603
7 14 13.415
7 15 45.93
7 16 2.265
7 17 4.199
7 18 46.377
7 19 58.345
7 20 70.966
7 21 68.942
7 22 33.837
7 23 32.209
7 24 96.169
7 25 25.679
7 26 4.792
7 27 55.859
7 28 90.299
7 29 35.331
7 30 75.008
7 31 70.67
7 32 31.794
7 33 13.737
7 34 60.576
7 35 71.947
7 36 78.595
7 37 38.917
7 38 19.92
7 39 45.778
7 40 31.055
7 41 38.827
7 42 9.154
7 43 32.502
7 44 24.656
7 45 89.752
7 46 85.979
7 47 93.139
7 48 92.064
7 49 62.411
7 50 55.042
7 51 91.516
7 52 82.717
7 53 70.248
7 54 43.398
7 55 57.403
7 56 11.165
7 57 99.785
7 58 46.997
7 59 69.448
7 60 75.237
7 61 59.165
7 62 34.343
7 63 73.293
7 64 91.219
7 65 99.203
7 66 58.592
7 67 7.876
7 68 91.865
7 69 53.268
7 70 41.703
7 71 75.874
7 72 58.972
7 73 1.044
7 74 28.763
7 75 51.283
7 76 39.655
7 77 41.989
7 78 69.444
7 79 7.166
7 80 40.963
7 81 18.627
7 82 80.944
7 83 76.909
7 84 19.471
7 85 13.504
7 86 85.998
7 87 95.12
7 88 68.906
7 89 97.889
7 90 54.406
7 91 97.238
7 92 23.324
7 93 10.785
7 94 53.637
7 95 92.766
7 96 75.363
7 97 13.704
7 98 35.029
7 99 71.366
8 9 67.953
8 10 2.343
8 11 80.897
8 12 24.013
8 13 12.667
8 14 89.345
8 15 76.532
8 16 30.979
8 17 67.116
8 18 1.656
8 19 60.111
8 20 6.549
8 21 61.077
8 22 6.724
8 23 90.54
8 24 41.273
8 25 84.054
8 26 67.725
8 27 12.859
8 28 11.854
8 29 87.077
8 30 1.47
8 31 64.168
8 32 38.773
8 33 14.739
8 34 77.4
8 35 49.435
8 36 63.973
8 37 21.94
8 38 56.389
8 39 5.943
8 40 73.103
8 41 22.292
8 42 85.543
8 43 75.486
8 44 68.044
8 45 10.684
8 46 3.096
8 47 34.424
8 48 91.18
8 49 10.998
8 50 99.929
8 51 42.837
8 52 75.888
8 53 65.507
8 54 40.343
8 55 86.149
8 56 72.322
8 57 28.194
8 58 57.201
8 59 63.18
8 60 27.824
8 61 96.17
8 62 66.162
8 63 84.686
8 64 65.578
8 65 70.238
8 66 96.026
8 67 26.567
8 68 54.77
8 69 4.37
8 70 63.602
8 71 8.486
8 72 98.156
8 73 85.557
8 74 85.425
8 75 48.849
8 76 10.898
8 77 19.861
8 78 53.308
8 79 16.5
8 80 97.033
8 81 70.278
8 82 32.202
8 83 41.582
8 84 18.04
8 85 92.976
8 86 88.792
8 87 72.18
8 88 51.546
8 89 2.364
8 90 61.817
8 91 99.806
8 92 10.737
8 93 68.699
8 94 66.356
8 95 40.07
8 96 88.927
8 97 24.774
8 98 68.301
8 99 65.827
9 10 32.497
9 11 54.472
9 12 18.721
9 13 72.204
9 14 57.131
9 15 46.773
9 16 68.348
9 17 4.692
9 18 54.574
9 19 35.348
9 20 87.8
9 21 70.701
9 22 5.559
9 23 73.915
9 24 22.588
9 25 33.021
9 26 25.467
9 27 67.198
9 28 64.874
9 29 30.545
9 30 38.996
9 31 26.062
9 32 60.028
9 33 3.35
9 34 57.762
9 35 76.296
9 36 77.578
9 37 4.522
9 38 90.019
9 39 71.562
9 40 48.234
9 41 13.44
9 42 50.487
9 43 45.324
9 44 56.939
9 45 69.343
9 46 55.431
9 47 97.101
9 48 96.106
9 49 38.211
9 50 57.067
9 51 5.847
9 52 39.107
9 53 83.858
9 54 96.002
9 55 82.339
9 56 38.615
9 57 44.132
9 58 6.504
9 59 73.087
9 60 3.212
9 61 38.246
9 62 11.87
9 63 21.997
9 64 8.608
9 65 41.943
9 66 29.367
9 67 99.646
9 68 25.158
9 69 23.011
9 70 37.254
9 71 4.035
9 72 91.577
9 73 18.287
9 74 85.876
9 75 40.525
9 76 5.88
9 77 19.781
9 78 79.054
9 79 5.998
9 80 87.617
9 81 19.91
9 82 58.749
9 83 31.928
9 84 57.025
9 85 62.856
9 86 8.249
9 87 50.664
9 88 23.494
9 89 38.847
9 90 14.01
9 91 20.974
9 92 55.027
9 93 11.025
9 94 79.628
9 95 73.045
9 96 69.074
9 97 56.121
9 98 13.32
9 99 8.491
10 11 37.621
10 12 53.128
10 13 62.343
10 14 72.415
10 15 40.524
10 16 20.916
10 17 59.898
10 18 61.912
10 19 48.803
10 20 73.334
10 21 32.373
10 22 80.643
10 23 11.787
10 24 85.085
10 25 68.757
10 26 4.504
10 27 34.798
10 28 30.368
10 29 58.103
10 30 55.58
10 31 28.848
10 32 30.665
10 33 75.289
10 34 79.964
10 35 75.988
10 36 99.049
10 37 41.545
10 38 94.385
10 39 46.543
10 40 16.806
10 41 61.146
10 42 20.259
10 43 11.072
10 44 61.834
10 45 9.922
10 46 64.145
10 47 82.38
10 48 3.058
10 49 24.283
10 50 6.004
10 51 25.889
10 52 5.847
10 53 90.803
10 54 9.032
10 55 62.256
10 56 12.757
10 57 56.978
10 58 91.041
10 59 81.943
10 60 50.003
10 61 40.337
10 62 22.756
10 63 53.418
10 64 78.587
10 65 16.633
10 66 52.737
10 67 94.466
10 68 30.325
10 69 94.859
10 70 24.896
10 71 77.554
10 72 39.153
10 73 84.502
10 74 88.148
10 75 68.744
10 76 84.387
10 77 80.369
10 78 17.884
10 79 56.661
10 80 37.3
10 81 62.549
10 82 51.309
10 83 92.223
10 84 65.51
10 85 38.695
10 86 86.034
10 87 11.365
10 88 97.622
10 89 70.284
10 90 24.521
10 91 33.471
10 92 93.333
10 93 57.09
10 94 30.751
10 95 85.509
10 96 30.02
10 97 5.107
10 98 36.526
10 99 84.563
11 12 97.075
11 13 66.439
11 14 55.884
11 15 79.613
11 16 92.619
11 17 63.181
11 18 25.36
11 19 25.003
11 20 63.229
11 21 49.188
11 22 52.062
11 23 96.689
11 24 48.9
11 25 66.489
11 26 44.37
11 27 22.327
11 28 10.54
11 29 84.767
11 30 17.715
11 31 68.996
11 32 63.845
11 33 55.504
11 34 56.881
11 35 40.397
11 36 54.936
11 37 62.169
11 38 87.268
11 39 60.955
11 40 71.699
11 41 53.833
11 42 33.696
11 43 67.159
11 44 35.763
11 45 21.963
11 46 78.535
11 47 38.184
11 48 59.964
11 49 15.311
11 50 80.32
11 51 63.146
11 52 74.419
11 53 1.881
11 54 79.72
11 55 94.453
11 56 79.961
11 57 53.896
11 58 57.606
11 59 14.897
11 60 81.824
11 61 88.99
11 62 91.77
11 63 46.954
11 64 75.309
11 65 66.24
11 66 45.391
11 67 19.187
11 68 70.316
11 69 20.611
11 70 65.593
11 71 61.174
11 72 46.221
11 73 43.105
11 74 73.262
11 75 57.939
11 76 1.256
11 77 45.812
11 78 36.394
11 79 54.675
11 80 32.135
11 81 31.593
11 82 74.326
11 83 33.308
11 84 79.991
11 85 7.339
11 86 96.973
11 87 24.392
11 88 93.597
11 89 53.901
11 90 54.94
11 91 17.684
11 92 79.096
11 93 70.692
11 94 63.505
11 95 14.886
11 96 45.941
11 97 84.119
11 98 49.519
11 99 85.41
12 13 66.71
12 14 50.703
12 15 14.755
12 16 73.595
12 17 45.867
12 18 10.707
12 19 26.958
12 20 61.046
12 21 69.318
12 22 58.267
12 23 20.416
12 24 75.338
12 25 39.707
12 26 21.271
12 27 51.334
12 28 54.828
12 29 92.177
12 30 30.093
12 31 80.468
12 32 47.656
12 33 7.601
12 34 47.499
12 35 55.605
12 36 93.775
12 37 79.562
12 38 93.957
12 39 54.785
12 40 96.585
12 41 15.295
12 42 13.099
12 43 63.903
12 44 24.142
12 45 63.802
12 46 20.899
12 47 35.056
12 48 79.254
12 49 84.247
12 50 25.119
12 51 15.067
12 52 84.87
12 53 72.051
12 54 94.98
12 55 71.727
12 56 1.705
12 57 66.044
12 58 20.322
12 59 63.794
12 60 91.354
12 61 24.551
12 62 23.027
12 63 41.847
12 64 48.508
12 65 29.119
12 66 36.981
12 67 19.45
12 68 13.417
12 69 74.717
12 70 67.711
12 71 66.744
12 72 36.364
12 73 50.796
12 74 61.328
12 75 52.679
12 76 82.096
12 77 14.973
12 78 82.797
12 79 87.407
12 80 76.538
12 81 50.568
12 82 49.808
12 83 70.514
12 84 17.739
12 85 55.871
12 86 99.038
12 87 62.777
12 88 1.399
12 89 14.551
12 90 37.086
12 91 68.887
12 92 8.089
12 93 39.267
12 94 98.717
12 95 10.199
12 96 36.235
12 97 29.268
12 98 17.941
12 99 43.885
13 14 87.846
13 15 69.956
13 16 16.359
13 17 8.897
13 18 18.845
13 19 77.982
13 20 68.583
13 21 35.625
13 22 80.465
13 23 21.913
13 24 51.754
13 25 68.991
13 26 86.931
13 27 54.436
13 28 93.234
13 29 63.513
13 30 58.268
13 31 53.089
13 32 90.617
13 33 59.764
13 34 69.137
13 35 85.996
13 36 88.574
13 37 64.97
13 38 16.495
13 39 19.192
13 40 60.655
13 41 49.81
13 42 44.251
13 43 28.272
13 44 53.238
13 45 86.33
13 46 57.775
13 47 24.168
13 48 67.765
13 49 37.319
13 50 29.602
13 51 5.953
13 52 92.893
13 53 52.853
13 54 85.417
13 55 61.074
13 56 54.125
13 57 33.613
13 58 16.2
13 59 91.665
13 60 7.494
13 61 11.812
13 62 74.216
13 63 46.874
13 64 21.22
13 65 53.778
13 66 60.124
13 67 51.207
13 68 75.578
13 69 66.337
13 70 68.853
13 71 63.179
13 72 10.291
13 73 75.345
13 74 68.696
13 75 99.15
13 76 73.022
13 77 23.687
13 78 44.154
13 79 75.831
13 80 25.977
13 81 58.899
13 82 83.199
13 83 8.93
13 84 22.894
13 85 55.019
13 86 95.769
13 87 15.027
13 88 28.366
13 89 73.8
13 90 81.486
13 91 17.745
13 92 82.048
13 93 65.573
13 94 64.599
13 95 24.535
13 96 91.79
13 97 92.777
13 98 82.103
13 99 57.187
14 15 83.031
14 16 59.123
14 17 72.357
14 18 35.125
14 19 26.759
14 20 4.621
14 21 56.156
14 22 38.886
14 23 76.78
14 24 24.096
14 25 76.122
14 26 62.638
14 27 49.832
14 28 20.632
14 29 52.787
14 30 27.283
14 31 10.775
14 32 82.403
14 33 22.789
14 34 45.089
14 35 2.043
14 36 45.272
14 37 35.961
14 38 3.074
14 39 79.532
14 40 71.341
14 41 77.233
14 42 76.185
14 43 57.531
14 44 37.465
14 45 12.525
14 46 93.484
14 47 6.173
14 48 55.817
14 49 20.485
14 50 45.112
14 51 88.924
14 52 37.54
14 53 53.836
14 54 76.23
14 55 97.123
14 56 42.037
14 57 14.746
14 58 88.773
14 59 45.945
14 60 21.586
14 61 45.234
14 62 71.774
14 63 52.971
14 64 13.396
14 65 41.551
14 66 44.192
14 67 2.441
14 68 56.978
14 69 67.414
14 70 41.0
14 71 22.412
14 72 94.289
14 73 99.409
14 74 83.206
14 75 63.821
14 76 66.593
14 77 89.985
14 78 37.117
14 79 67.835
14 80 63.807
14 81 59.524
14 82 46.015
14 83 15.011
14 84 83.401
14 85 32.325
14 86 91.687
14 87 9.301
14 88 14.582
14 89 87.978
14 90 5.353
14 91 31.798
14 92 42.443
14 93 15.307
14 94 85.04
14 95 55.9
14 96 17.357
14 97 87.274
14 98 94.522
14 99 46.3
15 16 55.882
15 17 8.43
15 18 6.929
15 19 49.61
15 20 23.282
15 21 53.134
15 22 35.259
15 23 14.316
15 24 59.034
15 25 83.356
15 26 95.121
15 27 77.894
15 28 97.707
15 29 51.235
15 30 97.68
15 31 24.576
15 32 6.902
15 33 17.388
15 34 19.898
15 35 63.325
15 36 63.198
15 37 64.193
15 38 56.851
15 39 28.736
15 40 32.954
15 41 6.474
15 42 95.163
15 43 18.701
15 44 28.694
15 45 69.022
15 46 9.562
15 47 65.186
15 48 6.769
15 49 68.766
15 50 23.905
15 51 87.801
15 52 86.173
15 53 38.487
15 54 20.754
15 55 45.375
15 56 46.21
15 57 6.066
15 58 10.369
15 59 12.457
15 60 2.043
15 61 23.296
15 62 49.297
15 63 79.543
15 64 91.655
15 65 54.822
15 66 73.344
15 67 42.71
15 68 33.051
15 69 13.141
15 70 35.231
15 71 95.837
15 72 20.581
15 73 7.309
15 74 4.265
15 75 48.998
15 76 71.965
15 77 38.576
15 78 97.222
15 79 25.337
15 80 29.863
15 81 99.009
15 82 95.411
15 83 8.783
15 84 37.626
15 85 24.142
15 86 1.628
15 87 85.751
15 88 49.215
15 89 6.009
15 90 91.615
15 91 90.924
15 92 47.213
15 93 8.385
15 94 87.499
15 95 64.805
15 96 73.131
15 97 71.203
15 98 70.742
15 99 71.826
16 17 48.269
16 18 10.061
16 19 61.274
16 20 5.358
16 21 32.171
16 22 87.441
16 23 56.47
16 24 1.68
16 25 44.19
16 26 69.503
16 27 95.521
16 28 42.167
16 29 94.684
16 30 29.464
16 31 8.932
16 32 85.693
16 33 9.0
16 34 61.346
16 35 9.681
16 36 49.838
16 37 99.641
16 38 87.049
16 39 71.968
16 40 60.068
16 41 74.441
16 42 59.222
16 43 88.638
16 44 37.331
16 45 95.639
16 46 18.475
16 47 38.069
16 48 93.163
16 49 94.654
16 50 19.371
16 51 25.603
16 52 4.335
16 53 80.584
16 54 95.412
16 55 25.197
16 56 36.914
16 57 75.206
16 58 34.209
16 59 92.028
16 60 97.275
16 61 13.156
16 62 67.319
16 63 19.344
16 64 72.212
16 65 54.273
16 66 9.215
16 67 85.913
16 68 74.74
16 69 3.531
16 70 35.386
16 71 78.714
16 72 86.241
16 73 96.335
16 74 40.303
16 75 51.947
16 76 50.169
16 77 91.706
16 78 6.335
16 79 22.021
16 80 33.265
16 81 2.532
16 82 10.46
16 83 70.227
16 84 74.102
16 85 52.109
16 86 12.361
16 87 24.421
16 88 19.426
16 89 14.36
16 90 22.106
16 91 68.849
16 92 21.241
16 93 58.839
16 94 74.166
16 95 45.648
16 96 88.577
16 97 75.264
16 98 67.31
16 99 61.767
17 18 69.276
17 19 55.92
17 20 60.91
17 21 18.567
17 22 70.101
17 23 48.724
17 24 43.786
17 25 32.578
17 26 29.673
17 27 15.287
17 28 69.616
17 29 25.514
17 30 11.472
17 31 25.923
17 32 10.269
17 33 84.396
17 34 14.475
17 35 1.074
17 36 56.332
17 37 16.339
17 38 14.213
17 39 2.437
17 40 49.654
17 41 17.293
17 42 14.593
17 43 54.201
17 44 3.791
17 45 0.97
17 46 61.3
17 47 17.961
17 48 2.544
17 49 8.908
17 50 54.747
17 51 66.73
17 52 71.22
17 53 15.642
17 54 48.836
17 55 70.143
17 56 24.485
17 57 80.173
17 58 98.037
17 59 16.3
17 60 72.516
17 61 2.877
17 62 72.494
17 63 45.248
17 64 89.539
17 65 49.121
17 66 71.63
17 67 74.081
17 68 88.671
17 69 50.133
17 70 8.453
17 71 79.242
17 72 70.434
17 73 72.174
17 74 0.977
17 75 62.867
17 76 30.051
17 77 48.112
17 78 44.654
17 79 28.791
17 80 55.953
17 81 78.932
17 82 69.753
17 83 59.098
17 84 47.226
17 85 97.345
17 86 13.562
17 87 34.048
17 88 56.174
17 89 77.963
17 90 30.024
17 91 85.94
17 92 65.587
17 93 81.589
17 94 58.64
17 95 48.375
17 96 84.797
17 97 93.341
17 98 7.341
17 99 63.786
18 19 2.775
18 20 72.882
18 21 4.088
18 22 48.855
18 23 54.298
18 24 99.805
18 25 16.905
18 26 45.513
18 27 51.724
18 28 57.216
18 29 38.439
18 30 49.33
18 31 11.058
18 32 71.998
18 33 23.789
18 34 87.89
18 35 63.896
18 36 91.428
18 37 35.96
18 38 46.675
18 39 5.916
18 40 4.07
18 41 71.705
18 42 13.913
18 43 39.049
18 44 9.146
18 45 19.388
18 46 95.976
18 47 81.128
18 48 35.626
18 49 41.534
18 50 56.49
18 51 64.555
18 52 59.44
18 53 75.736
18 54 83.13
18 55 95.959
18 56 42.856
18 57 20.39
18 58 82.059
18 59 13.094
18 60 30.256
18 61 80.134
18 62 52.527
18 63 63.464
18 64 32.755
18 65 99.482
18 66 44.763
18 67 83.937
18 68 82.64
18 69 96.352
18 70 58.843
18 71 57.347
18 72 53.998
18 73 64.587
18 74 16.94
18 75 24.072
18 76 2.937
18 77 0.634
18 78 83.864
18 79 54.683
18 80 38.192
18 81 57.733
18 82 41.452
18 83 30.787
18 84 65.252
18 85 48.779
18 86 86.936
18 87 19.222
18 88 61.553
18 89 8.043
18 90 26.51
18 91 70.751
18 92 18.501
18 93 60.617
18 94 26.828
18 95 61.986
18 96 86.213
18 97 49.078
18 98 99.075
18 99 46.662
19 20 52.42
19 21 47.382
19 22 71.567
19 23 5.701
19 24 47.006
19 25 98.467
19 26 61.01
19 27 79.864
19 28 63.487
19 29 97.884
19 30 11.352
19 31 32.756
19 32 61.027
19 33 10.533
19 34 88.205
19 35 65.778
19 36 87.255
19 37 47.473
19 38 33.308
19 39 87.204
19 40 32.308
19 41 81.43
19 42 22.366
19 43 71.916
19 44 8.928
19 45 96.236
19 46 25.24
19 47 6.466
19 48 72.665
19 49 98.109
19 50 36.775
19 51 21.583
19 52 36.448
19 53 14.996
19 54 57.118
19 55 73.483
19 56 34.872
19 57 14.27
19 58 19.105
19 59 78.867
19 60 4.778
19 61 97.995
19 62 80.617
19 63 1.635
19 64 94.81
19 65 31.428
19 66 8.684
19 67 65.799
19 68 48.621
19 69 14.653
19 70 89.362
19 71 46.868
19 72 60.435
19 73 2.555
19 74 10.419
19 75 55.121
19 76 80.649
19 77 83.183
19 78 1.669
19 79 13.063
19 80 5.95
19 81 65.245
19 82 38.567
19 83 62.421
19 84 16.107
19 85 8.061
19 86 6.269
19 87 14.906
19 88 46.979
19 89 1.682
19 90 86.138
19 91 9.069
19 92 20.912
19 93 73.465
19 94 25.87
19 95 48.696
19 96 36.131
19 97 9.913
19 98 69.071
19 99 52.686
20 21 80.232
20 22 47.499
20 23 23.164
20 24 91.027
20 25 53.73
20 26 4.909
20 27 23.089
20 28 51.555
20 29 14.604
20 30 36.469
20 31 20.468
20 32 79.703
20 33 14.095
20 34 77.239
20 35 87.31
20 36 11.523
20 37 12.828
20 38 48.133
20 39 8.529
20 40 45.001
20 41 46.951
20 42 22.606
20 43 91.743
20 44 78.418
20 45 77.011
20 46 75.683
20 47 19.21
20 48 64.925
20 49 7.478
20 50 65.468
20 51 59.713
20 52 0.819
20 53 80.72
20 54 36.408
20 55 7.301
20 56 17.943
20 57 29.619
20 58 19.344
20 59 3.48
20 60 75.272
20 61 44.218
20 62 40.355
20 63 20.611
20 64 71.731
20 65 78.637
20 66 1.788
20 67 6.748
20 68 40.675
20 69 39.33
20 70 4.37
20 71 57.068
20 72 33.659
20 73 44.486
20 74 83.293
20 75 27.375
20 76 57.731
20 77 9.222
20 78 35.775
20 79 40.527
20 80 34.177
20 81 44.78
20 82 97.845
20 83 12.882
20 84 29.776
20 85 55.435
20 86 79.854
20 87 29.397
20 88 40.465
20 89 29.941
20 90 34.942
20 91 12.479
20 92 64.528
20 93 20.929
20 94 11.726
20 95 44.938
20 96 25.572
20 97 50.355
20 98 21.787
20 99 72.762
21 22 23.7
21 23 50.923
21 24 43.536
21 25 44.195
21 26 77.592
21 27 37.09
21 28 91.092
21 29 32.892
21 30 38.931
21 31 41.573
21 32 79.738
21 33 70.028
21 34 50.018
21 35 81.136
21 36 37.578
21 37 88.234
21 38 47.374
21 39 9.73
21 40 91.183
21 41 40.326
21 42 76.528
21 43 12.465
21 44 51.585
21 45 57.847
21 46 83.397
21 47 31.014
21 48 31.079
21 49 75.104
21 50 90.527
21 51 46.408
21 52 48.258
21 53 74.886
21 54 23.306
21 55 2.648
21 56 64.52
21 57 44.844
21 58 94.318
21 59 33.232
21 60 12.614
21 61 27.454
21 62 60.161
21 63 72.123
21 64 52.362
21 65 97.346
21 66 47.196
21 67 12.532
21 68 52.875
21 69 91.754
21 70 92.348
21 71 7.542
21 72 74.139
21 73 72.709
21 74 81.752
21 75 62.282
21 76 86.262
21 77 88.984
21 78 31.132
21 79 5.667
21 80 82.907
21 81 37.674
21 82 4.084
21 83 3.283
21 84 63.042
21 85 44.295
21 86 96.476
21 87 77.106
21 88 26.674
21 89 31.826
21 90 65.377
21 91 5.866
21 92 25.835
21 93 98.232
21 94 23.197
21 95 8.364
21 96 38.418
21 97 17.831
21 98 41.015
21 99 71.935
22 23 96.839
22 24 34.1
22 25 26.697
22 26 0.845
22 27 42.09
22 28 59.75
22 29 99.675
22 30 53.045
22 31 6.418
22 32 9.099
22 33 30.86
22 34 81.734
22 35 77.093
22 36 42.766
22 37 32.705
22 38 83.63
22 39 81.946
22 40 76.064
22 41 9.301
22 42 73.044
22 43 71.636
22 44 12.007
22 45 61.218
22 46 22.669
22 47 96.53
22 48 40.35
22 49 39.543
22 50 31.982
22 51 11.41
22 52 54.893
22 53 42.229
22 54 64.145
22 55 49.621
22 56 5.867
22 57 32.379
22 58 27.745
22 59 37.618
22 60 93.87
22 61 22.012
22 62 86.743
22 63 74.404
22 64 10.36
22 65 67.907
22 66 17.067
22 67 85.231
22 68 1.411
22 69 23.826
22 70 8.998
22 71 4.368
22 72 54.83
22 73 59.951
22 74 36.252
22 75 22.876
22 76 11.413
22 77 68.533
22 78 78.84
22 79 32.684
22 80 39.546
22 81 36.734
22 82 81.999
22 83 4.843
22 84 45.025
22 85 55.336
22 86 72.908
22 87 82.804
22 88 44.192
22 89 85.58
22 90 17.385
22 91 62.646
22 92 74.476
22 93 59.858
22 94 0.234
22 95 37.447
22 96 66.321
22 97 87.866
22 98 87.588
22 99 55.005
23 24 4.231
23 25 53.259
23 26 99.406
23 27 78.302
23 28 89.27
23 29 45.271
23 30 71.786
23 31 87.067
23 32 2.984
23 33 89.07
23 34 36.74
23 35 19.462
23 36 99.478
23 37 67.36
23 38 49.788
23 39 51.825
23 40 45.05
23 41 80.47
23 42 8.628
23 43 81.914
23 44 60.607
23 45 71.53
23 46 67.831
23 47 20.829
23 48 90.201
23 49 52.221
23 50 41.675
23 51 57.135
23 52 36.765
23 53 26.363
23 54 88.901
23 55 92.308
23 56 13.839
23 57 25.87
23 58 33.361
23 59 8.036
23 60 62.275
23 61 9.207
23 62 62.488
23 63 81.135
23 64 77.098
23 65 97.438
23 66 83.823
23 67 37.792
23 68 15.627
23 69 79.063
23 70 54.711
23 71 58.622
23 72 35.434
23 73 61.638
23 74 69.257
23 75 16.239
23 76 42.307
23 77 26.4
23 78 64.78
23 79 2.879
23 80 29.049
23 81 77.396
23 82 85.967
23 83 38.093
23 84 95.113
23 85 10.693
23 86 63.927
23 87 37.278
23 88 58.138
23 89 73.314
23 90 23.765
23 91 15.227
23 92 44.309
23 93 90.722
23 94 0.734
23 95 63.902
23 96 40.184
23 97 28.957
23 98 71.986
23 99 48.326
24 25 47.474
24 26 21.104
24 27 19.396
24 28 20.306
24 29 53.352
24 30 78.355
24 31 41.19
24 32 46.655
24 33 16.691
24 34 99.893
24 35 35.738
24 36 16.812
24 37 80.402
24 38 72.808
24 39 20.673
24 40 62.643
24 41 27.382
24 42 27.231
24 43 99.854
24 44 31.441
24 45 68.791
24 46 39.719
24 47 14.863
24 48 82.195
24 49 45.045
24 50 18.522
24 51 35.576
24 52 43.763
24 53 39.34
24 54 3.009
24 55 34.057
24 56 16.753
24 57 22.27
24 58 81.706
24 59 4.62
24 60 93.129
24 61 68.688
24 62 14.551
24 63 74.264
24 64 80.032
24 65 50.196
24 66 24.375
24 67 14.82
24 68 88.923
24 69 53.456
24 70 58.869
24 71 28.921
24 72 21.054
24 73 14.042
24 74 18.36
24 75 94.863
24 76 4.383
24 77 45.951
24 78 71.18
24 79 60.823
24 80 62.327
24 81 83.484
24 82 60.969
24 83 24.12
24 84 30.059
24 85 80.187
24 86 56.751
24 87 34.004
24 88 9.272
24 89 80.992
24 90 28.676
24 91 73.797
24 92 5.26
24 93 28.987
24 94 53.25
24 95 30.423
24 96 50.271
24 97 99.248
24 98 9.156
24 99 71.706
25 26 50.189
25 27 66.022
25 28 29.789
25 29 4.281
25 30 5.246
25 31 55.881
25 32 4.431
25 33 86.306
25 34 4.385
25 35 44.75
25 36 21.851
25 37 3.23
25 38 39.856
25 39 41.501
25 40 1.404
25 41 52.025
25 42 16.13
25 43 77.729
25 44 82.598
25 45 77.235
25 46 35.628
25 47 82.548
25 48 49.31
25 49 2.229
25 50 25.319
25 51 13.401
25 52 30.94
25 53 65.902
25 54 24.519
25 55 81.035
25 56 45.196
25 57 65.842
25 58 46.113
25 59 55.165
25 60 86.353
25 61 10.98
25 62 23.292
25 63 57.875
25 64 58.083
25 65 89.92
25 66 46.593
25 67 78.071
25 68 4.981
25 69 65.747
25 70 10.339
25 71 54.08
25 72 61.102
25 73 73.673
25 74 91.071
25 75 77.697
25 76 9.851
25 77 36.077
25 78 4.802
25 79 52.206
25 80 8.306
25 81 66.708
25 82 82.909
25 83 12.877
25 84 15.163
25 85 59.32
25 86 92.753
25 87 76.606
25 88 97.585
25 89 85.922
25 90 41.724
25 91 88.181
25 92 56.773
25 93 57.081
25 94 40.59
25 95 76.313
25 96 38.813
25 97 26.85
25 98 62.298
25 99 65.098
26 27 57.129
26 28 46.203
26 29 53.568
26 30 49.406
26 31 31.456
26 32 99.375
26 33 63.491
26 34 95.434
26 35 3.698
26 36 47.48
26 37 85.025
26 38 39.167
26 39 63.647
26 40 31.21
26 41 51.417
26 42 38.739
26 43 10.591
26 44 87.18
26 45 75.917
26 46 17.424
26 47 95.567
26 48 56.689
26 49 50.052
26 50 28.16
26 51 49.458
26 52 51.241
26 53 1.747
26 54 67.845
26 55 64.661
26 56 66.164
26 57 81.893
26 58 58.549
26 59 71.827
26 60 0.362
26 61 71.733
26 62 97.623
26 63 59.975
26 64 83.356
26 65 7.578
26 66 71.339
26 67 99.858
26 68 33.338
26 69 35.261
26 70 38.653
26 71 76.83
26 72 13.255
26 73 2.463
26 74 42.365
26 75 8.072
26 76 33.192
26 77 52.947
26 78 80.13
26 79 56.661
26 80 26.712
26 81 96.324
26 82 56.946
26 83 56.668
26 84 13.817
26 85 11.979
26 86 97.835
26 87 88.047
26 88 8.77
26 89 27.852
26 90 32.822
26 91 31.043
26 92 75.122
26 93 35.11
26 94 59.94
26 95 59.326
26 96 81.689
26 97 15.587
26 98 10.604
26 99 92.94
27 28 77.831
27 29 96.946
27 30 99.368
27 31 1.304
27 32 85.299
27 33 77.703
27 34 5.518
27 35 28.361
27 36 38.13
27 37 62.16
27 38 12.747
27 39 79.779
27 40 43.842
27 41 93.735
27 42 56.553
27 43 56.163
27 44 97.533
27 45 85.921
27 46 90.013
27 47 5.246
27 48 2.63
27 49 63.563
27 50 44.561
27 51 20.322
27 52 30.621
27 53 4.891
27 54 14.37
27 55 1.205
27 56 75.142
27 57 62.229
27 58 4.869
27 59 85.612
27 60 1.892
27 61 47.077
27 62 97.488
27 63 95.522
27 64 4.664
27 65 53.403
27 66 74.153
27 67 64.807
27 68 54.629
27 69 1.171
27 70 20.587
27 71 14.187
27 72 33.265
27 73 52.537
27 74 57.314
27 75 9.206
27 76 51.476
27 77 65.65
27 78 18.168
27 79 45.325
27 80 48.611
27 81 59.665
27 82 95.79
27 83 82.942
27 84 3.51
27 85 38.956
27 86 34.883
27 87 6.213
27 88 55.379
27 89 79.517
27 90 87.852
27 91 46.711
27 92 30.362
27 93 45.425
27 94 10.236
27 95 51.91
27 96 31.467
27 97 24.98
27 98 11.179
27 99 35.22
28 29 10.302
28 30 40.006
28 31 72.564
28 32 19.59
28 33 31.735
28 34 67.359
28 35 38.106
28 36 94.071
28 37 39.6
28 38 48.548
28 39 63.676
28 40 56.07
28 41 6.002
28 42 58.854
28 43 49.813
28 44 27.108
28 45 64.101
28 46 97.615
28 47 29.333
28 48 11.674
28 49 95.49
28 50 91.765
28 51 12.789
28 52 90.444
28 53 64.305
28 54 6.877
28 55 69.718
28 56 92.548
28 57 65.072
28 58 63.893
28 59 93.684
28 60 13.05
28 61 1.738
28 62 62.343
28 63 33.507
28 64 96.244
28 65 82.318
28 66 44.331
28 67 21.847
28 68 21.01
28 69 21.651
28 70 49.242
28 71 98.54
28 72 83.941
28 73 49.813
28 74 87.188
28 75 41.071
28 76 1.529
28 77 46.524
28 78 68.772
28 79 28.881
28 80 37.11
28 81 54.33
28 82 14.787
28 83 50.418
28 84 8.436
28 85 33.882
28 86 82.438
28 87 97.064
28 88 3.343
28 89 18.899
28 90 57.022
28 91 93.63
28 92 64.447
28 93 99.425
28 94 60.208
28 95 35.933
28 96 86.902
28 97 93.293
28 98 9.842
28 99 32.566
29 30 30.671
29 31 60.835
29 32 39.1
29 33 98.599
29 34 90.865
29 35 66.193
29 36 94.471
29 37 13.463
29 38 79.568
29 39 97.061
29 40 73.146
29 41 78.326
29 42 42.132
29 43 63.206
29 44 67.1
29 45 79.44
29 46 10.934
29 47 59.418
29 48 27.081
29 49 5.678
29 50 89.436
29 51 29.437
29 52 97.208
29 53 23.571
29 54 89.439
29 55 48.656
29 56 29.187
29 57 75.536
29 58 97.423
29 59 37.485
29 60 30.972
29 61 56.938
29 62 50.15
29 63 1.07
29 64 22.098
29 65 50.088
29 66 21.444
29 67 86.542
29 68 19.649
29 69 36.859
29 70 56.773
29 71 25.052
29 72 7.544
29 73 27.397
29 74 36.528
29 75 41.796
29 76 35.395
29 77 72.347
29 78 75.597
29 79 96.208
29 80 74.225
29 81 35.869
29 82 89.612
29 83 15.197
29 84 54.086
29 85 73.661
29 86 35.403
29 87 44.628
29 88 0.218
29 89 6.725
29 90 88.257
29 91 19.115
29 92 97.285
29 93 6.271
29 94 73.631
29 95 21.227
29 96 1.971
29 97 53.108
29 98 10.8
29 99 74.083
30 31 93.428
30 32 55.362
30 33 82.244
30 34 22.654
30 35 29.198
30 36 33.866
30 37 44.237
30 38 66.641
30 39 36.068
30 40 57.124
30 41 90.783
30 42 16.824
30 43 8.902
30 44 7.269
30 45 18.357
30 46 82.964
30 47 91.058
30 48 47.913
30 49 80.575
30 50 81.633
30 51 79.011
30 52 8.736
30 53 10.215
30 54 50.971
30 55 97.544
30 56 89.822
30 57 19.66
30 58 4.237
30 59 47.285
30 60 79.802
30 61 81.443
30 62 69.373
30 63 26.71
30 64 59.534
30 65 43.506
30 66 3.76
30 67 79.492
30 68 96.422
30 69 40.074
30 70 36.244
30 71 63.149
30 72 39.284
30 73 32.505
30 74 33.916
30 75 31.664
30 76 93.531
30 77 48.843
30 78 75.637
30 79 71.246
30 80 51.233
30 81 83.871
30 82 99.98
30 83 56.123
30 84 88.417
30 85 59.668
30 86 52.88
30 87 84.638
30 88 27.902
30 89 22.335
30 90 51.382
30 91 38.051
30 92 50.803
30 93 95.131
30 94 56.909
30 95 64.088
30 96 91.629
30 97 91.229
30 98 93.364
30 99 46.177
31 32 76.497
31 33 89.338
31 34 45.086
31 35 42.276
31 36 23.545
31 37 23.191
31 38 71.225
31 39 20.776
31 40 32.746
31 41 68.516
31 42 8.362
31 43 8.945
31 44 1.316
31 45 34.479
31 46 66.052
31 47 74.659
31 48 39.529
31 49 16.855
31 50 2.629
31 51 72.818
31 52 30.387
31 53 14.144
31 54 97.784
31 55 94.128
31 56 96.106
31 57 77.505
31 58 64.956
31 59 92.071
31 60 69.105
31 61 99.965
31 62 49.054
31 63 64.249
31 64 97.234
31 65 62.72
31 66 99.296
31 67 2.22
31 68 85.618
31 69 22.934
31 70 27.02
31 71 23.761
31 72 51.845
31 73 77.748
31 74 64.383
31 75 81.283
31 76 15.072
31 77 21.781
31 78 62.828
31 79 83.554
31 80 52.229
31 81 37.808
31 82 12.763
31 83 96.765
31 84 28.279
31 85 21.893
31 86 76.549
31 87 24.18
31 88 58.053
31 89 57.819
31 90 3.376
31 91 91.595
31 92 22.307
31 93 84.945
31 94 23.857
31 95 97.696
31 96 97.042
31 97 2.703
31 98 0.91
31 99 71.989
32 33 93.927
32 34 61.718
32 35 3.463
32 36 11.129
32 37 66.555
32 38 35.019
32 39 93.49
32 40 92.403
32 41 41.965
32 42 74.244
32 43 84.943
32 44 30.448
32 45 39.237
32 46 91.274
32 47 71.017
32 48 85.833
32 49 92.381
32 50 92.011
32 51 51.696
32 52 66.776
32 53 28.02
32 54 29.002
32 55 57.015
32 56 24.639
32 57 37.538
32 58 22.932
32 59 79.055
32 60 31.391
32 61 85.528
32 62 5.483
32 63 92.688
32 64 52.316
32 65 41.107
32 66 35.523
32 67 94.719
32 68 92.738
32 69 98.638
32 70 42.175
32 71 24.226
32 72 44.578
32 73 95.996
32 74 64.707
32 75 30.6
32 76 27.037
32 77 80.995
32 78 78.592
32 79 1.972
32 80 1.107
32 81 15.69
32 82 39.677
32 83 85.084
32 84 3.961
32 85 53.96
32 86 14.155
32 87 42.556
32 88 67.124
32 89 26.632
32 90 90.908
32 91 80.366
32 92 2.865
32 93 68.28
32 94 17.104
32 95 12.807
32 96 46.766
32 97 71.019
32 98 97.285
32 99 98.268
33 34 93.14
33 35 74.002
33 36 10.891
33 37 64.591
33 38 88.595
33 39 22.407
33 40 50.517
33 41 83.025
33 42 13.907
33 43 72.993
33 44 43.515
33 45 98.947
33 46 15.471
33 47 32.607
33 48 85.369
33 49 91.49
33 50 26.282
33 51 41.421
33 52 86.185
33 53 67.338
33 54 15.535
33 55 23.599
33 56 90.332
33 57 11.574
33 58 94.897
33 59 72.141
33 60 66.714
33 61 68.61
33 62 97.7
33 63 60.443
33 64 93.93
33 65 64.551
33 66 1.365
33 67 94.942
33 68 38.481
33 69 16.418
33 70 25.062
33 71 20.261
33 72 35.719
33 73 69.618
33 74 26.584
33 75 17.259
33 76 1.979
33 77 31.68
33 78 51.186
33 79 70.614
33 80 22.069
33 81 2.55
33 82 76.067
33 83 98.647
33 84 17.474
33 85 63.587
33 86 35.657
33 87 56.857
33 88 73.997
33 89 61.775
33 90 7.339
33 91 98.813
33 92 10.236
33 93 18.372
33 94 64.592
33 95 15.428
33 96 1.675
33 97 28.181
33 98 89.047
33 99 6.935
34 35 78.763
34 36 76.547
34 37 0.786
34 38 22.184
34 39 80.201
34 40 39.223
34 41 32.433
34 42 62.952
34 43 82.986
34 44 64.835
34 45 41.973
34 46 36.109
34 47 67.01
34 48 1.546
34 49 28.077
34 50 45.734
34 51 28.113
34 52 34.154
34 53 29.191
34 54 73.009
34 55 5.847
34 56 32.784
34 57 1.935
34 58 58.608
34 59 3.626
34 60 27.475
34 61 14.02
34 62 20.552
34 63 60.136
34 64 97.713
34 65 8.408
34 66 17.489
34 67 81.351
34 68 61.36
34 69 7.279
34 70 89.718
34 71 7.747
34 72 1.129
34 73 66.934
34 74 16.858
34 75 52.697
34 76 72.581
34 77 90.965
34 78 36.305
34 79 48.3
34 80 93.111
34 81 87.711
34 82 60.694
34 83 85.723
34 84 16.836
34 85 2.926
34 86 27.878
34 87 85.42
34 88 89.615
34 89 76.241
34 90 88.052
34 91 17.511
34 92 5.624
34 93 82.747
34 94 86.928
34 95 99.881
34 96 68.827
34 97 53.012
34 98 95.863
34 99 10.304
35 36 21.203
35 37 0.641
35 38 0.273
35 39 6.326
35 40 11.41
35 41 56.636
35 42 36.272
35 43 6.837
35 44 83.184
35 45 44.899
35 46 21.683
35 47 6.855
35 48 90.283
35 49 34.594
35 50 2.022
35 51 42.78
35 52 61.464
35 53 71.589
35 54 83.076
35 55 76.271
35 56 59.187
35 57 63.469
35 58 49.41
35 59 23.079
35 60 13.278
35 61 8.717
35 62 28.356
35 63 62.165
35 64 69.57
35 65 37.371
35 66 80.338
35 67 89.844
35 68 90.946
35 69 55.046
35 70 52.486
35 71 97.061
35 72 0.735
35 73 31.303
35 74 97.065
35 75 37.705
35 76 68.54
35 77 21.397
35 78 56.932
35 79 92.109
35 80 70.104
35 81 43.05
35 82 40.614
35 83 7.134
35 84 1.685
35 85 2.817
35 86 45.801
35 87 90.044
35 88 97.966
35 89 74.723
35 90 66.352
35 91 47.834
35 92 76.813
35 93 18.072
35 94 76.223
35 95 30.075
35 96 11.882
35 97 28.194
35 98 91.899
35 99 16.691
36 37 13.463
36 38 88.813
36 39 43.867
36 40 57.959
36 41 59.405
36 42 53.475
36 43 56.6
36 44 31.278
36 45 67.378
36 46 13.603
36 47 73.882
36 48 29.458
36 49 76.836
36 50 96.345
36 51 9.942
36 52 44.867
36 53 49.669
36 54 29.336
36 55 37.256
36 56 26.361
36 57 72.494
36 58 6.142
36 59 89.517
36 60 99.13
36 61 80.671
36 62 0.603
36 63 95.335
36 64 95.313
36 65 96.045
36 66 18.378
36 67 83.454
36 68 51.609
36 69 30.423
36 70 84.266
36 71 63.082
36 72 95.284
36 73 59.127
36 74 19.39
36 75 77.405
36 76 96.248
36 77 3.092
36 78 30.221
36 79 95.604
36 80 43.331
36 81 81.637
36 82 72.441
36 83 32.302
36 84 95.729
36 85 4.61
36 86 48.731
36 87 64.868
36 88 50.244
36 89 7.576
36 90 7.069
36 91 67.442
36 92 42.253
36 93 15.568
36 94 41.936
36 95 77.854
36 96 82.875
36 97 9.718
36 98 47.603
36 99 81.621
37 38 88.811
37 39 72.347
37 40 67.807
37 41 57.884
37 42 4.632
37 43 38.917
37 44 97.648
37 45 78.938
37 46 57.965
37 47 97.228
37 48 69.658
37 49 25.092
37 50 68.228
37 51 0.567
37 52 20.237
37 53 57.396
37 54 41.159
37 55 46.781
37 56 53.765
37 57 87.324
37 58 31.509
37 59 72.252
37 60 74.468
37 61 75.751
37 62 57.197
37 63 22.885
37 64 43.987
37 65 88.819
37 66 65.02
37 67 64.665
37 68 1.301
37 69 17.492
37 70 28.606
37 71 52.495
37 72 76.284
37 73 0.95
37 74 34.451
37 75 54.249
37 76 39.092
37 77 36.361
37 78 69.114
37 79 59.643
37 80 74.802
37 81 48.997
37 82 79.385
37 83 29.031
37 84 51.142
37 85 93.928
37 86 56.595
37 87 69.237
37 88 37.922
37 89 70.041
37 90 52.55
37 91 8.831
37 92 39.469
37 93 7.16
37 94 62.69
37 95 26.491
37 96 32.867
37 97 90.068
37 98 20.479
37 99 36.508
38 39 22.852
38 40 93.35
38 41 34.114
38 42 95.827
38 43 25.057
38 44 56.731
38 45 2.673
38 46 68.543
38 47 60.273
38 48 99.721
38 49 77.867
38 50 7.724
38 51 42.873
38 52 8.204
38 53 62.705
38 54 78.62
38 55 53.453
38 56 87.929
38 57 21.073
38 58 32.367
38 59 72.76
38 60 82.741
38 61 35.354
38 62 76.237
38 63 30.048
38 64 99.226
38 65 9.731
38 66 78.754
38 67 6.233
38 68 77.384
38 69 4.103
38 70 75.41
38 71 25.175
38 72 1.061
38 73 95.775
38 74 45.73
38 75 80.879
38 76 63.269
38 77 20.22
38 78 91.806
38 79 67.27
38 80 68.744
38 81 29.127
38 82 21.205
38 83 4.634
38 84 13.615
38 85 87.865
38 86 76.365
38 87 20.594
38 88 69.894
38 89 56.57
38 90 87.812
38 91 99.527
38 92 76.034
38 93 87.931
38 94 19.209
38 95 42.535
38 96 86.823
38 97 81.277
38 98 27.385
38 99 11.252
39 40 75.698
39 41 19.52
39 42 24.432
39 43 30.541
39 44 70.254
39 45 69.085
39 46 1.133
39 47 38.416
39 48 95.799
39 49 84.421
39 50 47.528
39 51 75.254
39 52 34.515
39 53 70.416
39 54 48.282
39 55 22.707
39 56 68.213
39 57 73.355
39 58 27.677
39 59 97.098
39 60 19.29
39 61 53.196
39 62 67.428
39 63 3.493
39 64 42.536
39 65 88.515
39 66 66.742
39 67 14.868
39 68 53.448
39 69 28.676
39 70 25.701
39 71 73.223
39 72 66.154
39 73 60.186
39 74 69.691
39 75 77.836
39 76 51.47
39 77 62.297
39 78 74.226
39 79 28.242
39 80 19.351
39 81 1.289
39 82 18.493
39 83 34.973
39 84 24.249
39 85 4.33
39 86 95.512
39 87 99.781
39 88 65.699
39 89 1.087
39 90 6.531
39 91 39.718
39 92 55.367
39 93 59.753
39 94 84.644
39 95 29.533
39 96 46.977
39 97 90.832
39 98 56.218
39 99 52.952
40 41 27.626
40 42 46.857
40 43 59.517
40 44 58.913
40 45 51.869
40 46 50.546
40 47 16.261
40 48 74.71
40 49 42.742
40 50 98.481
40 51 55.309
40 52 26.336
40 53 92.721
40 54 95.857
40 55 94.351
40 56 50.821
40 57 88.125
40 58 65.18
40 59 46.924
40 60 23.983
40 61 17.009
40 62 75.877
40 63 96.34
40 64 41.506
40 65 84.872
40 66 52.91
40 67 65.091
40 68 81.718
40 69 2.992
40 70 59.84
40 71 0.497
40 72 26.268
40 73 83.01
40 74 26.069
40 75 78.143
40 76 12.473
40 77 3.364
40 78 63.322
40 79 83.494
40 80 70.366
40 81 99.696
40 82 87.688
40 83 31.463
40 84 17.135
40 85 66.419
40 86 83.036
40 87 13.812
40 88 25.85
40 89 4.008
40 90 92.045
40 91 48.199
40 92 14.105
40 93 13.21
40 94 38.25
40 95 30.873
40 96 73.493
40 97 33.989
40 98 25.638
40 99 67.569
41 42 7.888
41 43 37.218
41 44 84.809
41 45 14.894
41 46 25.02
41 47 68.616
41 48 20.186
41 49 18.451
41 50 24.446
41 51 67.312
41 52 63.97
41 53 42.079
41 54 43.298
41 55 95.886
41 56 4.232
41 57 19.879
41 58 61.716
41 59 4.91
41 60 50.432
41 61 4.633
41 62 37.29
41 63 73.987
41 64 42.23
41 65 20.067
41 66 9.778
41 67 16.143
41 68 26.743
41 69 49.587
41 70 37.095
41 71 16.738
41 72 21.037
41 73 4.192
41 74 50.942
41 75 57.112
41 76 80.898
41 77 68.999
41 78 62.256
41 79 79.236
41 80 48.764
41 81 31.143
41 82 74.854
41 83 94.23
41 84 10.246
41 85 66.338
41 86 39.679
41 87 55.029
41 88 39.55
41 89 47.356
41 90 67.709
41 91 9.178
41 92 84.833
41 93 10.21
41 94 29.893
41 95 28.946
41 96 20.185
41 97 60.305
41 98 71.283
41 99 6.451
42 43 26.898
42 44 43.546
42 45 25.313
42 46 66.874
42 47 77.44
42 48 15.361
42 49 39.124
42 50 11.15
42 51 78.118
42 52 50.397
42 53 28.041
42 54 30.744
42 55 90.251
42 56 23.11
42 57 2.004
42 58 60.968
42 59 77.1
42 60 88.81
42 61 90.814
42 62 64.27
42 63 6.907
42 64 64.373
42 65 38.244
42 66 11.09
42 67 42.633
42 68 4.171
42 69 19.85
42 70 17.547
42 71 12.526
42 72 6.83
42 73 18.577
42 74 36.492
42 75 34.775
42 76 87.896
42 77 68.689
42 78 65.016
42 79 31.233
42 80 87.278
42 81 21.476
42 82 81.523
42 83 85.246
42 84 61.766
42 85 27.117
42 86 35.38
42 87 58.186
42 88 74.627
42 89 1.591
42 90 24.2
42 91 27.385
42 92 11.318
42 93 52.861
42 94 12.398
42 95 25.252
42 96 65.136
42 97 94.15
42 98 42.938
42 99 29.541
43 44 35.309
43 45 40.247
43 46 13.014
43 47 69.373
43 48 50.839
43 49 6.304
43 50 4.677
43 51 35.773
43 52 2.252
43 53 6.637
43 54 80.368
43 55 96.032
43 56 63.349
43 57 30.549
43 58 58.135
43 59 32.582
43 60 0.329
43 61 43.374
43 62 28.717
43 63 76.44
43 64 97.051
43 65 20.362
43 66 9.391
43 67 33.28
43 68 26.519
43 69 17.933
43 70 94.849
43 71 50.737
43 72 56.24
43 73 33.88
43 74 63.081
43 75 54.273
43 76 93.038
43 77 29.649
43 78 22.902
43 79 52.696
43 80 46.98
43 81 63.591
43 82 90.705
43 83 1.125
43 84 58.161
43 85 5.144
43 86 42.404
43 87 53.036
43 88 35.192
43 89 6.083
43 90 14.547
43 91 52.457
43 92 30.938
43 93 38.835
43 94 12.159
43 95 18.401
43 96 8.407
43 97 34.802
43 98 24.969
43 99 31.978
44 45 83.063
44 46 77.299
44 47 43.526
44 48 29.004
44 49 82.363
44 50 33.942
44 51 60.358
44 52 2.639
44 53 59.256
44 54 35.331
44 55 56.14
44 56 59.569
44 57 22.919
44 58 57.23
44 59 31.856
44 60 87.195
44 61 2.488
44 62 23.996
44 63 13.912
44 64 82.087
44 65 59.691
44 66 82.439
44 67 54.214
44 68 80.397
44 69 85.752
44 70 24.363
44 71 65.581
44 72 55.048
44 73 86.794
44 74 32.195
44 75 76.319
44 76 46.826
44 77 39.583
44 78 47.623
44 79 33.718
44 80 72.414
44 81 79.005
44 82 84.376
44 83 83.899
44 84 27.351
44 85 58.669
44 86 21.536
44 87 18.846
44 88 17.686
44 89 98.419
44 90 73.199
44 91 74.244
44 92 68.771
44 93 51.769
44 94 57.729
44 95 43.803
44 96 63.138
44 97 57.71
44 98 52.252
44 99 48.413
45 46 74.057
45 47 11.409
45 48 66.108
45 49 96.639
45 50 77.257
45 51 21.017
45 52 5.114
45 53 98.714
45 54 18.666
45 55 24.729
45 56 3.506
45 57 44.168
45 58 86.442
45 59 92.272
45 60 94.075
45 61 74.667
45 62 70.871
45 63 2.667
45 64 91.028
45 65 98.572
45 66 81.568
45 67 44.075
45 68 89.907
45 69 6.011
45 70 64.907
45 71 61.863
45 72 9.487
45 73 77.682
45 74 41.862
45 75 49.438
45 76 34.891
45 77 95.037
45 78 57.725
45 79 94.106
45 80 67.958
45 81 78.252
45 82 37.825
45 83 70.251
45 84 9.187
45 85 98.952
45 86 77.625
45 87 95.062
45 88 65.315
45 89 38.337
45 90 6.227
45 91 62.728
45 92 17.089
45 93 5.178
45 94 8.152
45 95 57.767
45 96 8.237
45 97 27.573
45 98 74.626
45 99 65.173
46 47 19.349
46 48 83.295
46 49 15.984
46 50 18.672
46 51 24.864
46 52 26.027
46 53 29.527
46 54 52.536
46 55 37.507
46 56 80.236
46 57 23.827
46 58 74.634
46 59 99.385
46 60 29.241
46 61 64.764
46 62 51.663
46 63 75.992
46 64 1.248
46 65 99.131
46 66 47.619
46 67 16.499
46 68 60.463
46 69 13.951
46 70 86.874
46 71 3.854
46 72 27.0
46 73 61.073
46 74 21.028
46 75 55.21
46 76 57.268
46 77 42.393
46 78 22.273
46 79 55.206
46 80 69.909
46 81 22.012
46 82 66.435
46 83 85.447
46 84 67.427
46 85 59.698
46 86 22.033
46 87 55.115
46 88 48.61
46 89 54.445
46 90 78.812
46 91 87.679
46 92 0.841
46 93 80.975
46 94 38.198
46 95 43.734
46 96 71.606
46 97 49.608
46 98 43.202
46 99 95.786
47 48 9.355
47 49 55.711
47 50 60.993
47 51 77.411
47 52 48.692
47 53 64.965
47 54 21.728
47 55 11.248
47 56 63.459
47 57 44.794
47 58 10.527
47 59 78.631
47 60 82.285
47 61 39.541
47 62 47.108
47 63 58.109
47 64 17.377
47 65 90.363
47 66 73.21
47 67 50.732
47 68 69.026
47 69 11.474
47 70 69.423
47 71 21.9
47 72 16.929
47 73 78.086
47 74 70.419
47 75 78.987
47 76 7.739
47 77 17.887
47 78 84.737
47 79 26.118
47 80 51.642
47 81 63.606
47 82 47.274
47 83 71.059
47 84 93.604
47 85 25.633
47 86 29.225
47 87 18.448
47 88 9.764
47 89 70.639
47 90 30.069
47 91 18.316
47 92 20.217
47 93 12.916
47 94 21.871
47 95 95.699
47 96 12.199
47 97 25.657
47 98 87.121
47 99 92.448
48 49 64.608
48 50 29.444
48 51 25.935
48 52 52.985
48 53 29.594
48 54 34.573
48 55 98.205
48 56 89.511
48 57 54.661
48 58 85.887
48 59 38.942
48 60 10.384
48 61 17.366
48 62 94.298
48 63 14.335
48 64 57.201
48 65 43.753
48 66 16.1
48 67 94.836
48 68 69.979
48 69 47.493
48 70 8.803
48 71 19.879
48 72 8.093
48 73 43.108
48 74 82.389
48 75 53.207
48 76 87.636
48 77 62.632
48 78 87.239
48 79 98.476
48 80 44.997
48 81 25.169
48 82 42.72
48 83 24.536
48 84 99.527
48 85 26.596
48 86 88.009
48 87 70.011
48 88 7.311
48 89 17.079
48 90 15.592
48 91 32.231
48 92 23.757
48 93 12.316
48 94 63.605
48 95 36.821
48 96 84.832
48 97 69.642
48 98 95.757
48 99 74.191
49 50 58.586
49 51 95.375
49 52 50.01
49 53 99.201
49 54 52.575
49 55 1.555
49 56 1.237
49 57 72.199
49 58 12.767
49 59 74.659
49 60 54.79
49 61 18.394
49 62 95.924
49 63 28.324
49 64 6.376
49 65 3.261
49 66 35.997
49 67 21.551
49 68 73.643
49 69 14.443
49 70 80.856
49 71 70.992
49 72 91.331
49 73 8.692
49 74 88.124
49 75 45.003
49 76 86.417
49 77 29.673
49 78 31.613
49 79 39.989
49 80 51.714
49 81 45.103
49 82 49.321
49 83 92.497
49 84 22.644
49 85 86.835
49 86 29.99
49 87 69.384
49 88 67.079
49 89 18.343
49 90 18.299
49 91 49.989
49 92 90.306
49 93 5.961
49 94 62.924
49 95 4.42
49 96 81.618
49 97 96.834
49 98 4.995
49 99 13.094
50 51 78.706
50 52 36.219
50 53 50.651
50 54 83.61
50 55 97.307
50 56 66.344
50 57 15.592
50 58 4.772
50 59 37.66
50 60 63.082
50 61 83.593
50 62 84.894
50 63 94.697
50 64 61.693
50 65 63.987
50 66 39.575
50 67 36.917
50 68 47.671
50 69 33.419
50 70 97.231
50 71 74.598
50 72 33.004
50 73 53.644
50 74 40.944
50 75 99.493
50 76 47.288
50 77 11.443
50 78 11.473
50 79 24.522
50 80 0.452
50 81 14.461
50 82 21.027
50 83 7.953
50 84 56.589
50 85 43.819
50 86 39.477
50 87 39.87
50 88 25.176
50 89 54.38
50 90 43.097
50 91 87.295
50 92 39.064
50 93 16.386
50 94 20.266
50 95 95.983
50 96 53.009
50 97 89.339
50 98 21.286
50 99 77.185
51 52 71.248
51 53 58.832
51 54 55.62
51 55 70.041
51 56 68.229
51 57 57.904
51 58 82.29
51 59 14.286
51 60 58.697
51 61 85.84
51 62 55.114
51 63 7.057
51 64 27.333
51 65 68.834
51 66 95.148
51 67 98.489
51 68 80.587
51 69 53.236
51 70 94.6
51 71 7.181
51 72 21.059
51 73 85.82
51 74 8.264
51 75 94.841
51 76 66.167
51 77 93.459
51 78 23.211
51 79 41.534
51 80 62.268
51 81 9.457
51 82 28.17
51 83 41.198
51 84 29.123
51 85 20.97
51 86 94.069
51 87 15.774
51 88 61.419
51 89 43.398
51 90 96.781
51 91 21.518
51 92 20.061
51 93 79.267
51 94 18.152
51 95 23.475
51 96 1.202
51 97 53.338
51 98 73.797
51 99 15.454
52 53 57.196
52 54 65.812
52 55 1.706
52 56 22.049
52 57 53.447
52 58 50.376
52 59 92.761
52 60 42.34
52 61 96.839
52 62 64.916
52 63 20.486
52 64 95.597
52 65 34.084
52 66 63.075
52 67 39.371
52 68 7.7
52 69 10.3
52 70 52.863
52 71 44.341
52 72 13.123
52 73 64.852
52 74 80.744
52 75 99.739
52 76 98.131
52 77 41.685
52 78 9.44
52 79 57.988
52 80 86.985
52 81 14.339
52 82 56.948
52 83 50.564
52 84 78.666
52 85 14.916
52 86 61.771
52 87 21.151
52 88 17.679
52 89 11.254
52 90 74.577
52 91 75.763
52 92 88.238
52 93 68.675
52 94 75.764
52 95 85.544
52 96 5.508
52 97 95.183
52 98 76.621
52 99 85.453
53 54 62.116
53 55 24.685
53 56 84.508
53 57 97.877
53 58 92.55
53 59 29.737
53 60 53.436
53 61 13.882
53 62 28.641
53 63 15.01
53 64 59.109
53 65 28.802
53 66 45.723
53 67 81.248
53 68 0.444
53 69 79.827
53 70 58.43
53 71 92.449
53 72 20.977
53 73 33.859
53 74 28.952
53 75 45.114
53 76 84.964
53 77 32.444
53 78 59.578
53 79 77.034
53 80 37.033
53 81 69.246
53 82 79.667
53 83 9.109
53 84 1.247
53 85 45.061
53 86 33.027
53 87 24.617
53 88 18.545
53 89 80.839
53 90 74.051
53 91 87.872
53 92 58.147
53 93 25.944
53 94 31.814
53 95 39.675
53 96 29.247
53 97 64.527
53 98 6.976
53 99 15.903
54 55 62.178
54 56 31.258
54 57 98.957
54 58 15.777
54 59 52.321
54 60 18.759
54 61 1.855
54 62 99.6
54 63 97.135
54 64 46.77
54 65 74.063
54 66 3.546
54 67 27.561
54 68 69.081
54 69 79.663
54 70 46.505
54 71 4.89
54 72 44.664
54 73 57.044
54 74 96.816
54 75 26.271
54 76 56.585
54 77 40.116
54 78 23.438
54 79 89.209
54 80 67.424
54 81 79.925
54 82 5.886
54 83 8.255
54 84 97.77
54 85 70.334
54 86 56.841
54 87 74.897
54 88 82.464
54 89 51.81
54 90 23.849
54 91 57.531
54 92 87.336
54 93 81.762
54 94 15.203
54 95 93.908
54 96 44.587
54 97 48.587
54 98 46.692
54 99 13.858
55 56 75.619
55 57 4.761
55 58 22.298
55 59 78.95
55 60 9.783
55 61 30.106
55 62 35.282
55 63 21.456
55 64 66.326
55 65 10.155
55 66 28.867
55 67 76.623
55 68 38.193
55 69 68.188
55 70 49.234
55 71 98.042
55 72 66.672
55 73 9.912
55 74 28.362
55 75 49.207
55 76 50.391
55 77 99.504
55 78 2.61
55 79 48.368
55 80 39.003
55 81 28.481
55 82 85.198
55 83 13.777
55 84 46.718
55 85 5.616
55 86 12.607
55 87 15.929
55 88 76.162
55 89 51.703
55 90 90.569
55 91 71.037
55 92 62.967
55 93 42.573
55 94 61.223
55 95 6.047
55 96 8.798
55 97 70.333
55 98 41.329
55 99 60.768
56 57 28.183
56 58 52.361
56 59 80.367
56 60 12.223
56 61 25.791
56 62 65.121
56 63 15.193
56 64 7.637
56 65 69.454
56 66 94.225
56 67 1.692
56 68 64.404
56 69 57.597
56 70 15.926
56 71 38.913
56 72 11.245
56 73 97.841
56 74 63.343
56 75 76.028
56 76 80.941
56 77 53.56
56 78 90.98
56 79 15.062
56 80 45.91
56 81 17.399
56 82 4.16
56 83 59.357
56 84 13.652
56 85 74.668
56 86 54.856
56 87 7.756
56 88 67.376
56 89 78.743
56 90 43.667
56 91 55.02
56 92 25.193
56 93 3.495
56 94 17.267
56 95 56.752
56 96 60.208
56 97 39.006
56 98 61.016
56 99 56.812
57 58 63.611
57 59 87.18
57 60 1.417
57 61 28.229
57 62 77.823
57 63 48.858
57 64 28.071
57 65 40.532
57 66 20.638
57 67 77.759
57 68 23.394
57 69 97.803
57 70 67.606
57 71 4.98
57 72 74.983
57 73 18.667
57 74 75.731
57 75 5.8
57 76 20.254
57 77 60.729
57 78 29.731
57 79 67.992
57 80 64.252
57 81 70.226
57 82 64.394
57 83 46.343
57 84 0.167
57 85 84.606
57 86 22.078
57 87 40.872
57 88 65.036
57 89 28.652
57 90 75.335
57 91 4.156
57 92 42.791
57 93 89.114
57 94 95.953
57 95 90.057
57 96 19.582
57 97 80.476
57 98 85.338
57 99 86.333
58 59 55.055
58 60 51.493
58 61 4.553
58 62 71.764
58 63 10.944
58 64 45.787
58 65 41.425
58 66 99.154
58 67 64.321
58 68 61.774
58 69 38.51
58 70 26.569
58 71 48.835
58 72 79.701
58 73 39.125
58 74 40.201
58 75 41.288
58 76 68.85
58 77 78.12
58 78 68.032
58 79 43.32
58 80 31.884
58 81 74.159
58 82 43.309
58 83 46.041
58 84 70.77
58 85 75.623
58 86 65.465
58 87 23.451
58 88 40.807
58 89 85.178
58 90 79.855
58 91 81.593
58 92 39.972
58 93 58.173
58 94 18.343
58 95 11.221
58 96 13.944
58 97 14.17
58 98 61.9
58 99 48.158
59 60 97.44
59 61 22.905
59 62 65.905
59 63 74.203
59 64 2.835
59 65 84.597
59 66 84.22
59 67 24.425
59 68 68.532
59 69 71.252
59 70 4.184
59 71 20.623
59 72 23.237
59 73 90.555
59 74 87.976
59 75 38.894
59 76 47.549
59 77 75.673
59 78 14.515
59 79 7.764
59 80 25.743
59 81 13.806
59 82 3.096
59 83 74.017
59 84 81.815
59 85 72.081
59 86 46.785
59 87 29.903
59 88 95.976
59 89 50.436
59 90 16.755
59 91 24.196
59 92 31.632
59 93 14.777
59 94 8.86
59 95 90.836
59 96 14.976
59 97 62.149
59 98 54.511
59 99 34.278
60 61 65.629
60 62 74.852
60 63 74.437
60 64 53.523
60 65 2.001
60 66 7.888
60 67 80.314
60 68 52.275
60 69 35.648
60 70 66.954
60 71 24.678
60 72 83.669
60 73 65.947
60 74 42.011
60 75 51.99
60 76 13.527
60 77 94.225
60 78 34.354
60 79 69.139
60 80 94.605
60 81 71.419
60 82 97.135
60 83 55.066
60 84 73.447
60 85 60.865
60 86 22.928
60 87 52.829
60 88 43.497
60 89 92.147
60 90 94.841
60 91 32.099
60 92 46.118
60 93 34.251
60 94 24.547
60 95 51.173
60 96 81.448
60 97 70.783
60 98 2.521
60 99 87.736
61 62 93.139
61 63 76.897
61 64 44.364
61 65 96.723
61 66 1.788
61 67 7.076
61 68 6.195
61 69 31.293
61 70 96.273
61 71 43.205
61 72 67.033
61 73 89.949
61 74 21.078
61 75 84.466
61 76 15.597
61 77 57.743
61 78 81.947
61 79 24.328
61 80 65.026
61 81 98.171
61 82 29.837
61 83 46.286
61 84 2.248
61 85 5.999
61 86 23.267
61 87 44.83
61 88 91.522
61 89 35.553
61 90 88.705
61 91 92.904
61 92 38.659
61 93 83.568
61 94 66.71
61 95 32.633
61 96 10.403
61 97 14.0
61 98 96.897
61 99 30.586
62 63 83.156
62 64 61.926
62 65 64.631
62 66 7.409
62 67 92.614
62 68 59.619
62 69 72.911
62 70 0.329
62 71 82.845
62 72 93.582
62 73 8.953
62 74 33.745
62 75 53.159
62 76 14.523
62 77 50.855
62 78 61.97
62 79 18.817
62 80 22.915
62 81 36.637
62 82 79.619
62 83 35.384
62 84 96.783
62 85 96.866
62 86 75.246
62 87 78.815
62 88 74.077
62 89 95.347
62 90 71.919
62 91 32.347
62 92 72.973
62 93 62.006
62 94 65.115
62 95 50.751
62 96 44.87
62 97 57.244
62 98 96.619
62 99 65.223
63 64 48.706
63 65 21.416
63 66 21.432
63 67 68.095
63 68 72.222
63 69 99.56
63 70 25.49
63 71 21.581
63 72 78.309
63 73 17.703
63 74 2.576
63 75 83.458
63 76 43.125
63 77 31.112
63 78 76.269
63 79 88.178
63 80 10.65
63 81 75.519
63 82 14.123
63 83 45.821
63 84 13.483
63 85 5.103
63 86 56.817
63 87 82.547
63 88 79.811
63 89 33.378
63 90 9.866
63 91 60.673
63 92 47.798
63 93 65.586
63 94 74.212
63 95 91.904
63 96 78.213
63 97 84.73
63 98 53.764
63 99 66.489
64 65 34.828
64 66 48.884
64 67 42.043
64 68 42.019
64 69 84.143
64 70 22.503
64 71 17.933
64 72 56.444
64 73 94.076
64 74 55.857
64 75 89.984
64 76 24.111
64 77 40.264
64 78 90.812
64 79 22.037
64 80 63.159
64 81 61.061
64 82 81.714
64 83 79.833
64 84 96.758
64 85 33.825
64 86 41.818
64 87 76.763
64 88 15.195
64 89 85.16
64 90 1.207
64 91 83.414
64 92 49.101
64 93 79.383
64 94 98.877
64 95 93.932
64 96 13.921
64 97 86.316
64 98 76.983
64 99 56.48
65 66 98.175
65 67 39.614
65 68 68.658
65 69 5.843
65 70 77.451
65 71 20.443
65 72 56.0
65 73 45.514
65 74 14.027
65 75 93.051
65 76 33.441
65 77 14.285
65 78 56.63
65 79 40.545
65 80 37.805
65 81 87.46
65 82 21.807
65 83 43.883
65 84 44.189
65 85 71.624
65 86 39.843
65 87 32.471
65 88 96.631
65 89 16.182
65 90 50.928
65 91 22.49
65 92 12.986
65 93 52.133
65 94 88.922
65 95 96.618
65 96 85.864
65 97 82.282
65 98 73.8
65 99 90.001
66 67 53.241
66 68 33.04
66 69 67.113
66 70 10.287
66 71 78.365
66 72 9.649
66 73 32.89
66 74 37.898
66 75 25.164
66 76 92.846
66 77 14.743
66 78 7.909
66 79 7.426
66 80 70.577
66 81 38.223
66 82 71.485
66 83 50.21
66 84 23.79
66 85 41.254
66 86 17.253
66 87 86.515
66 88 83.669
66 89 81.533
66 90 28.042
66 91 22.707
66 92 14.01
66 93 10.414
66 94 72.436
66 95 75.055
66 96 11.633
66 97 91.649
66 98 73.097
66 99 26.48
67 68 12.712
67 69 15.663
67 70 93.482
67 71 55.717
67 72 91.75
67 73 41.732
67 74 7.841
67 75 13.18
67 76 97.05
67 77 66.25
67 78 13.779
67 79 31.964
67 80 81.063
67 81 78.514
67 82 27.573
67 83 12.507
67 84 84.773
67 85 50.109
67 86 72.047
67 87 71.939
67 88 45.473
67 89 25.531
67 90 57.58
67 91 31.019
67 92 96.161
67 93 26.275
67 94 10.217
67 95 80.222
67 96 1.89
67 97 68.664
67 98 43.159
67 99 56.066
68 69 36.249
68 70 80.071
68 71 41.001
68 72 61.482
68 73 15.405
68 74 87.843
68 75 30.68
68 76 24.459
68 77 45.659
68 78 31.088
68 79 95.167
68 80 56.674
68 81 80.673
68 82 32.727
68 83 98.441
68 84 13.584
68 85 55.372
68 86 99.713
68 87 75.391
68 88 84.096
68 89 76.63
68 90 28.943
68 91 7.708
68 92 21.428
68 93 7.964
68 94 61.9
68 95 17.761
68 96 95.065
68 97 99.811
68 98 36.395
68 99 59.926
69 70 86.39
69 71 88.194
69 72 4.549
69 73 94.006
69 74 41.656
69 75 84.071
69 76 24.28
69 77 22.414
69 78 93.822
69 79 53.059
69 80 14.723
69 81 51.374
69 82 11.185
69 83 4.672
69 84 81.978
69 85 38.324
69 86 49.021
69 87 75.338
69 88 43.878
69 89 57.723
69 90 74.982
69 91 64.931
69 92 32.034
69 93 15.338
69 94 3.54
69 95 89.265
69 96 38.682
69 97 50.008
69 98 91.292
69 99 5.849
70 71 42.807
70 72 66.187
70 73 59.109
70 74 58.9
70 75 30.476
70 76 40.974
70 77 94.486
70 78 93.477
70 79 48.526
70 80 75.139
70 81 73.281
70 82 3.539
70 83 7.501
70 84 7.839
70 85 23.027
70 86 36.682
70 87 33.762
70 88 72.089
70 89 66.226
70 90 49.46
70 91 17.061
70 92 2.295
70 93 15.891
70 94 78.34
70 95 38.024
70 96 16.794
70 97 10.078
70 98 51.22
70 99 23.117
71 72 63.57
71 73 12.587
71 74 18.242
71 75 49.075
71 76 34.633
71 77 69.179
71 78 71.967
71 79 24.289
71 80 14.237
71 81 14.634
71 82 74.683
71 83 89.29
71 84 74.015
71 85 77.031
71 86 78.492
71 87 63.971
71 88 24.318
71 89 61.681
71 90 53.886
71 91 49.68
71 92 19.875
71 93 49.884
71 94 2.38
71 95 68.059
71 96 83.372
71 97 54.979
71 98 83.298
71 99 7.475
72 73 23.389
72 74 39.131
72 75 0.167
72 76 61.381
72 77 77.145
72 78 89.907
72 79 52.625
72 80 23.348
72 81 84.383
72 82 18.342
72 83 79.174
72 84 76.157
72 85 23.719
72 86 9.021
72 87 54.882
72 88 45.336
72 89 40.975
72 90 31.812
72 91 89.13
72 92 44.368
72 93 67.426
72 94 89.931
72 95 59.571
72 96 28.405
72 97 49.398
72 98 80.404
72 99 79.624
73 74 81.624
73 75 69.111
73 76 55.542
73 77 4.195
73 78 77.155
73 79 74.709
73 80 1.928
73 81 19.875
73 82 32.844
73 83 79.784
73 84 50.178
73 85 5.361
73 86 2.026
73 87 22.852
73 88 89.033
73 89 62.863
73 90 90.497
73 91 19.458
73 92 59.105
73 93 84.447
73 94 69.312
73 95 82.45
73 96 27.581
73 97 9.048
73 98 46.087
73 99 14.936
74 75 43.121
74 76 26.25
74 77 1.582
74 78 69.423
74 79 77.936
74 80 67.916
74 81 3.848
74 82 96.771
74 83 98.694
74 84 9.417
74 85 91.908
74 86 8.673
74 87 23.124
74 88 62.447
74 89 20.271
74 90 46.216
74 91 60.794
74 92 32.829
74 93 19.264
74 94 16.244
74 95 41.58
74 96 18.952
74 97 31.398
74 98 5.216
74 99 88.304
75 76 8.185
75 77 57.759
75 78 66.645
75 79 54.763
75 80 55.784
75 81 72.38
75 82 37.205
75 83 16.671
75 84 66.919
75 85 40.921
75 86 55.172
75 87 46.805
75 88 27.582
75 89 24.427
75 90 75.533
75 91 4.666
75 92 1.136
75 93 95.988
75 94 73.69
75 95 8.749
75 96 15.72
75 97 74.675
75 98 3.314
75 99 12.139
76 77 51.75
76 78 74.719
76 79 82.494
76 80 27.78
76 81 10.346
76 82 89.621
76 83 20.602
76 84 59.079
76 85 71.091
76 86 3.667
76 87 48.469
76 88 7.762
76 89 96.031
76 90 26.939
76 91 60.089
76 92 56.389
76 93 24.743
76 94 93.217
76 95 31.758
76 96 94.281
76 97 77.668
76 98 68.279
76 99 30.972
77 78 41.955
77 79 12.476
77 80 45.238
77 81 15.334
77 82 89.539
77 83 79.763
77 84 10.416
77 85 75.455
77 86 55.963
77 87 77.168
77 88 16.383
77 89 67.001
77 90 45.009
77 91 35.633
77 92 20.0
77 93 87.204
77 94 56.575
77 95 58.972
77 96 42.408
77 97 4.245
77 98 23.043
77 99 79.524
78 79 60.631
78 80 57.492
78 81 0.718
78 82 55.362
78 83 7.662
78 84 11.789
78 85 75.729
78 86 57.532
78 87 56.691
78 88 53.326
78 89 33.506
78 90 21.58
78 91 25.593
78 92 61.346
78 93 78.907
78 94 11.756
78 95 59.677
78 96 44.243
78 97 61.406
78 98 8.871
78 99 5.852
79 80 92.18
79 81 5.333
79 82 28.615
79 83 64.296
79 84 7.251
79 85 79.0
79 86 63.281
79 87 85.086
79 88 9.365
79 89 40.872
79 90 12.774
79 91 86.179
79 92 1.663
79 93 67.524
79 94 67.315
79 95 9.027
79 96 16.822
79 97 42.225
79 98 12.089
79 99 74.181
80 81 96.774
80 82 77.246
80 83 85.029
80 84 20.009
80 85 43.078
80 86 86.459
80 87 81.742
80 88 17.307
80 89 57.504
80 90 3.6
80 91 39.133
80 92 89.847
80 93 26.888
80 94 19.874
80 95 84.472
80 96 55.212
80 97 99.822
80 98 44.142
80 99 88.383
81 82 20.168
81 83 9.96
81 84 95.348
81 85 16.972
81 86 68.127
81 87 33.023
81 88 23.137
81 89 29.572
81 90 71.753
81 91 8.123
81 92 31.996
81 93 81.991
81 94 74.86
81 95 91.989
81 96 56.644
81 97 58.747
81 98 16.546
81 99 7.751
82 83 0.674
82 84 0.598
82 85 55.048
82 86 17.168
82 87 68.292
82 88 44.897
82 89 3.92
82 90 91.213
82 91 89.471
82 92 98.249
82 93 69.89
82 94 36.94
82 95 24.193
82 96 75.135
82 97 76.41
82 98 47.499
82 99 84.975
83 84 23.634
83 85 94.015
83 86 8.517
83 87 67.845
83 88 50.944
83 89 39.121
83 90 68.948
83 91 43.501
83 92 41.601
83 93 19.829
83 94 65.841
83 95 35.319
83 96 15.159
83 97 61.188
83 98 61.463
83 99 90.097
84 85 47.758
84 86 58.807
84 87 76.571
84 88 35.949
84 89 44.291
84 90 52.181
84 91 43.771
84 92 86.185
84 93 6.295
84 94 29.726
84 95 32.095
84 96 23.656
84 97 69.159
84 98 5.942
84 99 18.379
85 86 51.549
85 87 60.475
85 88 25.775
85 89 13.567
85 90 91.337
85 91 61.057
85 92 52.822
85 93 93.824
85 94 4.591
85 95 22.859
85 96 33.921
85 97 35.609
85 98 90.905
85 99 14.175
86 87 4.848
86 88 93.589
86 89 42.6
86 90 93.959
86 91 91.382
86 92 38.876
86 93 88.631
86 94 94.426
86 95 1.705
86 96 80.282
86 97 98.101
86 98 76.906
86 99 19.586
87 88 25.536
87 89 82.798
87 90 42.526
87 91 1.423
87 92 40.328
87 93 94.29
87 94 21.389
87 95 49.786
87 96 34.069
87 97 29.296
87 98 12.294
87 99 44.044
88 89 95.04
88 90 46.883
88 91 5.72
88 92 58.685
88 93 49.058
88 94 33.147
88 95 73.207
88 96 70.952
88 97 96.376
88 98 90.053
88 99 27.167
89 90 4.931
89 91 30.154
89 92 56.752
89 93 77.974
89 94 9.198
89 95 44.246
89 96 1.761
89 97 86.959
89 98 16.981
89 99 61.1
90 91 92.568
90 92 47.522
90 93 54.169
90 94 47.663
90 95 18.643
90 96 69.677
90 97 13.514
90 98 25.543
90 99 56.711
91 92 18.875
91 93 63.32
91 94 26.556
91 95 92.294
91 96 96.072
91 97 99.857
91 98 60.106
91 99 70.063
92 93 86.639
92 94 2.996
92 95 36.073
92 96 51.931
92 97 76.971
92 98 55.537
92 99 56.812
93 94 82.528
93 95 37.487
93 96 1.217
93 97 92.548
93 98 79.825
93 99 58.112
94 95 64.661
94 96 78.052
94 97 22.229
94 98 54.423
94 99 10.926
95 96 77.879
95 97 87.026
95 98 43.592
95 99 38.451
96 97 69.324
96 98 30.815
96 99 42.89
97 98 70.576
97 99 54.855
98 99 80.218