100
0 70 92.51
0 70 68.582
0 37 31.933
0 37 40.331
0 37 21.41
0 37 41.811
0 37 81.933
0 33 36.991
0 33 42.252
0 33 76.182
0 16 92.294
0 16 20.399
0 81 46.997
0 23 57.618
0 23 17.254
0 59 36.717
0 59 49.109
0 59 14.406
0 74 79.541
0 74 89.739
0 74 50.825
0 74 26.0
0 42 68.577
0 42 71.201
0 77 88.626
0 77 52.187
0 77 24.574
0 82 78.318
0 82 63.131
0 82 39.189
0 47 49.577
0 91 75.7
0 91 88.879
0 91 66.067
0 45 16.051
0 7 90.565
0 17 11.001
0 17 68.086
0 17 17.579
0 17 75.443
0 32 87.808
0 32 53.486
0 32 66.333
0 32 72.124
0 11 78.412
0 11 61.422
0 11 69.106
0 44 46.789
0 97 37.052
0 97 54.274
0 97 72.975
0 56 67.024
0 56 58.89
0 56 66.476
0 48 92.923
0 48 62.771
0 22 55.734
0 88 46.743
0 43 37.198
0 43 12.472
0 83 92.466
0 83 60.408
0 31 39.159
0 31 64.408
0 31 55.261
0 31 21.8
0 63 52.391
0 63 63.963
0 76 23.818
0 6 18.609
0 6 23.374
0 6 99.253
0 6 91.624
0 19 84.821
0 19 63.428
0 73 58.483
0 73 77.048
0 55 20.829
0 55 15.086
0 89 73.348
0 62 77.814
0 62 14.219
0 30 19.339
0 30 19.612
0 49 25.769
0 49 79.469
0 80 45.6
0 80 61.889
0 34 32.882
0 34 78.889
0 34 22.178
0 53 52.324
0 24 27.763
0 24 61.691
0 98 86.509
0 10 24.365
0 36 82.942
0 36 37.704
0 78 72.293
0 78 84.62
0 78 71.348
0 78 88.034
0 39 85.373
0 39 49.404
0 95 36.522
0 21 72.213
0 21 54.075
0 65 85.666
0 65 30.703
0 52 41.285
0 38 76.614
0 38 74.954
0 79 58.264
0 79 36.29
0 57 32.94
0 1 44.979
0 1 83.862
0 20 85.527
0 20 69.912
0 12 56.89
0 12 48.397
0 90 22.264
0 90 54.081
0 26 91.83
0 26 36.052
0 58 98.062
0 87 47.692
0 87 37.137
0 61 68.649
0 96 62.887
0 60 54.117
0 60 15.504
0 94 82.269
0 68 50.105
0 68 52.473
0 15 15.907
0 15 94.716
0 35 11.95
0 84 37.985
0 86 62.893
0 66 88.792
0 93 33.901
0 5 18.195
0 2 57.486
0 54 39.498
0 72 39.5
0 51 35.362
0 51 19.649
0 50 84.15
0 71 55.297
1 77 70.838
1 43 15.743
1 98 89.544
1 98 32.386
1 98 19.214
1 90 75.122
1 90 28.829
1 62 82.798
1 62 12.251
1 75 64.413
1 75 85.857
1 75 26.045
1 53 85.699
1 53 17.99
1 53 13.791
1 53 36.732
1 53 52.896
1 16 51.108
1 16 18.575
1 16 64.649
1 51 68.68
1 18 48.94
1 86 90.528
1 86 70.492
1 86 81.389
1 97 93.316
1 97 56.536
1 10 73.571
1 54 35.504
1 11 57.874
1 11 19.628
1 89 75.404
1 89 16.884
1 89 22.643
1 73 92.989
1 99 82.705
1 94 66.388
1 12 32.904
1 24 56.009
1 24 17.326
1 57 30.652
1 57 86.914
1 68 51.613
1 68 56.908
1 47 56.19
1 4 93.856
1 4 26.468
1 36 28.154
1 17 46.12
1 70 64.127
1 92 89.092
1 92 79.119
1 31 85.066
1 31 54.841
1 31 88.331
1 31 10.702
1 14 13.844
1 52 22.072
1 3 69.237
1 46 40.313
1 46 93.131
1 20 38.338
1 20 22.416
1 20 28.812
1 58 29.481
1 58 32.362
1 1 85.294
1 8 24.131
1 91 55.094
1 91 89.2
1 91 44.026
1 40 85.846
1 25 86.018
1 25 99.52
1 25 41.514
1 85 36.015
1 85 22.128
1 55 17.067
1 55 87.494
1 56 93.652
1 56 18.151
1 64 69.331
1 64 62.579
1 63 40.656
1 38 10.438
1 38 84.92
1 38 85.429
1 80 20.102
1 80 27.24
1 81 69.05
1 81 71.832
1 60 81.86
1 71 34.244
1 95 54.196
1 7 82.474
1 7 42.775
1 61 10.336
1 61 79.745
1 67 18.536
1 67 80.51
1 66 50.0
1 66 11.921
1 5 54.035
1 5 28.866
1 33 67.523
1 29 78.422
1 29 47.191
1 82 52.208
1 28 83.068
1 28 44.788
1 96 65.67
1 41 92.197
1 41 81.583
1 23 51.492
1 42 41.419
1 42 77.424
1 59 31.152
1 45 53.196
1 26 54.456
1 26 31.205
1 83 48.32
1 6 25.684
1 6 37.527
1 6 13.68
1 34 80.872
1 49 62.176
1 69 64.327
1 79 51.482
1 78 29.819
1 37 42.121
2 91 58.4
2 91 61.986
2 91 85.799
2 39 79.655
2 39 62.453
2 39 23.848
2 57 94.638
2 57 46.453
2 52 79.431
2 56 30.481
2 30 58.372
2 12 41.823
2 98 17.875
2 61 40.12
2 53 46.041
2 67 85.22
2 67 93.013
2 26 39.044
2 26 34.401
2 26 96.069
2 19 46.772
2 45 89.465
2 47 68.114
2 47 22.004
2 29 96.247
2 29 27.333
2 29 11.503
2 83 76.634
2 83 13.102
2 87 57.408
2 87 23.821
2 87 36.582
2 87 95.899
2 87 48.895
2 48 12.901
2 81 21.917
2 81 62.462
2 81 80.193
2 50 33.146
2 50 95.972
2 70 89.625
2 70 37.376
2 80 57.585
2 86 41.055
2 86 87.713
2 10 70.622
2 10 83.3
2 21 84.807
2 82 85.059
2 82 50.232
2 82 90.715
2 63 70.25
2 63 72.127
2 63 78.383
2 63 64.222
2 59 27.642
2 59 31.649
2 59 67.343
2 2 71.843
2 7 80.875
2 7 90.794
2 64 39.176
2 64 50.13
2 64 10.622
2 64 41.999
2 9 34.11
2 9 81.068
2 9 70.422
2 9 95.731
2 31 91.363
2 31 40.881
2 97 68.264
2 97 15.781
2 43 36.621
2 43 65.044
2 43 39.943
2 20 54.255
2 14 50.044
2 14 61.896
2 72 88.215
2 18 30.28
2 93 59.537
2 93 75.76
2 93 76.555
2 5 96.13
2 5 10.148
2 51 68.878
2 24 80.673
2 24 22.021
2 36 11.229
2 36 14.831
2 36 27.197
2 27 68.206
2 27 70.995
2 60 24.713
2 23 54.913
2 23 55.688
2 95 53.248
2 95 35.462
2 34 38.096
2 34 79.925
2 46 61.829
2 46 69.597
2 8 92.016
2 13 19.982
2 13 16.146
2 15 80.442
2 4 31.422
2 58 29.906
2 88 46.969
2 88 39.738
2 88 31.911
2 94 44.852
2 94 92.675
2 94 39.253
2 73 48.44
2 84 75.144
2 44 54.411
2 85 71.197
2 85 46.044
2 77 33.757
2 77 71.913
2 37 71.125
2 22 51.64
2 75 67.051
2 71 30.927
2 79 45.767
2 28 45.809
2 65 27.941
2 11 80.162
2 33 72.821
2 55 68.882
2 69 45.17
2 69 39.127
2 35 70.213
3 77 10.061
3 77 72.443
3 12 59.414
3 12 95.288
3 12 85.556
3 12 72.495
3 12 18.369
3 16 93.185
3 16 62.224
3 16 89.601
3 65 72.756
3 65 28.821
3 78 60.477
3 78 19.136
3 9 78.684
3 9 76.39
3 49 34.729
3 49 22.257
3 49 20.994
3 49 71.88
3 84 56.233
3 84 57.837
3 84 75.358
3 84 54.885
3 23 77.364
3 23 91.46
3 53 42.309
3 53 92.394
3 86 70.081
3 86 31.139
3 86 43.986
3 19 81.501
3 70 85.755
3 70 44.126
3 70 27.793
3 57 57.324
3 8 15.989
3 8 75.014
3 8 98.845
3 8 16.91
3 6 50.364
3 6 84.904
3 24 96.607
3 24 46.792
3 56 86.992
3 56 96.348
3 56 81.917
3 62 37.678
3 62 74.833
3 85 32.505
3 85 25.128
3 85 51.806
3 85 91.042
3 98 47.248
3 64 42.799
3 64 53.873
3 64 38.792
3 18 15.214
3 14 95.151
3 14 67.881
3 14 38.377
3 95 88.847
3 95 58.958
3 61 60.964
3 61 61.396
3 99 31.767
3 99 34.242
3 35 53.17
3 35 26.258
3 11 65.568
3 11 87.377
3 11 93.345
3 11 10.531
3 11 27.523
3 41 65.481
3 41 38.28
3 68 69.142
3 68 14.268
3 4 55.655
3 4 90.193
3 4 57.116
3 4 41.025
3 4 49.642
3 75 70.166
3 75 25.32
3 75 81.773
3 97 48.481
3 97 93.726
3 97 98.027
3 48 65.902
3 48 54.384
3 73 69.978
3 73 81.683
3 28 38.843
3 28 19.979
3 45 39.882
3 45 12.849
3 71 94.301
3 71 28.197
3 96 67.773
3 96 69.326
3 96 20.917
3 47 42.821
3 47 97.864
3 47 34.538
3 47 85.001
3 17 96.399
3 74 24.872
3 72 67.256
3 72 64.592
3 72 39.447
3 10 11.021
3 10 20.081
3 10 72.405
3 10 83.68
3 26 85.172
3 26 27.856
3 26 76.838
3 34 95.87
3 51 62.2
3 51 80.28
3 76 96.747
3 43 45.547
3 43 62.145
3 43 91.474
3 43 62.89
3 37 15.566
3 37 74.069
3 37 57.046
3 69 55.221
3 69 67.607
3 55 25.062
3 59 16.172
3 59 49.615
3 59 93.712
3 20 15.661
3 32 12.984
3 32 78.539
3 32 71.078
3 79 33.335
3 79 48.882
3 21 31.332
3 21 90.043
3 42 92.5
3 40 27.991
3 40 33.189
3 22 49.926
3 89 55.247
3 94 99.087
3 44 59.964
3 33 91.6
3 33 26.089
3 82 76.273
3 92 27.816
3 92 78.292
3 92 63.945
3 25 51.478
3 31 66.847
3 93 90.485
3 81 84.934
3 67 47.477
4 37 62.27
4 84 84.621
4 31 70.893
4 31 29.189
4 31 69.135
4 97 29.378
4 97 76.624
4 11 68.366
4 93 81.105
4 51 77.888
4 26 29.421
4 60 46.437
4 8 78.582
4 8 41.117
4 59 86.004
4 59 17.728
4 59 28.397
4 28 85.438
4 28 11.649
4 28 35.498
4 55 33.421
4 55 18.439
4 55 48.617
4 73 27.083
4 94 21.115
4 94 21.818
4 42 44.2
4 42 51.505
4 5 25.364
4 5 55.21
4 5 68.47
4 88 32.1
4 88 99.358
4 22 53.999
4 22 36.554
4 70 84.298
4 70 36.209
4 10 41.086
4 10 43.288
4 10 33.123
4 99 46.618
4 99 76.523
4 18 29.411
4 18 19.544
4 20 80.692
4 64 73.333
4 64 80.065
4 64 66.473
4 64 31.416
4 79 29.874
4 87 47.389
4 87 73.844
4 87 50.516
4 17 73.285
4 80 94.724
4 91 48.932
4 91 61.441
4 44 11.083
4 44 14.822
4 67 94.944
4 83 22.123
4 83 29.589
4 95 74.793
4 95 46.029
4 35 21.668
4 35 73.633
4 54 62.533
4 72 72.591
4 72 78.226
4 39 38.064
4 39 38.472
4 69 49.974
4 69 73.218
4 74 35.023
4 74 66.971
4 74 42.443
4 74 95.519
4 19 34.574
4 21 48.738
4 21 52.02
4 21 81.383
4 76 76.88
4 76 32.118
4 14 81.819
4 14 64.998
4 75 64.361
4 75 13.692
4 75 22.665
4 75 30.699
4 65 12.631
4 65 30.986
4 56 40.122
4 56 21.991
4 56 34.61
4 29 73.3
4 29 41.705
4 29 69.699
4 34 40.972
4 89 39.55
4 71 53.937
4 92 56.182
4 86 33.229
4 86 41.212
4 30 13.686
4 30 63.947
4 90 54.884
4 62 64.289
4 46 83.967
4 46 76.43
4 46 34.742
4 57 62.563
4 85 93.511
4 23 79.557
4 23 91.933
4 23 68.411
4 12 96.906
4 12 23.312
4 12 49.746
4 77 60.995
4 66 98.499
4 36 76.067
4 7 75.977
4 13 68.537
4 61 87.569
4 61 92.64
4 49 18.447
4 82 21.742
4 82 88.711
4 78 59.593
4 6 24.191
4 40 64.756
4 40 75.583
4 9 50.567
4 9 42.088
4 53 33.732
4 33 99.54
5 30 82.758
5 29 15.047
5 29 84.501
5 29 69.273
5 31 10.393
5 55 11.228
5 55 82.362
5 55 38.09
5 32 37.069
5 63 81.837
5 63 74.589
5 63 95.666
5 89 53.1
5 89 38.77
5 50 24.929
5 93 56.858
5 93 29.84
5 52 37.943
5 52 70.646
5 52 76.557
5 79 52.342
5 79 67.084
5 79 25.806
5 5 33.275
5 57 37.131
5 57 83.219
5 57 11.284
5 57 42.076
5 75 85.421
5 75 93.617
5 68 22.726
5 26 96.415
5 26 92.192
5 26 82.71
5 49 74.622
5 49 33.471
5 84 23.432
5 10 89.153
5 37 21.204
5 8 56.638
5 82 58.589
5 82 53.158
5 82 18.84
5 43 82.722
5 35 30.488
5 45 62.798
5 7 75.013
5 7 75.524
5 88 53.317
5 60 39.178
5 60 45.565
5 40 21.828
5 40 13.434
5 85 60.723
5 85 70.028
5 42 84.346
5 42 82.195
5 42 56.381
5 48 73.867
5 48 60.592
5 83 89.918
5 83 48.357
5 83 26.29
5 80 29.894
5 80 18.304
5 97 39.339
5 39 78.274
5 62 50.671
5 62 45.685
5 62 50.192
5 16 95.854
5 59 50.002
5 59 79.171
5 18 65.935
5 90 31.829
5 90 31.577
5 99 40.413
5 99 80.059
5 36 78.697
5 36 92.808
5 41 90.69
5 70 91.172
5 70 82.584
5 70 21.604
5 22 58.965
5 96 14.772
5 34 88.656
5 34 10.347
5 34 46.111
5 12 27.445
5 12 63.448
5 27 75.92
5 33 41.928
5 33 29.788
5 94 69.915
5 94 41.3
5 64 53.84
5 64 53.464
5 64 90.951
5 24 77.168
5 47 93.644
5 47 46.998
5 56 77.012
5 56 79.695
5 6 94.317
5 6 34.571
5 69 41.523
5 74 25.798
5 71 44.714
5 71 89.565
5 58 24.213
5 58 79.595
5 58 99.374
5 20 61.339
5 19 23.693
5 92 21.609
5 13 82.431
5 13 71.927
5 13 72.325
5 13 86.593
5 44 56.006
5 44 25.096
5 91 35.035
5 91 23.41
5 91 53.688
5 67 97.957
5 67 23.432
5 66 47.274
5 14 40.577
5 61 24.855
5 72 65.49
5 38 21.244
5 81 60.911
5 46 15.371
5 23 19.282
5 17 76.645
6 72 58.191
6 72 22.574
6 93 48.756
6 93 66.621
6 93 17.406
6 16 51.21
6 16 96.638
6 67 92.778
6 67 47.502
6 67 51.565
6 67 74.867
6 44 75.804
6 44 74.228
6 44 41.822
6 44 40.51
6 73 31.397
6 31 76.445
6 15 96.987
6 15 82.231
6 15 61.767
6 32 84.937
6 32 50.84
6 32 35.193
6 32 96.592
6 32 84.746
6 85 64.28
6 54 50.754
6 54 60.915
6 54 21.346
6 45 51.489
6 45 97.286
6 62 85.637
6 62 92.276
6 64 93.255
6 24 73.311
6 24 72.364
6 24 93.616
6 21 43.08
6 55 53.819
6 60 69.759
6 60 92.922
6 60 22.962
6 88 63.38
6 88 28.563
6 88 77.955
6 39 69.109
6 97 91.661
6 97 58.529
6 77 50.842
6 77 83.747
6 77 30.39
6 77 34.33
6 77 76.499
6 59 53.571
6 59 47.051
6 59 73.784
6 98 81.606
6 69 61.086
6 69 74.084
6 61 81.753
6 26 74.296
6 26 17.806
6 99 10.07
6 99 95.184
6 99 71.778
6 23 75.941
6 23 48.144
6 70 85.864
6 53 10.123
6 53 60.349
6 53 25.536
6 53 53.497
6 8 82.6
6 8 78.265
6 8 17.616
6 20 50.949
6 20 92.647
6 20 32.236
6 19 93.619
6 50 10.638
6 50 86.246
6 50 13.759
6 43 22.592
6 10 12.912
6 10 11.076
6 10 88.379
6 10 61.449
6 12 11.158
6 37 92.113
6 42 71.391
6 35 26.365
6 35 95.323
6 35 95.58
6 35 56.7
6 40 99.461
6 40 70.146
6 95 70.866
6 96 83.372
6 96 89.802
6 49 29.186
6 65 91.555
6 65 62.786
6 30 71.95
6 30 18.141
6 11 65.654
6 90 38.045
6 90 43.505
6 86 34.856
6 86 12.2
6 86 88.899
6 47 78.18
6 47 85.031
6 7 99.521
6 38 85.829
6 81 83.713
6 87 93.542
6 25 64.611
6 34 10.261
6 79 34.451
6 79 58.702
6 68 47.541
6 68 40.564
6 29 17.117
6 29 92.903
6 29 80.35
6 29 56.401
6 82 83.477
6 46 70.18
6 46 98.36
6 27 14.393
6 17 49.812
6 80 49.933
6 80 98.901
6 80 40.519
6 9 76.045
6 9 59.777
6 9 33.388
6 18 15.42
6 78 74.541
6 92 83.196
6 22 41.99
6 13 73.648
6 91 29.533
6 94 63.929
7 17 39.111
7 17 47.062
7 17 94.816
7 17 20.502
7 76 72.146
7 76 11.137
7 11 42.506
7 11 13.007
7 67 96.154
7 70 25.309
7 70 47.468
7 88 44.497
7 88 77.171
7 61 90.495
7 61 72.317
7 47 55.771
7 47 94.807
7 47 61.615
7 47 20.342
7 66 28.127
7 66 28.722
7 54 25.575
7 54 65.771
7 37 65.979
7 37 82.796
7 38 80.989
7 94 55.031
7 94 81.785
7 19 71.831
7 19 85.556
7 84 94.533
7 84 52.417
7 57 85.156
7 57 29.585
7 92 89.746
7 92 37.04
7 73 40.604
7 73 60.781
7 73 40.509
7 73 81.493
7 73 41.986
7 40 50.901
7 40 96.948
7 40 56.564
7 56 85.375
7 56 35.877
7 56 26.439
7 18 90.946
7 18 49.794
7 18 39.006
7 18 40.553
7 63 93.605
7 63 37.685
7 63 75.489
7 12 90.393
7 26 10.845
7 10 98.464
7 55 94.559
7 72 86.197
7 72 37.156
7 72 44.191
7 72 79.074
7 95 34.74
7 25 81.35
7 25 32.922
7 68 23.427
7 68 72.357
7 33 79.383
7 33 25.023
7 33 14.207
7 14 65.66
7 14 36.117
7 14 86.689
7 21 10.699
7 99 14.873
7 13 46.021
7 46 81.601
7 86 25.493
7 86 47.855
7 49 29.029
7 49 22.06
7 62 91.994
7 62 82.388
7 62 86.602
7 59 76.49
7 59 69.904
7 74 17.663
7 36 26.97
7 36 97.083
7 36 22.953
7 64 81.387
7 64 32.545
7 27 73.274
7 98 63.827
7 93 76.978
7 93 75.405
7 65 38.702
7 65 22.703
7 65 96.573
7 30 29.074
7 75 99.698
7 75 37.086
7 75 40.701
7 80 82.823
7 80 82.238
7 87 53.28
7 87 41.879
7 78 91.859
7 78 64.188
7 78 27.458
7 29 55.701
7 45 27.359
7 45 51.705
7 53 39.776
7 53 72.733
7 53 54.133
7 8 90.675
7 42 20.019
7 60 71.707
7 91 38.464
7 91 86.485
7 35 26.894
7 35 33.47
7 85 76.313
7 77 88.284
7 28 67.293
7 28 69.83
7 28 15.261
7 9 26.64
7 9 39.521
7 9 92.473
7 20 93.734
7 20 68.26
7 79 65.554
7 71 55.154
7 48 81.771
7 83 92.968
7 83 58.357
7 24 69.492
7 69 46.7
7 44 77.855
8 79 52.896
8 79 32.207
8 79 39.551
8 68 12.851
8 68 69.719
8 68 94.772
8 68 38.236
8 28 47.954
8 28 17.83
8 28 85.221
8 38 22.534
8 38 73.254
8 38 41.592
8 38 71.013
8 39 55.187
8 39 69.786
8 21 19.918
8 21 33.504
8 80 58.282
8 80 39.993
8 80 67.802
8 95 55.925
8 95 58.348
8 55 37.173
8 90 13.931
8 90 90.064
8 90 33.276
8 90 65.482
8 90 67.427
8 90 86.848
8 90 66.839
8 90 49.381
8 74 65.287
8 74 22.734
8 74 31.174
8 71 66.642
8 71 63.853
8 71 84.041
8 15 53.094
8 15 31.204
8 64 66.26
8 64 56.662
8 52 90.117
8 52 34.691
8 58 15.394
8 58 81.982
8 58 46.474
8 99 32.804
8 99 47.244
8 99 27.041
8 54 83.721
8 54 37.62
8 72 38.865
8 72 48.906
8 72 14.549
8 81 82.95
8 81 82.454
8 81 22.03
8 37 73.518
8 37 22.688
8 97 19.638
8 97 63.061
8 83 85.459
8 25 51.048
8 57 95.562
8 57 52.057
8 57 64.897
8 92 48.596
8 92 65.546
8 92 39.587
8 34 67.286
8 34 26.43
8 10 87.132
8 10 34.963
8 42 26.004
8 31 87.674
8 40 13.738
8 51 66.799
8 51 86.052
8 96 49.317
8 88 58.399
8 36 94.858
8 36 65.84
8 36 18.088
8 36 10.616
8 32 39.262
8 32 81.967
8 93 18.243
8 93 70.363
8 60 42.803
8 60 24.215
8 35 98.307
8 35 26.138
8 35 18.53
8 35 25.331
8 35 15.953
8 35 62.839
8 47 42.372
8 47 94.887
8 47 81.105
8 23 64.923
8 23 57.131
8 23 64.284
8 23 42.958
8 67 28.192
8 61 36.151
8 61 14.804
8 8 16.542
8 20 55.193
8 20 87.057
8 20 77.423
8 20 54.519
8 20 66.061
8 44 81.808
8 44 67.463
8 44 26.939
8 59 48.348
8 27 55.303
8 24 10.46
8 24 60.364
8 24 44.248
8 30 34.757
8 30 19.321
8 82 28.338
8 82 38.019
8 82 92.773
8 91 20.915
8 91 56.699
8 73 91.383
8 18 36.198
8 18 73.645
8 18 30.852
8 43 34.228
8 56 12.827
8 46 55.652
8 62 73.915
8 85 15.004
8 29 87.353
8 14 86.027
8 87 18.749
9 59 23.706
9 59 96.836
9 94 49.224
9 94 76.657
9 94 73.578
9 11 69.181
9 11 29.861
9 49 80.816
9 49 70.066
9 49 32.05
9 49 50.791
9 97 89.334
9 90 37.563
9 90 51.973
9 79 64.024
9 79 81.15
9 79 50.95
9 79 28.918
9 28 73.595
9 75 40.62
9 75 17.083
9 75 33.378
9 67 66.627
9 67 43.85
9 98 70.684
9 34 38.538
9 34 10.388
9 72 38.076
9 72 12.314
9 38 87.827
9 38 80.229
9 38 33.562
9 24 55.493
9 40 92.501
9 45 93.508
9 45 24.528
9 20 57.298
9 20 52.529
9 78 85.465
9 27 60.137
9 27 54.938
9 27 48.642
9 27 31.391
9 27 18.622
9 15 51.411
9 95 19.844
9 89 12.414
9 89 59.611
9 89 86.918
9 48 60.94
9 48 58.167
9 77 98.309
9 77 94.433
9 61 45.979
9 61 15.795
9 61 72.069
9 19 14.926
9 19 10.566
9 19 96.196
9 19 52.599
9 30 56.839
9 30 74.965
9 71 49.811
9 71 14.632
9 83 79.489
9 58 92.036
9 32 73.9
9 32 29.174
9 87 19.367
9 17 93.673
9 41 54.19
9 41 83.183
9 60 28.874
9 85 13.437
9 85 62.98
9 85 32.53
9 56 20.326
9 56 91.641
9 56 10.083
9 56 54.699
9 21 45.492
9 29 18.354
9 29 73.97
9 68 44.309
9 36 25.636
9 36 41.992
9 57 99.814
9 57 52.45
9 99 17.263
9 99 15.458
9 42 52.294
9 50 24.197
9 50 59.279
9 54 38.62
9 25 40.618
9 73 77.923
9 22 62.634
9 22 13.808
9 22 15.407
9 33 17.38
9 46 20.719
9 70 27.721
9 93 79.534
9 74 36.712
9 10 29.476
9 10 75.292
9 82 25.426
9 64 83.157
9 64 42.539
9 64 71.825
9 13 48.317
9 55 23.887
9 55 54.191
9 92 34.883
9 92 55.968
9 43 38.135
9 31 89.722
9 88 25.342
9 88 29.718
9 26 50.856
9 51 90.482
9 66 57.866
9 37 96.437
9 76 82.521
9 47 13.251
9 91 24.469
10 41 97.708
10 41 15.198
10 41 22.555
10 27 68.346
10 27 81.079
10 39 38.721
10 39 59.676
10 45 81.774
10 61 33.359
10 61 70.238
10 61 22.159
10 61 50.395
10 61 77.567
10 66 52.897
10 66 12.723
10 66 55.582
10 90 64.316
10 90 90.192
10 90 75.661
10 83 23.703
10 25 56.92
10 25 17.271
10 25 40.749
10 29 89.794
10 29 66.499
10 62 48.557
10 62 81.748
10 13 33.128
10 13 37.622
10 13 28.772
10 24 78.827
10 26 65.999
10 26 37.611
10 26 44.981
10 26 36.825
10 34 31.269
10 34 54.857
10 34 16.975
10 34 61.691
10 82 78.896
10 94 58.889
10 94 14.966
10 94 35.281
10 94 58.563
10 40 24.511
10 40 69.337
10 40 68.3
10 40 82.4
10 17 59.543
10 17 72.789
10 23 86.165
10 76 11.956
10 77 86.514
10 77 77.83
10 77 60.614
10 50 50.005
10 50 89.971
10 50 20.434
10 16 10.24
10 16 99.193
10 16 48.635
10 51 25.345
10 51 67.111
10 51 66.676
10 51 68.068
10 51 57.844
10 21 74.521
10 21 48.815
10 28 94.387
10 73 82.402
10 73 48.249
10 73 97.939
10 73 57.06
10 36 43.558
10 43 97.033
10 43 12.409
10 43 84.502
10 68 80.073
10 68 21.509
10 12 33.415
10 12 46.739
10 48 46.115
10 33 67.515
10 33 73.695
10 65 33.419
10 65 42.809
10 65 96.533
10 65 51.997
10 79 12.206
10 79 99.454
10 37 69.452
10 37 23.583
10 42 97.277
10 42 57.587
10 42 97.598
10 22 44.248
10 49 10.051
10 49 83.266
10 87 82.105
10 87 75.474
10 87 62.074
10 69 58.19
10 69 57.226
10 72 61.912
10 60 34.213
10 60 14.161
10 74 98.287
10 35 48.343
10 86 18.397
10 14 90.93
10 14 63.257
10 75 80.961
10 32 48.522
10 70 69.787
10 64 50.813
10 10 18.355
10 18 87.462
10 18 84.238
10 52 65.047
10 52 13.275
10 52 46.708
10 95 51.281
10 57 67.929
10 84 57.59
10 63 49.721
10 91 58.054
10 91 77.694
10 89 33.85
10 59 68.799
10 59 89.17
10 97 43.036
10 97 41.5
10 71 68.955
10 71 33.601
10 80 28.52
10 98 20.049
10 15 97.497
11 63 44.216
11 63 88.781
11 63 15.125
11 18 43.237
11 18 39.432
11 23 14.156
11 23 37.507
11 23 12.264
11 23 70.702
11 23 26.239
11 17 19.581
11 17 22.289
11 33 61.656
11 33 20.621
11 33 18.344
11 33 85.408
11 33 77.278
11 33 48.98
11 58 29.104
11 58 40.617
11 58 70.7
11 58 95.897
11 40 72.696
11 40 27.601
11 40 33.187
11 40 45.704
11 67 59.286
11 67 36.615
11 41 64.514
11 41 22.805
11 41 99.261
11 76 70.455
11 76 34.124
11 76 44.376
11 48 85.209
11 48 18.766
11 48 50.422
11 48 23.881
11 93 96.158
11 36 97.027
11 36 90.781
11 13 92.277
11 13 70.769
11 98 46.218
11 98 59.781
11 35 87.576
11 64 50.671
11 64 51.289
11 64 21.65
11 87 92.542
11 87 55.909
11 44 65.929
11 20 76.758
11 20 14.914
11 20 47.535
11 65 42.907
11 49 55.088
11 49 84.803
11 49 14.548
11 79 55.34
11 81 88.602
11 31 85.203
11 31 38.204
11 31 45.996
11 15 33.47
11 61 86.987
11 61 95.933
11 77 31.636
11 77 89.457
11 77 33.125
11 22 28.719
11 72 98.102
11 72 26.708
11 72 29.822
11 56 81.036
11 28 91.041
11 28 84.805
11 28 47.928
11 28 84.739
11 60 39.758
11 39 80.72
11 47 25.842
11 47 85.71
11 47 59.158
11 92 28.535
11 25 98.977
11 73 41.502
11 16 39.846
11 16 19.403
11 30 14.057
11 14 20.609
11 50 29.531
11 50 40.836
11 96 52.646
11 96 30.631
11 52 27.408
11 52 53.513
11 42 10.228
11 91 67.467
11 62 11.903
11 34 13.675
11 34 36.036
11 90 57.521
11 53 26.781
11 53 68.923
11 43 39.246
11 88 73.295
11 46 56.049
11 46 78.01
11 46 57.623
11 32 19.794
11 78 67.963
11 21 74.467
11 29 99.657
11 45 24.717
11 19 43.696
11 11 40.824
11 37 73.433
12 92 12.869
12 36 38.049
12 36 19.28
12 31 46.066
12 47 63.433
12 83 14.019
12 83 25.449
12 83 69.725
12 83 27.205
12 83 50.456
12 83 92.029
12 62 71.578
12 62 23.973
12 15 19.934
12 15 51.533
12 16 59.76
12 16 79.52
12 24 25.135
12 24 64.643
12 21 90.24
12 22 68.393
12 22 28.341
12 22 13.934
12 35 98.736
12 35 39.645
12 35 10.141
12 35 46.811
12 65 65.283
12 48 62.884
12 48 16.852
12 77 90.433
12 77 61.61
12 89 22.722
12 89 32.732
12 72 80.119
12 71 81.943
12 71 30.183
12 14 57.425
12 40 59.412
12 40 92.36
12 29 81.412
12 32 48.65
12 32 12.117
12 26 45.808
12 96 81.756
12 96 70.028
12 51 65.077
12 44 16.625
12 44 79.648
12 44 83.233
12 84 71.089
12 59 75.573
12 45 70.088
12 45 97.118
12 45 13.633
12 27 11.187
12 27 16.229
12 19 87.918
12 19 31.641
12 42 75.187
12 42 55.382
12 74 33.403
12 43 39.628
12 43 11.34
12 43 12.332
12 91 82.573
12 91 17.393
12 58 31.41
12 70 94.018
12 70 94.361
12 56 97.295
12 56 32.505
12 56 29.94
12 56 92.591
12 20 12.063
12 41 68.647
12 50 49.232
12 50 98.22
12 61 62.223
12 79 92.661
12 73 68.043
12 73 62.297
12 73 49.299
12 52 83.343
12 52 42.51
12 55 14.326
12 55 24.962
12 39 41.727
12 39 18.854
12 39 62.365
12 39 90.546
12 39 35.873
12 88 45.449
12 93 87.643
12 93 64.393
12 93 22.294
12 97 55.4
12 12 19.466
12 78 33.092
12 78 59.32
12 66 47.659
12 66 50.487
12 37 82.252
12 37 15.496
12 63 38.454
12 63 69.028
12 81 99.53
12 38 46.168
12 87 44.837
12 87 57.147
12 95 26.175
12 13 42.743
12 64 53.555
12 68 33.802
12 86 34.389
12 57 75.949
13 24 92.092
13 24 64.763
13 24 40.93
13 22 57.881
13 22 45.635
13 22 15.44
13 73 47.416
13 73 17.825
13 73 51.828
13 73 54.689
13 73 16.991
13 46 14.158
13 46 31.72
13 46 55.786
13 34 38.862
13 34 23.404
13 34 69.389
13 64 43.713
13 64 79.051
13 64 52.311
13 69 86.83
13 69 19.307
13 69 28.179
13 69 14.138
13 74 83.701
13 74 20.89
13 21 76.148
13 21 71.743
13 94 75.675
13 94 43.406
13 94 68.442
13 94 82.444
13 94 35.929
13 20 51.182
13 20 13.972
13 20 28.96
13 70 92.335
13 70 19.958
13 70 72.043
13 70 38.825
13 95 88.639
13 95 12.062
13 95 10.653
13 95 85.323
13 96 92.595
13 96 51.163
13 96 78.606
13 18 12.743
13 18 43.473
13 19 32.092
13 49 40.266
13 49 66.769
13 45 77.795
13 45 44.089
13 45 49.642
13 84 62.702
13 84 83.086
13 85 22.112
13 85 69.414
13 40 55.09
13 47 62.994
13 38 16.634
13 83 21.746
13 83 92.96
13 16 14.16
13 16 35.458
13 16 83.704
13 86 94.98
13 86 45.094
13 86 60.377
13 86 80.01
13 30 46.242
13 30 76.643
13 30 86.124
13 53 63.608
13 53 10.966
13 97 22.922
13 97 40.563
13 98 35.389
13 98 60.341
13 39 26.601
13 39 99.942
13 43 93.072
13 43 90.806
13 43 49.517
13 43 93.555
13 25 19.411
13 25 61.896
13 59 12.282
13 59 21.705
13 59 38.07
13 87 53.204
13 79 61.09
13 79 90.79
13 15 89.038
13 15 78.571
13 35 67.006
13 35 59.591
13 88 70.387
13 76 51.212
13 81 43.032
13 42 67.6
13 42 78.824
13 42 48.412
13 60 18.745
13 60 41.305
13 33 89.513
13 44 94.785
13 31 34.519
13 31 38.122
13 66 64.681
13 99 21.29
13 99 72.989
13 77 79.168
13 77 54.371
13 52 13.181
13 52 49.274
13 52 15.342
13 82 15.713
13 48 33.099
13 54 68.783
13 54 73.6
13 54 15.074
13 67 28.449
13 90 78.599
13 90 38.784
13 90 30.861
13 51 35.653
13 91 18.978
13 63 74.446
13 58 27.417
13 36 83.112
13 75 60.361
13 75 58.891
13 26 18.099
13 68 57.376
13 68 25.736
13 93 17.072
13 32 65.746
14 47 96.363
14 47 22.801
14 47 22.356
14 47 62.824
14 51 51.713
14 51 77.366
14 51 67.411
14 86 23.028
14 86 62.287
14 91 18.975
14 32 64.004
14 32 91.907
14 32 48.804
14 32 21.983
14 36 71.929
14 66 64.087
14 66 35.426
14 66 42.877
14 99 50.172
14 42 98.906
14 42 82.798
14 40 78.725
14 45 45.012
14 45 78.663
14 34 18.465
14 34 99.543
14 34 78.937
14 82 46.177
14 77 53.955
14 77 53.995
14 21 92.469
14 21 94.265
14 21 47.097
14 21 23.323
14 44 43.911
14 44 90.931
14 44 22.39
14 24 66.828
14 24 16.695
14 26 13.756
14 26 29.218
14 26 53.672
14 50 65.024
14 50 82.199
14 49 26.415
14 49 19.07
14 49 86.482
14 57 41.12
14 57 52.65
14 57 22.118
14 57 61.96
14 57 94.68
14 61 21.076
14 61 18.148
14 19 26.613
14 19 24.29
14 19 82.468
14 19 53.907
14 43 49.388
14 25 96.566
14 25 26.464
14 71 23.926
14 71 92.206
14 56 40.38
14 87 77.693
14 87 42.938
14 87 10.694
14 58 88.954
14 67 29.778
14 70 50.791
14 52 70.05
14 52 82.16
14 52 58.226
14 23 88.49
14 23 69.925
14 76 48.003
14 76 65.326
14 76 72.331
14 97 36.542
14 97 15.134
14 88 38.165
14 88 47.752
14 62 28.355
14 62 45.977
14 62 22.593
14 75 23.566
14 75 16.085
14 75 25.597
14 75 62.429
14 33 63.319
14 33 47.104
14 73 29.042
14 55 16.267
14 55 21.347
14 27 53.505
14 27 16.588
14 96 23.425
14 20 26.8
14 20 71.979
14 68 27.072
14 68 71.266
14 68 51.422
14 79 37.801
14 79 72.539
14 48 48.438
14 31 42.699
14 31 97.263
14 63 25.269
14 65 59.897
14 65 17.923
14 83 79.562
14 38 54.106
14 38 27.762
14 59 74.792
14 59 26.085
14 59 65.663
14 59 85.268
14 37 85.911
14 37 73.519
14 17 74.391
14 53 28.652
14 53 60.781
14 60 27.005
14 15 11.453
14 46 51.868
14 46 21.071
14 81 82.288
14 39 75.562
14 93 63.517
14 84 46.194
15 68 12.217
15 68 62.293
15 41 19.151
15 41 79.826
15 93 84.046
15 93 14.582
15 22 80.689
15 33 71.038
15 33 29.579
15 33 69.569
15 33 21.263
15 33 71.744
15 99 75.13
15 99 28.028
15 97 56.673
15 97 44.265
15 45 56.511
15 47 82.21
15 47 76.89
15 62 23.783
15 62 59.708
15 77 72.659
15 78 57.269
15 48 56.471
15 58 37.06
15 58 19.467
15 58 97.883
15 63 33.847
15 63 61.564
15 63 66.903
15 63 24.962
15 28 80.478
15 34 54.006
15 34 92.901
15 34 20.439
15 34 69.137
15 34 28.088
15 32 23.027
15 65 56.282
15 65 87.891
15 65 16.574
15 65 76.22
15 65 30.906
15 92 79.903
15 92 74.878
15 92 37.412
15 89 44.379
15 89 53.262
15 89 83.45
15 89 98.054
15 89 59.155
15 50 39.081
15 50 98.25
15 25 22.892
15 39 27.086
15 85 15.35
15 85 75.688
15 75 92.808
15 76 64.385
15 76 88.036
15 76 81.613
15 76 80.359
15 76 91.788
15 83 84.774
15 83 49.169
15 49 34.459
15 49 89.071
15 26 89.275
15 27 44.972
15 27 88.018
15 40 26.651
15 40 46.445
15 40 52.281
15 30 39.001
15 30 32.291
15 88 85.309
15 36 66.076
15 36 46.506
15 36 31.961
15 84 56.67
15 29 84.149
15 94 86.792
15 94 30.518
15 55 12.503
15 86 58.139
15 19 69.359
15 19 10.515
15 57 66.927
15 57 57.02
15 23 49.372
15 23 86.208
15 98 13.314
15 81 24.886
15 17 71.517
15 54 56.77
15 54 18.982
15 73 20.407
15 82 10.5
15 90 94.73
15 90 89.611
15 38 49.723
15 74 76.551
15 74 99.387
15 74 34.099
15 24 71.738
15 24 97.384
15 24 29.046
15 24 31.813
15 69 69.516
15 31 39.322
15 59 29.874
15 59 42.412
15 67 80.571
15 80 50.685
15 80 51.899
15 16 84.596
15 44 10.615
15 71 16.355
15 37 37.056
15 20 55.187
15 52 24.945
15 52 48.171
15 87 89.427
15 96 96.834
15 96 35.923
15 66 96.705
15 91 77.172
15 91 63.052
15 21 96.293
15 46 58.994
16 30 19.636
16 30 32.868
16 92 30.658
16 92 34.56
16 55 48.673
16 55 69.022
16 63 96.957
16 63 39.399
16 63 16.895
16 63 15.336
16 63 31.112
16 51 94.734
16 51 77.791
16 61 68.063
16 61 18.702
16 56 73.322
16 90 17.772
16 90 95.201
16 22 78.406
16 22 45.748
16 22 17.394
16 22 60.645
16 22 56.86
16 68 89.654
16 54 58.166
16 77 43.37
16 77 42.937
16 77 47.641
16 77 83.297
16 78 71.002
16 78 70.5
16 78 38.867
16 78 47.303
16 78 52.719
16 31 27.849
16 31 34.315
16 58 40.266
16 58 72.308
16 42 18.39
16 42 34.51
16 17 63.891
16 17 64.272
16 17 53.441
16 41 25.191
16 41 52.789
16 41 65.107
16 41 74.61
16 41 63.17
16 79 88.7
16 79 81.147
16 16 31.445
16 72 11.431
16 72 16.288
16 62 32.368
16 62 34.118
16 98 98.26
16 27 72.346
16 60 21.263
16 60 74.165
16 60 53.93
16 60 98.507
16 46 64.39
16 46 73.59
16 46 22.907
16 19 77.124
16 19 33.623
16 91 26.028
16 91 86.078
16 91 22.228
16 84 93.553
16 88 77.256
16 57 77.335
16 57 26.178
16 38 73.111
16 38 84.714
16 34 67.395
16 29 79.835
16 74 20.438
16 43 40.581
16 18 86.064
16 44 23.45
16 96 57.356
16 96 74.785
16 82 51.197
16 82 22.37
16 28 36.835
16 49 86.058
16 49 10.758
16 85 73.941
16 85 78.084
16 85 97.078
16 94 34.306
16 36 20.404
16 93 34.201
16 93 31.363
16 50 64.635
16 50 67.344
16 50 92.017
16 53 27.773
16 80 61.699
16 80 93.597
16 80 36.307
16 80 83.915
16 70 49.912
16 39 49.061
16 39 81.085
16 97 70.239
16 97 73.091
16 66 58.34
16 23 71.111
16 75 25.888
16 99 57.871
16 99 84.001
16 99 39.346
16 89 90.853
16 37 85.302
16 81 78.149
16 25 10.979
16 69 86.914
16 40 29.924
16 59 82.17
16 67 78.425
16 95 17.337
16 26 93.926
17 90 94.707
17 90 23.446
17 90 79.186
17 90 12.748
17 90 96.472
17 23 63.121
17 23 76.659
17 35 25.499
17 35 23.697
17 76 86.127
17 76 25.681
17 76 26.716
17 32 21.926
17 32 33.232
17 32 84.827
17 32 76.523
17 55 31.73
17 41 76.797
17 41 58.058
17 41 34.027
17 41 11.492
17 41 29.596
17 51 29.567
17 51 69.259
17 51 62.777
17 68 69.662
17 94 66.667
17 94 59.029
17 94 49.293
17 94 12.74
17 94 48.895
17 88 59.904
17 88 14.827
17 88 58.902
17 75 58.5
17 47 65.195
17 47 56.138
17 21 62.869
17 21 26.338
17 45 99.29
17 45 95.653
17 58 29.85
17 69 85.901
17 38 71.336
17 38 54.479
17 92 54.62
17 92 13.788
17 61 67.721
17 61 53.934
17 61 40.79
17 84 86.175
17 50 32.803
17 54 12.158
17 54 91.309
17 37 30.106
17 57 52.627
17 97 23.722
17 97 17.945
17 30 34.613
17 30 45.116
17 64 68.963
17 64 90.482
17 85 11.889
17 85 45.633
17 67 30.782
17 59 69.459
17 59 69.518
17 65 44.704
17 65 91.137
17 18 97.172
17 18 74.984
17 83 10.779
17 83 10.297
17 83 38.437
17 83 67.588
17 78 93.358
17 44 83.194
17 66 52.727
17 66 44.172
17 80 34.265
17 28 15.251
17 29 42.249
17 29 83.825
17 89 16.68
17 89 72.688
17 99 30.702
17 24 15.361
17 24 60.129
17 46 96.021
17 46 57.961
17 72 28.864
17 72 63.84
17 95 57.18
17 95 62.062
17 95 92.623
17 25 82.498
17 25 20.976
17 25 69.564
17 27 94.639
17 27 42.464
17 71 61.888
17 73 97.391
17 62 19.786
17 62 50.464
17 62 28.153
17 82 90.482
17 82 41.02
17 42 76.529
17 42 32.221
17 53 38.182
17 53 42.451
17 53 57.767
17 70 16.753
17 70 95.88
17 33 60.666
17 40 20.916
17 40 76.223
17 40 60.518
17 98 73.661
17 20 22.272
17 52 62.75
17 39 90.324
17 87 29.517
17 77 39.034
17 77 23.926
17 96 96.841
17 96 44.806
17 31 95.927
18 37 21.232
18 37 92.086
18 97 64.316
18 97 19.437
18 46 79.04
18 46 30.41
18 46 21.476
18 71 42.867
18 71 48.263
18 30 65.515
18 30 57.647
18 30 75.171
18 30 68.257
18 93 62.111
18 31 26.634
18 74 33.239
18 74 10.601
18 78 49.535
18 87 35.817
18 87 56.821
18 82 73.735
18 82 11.463
18 82 93.86
18 68 92.42
18 72 30.736
18 72 50.497
18 72 31.869
18 72 68.996
18 72 91.826
18 39 92.217
18 54 53.646
18 54 28.964
18 54 51.759
18 26 17.141
18 34 35.971
18 80 58.277
18 80 35.529
18 86 85.861
18 86 65.312
18 86 43.886
18 29 78.469
18 29 32.887
18 43 31.82
18 43 46.685
18 43 42.975
18 69 71.3
18 69 95.324
18 69 58.703
18 69 27.588
18 94 91.188
18 85 52.008
18 85 79.628
18 85 27.117
18 81 15.004
18 81 63.77
18 81 38.614
18 81 97.248
18 22 50.645
18 22 71.617
18 22 41.915
18 64 13.783
18 64 88.759
18 20 65.358
18 20 88.944
18 20 49.768
18 41 69.525
18 25 81.193
18 25 86.448
18 66 96.517
18 90 91.397
18 90 81.908
18 99 28.46
18 42 56.203
18 21 47.925
18 21 41.189
18 48 90.422
18 96 78.107
18 96 67.712
18 50 41.045
18 50 38.334
18 50 52.015
18 44 91.879
18 44 70.36
18 73 99.419
18 73 22.261
18 73 12.209
18 73 78.312
18 60 18.426
18 60 90.384
18 67 46.513
18 67 69.864
18 65 64.755
18 65 87.974
18 32 92.922
18 92 87.361
18 40 86.637
18 55 31.869
18 84 68.73
18 57 37.177
18 57 34.366
18 61 43.746
18 61 91.881
18 53 22.66
18 53 52.302
18 53 42.779
18 35 93.367
18 91 29.692
18 91 78.954
18 33 87.464
18 77 87.81
18 70 68.999
18 88 88.977
18 49 71.083
18 24 19.829
18 83 50.458
18 76 23.542
19 56 19.842
19 56 44.074
19 42 40.591
19 42 25.912
19 42 66.245
19 95 12.637
19 95 13.174
19 95 70.515
19 95 50.969
19 95 46.133
19 25 61.043
19 25 29.905
19 25 70.814
19 25 56.273
19 25 80.949
19 91 10.263
19 91 85.118
19 91 54.634
19 63 29.013
19 65 23.095
19 65 54.174
19 30 49.049
19 30 94.685
19 30 98.046
19 71 36.465
19 71 23.708
19 71 69.893
19 99 27.656
19 99 35.563
19 44 31.795
19 44 91.572
19 44 59.118
19 44 20.772
19 87 72.971
19 92 14.957
19 92 97.018
19 92 13.107
19 92 60.273
19 84 81.969
19 84 11.953
19 84 34.2
19 52 67.522
19 52 11.158
19 62 25.53
19 62 66.394
19 50 10.227
19 50 47.078
19 27 61.533
19 27 13.307
19 89 80.867
19 80 59.975
19 68 94.51
19 68 13.935
19 38 85.818
19 38 84.595
19 97 63.357
19 97 53.344
19 97 96.529
19 45 74.308
19 45 42.59
19 45 45.9
19 45 48.099
19 45 26.275
19 96 11.135
19 79 94.315
19 79 23.302
19 61 11.333
19 64 32.596
19 64 92.014
19 60 63.968
19 93 27.062
19 90 26.55
19 90 68.331
19 85 34.454
19 85 29.212
19 48 73.839
19 31 34.105
19 31 89.845
19 31 50.197
19 43 25.197
19 73 59.807
19 49 69.68
19 49 69.697
19 74 99.201
19 74 85.105
19 81 73.381
19 37 39.796
19 37 74.739
19 82 97.887
19 28 15.404
19 28 19.285
19 28 50.493
19 28 25.64
19 58 39.243
19 58 41.869
19 58 67.712
19 21 42.23
19 22 76.737
19 77 93.355
19 77 37.587
19 19 10.743
19 19 24.958
19 29 21.419
19 29 67.751
19 29 79.661
19 29 20.326
19 29 58.91
19 47 18.7
19 26 85.01
19 98 41.614
19 86 34.381
19 86 73.944
19 32 35.93
19 75 13.831
19 41 21.422
19 76 42.582
19 76 36.581
19 23 13.323
19 23 98.05
19 53 25.554
19 46 24.864
19 94 26.41
19 20 12.918
19 70 64.394
19 40 31.979
19 40 89.321
19 59 13.325
19 51 32.186
20 99 44.878
20 99 91.215
20 99 25.882
20 89 52.07
20 89 26.943
20 89 81.834
20 87 11.27
20 87 86.874
20 87 92.113
20 87 65.398
20 87 46.96
20 23 64.574
20 23 63.405
20 31 69.803
20 41 55.831
20 41 28.795
20 41 26.876
20 85 57.982
20 85 84.037
20 96 35.269
20 96 86.673
20 55 64.124
20 55 35.584
20 55 31.757
20 55 71.574
20 55 12.246
20 39 91.161
20 39 18.037
20 39 77.387
20 64 74.158
20 64 11.662
20 64 97.28
20 64 12.318
20 64 55.226
20 52 47.226
20 52 53.528
20 52 16.08
20 58 19.252
20 81 93.024
20 81 97.659
20 81 43.235
20 25 23.119
20 25 15.336
20 32 93.139
20 32 41.078
20 32 41.517
20 40 48.569
20 71 64.856
20 71 79.14
20 49 51.401
20 49 51.563
20 21 58.753
20 21 21.041
20 54 82.501
20 73 68.27
20 73 71.069
20 61 65.205
20 61 31.845
20 61 72.152
20 46 84.171
20 46 79.6
20 46 91.737
20 93 85.568
20 93 55.458
20 62 81.932
20 62 16.735
20 77 45.147
20 77 68.206
20 77 88.367
20 95 66.681
20 95 62.019
20 95 18.414
20 72 28.476
20 72 49.711
20 72 69.977
20 56 73.751
20 56 94.939
20 56 31.814
20 76 79.917
20 37 33.282
20 27 47.435
20 27 48.957
20 27 15.689
20 97 92.617
20 97 62.962
20 35 80.979
20 60 35.508
20 60 17.789
20 60 47.881
20 70 47.957
20 20 79.736
20 44 77.602
20 44 25.064
20 44 13.755
20 44 16.711
20 84 10.64
20 84 29.195
20 74 93.955
20 74 67.889
20 65 90.622
20 33 39.949
20 48 28.605
20 91 36.143
20 43 46.796
20 53 10.292
20 79 91.195
20 38 21.984
20 90 73.111
20 42 87.374
20 94 59.719
20 94 19.663
20 30 35.087
20 67 90.735
20 57 53.906
20 22 17.159
20 88 27.662
20 26 97.572
20 26 17.023
20 24 76.98
21 61 59.629
21 29 92.321
21 29 39.741
21 29 56.694
21 50 46.099
21 81 78.495
21 81 41.653
21 81 34.719
21 77 38.858
21 77 95.927
21 95 21.545
21 95 81.553
21 90 38.204
21 90 47.718
21 39 72.793
21 24 36.688
21 24 81.974
21 82 12.002
21 82 34.274
21 82 38.059
21 82 81.943
21 82 37.245
21 82 82.994
21 63 53.116
21 63 31.907
21 63 53.979
21 63 10.445
21 51 35.069
21 51 35.492
21 51 41.583
21 80 16.8
21 80 19.115
21 49 11.028
21 49 68.334
21 57 44.667
21 33 32.843
21 85 84.271
21 25 77.856
21 25 31.968
21 74 46.497
21 36 78.876
21 36 48.396
21 36 17.63
21 91 35.018
21 91 13.672
21 34 21.466
21 34 12.459
21 34 33.942
21 47 38.991
21 47 95.72
21 98 73.313
21 98 60.924
21 35 80.2
21 86 67.301
21 64 76.944
21 54 81.299
21 54 25.614
21 54 32.195
21 54 86.337
21 94 33.212
21 94 67.991
21 70 16.874
21 96 28.865
21 96 64.534
21 32 59.568
21 32 99.858
21 78 80.046
21 78 24.891
21 78 13.587
21 48 55.59
21 48 73.489
21 48 85.739
21 79 55.044
21 53 89.673
21 53 62.457
21 55 95.237
21 55 91.923
21 41 42.146
21 21 66.0
21 21 63.272
21 42 69.394
21 30 92.571
21 30 58.901
21 23 94.927
21 43 78.546
21 83 91.533
21 45 59.662
21 87 20.086
21 58 22.968
21 58 48.504
21 72 35.43
21 92 52.512
21 92 22.379
21 59 80.073
21 46 84.363
21 62 52.622
21 62 14.095
21 88 98.645
21 88 77.536
21 99 38.658
21 89 62.558
21 73 57.802
21 84 31.949
21 97 60.662
21 75 77.037
22 24 61.449
22 24 50.151
22 24 94.974
22 62 91.629
22 62 15.142
22 83 77.793
22 83 24.919
22 83 21.616
22 83 51.331
22 42 36.352
22 42 89.761
22 42 24.492
22 42 69.896
22 63 10.529
22 63 66.359
22 86 16.45
22 86 70.034
22 23 29.502
22 23 60.824
22 57 54.482
22 57 38.058
22 31 18.524
22 31 20.997
22 31 50.891
22 97 73.236
22 48 44.699
22 48 34.653
22 55 13.171
22 55 62.582
22 55 51.196
22 56 31.768
22 56 99.243
22 56 41.197
22 73 56.115
22 73 64.848
22 73 84.295
22 73 44.017
22 85 35.585
22 98 92.316
22 98 26.869
22 98 17.889
22 98 65.905
22 46 29.362
22 46 42.745
22 46 14.124
22 64 15.698
22 64 62.163
22 70 29.693
22 70 90.324
22 70 36.416
22 43 17.397
22 43 75.831
22 34 56.801
22 34 22.277
22 34 68.564
22 51 95.567
22 51 82.758
22 51 62.797
22 69 41.716
22 69 20.608
22 69 49.151
22 33 20.377
22 36 33.778
22 71 40.27
22 71 62.522
22 74 40.642
22 74 92.006
22 53 23.727
22 53 75.946
22 53 32.787
22 53 51.294
22 27 87.207
22 49 45.049
22 49 12.897
22 49 91.187
22 58 39.78
22 65 27.618
22 66 72.485
22 66 78.487
22 82 13.481
22 99 11.064
22 77 49.147
22 76 40.473
22 40 18.665
22 40 85.259
22 32 93.241
22 32 35.675
22 32 78.346
22 28 31.737
22 28 38.494
22 50 26.761
22 50 41.56
22 50 82.154
22 95 55.717
22 78 52.066
22 44 35.169
22 88 71.055
22 81 50.279
22 72 47.239
22 72 81.414
22 72 80.693
22 94 17.491
22 94 55.153
22 94 47.841
22 41 73.909
22 75 83.569
22 54 96.536
22 39 49.226
22 29 31.797
22 29 42.262
22 96 24.862
22 30 13.024
22 38 94.511
22 22 97.506
23 50 24.585
23 50 41.621
23 50 37.17
23 50 11.246
23 50 70.929
23 50 69.113
23 75 38.326
23 75 73.6
23 35 96.348
23 35 96.262
23 35 36.455
23 35 60.894
23 51 89.643
23 51 98.718
23 51 27.804
23 51 91.55
23 52 28.01
23 52 63.609
23 52 43.93
23 70 39.04
23 70 66.457
23 70 38.755
23 39 36.117
23 39 61.099
23 58 80.849
23 58 48.936
23 58 95.553
23 26 92.681
23 26 61.688
23 26 84.966
23 26 89.82
23 88 63.787
23 88 83.763
23 43 33.593
23 43 40.691
23 34 76.066
23 72 72.727
23 72 96.56
23 55 73.066
23 93 43.731
23 93 20.652
23 99 45.54
23 99 97.386
23 71 50.819
23 71 50.325
23 71 87.027
23 68 53.099
23 68 74.026
23 62 32.448
23 57 33.897
23 57 54.974
23 32 83.424
23 32 27.434
23 82 19.114
23 82 46.89
23 77 51.671
23 74 31.872
23 36 17.504
23 36 25.968
23 36 47.551
23 89 50.831
23 28 16.772
23 28 79.699
23 28 94.555
23 69 63.453
23 69 55.398
23 78 91.947
23 78 59.818
23 78 75.714
23 92 65.407
23 92 20.712
23 30 55.396
23 63 62.273
23 73 21.544
23 66 80.87
23 37 77.445
23 37 88.988
23 37 38.216
23 59 78.551
23 29 74.945
23 83 78.447
23 83 48.903
23 25 56.267
23 41 97.455
23 41 51.692
23 98 88.374
23 98 97.465
23 98 88.749
23 79 96.24
23 76 60.268
23 76 92.363
23 91 16.071
23 91 63.108
23 64 56.214
23 81 14.965
23 87 94.227
23 31 61.062
23 49 40.078
23 53 29.06
23 54 31.935
23 96 25.155
23 96 20.417
24 45 88.066
24 45 38.257
24 45 36.961
24 45 44.526
24 51 46.727
24 51 51.175
24 81 80.962
24 80 33.288
24 80 66.398
24 40 65.89
24 40 22.748
24 42 52.071
24 42 90.018
24 66 64.795
24 66 36.567
24 66 75.177
24 66 45.19
24 74 34.314
24 74 40.357
24 74 80.083
24 75 28.141
24 75 21.251
24 75 29.497
24 79 49.628
24 79 66.465
24 79 71.458
24 79 21.637
24 90 77.262
24 90 71.728
24 90 26.648
24 90 35.15
24 90 26.863
24 25 10.78
24 25 70.381
24 31 60.085
24 72 60.041
24 72 70.703
24 73 39.291
24 37 52.184
24 37 95.466
24 37 99.859
24 65 45.74
24 65 57.777
24 65 90.781
24 65 80.286
24 86 71.42
24 86 29.65
24 43 32.087
24 61 78.422
24 61 57.248
24 61 26.857
24 61 82.03
24 91 28.15
24 91 79.039
24 49 67.182
24 49 58.187
24 94 73.51
24 94 38.884
24 57 74.312
24 76 23.392
24 76 96.409
24 76 28.095
24 76 63.006
24 76 49.272
24 52 38.268
24 28 42.33
24 28 28.044
24 28 33.006
24 29 84.228
24 29 31.452
24 29 54.985
24 55 79.077
24 55 20.995
24 55 75.861
24 55 72.388
24 95 16.331
24 95 38.467
24 95 54.279
24 62 61.89
24 34 54.196
24 34 43.432
24 34 15.894
24 36 20.171
24 36 73.718
24 36 22.365
24 36 45.449
24 36 69.311
24 84 99.194
24 84 23.083
24 48 78.031
24 60 18.627
24 60 30.055
24 97 12.971
24 93 10.087
24 93 78.822
24 77 14.041
24 71 12.114
24 71 92.621
24 92 99.357
24 46 41.2
24 46 38.355
24 46 84.059
24 69 17.883
24 99 38.446
24 26 35.599
24 33 51.892
24 33 81.489
24 38 23.132
24 38 58.602
24 44 51.046
24 44 66.768
24 63 91.646
24 67 77.772
24 87 55.648
24 87 68.643
24 70 91.7
24 78 75.568
24 88 29.346
24 27 42.799
24 39 21.776
24 32 64.032
25 44 82.129
25 44 70.026
25 44 72.537
25 74 32.271
25 60 15.083
25 60 46.672
25 60 73.902
25 96 71.663
25 96 87.909
25 99 62.573
25 99 74.692
25 47 59.002
25 47 30.661
25 47 90.177
25 47 46.114
25 59 98.296
25 59 64.677
25 59 16.684
25 59 77.814
25 59 89.517
25 70 88.535
25 70 68.712
25 30 52.858
25 33 36.824
25 33 99.0
25 50 87.843
25 50 66.67
25 27 34.078
25 53 96.447
25 71 86.408
25 71 11.238
25 73 52.745
25 40 38.243
25 40 33.383
25 79 81.709
25 79 17.744
25 61 14.159
25 61 27.198
25 61 68.663
25 85 49.202
25 85 55.683
25 85 32.714
25 85 92.808
25 80 91.77
25 65 57.2
25 65 84.08
25 90 18.948
25 90 39.347
25 34 47.198
25 95 78.006
25 78 92.9
25 78 29.013
25 68 83.429
25 72 70.647
25 72 69.803
25 28 29.871
25 89 62.328
25 89 56.973
25 38 84.901
25 43 99.88
25 26 20.59
25 54 32.468
25 54 77.952
25 92 68.292
25 67 40.145
25 67 87.401
25 67 60.094
25 67 42.654
25 69 14.051
25 52 11.499
25 52 17.845
25 42 71.282
25 81 37.229
25 76 86.544
25 76 93.826
25 55 84.001
25 55 77.305
25 55 32.628
25 45 64.12
25 75 46.154
25 75 88.53
25 62 80.157
25 62 25.262
25 87 49.128
25 46 66.182
25 64 47.453
25 64 50.284
25 84 36.438
25 84 69.967
25 57 75.595
25 57 35.473
25 31 13.053
25 97 16.984
25 32 78.013
25 32 34.041
25 51 82.369
25 93 46.034
25 49 97.9
25 63 51.363
26 68 57.959
26 68 89.846
26 68 36.644
26 68 10.832
26 68 49.225
26 52 83.876
26 52 41.653
26 87 10.431
26 90 28.281
26 90 74.196
26 90 85.955
26 46 51.289
26 46 84.952
26 46 77.333
26 58 75.477
26 81 75.1
26 81 62.971
26 81 59.302
26 34 23.977
26 34 28.401
26 34 54.716
26 97 29.34
26 40 35.568
26 40 69.35
26 41 97.269
26 41 82.95
26 41 27.471
26 41 22.994
26 41 11.662
26 41 60.789
26 59 47.79
26 45 56.271
26 47 94.822
26 47 43.329
26 47 54.228
26 55 41.587
26 55 70.918
26 76 27.688
26 73 10.951
26 73 89.931
26 71 62.197
26 71 18.835
26 71 12.712
26 71 21.691
26 71 59.438
26 71 39.143
26 80 77.81
26 64 47.049
26 77 99.722
26 77 66.282
26 49 23.734
26 67 50.48
26 67 67.379
26 33 83.765
26 33 79.8
26 54 33.175
26 54 35.408
26 83 62.562
26 84 32.757
26 84 34.381
26 84 62.822
26 53 83.663
26 53 21.272
26 56 36.255
26 56 35.657
26 32 43.919
26 32 61.548
26 32 34.381
26 32 91.767
26 98 88.071
26 27 40.569
26 27 27.885
26 27 73.09
26 29 13.632
26 44 45.152
26 44 56.624
26 44 64.396
26 44 30.36
26 39 45.95
26 39 23.197
26 95 33.677
26 95 16.503
26 95 83.296
26 42 88.1
26 42 45.096
26 82 73.642
26 36 83.439
26 36 82.184
26 78 96.461
26 78 10.89
26 78 30.736
26 78 31.474
26 37 37.138
26 43 29.295
26 43 61.747
26 38 26.124
26 38 35.499
26 99 94.074
26 30 26.755
26 30 68.781
26 30 60.504
26 93 85.052
26 60 43.26
26 60 25.096
26 96 16.675
26 96 12.623
26 75 52.655
26 69 16.669
26 88 51.783
26 85 45.472
26 72 69.983
26 51 96.751
26 31 67.706
26 50 56.055
26 57 72.531
27 92 49.076
27 71 93.284
27 38 32.386
27 68 77.03
27 68 43.469
27 82 37.354
27 75 43.966
27 75 65.568
27 75 63.883
27 75 51.182
27 57 83.618
27 57 56.776
27 57 58.418
27 57 30.971
27 34 57.3
27 34 67.518
27 34 95.327
27 64 64.338
27 64 26.015
27 64 66.934
27 64 96.425
27 85 12.774
27 85 63.248
27 67 33.464
27 67 18.408
27 88 44.856
27 88 28.604
27 91 32.836
27 91 95.4
27 91 46.117
27 60 35.325
27 60 30.888
27 60 44.302
27 60 67.072
27 84 51.697
27 84 54.772
27 84 17.658
27 45 67.256
27 45 73.515
27 66 37.478
27 66 80.497
27 78 65.762
27 78 51.016
27 94 76.75
27 94 69.661
27 94 87.254
27 90 24.049
27 90 36.627
27 90 60.639
27 42 34.308
27 53 69.526
27 53 65.971
27 53 86.569
27 53 38.488
27 93 79.434
27 93 75.605
27 35 30.2
27 48 85.933
27 48 29.501
27 48 97.413
27 28 82.187
27 96 98.1
27 96 74.51
27 96 38.564
27 36 25.843
27 36 96.345
27 76 28.641
27 76 54.67
27 76 16.33
27 76 79.677
27 79 54.688
27 79 30.694
27 79 27.366
27 50 62.12
27 77 94.831
27 77 73.678
27 77 20.067
27 77 59.014
27 89 75.42
27 73 16.622
27 86 77.559
27 86 34.542
27 46 23.118
27 46 16.8
27 87 99.188
27 87 86.571
27 31 56.434
27 31 22.114
27 31 89.093
27 31 69.331
27 31 18.791
27 55 36.842
27 55 26.952
27 55 68.663
27 72 84.605
27 43 99.362
27 43 64.003
27 95 53.02
27 39 51.071
27 39 56.288
27 69 87.285
27 69 23.219
27 69 67.366
27 62 86.947
27 81 92.37
27 47 87.485
27 99 42.852
27 99 81.877
27 98 37.163
27 37 55.009
27 37 45.307
27 37 83.875
27 51 66.895
27 54 16.096
27 54 60.776
27 65 41.875
27 74 10.531
27 49 10.399
27 41 12.853
27 44 76.716
28 39 57.302
28 78 32.895
28 78 43.526
28 42 77.554
28 42 89.744
28 42 65.325
28 42 27.832
28 33 94.127
28 33 88.491
28 33 49.596
28 33 93.07
28 33 16.53
28 44 94.596
28 95 88.006
28 95 81.831
28 95 49.24
28 88 35.156
28 88 34.96
28 88 73.115
28 91 93.911
28 91 69.135
28 75 11.705
28 53 79.52
28 53 38.228
28 53 73.852
28 53 11.92
28 53 35.249
28 34 60.297
28 97 21.349
28 45 34.14
28 45 62.093
28 61 49.194
28 41 94.757
28 90 54.73
28 32 25.005
28 63 34.319
28 31 21.245
28 31 64.761
28 31 30.184
28 35 65.978
28 35 81.932
28 35 75.298
28 35 51.274
28 35 85.734
28 47 32.165
28 47 87.635
28 87 75.63
28 87 38.328
28 87 51.721
28 57 14.475
28 57 93.377
28 70 94.872
28 70 88.222
28 43 12.205
28 43 29.492
28 92 84.562
28 92 43.118
28 92 40.38
28 92 12.519
28 29 21.157
28 29 10.633
28 29 40.151
28 38 29.012
28 52 20.219
28 99 12.24
28 99 81.036
28 99 68.617
28 86 30.244
28 60 29.649
28 60 90.914
28 30 77.092
28 30 33.326
28 30 73.058
28 82 55.345
28 37 97.181
28 37 14.255
28 49 54.756
28 49 22.72
28 49 70.141
28 49 18.468
28 72 49.59
28 72 26.543
28 72 84.241
28 50 71.461
28 48 48.445
28 48 81.542
28 48 69.347
28 74 84.998
28 74 28.068
28 71 69.229
28 71 86.353
28 84 23.447
28 94 74.03
28 40 56.347
28 40 29.496
28 51 62.231
28 51 38.044
28 65 55.97
28 58 40.916
28 58 53.223
28 96 78.033
28 36 75.755
28 83 17.443
28 83 53.726
28 83 81.366
28 93 60.0
28 79 93.948
28 55 53.325
28 98 51.085
28 98 67.166
28 64 49.859
28 64 76.171
28 68 98.823
29 88 69.522
29 88 66.486
29 88 38.174
29 42 60.319
29 65 39.176
29 53 64.496
29 53 19.302
29 53 74.934
29 53 74.571
29 53 28.277
29 77 10.269
29 77 11.169
29 83 18.443
29 83 85.851
29 96 43.107
29 96 25.631
29 68 80.51
29 68 83.324
29 68 88.641
29 57 19.237
29 57 28.651
29 50 53.603
29 50 69.08
29 50 61.282
29 97 19.446
29 90 72.249
29 90 30.588
29 90 70.05
29 78 54.401
29 41 90.75
29 41 78.43
29 64 78.985
29 64 73.1
29 64 32.037
29 74 82.938
29 74 42.256
29 74 37.48
29 44 82.076
29 44 96.678
29 44 47.792
29 44 15.504
29 69 31.351
29 69 45.305
29 40 74.99
29 40 19.491
29 86 88.095
29 86 61.079
29 86 26.828
29 86 85.581
29 82 49.927
29 79 54.344
29 66 64.507
29 66 22.495
29 66 32.542
29 81 69.902
29 81 38.818
29 89 83.032
29 89 42.035
29 39 63.937
29 39 52.037
29 63 53.101
29 63 35.269
29 63 34.858
29 63 16.145
29 87 74.464
29 32 16.628
29 32 99.323
29 92 62.935
29 92 73.481
29 35 85.734
29 98 78.434
29 98 50.753
29 98 57.71
29 43 86.284
29 91 84.098
29 91 58.561
29 91 62.284
29 91 41.244
29 59 96.381
29 59 77.457
29 59 61.71
29 55 56.345
29 55 40.751
29 45 60.938
29 45 88.385
29 38 62.866
29 38 12.584
29 84 18.505
29 52 73.92
29 52 87.71
29 52 46.879
29 85 64.883
29 76 21.216
29 46 97.959
29 36 56.208
29 95 55.418
29 60 14.715
29 60 36.053
29 61 22.768
29 93 85.461
29 93 72.586
29 54 90.585
29 34 42.743
29 31 28.404
29 47 25.289
30 83 42.495
30 83 11.788
30 83 44.921
30 44 19.894
30 44 28.903
30 44 36.084
30 44 47.546
30 92 93.065
30 92 58.188
30 92 62.967
30 87 68.786
30 87 80.856
30 87 79.348
30 87 47.008
30 87 74.681
30 94 25.643
30 94 88.194
30 76 37.458
30 76 76.851
30 48 16.919
30 48 24.109
30 60 71.207
30 89 64.083
30 89 11.659
30 89 71.162
30 89 17.698
30 78 33.162
30 78 74.921
30 78 80.303
30 78 88.738
30 50 53.239
30 50 34.586
30 61 47.913
30 61 98.027
30 61 16.396
30 61 67.812
30 65 16.666
30 77 80.268
30 66 69.689
30 66 70.965
30 66 69.551
30 30 69.812
30 30 10.586
30 36 43.121
30 36 64.139
30 36 80.46
30 59 43.949
30 59 30.714
30 59 58.465
30 75 81.913
30 75 81.128
30 75 84.033
30 45 78.375
30 45 70.711
30 45 14.04
30 45 52.876
30 49 94.444
30 49 58.075
30 68 51.582
30 95 97.27
30 71 65.112
30 40 32.548
30 42 38.554
30 42 29.609
30 54 65.099
30 53 97.694
30 43 25.92
30 99 98.497
30 67 35.771
30 39 88.103
30 85 22.196
30 85 76.992
30 85 57.87
30 38 25.507
30 38 86.87
30 73 36.132
30 73 72.774
30 79 48.553
30 86 90.11
30 51 31.781
30 51 32.362
30 51 40.69
30 91 74.0
30 91 22.069
30 91 20.547
30 70 74.525
30 70 36.037
30 62 86.457
30 72 87.674
30 84 80.729
30 84 44.703
30 84 42.468
30 58 12.747
30 47 43.556
30 69 39.648
30 74 84.93
30 74 40.273
30 74 33.163
30 52 54.696
30 52 64.146
30 52 16.861
30 97 63.992
30 81 31.763
30 81 71.668
30 57 70.624
30 57 93.682
30 41 76.588
30 31 92.67
30 34 32.871
30 98 71.845
30 93 97.84
31 48 45.736
31 48 22.231
31 66 60.442
31 84 84.709
31 84 60.411
31 84 90.293
31 88 32.011
31 88 77.496
31 44 40.459
31 44 63.445
31 52 29.613
31 54 52.86
31 54 12.58
31 56 47.022
31 56 10.437
31 45 47.695
31 45 17.247
31 45 33.12
31 45 23.605
31 59 83.344
31 59 29.577
31 59 61.265
31 79 94.21
31 69 17.546
31 69 17.442
31 69 93.37
31 69 49.095
31 42 63.973
31 42 89.894
31 42 53.427
31 42 28.21
31 43 28.541
31 43 23.968
31 98 81.232
31 98 30.679
31 98 14.938
31 94 64.333
31 94 57.369
31 58 70.869
31 58 72.668
31 58 38.56
31 95 15.505
31 95 32.178
31 83 84.007
31 83 53.868
31 83 94.897
31 83 79.634
31 71 57.07
31 71 52.412
31 71 81.986
31 78 93.352
31 78 36.004
31 78 66.532
31 67 88.148
31 67 46.028
31 67 81.973
31 67 48.464
31 67 63.894
31 67 55.882
31 67 10.746
31 77 70.258
31 47 77.51
31 33 28.571
31 33 94.332
31 36 93.445
31 50 70.408
31 37 53.067
31 32 47.974
31 32 32.113
31 32 59.72
31 32 15.514
31 85 84.242
31 85 39.425
31 85 33.933
31 85 54.965
31 76 61.833
31 76 34.984
31 76 44.18
31 80 44.715
31 80 32.659
31 80 16.194
31 80 77.344
31 80 16.831
31 34 51.849
31 34 89.261
31 86 49.759
31 51 33.36
31 51 58.817
31 74 73.35
31 74 69.059
31 62 70.446
31 62 69.977
31 61 73.78
31 63 42.123
31 97 60.337
31 97 40.447
31 55 34.41
31 55 19.526
31 91 45.174
31 73 83.963
31 73 24.253
31 87 88.469
31 72 94.749
31 90 45.244
31 90 88.043
31 53 85.132
31 41 73.229
31 57 95.568
32 77 26.527
32 77 94.577
32 77 95.648
32 88 72.748
32 88 74.5
32 88 77.861
32 75 44.674
32 82 89.467
32 82 75.849
32 82 88.079
32 74 53.543
32 74 48.18
32 74 59.888
32 74 46.405
32 71 55.64
32 71 49.23
32 72 84.886
32 72 19.348
32 89 90.5
32 89 93.844
32 89 49.675
32 93 39.321
32 93 95.555
32 76 50.064
32 76 83.016
32 76 13.559
32 76 62.563
32 99 58.417
32 99 39.458
32 99 71.397
32 99 39.676
32 53 81.648
32 92 43.964
32 92 94.241
32 85 85.783
32 85 59.269
32 56 46.918
32 56 81.047
32 56 17.969
32 56 81.374
32 59 40.082
32 59 74.783
32 55 49.859
32 55 11.947
32 52 97.02
32 52 14.791
32 50 37.203
32 58 97.115
32 84 80.356
32 84 36.465
32 84 60.412
32 95 84.664
32 95 53.077
32 86 37.499
32 86 55.159
32 73 64.387
32 73 12.799
32 73 17.266
32 46 60.724
32 46 84.297
32 46 84.651
32 51 43.388
32 51 15.84
32 70 51.92
32 70 75.041
32 33 52.235
32 33 82.651
32 43 56.661
32 43 82.884
32 79 89.354
32 79 50.832
32 98 89.993
32 37 32.912
32 35 51.36
32 81 19.696
32 81 75.322
32 44 77.244
32 67 57.114
32 67 54.642
32 57 10.574
32 94 57.238
32 94 42.31
32 94 70.444
32 94 41.18
32 96 42.752
32 54 44.562
32 54 52.028
32 54 48.321
32 47 72.991
32 64 59.113
32 83 69.801
32 83 74.948
32 83 90.054
32 49 45.508
32 41 12.192
32 45 26.336
32 45 54.13
32 63 83.187
32 63 58.451
32 42 23.262
32 40 99.207
32 34 51.126
32 68 85.982
32 62 53.326
33 34 63.493
33 34 90.02
33 34 89.135
33 34 42.074
33 34 23.892
33 58 80.695
33 58 48.501
33 58 37.243
33 52 23.409
33 91 14.489
33 91 66.526
33 91 59.835
33 91 91.567
33 80 18.79
33 83 40.484
33 83 53.45
33 83 72.616
33 83 62.365
33 38 60.668
33 38 97.356
33 53 91.112
33 53 30.507
33 53 38.095
33 81 25.101
33 81 53.125
33 81 65.346
33 44 17.954
33 46 50.604
33 46 83.028
33 46 82.56
33 88 51.364
33 89 66.039
33 89 92.692
33 35 65.792
33 35 11.268
33 51 70.917
33 51 15.012
33 51 96.712
33 51 92.982
33 51 58.729
33 90 66.626
33 41 99.509
33 41 72.52
33 41 46.355
33 41 63.824
33 41 69.373
33 99 40.202
33 99 35.123
33 60 73.695
33 60 81.928
33 63 72.467
33 63 46.259
33 74 69.878
33 74 34.378
33 74 32.645
33 94 78.812
33 94 92.261
33 67 22.018
33 67 94.602
33 96 45.592
33 96 49.554
33 57 43.65
33 57 93.05
33 57 87.052
33 57 20.031
33 57 79.088
33 57 22.953
33 85 41.453
33 85 49.724
33 55 77.152
33 59 28.223
33 65 82.094
33 62 75.495
33 62 43.173
33 97 46.411
33 86 28.503
33 86 15.386
33 95 56.733
33 95 25.418
33 69 30.933
33 69 61.292
33 37 30.996
33 37 94.061
33 66 52.506
33 54 22.088
33 71 61.102
33 36 98.396
33 77 78.31
33 77 34.285
33 42 33.008
33 47 45.243
33 43 66.28
33 76 37.021
33 40 55.823
34 81 26.285
34 81 97.468
34 43 12.084
34 77 46.728
34 77 33.145
34 68 16.277
34 68 72.457
34 94 56.328
34 94 21.329
34 53 26.311
34 53 73.095
34 90 28.378
34 90 93.826
34 90 60.218
34 69 75.517
34 69 67.064
34 42 26.764
34 42 57.696
34 35 58.37
34 35 95.335
34 85 47.515
34 85 63.787
34 45 99.839
34 45 94.362
34 47 27.061
34 47 62.443
34 47 75.679
34 58 56.814
34 58 54.2
34 91 43.979
34 91 14.234
34 60 78.427
34 60 71.397
34 60 56.056
34 46 39.972
34 74 16.014
34 78 46.521
34 78 19.564
34 78 90.429
34 78 65.488
34 78 76.828
34 34 95.148
34 34 72.446
34 93 41.708
34 93 36.04
34 93 60.593
34 93 62.25
34 49 72.874
34 49 10.636
34 76 21.398
34 70 91.553
34 70 17.489
34 70 14.356
34 73 79.43
34 65 75.759
34 65 72.942
34 52 67.918
34 52 99.583
34 83 58.877
34 99 12.626
34 99 24.106
34 95 66.176
34 95 11.296
34 36 89.988
34 57 66.483
34 80 14.791
34 92 57.245
34 89 76.11
34 89 73.944
34 89 49.314
34 89 13.259
34 64 94.405
34 64 52.077
34 38 49.636
34 72 16.586
34 86 80.796
34 87 66.133
34 98 52.202
34 96 77.381
34 37 87.027
34 41 58.669
34 82 66.871
34 61 41.505
34 84 98.896
34 97 98.599
34 54 14.646
34 39 47.519
35 57 60.506
35 57 76.093
35 57 11.402
35 46 25.382
35 46 39.178
35 52 23.237
35 52 60.944
35 61 38.602
35 61 78.405
35 78 58.716
35 78 74.849
35 88 73.947
35 63 99.927
35 63 23.013
35 63 34.436
35 84 15.861
35 84 24.11
35 37 10.726
35 37 17.863
35 37 24.945
35 54 94.931
35 54 53.813
35 54 56.341
35 60 78.988
35 60 76.199
35 71 46.161
35 71 19.29
35 77 39.508
35 91 83.026
35 75 69.887
35 75 10.73
35 75 57.684
35 75 18.223
35 75 30.508
35 75 67.682
35 75 40.266
35 75 23.759
35 58 96.883
35 58 29.978
35 86 78.396
35 86 80.846
35 44 90.721
35 44 90.913
35 44 99.694
35 39 92.327
35 39 57.312
35 67 83.557
35 67 52.263
35 49 11.523
35 50 49.673
35 80 30.47
35 80 98.91
35 80 36.928
35 35 91.889
35 35 85.074
35 87 64.713
35 87 29.913
35 47 34.558
35 76 72.386
35 89 85.393
35 89 75.993
35 70 22.735
35 97 87.121
35 41 46.233
35 41 79.838
35 90 56.553
35 53 20.733
35 66 43.042
35 66 17.036
35 66 16.533
35 43 92.526
35 43 19.074
35 43 94.721
35 36 42.338
35 36 91.79
35 38 87.591
35 38 23.401
35 95 86.676
35 69 90.974
35 69 43.217
35 81 52.56
35 73 79.8
35 73 21.138
35 79 67.735
35 79 38.153
35 83 91.201
35 83 73.663
35 40 47.592
35 64 90.457
35 64 62.913
35 59 43.86
35 59 40.558
35 56 83.885
35 65 53.21
35 96 90.79
35 98 64.719
35 74 18.125
35 45 76.364
36 62 41.462
36 74 20.322
36 74 86.573
36 49 84.085
36 49 11.919
36 49 45.976
36 82 62.269
36 43 47.488
36 43 85.861
36 87 18.633
36 87 13.111
36 83 79.926
36 94 86.983
36 79 82.606
36 79 54.583
36 79 99.423
36 42 70.92
36 42 72.634
36 66 80.256
36 66 57.63
36 63 23.255
36 63 64.681
36 63 15.899
36 37 59.104
36 37 69.636
36 54 59.558
36 54 33.144
36 38 60.516
36 38 93.972
36 38 19.217
36 39 96.036
36 39 47.328
36 39 82.035
36 45 93.934
36 53 11.597
36 36 13.506
36 36 10.65
36 60 37.247
36 60 67.423
36 67 53.102
36 67 68.877
36 85 15.239
36 85 82.891
36 48 58.022
36 91 52.343
36 52 59.895
36 52 47.46
36 88 50.411
36 41 10.865
36 41 54.921
36 78 44.12
36 78 71.295
36 99 23.485
36 99 58.034
36 86 72.741
36 86 94.327
36 73 63.42
36 73 88.649
36 73 83.804
36 73 33.848
36 73 35.442
36 84 41.506
36 44 24.695
36 64 79.867
36 64 40.524
36 64 44.556
36 80 73.793
36 95 78.933
36 95 90.995
36 95 11.816
36 46 58.721
36 40 27.225
36 47 87.829
36 71 41.647
36 75 94.506
36 75 85.404
36 75 85.509
36 93 27.728
36 92 76.709
36 65 46.224
36 56 55.52
36 89 78.84
36 97 53.926
36 50 86.205
37 59 99.318
37 59 84.405
37 59 35.678
37 59 41.691
37 87 60.541
37 87 61.711
37 87 41.198
37 43 30.428
37 43 69.667
37 43 13.985
37 86 94.251
37 86 55.092
37 86 81.603
37 65 56.022
37 65 89.613
37 74 14.82
37 62 69.597
37 45 75.012
37 45 62.234
37 38 97.366
37 38 32.588
37 53 77.358
37 53 60.361
37 81 96.453
37 81 43.258
37 66 52.381
37 76 14.117
37 76 18.392
37 50 50.269
37 48 76.92
37 48 35.496
37 48 28.248
37 52 79.419
37 92 15.705
37 92 91.515
37 57 41.553
37 57 70.221
37 77 17.752
37 80 68.13
37 80 92.376
37 78 14.692
37 78 77.371
37 71 75.725
37 71 60.659
37 89 59.029
37 89 64.54
37 89 12.711
37 89 65.675
37 89 43.075
37 49 18.963
37 49 18.63
37 41 80.99
37 91 47.106
37 91 28.083
37 91 47.738
37 95 70.845
37 95 82.036
37 95 39.467
37 51 22.249
37 44 19.384
37 44 77.512
37 93 42.614
37 98 28.52
37 73 22.437
37 73 63.169
37 73 17.607
37 60 82.958
37 82 70.507
37 82 81.89
37 70 60.577
37 70 21.765
37 69 21.522
37 47 35.548
37 55 36.289
37 55 28.116
37 79 77.141
37 97 86.277
37 84 89.683
37 83 87.881
37 46 14.657
37 56 59.192
37 39 13.535
37 39 37.31
37 75 24.906
37 72 39.92
37 64 25.339
37 88 55.683
37 58 47.696
37 99 77.837
37 67 80.266
37 90 95.243
37 54 71.895
38 80 30.962
38 80 62.76
38 67 40.962
38 67 98.023
38 77 21.386
38 77 59.819
38 77 74.973
38 53 77.508
38 53 38.627
38 73 35.651
38 73 91.09
38 76 70.709
38 66 56.275
38 66 37.323
38 66 45.528
38 66 69.941
38 86 20.771
38 82 12.076
38 82 35.994
38 45 89.777
38 45 61.941
38 45 85.651
38 96 66.165
38 96 31.397
38 60 34.49
38 60 82.177
38 60 59.842
38 90 57.447
38 90 38.886
38 90 20.572
38 44 68.891
38 44 66.494
38 44 88.585
38 44 74.824
38 92 75.276
38 92 37.514
38 69 45.72
38 69 43.029
38 74 47.084
38 75 11.73
38 75 91.368
38 57 86.78
38 57 12.97
38 57 11.132
38 57 65.93
38 89 75.365
38 89 47.622
38 46 53.74
38 46 21.036
38 46 14.062
38 50 33.751
38 50 34.536
38 58 80.365
38 68 79.173
38 81 23.273
38 81 32.919
38 48 79.041
38 48 31.715
38 48 81.988
38 43 36.132
38 63 76.691
38 63 59.384
38 63 64.63
38 63 96.974
38 88 82.861
38 88 32.945
38 88 40.173
38 88 18.813
38 54 45.904
38 91 68.467
38 83 75.512
38 83 82.402
38 41 80.909
38 52 97.464
38 98 96.396
38 84 73.616
38 78 97.349
38 78 93.509
38 71 68.917
38 71 63.955
38 71 53.215
38 59 69.065
38 56 66.189
38 61 32.187
38 61 79.877
38 79 28.863
38 55 98.249
38 47 32.482
39 69 45.193
39 69 67.416
39 69 21.413
39 69 64.086
39 59 63.696
39 59 37.038
39 59 10.386
39 59 51.233
39 59 12.044
39 59 79.548
39 59 70.886
39 96 40.203
39 43 82.801
39 54 31.647
39 54 10.53
39 39 54.549
39 39 57.664
39 92 71.478
39 92 90.256
39 92 17.984
39 51 14.101
39 51 57.434
39 82 74.586
39 82 23.205
39 82 29.435
39 73 52.335
39 73 83.453
39 86 81.429
39 86 16.608
39 86 26.238
39 86 53.718
39 86 75.918
39 49 57.924
39 49 71.551
39 49 24.847
39 49 21.726
39 49 29.658
39 49 69.943
39 74 36.715
39 85 39.298
39 85 25.804
39 93 71.599
39 93 63.709
39 93 60.167
39 56 49.094
39 46 30.039
39 46 29.454
39 75 18.571
39 75 46.226
39 52 14.093
39 52 56.909
39 52 37.626
39 52 31.138
39 42 92.117
39 61 89.3
39 61 34.939
39 61 99.951
39 61 30.135
39 58 30.052
39 99 24.723
39 99 60.224
39 99 58.643
39 40 86.83
39 40 54.902
39 40 48.638
39 88 65.012
39 88 23.675
39 84 63.209
39 84 50.878
39 98 10.874
39 98 81.391
39 98 78.921
39 71 14.093
39 71 64.405
39 68 54.725
39 68 37.379
39 68 93.361
39 90 84.414
39 90 13.18
39 77 56.744
39 77 64.569
39 89 47.197
39 89 64.642
39 60 91.639
39 57 24.636
39 72 36.588
39 55 51.385
39 63 65.663
39 63 33.593
39 48 85.532
39 48 64.681
39 95 62.886
39 95 49.924
39 94 84.113
39 94 55.019
39 94 37.911
39 94 83.839
39 47 50.347
39 41 81.692
39 67 70.727
39 67 39.8
39 62 26.347
39 53 39.658
39 53 11.503
39 97 83.166
39 79 28.503
39 44 74.79
39 78 15.936
39 87 37.114
39 87 10.204
40 75 27.656
40 75 86.27
40 75 61.607
40 98 71.54
40 98 46.738
40 57 29.227
40 57 94.949
40 57 94.5
40 71 55.27
40 45 46.071
40 45 87.722
40 43 37.994
40 43 37.542
40 73 86.6
40 73 95.319
40 73 52.231
40 66 99.426
40 66 45.949
40 95 35.042
40 95 93.34
40 95 24.341
40 95 42.115
40 95 23.452
40 65 23.926
40 82 51.096
40 47 16.475
40 48 80.212
40 48 40.742
40 48 48.838
40 79 23.648
40 94 35.215
40 94 80.009
40 94 99.281
40 94 59.673
40 94 58.178
40 63 90.652
40 80 68.521
40 80 63.026
40 80 59.879
40 76 17.176
40 42 99.393
40 42 23.383
40 86 86.23
40 86 18.627
40 62 93.291
40 62 56.079
40 91 75.676
40 50 41.023
40 50 90.665
40 87 59.194
40 87 21.314
40 87 62.657
40 87 58.49
40 69 89.374
40 59 51.63
40 59 10.965
40 81 50.54
40 81 85.076
40 81 35.012
40 40 40.915
40 44 97.102
40 44 63.443
40 92 81.077
40 92 51.612
40 92 72.938
40 64 31.701
40 55 80.083
40 51 72.888
40 84 62.421
40 97 16.713
40 90 33.181
40 99 28.576
40 41 28.912
40 77 58.334
40 56 68.762
40 61 94.996
40 61 82.857
40 72 82.753
40 53 70.179
40 88 60.581
40 74 43.432
40 78 33.458
40 52 68.982
40 49 20.613
40 60 55.925
41 66 54.534
41 66 79.948
41 66 60.748
41 86 71.609
41 86 41.749
41 82 84.097
41 82 88.006
41 82 60.292
41 82 51.287
41 79 73.601
41 79 97.441
41 45 99.111
41 45 19.876
41 45 10.834
41 74 56.093
41 74 90.81
41 74 28.234
41 74 64.334
41 74 62.336
41 74 54.135
41 94 13.015
41 94 62.812
41 70 98.129
41 48 13.953
41 48 85.396
41 48 40.185
41 41 78.455
41 41 12.67
41 43 37.269
41 73 30.013
41 73 46.475
41 73 99.359
41 49 74.613
41 49 95.834
41 49 41.01
41 49 14.344
41 90 86.615
41 90 70.82
41 69 31.396
41 69 63.681
41 75 87.861
41 75 38.741
41 75 50.247
41 97 60.112
41 97 61.891
41 50 31.729
41 54 48.172
41 54 93.392
41 47 55.785
41 47 56.645
41 47 21.459
41 61 55.289
41 52 83.015
41 98 17.956
41 59 12.54
41 87 30.064
41 87 40.882
41 87 43.904
41 68 92.2
41 68 10.394
41 68 97.387
41 83 43.12
41 44 59.612
41 62 91.272
41 62 92.856
41 62 85.873
41 46 33.763
41 58 39.725
41 95 34.26
41 95 93.999
41 95 70.096
41 65 67.725
41 65 91.87
41 53 62.942
41 55 93.636
41 91 36.935
41 71 76.614
41 71 20.55
41 76 67.718
41 96 97.398
41 81 35.784
42 54 22.713
42 54 12.413
42 54 49.569
42 97 84.626
42 97 24.428
42 63 16.917
42 63 49.103
42 50 34.098
42 50 76.058
42 47 64.963
42 47 68.922
42 57 82.138
42 57 42.761
42 57 32.439
42 57 72.883
42 60 15.013
42 80 17.565
42 80 20.913
42 80 40.453
42 80 79.145
42 52 43.534
42 52 73.914
42 42 42.491
42 42 59.709
42 70 12.581
42 70 93.005
42 70 26.014
42 53 49.209
42 53 40.176
42 95 68.672
42 95 73.36
42 95 50.778
42 79 88.342
42 79 14.146
42 61 11.687
42 61 20.236
42 62 67.91
42 43 20.468
42 91 47.899
42 91 92.072
42 88 41.208
42 88 90.096
42 88 39.507
42 87 85.286
42 59 25.147
42 59 93.828
42 74 79.866
42 74 81.619
42 74 88.074
42 74 37.743
42 94 46.47
42 94 71.968
42 56 48.583
42 56 61.007
42 78 56.255
42 58 37.106
42 84 36.686
42 89 25.559
42 89 94.439
42 76 87.64
42 64 63.98
42 93 96.931
42 93 71.244
42 66 74.128
42 46 82.022
42 46 90.344
42 46 67.325
42 46 22.457
42 98 71.58
42 48 86.252
42 77 31.488
42 45 68.914
42 45 46.238
42 81 16.981
42 51 91.773
42 85 34.283
42 85 95.15
42 73 24.476
42 92 38.313
42 92 29.111
42 65 85.42
42 65 65.573
42 67 92.519
42 67 34.671
42 68 82.533
42 86 77.808
42 96 21.471
42 83 97.568
42 72 86.749
43 79 87.263
43 79 12.063
43 78 17.504
43 78 65.694
43 78 93.566
43 99 49.656
43 99 17.68
43 99 92.947
43 63 41.325
43 67 19.526
43 67 71.63
43 89 79.765
43 89 11.874
43 89 36.312
43 89 82.408
43 81 98.504
43 81 71.039
43 81 51.902
43 81 46.567
43 45 75.338
43 45 19.653
43 45 14.65
43 45 91.333
43 46 31.975
43 46 75.022
43 49 95.845
43 49 32.37
43 49 85.515
43 66 85.555
43 66 33.205
43 73 34.333
43 73 62.177
43 73 13.732
43 69 26.333
43 69 34.153
43 69 73.874
43 85 24.565
43 85 61.181
43 74 95.734
43 74 45.394
43 51 86.061
43 51 87.394
43 51 86.488
43 64 51.52
43 61 13.076
43 61 25.849
43 83 61.759
43 65 52.193
43 65 54.154
43 65 60.054
43 50 45.778
43 50 55.298
43 50 45.749
43 50 48.252
43 52 26.072
43 52 44.21
43 70 77.154
43 70 92.838
43 93 67.844
43 53 62.257
43 53 27.629
43 77 50.838
43 77 89.896
43 77 55.917
43 77 99.457
43 84 14.178
43 84 78.019
43 84 77.204
43 58 68.432
43 58 31.803
43 71 76.843
43 56 76.937
43 56 80.686
43 91 93.357
43 98 11.2
43 98 57.138
43 98 38.892
43 87 56.895
43 92 57.212
43 47 49.214
43 47 45.452
43 60 65.413
43 97 16.039
43 97 42.813
43 44 51.322
43 80 45.942
43 90 98.247
43 90 31.059
43 68 79.075
43 82 67.227
43 59 12.01
43 95 19.395
43 96 83.313
43 88 78.413
43 72 67.04
43 94 28.784
43 94 82.304
43 48 31.387
43 55 11.428
43 54 54.108
44 64 45.228
44 64 69.421
44 97 39.755
44 97 90.124
44 97 10.589
44 97 67.751
44 60 36.33
44 60 75.486
44 57 86.54
44 57 16.07
44 79 36.784
44 79 36.759
44 87 72.605
44 81 22.081
44 81 65.458
44 61 31.035
44 61 63.257
44 92 24.678
44 92 96.996
44 92 54.353
44 73 56.541
44 73 46.507
44 86 57.176
44 86 74.395
44 86 47.686
44 86 67.482
44 45 78.211
44 45 75.803
44 53 80.486
44 54 33.145
44 84 39.367
44 84 53.739
44 78 33.699
44 50 44.832
44 50 18.752
44 74 76.748
44 74 26.059
44 88 30.019
44 88 55.086
44 85 91.308
44 85 48.567
44 85 71.028
44 75 70.195
44 80 24.94
44 80 70.181
44 68 64.23
44 68 66.032
44 68 14.434
44 96 29.3
44 96 63.204
44 95 62.487
44 83 18.549
44 83 80.066
44 83 66.965
44 65 92.911
44 65 88.016
44 71 87.47
44 46 56.887
44 55 31.02
44 55 79.302
44 77 32.101
44 63 61.435
44 63 13.383
44 66 30.741
44 91 84.236
44 76 83.839
44 89 88.644
44 52 54.81
44 82 42.314
44 67 20.909
44 94 38.021
44 59 26.199
44 47 83.478
44 90 10.671
44 90 50.004
44 70 62.419
44 69 94.006
45 80 13.252
45 80 67.25
45 83 93.473
45 89 68.942
45 68 38.14
45 68 50.676
45 68 67.209
45 62 30.573
45 62 29.16
45 47 42.711
45 47 36.269
45 57 48.827
45 57 47.653
45 48 80.078
45 90 28.922
45 90 35.652
45 90 23.813
45 51 33.103
45 96 21.088
45 91 91.321
45 91 22.323
45 91 24.687
45 82 25.401
45 82 39.906
45 82 48.187
45 82 85.195
45 82 49.912
45 58 27.832
45 66 39.184
45 66 23.976
45 74 48.8
45 74 84.523
45 74 68.366
45 64 89.431
45 64 52.89
45 64 24.289
45 64 41.373
45 64 51.068
45 78 40.077
45 78 75.123
45 50 75.236
45 50 10.546
45 50 72.041
45 55 97.907
45 55 90.994
45 55 65.693
45 88 78.625
45 88 91.308
45 88 98.826
45 52 36.939
45 52 85.585
45 52 31.566
45 84 82.211
45 98 60.718
45 65 45.691
45 69 99.416
45 69 68.42
45 69 23.602
45 69 32.564
45 71 84.408
45 71 48.971
45 71 40.244
45 71 71.205
45 53 52.901
45 53 12.685
45 72 38.473
45 67 30.858
45 70 32.957
45 70 79.437
45 77 86.027
45 77 49.156
45 45 72.744
45 94 86.696
45 81 13.997
45 49 79.96
45 56 86.472
45 61 34.766
45 61 45.504
45 76 42.008
45 73 19.752
45 79 27.75
45 87 27.248
45 87 55.313
45 99 90.283
45 92 48.972
45 93 81.686
45 86 75.468
45 75 76.844
45 59 45.027
46 76 68.135
46 76 83.892
46 76 80.641
46 92 91.508
46 57 54.632
46 79 24.006
46 79 80.311
46 88 27.502
46 88 75.774
46 88 92.181
46 87 67.009
46 87 85.121
46 87 76.906
46 84 83.074
46 84 34.712
46 90 31.002
46 90 31.942
46 52 42.003
46 52 80.812
46 58 63.437
46 58 65.379
46 58 82.169
46 70 52.147
46 70 95.327
46 70 91.951
46 78 10.657
46 78 67.946
46 78 93.127
46 64 79.676
46 54 52.054
46 54 12.983
46 80 81.34
46 80 97.248
46 89 88.592
46 55 83.587
46 55 13.265
46 62 36.094
46 71 46.116
46 71 58.369
46 73 36.78
46 82 49.082
46 65 18.875
46 65 86.945
46 74 95.083
46 74 66.709
46 74 48.869
46 74 40.275
46 72 14.205
46 83 19.442
46 83 73.908
46 98 12.527
46 98 32.304
46 98 46.579
46 98 24.392
46 66 55.823
46 66 65.84
46 96 64.734
46 50 74.659
46 47 69.231
46 47 45.606
46 93 83.2
46 93 18.937
46 85 11.555
46 69 73.132
46 69 92.35
46 81 30.736
46 81 83.467
46 81 79.61
46 99 68.187
46 99 81.949
46 67 27.761
46 91 97.556
46 68 91.047
46 75 22.561
46 75 29.658
46 51 87.519
46 95 21.536
46 77 85.227
46 97 36.607
47 96 97.214
47 96 64.79
47 71 91.116
47 84 23.269
47 84 19.523
47 51 72.333
47 51 18.721
47 81 81.51
47 81 41.457
47 98 48.872
47 98 79.029
47 98 56.767
47 98 97.984
47 92 73.006
47 92 67.449
47 92 34.36
47 56 75.283
47 56 45.818
47 53 93.025
47 53 63.521
47 59 53.201
47 77 87.027
47 77 52.038
47 70 16.154
47 70 59.537
47 99 95.977
47 99 79.942
47 52 46.229
47 52 34.58
47 85 94.611
47 85 56.456
47 85 54.052
47 85 35.038
47 83 14.928
47 88 25.296
47 88 51.509
47 88 65.007
47 88 50.848
47 88 21.916
47 57 24.382
47 57 67.21
47 57 76.445
47 74 95.401
47 74 80.218
47 69 70.503
47 69 95.359
47 75 77.747
47 75 27.397
47 94 82.6
47 94 46.253
47 66 64.196
47 63 60.304
47 90 64.504
47 90 87.222
47 90 74.374
47 76 98.495
47 76 86.903
47 82 81.49
47 82 18.326
47 93 84.311
47 93 21.285
47 93 11.476
47 93 45.543
47 79 63.874
47 54 13.313
47 54 30.644
47 58 15.285
47 48 64.588
47 48 23.704
47 61 97.54
47 80 15.272
47 80 44.852
47 64 72.791
47 86 38.223
47 86 74.702
47 86 81.178
47 67 94.471
47 89 51.267
48 51 69.541
48 51 33.144
48 80 68.978
48 80 83.778
48 84 41.733
48 54 91.55
48 54 42.891
48 89 15.41
48 89 50.771
48 67 53.004
48 67 84.899
48 67 35.877
48 57 74.001
48 72 48.218
48 72 74.863
48 52 46.768
48 52 35.766
48 77 96.944
48 77 52.129
48 77 62.082
48 77 12.272
48 62 41.284
48 62 22.427
48 62 67.751
48 60 69.152
48 60 62.201
48 83 17.435
48 83 90.112
48 83 82.391
48 76 75.121
48 75 79.812
48 96 33.209
48 96 80.488
48 96 41.993
48 96 31.453
48 55 42.571
48 55 81.969
48 55 19.909
48 61 30.92
48 61 69.946
48 70 20.103
48 70 84.892
48 68 57.417
48 68 74.879
48 68 19.304
48 73 71.114
48 73 41.68
48 73 62.937
48 87 96.077
48 87 70.968
48 87 73.773
48 87 72.375
48 50 13.371
48 50 52.055
48 99 31.137
48 99 57.066
48 99 79.969
48 99 42.426
48 99 50.469
48 88 26.409
48 88 26.458
48 78 13.137
48 78 86.899
48 74 47.919
48 74 88.308
48 74 12.496
48 91 17.969
48 91 72.096
48 69 87.218
48 69 42.544
48 69 95.107
48 59 22.583
48 59 94.601
48 59 82.546
48 49 70.433
48 56 11.24
48 56 82.887
48 53 50.877
48 53 64.462
48 95 28.069
48 63 37.101
48 63 64.592
48 65 34.144
48 79 87.85
48 92 88.907
48 92 30.634
48 97 68.329
48 97 39.127
48 97 79.819
48 85 18.938
48 64 31.508
48 81 22.013
49 76 41.017
49 54 25.133
49 59 68.609
49 59 47.002
49 71 38.187
49 71 72.548
49 73 63.384
49 73 52.067
49 78 87.488
49 78 94.579
49 84 29.587
49 84 21.855
49 84 64.251
49 52 38.757
49 52 80.616
49 52 69.113
49 52 57.383
49 87 94.94
49 87 74.76
49 87 24.523
49 90 61.895
49 81 59.28
49 81 70.794
49 81 56.314
49 81 36.799
49 55 27.017
49 55 37.961
49 55 14.88
49 56 39.631
49 56 21.54
49 56 48.298
49 66 69.31
49 66 77.69
49 67 84.193
49 67 71.481
49 67 23.255
49 67 61.951
49 69 18.346
49 69 24.416
49 85 94.928
49 85 20.281
49 95 66.386
49 95 71.307
49 95 52.363
49 97 74.587
49 97 40.283
49 97 49.307
49 97 59.99
49 97 85.378
49 93 18.453
49 70 91.106
49 80 50.588
49 64 77.291
49 64 92.176
49 64 46.89
49 99 23.905
49 99 59.663
49 75 64.434
49 75 60.417
49 88 17.632
49 57 28.607
49 57 10.972
49 57 79.561
49 57 90.191
49 94 77.443
49 94 40.435
49 94 70.886
49 82 48.434
49 83 13.399
49 72 71.919
49 60 49.926
49 60 11.705
49 60 77.655
49 89 71.784
49 89 12.412
49 96 50.828
49 96 46.566
49 77 10.883
49 77 54.47
49 92 40.272
49 65 24.868
49 58 12.762
49 58 39.492
49 50 19.547
49 49 38.825
50 93 84.688
50 93 30.78
50 93 21.514
50 56 29.605
50 56 89.717
50 56 96.42
50 78 30.994
50 78 94.434
50 99 16.354
50 99 43.262
50 99 67.348
50 99 79.959
50 73 18.253
50 73 56.896
50 73 91.926
50 58 80.586
50 58 20.635
50 58 67.631
50 88 13.681
50 88 97.907
50 88 83.975
50 88 98.51
50 52 82.063
50 81 37.878
50 81 26.193
50 81 48.446
50 81 10.165
50 87 77.746
50 87 14.986
50 87 17.222
50 67 51.809
50 67 96.206
50 67 36.913
50 60 60.927
50 60 10.458
50 60 48.898
50 60 11.538
50 96 58.142
50 89 37.967
50 89 31.844
50 86 28.737
50 95 48.902
50 95 76.309
50 63 96.686
50 75 96.062
50 75 25.193
50 90 67.951
50 90 26.625
50 82 51.421
50 82 12.922
50 66 83.691
50 74 27.431
50 53 74.318
50 53 51.566
50 53 22.194
50 54 60.002
50 51 87.739
50 98 60.039
50 57 67.775
50 50 52.895
50 65 82.764
50 80 76.886
50 80 26.689
50 92 24.313
50 85 76.365
50 91 19.391
50 61 22.657
50 84 44.866
50 59 53.52
50 59 26.293
50 71 44.06
51 58 49.163
51 58 64.329
51 76 82.999
51 76 69.256
51 82 27.967
51 94 55.78
51 94 16.064
51 80 70.409
51 80 27.384
51 80 53.731
51 80 64.44
51 80 19.062
51 85 40.878
51 85 17.218
51 91 78.889
51 91 66.969
51 91 91.843
51 91 11.668
51 91 12.921
51 68 17.931
51 56 57.645
51 99 82.618
51 99 53.563
51 99 13.358
51 99 39.446
51 78 30.404
51 52 86.596
51 52 44.299
51 52 32.252
51 77 71.356
51 77 63.18
51 75 81.63
51 57 77.742
51 57 40.388
51 57 41.736
51 62 57.448
51 66 46.001
51 71 53.026
51 71 81.262
51 79 63.049
51 79 94.629
51 79 48.629
51 69 25.692
51 69 66.293
51 69 43.67
51 70 43.904
51 70 12.325
51 67 45.188
51 84 24.829
51 84 46.098
51 63 99.999
51 63 76.401
51 96 62.176
51 72 39.311
51 72 25.189
51 54 11.04
51 81 21.112
51 81 46.08
51 95 88.852
51 93 94.762
51 61 30.175
51 98 13.249
51 59 12.797
51 59 51.825
51 59 53.94
51 74 40.454
51 64 91.221
51 73 52.905
51 65 72.145
52 61 20.252
52 61 61.451
52 83 93.487
52 83 74.393
52 83 54.275
52 91 77.445
52 55 98.547
52 55 29.102
52 55 76.787
52 55 65.708
52 93 14.994
52 93 62.598
52 93 25.088
52 93 34.643
52 93 64.775
52 94 52.681
52 94 89.01
52 54 31.382
52 54 37.92
52 54 67.217
52 92 10.241
52 92 46.648
52 88 46.221
52 79 16.091
52 79 90.706
52 79 87.047
52 79 10.414
52 81 80.361
52 81 54.576
52 89 22.988
52 89 39.449
52 66 54.736
52 56 25.631
52 56 12.416
52 56 82.318
52 99 32.143
52 99 24.229
52 99 54.668
52 99 95.409
52 78 10.576
52 90 60.418
52 90 81.29
52 90 11.135
52 76 37.028
52 76 97.122
52 62 52.157
52 62 79.518
52 52 65.375
52 72 10.77
52 72 20.601
52 72 22.899
52 59 10.734
52 77 61.623
52 77 15.291
52 53 71.467
52 85 53.457
52 85 19.78
52 67 69.926
52 67 19.76
52 67 72.189
52 68 75.521
52 87 91.108
52 58 40.942
52 58 84.547
52 84 92.992
52 84 56.909
52 84 67.53
52 95 13.361
52 73 41.625
52 74 30.511
52 57 92.957
52 60 92.963
52 64 99.163
52 97 16.313
52 98 57.165
52 86 98.005
53 81 60.471
53 81 51.121
53 91 84.891
53 55 85.644
53 55 16.337
53 55 69.309
53 97 95.983
53 69 33.574
53 77 85.131
53 73 90.823
53 73 21.47
53 73 15.62
53 89 23.201
53 89 16.866
53 89 36.806
53 89 82.0
53 80 71.518
53 80 33.823
53 80 92.903
53 62 17.002
53 62 67.14
53 62 16.067
53 62 40.786
53 92 10.714
53 74 33.907
53 74 61.136
53 74 87.476
53 58 63.492
53 58 29.033
53 66 54.587
53 66 16.982
53 66 17.273
53 66 29.189
53 67 96.491
53 67 29.651
53 67 70.09
53 71 72.91
53 71 44.071
53 71 67.395
53 56 17.461
53 56 32.994
53 56 50.433
53 95 14.984
53 95 96.327
53 90 47.413
53 90 57.795
53 84 69.939
53 84 77.889
53 84 17.948
53 59 28.44
53 65 38.242
53 78 78.655
53 86 41.753
53 72 77.57
53 79 31.367
53 79 47.312
53 79 28.288
53 60 91.191
53 60 91.953
53 82 94.08
53 96 21.5
53 94 88.647
53 93 98.419
53 54 77.271
53 61 34.544
53 63 14.876
54 60 22.5
54 60 10.751
54 60 16.913
54 60 15.118
54 90 66.698
54 90 12.422
54 90 84.415
54 90 58.042
54 79 74.723
54 89 61.392
54 72 56.246
54 72 12.987
54 72 61.847
54 72 40.683
54 72 91.654
54 82 58.753
54 85 44.27
54 85 78.642
54 73 63.427
54 73 84.893
54 73 27.601
54 73 44.28
54 59 63.995
54 99 82.6
54 71 49.117
54 71 59.218
54 71 68.969
54 64 77.011
54 64 83.947
54 74 93.099
54 74 90.19
54 74 33.529
54 74 31.975
54 88 33.363
54 88 11.279
54 88 49.035
54 78 87.274
54 78 80.576
54 91 79.47
54 91 62.114
54 77 61.425
54 77 97.704
54 97 52.809
54 97 91.319
54 66 30.095
54 66 73.75
54 66 24.009
54 81 67.253
54 93 74.695
54 93 54.602
54 93 74.709
54 93 28.387
54 63 62.865
54 63 16.708
54 80 42.749
54 80 99.289
54 70 90.081
54 65 90.205
54 92 35.065
54 98 76.001
54 98 15.641
54 98 59.638
54 95 10.029
54 95 16.977
54 95 85.521
54 87 17.536
54 76 84.027
54 96 89.303
54 96 27.59
54 56 49.691
54 56 16.507
54 68 59.997
54 68 44.644
54 68 13.743
54 84 20.793
54 61 99.12
54 69 14.345
54 69 10.298
54 54 13.86
54 55 87.125
54 94 38.111
55 85 40.955
55 85 30.805
55 85 40.208
55 85 77.045
55 91 31.645
55 91 89.681
55 91 41.634
55 57 53.859
55 58 62.478
55 81 91.228
55 60 84.829
55 60 59.51
55 84 31.364
55 89 53.61
55 89 16.067
55 89 77.721
55 89 53.818
55 89 49.818
55 89 47.686
55 72 47.264
55 72 74.739
55 72 42.606
55 65 85.913
55 92 74.073
55 92 56.128
55 66 63.185
55 66 94.736
55 78 62.415
55 78 29.55
55 86 63.922
55 86 78.06
55 79 61.98
55 79 61.293
55 56 28.819
55 56 54.951
55 56 22.223
55 56 13.118
55 61 64.7
55 61 82.969
55 61 17.685
55 88 77.631
55 88 41.914
55 64 45.67
55 76 81.546
55 87 96.523
55 87 83.04
55 87 12.756
55 77 81.546
55 77 18.495
55 71 26.123
55 71 92.548
55 71 58.172
55 59 46.304
55 73 21.078
55 73 41.423
55 73 72.179
55 93 72.698
55 75 28.195
55 99 22.848
55 68 47.457
55 96 95.395
55 94 52.736
55 94 69.384
56 63 67.504
56 63 53.766
56 88 14.6
56 88 31.689
56 88 42.768
56 56 67.912
56 95 36.627
56 95 78.336
56 95 68.212
56 68 62.904
56 68 51.502
56 61 75.52
56 91 21.533
56 91 90.079
56 91 42.127
56 64 83.636
56 64 80.816
56 80 77.298
56 80 75.641
56 80 87.917
56 80 49.188
56 98 83.817
56 98 87.871
56 98 87.153
56 96 53.789
56 96 43.492
56 84 90.133
56 85 63.653
56 85 22.587
56 85 38.763
56 93 16.278
56 93 78.687
56 72 58.486
56 72 44.458
56 72 65.494
56 72 19.65
56 65 32.709
56 74 51.371
56 74 38.426
56 74 69.159
56 81 34.872
56 81 83.473
56 99 38.906
56 99 58.809
56 78 86.469
56 90 68.694
56 90 25.838
56 90 43.263
56 76 10.249
56 76 17.334
56 76 51.44
56 59 76.297
56 58 88.498
56 97 96.319
56 97 11.148
56 97 51.426
56 71 60.446
56 66 28.709
56 66 30.119
56 94 39.918
56 94 31.308
56 94 41.297
56 92 87.265
56 57 26.336
56 57 76.097
56 70 65.626
56 70 22.159
56 73 65.74
56 62 20.567
56 89 43.617
56 89 35.33
56 79 68.859
56 79 65.649
56 87 45.482
56 69 93.978
56 86 73.321
56 86 34.283
56 67 77.27
56 60 33.566
57 62 42.713
57 62 43.986
57 72 78.511
57 66 79.887
57 73 76.318
57 70 80.88
57 70 80.239
57 75 49.686
57 76 91.23
57 76 46.539
57 61 71.441
57 61 47.22
57 61 27.372
57 61 33.716
57 61 75.842
57 89 31.538
57 84 32.758
57 71 33.213
57 71 68.526
57 71 64.098
57 93 68.813
57 93 74.551
57 93 76.956
57 93 84.651
57 63 54.858
57 63 43.719
57 94 37.454
57 83 31.3
57 74 38.097
57 74 39.656
57 60 11.003
57 64 50.682
57 64 13.126
57 64 89.624
57 92 17.113
57 91 69.633
57 67 31.529
57 88 79.681
57 79 73.828
57 79 58.356
57 79 75.046
57 79 28.11
57 59 88.154
57 59 79.125
57 96 14.099
57 99 38.053
57 69 81.06
57 97 96.188
57 97 62.161
57 80 55.498
57 98 86.11
57 90 84.742
57 77 54.396
58 67 27.319
58 70 72.868
58 94 65.688
58 94 18.205
58 94 55.217
58 94 74.759
58 94 61.742
58 61 47.449
58 61 81.814
58 64 30.242
58 64 11.066
58 98 53.511
58 98 58.504
58 98 80.166
58 66 23.653
58 66 11.041
58 85 61.969
58 85 98.647
58 58 24.155
58 58 69.376
58 78 39.066
58 80 93.761
58 80 95.093
58 83 32.181
58 83 28.685
58 83 27.498
58 82 83.451
58 82 61.293
58 63 68.313
58 63 57.63
58 63 81.616
58 63 43.973
58 69 56.378
58 97 96.257
58 91 26.048
58 91 11.906
58 91 61.111
58 91 29.32
58 91 93.671
58 68 80.048
58 96 79.628
58 96 97.793
58 96 81.072
58 74 15.686
58 74 46.561
58 74 75.974
58 72 29.244
58 72 47.821
58 59 33.605
58 60 26.308
58 60 44.638
58 76 23.197
58 76 10.759
58 86 75.162
58 86 13.605
58 86 96.159
58 65 60.113
58 75 13.905
58 62 75.238
58 62 62.866
58 62 94.569
58 95 59.99
58 84 32.596
59 91 70.921
59 91 84.512
59 91 10.89
59 93 17.288
59 88 47.899
59 88 46.779
59 77 88.867
59 77 95.382
59 71 54.292
59 59 21.249
59 59 56.739
59 63 50.937
59 63 13.053
59 98 19.159
59 98 72.715
59 84 99.824
59 86 13.679
59 86 38.045
59 66 87.989
59 66 78.421
59 70 82.928
59 70 19.018
59 95 66.114
59 95 60.16
59 68 87.656
59 78 83.114
59 92 51.912
59 92 93.862
59 79 12.138
59 64 62.437
59 85 62.196
59 61 18.521
59 61 42.453
59 61 50.943
59 61 96.273
59 61 72.482
59 76 97.3
59 76 70.833
59 76 40.26
59 76 12.2
59 69 52.82
59 69 68.88
59 69 78.254
59 69 83.149
59 89 16.227
59 74 61.768
59 81 82.389
59 80 67.031
59 90 72.869
59 67 95.147
59 67 18.993
59 73 41.403
59 75 60.248
59 82 81.52
59 65 91.835
59 65 98.995
60 63 95.067
60 63 94.559
60 97 42.843
60 97 54.642
60 97 41.793
60 97 61.801
60 98 10.412
60 98 86.874
60 72 26.783
60 78 43.71
60 78 77.934
60 87 19.94
60 87 63.803
60 87 44.872
60 99 25.109
60 99 50.536
60 79 43.383
60 79 92.684
60 79 94.838
60 74 99.064
60 74 66.593
60 74 55.842
60 73 51.698
60 73 52.539
60 73 33.698
60 65 93.407
60 65 17.371
60 94 39.455
60 61 68.699
60 90 96.52
60 90 90.257
60 82 13.039
60 82 13.871
60 82 69.35
60 82 46.128
60 82 63.385
60 82 54.506
60 91 19.907
60 91 22.036
60 70 94.19
60 70 91.004
60 70 88.628
60 70 84.872
60 89 58.754
60 67 66.553
60 67 19.32
60 67 37.215
60 86 49.163
60 86 25.524
60 92 17.991
60 83 22.976
60 60 36.642
60 88 79.929
60 76 99.637
60 76 79.559
60 76 30.379
60 75 20.363
60 62 99.646
60 95 17.902
60 71 40.136
61 89 82.444
61 89 11.29
61 89 87.579
61 89 39.101
61 74 93.428
61 74 84.764
61 74 87.446
61 75 59.334
61 97 85.918
61 97 92.166
61 97 92.558
61 87 87.334
61 87 92.925
61 87 97.685
61 85 42.551
61 85 10.99
61 96 71.237
61 68 44.341
61 68 43.652
61 68 88.3
61 91 38.035
61 91 64.516
61 72 30.525
61 72 43.411
61 66 33.709
61 92 19.744
61 92 42.678
61 92 72.345
61 86 57.362
61 86 13.381
61 98 74.895
61 77 39.727
61 77 95.453
61 67 59.685
61 67 24.913
61 71 34.481
61 71 29.839
61 83 75.437
61 83 97.1
61 65 61.458
61 78 35.123
61 76 77.605
61 81 84.298
61 81 18.657
61 62 82.437
61 62 39.399
61 62 21.35
61 88 39.754
61 73 22.572
61 93 71.719
61 63 48.575
61 70 10.087
61 70 97.192
61 84 40.195
62 96 48.825
62 96 45.605
62 79 71.462
62 79 88.774
62 79 67.391
62 79 48.423
62 68 44.535
62 68 39.135
62 68 51.872
62 77 70.204
62 77 53.048
62 86 42.591
62 86 29.491
62 86 39.925
62 86 52.724
62 86 90.07
62 69 60.104
62 69 86.269
62 69 18.338
62 73 14.219
62 73 85.43
62 82 32.977
62 82 27.591
62 82 42.51
62 82 75.467
62 72 90.389
62 72 52.021
62 72 69.806
62 70 27.38
62 93 24.913
62 93 81.211
62 93 87.442
62 95 96.509
62 65 93.516
62 65 39.831
62 65 84.638
62 94 74.659
62 94 34.829
62 94 82.489
62 71 84.548
62 71 19.221
62 97 27.699
62 97 24.302
62 85 83.315
62 83 64.0
62 75 17.557
62 66 62.997
62 80 16.867
62 74 32.822
62 81 94.029
62 81 63.774
62 84 39.209
62 76 78.105
62 92 63.795
62 92 57.688
62 63 41.078
62 98 44.693
62 98 62.816
62 64 78.233
63 73 33.014
63 75 81.009
63 75 90.203
63 95 94.692
63 95 41.598
63 72 32.504
63 90 99.909
63 76 72.049
63 76 15.554
63 76 88.339
63 93 48.053
63 93 75.229
63 93 89.353
63 94 93.137
63 94 87.704
63 94 95.445
63 94 60.044
63 94 14.595
63 89 98.428
63 89 81.35
63 86 74.882
63 86 55.13
63 86 77.164
63 67 14.873
63 67 33.279
63 91 71.876
63 91 22.532
63 74 91.506
63 74 78.31
63 81 15.769
63 81 28.361
63 81 66.114
63 97 59.974
63 97 69.207
63 97 59.96
63 66 43.475
63 66 26.785
63 82 69.643
63 82 68.466
63 82 96.161
63 82 11.962
63 71 91.367
63 88 49.393
63 88 38.78
63 88 34.934
63 70 97.202
63 70 62.891
63 78 16.912
63 64 52.612
63 65 81.859
63 80 54.031
63 87 51.662
63 68 12.514
63 68 63.238
63 84 63.104
63 69 53.812
63 79 96.988
63 79 19.536
63 99 44.952
63 85 45.629
63 83 16.776
63 92 82.489
64 94 67.155
64 94 34.419
64 86 27.847
64 86 10.629
64 86 84.113
64 86 90.151
64 80 17.274
64 99 68.158
64 99 51.065
64 83 49.119
64 76 55.168
64 69 29.353
64 69 78.247
64 78 66.11
64 67 35.269
64 67 83.441
64 67 29.822
64 67 19.974
64 67 45.652
64 74 97.375
64 71 40.309
64 71 61.648
64 71 94.487
64 71 29.507
64 87 18.795
64 87 83.705
64 75 87.759
64 75 21.15
64 75 88.658
64 85 84.48
64 85 23.935
64 85 54.897
64 93 95.711
64 93 97.965
64 93 23.776
64 93 52.976
64 68 68.255
64 68 89.851
64 68 54.414
64 97 87.546
64 97 27.035
64 81 37.374
64 88 87.544
64 88 47.798
64 79 54.892
64 96 24.94
64 95 94.905
64 95 46.08
64 95 20.328
64 70 86.725
64 70 47.38
64 70 27.028
64 72 60.931
64 72 16.627
64 91 88.707
64 73 18.261
64 64 36.187
64 82 26.126
64 65 74.047
64 92 44.176
64 89 77.087
65 84 27.876
65 84 33.656
65 99 91.098
65 95 82.622
65 69 80.419
65 69 81.269
65 69 85.275
65 69 39.82
65 69 67.38
65 69 80.603
65 96 43.875
65 96 61.89
65 75 76.204
65 75 67.855
65 79 11.501
65 79 82.071
65 79 93.333
65 79 91.624
65 79 67.72
65 78 96.485
65 68 25.67
65 68 32.526
65 68 19.916
65 81 10.942
65 81 51.97
65 65 60.875
65 65 28.949
65 65 19.897
65 89 13.719
65 89 16.847
65 82 36.715
65 97 66.862
65 83 53.242
65 83 82.758
65 83 96.597
65 83 75.293
65 83 42.981
65 90 57.494
65 90 91.894
65 90 10.767
65 77 72.948
65 77 77.83
65 74 28.837
65 74 16.321
65 67 64.872
65 93 31.112
65 93 12.061
65 73 42.166
65 73 14.87
65 73 13.762
65 85 14.857
65 91 68.541
65 76 39.086
65 70 42.563
65 72 23.795
65 86 94.009
65 66 24.182
66 94 38.187
66 94 15.154
66 94 16.255
66 94 12.882
66 88 69.533
66 88 73.739
66 95 82.626
66 95 18.218
66 69 68.214
66 69 22.798
66 82 62.818
66 82 37.273
66 71 83.238
66 71 27.668
66 71 41.009
66 76 45.131
66 76 36.568
66 76 39.511
66 80 21.9
66 80 64.833
66 67 53.89
66 67 21.934
66 96 19.328
66 96 30.705
66 96 33.066
66 96 28.73
66 96 93.336
66 73 91.671
66 98 93.363
66 98 60.01
66 98 35.291
66 86 48.186
66 86 88.277
66 86 53.441
66 90 43.02
66 90 69.204
66 74 15.436
66 74 21.368
66 68 95.532
66 68 33.613
66 68 15.749
66 68 55.8
66 75 44.974
66 85 96.73
66 85 88.658
66 97 33.561
66 79 56.448
66 83 73.06
66 83 43.738
66 70 47.187
66 87 31.687
66 87 96.137
66 72 25.968
66 77 12.702
66 89 97.13
67 88 18.282
67 88 89.904
67 85 20.668
67 85 28.245
67 85 52.333
67 85 94.705
67 71 65.163
67 71 36.298
67 68 76.341
67 84 64.018
67 84 33.617
67 84 85.141
67 84 59.226
67 84 97.311
67 82 45.922
67 82 58.489
67 99 83.891
67 99 32.52
67 90 79.607
67 76 27.754
67 76 35.654
67 75 21.238
67 87 75.451
67 87 90.792
67 89 86.575
67 89 89.38
67 89 37.046
67 89 84.688
67 67 86.583
67 73 40.185
67 81 78.944
67 81 15.982
67 81 30.572
67 81 32.627
67 94 42.639
67 94 75.133
67 94 77.872
67 95 23.883
67 72 79.365
67 80 98.237
67 80 38.878
67 86 40.872
67 78 63.104
67 70 86.791
67 70 48.862
67 70 18.638
67 92 22.619
67 77 25.315
67 83 35.714
67 83 24.814
67 83 14.032
67 98 87.756
68 82 78.638
68 82 34.1
68 72 97.926
68 77 64.406
68 77 10.748
68 77 67.596
68 97 78.029
68 87 89.806
68 87 42.487
68 87 18.597
68 68 53.538
68 68 29.157
68 68 52.067
68 76 39.592
68 76 79.042
68 76 65.644
68 76 44.052
68 88 91.769
68 88 21.565
68 80 12.751
68 80 55.348
68 80 54.245
68 75 96.042
68 75 85.237
68 79 14.611
68 79 25.945
68 85 90.18
68 85 99.592
68 98 29.612
68 98 19.582
68 74 85.627
68 90 21.17
68 84 11.447
68 84 37.816
68 71 24.853
68 71 22.603
68 96 68.104
68 96 45.965
68 96 49.951
68 91 24.113
68 70 26.386
68 69 73.072
68 94 71.379
68 92 97.484
68 73 95.976
69 87 29.793
69 87 71.794
69 87 90.92
69 99 22.855
69 99 32.009
69 90 37.945
69 90 93.88
69 76 73.051
69 70 14.394
69 70 82.579
69 84 30.771
69 92 47.607
69 74 13.867
69 74 15.758
69 79 44.31
69 79 48.916
69 79 11.491
69 79 42.318
69 79 72.667
69 86 85.768
69 86 30.894
69 86 65.162
69 81 30.146
69 85 68.025
69 88 22.724
69 88 26.688
69 80 60.471
69 82 53.818
69 96 50.255
69 91 45.912
69 89 97.288
69 89 32.511
69 77 74.205
69 95 38.814
69 95 32.282
69 83 64.517
69 98 27.975
69 73 14.338
69 69 35.91
70 84 96.493
70 84 79.755
70 81 97.766
70 81 52.24
70 93 25.215
70 93 73.298
70 83 66.783
70 83 49.876
70 73 32.004
70 82 42.072
70 82 71.907
70 80 56.791
70 85 47.357
70 85 16.484
70 85 68.842
70 87 12.226
70 87 62.108
70 97 63.737
70 97 95.929
70 89 14.709
70 89 95.836
70 95 53.244
70 90 83.793
70 90 53.869
70 88 87.802
70 88 66.485
70 75 71.26
70 70 66.334
70 98 60.186
70 98 31.198
70 98 72.55
70 92 43.631
70 92 33.631
70 92 94.466
70 92 90.052
70 96 99.293
70 72 57.32
70 76 44.75
70 71 25.436
70 71 17.186
70 78 85.496
71 97 47.609
71 97 67.014
71 97 29.205
71 76 80.147
71 76 29.112
71 82 32.652
71 82 13.093
71 82 33.896
71 82 25.65
71 95 46.648
71 95 75.435
71 95 70.93
71 72 88.136
71 72 11.563
71 72 81.112
71 72 10.378
71 87 76.778
71 87 34.807
71 93 52.379
71 96 10.326
71 96 98.566
71 71 40.386
71 86 27.863
71 74 71.282
71 75 11.775
71 78 77.396
71 98 96.936
71 98 73.929
71 73 66.515
71 83 19.67
71 84 91.646
71 80 23.418
71 80 69.106
71 89 18.242
71 89 41.583
71 94 38.895
71 94 49.391
71 99 16.052
71 88 25.45
71 92 97.752
71 92 19.994
71 81 19.058
71 77 88.536
72 86 79.928
72 86 60.719
72 89 75.797
72 96 39.824
72 88 14.438
72 88 90.377
72 75 95.138
72 75 64.729
72 81 91.12
72 81 83.721
72 81 46.32
72 77 55.672
72 77 76.669
72 77 66.988
72 92 89.87
72 92 72.612
72 82 83.604
72 82 84.998
72 73 73.314
72 73 18.54
72 73 99.569
72 83 75.737
72 83 85.707
72 83 60.007
72 93 33.32
72 87 26.539
72 87 68.592
72 90 85.004
72 90 74.564
72 94 19.881
72 94 46.181
72 95 90.627
72 95 44.77
72 80 83.869
72 80 72.687
72 98 24.378
72 74 41.169
72 99 71.709
72 78 23.952
72 84 83.183
73 83 97.798
73 85 44.683
73 85 28.868
73 79 43.964
73 79 28.389
73 92 73.393
73 92 97.084
73 92 96.751
73 92 36.898
73 92 61.472
73 90 80.056
73 90 19.692
73 90 98.666
73 93 22.469
73 87 44.22
73 87 77.775
73 86 36.924
73 86 99.945
73 78 96.761
73 78 69.285
73 94 93.264
73 94 82.95
73 76 39.073
73 91 88.197
73 91 66.086
73 75 95.933
73 75 57.139
73 75 47.061
73 98 49.804
73 98 13.421
73 98 68.493
73 98 10.314
73 82 99.771
73 80 58.029
73 80 36.641
73 97 49.633
73 88 86.889
73 88 14.658
73 81 97.62
73 74 28.351
73 77 27.554
74 92 44.239
74 99 14.277
74 99 24.105
74 99 70.101
74 99 16.131
74 99 40.126
74 93 58.454
74 93 67.049
74 87 23.882
74 77 19.332
74 80 62.844
74 80 13.735
74 80 90.234
74 84 82.381
74 84 50.856
74 84 89.976
74 94 62.525
74 96 32.312
74 98 20.29
74 89 30.232
74 90 67.755
74 97 30.836
74 97 76.708
74 82 22.276
74 74 67.569
74 91 66.822
75 91 48.578
75 91 26.536
75 91 14.248
75 91 96.671
75 88 80.129
75 88 27.87
75 88 29.8
75 88 26.009
75 82 18.202
75 82 11.681
75 79 48.059
75 79 18.629
75 78 56.415
75 78 39.777
75 78 22.294
75 86 12.103
75 83 93.011
75 81 87.337
75 96 72.703
75 96 41.953
75 80 48.161
75 90 36.401
75 94 40.064
75 94 82.072
75 89 13.222
75 89 40.08
75 89 66.145
75 87 70.382
75 93 93.442
75 97 70.314
75 97 77.636
75 92 86.113
75 84 63.127
76 93 40.242
76 92 80.981
76 92 27.374
76 86 20.225
76 86 62.755
76 86 90.007
76 86 37.836
76 89 30.075
76 89 72.835
76 89 30.063
76 79 33.501
76 79 22.374
76 79 24.064
76 95 43.977
76 95 29.359
76 82 46.753
76 91 34.021
76 91 26.41
76 91 82.011
76 91 30.422
76 91 85.542
76 85 37.127
76 85 57.665
76 85 10.635
76 88 84.996
76 78 23.841
76 78 27.804
76 80 30.784
76 80 67.315
76 81 78.443
76 87 49.186
76 87 70.978
76 87 66.399
76 96 89.135
76 96 92.574
76 98 24.888
76 76 82.578
76 99 45.434
76 83 43.408
76 97 76.433
76 77 28.964
77 85 38.571
77 83 43.668
77 82 30.871
77 82 22.465
77 82 40.369
77 82 90.472
77 93 63.771
77 93 48.581
77 93 94.259
77 89 16.134
77 89 20.665
77 96 31.486
77 96 22.176
77 77 13.341
77 84 57.337
77 84 14.567
77 99 51.113
77 78 70.381
77 87 82.597
77 87 52.685
77 87 54.22
77 86 60.139
77 98 27.062
77 98 15.855
77 90 95.183
77 90 81.532
77 94 25.959
77 94 77.159
77 97 81.992
77 97 75.691
77 81 22.13
78 98 83.936
78 98 72.837
78 98 70.481
78 88 51.331
78 88 32.454
78 81 68.367
78 81 16.723
78 81 23.847
78 78 99.983
78 78 11.388
78 80 59.413
78 80 97.027
78 90 87.192
78 90 58.897
78 90 28.343
78 99 18.396
78 99 62.248
78 96 12.258
78 96 63.851
78 96 10.816
78 83 74.605
78 95 81.747
78 97 57.474
78 97 23.204
78 97 13.589
78 85 21.268
78 85 12.985
78 85 63.031
78 82 94.47
78 82 34.526
78 84 57.098
78 84 54.772
78 93 58.635
78 93 35.171
78 86 42.051
78 86 47.476
78 89 56.96
78 94 31.841
79 92 15.903
79 92 36.214
79 88 93.962
79 88 16.102
79 88 73.655
79 90 14.153
79 90 55.904
79 90 80.453
79 90 60.22
79 90 80.401
79 93 62.52
79 93 72.526
79 97 58.153
79 97 43.187
79 97 99.897
79 94 46.654
79 94 92.562
79 94 28.063
79 87 87.863
79 87 67.49
79 87 64.692
79 80 32.747
79 80 11.082
79 99 75.154
79 83 14.801
79 83 57.308
79 83 95.158
79 81 19.602
79 84 82.092
79 84 85.115
79 86 64.186
79 86 42.42
79 96 17.51
79 85 69.762
79 91 48.876
80 97 88.254
80 97 43.833
80 82 30.505
80 82 38.007
80 94 57.413
80 94 52.537
80 93 63.562
80 81 69.191
80 81 60.276
80 81 59.163
80 81 35.384
80 83 97.709
80 83 66.505
80 80 69.024
80 91 97.727
80 91 84.152
80 91 11.431
80 98 64.854
80 92 16.042
80 99 45.882
80 95 52.515
80 85 56.09
80 85 60.281
80 84 78.444
80 84 90.248
80 89 69.188
80 86 94.971
81 92 23.158
81 92 75.725
81 92 47.709
81 92 69.034
81 93 30.431
81 93 15.92
81 93 86.965
81 94 91.308
81 84 79.125
81 84 29.322
81 95 15.067
81 95 90.009
81 96 37.176
81 96 77.434
81 98 56.519
81 98 73.653
81 98 67.719
81 88 86.152
81 99 59.514
81 91 92.939
81 82 72.075
81 81 16.391
81 86 77.069
81 90 29.922
81 85 26.594
82 84 84.045
82 84 42.917
82 84 51.408
82 87 25.09
82 87 29.855
82 83 92.859
82 83 99.354
82 83 71.8
82 83 38.83
82 98 44.248
82 85 59.19
82 97 10.942
82 97 62.942
82 91 96.172
82 91 87.791
82 99 84.832
82 96 30.067
82 96 16.119
82 96 25.438
82 96 59.813
82 90 42.089
82 94 57.454
82 94 25.277
82 82 56.639
83 86 49.787
83 86 77.489
83 86 54.719
83 86 31.776
83 86 39.569
83 94 85.547
83 94 58.332
83 94 67.143
83 97 39.039
83 95 53.737
83 95 80.839
83 95 99.511
83 98 99.429
83 98 87.607
83 98 14.138
83 87 28.461
83 87 71.249
83 83 19.311
83 83 41.342
83 83 56.802
83 96 85.202
83 84 53.529
83 84 48.891
83 92 83.75
83 93 79.016
83 85 20.253
84 96 83.026
84 96 32.123
84 96 93.593
84 95 95.688
84 95 75.775
84 95 75.539
84 92 37.527
84 91 21.985
84 91 53.938
84 93 97.635
84 93 85.882
84 89 93.306
84 87 74.451
84 97 65.89
84 97 47.315
84 99 15.469
84 88 22.967
84 88 31.737
84 94 22.213
84 94 76.91
84 98 22.223
84 85 12.298
85 95 88.532
85 95 15.17
85 95 81.901
85 85 21.895
85 99 95.945
85 90 54.075
85 91 61.258
85 91 79.936
85 91 29.82
85 91 11.082
85 98 15.182
85 98 66.39
85 92 14.834
85 92 26.406
85 88 24.161
85 93 21.644
85 86 98.991
85 86 84.747
85 86 38.765
85 86 92.28
85 87 58.709
85 97 68.501
86 98 44.806
86 93 60.582
86 93 47.522
86 97 81.191
86 97 47.176
86 88 63.932
86 88 13.505
86 92 25.081
86 86 11.522
86 86 44.794
86 91 16.321
86 91 34.471
86 91 13.369
86 89 58.544
86 89 19.127
86 89 47.186
86 96 16.574
86 96 11.073
86 87 44.868
86 87 38.14
86 99 69.948
86 99 73.77
87 96 38.221
87 97 52.736
87 97 63.371
87 97 65.906
87 92 35.313
87 92 32.985
87 91 77.814
87 91 73.454
87 91 39.656
87 88 12.386
87 88 85.663
87 88 39.468
87 88 74.91
87 94 67.314
87 94 40.865
87 95 95.999
87 95 23.924
87 95 12.739
87 99 25.84
87 89 93.097
87 89 47.199
87 98 32.236
87 90 83.531
88 98 23.784
88 97 57.909
88 97 63.895
88 97 21.58
88 97 22.09
88 95 59.985
88 95 66.501
88 95 62.248
88 92 54.749
88 90 52.914
88 90 96.436
88 94 79.135
88 89 28.946
88 89 39.702
88 89 47.336
88 93 49.837
88 93 34.941
88 96 49.167
88 96 91.733
88 91 65.0
88 88 50.339
89 91 24.766
89 91 64.878
89 91 84.502
89 95 86.731
89 97 38.663
89 97 45.121
89 97 51.259
89 93 39.563
89 93 66.594
89 96 28.621
89 89 58.758
89 92 40.551
89 92 91.103
89 99 89.088
90 94 41.065
90 94 83.717
90 91 29.157
90 97 11.708
90 97 74.579
90 97 67.975
90 99 39.627
90 99 11.417
90 96 73.862
90 96 71.688
90 98 69.968
90 98 10.324
90 95 95.833
90 95 59.573
91 97 39.694
91 97 24.415
91 96 71.763
91 96 73.567
91 96 62.118
91 94 53.165
91 94 39.302
91 92 33.917
92 95 94.298
92 95 82.711
92 96 14.986
92 97 37.402
92 98 59.419
92 92 45.921
92 99 20.985
92 99 87.531
92 94 18.878
93 95 12.89
93 95 77.917
93 95 22.188
93 97 86.731
93 97 52.61
93 97 17.252
93 97 41.204
93 98 45.446
93 98 82.753
93 96 38.265
93 93 58.585
93 93 56.295
93 93 32.457
94 96 74.686
94 96 17.334
94 96 82.934
94 95 28.559
94 98 34.561
94 98 65.208
94 98 51.473
94 98 17.95
94 98 21.859
94 99 86.053
94 99 33.245
94 97 98.987
95 98 59.516
95 98 25.291
95 96 65.015
95 97 44.42
95 97 63.739
95 99 13.632
96 98 33.963
96 98 89.24
96 98 59.2
96 98 99.267
96 99 94.184
97 98 91.458
97 98 17.958
97 98 88.705
97 99 89.922
98 98 45.822
98 99 55.755
99 99 90.283
99 99 85.078