95
0 1 46
0 2 89
0 3 58
0 4 2
0 5 95
0 6 3
0 7 23
0 8 98
0 9 46
0 10 84
0 11 38
0 12 74
0 13 58
0 14 6
0 15 57
0 16 37
0 17 99
0 18 58
0 19 11
0 20 72
0 21 18
0 22 52
0 23 8
0 24 41
0 25 99
0 26 55
0 27 93
0 28 9
0 29 80
0 30 77
0 31 14
0 32 35
0 33 60
0 34 30
0 35 11
0 36 11
0 37 52
0 38 49
0 39 90
0 40 34
0 41 57
0 42 28
0 43 66
0 44 91
0 45 60
0 46 11
0 47 21
0 48 66
0 49 54
0 50 50
0 51 42
0 52 10
0 53 97
0 54 75
0 55 80
0 56 46
0 57 2
0 58 58
0 59 90
0 60 41
0 61 50
0 62 46
0 63 31
0 64 95
0 65 10
0 66 73
0 67 68
0 68 22
0 69 97
0 70 4
0 71 12
0 72 70
0 73 14
0 74 65
0 75 92
0 76 13
0 77 11
0 78 7
0 79 16
0 80 69
0 81 79
0 82 36
0 83 12
0 84 56
0 85 7
0 86 48
0 87 21
0 88 32
0 89 37
0 90 54
0 91 9
0 92 97
0 93 83
0 94 54
1 2 98
1 3 23
1 4 24
1 5 12
1 6 9
1 7 2
1 8 74
1 9 26
1 10 47
1 11 66
1 12 41
1 13 46
1 14 31
1 15 41
1 16 64
1 17 58
1 18 21
1 19 33
1 20 75
1 21 87
1 22 42
1 23 75
1 24 35
1 25 46
1 26 98
1 27 13
1 28 82
1 29 4
1 30 55
1 31 55
1 32 71
1 33 39
1 34 5
1 35 86
1 36 34
1 37 47
1 38 16
1 39 84
1 40 46
1 41 5
1 42 77
1 43 16
1 44 94
1 45 29
1 46 86
1 47 12
1 48 85
1 49 41
1 50 56
1 51 41
1 52 97
1 53 26
1 54 14
1 55 61
1 56 4
1 57 99
1 58 15
1 59 50
1 60 52
1 61 61
1 62 25
1 63 24
1 64 62
1 65 98
1 66 87
1 67 1
1 68 4
1 69 63
1 70 10
1 71 69
1 72 31
1 73 13
1 74 86
1 75 93
1 76 15
1 77 94
1 78 53
1 79 68
1 80 52
1 81 88
1 82 5
1 83 79
1 84 60
1 85 83
1 86 94
1 87 59
1 88 95
1 89 52
1 90 24
1 91 40
1 92 95
1 93 62
1 94 64
2 3 42
2 4 22
2 5 32
2 6 75
2 7 88
2 8 37
2 9 54
2 10 4
2 11 52
2 12 94
2 13 78
2 14 40
2 15 10
2 16 84
2 17 54
2 18 71
2 19 64
2 20 87
2 21 90
2 22 64
2 23 40
2 24 37
2 25 92
2 26 92
2 27 11
2 28 80
2 29 88
2 30 41
2 31 35
2 32 76
2 33 8
2 34 86
2 35 72
2 36 69
2 37 72
2 38 82
2 39 62
2 40 38
2 41 78
2 42 47
2 43 74
2 44 39
2 45 81
2 46 74
2 47 48
2 48 2
2 49 37
2 50 2
2 51 14
2 52 55
2 53 43
2 54 9
2 55 76
2 56 22
2 57 45
2 58 55
2 59 50
2 60 16
2 61 9
2 62 78
2 63 77
2 64 36
2 65 25
2 66 42
2 67 88
2 68 44
2 69 73
2 70 57
2 71 8
2 72 77
2 73 17
2 74 60
2 75 30
2 76 56
2 77 8
2 78 40
2 79 44
2 80 12
2 81 89
2 82 95
2 83 10
2 84 45
2 85 65
2 86 46
2 87 69
2 88 1
2 89 89
2 90 54
2 91 85
2 92 53
2 93 62
2 94 46
3 4 32
3 5 19
3 6 97
3 7 72
3 8 11
3 9 44
3 10 73
3 11 37
3 12 92
3 13 14
3 14 4
3 15 85
3 16 83
3 17 11
3 18 25
3 19 92
3 20 48
3 21 37
3 22 5
3 23 9
3 24 43
3 25 42
3 26 80
3 27 54
3 28 89
3 29 30
3 30 54
3 31 65
3 32 83
3 33 87
3 34 54
3 35 54
3 36 52
3 37 19
3 38 52
3 39 67
3 40 19
3 41 19
3 42 68
3 43 13
3 44 25
3 45 13
3 46 67
3 47 91
3 48 37
3 49 95
3 50 3
3 51 83
3 52 98
3 53 79
3 54 89
3 55 84
3 56 48
3 57 51
3 58 47
3 59 62
3 60 88
3 61 50
3 62 60
3 63 74
3 64 89
3 65 96
3 66 63
3 67 46
3 68 2
3 69 66
3 70 10
3 71 33
3 72 64
3 73 45
3 74 58
3 75 11
3 76 71
3 77 74
3 78 68
3 79 33
3 80 65
3 81 45
3 82 2
3 83 90
3 84 22
3 85 30
3 86 8
3 87 30
3 88 87
3 89 42
3 90 8
3 91 18
3 92 41
3 93 96
3 94 76
4 5 52
4 6 29
4 7 73
4 8 70
4 9 53
4 10 1
4 11 19
4 12 3
4 13 23
4 14 77
4 15 90
4 16 12
4 17 19
4 18 92
4 19 95
4 20 46
4 21 92
4 22 31
4 23 69
4 24 41
4 25 1
4 26 55
4 27 49
4 28 80
4 29 20
4 30 90
4 31 11
4 32 49
4 33 76
4 34 52
4 35 54
4 36 81
4 37 93
4 38 47
4 39 75
4 40 73
4 41 93
4 42 97
4 43 12
4 44 61
4 45 33
4 46 32
4 47 91
4 48 75
4 49 43
4 50 95
4 51 29
4 52 55
4 53 10
4 54 55
4 55 26
4 56 46
4 57 39
4 58 83
4 59 34
4 60 18
4 61 73
4 62 31
4 63 34
4 64 23
4 65 72
4 66 45
4 67 45
4 68 29
4 69 66
4 70 50
4 71 59
4 72 38
4 73 88
4 74 72
4 75 74
4 76 11
4 77 83
4 78 80
4 79 38
4 80 56
4 81 58
4 82 85
4 83 33
4 84 15
4 85 48
4 86 45
4 87 54
4 88 35
4 89 41
4 90 59
4 91 61
4 92 1
4 93 87
4 94 45
5 6 7
5 7 17
5 8 93
5 9 47
5 10 37
5 11 61
5 12 27
5 13 69
5 14 26
5 15 21
5 16 30
5 17 23
5 18 35
5 19 35
5 20 47
5 21 98
5 22 86
5 23 33
5 24 21
5 25 29
5 26 54
5 27 4
5 28 40
5 29 61
5 30 77
5 31 38
5 32 50
5 33 18
5 34 3
5 35 15
5 36 87
5 37 66
5 38 5
5 39 71
5 40 81
5 41 55
5 42 11
5 43 58
5 44 59
5 45 35
5 46 58
5 47 80
5 48 81
5 49 76
5 50 20
5 51 61
5 52 15
5 53 43
5 54 87
5 55 23
5 56 13
5 57 97
5 58 8
5 59 11
5 60 93
5 61 75
5 62 53
5 63 13
5 64 67
5 65 88
5 66 17
5 67 66
5 68 80
5 69 26
5 70 14
5 71 84
5 72 68
5 73 46
5 74 40
5 75 26
5 76 71
5 77 14
5 78 81
5 79 22
5 80 14
5 81 36
5 82 98
5 83 98
5 84 34
5 85 8
5 86 74
5 87 36
5 88 18
5 89 81
5 90 14
5 91 64
5 92 29
5 93 1
5 94 16
6 7 77
6 8 61
6 9 51
6 10 53
6 11 71
6 12 80
6 13 11
6 14 19
6 15 19
6 16 55
6 17 72
6 18 99
6 19 9
6 20 13
6 21 77
6 22 26
6 23 25
6 24 11
6 25 5
6 26 93
6 27 45
6 28 92
6 29 61
6 30 10
6 31 47
6 32 22
6 33 76
6 34 88
6 35 85
6 36 95
6 37 50
6 38 69
6 39 33
6 40 84
6 41 61
6 42 72
6 43 24
6 44 91
6 45 36
6 46 19
6 47 66
6 48 48
6 49 90
6 50 16
6 51 78
6 52 23
6 53 15
6 54 63
6 55 62
6 56 84
6 57 31
6 58 61
6 59 96
6 60 53
6 61 78
6 62 36
6 63 5
6 64 67
6 65 13
6 66 62
6 67 60
6 68 55
6 69 37
6 70 92
6 71 10
6 72 44
6 73 40
6 74 37
6 75 97
6 76 42
6 77 94
6 78 85
6 79 7
6 80 3
6 81 69
6 82 12
6 83 64
6 84 15
6 85 85
6 86 27
6 87 92
6 88 16
6 89 90
6 90 63
6 91 68
6 92 47
6 93 37
6 94 7
7 8 28
7 9 68
7 10 1
7 11 60
7 12 39
7 13 71
7 14 85
7 15 20
7 16 5
7 17 49
7 18 4
7 19 70
7 20 21
7 21 31
7 22 67
7 23 34
7 24 66
7 25 60
7 26 74
7 27 86
7 28 61
7 29 86
7 30 49
7 31 8
7 32 98
7 33 70
7 34 11
7 35 51
7 36 83
7 37 80
7 38 28
7 39 9
7 40 77
7 41 33
7 42 70
7 43 90
7 44 37
7 45 74
7 46 19
7 47 58
7 48 80
7 49 32
7 50 18
7 51 82
7 52 94
7 53 78
7 54 13
7 55 17
7 56 58
7 57 53
7 58 49
7 59 89
7 60 16
7 61 67
7 62 79
7 63 53
7 64 97
7 65 45
7 66 46
7 67 63
7 68 26
7 69 53
7 70 47
7 71 72
7 72 75
7 73 54
7 74 65
7 75 96
7 76 82
7 77 90
7 78 43
7 79 37
7 80 34
7 81 3
7 82 59
7 83 89
7 84 67
7 85 56
7 86 74
7 87 15
7 88 55
7 89 64
7 90 29
7 91 58
7 92 87
7 93 48
7 94 62
8 9 29
8 10 27
8 11 24
8 12 94
8 13 90
8 14 9
8 15 52
8 16 77
8 17 52
8 18 50
8 19 62
8 20 14
8 21 5
8 22 65
8 23 34
8 24 84
8 25 38
8 26 31
8 27 92
8 28 82
8 29 55
8 30 34
8 31 3
8 32 52
8 33 22
8 34 1
8 35 4
8 36 38
8 37 13
8 38 68
8 39 72
8 40 92
8 41 79
8 42 53
8 43 58
8 44 51
8 45 84
8 46 73
8 47 51
8 48 57
8 49 35
8 50 51
8 51 41
8 52 95
8 53 35
8 54 43
8 55 10
8 56 11
8 57 82
8 58 98
8 59 64
8 60 3
8 61 7
8 62 39
8 63 11
8 64 52
8 65 56
8 66 50
8 67 85
8 68 64
8 69 30
8 70 60
8 71 93
8 72 44
8 73 22
8 74 97
8 75 57
8 76 86
8 77 42
8 78 54
8 79 10
8 80 11
8 81 91
8 82 15
8 83 81
8 84 36
8 85 99
8 86 71
8 87 86
8 88 37
8 89 9
8 90 76
8 91 27
8 92 70
8 93 73
8 94 77
9 10 56
9 11 17
9 12 85
9 13 73
9 14 12
9 15 97
9 16 97
9 17 14
9 18 5
9 19 41
9 20 96
9 21 28
9 22 90
9 23 35
9 24 21
9 25 53
9 26 47
9 27 55
9 28 45
9 29 64
9 30 57
9 31 97
9 32 91
9 33 43
9 34 39
9 35 56
9 36 72
9 37 42
9 38 18
9 39 18
9 40 84
9 41 51
9 42 64
9 43 59
9 44 8
9 45 93
9 46 4
9 47 27
9 48 40
9 49 76
9 50 22
9 51 24
9 52 72
9 53 97
9 54 64
9 55 33
9 56 63
9 57 61
9 58 51
9 59 13
9 60 36
9 61 28
9 62 6
9 63 5
9 64 88
9 65 90
9 66 64
9 67 59
9 68 10
9 69 32
9 70 22
9 71 28
9 72 96
9 73 30
9 74 80
9 75 62
9 76 18
9 77 28
9 78 68
9 79 73
9 80 58
9 81 44
9 82 16
9 83 29
9 84 72
9 85 57
9 86 53
9 87 95
9 88 61
9 89 19
9 90 87
9 91 99
9 92 77
9 93 16
9 94 90
10 11 91
10 12 46
10 13 3
10 14 29
10 15 91
10 16 94
10 17 6
10 18 79
10 19 37
10 20 92
10 21 27
10 22 1
10 23 24
10 24 11
10 25 52
10 26 16
10 27 91
10 28 67
10 29 51
10 30 7
10 31 46
10 32 68
10 33 43
10 34 8
10 35 35
10 36 74
10 37 98
10 38 29
10 39 4
10 40 98
10 41 15
10 42 1
10 43 97
10 44 43
10 45 30
10 46 64
10 47 67
10 48 60
10 49 11
10 50 52
10 51 39
10 52 63
10 53 55
10 54 63
10 55 96
10 56 93
10 57 49
10 58 33
10 59 19
10 60 52
10 61 13
10 62 67
10 63 32
10 64 87
10 65 56
10 66 46
10 67 23
10 68 25
10 69 8
10 70 77
10 71 74
10 72 81
10 73 57
10 74 27
10 75 43
10 76 85
10 77 25
10 78 82
10 79 44
10 80 70
10 81 68
10 82 35
10 83 32
10 84 71
10 85 54
10 86 4
10 87 68
10 88 39
10 89 25
10 90 63
10 91 12
10 92 70
10 93 10
10 94 64
11 12 9
11 13 4
11 14 47
11 15 20
11 16 47
11 17 34
11 18 24
11 19 62
11 20 48
11 21 27
11 22 78
11 23 43
11 24 38
11 25 61
11 26 75
11 27 70
11 28 88
11 29 45
11 30 48
11 31 60
11 32 85
11 33 16
11 34 34
11 35 60
11 36 96
11 37 2
11 38 7
11 39 39
11 40 9
11 41 23
11 42 9
11 43 35
11 44 36
11 45 86
11 46 40
11 47 71
11 48 36
11 49 15
11 50 14
11 51 56
11 52 91
11 53 22
11 54 94
11 55 37
11 56 79
11 57 78
11 58 61
11 59 20
11 60 54
11 61 14
11 62 74
11 63 87
11 64 46
11 65 91
11 66 9
11 67 95
11 68 29
11 69 42
11 70 14
11 71 16
11 72 40
11 73 79
11 74 47
11 75 44
11 76 28
11 77 67
11 78 55
11 79 72
11 80 33
11 81 62
11 82 30
11 83 76
11 84 38
11 85 1
11 86 96
11 87 56
11 88 55
11 89 16
11 90 77
11 91 89
11 92 44
11 93 47
11 94 43
12 13 14
12 14 93
12 15 6
12 16 16
12 17 40
12 18 88
12 19 43
12 20 61
12 21 74
12 22 35
12 23 80
12 24 36
12 25 26
12 26 6
12 27 62
12 28 55
12 29 47
12 30 74
12 31 29
12 32 95
12 33 90
12 34 97
12 35 98
12 36 93
12 37 51
12 38 24
12 39 34
12 40 65
12 41 93
12 42 65
12 43 64
12 44 97
12 45 58
12 46 27
12 47 5
12 48 94
12 49 6
12 50 78
12 51 77
12 52 57
12 53 39
12 54 82
12 55 91
12 56 21
12 57 23
12 58 70
12 59 28
12 60 54
12 61 6
12 62 93
12 63 42
12 64 19
12 65 40
12 66 74
12 67 14
12 68 51
12 69 68
12 70 61
12 71 49
12 72 36
12 73 76
12 74 54
12 75 62
12 76 56
12 77 33
12 78 83
12 79 52
12 80 3
12 81 75
12 82 92
12 83 48
12 84 90
12 85 5
12 86 64
12 87 24
12 88 2
12 89 15
12 90 69
12 91 62
12 92 92
12 93 77
12 94 39
13 14 44
13 15 60
13 16 95
13 17 23
13 18 66
13 19 97
13 20 17
13 21 41
13 22 33
13 23 36
13 24 99
13 25 28
13 26 98
13 27 86
13 28 98
13 29 80
13 30 16
13 31 39
13 32 50
13 33 59
13 34 45
13 35 13
13 36 45
13 37 44
13 38 30
13 39 53
13 40 76
13 41 85
13 42 53
13 43 62
13 44 95
13 45 44
13 46 20
13 47 75
13 48 65
13 49 27
13 50 89
13 51 15
13 52 57
13 53 16
13 54 69
13 55 70
13 56 36
13 57 47
13 58 12
13 59 13
13 60 26
13 61 32
13 62 10
13 63 77
13 64 17
13 65 64
13 66 17
13 67 44
13 68 91
13 69 18
13 70 37
13 71 61
13 72 65
13 73 67
13 74 5
13 75 19
13 76 80
13 77 7
13 78 8
13 79 22
13 80 26
13 81 68
13 82 37
13 83 97
13 84 44
13 85 33
13 86 26
13 87 66
13 88 79
13 89 88
13 90 39
13 91 4
13 92 25
13 93 89
13 94 58
14 15 47
14 16 96
14 17 85
14 18 35
14 19 57
14 20 47
14 21 18
14 22 58
14 23 51
14 24 30
14 25 90
14 26 23
14 27 98
14 28 35
14 29 80
14 30 23
14 31 96
14 32 65
14 33 64
14 34 16
14 35 78
14 36 51
14 37 92
14 38 21
14 39 11
14 40 80
14 41 61
14 42 7
14 43 88
14 44 31
14 45 30
14 46 11
14 47 68
14 48 72
14 49 27
14 50 16
14 51 38
14 52 44
14 53 70
14 54 74
14 55 38
14 56 13
14 57 94
14 58 18
14 59 99
14 60 27
14 61 23
14 62 50
14 63 65
14 64 2
14 65 85
14 66 6
14 67 81
14 68 56
14 69 21
14 70 6
14 71 8
14 72 92
14 73 26
14 74 63
14 75 30
14 76 45
14 77 39
14 78 86
14 79 18
14 80 96
14 81 53
14 82 24
14 83 4
14 84 68
14 85 80
14 86 82
14 87 7
14 88 87
14 89 28
14 90 39
14 91 4
14 92 79
14 93 60
14 94 53
15 16 45
15 17 39
15 18 65
15 19 13
15 20 33
15 21 63
15 22 55
15 23 44
15 24 80
15 25 56
15 26 78
15 27 31
15 28 31
15 29 77
15 30 78
15 31 94
15 32 65
15 33 83
15 34 38
15 35 21
15 36 84
15 37 7
15 38 50
15 39 99
15 40 75
15 41 97
15 42 38
15 43 38
15 44 13
15 45 41
15 46 69
15 47 27
15 48 49
15 49 31
15 50 17
15 51 19
15 52 81
15 53 5
15 54 75
15 55 75
15 56 87
15 57 91
15 58 21
15 59 70
15 60 68
15 61 4
15 62 11
15 63 98
15 64 80
15 65 9
15 66 13
15 67 91
15 68 73
15 69 94
15 70 98
15 71 99
15 72 39
15 73 86
15 74 49
15 75 42
15 76 17
15 77 26
15 78 14
15 79 46
15 80 80
15 81 87
15 82 26
15 83 75
15 84 66
15 85 16
15 86 5
15 87 66
15 88 1
15 89 26
15 90 35
15 91 10
15 92 51
15 93 77
15 94 91
16 17 82
16 18 69
16 19 25
16 20 60
16 21 43
16 22 36
16 23 27
16 24 64
16 25 10
16 26 77
16 27 22
16 28 69
16 29 97
16 30 74
16 31 84
16 32 49
16 33 49
16 34 86
16 35 44
16 36 1
16 37 73
16 38 21
16 39 77
16 40 19
16 41 95
16 42 15
16 43 51
16 44 69
16 45 93
16 46 72
16 47 71
16 48 92
16 49 22
16 50 89
16 51 50
16 52 78
16 53 16
16 54 13
16 55 46
16 56 36
16 57 66
16 58 24
16 59 45
16 60 56
16 61 24
16 62 12
16 63 34
16 64 61
16 65 34
16 66 28
16 67 88
16 68 60
16 69 37
16 70 44
16 71 69
16 72 41
16 73 6
16 74 62
16 75 83
16 76 11
16 77 68
16 78 72
16 79 54
16 80 92
16 81 83
16 82 33
16 83 96
16 84 74
16 85 71
16 86 35
16 87 57
16 88 55
16 89 16
16 90 48
16 91 57
16 92 3
16 93 21
16 94 81
17 18 12
17 19 54
17 20 77
17 21 63
17 22 66
17 23 19
17 24 29
17 25 53
17 26 73
17 27 43
17 28 45
17 29 6
17 30 45
17 31 67
17 32 54
17 33 36
17 34 1
17 35 77
17 36 38
17 37 44
17 38 7
17 39 15
17 40 60
17 41 81
17 42 49
17 43 84
17 44 32
17 45 95
17 46 54
17 47 3
17 48 13
17 49 51
17 50 23
17 51 58
17 52 58
17 53 27
17 54 69
17 55 98
17 56 72
17 57 77
17 58 92
17 59 37
17 60 81
17 61 13
17 62 29
17 63 56
17 64 43
17 65 2
17 66 55
17 67 4
17 68 74
17 69 17
17 70 67
17 71 32
17 72 37
17 73 24
17 74 48
17 75 9
17 76 79
17 77 11
17 78 25
17 79 74
17 80 34
17 81 49
17 82 65
17 83 91
17 84 50
17 85 42
17 86 72
17 87 37
17 88 85
17 89 80
17 90 2
17 91 98
17 92 23
17 93 93
17 94 19
18 19 41
18 20 36
18 21 97
18 22 1
18 23 83
18 24 92
18 25 84
18 26 71
18 27 8
18 28 43
18 29 56
18 30 76
18 31 3
18 32 28
18 33 82
18 34 94
18 35 4
18 36 37
18 37 84
18 38 95
18 39 18
18 40 69
18 41 51
18 42 63
18 43 31
18 44 57
18 45 61
18 46 41
18 47 3
18 48 23
18 49 73
18 50 63
18 51 72
18 52 93
18 53 15
18 54 2
18 55 64
18 56 27
18 57 11
18 58 64
18 59 95
18 60 73
18 61 42
18 62 19
18 63 65
18 64 73
18 65 53
18 66 92
18 67 95
18 68 39
18 69 8
18 70 4
18 71 24
18 72 67
18 73 76
18 74 10
18 75 6
18 76 67
18 77 93
18 78 34
18 79 40
18 80 83
18 81 73
18 82 17
18 83 7
18 84 58
18 85 6
18 86 20
18 87 30
18 88 54
18 89 5
18 90 77
18 91 74
18 92 34
18 93 74
18 94 25
19 20 49
19 21 10
19 22 47
19 23 55
19 24 74
19 25 45
19 26 46
19 27 22
19 28 85
19 29 95
19 30 38
19 31 82
19 32 11
19 33 4
19 34 79
19 35 74
19 36 30
19 37 32
19 38 36
19 39 25
19 40 11
19 41 26
19 42 36
19 43 70
19 44 10
19 45 56
19 46 25
19 47 90
19 48 31
19 49 42
19 50 48
19 51 19
19 52 57
19 53 1
19 54 65
19 55 7
19 56 87
19 57 25
19 58 20
19 59 58
19 60 70
19 61 3
19 62 79
19 63 47
19 64 40
19 65 44
19 66 17
19 67 69
19 68 81
19 69 92
19 70 56
19 71 91
19 72 57
19 73 64
19 74 83
19 75 72
19 76 61
19 77 90
19 78 52
19 79 44
19 80 61
19 81 47
19 82 50
19 83 32
19 84 85
19 85 38
19 86 54
19 87 12
19 88 83
19 89 18
19 90 6
19 91 78
19 92 61
19 93 77
19 94 4
20 21 95
20 22 6
20 23 72
20 24 42
20 25 92
20 26 56
20 27 11
20 28 2
20 29 79
20 30 62
20 31 94
20 32 10
20 33 38
20 34 52
20 35 51
20 36 37
20 37 43
20 38 19
20 39 12
20 40 46
20 41 21
20 42 86
20 43 96
20 44 20
20 45 46
20 46 77
20 47 32
20 48 21
20 49 59
20 50 41
20 51 69
20 52 89
20 53 75
20 54 86
20 55 32
20 56 43
20 57 70
20 58 86
20 59 42
20 60 90
20 61 80
20 62 66
20 63 81
20 64 12
20 65 78
20 66 58
20 67 15
20 68 95
20 69 45
20 70 44
20 71 63
20 72 22
20 73 73
20 74 66
20 75 34
20 76 14
20 77 40
20 78 25
20 79 44
20 80 23
20 81 75
20 82 22
20 83 98
20 84 21
20 85 34
20 86 11
20 87 3
20 88 38
20 89 68
20 90 95
20 91 68
20 92 74
20 93 64
20 94 60
21 22 52
21 23 43
21 24 3
21 25 79
21 26 50
21 27 42
21 28 1
21 29 63
21 30 2
21 31 27
21 32 46
21 33 8
21 34 90
21 35 49
21 36 50
21 37 1
21 38 93
21 39 51
21 40 86
21 41 11
21 42 89
21 43 78
21 44 23
21 45 43
21 46 98
21 47 76
21 48 36
21 49 75
21 50 29
21 51 16
21 52 44
21 53 96
21 54 12
21 55 22
21 56 1
21 57 65
21 58 99
21 59 10
21 60 50
21 61 94
21 62 72
21 63 43
21 64 74
21 65 17
21 66 39
21 67 14
21 68 27
21 69 22
21 70 76
21 71 85
21 72 67
21 73 15
21 74 67
21 75 16
21 76 22
21 77 74
21 78 39
21 79 46
21 80 24
21 81 36
21 82 55
21 83 89
21 84 6
21 85 37
21 86 52
21 87 86
21 88 69
21 89 91
21 90 16
21 91 49
21 92 51
21 93 41
21 94 45
22 23 12
22 24 43
22 25 27
22 26 38
22 27 72
22 28 33
22 29 37
22 30 75
22 31 8
22 32 49
22 33 33
22 34 21
22 35 69
22 36 24
22 37 64
22 38 6
22 39 35
22 40 21
22 41 92
22 42 82
22 43 10
22 44 83
22 45 68
22 46 29
22 47 29
22 48 36
22 49 38
22 50 79
22 51 14
22 52 31
22 53 3
22 54 32
22 55 85
22 56 59
22 57 58
22 58 60
22 59 45
22 60 11
22 61 15
22 62 32
22 63 14
22 64 56
22 65 42
22 66 59
22 67 4
22 68 95
22 69 25
22 70 15
22 71 59
22 72 95
22 73 78
22 74 66
22 75 19
22 76 24
22 77 17
22 78 89
22 79 84
22 80 64
22 81 37
22 82 76
22 83 21
22 84 60
22 85 56
22 86 18
22 87 68
22 88 8
22 89 51
22 90 39
22 91 12
22 92 65
22 93 20
22 94 49
23 24 8
23 25 68
23 26 75
23 27 3
23 28 86
23 29 90
23 30 14
23 31 67
23 32 60
23 33 42
23 34 42
23 35 49
23 36 42
23 37 86
23 38 46
23 39 87
23 40 3
23 41 64
23 42 70
23 43 21
23 44 40
23 45 94
23 46 41
23 47 14
23 48 10
23 49 83
23 50 19
23 51 95
23 52 74
23 53 23
23 54 90
23 55 57
23 56 62
23 57 81
23 58 88
23 59 97
23 60 84
23 61 29
23 62 82
23 63 40
23 64 70
23 65 88
23 66 35
23 67 64
23 68 81
23 69 97
23 70 41
23 71 74
23 72 31
23 73 70
23 74 14
23 75 71
23 76 86
23 77 66
23 78 93
23 79 55
23 80 83
23 81 45
23 82 53
23 83 95
23 84 56
23 85 44
23 86 26
23 87 28
23 88 46
23 89 32
23 90 62
23 91 1
23 92 2
23 93 29
23 94 12
24 25 82
24 26 18
24 27 71
24 28 64
24 29 24
24 30 6
24 31 91
24 32 22
24 33 1
24 34 10
24 35 7
24 36 30
24 37 27
24 38 29
24 39 88
24 40 33
24 41 14
24 42 67
24 43 74
24 44 81
24 45 99
24 46 36
24 47 10
24 48 90
24 49 68
24 50 27
24 51 38
24 52 92
24 53 30
24 54 28
24 55 86
24 56 33
24 57 40
24 58 26
24 59 28
24 60 28
24 61 6
24 62 90
24 63 9
24 64 72
24 65 67
24 66 18
24 67 69
24 68 69
24 69 66
24 70 70
24 71 14
24 72 51
24 73 27
24 74 4
24 75 7
24 76 92
24 77 55
24 78 26
24 79 89
24 80 66
24 81 67
24 82 11
24 83 46
24 84 29
24 85 93
24 86 91
24 87 18
24 88 59
24 89 9
24 90 57
24 91 85
24 92 87
24 93 88
24 94 13
25 26 26
25 27 18
25 28 37
25 29 85
25 30 57
25 31 69
25 32 28
25 33 39
25 34 71
25 35 23
25 36 52
25 37 46
25 38 88
25 39 63
25 40 79
25 41 49
25 42 41
25 43 29
25 44 33
25 45 47
25 46 72
25 47 54
25 48 75
25 49 37
25 50 45
25 51 18
25 52 37
25 53 46
25 54 26
25 55 20
25 56 63
25 57 42
25 58 48
25 59 57
25 60 38
25 61 71
25 62 83
25 63 44
25 64 8
25 65 31
25 66 20
25 67 70
25 68 89
25 69 20
25 70 10
25 71 45
25 72 2
25 73 84
25 74 20
25 75 66
25 76 61
25 77 74
25 78 48
25 79 3
25 80 7
25 81 49
25 82 37
25 83 15
25 84 34
25 85 3
25 86 65
25 87 36
25 88 92
25 89 4
25 90 78
25 91 40
25 92 39
25 93 33
25 94 85
26 27 29
26 28 22
26 29 55
26 30 33
26 31 56
26 32 1
26 33 12
26 34 4
26 35 88
26 36 17
26 37 25
26 38 46
26 39 54
26 40 81
26 41 73
26 42 81
26 43 52
26 44 81
26 45 82
26 46 97
26 47 50
26 48 3
26 49 15
26 50 77
26 51 46
26 52 61
26 53 11
26 54 20
26 55 69
26 56 39
26 57 65
26 58 42
26 59 59
26 60 53
26 61 48
26 62 18
26 63 66
26 64 18
26 65 44
26 66 73
26 67 39
26 68 79
26 69 37
26 70 27
26 71 61
26 72 72
26 73 69
26 74 79
26 75 12
26 76 33
26 77 69
26 78 85
26 79 42
26 80 18
26 81 77
26 82 2
26 83 8
26 84 2
26 85 12
26 86 81
26 87 24
26 88 95
26 89 44
26 90 27
26 91 13
26 92 72
26 93 73
26 94 98
27 28 79
27 29 36
27 30 86
27 31 91
27 32 22
27 33 1
27 34 75
27 35 4
27 36 69
27 37 23
27 38 50
27 39 2
27 40 81
27 41 22
27 42 21
27 43 25
27 44 11
27 45 77
27 46 58
27 47 28
27 48 54
27 49 19
27 50 14
27 51 23
27 52 51
27 53 70
27 54 53
27 55 53
27 56 94
27 57 81
27 58 61
27 59 5
27 60 81
27 61 59
27 62 66
27 63 82
27 64 16
27 65 51
27 66 71
27 67 58
27 68 98
27 69 14
27 70 23
27 71 15
27 72 40
27 73 16
27 74 2
27 75 59
27 76 12
27 77 90
27 78 53
27 79 17
27 80 71
27 81 2
27 82 68
27 83 10
27 84 22
27 85 45
27 86 35
27 87 70
27 88 57
27 89 51
27 90 98
27 91 60
27 92 51
27 93 21
27 94 69
28 29 43
28 30 24
28 31 28
28 32 47
28 33 52
28 34 83
28 35 30
28 36 92
28 37 68
28 38 82
28 39 60
28 40 88
28 41 2
28 42 17
28 43 80
28 44 10
28 45 8
28 46 34
28 47 38
28 48 28
28 49 32
28 50 27
28 51 70
28 52 17
28 53 36
28 54 50
28 55 12
28 56 25
28 57 95
28 58 14
28 59 37
28 60 5
28 61 86
28 62 83
28 63 86
28 64 58
28 65 40
28 66 56
28 67 17
28 68 63
28 69 46
28 70 5
28 71 78
28 72 58
28 73 4
28 74 33
28 75 40
28 76 9
28 77 74
28 78 74
28 79 24
28 80 39
28 81 5
28 82 98
28 83 54
28 84 19
28 85 82
28 86 16
28 87 54
28 88 44
28 89 82
28 90 64
28 91 31
28 92 13
28 93 29
28 94 25
29 30 19
29 31 41
29 32 25
29 33 99
29 34 68
29 35 68
29 36 34
29 37 94
29 38 50
29 39 65
29 40 41
29 41 93
29 42 69
29 43 13
29 44 91
29 45 97
29 46 98
29 47 75
29 48 16
29 49 22
29 50 40
29 51 24
29 52 68
29 53 91
29 54 99
29 55 50
29 56 31
29 57 62
29 58 30
29 59 69
29 60 24
29 61 77
29 62 90
29 63 1
29 64 15
29 65 48
29 66 87
29 67 74
29 68 61
29 69 96
29 70 86
29 71 69
29 72 86
29 73 19
29 74 87
29 75 55
29 76 86
29 77 70
29 78 41
29 79 3
29 80 93
29 81 44
29 82 74
29 83 8
29 84 6
29 85 51
29 86 96
29 87 41
29 88 99
29 89 25
29 90 72
29 91 66
29 92 12
29 93 62
29 94 20
30 31 56
30 32 14
30 33 47
30 34 1
30 35 70
30 36 87
30 37 16
30 38 2
30 39 61
30 40 19
30 41 57
30 42 51
30 43 48
30 44 89
30 45 6
30 46 26
30 47 58
30 48 11
30 49 5
30 50 5
30 51 9
30 52 13
30 53 19
30 54 39
30 55 76
30 56 48
30 57 90
30 58 65
30 59 21
30 60 85
30 61 17
30 62 5
30 63 28
30 64 10
30 65 67
30 66 72
30 67 42
30 68 1
30 69 80
30 70 61
30 71 18
30 72 43
30 73 30
30 74 98
30 75 25
30 76 73
30 77 28
30 78 2
30 79 56
30 80 96
30 81 60
30 82 20
30 83 45
30 84 33
30 85 39
30 86 36
30 87 93
30 88 65
30 89 47
30 90 98
30 91 33
30 92 36
30 93 51
30 94 10
31 32 37
31 33 74
31 34 5
31 35 11
31 36 17
31 37 74
31 38 94
31 39 20
31 40 11
31 41 7
31 42 48
31 43 43
31 44 30
31 45 52
31 46 82
31 47 95
31 48 57
31 49 39
31 50 10
31 51 28
31 52 36
31 53 4
31 54 31
31 55 54
31 56 36
31 57 2
31 58 37
31 59 49
31 60 95
31 61 2
31 62 94
31 63 7
31 64 55
31 65 1
31 66 60
31 67 17
31 68 74
31 69 52
31 70 19
31 71 87
31 72 30
31 73 87
31 74 2
31 75 23
31 76 45
31 77 82
31 78 88
31 79 26
31 80 33
31 81 22
31 82 10
31 83 46
31 84 32
31 85 17
31 86 25
31 87 18
31 88 34
31 89 7
31 90 76
31 91 83
31 92 90
31 93 1
31 94 70
32 33 31
32 34 10
32 35 89
32 36 72
32 37 44
32 38 38
32 39 1
32 40 58
32 41 61
32 42 84
32 43 69
32 44 68
32 45 69
32 46 73
32 47 89
32 48 91
32 49 57
32 50 80
32 51 85
32 52 84
32 53 64
32 54 84
32 55 17
32 56 84
32 57 73
32 58 65
32 59 68
32 60 7
32 61 69
32 62 61
32 63 25
32 64 13
32 65 36
32 66 72
32 67 14
32 68 24
32 69 91
32 70 2
32 71 58
32 72 33
32 73 80
32 74 68
32 75 90
32 76 98
32 77 87
32 78 64
32 79 35
32 80 54
32 81 32
32 82 69
32 83 81
32 84 89
32 85 21
32 86 5
32 87 2
32 88 51
32 89 77
32 90 47
32 91 76
32 92 44
32 93 52
32 94 65
33 34 42
33 35 30
33 36 3
33 37 57
33 38 91
33 39 4
33 40 5
33 41 85
33 42 85
33 43 68
33 44 80
33 45 19
33 46 94
33 47 46
33 48 49
33 49 54
33 50 59
33 51 84
33 52 85
33 53 58
33 54 27
33 55 13
33 56 81
33 57 83
33 58 46
33 59 25
33 60 29
33 61 65
33 62 38
33 63 40
33 64 70
33 65 78
33 66 85
33 67 61
33 68 76
33 69 6
33 70 29
33 71 88
33 72 39
33 73 5
33 74 3
33 75 40
33 76 95
33 77 32
33 78 61
33 79 32
33 80 33
33 81 53
33 82 15
33 83 43
33 84 3
33 85 34
33 86 69
33 87 29
33 88 19
33 89 37
33 90 84
33 91 6
33 92 60
33 93 85
33 94 20
34 35 67
34 36 30
34 37 60
34 38 30
34 39 36
34 40 36
34 41 4
34 42 50
34 43 22
34 44 28
34 45 31
34 46 47
34 47 97
34 48 78
34 49 12
34 50 49
34 51 56
34 52 52
34 53 58
34 54 27
34 55 50
34 56 4
34 57 4
34 58 84
34 59 42
34 60 80
34 61 81
34 62 64
34 63 24
34 64 24
34 65 2
34 66 10
34 67 21
34 68 51
34 69 21
34 70 19
34 71 92
34 72 8
34 73 21
34 74 9
34 75 29
34 76 54
34 77 30
34 78 2
34 79 9
34 80 30
34 81 58
34 82 55
34 83 67
34 84 15
34 85 8
34 86 85
34 87 13
34 88 8
34 89 4
34 90 2
34 91 98
34 92 18
34 93 55
34 94 59
35 36 97
35 37 2
35 38 35
35 39 89
35 40 16
35 41 85
35 42 75
35 43 46
35 44 67
35 45 51
35 46 26
35 47 68
35 48 97
35 49 1
35 50 94
35 51 49
35 52 87
35 53 11
35 54 76
35 55 37
35 56 16
35 57 46
35 58 51
35 59 86
35 60 95
35 61 43
35 62 76
35 63 96
35 64 6
35 65 29
35 66 92
35 67 8
35 68 14
35 69 22
35 70 94
35 71 37
35 72 88
35 73 61
35 74 20
35 75 57
35 76 12
35 77 50
35 78 72
35 79 89
35 80 29
35 81 16
35 82 3
35 83 84
35 84 95
35 85 97
35 86 45
35 87 71
35 88 87
35 89 21
35 90 92
35 91 93
35 92 3
35 93 12
35 94 94
36 37 56
36 38 44
36 39 45
36 40 46
36 41 61
36 42 54
36 43 62
36 44 36
36 45 7
36 46 58
36 47 94
36 48 52
36 49 99
36 50 87
36 51 84
36 52 75
36 53 22
36 54 26
36 55 23
36 56 72
36 57 6
36 58 36
36 59 92
36 60 59
36 61 91
36 62 64
36 63 77
36 64 66
36 65 24
36 66 85
36 67 2
36 68 27
36 69 31
36 70 70
36 71 52
36 72 70
36 73 36
36 74 51
36 75 86
36 76 75
36 77 80
36 78 45
36 79 3
36 80 68
36 81 49
36 82 39
36 83 25
36 84 28
36 85 31
36 86 71
36 87 90
36 88 87
36 89 29
36 90 92
36 91 89
36 92 24
36 93 99
36 94 77
37 38 79
37 39 80
37 40 58
37 41 7
37 42 29
37 43 61
37 44 54
37 45 52
37 46 75
37 47 39
37 48 93
37 49 73
37 50 8
37 51 12
37 52 21
37 53 71
37 54 62
37 55 43
37 56 76
37 57 28
37 58 1
37 59 29
37 60 16
37 61 11
37 62 37
37 63 61
37 64 3
37 65 43
37 66 17
37 67 20
37 68 59
37 69 91
37 70 2
37 71 45
37 72 64
37 73 45
37 74 51
37 75 94
37 76 46
37 77 58
37 78 85
37 79 30
37 80 36
37 81 15
37 82 33
37 83 30
37 84 82
37 85 72
37 86 49
37 87 45
37 88 23
37 89 79
37 90 72
37 91 83
37 92 38
37 93 39
37 94 48
38 39 86
38 40 46
38 41 86
38 42 94
38 43 61
38 44 18
38 45 69
38 46 60
38 47 16
38 48 2
38 49 24
38 50 55
38 51 18
38 52 39
38 53 79
38 54 39
38 55 87
38 56 15
38 57 71
38 58 19
38 59 41
38 60 68
38 61 2
38 62 80
38 63 79
38 64 15
38 65 15
38 66 94
38 67 93
38 68 93
38 69 69
38 70 41
38 71 75
38 72 24
38 73 4
38 74 13
38 75 80
38 76 80
38 77 22
38 78 36
38 79 96
38 80 20
38 81 48
38 82 99
38 83 73
38 84 95
38 85 18
38 86 29
38 87 42
38 88 34
38 89 18
38 90 50
38 91 39
38 92 30
38 93 32
38 94 27
39 40 83
39 41 50
39 42 37
39 43 90
39 44 20
39 45 4
39 46 29
39 47 66
39 48 84
39 49 99
39 50 33
39 51 51
39 52 55
39 53 42
39 54 23
39 55 64
39 56 8
39 57 55
39 58 41
39 59 91
39 60 44
39 61 97
39 62 29
39 63 63
39 64 61
39 65 85
39 66 7
39 67 93
39 68 49
39 69 39
39 70 40
39 71 40
39 72 80
39 73 32
39 74 18
39 75 16
39 76 20
39 77 58
39 78 81
39 79 16
39 80 69
39 81 94
39 82 39
39 83 13
39 84 70
39 85 43
39 86 35
39 87 54
39 88 63
39 89 17
39 90 25
39 91 59
39 92 8
39 93 41
39 94 55
40 41 55
40 42 48
40 43 63
40 44 79
40 45 42
40 46 34
40 47 93
40 48 10
40 49 23
40 50 75
40 51 96
40 52 4
40 53 60
40 54 19
40 55 63
40 56 51
40 57 25
40 58 15
40 59 62
40 60 22
40 61 18
40 62 24
40 63 12
40 64 55
40 65 74
40 66 17
40 67 75
40 68 72
40 69 14
40 70 30
40 71 45
40 72 55
40 73 9
40 74 44
40 75 83
40 76 46
40 77 44
40 78 78
40 79 72
40 80 67
40 81 53
40 82 63
40 83 30
40 84 54
40 85 31
40 86 25
40 87 67
40 88 44
40 89 43
40 90 33
40 91 28
40 92 36
40 93 5
40 94 69
41 42 8
41 43 50
41 44 79
41 45 26
41 46 55
41 47 61
41 48 94
41 49 20
41 50 56
41 51 87
41 52 31
41 53 37
41 54 50
41 55 11
41 56 27
41 57 40
41 58 77
41 59 58
41 60 61
41 61 76
41 62 98
41 63 39
41 64 76
41 65 44
41 66 56
41 67 93
41 68 51
41 69 67
41 70 35
41 71 19
41 72 83
41 73 22
41 74 97
41 75 85
41 76 18
41 77 42
41 78 32
41 79 58
41 80 51
41 81 27
41 82 46
41 83 84
41 84 76
41 85 51
41 86 58
41 87 39
41 88 79
41 89 1
41 90 6
41 91 61
41 92 6
41 93 44
41 94 10
42 43 70
42 44 73
42 45 20
42 46 77
42 47 38
42 48 84
42 49 71
42 50 73
42 51 81
42 52 40
42 53 52
42 54 53
42 55 14
42 56 4
42 57 45
42 58 37
42 59 91
42 60 2
42 61 36
42 62 38
42 63 65
42 64 34
42 65 51
42 66 35
42 67 6
42 68 59
42 69 52
42 70 91
42 71 16
42 72 32
42 73 53
42 74 25
42 75 96
42 76 85
42 77 42
42 78 6
42 79 62
42 80 25
42 81 95
42 82 12
42 83 44
42 84 73
42 85 51
42 86 13
42 87 50
42 88 98
42 89 80
42 90 89
42 91 73
42 92 80
42 93 25
42 94 27
43 44 41
43 45 34
43 46 65
43 47 17
43 48 78
43 49 54
43 50 97
43 51 55
43 52 51
43 53 55
43 54 24
43 55 66
43 56 54
43 57 73
43 58 4
43 59 46
43 60 9
43 61 35
43 62 37
43 63 98
43 64 56
43 65 20
43 66 71
43 67 68
43 68 92
43 69 96
43 70 52
43 71 76
43 72 91
43 73 94
43 74 63
43 75 37
43 76 65
43 77 68
43 78 50
43 79 84
43 80 91
43 81 56
43 82 90
43 83 23
43 84 84
43 85 68
43 86 97
43 87 23
43 88 56
43 89 12
43 90 41
43 91 27
43 92 9
43 93 36
43 94 44
44 45 22
44 46 78
44 47 24
44 48 77
44 49 59
44 50 34
44 51 3
44 52 47
44 53 79
44 54 88
44 55 1
44 56 10
44 57 5
44 58 1
44 59 82
44 60 41
44 61 69
44 62 67
44 63 94
44 64 16
44 65 8
44 66 7
44 67 45
44 68 55
44 69 41
44 70 95
44 71 28
44 72 45
44 73 54
44 74 99
44 75 11
44 76 51
44 77 34
44 78 11
44 79 35
44 80 81
44 81 58
44 82 68
44 83 51
44 84 70
44 85 24
44 86 2
44 87 84
44 88 6
44 89 12
44 90 7
44 91 15
44 92 70
44 93 59
44 94 45
45 46 58
45 47 51
45 48 3
45 49 67
45 50 89
45 51 34
45 52 64
45 53 78
45 54 44
45 55 29
45 56 69
45 57 34
45 58 12
45 59 22
45 60 38
45 61 72
45 62 65
45 63 83
45 64 75
45 65 11
45 66 69
45 67 12
45 68 98
45 69 19
45 70 71
45 71 61
45 72 60
45 73 6
45 74 73
45 75 29
45 76 46
45 77 3
45 78 96
45 79 82
45 80 44
45 81 82
45 82 47
45 83 10
45 84 53
45 85 72
45 86 99
45 87 98
45 88 77
45 89 67
45 90 84
45 91 24
45 92 92
45 93 55
45 94 55
46 47 67
46 48 63
46 49 59
46 50 31
46 51 12
46 52 63
46 53 37
46 54 18
46 55 58
46 56 7
46 57 38
46 58 58
46 59 80
46 60 44
46 61 92
46 62 46
46 63 42
46 64 92
46 65 66
46 66 68
46 67 2
46 68 83
46 69 81
46 70 63
46 71 96
46 72 7
46 73 86
46 74 61
46 75 45
46 76 25
46 77 82
46 78 74
46 79 41
46 80 92
46 81 99
46 82 4
46 83 93
46 84 67
46 85 18
46 86 91
46 87 54
46 88 14
46 89 92
46 90 92
46 91 51
46 92 2
46 93 47
46 94 11
47 48 16
47 49 32
47 50 99
47 51 83
47 52 60
47 53 99
47 54 86
47 55 56
47 56 67
47 57 59
47 58 88
47 59 92
47 60 14
47 61 76
47 62 4
47 63 30
47 64 23
47 65 78
47 66 17
47 67 55
47 68 83
47 69 41
47 70 12
47 71 91
47 72 42
47 73 17
47 74 9
47 75 65
47 76 30
47 77 94
47 78 14
47 79 20
47 80 84
47 81 80
47 82 9
47 83 93
47 84 80
47 85 80
47 86 29
47 87 95
47 88 11
47 89 60
47 90 54
47 91 11
47 92 79
47 93 98
47 94 22
48 49 84
48 50 66
48 51 56
48 52 31
48 53 56
48 54 73
48 55 77
48 56 60
48 57 83
48 58 53
48 59 50
48 60 38
48 61 41
48 62 33
48 63 82
48 64 81
48 65 33
48 66 81
48 67 47
48 68 44
48 69 28
48 70 89
48 71 87
48 72 42
48 73 36
48 74 24
48 75 54
48 76 21
48 77 47
48 78 17
48 79 14
48 80 85
48 81 64
48 82 66
48 83 51
48 84 66
48 85 61
48 86 2
48 87 36
48 88 67
48 89 98
48 90 54
48 91 94
48 92 86
48 93 52
48 94 40
49 50 52
49 51 68
49 52 58
49 53 85
49 54 88
49 55 78
49 56 85
49 57 2
49 58 11
49 59 45
49 60 45
49 61 95
49 62 19
49 63 15
49 64 59
49 65 56
49 66 46
49 67 50
49 68 34
49 69 94
49 70 80
49 71 32
49 72 21
49 73 56
49 74 58
49 75 71
49 76 13
49 77 18
49 78 14
49 79 69
49 80 58
49 81 26
49 82 31
49 83 17
49 84 65
49 85 76
49 86 28
49 87 58
49 88 31
49 89 43
49 90 43
49 91 31
49 92 67
49 93 12
49 94 82
50 51 68
50 52 6
50 53 58
50 54 32
50 55 28
50 56 92
50 57 49
50 58 73
50 59 23
50 60 5
50 61 90
50 62 30
50 63 33
50 64 18
50 65 99
50 66 17
50 67 91
50 68 18
50 69 95
50 70 34
50 71 60
50 72 74
50 73 79
50 74 74
50 75 39
50 76 47
50 77 81
50 78 12
50 79 7
50 80 51
50 81 47
50 82 24
50 83 41
50 84 95
50 85 80
50 86 11
50 87 66
50 88 7
50 89 19
50 90 47
50 91 82
50 92 97
50 93 65
50 94 98
51 52 23
51 53 57
51 54 22
51 55 51
51 56 64
51 57 80
51 58 4
51 59 47
51 60 69
51 61 4
51 62 53
51 63 11
51 64 90
51 65 50
51 66 87
51 67 28
51 68 21
51 69 45
51 70 51
51 71 21
51 72 14
51 73 59
51 74 43
51 75 82
51 76 46
51 77 22
51 78 48
51 79 97
51 80 4
51 81 41
51 82 83
51 83 64
51 84 53
51 85 1
51 86 98
51 87 82
51 88 57
51 89 16
51 90 33
51 91 35
51 92 16
51 93 36
51 94 10
52 53 77
52 54 71
52 55 98
52 56 88
52 57 55
52 58 2
52 59 93
52 60 77
52 61 15
52 62 82
52 63 20
52 64 70
52 65 64
52 66 21
52 67 6
52 68 74
52 69 63
52 70 83
52 71 19
52 72 94
52 73 74
52 74 50
52 75 81
52 76 98
52 77 32
52 78 18
52 79 79
52 80 74
52 81 88
52 82 24
52 83 88
52 84 30
52 85 50
52 86 29
52 87 83
52 88 35
52 89 31
52 90 39
52 91 79
52 92 8
52 93 76
52 94 99
53 54 37
53 55 38
53 56 51
53 57 3
53 58 87
53 59 15
53 60 19
53 61 39
53 62 13
53 63 91
53 64 89
53 65 3
53 66 37
53 67 63
53 68 35
53 69 96
53 70 1
53 71 70
53 72 94
53 73 5
53 74 4
53 75 92
53 76 60
53 77 67
53 78 49
53 79 18
53 80 21
53 81 3
53 82 99
53 83 25
53 84 67
53 85 18
53 86 36
53 87 33
53 88 66
53 89 32
53 90 21
53 91 58
53 92 57
53 93 15
53 94 14
54 55 10
54 56 62
54 57 69
54 58 76
54 59 98
54 60 22
54 61 97
54 62 30
54 63 27
54 64 17
54 65 8
54 66 85
54 67 35
54 68 66
54 69 99
54 70 98
54 71 35
54 72 12
54 73 29
54 74 39
54 75 45
54 76 65
54 77 3
54 78 75
54 79 97
54 80 80
54 81 75
54 82 48
54 83 5
54 84 85
54 85 83
54 86 39
54 87 71
54 88 14
54 89 92
54 90 86
54 91 94
54 92 26
54 93 73
54 94 98
55 56 36
55 57 60
55 58 99
55 59 33
55 60 82
55 61 31
55 62 46
55 63 13
55 64 56
55 65 7
55 66 16
55 67 89
55 68 67
55 69 32
55 70 67
55 71 69
55 72 52
55 73 40
55 74 39
55 75 69
55 76 13
55 77 46
55 78 42
55 79 37
55 80 25
55 81 94
55 82 62
55 83 33
55 84 67
55 85 48
55 86 48
55 87 11
55 88 94
55 89 89
55 90 7
55 91 65
55 92 3
55 93 79
55 94 38
56 57 77
56 58 81
56 59 96
56 60 49
56 61 74
56 62 18
56 63 66
56 64 30
56 65 73
56 66 71
56 67 32
56 68 37
56 69 86
56 70 56
56 71 80
56 72 53
56 73 67
56 74 71
56 75 40
56 76 97
56 77 83
56 78 2
56 79 54
56 80 94
56 81 45
56 82 83
56 83 88
56 84 28
56 85 99
56 86 13
56 87 32
56 88 45
56 89 45
56 90 42
56 91 82
56 92 91
56 93 43
56 94 21
57 58 34
57 59 53
57 60 73
57 61 57
57 62 44
57 63 23
57 64 67
57 65 86
57 66 44
57 67 3
57 68 64
57 69 73
57 70 74
57 71 29
57 72 94
57 73 47
57 74 33
57 75 72
57 76 94
57 77 79
57 78 74
57 79 16
57 80 81
57 81 77
57 82 37
57 83 14
57 84 2
57 85 44
57 86 22
57 87 83
57 88 9
57 89 49
57 90 6
57 91 10
57 92 90
57 93 44
57 94 4
58 59 91
58 60 59
58 61 57
58 62 61
58 63 57
58 64 12
58 65 26
58 66 93
58 67 94
58 68 4
58 69 11
58 70 71
58 71 90
58 72 9
58 73 76
58 74 1
58 75 62
58 76 81
58 77 22
58 78 15
58 79 84
58 80 60
58 81 33
58 82 38
58 83 83
58 84 47
58 85 16
58 86 76
58 87 34
58 88 31
58 89 38
58 90 50
58 91 89
58 92 60
58 93 24
58 94 70
59 60 35
59 61 98
59 62 27
59 63 12
59 64 85
59 65 24
59 66 85
59 67 56
59 68 51
59 69 25
59 70 61
59 71 43
59 72 7
59 73 71
59 74 70
59 75 17
59 76 72
59 77 8
59 78 86
59 79 89
59 80 84
59 81 7
59 82 68
59 83 21
59 84 68
59 85 83
59 86 75
59 87 26
59 88 88
59 89 92
59 90 64
59 91 84
59 92 14
59 93 19
59 94 78
60 61 95
60 62 10
60 63 63
60 64 79
60 65 36
60 66 47
60 67 59
60 68 48
60 69 59
60 70 97
60 71 61
60 72 53
60 73 26
60 74 51
60 75 49
60 76 16
60 77 29
60 78 28
60 79 58
60 80 46
60 81 30
60 82 33
60 83 61
60 84 77
60 85 39
60 86 87
60 87 70
60 88 34
60 89 50
60 90 8
60 91 86
60 92 97
60 93 47
60 94 36
61 62 17
61 63 86
61 64 83
61 65 18
61 66 49
61 67 3
61 68 52
61 69 49
61 70 11
61 71 48
61 72 17
61 73 14
61 74 83
61 75 89
61 76 5
61 77 26
61 78 80
61 79 80
61 80 11
61 81 73
61 82 54
61 83 71
61 84 92
61 85 51
61 86 23
61 87 69
61 88 65
61 89 34
61 90 58
61 91 64
61 92 2
61 93 25
61 94 57
62 63 76
62 64 92
62 65 23
62 66 25
62 67 18
62 68 36
62 69 92
62 70 24
62 71 1
62 72 95
62 73 38
62 74 86
62 75 57
62 76 73
62 77 74
62 78 86
62 79 16
62 80 47
62 81 11
62 82 42
62 83 47
62 84 89
62 85 45
62 86 60
62 87 20
62 88 69
62 89 62
62 90 42
62 91 69
62 92 99
62 93 94
62 94 42
63 64 28
63 65 22
63 66 83
63 67 90
63 68 75
63 69 74
63 70 16
63 71 24
63 72 18
63 73 32
63 74 16
63 75 4
63 76 10
63 77 3
63 78 68
63 79 32
63 80 85
63 81 72
63 82 50
63 83 81
63 84 41
63 85 54
63 86 20
63 87 10
63 88 98
63 89 73
63 90 55
63 91 53
63 92 12
63 93 43
63 94 52
64 65 13
64 66 74
64 67 78
64 68 1
64 69 68
64 70 45
64 71 30
64 72 97
64 73 23
64 74 43
64 75 57
64 76 96
64 77 59
64 78 52
64 79 23
64 80 1
64 81 99
64 82 49
64 83 19
64 84 79
64 85 87
64 86 90
64 87 25
64 88 6
64 89 94
64 90 73
64 91 5
64 92 30
64 93 17
64 94 54
65 66 73
65 67 25
65 68 24
65 69 20
65 70 26
65 71 34
65 72 96
65 73 87
65 74 67
65 75 50
65 76 10
65 77 44
65 78 46
65 79 38
65 80 31
65 81 82
65 82 33
65 83 55
65 84 96
65 85 7
65 86 19
65 87 78
65 88 28
65 89 74
65 90 68
65 91 98
65 92 50
65 93 81
65 94 10
66 67 26
66 68 86
66 69 30
66 70 26
66 71 80
66 72 18
66 73 74
66 74 30
66 75 81
66 76 49
66 77 48
66 78 43
66 79 35
66 80 67
66 81 22
66 82 66
66 83 5
66 84 36
66 85 12
66 86 48
66 87 62
66 88 71
66 89 70
66 90 78
66 91 29
66 92 89
66 93 17
66 94 60
67 68 68
67 69 57
67 70 39
67 71 21
67 72 22
67 73 3
67 74 43
67 75 2
67 76 81
67 77 39
67 78 9
67 79 86
67 80 2
67 81 10
67 82 27
67 83 42
67 84 36
67 85 56
67 86 17
67 87 38
67 88 37
67 89 58
67 90 37
67 91 39
67 92 65
67 93 57
67 94 12
68 69 19
68 70 91
68 71 34
68 72 52
68 73 7
68 74 31
68 75 41
68 76 17
68 77 95
68 78 44
68 79 74
68 80 28
68 81 72
68 82 20
68 83 8
68 84 50
68 85 90
68 86 45
68 87 73
68 88 98
68 89 9
68 90 64
68 91 97
68 92 85
68 93 42
68 94 14
69 70 20
69 71 63
69 72 54
69 73 52
69 74 15
69 75 53
69 76 17
69 77 17
69 78 44
69 79 30
69 80 71
69 81 87
69 82 99
69 83 55
69 84 9
69 85 33
69 86 56
69 87 53
69 88 34
69 89 7
69 90 46
69 91 6
69 92 14
69 93 64
69 94 35
70 71 36
70 72 51
70 73 88
70 74 57
70 75 26
70 76 79
70 77 91
70 78 19
70 79 28
70 80 36
70 81 30
70 82 69
70 83 88
70 84 71
70 85 74
70 86 87
70 87 26
70 88 10
70 89 16
70 90 48
70 91 28
70 92 26
70 93 49
70 94 59
71 72 33
71 73 85
71 74 46
71 75 46
71 76 45
71 77 19
71 78 25
71 79 53
71 80 79
71 81 10
71 82 99
71 83 69
71 84 4
71 85 73
71 86 52
71 87 5
71 88 98
71 89 36
71 90 54
71 91 13
71 92 56
71 93 95
71 94 38
72 73 91
72 74 8
72 75 78
72 76 42
72 77 59
72 78 11
72 79 64
72 80 72
72 81 12
72 82 97
72 83 77
72 84 23
72 85 76
72 86 98
72 87 31
72 88 15
72 89 10
72 90 57
72 91 20
72 92 20
72 93 91
72 94 39
73 74 2
73 75 83
73 76 76
73 77 38
73 78 36
73 79 98
73 80 30
73 81 3
73 82 99
73 83 41
73 84 66
73 85 96
73 86 95
73 87 61
73 88 72
73 89 59
73 90 34
73 91 31
73 92 56
73 93 33
73 94 63
74 75 19
74 76 84
74 77 85
74 78 63
74 79 90
74 80 17
74 81 33
74 82 64
74 83 9
74 84 15
74 85 71
74 86 35
74 87 47
74 88 97
74 89 36
74 90 43
74 91 35
74 92 48
74 93 44
74 94 45
75 76 54
75 77 75
75 78 97
75 79 72
75 80 90
75 81 99
75 82 23
75 83 6
75 84 31
75 85 33
75 86 63
75 87 21
75 88 48
75 89 88
75 90 49
75 91 94
75 92 35
75 93 68
75 94 38
76 77 97
76 78 84
76 79 88
76 80 33
76 81 72
76 82 69
76 83 13
76 84 16
76 85 78
76 86 38
76 87 23
76 88 46
76 89 44
76 90 81
76 91 91
76 92 10
76 93 40
76 94 53
77 78 94
77 79 30
77 80 99
77 81 69
77 82 20
77 83 3
77 84 50
77 85 61
77 86 62
77 87 89
77 88 56
77 89 93
77 90 28
77 91 75
77 92 67
77 93 27
77 94 91
78 79 97
78 80 22
78 81 52
78 82 42
78 83 88
78 84 66
78 85 77
78 86 97
78 87 32
78 88 65
78 89 53
78 90 68
78 91 75
78 92 82
78 93 80
78 94 81
79 80 24
79 81 55
79 82 10
79 83 19
79 84 94
79 85 48
79 86 36
79 87 69
79 88 52
79 89 68
79 90 38
79 91 15
79 92 72
79 93 69
79 94 9
80 81 78
80 82 45
80 83 45
80 84 63
80 85 54
80 86 70
80 87 90
80 88 78
80 89 47
80 90 52
80 91 18
80 92 20
80 93 69
80 94 79
81 82 39
81 83 12
81 84 11
81 85 40
81 86 80
81 87 18
81 88 68
81 89 34
81 90 25
81 91 23
81 92 93
81 93 86
81 94 45
82 83 69
82 84 24
82 85 36
82 86 28
82 87 65
82 88 30
82 89 20
82 90 96
82 91 78
82 92 44
82 93 62
82 94 55
83 84 6
83 85 49
83 86 5
83 87 11
83 88 31
83 89 49
83 90 7
83 91 3
83 92 84
83 93 7
83 94 30
84 85 65
84 86 28
84 87 75
84 88 36
84 89 61
84 90 11
84 91 43
84 92 56
84 93 6
84 94 5
85 86 78
85 87 20
85 88 57
85 89 3
85 90 3
85 91 71
85 92 88
85 93 48
85 94 18
86 87 12
86 88 1
86 89 82
86 90 59
86 91 11
86 92 31
86 93 82
86 94 51
87 88 48
87 89 83
87 90 97
87 91 71
87 92 44
87 93 45
87 94 22
88 89 70
88 90 15
88 91 33
88 92 2
88 93 41
88 94 34
89 90 50
89 91 46
89 92 91
89 93 83
89 94 74
90 91 36
90 92 61
90 93 60
90 94 16
91 92 70
91 93 30
91 94 61
92 93 3
92 94 18
93 94 15