75
0 9 18
0 8 39
9 46 50
9 17 81
9 2 23
9 22 45.6
8 5 8
8 12 24
8 13 25
1 2 8
1 17 6
1 52 90
2 30 36
17 11 7
17 14 17
17 46 6
52 36 12
52 38 40
30 46 55.5
30 47 64.5
3 10 43
3 50 2
3 6 12
10 4 10
10 15 3
10 34 81
50 34 45
50 49 17
50 51 9
4 5 8
6 21 38
21 15 16
21 71 10.9
21 19 88.5
7 63 6
7 32 18
63 73 20.6
63 69 40
32 27 62.1
32 47 19
12 14 16
13 18 10
13 19 12
46 20 30.5
46 45 12.6
15 11 35
15 16 86
15 44 90.1
34 25 6
11 18 6
18 44 50
18 47 50
14 19 54
19 67 9.25
19 58 5
19 23 10
16 41 9
41 37 39
41 39 7
44 57 28
44 59 17
67 26 10.2
67 65 9
67 72 50
58 56 31
58 70 13
23 56 0.15
23 70 88.5
20 24 80.1
20 28 32.2
71 54 8
71 64 12
22 29 24.5
29 24 10
29 26 55
70 55 39
70 68 15
24 65 0.9
65 66 19
25 36 15
36 35 20
27 40 32
40 39 5
28 33 31.1
33 48 14
31 68 16
31 61 28
68 73 29
61 54 27
61 62 60
48 37 17.5
35 37 42
38 49 37
49 43 27
39 45 5
42 72 8
42 69 5
72 59 49.5
69 60 59
69 66 7
69 74 2
43 57 40
57 60 39
51 53 28
53 55 20
60 64 25
62 74 18