80
0 78 81.0
60 9 56.2
4 39 74.1
2 58 61.7
40 2 41.7
1 11 26.5
1 16 61.0
12 31 78.2
3 63 48.1
66 19 50.0
4 64 30.0
2 65 38.5
68 74 12.7
2 25 52.5
0 20 58.9
2 18 84.3
36 77 3.8
31 13 44.7
11 73 81.8
3 13 29.1
2 33 18.7
58 77 74.6
47 76 60.8
71 76 15.2
45 62 97.0
3 51 34.6
2 66 35.6
2 38 38.0
2 63 51.1
0 48 28.6
4 27 3.7
0 42 60.1
63 73 26.2
17 41 68.4
0 37 31.2
1 14 82.1
9 10 83.6
40 69 51.5
67 70 6.3
0 69 75.9
0 8 93.2
0 35 65.0
44 67 14.8
1 61 21.5
45 76 95.5
19 41 66.4
0 70 79.0
24 27 9.1
72 78 39.4
39 25 24.9
0 34 1.8
1 63 66.1
1 31 30.7
0 44 77.8
3 43 10.2
54 36 67.1
25 66 21.6
1 69 72.5
1 60 26.2
73 75 24.4
2 30 10.6
50 52 30.6
28 43 96.1
78 45 58.8
74 76 57.9
7 24 41.0
38 37 6.5
2 77 37.3
2 7 65.8
69 76 18.5
0 32 81.8
57 77 87.5
0 66 4.3
2 15 44.9
37 75 40.8
55 34 48.9
2 46 89.7
4 33 91.9
24 58 30.3
32 72 92.9
1 38 50.2
14 25 9.0
1 44 88.9
52 55 21.0
3 28 43.5
48 33 77.7
60 72 47.2
2 17 69.3
20 5 37.7
1 2 87.6
62 71 57.3
0 5 97.8
3 5 11.0
1 54 80.9
4 22 68.8
34 29 82.8
73 67 50.7
23 4 9.5
67 54 35.6
3 12 41.5
4 51 76.5
0 73 69.5
28 55 31.8
2 9 56.2
2 59 47.0
68 7 71.3
1 41 36.6
59 57 66.3
4 18 0.3
1 36 30.3
2 19 3.7
0 31 49.0
49 65 41.6
1 59 68.8
3 8 37.7
36 40 80.4
7 50 99.7
49 66 41.8
1 73 15.4
77 79 33.8
15 25 59.4
1 10 90.1
42 11 20.3
57 51 81.2
50 79 9.7
1 68 93.8
41 63 58.4
9 52 34.6
3 36 3.5
29 74 68.9
0 21 88.4
3 52 50.5
1 28 14.2
2 28 55.5
35 40 15.8
74 61 41.6
10 14 63.9
1 8 79.3
30 75 14.6
0 74 31.5
2 45 50.7
0 15 10.5
78 79 24.9
41 12 63.8
3 65 11.7
2 14 33.9
2 8 60.2
38 60 76.4
26 68 12.6
29 65 26.4
0 24 34.9
3 32 99.8
61 78 61.2
13 62 42.2
1 34 77.7
47 73 81.8
75 47 85.9
30 68 63.2
53 18 65.0
0 53 87.7
44 39 63.5
77 30 26.9
1 26 48.2
21 45 9.2
63 73 98.5
64 49 56.1
0 3 54.3
69 70 14.6
0 17 84.8
1 58 71.0
14 71 95.7
3 60 78.6
2 70 7.2
2 12 41.3
3 20 81.6
48 73 71.8
4 70 21.6
10 33 88.6
51 66 86.7
22 53 6.4
0 71 77.7
1 9 36.5
51 43 21.7
0 29 75.1
0 33 84.2
75 77 66.2
52 59 24.3
1 48 77.7
27 62 40.0
0 49 69.8
65 6 69.3
13 64 60.2
46 57 7.6
1 70 93.5
20 24 25.0
58 46 15.9
2 73 30.5
3 77 78.3
2 5 62.8
1 19 20.3
5 52 94.7
18 28 78.4
64 72 77.3
18 47 56.3
4 30 58.0
1 77 55.5
1 64 50.7
22 63 90.0
1 49 57.8
0 58 30.3
2 61 8.3
66 73 94.5
1 53 43.4
15 31 46.7
62 17 49.5
25 57 99.0
0 64 8.1
46 0 23.0
1 30 77.2
37 39 81.6
3 72 44.4
16 21 32.2
1 4 39.5
8 21 38.9
26 32 38.5
4 63 97.7
0 16 58.0
39 53 7.2
1 42 48.2
19 63 74.2
1 6 91.5
23 41 51.2
21 69 51.4
4 47 44.4
2 34 70.6
61 65 7.9
0 28 98.4
27 26 11.9
33 53 28.8
2 3 74.9
54 64 3.2
4 62 1.6
4 73 92.9
3 21 70.9
31 52 2.8
2 20 65.6
6 39 0.2
59 62 73.0
3 44 10.1
56 71 51.1
1 72 30.0
42 59 34.4
35 56 93.0
4 65 37.5
17 38 70.2
32 37 28.5
34 51 67.9
43 48 51.3
0 19 75.3
1 22 20.6
0 25 33.9
12 60 86.5
0 14 74.9
2 43 39.7
1 79 92.6
2 54 77.4
76 77 81.6
70 15 60.4
2 60 2.5
0 77 73.2
43 62 98.8
53 66 31.9
55 57 21.5
2 16 46.8
71 58 4.7
56 23 22.1
4 17 29.2
8 35 64.6
76 20 70.2
0 30 67.7
6 10 30.0
72 50 97.7
70 72 75.5
16 73 89.8
0 18 93.7
1 18 57.2
33 3 2.4
3 29 22.6
0 60 82.1
11 16 91.2
0 26 7.2
65 71 94.1
0 2 14.5
0 79 61.6
5 42 16.4
3 15 80.3
1 43 95.6
