100
0 1 11.953
0 3 67.573
0 4 74.384
0 5 36.868
0 6 7.214
0 8 15.441
0 9 11.006
0 10 76.324
0 11 7.88
0 12 14.434
0 13 43.735
0 14 0.306
0 15 47.174
0 16 2.066
0 17 7.191
0 18 85.93
0 19 12.355
0 20 64.036
0 21 69.268
0 22 12.018
0 23 47.397
0 25 11.467
0 26 41.334
0 27 18.391
0 28 23.978
0 29 15.651
0 30 20.524
0 31 58.293
0 32 24.472
0 33 63.62
0 34 2.516
0 35 14.101
0 36 31.206
0 37 4.208
0 38 30.077
0 39 9.029
0 40 1.994
0 41 3.161
0 42 39.966
0 43 15.246
0 44 29.604
0 45 0.341
0 46 54.415
0 47 27.617
0 48 30.15
0 49 45.777
0 50 11.277
0 51 0.073
0 53 53.813
0 54 19.167
0 55 34.289
0 56 31.341
0 57 50.298
0 58 22.24
0 59 4.711
0 60 9.877
0 61 52.43
0 62 1.85
0 63 29.212
0 64 21.732
0 65 32.126
0 66 41.647
0 67 9.829
0 68 26.242
0 69 10.463
0 70 25.282
0 71 3.868
0 72 14.694
0 73 29.959
0 74 1.895
0 75 5.34
0 77 34.635
0 78 36.768
0 79 6.16
0 80 70.363
0 81 49.338
0 82 20.038
0 83 5.193
0 84 6.378
0 85 14.783
0 86 5.682
0 87 65.841
0 88 21.395
0 89 10.609
0 90 32.545
0 91 65.418
0 92 70.313
0 93 10.753
0 94 1.645
0 95 27.931
0 96 59.459
0 97 14.984
0 98 10.229
1 2 38.032
1 3 25.217
1 4 0.223
1 5 56.158
1 6 6.699
1 7 3.201
1 8 5.656
1 10 95.927
1 11 69.658
1 12 66.529
1 13 29.905
1 14 1.303
1 16 7.613
1 18 6.409
1 19 38.943
1 21 35.652
1 22 15.361
1 23 27.104
1 24 18.049
1 25 37.338
1 26 20.559
1 27 6.406
1 28 17.287
1 29 38.688
1 30 28.811
1 31 82.652
1 32 13.86
1 33 4.457
1 34 25.526
1 35 50.369
1 36 25.357
1 37 13.895
1 38 21.967
1 39 2.347
1 40 60.063
1 41 44.805
1 42 16.668
1 43 4.499
1 44 48.183
1 45 51.119
1 46 0.483
1 47 10.629
1 49 99.518
1 50 1.467
1 51 15.405
1 52 2.222
1 53 3.831
1 54 2.882
1 55 41.034
1 56 52.061
1 57 11.797
1 58 1.006
1 59 55.335
1 60 1.203
1 61 10.114
1 63 20.847
1 64 50.097
1 65 51.998
1 67 41.851
1 68 25.202
1 69 0.771
1 70 48.007
1 71 42.377
1 73 45.624
1 74 2.997
1 75 8.485
1 76 22.484
1 77 4.869
1 79 17.183
1 80 3.368
1 81 11.858
1 82 14.563
1 83 2.331
1 84 23.182
1 85 5.933
1 86 84.959
1 87 26.613
1 88 12.353
1 89 31.376
1 90 44.515
1 91 13.132
1 92 0.961
1 93 32.266
1 94 13.699
1 95 18.75
1 96 48.668
1 97 3.378
1 98 43.887
1 99 11.93
2 3 39.929
2 4 39.791
2 5 52.002
2 6 32.185
2 7 23.823
2 8 23.184
2 9 16.358
2 10 7.382
2 11 38.229
2 13 7.896
2 14 60.034
2 15 11.247
2 16 21.068
2 17 19.408
2 18 42.71
2 19 3.152
2 20 46.76
2 21 2.113
2 22 20.237
2 23 66.216
2 24 29.562
2 26 41.236
2 27 13.842
2 28 0.18
2 29 35.471
2 30 40.685
2 31 43.095
2 32 5.481
2 33 53.837
2 34 13.236
2 35 23.553
2 36 4.299
2 37 35.045
2 38 37.801
2 39 51.11
2 40 12.905
2 41 8.205
2 42 34.111
2 43 53.577
2 44 20.801
2 45 25.123
2 46 26.368
2 47 41.864
2 48 30.806
2 49 3.46
2 50 11.321
2 51 16.189
2 52 17.579
2 53 17.374
2 54 40.956
2 55 6.593
2 56 58.195
2 57 8.763
2 58 1.8
2 59 20.961
2 60 2.286
2 61 17.133
2 62 11.165
2 63 61.854
2 64 76.524
2 65 2.303
2 66 6.666
2 67 59.922
2 68 38.008
2 69 7.804
2 70 31.415
2 71 34.264
2 72 12.056
2 73 0.453
2 74 40.579
2 75 73.245
2 76 4.087
2 77 71.778
2 78 19.862
2 79 61.007
2 81 13.121
2 82 6.815
2 83 26.258
2 84 2.468
2 85 9.668
2 86 7.814
2 87 6.618
2 88 4.859
2 89 1.4
2 90 5.96
2 91 31.819
2 92 24.926
2 93 11.629
2 94 12.571
2 95 57.001
2 96 3.118
2 98 30.562
2 99 37.099
3 4 15.608
3 5 26.27
3 6 24.442
3 7 47.868
3 8 15.097
3 9 12.916
3 10 31.316
3 11 1.636
3 13 16.317
3 14 52.226
3 15 12.266
3 16 11.815
3 17 4.505
3 18 1.733
3 19 7.501
3 20 40.97
3 21 42.946
3 22 21.799
3 23 2.614
3 24 3.109
3 25 27.26
3 26 2.925
3 27 8.947
3 28 17.034
3 29 8.257
3 30 68.91
3 31 28.094
3 32 35.808
3 33 32.571
3 34 20.539
3 36 30.965
3 37 28.821
3 39 18.322
3 41 99.197
3 42 34.18
3 43 18.286
3 45 14.519
3 46 38.35
3 47 18.505
3 48 83.497
3 49 9.0
3 50 22.901
3 51 5.432
3 52 10.829
3 53 51.892
3 54 1.426
3 55 1.102
3 56 26.362
3 57 10.722
3 58 25.534
3 59 29.944
3 60 11.428
3 61 43.064
3 62 35.826
3 63 47.249
3 64 80.315
3 65 3.643
3 66 60.755
3 67 11.958
3 68 11.114
3 69 1.367
3 70 59.851
3 71 87.115
3 72 25.713
3 73 8.737
3 74 27.954
3 75 36.367
3 76 1.776
3 77 1.908
3 78 22.747
3 79 28.005
3 80 14.061
3 81 6.019
3 82 15.78
3 83 6.389
3 84 8.925
3 85 30.98
3 86 23.11
3 87 6.893
3 88 4.418
3 89 70.796
3 90 4.98
3 91 18.741
3 92 79.602
3 93 21.415
3 94 46.013
3 95 19.11
3 96 48.56
3 97 18.512
3 98 0.058
3 99 0.048
4 5 49.055
4 6 20.584
4 7 28.082
4 8 13.021
4 9 54.595
4 10 2.028
4 11 46.009
4 13 12.624
4 14 6.684
4 15 1.19
4 16 50.963
4 17 8.547
4 18 15.553
4 19 8.376
4 20 37.127
4 21 9.436
4 22 5.509
4 23 4.405
4 25 34.071
4 26 43.961
4 27 45.046
4 29 62.094
4 31 8.59
4 32 18.753
4 33 9.215
4 34 1.223
4 35 51.45
4 37 6.187
4 38 35.947
4 39 1.998
4 40 7.361
4 41 1.245
4 42 14.093
4 43 6.688
4 44 30.709
4 45 59.757
4 46 8.991
4 47 71.101
4 48 11.516
4 49 7.501
4 50 1.356
4 51 16.759
4 52 39.103
4 53 3.189
4 54 20.889
4 55 48.815
4 56 32.342
4 57 47.264
4 58 29.745
4 59 21.312
4 60 22.809
4 61 3.536
4 62 21.027
4 63 57.273
4 64 40.376
4 65 24.746
4 66 76.515
4 67 34.061
4 68 30.844
4 69 23.59
4 70 47.652
4 71 66.73
4 72 10.646
4 73 77.355
4 75 33.047
4 76 45.432
4 77 7.547
4 78 25.701
4 79 39.573
4 80 67.625
4 81 71.24
4 82 1.71
4 83 0.435
4 84 16.514
4 85 54.994
4 86 13.533
4 87 6.368
4 88 67.185
4 89 14.239
4 90 20.59
4 92 2.745
4 93 9.762
4 94 56.41
4 95 6.536
4 96 12.04
4 97 1.231
4 98 3.868
4 99 10.211
5 6 2.233
5 7 1.592
5 8 16.404
5 9 5.279
5 10 0.143
5 11 41.976
5 12 4.511
5 13 13.465
5 15 66.002
5 16 13.128
5 17 58.346
5 18 31.449
5 19 30.461
5 20 34.109
5 21 16.923
5 22 41.998
5 23 66.839
5 24 28.953
5 26 24.273
5 27 11.821
5 28 29.812
5 29 10.114
5 30 38.683
5 31 0.763
5 32 26.454
5 33 76.811
5 34 18.825
5 35 20.83
5 36 4.704
5 37 12.586
5 38 22.066
5 41 22.933
5 42 13.944
5 43 0.633
5 44 11.959
5 45 1.212
5 46 13.559
5 47 1.488
5 48 6.342
5 49 0.916
5 50 3.724
5 51 0.477
5 52 26.231
5 53 29.783
5 54 31.651
5 55 40.146
5 56 23.625
5 57 4.9
5 58 15.725
5 59 26.437
5 60 99.422
5 61 14.21
5 63 0.418
5 64 2.083
5 65 8.732
5 66 19.853
5 67 59.782
5 68 7.116
5 69 57.89
5 70 16.607
5 71 10.343
5 72 22.881
5 73 1.47
5 74 0.91
5 75 20.11
5 76 4.88
5 77 3.836
5 78 13.691
5 79 66.285
5 80 71.753
5 81 27.693
5 82 15.477
5 83 4.676
5 84 13.97
5 85 20.425
5 86 10.703
5 87 10.693
5 88 28.317
5 89 28.684
5 90 24.733
5 91 12.789
5 92 2.048
5 93 8.253
5 94 67.686
5 95 59.404
5 96 27.153
5 97 6.177
5 98 28.669
5 99 22.477
6 7 23.75
6 8 5.061
6 9 16.961
6 10 0.423
6 11 23.458
6 12 25.064
6 13 7.683
6 14 18.445
6 15 28.119
6 16 33.105
6 17 21.104
6 18 13.616
6 19 1.515
6 20 16.448
6 21 11.276
6 22 18.357
6 23 80.7
6 24 5.207
6 25 14.619
6 26 68.273
6 27 51.621
6 28 12.746
6 29 15.802
6 30 6.533
6 31 6.046
6 32 66.511
6 33 25.018
6 34 35.203
6 35 24.759
6 37 68.491
6 38 23.421
6 40 21.536
6 41 12.415
6 42 30.443
6 43 1.982
6 44 12.54
6 45 73.918
6 46 41.056
6 47 13.933
6 48 7.388
6 49 7.988
6 50 49.428
6 51 4.734
6 52 24.741
6 53 0.567
6 54 4.622
6 55 16.431
6 56 8.424
6 57 68.089
6 58 12.721
6 59 16.31
6 60 48.568
6 61 15.951
6 62 32.189
6 63 10.67
6 64 0.86
6 65 31.057
6 67 25.558
6 68 57.595
6 69 9.803
6 70 0.861
6 71 10.727
6 72 31.042
6 73 1.521
6 74 1.0
6 76 53.516
6 77 16.917
6 78 2.418
6 79 25.352
6 80 4.185
6 81 4.266
6 82 27.576
6 83 5.035
6 84 32.838
6 85 13.864
6 86 56.36
6 87 13.038
6 88 5.399
6 89 25.095
6 90 33.32
6 91 0.275
6 92 5.604
6 93 26.499
6 95 23.846
6 96 50.599
6 97 53.442
6 98 63.962
6 99 27.444
7 8 53.31
7 9 50.734
7 10 1.399
7 11 61.074
7 12 46.098
7 13 5.639
7 15 20.12
7 16 7.207
7 17 81.271
7 18 2.146
7 19 43.838
7 20 25.617
7 22 12.803
7 24 40.06
7 25 70.394
7 26 69.305
7 27 23.699
7 28 66.729
7 29 92.49
7 30 20.931
7 31 5.373
7 32 80.811
7 33 7.793
7 34 41.825
7 35 65.663
7 36 35.149
7 37 6.445
7 38 44.342
7 39 27.461
7 40 39.519
7 41 4.66
7 42 48.141
7 43 5.374
7 44 59.647
7 46 13.271
7 47 5.939
7 48 5.694
7 49 0.599
7 51 55.918
7 52 52.887
7 53 0.869
7 54 4.175
7 55 54.972
7 56 16.816
7 57 20.425
7 59 41.112
7 60 41.884
7 61 46.499
7 62 6.756
7 63 2.717
7 64 15.767
7 65 37.861
7 66 6.817
7 69 11.943
7 70 4.382
7 71 21.161
7 72 36.207
7 73 55.346
7 74 67.175
7 75 75.826
7 76 14.335
7 77 67.744
7 78 14.33
7 79 30.437
7 80 3.186
7 81 13.243
7 82 4.319
7 83 23.309
7 84 61.9
7 85 0.201
7 86 70.433
7 87 56.924
7 88 59.02
7 89 6.942
7 90 27.757
7 91 44.64
7 92 23.607
7 93 1.839
7 94 48.026
7 95 22.999
7 96 6.29
7 97 21.716
7 98 42.878
8 9 11.551
8 10 15.497
8 11 1.069
8 12 17.588
8 13 42.324
8 14 36.075
8 15 2.194
8 16 0.899
8 17 16.024
8 18 63.41
8 19 0.961
8 20 3.184
8 21 4.443
8 22 30.215
8 23 42.375
8 24 34.947
8 25 25.008
8 26 14.435
8 27 42.24
8 28 36.985
8 29 1.459
8 30 40.681
8 31 14.639
8 32 23.708
8 33 22.653
8 34 0.585
8 35 55.494
8 36 45.8
8 37 27.077
8 38 26.911
8 39 27.504
8 40 0.428
8 41 1.256
8 42 61.636
8 43 9.45
8 44 9.515
8 45 2.285
8 46 1.167
8 47 14.495
8 48 30.577
8 49 33.489
8 50 19.396
8 51 4.535
8 52 1.452
8 53 39.367
8 54 10.168
8 55 40.951
8 56 12.54
8 57 46.149
8 59 14.137
8 60 56.02
8 61 11.85
8 62 34.687
8 63 27.402
8 64 3.94
8 65 19.816
8 66 46.838
8 68 29.867
8 69 3.724
8 70 49.349
8 71 11.091
8 72 64.13
8 73 40.289
8 74 38.65
8 75 13.289
8 76 3.686
8 77 3.161
8 78 7.087
8 79 16.022
8 80 12.939
8 81 55.996
8 82 8.436
8 83 9.396
8 84 2.313
8 85 74.609
8 86 2.942
8 87 4.893
8 88 40.088
8 89 16.603
8 90 22.502
8 91 12.203
8 92 12.56
8 93 28.98
8 94 23.623
8 95 9.325
8 96 10.097
8 97 24.155
8 98 3.75
9 10 24.756
9 11 24.661
9 12 15.731
9 13 10.277
9 14 23.977
9 15 2.721
9 16 68.052
9 17 74.681
9 18 27.461
9 19 8.658
9 20 42.465
9 21 25.609
9 22 6.87
9 23 11.896
9 24 6.669
9 25 1.563
9 26 5.278
9 27 21.674
9 28 2.835
9 29 52.143
9 30 51.701
9 31 16.495
9 32 20.575
9 33 7.01
9 34 42.789
9 35 8.991
9 36 2.978
9 37 4.995
9 38 3.504
9 39 16.444
9 40 22.152
9 41 7.235
9 42 44.973
9 43 12.126
9 44 18.779
9 45 25.358
9 46 23.114
9 47 42.143
9 48 26.06
9 49 45.481
9 50 51.33
9 51 0.03
9 52 17.568
9 53 89.691
9 54 18.522
9 55 2.699
9 56 8.344
9 57 34.717
9 58 7.734
9 59 55.771
9 60 17.844
9 61 12.636
9 62 57.645
9 63 30.758
9 64 47.491
9 65 13.636
9 66 8.981
9 67 0.099
9 68 32.01
9 69 2.441
9 70 12.289
9 71 31.153
9 72 11.201
9 73 5.878
9 74 10.206
9 76 5.362
9 77 3.289
9 78 3.356
9 79 15.305
9 80 39.014
9 81 39.173
9 82 20.46
9 83 13.619
9 84 26.084
9 85 9.011
9 86 55.07
9 87 5.644
9 88 1.228
9 89 2.468
9 90 56.732
9 91 41.268
9 92 20.678
9 93 57.411
9 94 6.372
9 95 48.856
9 96 1.852
9 97 39.085
9 98 19.278
9 99 17.315
10 11 87.126
10 12 92.743
10 13 35.504
10 14 74.278
10 15 0.797
10 16 6.126
10 17 31.541
10 18 54.552
10 19 34.416
10 20 33.499
10 21 57.75
10 22 5.106
10 23 12.934
10 24 1.764
10 25 33.377
10 26 76.333
10 27 3.047
10 28 6.226
10 29 10.45
10 30 9.858
10 31 68.3
10 32 42.007
10 33 1.232
10 34 0.216
10 35 20.152
10 36 2.152
10 37 3.677
10 39 32.351
10 40 24.335
10 41 61.365
10 42 13.934
10 43 11.235
10 44 9.92
10 45 15.308
10 46 30.308
10 47 9.984
10 48 14.375
10 49 6.446
10 51 21.044
10 52 7.532
10 53 11.163
10 54 46.331
10 55 24.443
10 56 1.34
10 57 14.441
10 58 19.428
10 59 1.581
10 60 5.614
10 61 23.504
10 62 14.562
10 63 45.982
10 65 7.492
10 66 61.245
10 67 3.591
10 68 24.454
10 69 70.811
10 70 78.99
10 71 9.278
10 72 0.962
10 73 1.906
10 74 56.804
10 75 7.965
10 76 26.737
10 77 0.503
10 78 46.594
10 79 23.626
10 81 28.193
10 82 25.769
10 83 9.82
10 84 84.802
10 85 9.053
10 87 6.146
10 88 45.216
10 89 31.941
10 90 8.296
10 91 69.675
10 92 7.862
10 93 18.262
10 94 14.281
10 95 75.613
10 96 68.545
10 97 73.709
10 98 16.194
10 99 43.448
11 12 0.113
11 13 16.737
11 14 12.778
11 15 14.337
11 16 69.046
11 17 31.696
11 18 6.095
11 19 6.63
11 20 9.33
11 21 1.146
11 22 22.842
11 23 34.667
11 24 51.825
11 25 15.16
11 26 3.013
11 27 8.001
11 28 18.255
11 29 0.849
11 30 61.285
11 31 28.631
11 34 12.053
11 35 0.847
11 36 60.129
11 37 14.441
11 38 47.623
11 39 56.621
11 40 0.05
11 41 16.567
11 42 12.956
11 43 48.685
11 44 51.033
11 45 3.973
11 46 12.735
11 47 2.57
11 48 2.166
11 49 27.396
11 50 8.301
11 51 30.806
11 52 34.092
11 53 32.755
11 54 0.397
11 55 2.994
11 56 2.884
11 57 1.661
11 58 13.383
11 60 86.235
11 61 33.668
11 62 6.154
11 63 12.899
11 64 48.147
11 65 1.663
11 67 0.094
11 68 9.025
11 69 38.54
11 70 32.18
11 71 6.08
11 73 18.426
11 74 0.578
11 75 79.838
11 76 8.701
11 77 24.821
11 78 37.515
11 79 2.623
11 80 18.811
11 81 32.447
11 82 3.3
11 83 2.478
11 84 19.535
11 86 7.279
11 87 14.427
11 88 31.148
11 89 48.908
11 90 67.427
11 91 5.283
11 92 4.816
11 93 16.42
11 94 23.097
11 95 16.901
11 96 1.158
11 98 33.226
11 99 5.688
12 14 3.435
12 15 9.193
12 16 29.682
12 17 39.084
12 18 13.186
12 20 41.92
12 21 43.478
12 22 27.716
12 23 65.886
12 24 16.447
12 25 55.583
12 26 3.303
12 28 31.312
12 29 12.839
12 30 13.348
12 31 16.372
12 32 4.578
12 33 10.345
12 35 37.794
12 36 11.771
12 37 18.245
12 38 13.148
12 39 11.571
12 40 38.654
12 41 50.648
12 42 11.244
12 43 48.915
12 44 6.265
12 45 11.367
12 46 3.237
12 47 9.736
12 48 1.44
12 49 19.167
12 50 12.92
12 51 16.798
12 52 49.831
12 53 38.894
12 54 14.712
12 55 12.863
12 56 32.918
12 57 6.17
12 58 23.21
12 59 2.2
12 60 6.716
12 61 7.11
12 62 9.663
12 63 8.481
12 64 41.342
12 65 0.9
12 66 9.349
12 67 18.918
12 68 4.382
12 69 28.555
12 70 8.132
12 71 6.974
12 72 47.144
12 73 0.031
12 74 6.166
12 75 56.746
12 76 4.52
12 77 18.946
12 78 19.134
12 79 2.771
12 80 36.87
12 81 30.031
12 82 1.562
12 83 49.163
12 84 6.564
12 85 23.587
12 86 18.041
12 87 19.973
12 88 62.291
12 89 28.323
12 90 70.232
12 91 10.369
12 92 41.053
12 93 31.661
12 94 1.674
12 95 1.233
12 96 2.339
12 97 58.867
12 98 11.287
12 99 40.548
13 14 41.519
13 15 43.857
13 16 16.234
13 17 48.834
13 19 40.31
13 20 1.752
13 21 35.084
13 22 24.106
13 23 7.464
13 24 8.189
13 25 13.905
13 26 3.806
13 27 13.439
13 28 28.59
13 29 1.54
13 30 36.337
13 31 69.686
13 32 31.047
13 33 4.912
13 35 61.188
13 36 37.421
13 37 9.812
13 38 10.921
13 39 38.731
13 40 27.262
13 42 13.403
13 44 2.965
13 45 7.059
13 46 10.168
13 47 47.68
13 48 31.412
13 49 0.867
13 50 2.386
13 51 9.709
13 52 75.631
13 53 84.202
13 54 54.861
13 55 32.955
13 56 5.959
13 57 3.5
13 58 31.353
13 59 13.38
13 60 0.746
13 61 5.055
13 62 75.139
13 63 37.296
13 64 6.806
13 65 68.409
13 66 8.583
13 67 0.577
13 68 0.766
13 69 14.689
13 71 51.659
13 72 0.311
13 73 8.772
13 74 4.054
13 75 23.778
13 76 61.546
13 77 3.596
13 78 13.369
13 79 0.859
13 80 51.436
13 81 27.082
13 82 60.352
13 83 31.266
13 84 26.659
13 85 18.308
13 86 5.61
13 87 71.509
13 88 12.568
13 89 17.058
13 90 15.317
13 91 4.14
13 92 7.814
13 93 10.781
13 94 10.299
13 95 26.404
13 96 8.426
13 97 1.155
13 98 37.648
13 99 4.322
14 15 10.907
14 16 7.425
14 17 69.899
14 18 49.024
14 19 13.628
14 20 22.575
14 21 17.222
14 22 9.185
14 23 6.907
14 25 48.717
14 26 7.477
14 27 10.39
14 28 30.551
14 29 9.088
14 30 29.435
14 31 10.391
14 32 1.437
14 33 31.497
14 34 25.179
14 35 38.766
14 36 1.284
14 37 34.007
14 38 6.615
14 39 22.115
14 40 58.008
14 41 31.002
14 42 54.323
14 43 23.864
14 44 54.129
14 45 8.958
14 46 0.629
14 47 34.806
14 48 1.081
14 49 9.551
14 50 41.001
14 51 23.144
14 52 22.517
14 53 12.267
14 54 9.033
14 55 37.493
14 56 0.89
14 57 11.006
14 58 0.457
14 59 18.545
14 60 23.416
14 61 1.721
14 62 8.656
14 63 26.369
14 64 11.411
14 65 2.76
14 66 37.956
14 67 50.527
14 68 13.663
14 69 47.556
14 70 39.795
14 71 3.365
14 72 8.086
14 73 55.037
14 74 27.705
14 76 61.637
14 77 31.906
14 78 42.663
14 79 18.476
14 80 10.069
14 81 78.133
14 82 41.857
14 84 0.082
14 86 96.629
14 87 62.411
14 88 27.507
14 89 85.13
14 90 54.171
14 91 22.07
14 92 4.389
14 93 3.168
14 94 67.058
14 95 75.978
14 96 2.253
14 97 7.733
14 98 0.544
14 99 4.418
15 16 29.986
15 17 8.53
15 18 26.596
15 19 33.191
15 20 0.541
15 21 2.298
15 22 2.979
15 23 5.046
15 24 31.853
15 25 0.881
15 26 47.778
15 27 31.629
15 28 5.911
15 29 10.577
15 30 23.595
15 31 1.77
15 32 14.881
15 33 27.177
15 34 64.49
15 35 27.206
15 36 10.43
15 37 22.311
15 38 38.787
15 39 15.027
15 40 4.861
15 41 2.752
15 42 79.162
15 44 6.694
15 46 19.261
15 47 26.698
15 48 2.022
15 49 6.564
15 50 7.137
15 51 3.628
15 52 29.041
15 53 30.389
15 54 8.094
15 55 0.197
15 57 2.512
15 58 28.128
15 59 0.97
15 60 3.481
15 61 41.147
15 62 61.596
15 63 52.325
15 64 33.196
15 66 5.95
15 67 28.236
15 68 56.425
15 69 2.933
15 70 14.422
15 71 36.963
15 72 49.103
15 73 24.316
15 74 36.797
15 75 30.93
15 76 25.336
15 77 74.482
15 78 76.951
15 79 5.337
15 80 8.845
15 81 32.161
15 82 28.009
15 83 6.839
15 84 43.472
15 85 25.011
15 86 34.743
15 88 1.004
15 89 62.445
15 90 23.15
15 91 49.722
15 92 12.597
15 93 50.208
15 94 92.2
15 95 31.996
15 96 18.093
15 97 56.298
16 18 5.623
16 19 1.612
16 21 1.429
16 22 17.471
16 23 41.849
16 24 51.858
16 25 9.045
16 26 38.48
16 27 12.35
16 28 0.35
16 29 24.493
16 30 12.388
16 31 23.486
16 32 45.034
16 33 1.19
16 34 1.938
16 35 41.795
16 36 33.823
16 37 77.338
16 38 13.213
16 39 3.835
16 40 1.604
16 41 2.638
16 42 77.125
16 43 7.09
16 44 1.339
16 45 0.748
16 46 15.62
16 47 7.296
16 48 7.516
16 49 92.126
16 50 37.478
16 52 78.466
16 53 15.974
16 54 7.894
16 55 6.438
16 56 4.209
16 57 40.782
16 59 5.736
16 60 23.622
16 61 60.104
16 62 39.835
16 63 30.402
16 64 22.354
16 65 15.935
16 66 25.155
16 67 19.779
16 68 13.113
16 69 26.152
16 70 0.263
16 71 24.134
16 72 49.016
16 73 10.592
16 74 16.659
16 75 41.404
16 76 3.866
16 77 34.54
16 78 9.724
16 81 4.992
16 82 36.167
16 83 0.87
16 84 34.954
16 86 22.524
16 87 1.716
16 88 13.016
16 89 0.061
16 90 30.958
16 91 79.516
16 92 1.324
16 94 62.39
16 95 24.423
16 96 38.811
16 97 9.186
16 98 83.333
16 99 79.881
17 18 87.292
17 19 27.122
17 20 45.798
17 21 1.147
17 22 30.131
17 23 2.388
17 24 40.798
17 25 27.109
17 26 41.833
17 29 37.703
17 30 22.323
17 31 1.787
17 32 2.72
17 33 32.348
17 34 10.561
17 36 1.001
17 37 16.721
17 38 3.27
17 39 5.198
17 40 36.864
17 41 1.148
17 42 13.589
17 43 6.173
17 44 64.624
17 45 90.697
17 46 11.057
17 47 76.641
17 48 56.944
17 49 4.806
17 50 0.426
17 51 53.874
17 52 14.955
17 53 26.908
17 54 5.561
17 55 24.726
17 56 25.33
17 57 4.714
17 58 34.431
17 59 18.195
17 60 67.753
17 61 8.537
17 62 2.088
17 63 56.577
17 64 5.119
17 65 48.583
17 66 60.208
17 67 29.661
17 68 56.267
17 69 4.888
17 70 43.477
17 71 16.731
17 72 22.631
17 73 2.01
17 74 43.326
17 75 8.055
17 76 23.922
17 77 10.604
17 78 46.376
17 79 26.477
17 80 8.459
17 81 17.975
17 83 18.867
17 84 47.335
17 85 3.359
17 86 11.839
17 87 2.265
17 88 47.835
17 89 5.431
17 90 26.776
17 91 0.581
17 92 2.729
17 93 37.988
17 94 37.178
17 95 4.169
17 96 6.267
17 97 42.976
17 98 0.14
17 99 8.245
18 19 7.132
18 20 30.848
18 21 45.918
18 22 14.108
18 23 9.972
18 24 56.48
18 25 42.061
18 26 30.758
18 27 5.144
18 28 35.192
18 29 79.328
18 30 19.769
18 31 33.031
18 32 7.584
18 33 18.925
18 34 42.237
18 35 38.793
18 36 12.629
18 37 8.998
18 38 0.353
18 39 76.34
18 40 16.441
18 41 26.346
18 42 11.118
18 43 2.923
18 44 14.463
18 45 3.581
18 46 42.761
18 47 23.972
18 48 22.108
18 49 56.219
18 50 1.424
18 51 15.113
18 52 0.032
18 53 60.263
18 54 36.485
18 55 2.69
18 56 15.679
18 57 4.867
18 58 6.441
18 59 83.741
18 60 32.942
18 61 18.081
18 62 29.55
18 63 2.297
18 64 13.905
18 65 8.522
18 66 19.936
18 67 1.616
18 68 38.485
18 69 18.985
18 70 10.497
18 71 57.512
18 72 4.724
18 73 12.558
18 74 6.008
18 75 9.591
18 76 27.631
18 77 47.678
18 78 31.557
18 79 2.009
18 80 38.277
18 81 9.688
18 82 8.883
18 83 66.041
18 84 22.676
18 85 5.078
18 86 77.616
18 87 0.734
18 88 2.63
18 89 34.686
18 90 34.371
18 91 62.479
18 92 61.958
18 93 77.597
18 94 13.867
18 95 0.619
18 96 19.183
18 97 42.377
18 98 2.937
18 99 22.395
19 20 1.139
19 21 43.668
19 22 9.946
19 23 2.313
19 24 12.784
19 25 6.154
19 26 15.688
19 27 21.966
19 28 19.606
19 29 3.712
19 30 3.635
19 31 3.519
19 32 3.97
19 33 46.914
19 34 3.852
19 35 3.12
19 36 23.384
19 37 70.048
19 38 29.757
19 39 48.66
19 40 96.296
19 41 34.842
19 43 26.656
19 44 2.064
19 45 67.402
19 46 9.074
19 49 9.601
19 50 92.896
19 51 15.267
19 52 14.805
19 53 0.855
19 54 1.879
19 55 20.399
19 56 9.587
19 57 53.338
19 59 37.939
19 60 2.651
19 61 5.73
19 62 6.483
19 63 82.203
19 64 14.439
19 65 16.476
19 66 10.728
19 67 12.527
19 68 1.663
19 69 10.172
19 70 9.392
19 71 35.488
19 72 5.788
19 73 54.788
19 74 14.744
19 75 16.689
19 76 14.908
19 77 9.834
19 79 8.743
19 80 32.255
19 81 65.499
19 82 9.93
19 83 64.549
19 84 29.643
19 85 27.475
19 86 15.898
19 87 6.528
19 88 8.678
19 89 29.416
19 90 3.548
19 91 2.831
19 92 0.486
19 93 2.183
19 95 13.627
19 96 31.289
19 97 15.694
19 98 11.505
19 99 72.961
20 21 57.215
20 22 47.172
20 23 86.869
20 24 2.53
20 25 5.335
20 26 42.267
20 27 21.105
20 28 71.404
20 29 11.256
20 30 7.531
20 31 15.773
20 32 47.386
20 33 4.928
20 34 4.832
20 35 2.185
20 36 31.973
20 37 43.903
20 38 51.647
20 39 5.282
20 40 1.555
20 41 5.703
20 42 40.438
20 43 55.923
20 44 0.756
20 45 19.686
20 46 16.748
20 47 2.192
20 48 8.282
20 49 34.197
20 50 16.074
20 51 27.841
20 52 42.925
20 53 3.953
20 54 7.941
20 55 60.32
20 56 0.352
20 57 27.779
20 58 23.082
20 59 19.482
20 60 14.14
20 61 27.126
20 62 18.291
20 63 0.544
20 64 36.943
20 65 48.937
20 66 1.573
20 67 29.391
20 69 71.861
20 70 16.114
20 71 11.695
20 72 4.191
20 73 9.268
20 74 33.803
20 75 0.549
20 76 0.957
20 77 12.42
20 78 7.716
20 79 22.186
20 80 34.295
20 81 5.458
20 82 10.437
20 83 1.823
20 84 34.708
20 85 28.004
20 86 23.545
20 89 32.365
20 90 18.128
20 91 52.778
20 92 46.498
20 93 19.806
20 94 32.4
20 95 29.935
20 96 10.502
20 97 0.449
20 98 30.743
20 99 1.916
21 22 60.97
21 23 34.523
21 24 8.968
21 26 2.676
21 27 37.129
21 28 6.942
21 29 15.271
21 30 11.075
21 31 59.884
21 32 0.301
21 33 10.62
21 34 10.522
21 35 10.913
21 36 57.185
21 37 12.709
21 38 71.293
21 39 35.585
21 40 70.545
21 41 27.079
21 42 40.259
21 43 87.19
21 44 4.507
21 45 1.293
21 46 31.809
21 47 21.062
21 48 18.646
21 49 9.656
21 50 36.743
21 51 25.903
21 52 36.968
21 53 43.75
21 55 21.433
21 56 11.091
21 57 9.375
21 58 37.566
21 59 49.089
21 60 23.014
21 61 1.45
21 62 12.241
21 63 10.339
21 64 66.154
21 65 5.322
21 66 27.322
21 67 3.122
21 68 60.905
21 69 34.554
21 70 9.648
21 71 18.443
21 72 1.153
21 73 88.04
21 74 25.031
21 75 0.539
21 76 4.338
21 77 14.002
21 78 71.68
21 79 35.185
21 80 5.37
21 81 2.865
21 82 27.851
21 83 5.389
21 84 53.116
21 85 38.227
21 86 25.216
21 87 45.965
21 88 1.005
21 89 1.822
21 90 28.75
21 92 12.31
21 93 1.065
21 94 10.217
21 95 0.219
21 96 1.464
21 97 6.288
21 98 12.341
21 99 10.287
22 23 3.617
22 24 13.079
22 25 28.809
22 26 14.036
22 27 30.259
22 28 26.957
22 29 13.939
22 30 11.952
22 31 1.208
22 32 8.234
22 33 18.287
22 34 12.026
22 35 1.143
22 36 27.882
22 37 17.761
22 38 12.482
22 39 1.375
22 40 5.556
22 41 27.389
22 42 14.682
22 43 24.94
22 44 11.325
22 45 16.874
22 46 17.706
22 47 93.43
22 48 9.383
22 49 38.857
22 50 0.032
22 51 27.637
22 52 27.788
22 53 9.388
22 54 10.646
22 55 17.938
22 56 11.736
22 57 60.042
22 58 46.854
22 59 29.281
22 60 14.205
22 61 48.534
22 62 6.119
22 64 14.837
22 65 9.912
22 66 8.098
22 67 55.068
22 68 22.94
22 69 23.609
22 70 45.291
22 71 31.075
22 72 0.523
22 73 3.161
22 74 27.958
22 75 1.436
22 76 3.355
22 77 0.93
22 78 19.062
22 79 20.506
22 80 16.721
22 81 7.773
22 82 6.355
22 83 34.106
22 84 42.979
22 85 49.88
22 86 1.789
22 87 34.339
22 88 66.258
22 89 34.589
22 91 17.066
22 92 63.022
22 93 75.934
22 94 13.395
22 95 54.46
22 96 40.534
22 97 11.097
22 99 28.271
23 24 38.307
23 25 7.065
23 26 0.406
23 28 1.221
23 29 50.379
23 30 0.062
23 31 0.324
23 32 45.222
23 33 9.715
23 34 3.657
23 35 40.954
23 37 5.216
23 38 16.203
23 39 3.061
23 40 55.545
23 41 42.482
23 42 4.333
23 43 5.393
23 44 16.893
23 45 13.593
23 46 25.703
23 47 8.129
23 48 76.279
23 49 6.247
23 50 19.714
23 51 9.371
23 52 4.529
23 53 36.588
23 54 84.834
23 55 0.443
23 56 9.286
23 57 44.632
23 58 62.673
23 59 17.866
23 60 24.287
23 62 53.62
23 63 6.331
23 65 10.468
23 67 29.143
23 68 2.105
23 69 22.889
23 70 20.98
23 71 41.366
23 72 0.48
23 73 84.043
23 75 40.928
23 76 14.282
23 77 0.997
23 78 15.185
23 79 1.28
23 80 1.769
23 81 0.292
23 82 12.729
23 83 1.227
23 84 7.899
23 85 7.213
23 86 30.734
23 87 2.215
23 88 22.551
23 89 44.416
23 90 67.866
23 91 0.96
23 92 79.451
23 93 52.449
23 94 62.676
23 95 33.938
23 96 11.484
23 97 89.537
23 98 5.545
23 99 0.19
24 25 16.51
24 26 46.809
24 27 34.978
24 28 1.398
24 29 74.065
24 30 2.708
24 31 7.495
24 32 15.145
24 33 69.837
24 34 4.281
24 35 0.546
24 36 1.274
24 37 4.859
24 38 36.937
24 39 29.061
24 40 54.601
24 41 57.723
24 42 2.466
24 43 8.723
24 44 4.792
24 45 24.966
24 46 24.874
24 48 74.354
24 49 4.045
24 50 6.186
24 52 29.797
24 53 0.143
24 54 2.542
24 55 82.139
24 56 27.625
24 57 28.01
24 58 55.877
24 59 9.051
24 60 60.568
24 61 17.671
24 62 20.584
24 63 39.715
24 64 4.844
24 65 0.317
24 66 0.078
24 67 36.206
24 68 9.913
24 69 34.212
24 70 35.551
24 71 3.356
24 72 25.378
24 73 1.476
24 74 13.981
24 75 24.453
24 76 4.883
24 77 18.015
24 78 32.011
24 79 7.363
24 80 34.673
24 81 61.051
24 82 11.543
24 83 6.097
24 84 16.464
24 85 72.696
24 86 12.107
24 87 18.286
24 89 5.238
24 90 18.212
24 91 25.864
24 92 11.385
24 93 38.319
24 94 1.779
24 95 94.691
24 96 14.498
24 97 7.557
24 98 5.631
24 99 22.941
25 26 4.394
25 28 57.95
25 29 3.835
25 30 22.828
25 31 10.983
25 32 13.162
25 33 30.751
25 34 60.103
25 35 24.177
25 36 21.939
25 37 8.119
25 38 10.97
25 39 55.649
25 40 0.897
25 41 29.253
25 42 11.394
25 43 11.505
25 44 11.759
25 46 5.335
25 47 2.056
25 48 20.55
25 49 6.495
25 50 30.823
25 51 34.005
25 52 10.835
25 53 2.417
25 54 27.405
25 55 10.365
25 56 51.954
25 58 3.835
25 59 0.627
25 60 40.592
25 62 19.326
25 63 2.407
25 64 16.568
25 65 7.627
25 66 80.256
25 67 11.245
25 68 11.35
25 69 21.672
25 70 79.076
25 71 50.656
25 73 3.905
25 74 0.564
25 75 24.915
25 76 31.099
25 77 49.545
25 78 16.692
25 79 59.559
25 80 23.975
25 81 6.572
25 82 13.152
25 83 6.83
25 84 43.677
25 85 21.273
25 86 24.259
25 88 31.886
25 89 37.937
25 90 5.616
25 91 8.287
25 92 12.397
25 93 24.278
25 95 60.451
25 96 6.671
25 97 31.094
25 98 4.969
25 99 5.046
26 27 35.305
26 28 25.03
26 29 22.53
26 30 28.125
26 31 60.154
26 32 12.327
26 33 11.986
26 34 32.121
26 35 53.334
26 36 25.539
26 37 10.518
26 38 17.207
26 39 50.457
26 40 49.641
26 41 2.026
26 42 14.29
26 43 31.38
26 44 15.948
26 45 36.949
26 46 2.746
26 47 4.909
26 48 0.034
26 49 5.954
26 50 3.546
26 51 80.711
26 52 1.933
26 53 25.012
26 55 21.308
26 56 0.885
26 57 9.489
26 58 14.53
26 59 56.806
26 60 12.384
26 61 59.141
26 62 4.984
26 63 55.696
26 64 3.017
26 65 51.42
26 66 0.501
26 67 0.548
26 68 0.305
26 69 9.243
26 70 9.404
26 71 10.865
26 72 1.408
26 73 44.834
26 74 58.273
26 75 74.5
26 76 2.004
26 77 2.166
26 78 4.117
26 79 85.078
26 80 56.512
26 81 78.422
26 82 16.678
26 83 5.911
26 84 12.375
26 85 5.879
26 86 2.535
26 87 12.774
26 88 9.475
26 89 11.177
26 90 27.68
26 91 15.209
26 92 46.981
26 93 16.93
26 94 6.207
26 95 14.044
26 96 29.266
26 97 40.804
26 98 1.911
26 99 26.0
27 28 5.667
27 29 37.288
27 30 69.096
27 31 17.94
27 32 9.978
27 33 19.491
27 34 11.528
27 36 3.549
27 37 1.585
27 38 4.397
27 39 39.924
27 40 28.704
27 41 68.793
27 42 6.991
27 43 19.972
27 44 0.527
27 45 22.382
27 46 8.318
27 47 10.289
27 48 11.626
27 49 3.285
27 50 13.271
27 51 7.462
27 52 16.284
27 53 56.515
27 54 52.944
27 55 0.024
27 56 5.913
27 57 41.911
27 58 25.79
27 59 2.147
27 60 22.485
27 61 36.845
27 62 68.266
27 63 1.717
27 64 17.411
27 65 31.207
27 66 38.222
27 67 22.576
27 68 1.328
27 69 86.81
27 70 16.588
27 71 76.367
27 72 11.076
27 73 9.809
27 74 28.31
27 75 46.318
27 76 7.319
27 77 43.895
27 78 1.942
27 79 53.497
27 80 27.567
27 81 66.577
27 82 77.005
27 83 11.198
27 84 24.011
27 85 0.169
27 86 18.448
27 87 26.29
27 88 0.072
27 89 38.447
27 90 42.617
27 91 11.097
27 92 1.455
27 93 18.583
27 94 22.961
27 95 6.49
27 96 0.62
27 97 22.457
27 98 1.729
28 29 0.606
28 30 5.0
28 32 45.827
28 34 5.508
28 36 17.085
28 37 79.232
28 38 24.821
28 39 6.802
28 40 4.995
28 42 6.842
28 43 23.009
28 44 1.448
28 45 15.2
28 46 23.767
28 47 41.904
28 48 33.307
28 49 56.396
28 50 48.005
28 51 0.385
28 52 14.14
28 53 15.927
28 54 48.04
28 55 67.051
28 56 7.664
28 57 25.239
28 58 1.933
28 59 38.298
28 60 4.273
28 61 6.043
28 62 50.955
28 63 42.485
28 64 20.856
28 65 1.656
28 67 49.641
28 68 16.297
28 69 5.244
28 70 54.169
28 71 0.323
28 72 3.493
28 73 4.371
28 74 1.446
28 75 1.417
28 76 25.914
28 77 1.833
28 78 6.306
28 79 0.649
28 80 41.743
28 81 9.543
28 82 15.423
28 83 35.814
28 84 77.092
28 85 36.346
28 86 30.629
28 87 13.305
28 88 1.029
28 89 28.856
28 90 44.259
28 91 28.092
28 92 4.054
28 93 2.415
28 94 20.005
28 95 2.576
28 96 6.453
28 97 64.827
28 98 95.45
28 99 17.438
29 30 8.855
29 31 63.805
29 32 61.58
29 33 37.388
29 34 19.868
29 35 6.591
29 36 9.743
29 37 10.858
29 38 22.219
29 40 27.198
29 41 3.574
29 42 7.97
29 43 2.165
29 44 5.579
29 45 13.502
29 46 4.109
29 48 8.306
29 49 12.324
29 50 40.316
29 52 5.144
29 53 14.839
29 54 31.401
29 55 31.983
29 56 31.072
29 57 59.447
29 58 57.741
29 59 1.926
29 60 14.272
29 61 6.233
29 62 41.341
29 63 12.457
29 64 27.286
29 66 25.731
29 67 77.999
29 68 2.833
29 69 50.425
29 70 11.563
29 71 21.21
29 74 25.212
29 75 5.743
29 76 14.553
29 77 23.297
29 78 2.403
29 79 14.874
29 80 32.778
29 81 7.601
29 82 43.175
29 83 41.497
29 85 31.113
29 86 22.707
29 87 6.112
29 88 1.949
29 89 16.963
29 90 6.997
29 91 55.599
29 92 11.202
29 93 12.093
29 94 0.544
29 95 8.789
29 98 48.248
29 99 17.752
30 31 22.629
30 32 4.561
30 33 90.06
30 34 2.082
30 35 34.415
30 36 5.442
30 37 12.948
30 38 26.474
30 39 4.938
30 40 16.77
30 41 0.326
30 42 21.81
30 43 1.221
30 44 4.847
30 45 31.029
30 46 8.906
30 47 61.539
30 48 27.388
30 49 15.733
30 50 37.399
30 51 69.871
30 52 22.049
30 53 38.807
30 54 10.337
30 55 4.232
30 56 12.106
30 57 8.554
30 58 15.546
30 59 11.183
30 60 10.279
30 62 30.308
30 63 1.586
30 65 32.221
30 66 13.167
30 67 12.346
30 68 4.923
30 69 6.355
30 70 73.866
30 71 2.012
30 72 13.451
30 73 38.467
30 74 4.485
30 75 28.515
30 76 30.759
30 77 52.3
30 78 5.756
30 79 0.596
30 80 3.342
30 81 10.697
30 83 17.959
30 86 18.361
30 87 14.233
30 88 1.514
30 89 6.009
30 90 14.001
30 91 1.994
30 92 5.533
30 93 14.764
30 94 31.651
30 95 7.003
30 96 21.129
30 97 6.466
30 99 61.996
31 32 72.573
31 33 28.446
31 34 2.53
31 35 23.941
31 36 17.299
31 37 34.628
31 38 9.308
31 39 57.481
31 40 1.612
31 41 23.06
31 42 43.119
31 43 7.689
31 44 6.178
31 45 11.823
31 46 0.156
31 47 0.834
31 48 13.893
31 49 11.918
31 50 30.937
31 51 9.306
31 52 27.945
31 54 59.8
31 55 20.319
31 56 2.641
31 57 16.942
31 58 18.624
31 59 27.696
31 60 32.067
31 61 19.558
31 62 22.275
31 63 16.514
31 64 15.503
31 65 39.584
31 66 52.995
31 68 64.362
31 69 0.661
31 70 32.747
31 71 48.453
31 72 21.293
31 73 14.336
31 74 18.709
31 75 15.095
31 76 37.775
31 78 4.645
31 79 31.691
31 80 26.948
31 81 49.63
31 82 0.526
31 83 0.918
31 84 37.051
31 85 83.631
31 86 8.751
31 87 19.643
31 88 33.143
31 89 58.491
31 90 14.013
31 91 16.297
31 92 38.441
31 93 43.965
31 94 0.372
31 95 28.71
31 96 39.678
31 97 41.437
31 98 5.574
31 99 24.85
32 33 49.733
32 34 19.529
32 35 39.084
32 36 84.184
32 37 44.425
32 38 42.504
32 39 19.539
32 40 55.931
32 41 6.024
32 42 20.804
32 43 36.117
32 44 7.492
32 45 12.242
32 46 40.521
32 47 45.723
32 48 9.632
32 49 11.575
32 50 6.58
32 51 12.166
32 52 39.722
32 54 53.782
32 55 14.558
32 56 0.788
32 57 10.279
32 58 19.235
32 59 10.379
32 60 6.272
32 61 15.357
32 62 38.867
32 63 0.41
32 64 15.605
32 65 1.497
32 66 36.145
32 67 11.217
32 68 8.862
32 69 44.696
32 70 7.502
32 71 72.362
32 72 24.406
32 73 11.482
32 74 17.112
32 75 39.182
32 76 20.564
32 77 60.208
32 78 12.129
32 80 14.395
32 81 2.84
32 82 52.585
32 83 4.18
32 84 5.132
32 86 47.318
32 87 35.6
32 88 0.367
32 89 9.6
32 90 12.385
32 91 4.264
32 92 95.681
32 93 21.216
32 94 8.831
32 95 11.587
32 96 32.119
32 97 64.73
32 98 9.465
32 99 9.744
33 34 9.149
33 35 2.643
33 37 0.15
33 38 86.588
33 39 20.131
33 40 33.845
33 41 0.024
33 42 25.062
33 44 27.897
33 45 41.122
33 46 6.349
33 47 28.737
33 48 19.098
33 50 60.391
33 51 31.745
33 52 1.685
33 53 20.363
33 54 12.51
33 55 6.049
33 56 30.562
33 57 46.301
33 58 14.625
33 59 17.487
33 60 17.995
33 61 14.847
33 62 1.95
33 63 1.556
33 64 38.878
33 65 9.284
33 66 4.029
33 67 34.686
33 68 41.572
33 69 24.507
33 70 38.374
33 71 6.813
33 72 15.485
33 73 0.903
33 74 4.663
33 76 28.962
33 77 21.105
33 78 19.397
33 79 41.216
33 80 30.313
33 81 8.967
33 83 40.944
33 84 8.219
33 85 5.928
33 86 47.098
33 87 12.299
33 88 10.35
33 89 32.985
33 90 25.167
33 91 8.376
33 92 32.104
33 93 19.006
33 94 5.882
33 95 3.352
33 96 2.685
33 97 36.687
33 98 3.47
33 99 28.125
34 35 21.097
34 36 51.933
34 37 6.392
34 38 3.872
34 40 11.502
34 41 0.017
34 42 87.044
34 43 54.991
34 44 75.653
34 45 21.098
34 46 9.455
34 47 13.837
34 48 3.009
34 49 1.913
34 50 69.774
34 51 44.606
34 52 5.232
34 53 28.785
34 54 2.975
34 56 6.365
34 57 10.608
34 58 41.747
34 59 32.131
34 60 32.788
34 61 31.01
34 62 65.285
34 63 6.828
34 64 7.012
34 65 14.387
34 66 55.57
34 67 25.505
34 68 33.198
34 69 58.44
34 70 6.36
34 71 14.995
34 72 4.668
34 74 48.588
34 75 61.684
34 76 48.532
34 78 0.297
34 79 0.556
34 80 52.865
34 81 48.438
34 82 1.626
34 83 43.304
34 84 5.102
34 85 62.544
34 86 8.764
34 87 22.248
34 88 9.877
34 89 32.221
34 90 5.964
34 91 2.272
34 92 8.134
34 93 3.943
34 94 4.111
34 96 47.677
34 97 25.184
34 98 1.938
34 99 11.312
35 36 2.644
35 37 26.991
35 38 28.776
35 39 14.289
35 40 14.318
35 41 55.29
35 42 15.159
35 43 22.159
35 44 3.682
35 46 51.08
35 47 24.489
35 48 3.622
35 49 50.286
35 50 21.557
35 51 54.211
35 52 0.76
35 53 69.293
35 54 22.086
35 55 18.527
35 56 31.882
35 57 0.635
35 58 14.73
35 59 12.253
35 60 13.026
35 61 28.947
35 62 38.328
35 63 78.092
35 64 14.73
35 65 31.33
35 66 71.146
35 67 45.274
35 68 6.219
35 69 57.554
35 71 29.618
35 72 46.01
35 73 64.238
35 74 8.045
35 75 23.922
35 76 13.201
35 77 4.943
35 78 76.507
35 79 7.795
35 80 47.64
35 81 16.052
35 82 1.885
35 84 22.637
35 86 10.46
35 87 13.805
35 88 33.619
35 89 73.848
35 90 3.069
35 91 0.638
35 92 31.845
35 93 89.122
35 94 11.113
35 95 23.344
35 96 34.983
35 97 97.867
35 98 1.297
35 99 0.417
36 37 34.087
36 38 14.611
36 39 15.429
36 40 20.681
36 41 10.23
36 42 49.966
36 43 74.452
36 44 25.615
36 45 1.572
36 46 5.132
36 47 1.473
36 48 41.935
36 49 39.736
36 50 18.603
36 51 45.05
36 52 6.209
36 53 18.377
36 54 5.41
36 55 1.503
36 56 44.485
36 57 14.841
36 58 17.886
36 59 63.412
36 61 5.287
36 62 76.393
36 63 13.841
36 64 10.866
36 65 81.088
36 66 0.785
36 67 27.315
36 68 6.572
36 69 12.74
36 70 0.82
36 71 2.201
36 72 48.593
36 73 7.437
36 74 2.507
36 75 1.1
36 76 26.414
36 77 29.338
36 78 2.458
36 79 20.975
36 80 10.586
36 81 22.358
36 82 1.711
36 83 0.493
36 84 75.091
36 85 33.92
36 86 68.837
36 88 10.706
36 89 4.488
36 90 1.735
36 91 2.708
36 92 2.002
36 93 42.148
36 94 1.964
36 95 36.417
36 96 28.336
36 97 36.912
36 98 0.112
36 99 74.512
37 38 77.446
37 39 14.966
37 40 28.143
37 41 88.512
37 42 17.033
37 43 44.893
37 44 10.382
37 45 50.672
37 46 15.439
37 47 2.75
37 48 34.233
37 49 7.956
37 50 39.096
37 51 13.548
37 52 24.252
37 53 10.667
37 54 9.967
37 55 11.034
37 56 79.778
37 57 1.965
37 58 95.908
37 59 56.155
37 60 3.692
37 61 15.84
37 62 18.037
37 63 26.224
37 64 54.541
37 65 24.699
37 66 6.54
37 67 6.003
37 68 12.01
37 69 47.148
37 70 30.024
37 71 7.379
37 72 27.584
37 74 18.293
37 75 39.937
37 76 15.892
37 77 10.289
37 79 8.886
37 80 10.71
37 81 47.128
37 82 17.642
37 83 7.034
37 85 23.232
37 86 3.11
37 87 40.489
37 88 0.945
37 89 8.24
37 90 29.941
37 91 1.784
37 92 4.351
37 93 30.162
37 95 10.48
37 96 36.284
37 97 1.077
37 98 1.773
37 99 75.965
38 39 29.136
38 40 6.141
38 41 17.127
38 43 3.705
38 44 7.418
38 45 22.757
38 47 13.245
38 48 51.5
38 49 59.553
38 50 37.713
38 51 12.64
38 52 51.851
38 53 1.506
38 54 31.164
38 55 48.28
38 56 71.726
38 57 55.989
38 58 5.173
38 59 13.538
38 60 55.57
38 61 38.377
38 62 18.147
38 63 4.615
38 64 23.075
38 66 17.989
38 67 17.289
38 68 4.805
38 69 42.022
38 70 30.065
38 71 1.322
38 72 48.379
38 73 0.959
38 74 22.046
38 75 31.27
38 76 57.699
38 77 58.618
38 78 34.272
38 79 43.919
38 80 0.159
38 81 10.814
38 82 1.522
38 83 57.392
38 84 75.003
38 86 0.683
38 87 43.891
38 88 10.188
38 90 0.196
38 91 29.54
38 92 5.933
38 93 49.62
38 94 20.99
38 95 5.282
38 96 7.552
38 97 32.96
38 98 34.465
38 99 7.575
39 40 27.523
39 41 55.912
39 42 1.086
39 43 29.198
39 44 5.964
39 45 10.206
39 46 22.689
39 47 43.18
39 48 0.585
39 49 35.813
39 50 8.449
39 51 8.611
39 52 9.504
39 53 6.623
39 54 40.584
39 55 38.998
39 56 1.489
39 57 7.604
39 58 16.649
39 59 0.438
39 60 13.379
39 61 4.914
39 62 16.607
39 63 18.418
39 64 46.443
39 65 50.773
39 66 16.751
39 67 6.133
39 68 16.111
39 69 21.838
39 70 81.085
39 71 43.362
39 72 23.679
39 73 94.904
39 74 26.292
39 75 33.277
39 76 54.645
39 77 35.817
39 78 57.41
39 80 35.921
39 81 67.307
39 82 10.887
39 83 31.508
39 84 3.53
39 85 6.094
39 86 29.237
39 87 25.848
39 88 81.412
39 89 12.82
39 90 34.748
39 91 28.502
39 92 77.074
39 93 29.513
39 94 21.106
39 95 15.061
39 96 14.302
39 97 31.203
39 98 39.525
39 99 0.446
40 41 53.324
40 42 27.344
40 43 81.883
40 44 0.124
40 46 84.387
40 47 48.638
40 48 61.811
40 49 5.776
40 50 0.725
40 51 34.368
40 52 13.806
40 53 39.332
40 54 0.376
40 55 34.62
40 57 13.872
40 58 7.189
40 59 0.439
40 60 33.086
40 61 24.51
40 62 51.064
40 63 13.53
40 64 0.893
40 65 2.534
40 66 81.179
40 67 0.957
40 68 50.682
40 69 1.976
40 70 67.674
40 71 7.379
40 72 29.061
40 73 30.358
40 74 63.048
40 75 23.745
40 76 0.473
40 77 72.129
40 78 13.155
40 79 5.626
40 80 15.81
40 81 52.36
40 82 31.516
40 83 37.162
40 84 34.178
40 85 10.977
40 86 3.248
40 87 13.982
40 89 13.647
40 90 17.711
40 91 4.733
40 92 40.527
40 93 34.491
40 94 85.533
40 95 44.405
40 96 1.892
40 97 79.256
40 98 32.814
40 99 7.124
41 42 13.073
41 43 6.427
41 44 0.447
41 45 27.967
41 46 50.962
41 47 12.838
41 48 59.814
41 49 7.363
41 50 10.831
41 51 28.609
41 52 12.327
41 53 63.037
41 54 11.682
41 55 41.503
41 56 33.723
41 57 6.058
41 58 42.371
41 59 23.811
41 60 8.626
41 61 17.691
41 62 6.281
41 63 6.439
41 64 42.578
41 65 67.253
41 66 2.395
41 67 19.168
41 68 47.487
41 69 64.933
41 70 7.366
41 71 20.228
41 72 45.209
41 73 7.003
41 74 25.439
41 75 15.048
41 76 16.627
41 77 20.482
41 78 35.312
41 79 68.826
41 80 23.333
41 81 44.083
41 82 4.397
41 83 42.296
41 84 33.229
41 85 2.559
41 87 33.351
41 88 5.281
41 89 11.192
41 90 54.13
41 91 2.416
41 92 2.279
41 93 1.933
41 94 35.594
41 95 38.211
41 96 0.322
41 97 23.234
41 98 26.856
41 99 0.23
42 43 2.56
42 44 45.104
42 45 15.038
42 46 2.705
42 47 3.851
42 48 30.136
42 49 44.454
42 50 38.052
42 51 9.129
42 52 22.409
42 53 7.793
42 54 64.853
42 55 4.196
42 56 11.197
42 57 0.035
42 58 16.219
42 59 24.449
42 60 5.362
42 61 61.908
42 62 86.377
42 63 6.88
42 64 24.956
42 65 1.993
42 66 22.65
42 67 0.754
42 68 11.565
42 69 40.513
42 70 0.842
42 71 0.5
42 72 28.929
42 73 53.245
42 74 58.208
42 75 33.661
42 76 9.669
42 77 7.554
42 78 37.675
42 79 19.343
42 80 10.443
42 81 8.788
42 82 24.77
42 83 21.334
42 84 8.323
42 85 14.657
42 86 9.344
42 87 0.761
42 88 63.444
42 89 32.014
42 90 34.142
42 91 1.96
42 92 5.219
42 93 13.815
42 94 29.984
42 95 27.179
42 96 34.125
42 97 0.217
42 98 22.085
42 99 52.668
43 44 56.116
43 45 10.816
43 46 40.312
43 47 11.434
43 48 1.407
43 49 12.412
43 50 2.276
43 51 26.34
43 52 1.843
43 53 56.349
43 55 9.834
43 56 70.172
43 57 0.067
43 58 23.071
43 59 10.146
43 60 7.167
43 61 10.971
43 62 13.054
43 63 78.691
43 64 12.994
43 65 8.884
43 66 10.144
43 67 49.263
43 68 33.326
43 69 58.449
43 70 1.763
43 71 12.075
43 72 2.678
43 73 11.439
43 74 17.347
43 75 5.589
43 76 18.915
43 77 1.039
43 78 23.389
43 79 1.708
43 80 2.833
43 81 32.0
43 82 16.993
43 83 27.162
43 84 27.164
43 85 11.249
43 86 56.71
43 87 73.723
43 88 53.807
43 89 90.605
43 90 53.796
43 91 27.292
43 92 76.56
43 93 47.646
43 94 10.244
43 95 10.518
43 96 52.251
43 97 55.654
43 99 8.63
44 45 65.644
44 46 50.245
44 47 32.736
44 48 30.859
44 49 16.689
44 50 1.829
44 51 12.626
44 52 23.954
44 53 3.33
44 54 34.551
44 55 35.729
44 56 35.976
44 57 34.636
44 58 3.345
44 59 3.242
44 60 54.179
44 61 2.154
44 62 3.835
44 63 25.818
44 65 22.587
44 67 8.455
44 68 26.811
44 69 1.234
44 70 6.257
44 71 17.13
44 72 13.913
44 73 22.338
44 74 11.716
44 75 14.981
44 76 3.323
44 77 61.95
44 78 81.579
44 79 1.466
44 80 29.711
44 81 33.229
44 82 67.429
44 83 5.025
44 84 31.781
44 85 8.402
44 86 14.17
44 87 17.882
44 88 5.649
44 89 8.962
44 90 45.775
44 91 27.375
44 92 52.17
44 93 7.587
44 94 0.061
44 95 60.164
44 96 12.186
44 97 24.615
44 98 9.437
45 46 10.922
45 47 15.965
45 48 71.166
45 49 27.98
45 50 20.418
45 51 4.603
45 52 18.239
45 53 44.047
45 54 42.885
45 55 0.969
45 56 30.177
45 57 15.863
45 58 12.599
45 59 53.799
45 60 39.416
45 61 0.355
45 62 62.805
45 63 38.457
45 64 7.394
45 65 9.447
45 66 8.529
45 67 14.04
45 68 10.465
45 69 44.125
45 70 10.371
45 71 41.802
45 72 0.258
45 73 17.633
45 74 4.59
45 75 60.024
45 76 15.052
45 77 8.45
45 78 21.033
45 79 36.965
45 80 6.45
45 81 78.103
45 82 27.741
45 83 19.615
45 84 67.204
45 85 4.813
45 86 3.79
45 87 7.05
45 88 17.379
45 89 20.841
45 90 3.219
45 91 25.269
45 92 0.678
45 93 7.371
45 94 43.111
45 95 7.829
45 96 37.462
45 97 4.472
45 98 36.506
45 99 71.401
46 47 2.172
46 48 10.557
46 49 0.904
46 50 5.69
46 51 20.353
46 52 33.116
46 53 46.89
46 54 18.495
46 55 6.85
46 56 10.314
46 57 52.892
46 58 20.796
46 59 1.896
46 60 68.19
46 61 27.296
46 62 1.066
46 63 36.634
46 64 1.88
46 65 20.378
46 66 26.299
46 67 80.053
46 68 25.521
46 69 10.559
46 70 18.36
46 71 0.12
46 72 5.493
46 73 37.083
46 75 1.337
46 76 0.442
46 77 92.304
46 78 1.209
46 79 20.843
46 80 12.604
46 81 54.668
46 82 91.188
46 83 25.445
46 84 0.5
46 85 1.484
46 86 38.149
46 87 29.485
46 88 3.81
46 89 23.348
46 90 41.355
46 91 3.81
46 92 0.494
46 93 0.549
46 94 4.805
46 95 38.982
46 96 32.963
46 97 37.667
46 98 27.116
46 99 34.848
47 48 6.917
47 49 8.317
47 50 12.082
47 51 60.466
47 52 53.049
47 53 5.553
47 54 2.709
47 55 31.508
47 56 46.808
47 57 11.275
47 58 31.116
47 59 11.005
47 60 30.678
47 61 22.608
47 62 52.776
47 63 2.471
47 64 1.298
47 66 4.062
47 68 12.66
47 69 9.777
47 70 16.971
47 71 1.347
47 72 13.95
47 73 11.835
47 74 8.423
47 75 30.399
47 76 80.386
47 77 9.501
47 78 22.097
47 79 30.949
47 80 75.507
47 81 9.282
47 82 73.587
47 83 41.925
47 84 16.158
47 85 32.172
47 86 52.206
47 87 21.707
47 88 1.451
47 89 80.849
47 90 0.258
47 91 5.844
47 92 31.247
47 93 13.292
47 94 1.285
47 96 32.418
47 97 8.043
47 98 73.641
47 99 38.418
48 49 41.402
48 50 13.302
48 51 51.718
48 52 9.88
48 53 16.79
48 54 1.254
48 55 68.995
48 56 14.506
48 57 19.847
48 58 7.024
48 59 14.199
48 60 71.657
48 61 45.915
48 62 15.34
48 63 28.362
48 64 26.704
48 66 6.084
48 67 36.099
48 68 8.429
48 69 5.386
48 70 5.3
48 71 14.921
48 72 0.76
48 73 63.056
48 74 3.619
48 75 62.195
48 76 13.634
48 77 41.15
48 78 3.184
48 79 8.794
48 80 33.647
48 81 3.596
48 82 13.344
48 83 7.673
48 84 1.757
48 85 22.266
48 86 6.626
48 87 6.377
48 88 27.305
48 89 60.439
48 90 63.205
48 91 5.053
48 92 45.043
48 93 63.873
48 94 5.037
48 95 70.715
48 96 27.694
48 97 9.929
48 98 50.346
48 99 58.127
49 50 43.624
49 51 84.086
49 52 38.095
49 53 4.545
49 54 82.842
49 55 11.885
49 56 5.226
49 57 26.253
49 58 48.556
49 59 19.719
49 60 0.267
49 61 2.167
49 62 13.938
49 63 4.843
49 64 59.401
49 65 11.341
49 66 7.732
49 67 2.601
49 68 7.271
49 70 7.64
49 71 13.202
49 72 22.186
49 73 18.248
49 74 53.852
49 75 8.987
49 76 62.835
49 77 24.21
49 78 4.374
49 79 2.637
49 80 6.684
49 81 50.244
49 82 32.53
49 83 67.072
49 85 57.008
49 86 2.51
49 87 49.639
49 88 58.315
49 89 0.246
49 90 50.028
49 91 3.617
49 92 65.42
49 93 7.609
49 94 31.361
49 95 19.981
49 96 28.358
49 97 3.336
49 98 5.353
50 51 79.51
50 52 7.948
50 53 7.731
50 54 19.731
50 55 0.307
50 56 45.922
50 57 7.739
50 58 2.843
50 59 22.682
50 60 3.604
50 61 29.77
50 62 64.184
50 63 36.047
50 64 10.553
50 65 38.591
50 66 3.741
50 67 36.71
50 68 85.147
50 69 1.708
50 70 0.823
50 71 17.094
50 72 6.799
50 73 73.991
50 74 4.954
50 75 33.402
50 76 14.311
50 77 11.469
50 78 44.906
50 79 6.565
50 80 71.359
50 81 10.902
50 82 36.385
50 83 29.267
50 84 4.973
50 85 25.648
50 86 32.809
50 87 41.019
50 88 3.464
50 89 29.621
50 90 0.427
50 91 6.338
50 92 32.663
50 93 23.406
50 94 1.391
50 96 9.922
50 97 87.183
50 99 24.767
51 52 14.666
51 53 7.839
51 54 0.168
51 55 43.956
51 57 44.95
51 58 42.596
51 59 27.479
51 60 18.599
51 61 66.608
51 63 5.714
51 65 49.578
51 66 5.499
51 67 10.74
51 68 26.209
51 69 15.29
51 70 15.11
51 71 46.525
51 72 67.06
51 73 59.311
51 74 13.021
51 75 12.425
51 76 3.219
51 77 10.337
51 78 3.191
51 79 45.014
51 81 20.149
51 82 3.745
51 83 3.233
51 84 23.558
51 85 33.851
51 86 3.537
51 87 8.26
51 88 5.331
51 89 49.554
51 90 49.472
51 91 30.128
51 92 10.389
51 93 24.47
51 94 26.318
51 95 32.702
51 96 6.462
51 97 11.948
51 98 42.236
51 99 76.293
52 53 38.392
52 54 36.22
52 55 14.844
52 56 7.675
52 57 38.226
52 58 3.646
52 59 18.476
52 60 3.189
52 61 50.146
52 62 28.171
52 63 8.627
52 64 5.469
52 65 46.158
52 66 16.294
52 67 12.221
52 69 11.562
52 71 21.347
52 73 19.061
52 74 3.924
52 75 61.93
52 76 22.626
52 77 19.82
52 78 26.323
52 79 13.105
52 81 4.602
52 82 9.37
52 83 13.704
52 84 16.757
52 85 35.207
52 86 2.812
52 87 39.079
52 88 56.728
52 89 62.824
52 90 5.479
52 91 28.07
52 92 31.174
52 93 49.609
52 94 9.099
52 95 4.291
52 97 19.357
52 98 12.199
52 99 26.853
53 54 28.588
53 55 34.649
53 56 28.19
53 57 28.504
53 58 4.529
53 59 20.812
53 60 15.288
53 61 30.246
53 62 43.491
53 63 15.375
53 64 44.346
53 65 17.319
53 66 36.533
53 67 63.737
53 68 1.395
53 69 22.976
53 70 29.497
53 71 30.809
53 72 48.455
53 74 0.789
53 75 9.267
53 76 20.922
53 77 21.617
53 78 41.696
53 79 0.198
53 80 10.045
53 82 1.044
53 83 3.756
53 84 18.157
53 85 13.977
53 86 18.931
53 87 17.762
53 88 51.209
53 89 36.751
53 90 14.25
53 91 18.051
53 92 51.54
53 94 52.843
53 95 18.891
53 96 36.351
53 97 33.804
53 98 35.905
53 99 16.256
54 55 22.668
54 56 8.89
54 57 69.516
54 58 6.308
54 59 3.32
54 60 23.37
54 61 57.824
54 62 10.579
54 63 21.754
54 64 2.338
54 65 0.989
54 66 0.001
54 67 5.503
54 68 41.068
54 69 15.123
54 70 6.854
54 71 22.431
54 72 49.604
54 73 73.902
54 74 27.404
54 75 16.743
54 76 25.165
54 77 9.741
54 78 1.526
54 79 31.608
54 80 20.788
54 81 59.155
54 82 22.797
54 83 70.353
54 84 16.433
54 85 8.635
54 86 50.364
54 87 15.163
54 88 12.755
54 90 31.761
54 91 58.122
54 92 45.729
54 93 5.249
54 94 22.801
54 95 43.253
54 96 36.303
54 97 21.275
54 98 3.44
54 99 33.025
55 56 43.066
55 57 16.145
55 58 30.5
55 59 25.325
55 60 7.851
55 61 19.21
55 62 19.723
55 63 42.642
55 64 47.771
55 66 1.822
55 67 38.304
55 68 16.147
55 69 10.498
55 70 53.869
55 71 22.855
55 72 7.346
55 73 27.504
55 74 15.274
55 75 7.446
55 76 0.068
55 77 3.904
55 78 0.24
55 79 0.21
55 80 49.671
55 81 62.115
55 82 33.561
55 83 1.108
55 84 24.609
55 85 4.072
55 86 4.796
55 87 6.832
55 88 49.413
55 89 52.869
55 90 33.161
55 91 43.733
55 92 37.515
55 93 20.793
55 94 37.592
55 95 0.551
55 96 76.003
55 97 42.428
55 98 25.107
55 99 8.094
56 57 28.66
56 58 59.097
56 59 6.77
56 60 18.209
56 61 48.59
56 62 5.845
56 63 13.843
56 64 53.815
56 65 21.327
56 66 14.863
56 67 5.639
56 68 53.811
56 69 13.509
56 70 10.07
56 71 28.686
56 72 21.019
56 73 50.222
56 76 11.657
56 77 11.92
56 78 1.515
56 79 35.802
56 80 34.029
56 81 18.168
56 82 11.572
56 83 61.334
56 84 47.306
56 85 55.897
56 86 6.801
56 87 83.977
56 88 5.626
56 89 51.734
56 90 40.643
56 92 63.052
56 93 32.911
56 94 79.686
56 95 11.365
56 96 46.926
56 97 4.93
56 98 15.253
56 99 76.421
57 58 1.303
57 59 4.128
57 60 29.841
57 61 20.511
57 62 1.32
57 63 11.889
57 64 1.384
57 65 5.831
57 66 4.843
57 67 22.744
57 68 56.814
57 69 9.1
57 70 35.525
57 71 1.611
57 72 5.715
57 73 33.623
57 74 14.093
57 75 74.598
57 76 35.923
57 77 12.262
57 78 55.499
57 79 8.505
57 80 3.681
57 81 43.431
57 82 38.894
57 83 6.053
57 84 21.149
57 85 4.884
57 86 15.864
57 87 45.682
57 88 26.108
57 89 34.754
57 90 25.401
57 91 66.396
57 92 19.536
57 93 0.624
57 94 45.019
57 96 21.543
57 97 11.863
57 98 24.266
57 99 38.067
58 59 43.326
58 60 24.324
58 61 16.46
58 62 15.82
58 63 4.942
58 64 51.692
58 65 0.913
58 66 18.275
58 67 20.006
58 68 30.488
58 69 13.656
58 70 5.799
58 71 1.462
58 72 48.796
58 73 28.133
58 74 4.941
58 75 39.069
58 76 5.846
58 77 0.357
58 78 40.544
58 79 29.497
58 80 25.871
58 81 24.733
58 82 17.509
58 84 3.84
58 85 14.391
58 86 13.35
58 87 38.672
58 88 32.476
58 89 3.803
58 90 56.436
58 91 12.107
58 92 39.953
58 93 0.589
58 95 9.143
58 96 4.633
58 97 8.844
58 98 67.274
58 99 41.046
59 60 41.906
59 62 2.845
59 63 14.371
59 64 36.906
59 65 36.651
59 66 33.482
59 67 47.507
59 68 49.765
59 69 0.53
59 70 22.588
59 71 76.201
59 72 1.612
59 73 67.559
59 74 5.829
59 75 0.149
59 76 2.626
59 77 16.262
59 78 16.081
59 79 61.411
59 80 42.124
59 81 0.728
59 83 1.445
59 84 61.07
59 85 6.583
59 86 8.225
59 87 8.887
59 88 8.569
59 89 10.113
59 90 15.448
59 91 18.342
59 92 0.119
59 93 2.862
59 94 2.559
59 95 22.769
59 96 7.126
59 97 30.965
59 98 3.217
59 99 21.146
60 61 48.53
60 63 13.467
60 64 1.811
60 65 25.106
60 66 11.461
60 67 26.169
60 68 71.445
60 69 63.705
60 70 31.404
60 71 34.123
60 72 8.804
60 73 17.935
60 74 50.272
60 75 8.824
60 76 7.741
60 77 5.965
60 79 71.351
60 80 35.476
60 81 15.054
60 82 14.501
60 83 7.345
60 84 36.864
60 85 25.612
60 86 18.534
60 87 15.292
60 88 4.271
60 89 14.068
60 90 16.748
60 92 46.116
60 93 22.335
60 94 37.285
60 95 9.009
60 96 0.236
60 97 4.64
60 98 1.374
60 99 44.666
61 62 12.068
61 63 6.91
61 64 15.849
61 65 13.467
61 66 31.95
61 67 42.87
61 68 2.164
61 69 11.653
61 70 20.899
61 71 58.264
61 72 59.249
61 73 4.642
61 74 9.548
61 75 11.676
61 76 63.397
61 77 18.817
61 78 0.319
61 79 24.037
61 80 9.822
61 81 38.667
61 82 32.455
61 83 3.927
61 84 60.276
61 85 3.659
61 86 57.608
61 87 3.26
61 88 23.878
61 89 29.566
61 90 34.191
61 91 1.402
61 92 0.359
61 93 41.711
61 95 1.227
61 96 6.134
61 97 66.074
61 98 3.339
61 99 24.372
62 63 3.591
62 64 17.879
62 65 29.378
62 67 81.275
62 68 19.629
62 69 75.175
62 70 11.446
62 71 3.041
62 72 10.53
62 73 35.503
62 74 37.863
62 75 26.521
62 76 45.929
62 77 30.493
62 78 1.114
62 79 12.479
62 80 25.864
62 81 0.187
62 82 28.339
62 83 38.134
62 84 68.272
62 85 56.684
62 86 8.663
62 87 32.124
62 88 22.163
62 90 73.797
62 91 4.514
62 92 21.352
62 93 12.143
62 94 61.469
62 95 9.436
62 96 12.61
62 97 89.549
62 98 13.251
62 99 57.055
63 64 12.883
63 65 38.371
63 66 28.41
63 67 62.446
63 68 11.853
63 69 4.973
63 70 27.032
63 71 22.505
63 72 56.278
63 73 11.603
63 74 15.277
63 75 31.219
63 76 9.311
63 77 16.37
63 78 8.64
63 79 27.242
63 80 36.045
63 81 4.833
63 82 8.764
63 83 23.494
63 84 48.706
63 85 20.269
63 86 46.681
63 87 6.283
63 88 39.778
63 89 43.362
63 90 76.501
63 91 64.451
63 92 11.081
63 93 2.095
63 94 51.858
63 95 31.118
63 96 29.825
63 97 8.624
63 98 7.324
63 99 34.259
64 65 2.881
64 66 25.444
64 67 46.243
64 68 17.389
64 71 4.415
64 72 9.219
64 73 4.508
64 74 81.688
64 75 10.388
64 76 29.303
64 77 16.254
64 79 12.891
64 80 49.6
64 81 29.9
64 82 34.236
64 84 2.696
64 85 32.516
64 87 54.465
64 88 51.771
64 89 17.932
64 90 26.503
64 91 8.642
64 92 74.291
64 93 10.392
64 94 6.937
64 95 44.269
64 96 32.284
64 97 10.829
64 98 8.188
64 99 0.076
65 66 22.717
65 67 24.995
65 68 98.929
65 69 25.457
65 70 8.348
65 71 25.178
65 72 30.736
65 73 52.281
65 74 16.679
65 75 14.855
65 76 38.817
65 77 1.462
65 78 5.607
65 79 15.506
65 80 70.417
65 81 13.972
65 82 41.252
65 83 20.046
65 84 32.289
65 85 14.164
65 86 8.227
65 87 14.295
65 88 1.671
65 89 0.79
65 90 18.312
65 91 46.101
65 92 53.622
65 93 54.451
65 94 36.241
65 95 26.115
65 96 6.976
65 97 31.662
65 98 70.755
65 99 44.444
66 67 20.557
66 68 21.39
66 69 40.156
66 70 13.233
66 71 1.932
66 72 4.802
66 73 9.652
66 74 38.885
66 75 10.398
66 76 33.71
66 77 11.404
66 78 2.816
66 79 10.469
66 80 1.173
66 81 8.817
66 82 2.905
66 83 14.589
66 84 21.719
66 85 8.284
66 86 10.416
66 87 11.445
66 89 30.902
66 90 4.961
66 91 26.389
66 92 18.866
66 93 47.167
66 94 13.777
66 95 34.611
66 96 5.271
66 97 0.016
66 98 33.134
66 99 6.412
67 68 1.732
67 69 26.202
67 70 45.282
67 71 20.72
67 72 12.055
67 73 36.57
67 74 27.261
67 75 36.516
67 76 1.551
67 77 28.622
67 78 33.192
67 79 23.001
67 80 21.468
67 81 2.949
67 82 51.539
67 83 24.948
67 84 6.487
67 85 0.498
67 86 1.918
67 87 7.66
67 88 38.965
67 89 39.91
67 90 17.929
67 91 11.83
67 92 15.425
67 93 17.169
67 94 28.822
67 95 19.706
67 97 71.54
67 98 64.14
67 99 51.735
68 69 7.005
68 70 0.132
68 71 26.777
68 72 5.341
68 73 78.164
68 74 34.872
68 76 0.043
68 77 18.089
68 78 21.458
68 79 59.613
68 80 12.364
68 81 4.091
68 82 35.58
68 83 97.51
68 84 8.907
68 85 23.053
68 86 16.357
68 87 2.057
68 88 20.828
68 89 14.175
68 90 24.754
68 91 6.115
68 92 25.256
68 93 5.611
68 94 18.983
68 96 78.726
68 97 42.147
68 98 1.847
68 99 9.922
69 70 54.353
69 71 17.798
69 72 56.829
69 73 26.912
69 75 43.217
69 76 13.71
69 77 55.184
69 78 29.373
69 79 33.237
69 80 13.111
69 81 19.287
69 82 52.993
69 83 38.582
69 84 19.363
69 85 15.217
69 86 19.892
69 87 24.634
69 88 6.883
69 89 12.81
69 90 5.364
69 91 52.586
69 92 14.073
69 93 37.119
69 94 10.017
69 95 60.391
69 96 30.122
69 97 11.247
69 98 45.656
69 99 31.285
70 71 10.227
70 72 14.578
70 73 67.829
70 74 3.315
70 75 2.928
70 76 78.272
70 77 4.504
70 78 0.719
70 79 49.16
70 80 50.895
70 81 5.54
70 82 7.013
70 84 16.379
70 85 39.915
70 86 4.813
70 87 4.857
70 88 28.856
70 89 71.914
70 90 19.083
70 91 40.772
70 92 3.554
70 93 9.472
70 94 40.524
70 95 28.517
70 96 74.44
70 97 5.414
70 98 20.288
71 72 29.016
71 73 2.586
71 74 14.0
71 75 21.442
71 76 25.695
71 77 9.185
71 78 18.852
71 79 31.206
71 80 59.421
71 81 1.847
71 82 19.864
71 83 15.101
71 84 30.004
71 85 69.589
71 86 66.467
71 87 22.393
71 88 54.765
71 89 21.879
71 90 21.447
71 91 3.915
71 92 6.155
71 93 72.863
71 94 86.386
71 95 31.986
71 96 10.128
71 97 38.841
71 98 25.688
71 99 63.828
72 73 36.426
72 75 41.369
72 76 92.726
72 77 0.306
72 78 7.434
72 79 17.925
72 80 0.019
72 82 22.901
72 83 3.381
72 84 33.591
72 85 36.751
72 86 30.458
72 87 16.396
72 88 31.77
72 89 2.934
72 90 25.281
72 91 25.148
72 94 23.945
72 95 73.492
72 96 14.375
72 97 81.777
72 98 3.228
72 99 16.847
73 74 8.134
73 75 39.464
73 76 11.874
73 77 51.147
73 78 45.042
73 79 74.834
73 80 1.986
73 81 48.576
73 82 7.965
73 83 68.697
73 85 1.25
73 86 7.998
73 87 4.688
73 88 23.011
73 89 17.138
73 90 3.918
73 91 2.96
73 92 50.212
73 93 1.687
73 94 13.564
73 96 7.404
73 97 52.408
73 98 25.547
73 99 18.752
74 75 14.33
74 76 0.173
74 77 12.604
74 78 39.203
74 79 47.735
74 80 41.793
74 81 17.419
74 82 2.067
74 83 3.144
74 84 21.025
74 85 17.714
74 86 69.137
74 87 46.282
74 88 52.805
74 89 13.807
74 90 7.813
74 91 30.051
74 92 0.618
74 93 56.68
74 94 2.867
74 95 20.15
74 97 35.648
74 98 10.692
74 99 11.513
75 76 27.836
75 77 12.052
75 78 53.24
75 80 1.847
75 81 0.414
75 82 7.962
75 83 2.391
75 84 30.451
75 85 41.135
75 87 17.262
75 88 69.054
75 91 4.457
75 92 6.878
75 93 34.131
75 94 28.183
75 95 24.982
75 96 15.947
75 97 3.392
75 99 0.904
76 77 24.051
76 78 6.339
76 80 60.788
76 81 3.909
76 82 31.981
76 83 14.992
76 84 39.638
76 85 59.086
76 86 9.111
76 87 5.835
76 88 18.74
76 89 9.851
76 90 3.357
76 91 10.536
76 92 48.584
76 93 0.798
76 94 27.125
76 95 16.679
76 96 23.272
76 97 64.098
76 98 1.575
76 99 0.682
77 78 29.466
77 79 43.204
77 80 25.042
77 81 2.795
77 82 65.922
77 83 12.2
77 84 73.146
77 85 0.304
77 86 10.597
77 87 1.243
77 88 75.387
77 90 10.866
77 91 28.57
77 92 13.773
77 93 34.33
77 94 36.375
77 95 5.65
77 98 27.76
77 99 23.691
78 79 23.076
78 80 34.502
78 81 78.428
78 82 82.371
78 83 22.171
78 84 29.652
78 85 10.17
78 86 34.295
78 87 73.616
78 88 6.803
78 89 10.455
78 90 28.876
78 91 2.01
78 92 25.87
78 93 15.33
78 94 13.886
78 95 16.076
78 96 60.975
78 97 4.361
78 98 0.384
78 99 83.148
79 80 26.036
79 81 1.637
79 82 30.02
79 83 70.099
79 84 18.577
79 85 8.688
79 86 8.238
79 87 72.871
79 88 0.262
79 89 23.979
79 90 23.144
79 91 73.633
79 92 18.44
79 93 71.139
79 94 17.835
79 95 8.452
79 96 38.488
79 97 2.701
79 98 14.643
79 99 28.264
80 81 9.509
80 82 38.084
80 83 56.141
80 84 19.807
80 85 32.213
80 86 0.269
80 87 30.589
80 88 34.25
80 89 1.742
80 90 1.77
80 91 16.671
80 92 24.227
80 93 4.067
80 94 25.109
80 95 11.689
80 96 38.69
80 97 5.941
80 98 21.888
80 99 18.268
81 82 18.819
81 83 57.615
81 84 10.023
81 85 58.165
81 86 15.848
81 87 12.905
81 88 5.661
81 89 15.152
81 90 51.044
81 91 2.329
81 92 18.699
81 94 15.109
81 95 39.71
81 96 32.003
81 97 1.075
81 98 51.917
81 99 10.826
82 83 24.359
82 84 0.672
82 85 48.145
82 87 0.008
82 88 0.414
82 89 53.029
82 90 11.623
82 91 66.506
82 92 37.37
82 93 22.248
82 95 17.813
82 96 41.74
82 97 27.94
82 98 34.027
82 99 60.622
83 84 7.134
83 85 17.222
83 86 12.301
83 88 4.462
83 89 4.243
83 90 48.188
83 91 18.258
83 92 80.696
83 93 2.328
83 94 26.196
83 95 46.001
83 96 37.719
83 97 3.958
83 98 46.513
83 99 5.469
84 85 43.765
84 86 1.792
84 87 92.969
84 88 16.588
84 89 32.961
84 90 19.924
84 91 29.354
84 92 6.637
84 93 13.998
84 94 12.452
84 95 0.827
84 97 40.927
84 98 11.367
84 99 55.307
85 86 19.006
85 87 9.416
85 88 25.541
85 89 47.31
85 90 48.117
85 91 74.924
85 92 1.814
85 93 11.454
85 94 29.22
85 95 59.903
85 96 14.693
85 97 28.725
85 98 14.369
85 99 49.504
86 87 22.824
86 89 98.354
86 90 36.119
86 91 80.432
86 92 87.045
86 93 12.84
86 94 2.989
86 95 1.329
86 96 23.588
86 97 14.41
86 98 2.096
86 99 19.554
87 88 50.003
87 89 7.156
87 90 18.151
87 91 0.617
87 92 10.299
87 93 13.241
87 94 16.633
87 95 17.321
87 96 36.427
87 97 26.663
87 98 12.357
87 99 65.095
88 89 34.221
88 90 2.555
88 91 1.841
88 92 20.57
88 93 54.312
88 94 4.379
88 96 35.491
88 97 9.005
88 98 8.091
88 99 45.568
89 90 40.355
89 91 21.078
89 92 72.071
89 93 12.015
89 94 61.231
89 95 8.539
89 97 26.565
89 99 26.25
90 91 73.17
90 93 7.084
90 94 46.509
90 95 37.83
90 96 0.871
90 97 23.578
90 98 16.498
90 99 2.339
91 92 24.763
91 93 33.976
91 94 43.699
91 95 60.801
91 96 18.654
91 98 23.027
91 99 79.452
92 93 40.591
92 94 19.771
92 95 23.43
92 96 72.755
92 97 23.486
92 98 48.038
92 99 53.614
93 94 12.709
93 95 13.912
93 96 4.174
93 97 76.687
93 98 2.14
93 99 8.906
94 95 82.34
94 96 39.141
94 97 20.878
94 98 2.216
94 99 11.578
95 96 71.961
95 97 14.776
95 98 43.494
95 99 13.712
96 97 12.606
96 98 28.805
96 99 12.278
97 98 1.978
97 99 0.222
98 99 4.061