100
0 92 31.741
0 49 47.081
0 95 98.13
0 48 65.199
1 87 19.591
1 40 43.895
1 11 17.1
1 82 42.319
2 36 93.103
2 34 3.276
2 52 11.417
2 29 50.546
2 41 96.682
2 26 86.213
2 88 73.651
2 75 47.834
2 7 71.867
2 4 74.629
3 23 0.301
3 22 59.312
3 79 70.803
3 9 94.721
3 36 4.355
3 38 62.91
3 60 89.036
3 13 64.08
3 97 7.889
4 26 62.263
4 22 82.895
4 8 91.903
4 80 87.415
4 61 55.175
4 51 59.84
4 17 97.444
4 40 78.439
5 40 18.188
5 72 15.722
5 55 33.963
5 39 10.068
5 57 57.234
6 37 26.31
6 74 22.655
6 30 48.835
6 57 37.204
6 68 73.305
7 84 25.004
7 70 23.362
7 77 89.533
7 38 20.542
7 32 87.521
7 92 16.721
8 21 39.133
8 98 18.132
8 59 66.365
8 51 9.821
8 77 14.721
9 48 35.978
9 28 43.349
9 93 31.566
9 57 21.878
9 44 82.355
9 72 43.173
9 62 37.32
10 82 93.548
10 92 12.437
10 57 75.781
10 90 38.381
11 55 68.216
11 86 58.005
11 85 70.657
11 39 48.107
12 43 38.518
12 18 29.358
12 36 68.708
13 19 51.5
13 72 12.681
13 56 6.48
13 97 36.004
13 30 20.622
13 48 80.505
14 62 46.926
14 25 22.939
14 72 36.623
14 40 65.092
14 41 64.899
15 50 69.724
15 71 58.314
15 54 73.922
15 57 59.152
16 83 0.117
16 98 67.174
16 79 40.544
16 91 91.712
16 84 30.591
16 69 8.611
17 65 24.814
17 57 19.16
17 23 53.403
17 76 11.804
17 60 38.336
17 91 85.864
18 22 91.211
18 33 13.831
19 34 59.135
19 56 40.905
19 41 34.933
19 32 45.177
19 20 53.195
19 47 40.962
20 95 73.188
20 51 66.42
20 35 98.101
20 80 24.489
20 76 62.687
20 25 24.926
20 41 33.701
20 57 83.12
20 69 60.639
21 32 94.394
21 37 76.845
21 49 74.805
22 80 34.563
22 45 5.844
22 97 99.448
22 33 46.104
22 66 67.414
22 95 22.219
22 99 30.433
23 26 50.883
23 81 21.556
23 45 38.401
23 64 15.427
23 72 47.094
24 92 93.877
24 80 20.376
24 69 90.062
24 77 84.515
24 82 95.947
25 47 54.974
25 75 7.357
25 45 39.025
26 87 91.908
26 45 43.697
26 33 47.738
26 84 9.58
27 69 51.125
27 85 56.462
28 79 78.335
28 57 26.422
28 74 66.318
28 91 44.681
29 37 0.645
29 89 25.884
29 38 2.489
29 36 31.118
29 41 85.585
29 80 63.873
30 31 56.716
30 44 51.361
31 53 27.451
31 44 41.979
31 95 19.751
31 61 25.524
32 65 91.003
32 79 12.907
32 50 57.281
32 36 93.391
33 37 49.088
33 92 92.591
33 80 98.449
33 96 64.844
33 66 49.6
34 97 59.603
34 50 54.384
34 70 15.324
34 81 37.609
34 63 77.53
35 77 26.387
35 54 24.933
35 94 95.726
35 57 50.262
35 43 22.531
35 76 10.871
35 96 72.662
35 51 19.02
35 39 95.94
36 56 83.494
36 73 94.371
36 37 85.208
36 48 10.254
36 58 20.157
36 90 49.362
37 72 83.487
38 54 31.304
38 67 79.09
38 99 53.749
38 82 96.3
39 69 14.611
39 81 8.638
40 77 97.909
40 50 61.593
40 93 68.459
40 96 79.708
41 46 32.674
41 82 28.507
41 90 99.298
41 74 14.852
41 43 23.475
42 64 23.209
42 68 41.205
43 66 55.72
43 64 66.499
43 77 15.536
44 95 11.333
44 66 45.713
44 93 59.304
45 72 17.396
45 84 56.37
45 58 82.164
46 68 71.625
46 90 94.084
46 85 30.737
46 89 5.306
47 79 76.921
47 87 11.805
48 72 75.109
48 85 92.45
48 83 63.611
48 74 18.776
50 66 27.685
50 60 46.206
51 93 14.075
51 65 66.647
51 63 33.058
51 96 59.251
52 76 74.053
53 66 35.794
53 57 81.002
53 98 43.749
53 60 31.423
54 77 33.144
55 78 64.072
55 56 94.691
56 64 18.177
57 65 28.201
57 96 42.658
57 63 99.132
57 84 91.472
58 91 95.138
58 86 20.811
58 90 32.713
58 83 47.139
59 80 44.77
59 74 92.122
60 87 91.752
60 63 15.555
60 99 0.055
61 81 67.169
61 98 98.665
62 89 24.118
62 80 11.822
62 64 52.715
62 94 39.605
63 84 97.717
64 89 80.371
64 82 80.877
64 81 59.38
65 84 83.572
65 88 79.071
65 91 21.924
65 78 50.356
65 68 75.216
66 92 69.881
66 93 19.848
67 88 77.334
67 80 46.724
68 87 23.466
69 85 58.357
69 87 89.694
69 81 41.853
70 72 12.82
71 80 88.496
71 86 14.487
73 75 49.819
73 85 85.939
74 98 77.846
76 90 88.985
78 87 50.303
79 81 23.935
79 92 2.042
80 98 6.559
81 85 9.988
82 86 20.599
83 88 25.157
85 92 25.383
86 88 51.966
86 87 84.716
89 93 25.972
92 98 13.36
93 94 20.123