100
0 6 11.128
0 25 65.962
0 26 16.797
0 37 24.424
0 52 56.858
0 53 64.332
0 58 90.931
0 75 92.575
0 76 69.961
0 83 19.278
0 91 82.76
1 12 40.156
1 42 88.269
1 45 61.34
1 66 83.198
1 72 94.4
1 86 67.839
1 88 82.585
1 94 16.993
2 40 4.265
2 43 63.688
2 51 75.931
2 56 41.771
2 65 95.324
2 77 16.62
2 95 11.953
3 11 47.145
3 14 8.702
3 15 5.563
3 16 67.565
3 27 13.102
3 40 14.299
3 52 23.44
3 59 67.393
3 83 1.569
3 98 78.931
3 99 24.045
4 5 21.771
4 9 10.209
4 18 8.871
4 20 64.372
4 41 30.995
4 42 42.796
4 47 87.979
4 61 45.801
4 65 42.789
4 70 70.835
4 79 70.352
4 90 19.911
4 91 0.694
4 99 86.615
5 6 65.353
5 13 84.408
5 22 99.839
5 26 14.604
5 29 1.744
5 31 28.115
5 35 53.462
5 43 40.721
5 46 42.203
5 53 2.416
5 54 59.41
5 67 17.758
5 89 10.158
5 98 72.388
6 8 87.033
6 12 56.166
6 21 66.633
6 23 3.363
6 24 19.306
6 33 4.834
6 35 53.121
6 45 54.808
6 66 13.303
6 98 38.084
7 14 15.728
7 29 20.342
7 41 78.921
7 50 98.431
7 54 15.45
7 55 49.804
7 56 65.574
7 73 87.406
7 74 14.333
7 81 49.859
7 83 93.253
7 91 56.535
7 99 49.6
8 13 99.393
8 18 57.194
8 28 93.872
8 49 74.464
8 73 0.104
8 83 49.763
8 98 64.21
9 10 71.751
9 17 54.764
9 44 40.629
9 59 9.996
9 79 9.88
9 94 84.054
10 15 21.005
10 44 21.276
10 56 94.013
11 13 93.458
11 16 51.611
11 37 58.713
11 42 67.32
11 47 50.669
11 58 22.23
11 62 94.702
11 66 75.18
12 24 99.9
12 26 96.361
12 28 91.223
12 31 51.614
12 34 7.323
12 36 89.353
12 46 35.702
12 63 25.384
12 85 94.644
12 92 38.908
13 23 67.257
13 25 10.235
13 30 24.808
13 42 94.71
13 44 7.444
13 46 28.617
13 96 97.467
14 19 18.469
14 35 34.04
14 36 75.757
14 37 48.29
14 38 35.056
14 48 40.885
14 50 29.969
14 60 53.035
14 70 85.95
14 82 45.217
14 83 96.526
15 16 70.373
15 18 0.517
15 24 1.155
15 25 46.306
15 27 23.442
15 30 54.635
15 33 52.614
15 35 39.366
15 38 89.199
15 44 76.984
15 60 23.467
15 62 73.543
15 68 22.911
15 74 12.488
15 78 47.541
15 82 13.504
15 97 30.485
15 99 5.314
16 20 16.929
16 23 87.121
16 50 25.851
16 64 77.252
16 67 55.201
16 87 89.335
16 96 75.715
17 21 66.437
17 29 77.949
17 33 25.53
17 46 54.985
17 78 19.52
17 84 80.493
17 85 92.933
17 86 78.228
18 21 6.162
18 27 28.089
18 30 75.304
18 34 25.279
18 36 44.328
18 48 14.24
18 51 65.07
18 74 32.371
18 76 55.627
18 85 1.507
19 32 40.934
19 37 31.136
19 38 15.168
19 55 6.908
19 67 27.165
19 68 85.887
19 69 47.145
19 87 96.775
19 91 85.772
20 23 35.862
20 26 95.77
20 29 14.795
20 37 82.85
20 40 32.815
20 43 81.933
20 48 11.318
20 49 89.61
20 56 64.19
20 82 1.57
21 32 70.005
21 41 28.737
21 45 52.774
21 54 48.381
21 67 4.421
21 75 82.313
22 30 27.979
22 31 18.997
22 35 87.53
22 38 64.914
22 41 32.254
22 58 60.819
22 59 58.16
22 78 67.605
22 80 54.797
22 85 10.014
22 87 58.1
23 33 10.551
23 41 85.106
23 66 30.004
23 72 46.872
23 74 42.654
23 89 34.51
23 94 96.039
24 39 45.482
24 47 89.364
24 59 1.476
24 60 51.475
24 65 33.832
24 67 53.506
24 68 40.578
24 73 66.692
24 86 22.887
25 52 19.099
25 53 88.974
25 79 64.025
25 82 26.988
25 89 33.583
26 37 20.659
26 68 56.156
26 69 27.105
26 76 72.181
26 80 66.279
27 36 4.683
27 52 71.187
27 70 79.222
27 97 12.113
28 33 0.535
28 36 58.459
28 54 75.023
28 62 27.577
28 64 74.174
28 73 15.956
28 92 44.987
29 34 38.667
29 35 29.181
29 48 79.483
29 60 70.89
29 63 92.747
29 64 20.247
29 76 91.817
29 81 36.264
29 87 86.861
29 91 78.62
29 99 25.391
30 35 82.641
30 40 17.974
30 65 43.603
30 78 76.455
30 88 83.714
30 92 14.437
31 36 17.214
31 38 72.307
31 45 3.047
31 51 18.846
31 52 44.82
31 58 4.981
31 61 85.573
31 77 66.875
31 82 70.955
31 93 74.357
31 97 20.677
32 57 3.124
32 64 37.225
32 78 7.016
32 83 26.214
32 87 19.303
33 68 29.946
33 82 70.837
34 35 61.26
34 46 75.201
34 49 9.047
34 61 77.921
34 77 93.254
34 78 80.873
34 86 42.706
35 41 9.66
35 43 30.567
35 72 84.028
35 81 44.949
35 92 53.447
35 93 30.633
36 40 32.023
36 46 54.646
36 49 6.317
36 64 97.141
36 75 46.477
36 83 44.057
36 96 90.075
37 42 83.627
37 53 4.0
37 63 18.722
37 64 81.724
37 65 77.652
37 70 64.191
37 71 66.054
37 78 72.352
37 81 75.371
37 91 22.617
38 46 25.939
38 53 49.517
38 55 8.599
38 64 2.823
38 83 43.131
38 91 36.458
38 99 71.898
39 44 25.722
39 47 47.68
39 49 25.831
39 58 27.055
39 85 19.597
39 87 68.802
39 89 38.193
39 91 93.334
40 53 73.323
40 69 15.588
40 81 97.264
40 82 73.334
40 89 64.507
40 91 35.675
41 55 20.866
41 83 10.748
41 89 82.438
41 90 39.613
42 47 38.064
42 55 91.413
42 78 64.955
42 80 12.801
43 45 44.885
43 60 55.03
43 63 91.083
43 68 70.285
43 76 4.085
43 96 31.464
43 97 35.248
44 52 82.914
44 60 84.877
44 61 80.076
44 78 33.839
44 86 86.14
45 48 42.085
45 60 56.19
45 79 24.712
45 86 69.502
46 51 77.449
46 59 69.517
46 80 10.463
47 48 54.661
47 50 34.193
47 57 15.651
47 64 54.082
47 86 63.61
47 90 32.612
47 97 55.102
48 60 79.188
48 70 8.269
48 74 19.122
48 76 26.59
48 87 39.418
49 54 53.467
49 57 47.896
49 85 37.399
49 91 22.785
49 97 28.035
50 58 13.544
50 99 60.865
51 60 1.633
51 69 90.082
51 73 29.445
51 79 58.797
52 62 18.037
52 63 73.924
52 71 54.569
52 82 79.487
52 85 73.161
52 99 82.482
53 64 78.029
53 68 27.972
53 70 27.654
53 84 32.141
53 99 53.9
54 56 88.65
54 62 24.05
54 63 29.986
54 67 58.613
54 68 45.021
54 80 78.497
55 77 49.626
55 83 91.2
55 86 49.59
55 93 59.808
55 97 50.04
56 59 1.533
56 66 5.008
56 96 91.432
57 63 97.767
57 67 71.912
57 79 58.218
58 62 93.994
58 65 35.645
58 66 83.022
58 89 39.373
59 65 74.752
59 68 67.186
59 71 93.64
59 73 64.817
59 84 66.394
59 95 2.862
59 99 89.413
60 61 65.938
60 68 34.419
60 78 96.156
60 82 75.126
60 83 90.608
60 88 83.278
60 92 96.62
60 98 11.719
61 79 50.38
61 85 3.485
61 86 44.312
61 98 56.521
62 70 48.378
62 71 18.475
62 84 76.063
62 99 71.308
63 71 81.631
63 80 66.573
63 81 43.08
63 83 52.9
63 86 25.132
64 68 87.638
64 70 2.579
64 96 13.543
65 72 74.966
65 76 75.62
65 77 28.922
65 80 40.482
65 86 25.746
65 94 11.658
66 68 88.689
66 69 68.073
66 73 99.712
67 70 63.75
67 79 30.101
67 84 74.992
68 69 50.466
68 72 54.274
68 88 37.224
68 91 64.622
68 97 5.368
69 83 83.397
69 93 77.746
69 98 70.208
70 71 85.34
70 91 61.977
71 73 83.727
71 76 21.792
71 78 77.326
71 82 27.499
72 81 77.211
72 86 29.958
72 88 97.695
73 79 28.672
73 81 65.256
73 86 84.835
73 88 53.594
73 90 65.563
73 92 3.713
73 98 99.2
74 78 52.149
74 89 45.877
75 88 82.458
76 84 62.306
76 94 77.161
77 89 36.623
77 95 64.435
78 84 51.906
79 87 91.094
79 90 17.887
79 91 9.693
79 95 82.752
80 98 13.545
81 82 56.626
81 94 26.803
82 94 15.05
82 98 62.642
83 98 88.349
84 85 10.132
84 87 74.838
84 92 94.99
84 97 66.439
85 95 55.641
86 95 1.533
86 97 77.072
87 92 6.52
88 92 1.058
90 99 62.188
93 97 91.605
96 99 87.098