51  
0 1 10.1
0 2 10.1
0 3 10.1
0 4 10.1
0 5 10.1
0 6 10.1
0 7 10.1
0 8 10.1
0 9 10.1
0 10 10.1
0 11 10.1
0 12 10.1
0 13 10.1
0 14 10.1
0 15 10.1
0 16 10.1
0 17 10.1
0 18 10.1
0 19 10.1
0 20 10.1
0 21 10.1
0 22 10.1
0 23 10.1
0 24 10.1
0 25 10.1
0 26 10.1
0 27 10.1
0 28 10.1
0 29 10.1
0 30 10.1
0 31 10.1
0 32 10.1
0 33 10.1
0 34 10.1
0 35 10.1
0 36 10.1
0 37 10.1
0 38 10.1
0 39 10.1
0 40 10.1
0 41 10.1
0 42 10.1
0 43 10.1
0 44 10.1
0 45 10.1
0 46 10.1
0 47 10.1
0 48 10.1
0 49 10.1
0 50 10.1
1 2 5.1
2 3 5.1
3 4 5.1
4 5 5.1
5 6 5.1
6 7 5.1
7 8 5.1
8 9 5.1
9 10 5.1
10 11 5.1
11 12 5.1
12 13 5.1
13 14 5.1
14 15 5.1
15 16 5.1
16 17 5.1
17 18 5.1
18 19 5.1
19 20 5.1
20 21 5.1
21 22 5.1
22 23 5.1
23 24 5.1
24 25 5.1
25 26 5.1
26 27 5.1
27 28 5.1
28 29 5.1
29 30 5.1
30 31 5.1
31 32 5.1
32 33 5.1
33 34 5.1
34 35 5.1
35 36 5.1
36 37 5.1
37 38 5.1
38 39 5.1
39 40 5.1
40 41 5.1
41 42 5.1
42 43 5.1
43 44 5.1
44 45 5.1
45 46 5.1
46 47 5.1
47 48 5.1
48 49 5.1
49 50 5.1
50 1 5.1
1 2 6.1
2 3 6.1
3 4 6.1
4 5 6.1
5 6 6.1
6 7 6.1
7 8 6.1
8 9 6.1
9 10 6.1
10 11 6.1
11 12 6.1
12 13 6.1
13 14 6.1
14 15 6.1
15 16 6.1
16 17 6.1
17 18 6.1
18 19 6.1
19 20 6.1
20 21 6.1
21 22 6.1
22 23 6.1
23 24 6.1
24 25 6.1
25 26 6.1
26 27 6.1
27 28 6.1
28 29 6.1
29 30 6.1
30 31 6.1
31 32 6.1
32 33 6.1
33 34 6.1
34 35 6.1
35 36 6.1
36 37 6.1
37 38 6.1
38 39 6.1
39 40 6.1
40 41 6.1
41 42 6.1
42 43 6.1
43 44 6.1
44 45 6.1
45 46 6.1
46 47 6.1
47 48 6.1
48 49 6.1
49 50 6.1
50 1 6.1