52
0 1 3.0
0 2 2.0
1 3 5.0
1 2 1.0
3 0 4.0
2 4 5.0
4 3 2.0
1 4 7.0
5 2 1.0
4 5 10.0
3 5 15.0
6 4 2.0
6 3 1.0
7 5 4.0
7 6 2.0
8 4 6.0
8 7 5.0
9 8 9.0
9 4 5.0
10 3 3.0
10 7 4.0
11 7 9.0
11 9 9.0
12 9 9.0
12 6 8.0
13 11 8.0
13 10 7.0
14 17 2.0
14 5 8.0
15 19 9.0
15 5 5.0
16 8 4.0
16 3 3.0
17 19 19.0
17 4 3.0
18 8 2.0
18 20 1.0
19 2 3.0
19 6 6.0
20 19 4.0
20 14 5.0
21 20 9.0
21 12 8.0
22 24 4.0
22 3 4.0
23 4 7.0
23 7 9.0
24 4 4.0
24 26 6.0
25 5 7.0
25 27 7.0
26 18 6.0
26 16 7.0
27 12 5.0
27 14 8.0
28 19 4.0
28 29 3.0
29 10 2.0
29 30 7.0
30 20 3.0
30 7 2.0
31 5 5.0
31 7 9.0
32 40 4.0
32 31 9.0
33 37 4.0
33 6 8.0
34 24 8.0
34 21 4.0
35 27 5.0
35 41 7.0
36 26 4.0
36 32 4.0
37 38 2.0
37 14 3.0
38 6 4.0
38 37 7.0
39 31 3.0
39 32 4.0
40 9 9.0
40 37 7.0
41 43 5.0
41 37 4.0
42 13 4.0
42 17 7.0
43 9 9.0
43 38 4.0
44 42 2.0
44 45 5.0
45 17 4.0
45 23 3.0
46 47 4.0
46 18 2.0
47 6 8.0
47 48 8.0
48 9 8.0
48 43 3.0
49 45 3.0
49 46 4.0
50 9 7.0
50 51 4.0
51 49 4.0
51 3 6.0
