100
0 1 89.58
0 27 54.84
1 2 17.25
1 67 25.71
2 3 90.0
2 44 73.37
3 4 54.11
3 55 16.99
4 5 38.23
4 61 85.27
5 6 55.84
5 71 98.22
6 7 36.47
6 0 43.53
7 8 7.03
7 34 15.11
8 9 18.6
8 2 16.78
9 10 62.6
9 6 45.9
10 11 60.67
10 47 83.93
11 12 95.71
11 3 93.55
12 13 31.34
12 59 91.18
13 14 42.02
13 10 24.55
14 15 7.66
14 73 98.87
15 16 2.97
15 71 64.39
16 17 80.91
16 48 23.02
17 18 50.11
17 7 74.35
18 19 80.82
18 3 49.55
19 20 20.5
19 59 12.36
20 21 25.6
20 76 35.82
21 22 48.84
21 2 85.89
22 23 99.08
22 57 62.69
23 24 20.61
23 95 92.62
24 25 53.75
24 0 32.18
25 26 26.03
25 5 45.44
26 27 41.88
26 73 86.28
27 28 73.33
27 95 76.92
28 29 68.21
28 67 97.15
29 30 61.49
29 25 97.56
30 31 51.72
30 61 25.47
31 32 8.57
31 52 42.82
32 33 77.54
32 56 30.59
33 34 80.46
33 22 0.7
34 35 14.31
34 43 42.88
35 36 41.68
35 95 68.24
36 37 59.98
36 31 28.58
37 38 32.97
37 59 72.13
38 39 91.32
38 85 63.48
39 40 90.72
39 82 71.36
40 41 96.24
40 49 87.65
41 42 77.08
41 97 60.46
42 43 96.31
42 29 95.27
43 44 86.72
43 71 79.73
44 45 53.96
44 46 82.18
45 46 50.5
45 71 60.14
46 47 5.22
46 74 87.56
47 48 56.86
47 20 68.31
48 49 92.45
48 41 60.99
49 50 78.79
49 86 73.29
50 51 33.48
50 0 96.42
51 52 95.38
51 61 80.2
52 53 5.78
52 19 56.15
53 54 68.84
53 74 15.05
54 55 66.07
54 67 19.96
55 56 18.39
55 70 41.52
56 57 26.02
56 76 89.08
57 58 7.45
57 63 70.83
58 59 73.09
58 17 68.29
59 60 16.36
59 73 22.87
60 61 66.51
60 89 61.99
61 62 71.53
61 32 97.84
62 63 17.57
62 79 11.31
63 64 16.06
63 3 61.44
64 65 31.91
64 81 6.82
65 66 10.63
65 77 77.9
66 67 26.37
66 38 56.18
67 68 69.08
67 84 42.71
68 69 81.18
68 87 80.55
69 70 66.85
69 94 78.17
70 71 73.3
70 98 49.25
71 72 90.51
71 94 72.76
72 73 35.04
72 64 63.41
73 74 13.61
73 78 39.6
74 75 85.06
74 88 46.44
75 76 3.21
75 82 38.79
76 77 59.88
76 94 6.16
77 78 19.16
77 95 94.82
78 79 85.32
78 45 5.77
79 80 2.56
79 16 53.93
80 81 94.51
80 88 52.59
81 82 64.43
81 47 40.46
82 83 20.55
82 91 8.07
83 84 60.08
83 97 22.97
84 85 73.94
84 69 65.61
85 86 91.78
85 88 76.95
86 87 7.03
86 97 19.03
87 88 2.19
87 91 60.27
88 89 43.85
88 91 26.05
89 90 30.61
89 94 97.18
90 91 13.11
90 93 51.59
91 92 96.91
91 96 64.8
92 93 94.73
92 10 67.23
93 94 26.11
93 99 63.72
94 95 24.09
94 96 14.39
95 96 13.56
95 74 12.44
96 97 23.1
96 98 58.79
97 98 78.89
97 99 71.79
98 99 74.8
99 95 75.22
