100
32 54 34.481
32 77 16.965
32 68 75.305
32 82 22.487
32 43 26.41
32 34 81.688
32 48 55.555
32 55 72.396
32 16 28.639
32 78 87.383
32 1 59.208
32 20 94.756
32 28 80.664
32 72 18.039
32 79 3.876
32 93 90.623
32 26 31.686
32 84 26.408
32 24 14.973
32 36 29.029
32 59 95.171
32 50 3.984
32 73 15.083
32 64 16.78
32 71 54.866
32 85 96.677
32 13 47.469
32 6 86.24
32 46 82.216
32 37 81.248
32 51 85.056
32 65 46.611
32 88 45.072
32 95 79.926
32 86 6.076
32 17 87.588
32 2 19.715
32 40 80.523
32 31 34.478
32 0 94.384
32 52 22.452
32 41 8.854
32 39 57.159
32 25 64.308
32 62 38.322
32 76 87.744
32 90 49.645
32 42 45.431
32 33 10.555
32 7 64.504
54 87 37.101
54 37 60.096
54 45 68.119
54 50 38.063
54 31 72.665
54 72 69.462
54 67 29.609
54 57 58.462
54 30 52.849
54 34 50.557
54 15 88.119
54 20 50.717
54 28 85.549
54 91 68.519
54 41 94.825
54 82 5.276
54 62 71.29
54 13 66.074
54 14 51.148
54 47 95.821
54 7 12.993
54 78 67.634
54 88 78.859
54 83 27.956
54 12 13.745
54 63 82.388
54 6 87.66
54 39 71.382
54 89 8.713
54 9 5.623
54 17 14.358
54 55 34.585
54 38 79.781
54 23 26.767
54 8 53.452
54 94 77.333
54 58 13.377
54 1 37.028
54 22 70.804
54 35 99.922
54 97 74.151
54 74 29.177
54 95 97.723
54 86 61.216
54 33 68.941
54 59 97.033
54 18 35.853
54 27 61.775
54 66 79.273
39 70 95.897
39 5 16.823
39 99 75.956
39 60 61.815
39 93 16.258
39 20 11.17
39 28 42.14
39 90 39.751
39 43 39.251
39 63 47.897
39 23 41.392
39 31 24.314
39 92 31.867
39 42 33.437
39 75 67.329
39 18 9.063
39 62 50.828
39 95 2.572
39 44 59.354
39 84 98.798
39 77 81.559
39 74 38.139
39 67 26.076
39 4 13.414
39 19 75.739
39 57 63.252
39 87 21.026
39 69 41.299
39 36 71.587
39 66 14.329
39 22 65.461
39 30 37.605
39 56 45.174
39 0 33.112
39 79 58.824
39 68 34.392
39 97 98.53
39 9 54.871
39 17 53.355
39 59 79.895
39 3 19.205
39 71 59.989
39 2 62.011
39 58 35.465
39 91 40.292
39 40 52.62
39 80 66.481
39 73 44.562
70 94 69.64
70 81 27.324
70 5 61.81
70 72 79.086
70 24 99.441
70 40 34.879
70 20 61.312
70 95 85.139
70 8 35.621
70 73 54.815
70 47 86.471
70 13 76.513
70 29 23.38
70 35 81.052
70 1 43.322
70 17 7.021
70 78 52.336
70 30 77.304
70 69 40.07
70 59 84.98
70 41 0.01
70 66 7.96
70 90 45.024
70 84 43.814
70 79 88.181
70 9 42.657
70 34 50.929
70 25 11.001
70 50 60.35
70 38 66.812
70 96 8.68
70 82 1.897
70 71 32.334
70 22 68.383
70 49 43.367
70 4 55.251
70 97 43.847
70 88 31.015
70 74 24.701
70 33 83.493
70 46 99.662
70 44 54.675
70 89 73.272
70 80 94.315
70 55 53.48
70 0 7.196
70 43 65.199
70 68 78.134
70 23 88.222
4 36 61.048
4 35 30.505
4 42 96.804
4 17 63.925
4 90 56.543
4 65 56.976
4 72 94.076
4 55 86.694
4 37 28.696
4 44 6.745
4 25 77.573
4 15 40.874
4 73 55.201
4 63 25.333
4 45 1.439
4 20 68.123
4 19 7.765
4 8 61.521
4 86 7.415
4 93 79.11
4 68 5.813
4 67 72.121
4 49 75.839
4 27 37.884
4 9 61.553
4 87 12.299
4 94 12.119
4 69 81.311
4 50 21.703
4 29 86.79
4 10 98.59
4 80 92.215
4 2 57.75
4 77 6.894
4 51 79.361
4 58 26.812
4 33 85.354
4 30 33.183
4 5 86.644
4 12 28.013
4 99 31.218
4 88 32.857
4 34 83.648
4 41 17.052
4 6 20.679
4 13 45.202
4 89 47.732
4 61 83.192
36 41 46.837
36 95 39.994
36 97 57.188
36 23 50.954
36 6 47.647
36 61 97.517
36 11 36.556
36 29 19.432
36 71 44.853
36 78 53.418
36 34 52.603
36 98 0.249
36 62 82.928
36 37 12.98
36 44 12.527
36 43 34.765
36 82 71.542
36 19 98.278
36 27 17.153
36 99 99.377
36 48 15.937
36 45 33.754
36 84 85.772
36 83 37.118
36 5 69.515
36 72 85.968
36 10 6.524
36 49 4.784
36 56 58.58
36 15 74.227
36 20 80.049
36 3 15.669
36 28 51.946
36 57 14.791
36 47 72.75
36 1 49.34
36 68 40.08
36 74 51.438
36 30 15.903
36 51 22.564
36 33 72.269
36 94 2.113
36 69 39.916
36 76 27.167
36 24 73.442
36 53 58.959
36 60 12.596
8 63 39.841
8 94 61.227
8 45 31.659
8 69 26.647
8 50 53.111
8 0 61.431
8 88 41.348
8 95 41.73
8 46 53.161
8 77 11.141
8 98 23.749
8 30 66.857
8 12 57.587
8 82 70.918
8 89 76.774
8 40 59.478
8 64 59.362
8 47 33.264
8 71 14.468
8 78 65.595
8 24 81.004
8 31 81.601
8 13 96.442
8 65 82.52
8 72 60.619
8 79 74.761
8 18 93.032
8 14 32.043
8 60 33.112
8 84 48.567
8 35 86.855
8 92 9.677
8 43 99.278
8 67 24.15
8 74 13.422
8 20 75.373
8 27 5.658
8 48 44.122
8 55 48.497
8 86 59.031
8 68 87.59
8 96 32.196
8 21 80.991
8 28 91.05
8 10 12.949
8 6 53.79
8 80 62.567
63 76 66.771
63 61 75.834
63 37 39.302
63 96 98.357
63 50 4.398
63 26 78.008
63 2 11.134
63 31 26.12
63 44 64.786
63 58 89.014
63 34 87.212
63 52 93.321
63 83 77.888
63 88 0.317
63 47 97.155
63 23 41.013
63 60 31.088
63 91 79.382
63 64 25.731
63 12 2.076
63 49 94.823
63 25 88.616
63 1 83.302
63 43 47.946
63 67 28.707
63 57 50.353
63 38 13.005
63 51 93.928
63 40 34.394
63 87 75.109
63 69 71.466
63 45 4.905
63 46 57.586
63 22 10.351
63 59 90.776
63 35 4.118
63 11 94.215
63 48 15.35
63 74 51.716
63 5 7.299
63 97 7.354
63 42 50.451
63 18 61.385
63 19 15.217
63 56 49.437
63 71 67.272
7 25 52.895
7 15 14.74
7 97 17.895
7 76 64.882
7 52 81.131
7 69 47.393
7 45 58.084
7 42 24.485
7 24 83.326
7 17 20.518
7 96 96.352
7 89 22.581
7 86 25.993
7 62 11.538
7 68 57.993
7 34 92.482
7 9 10.065
7 0 43.013
7 99 82.894
7 88 67.873
7 57 41.724
7 47 34.403
7 29 11.015
7 26 93.529
7 3 83.63
7 98 35.794
7 80 45.714
7 2 60.778
7 73 31.912
7 28 43.3
7 21 73.993
7 18 91.91
7 59 23.249
7 48 31.96
7 65 33.342
7 38 93.067
7 31 3.271
7 13 43.279
7 85 48.615
7 58 57.967
7 64 97.762
7 40 56.971
7 23 11.197
7 77 9.865
7 74 67.96
7 50 48.143
7 67 55.881
7 43 56.42
25 49 79.411
25 31 5.461
25 12 51.834
25 83 95.027
25 93 4.678
25 38 26.76
25 15 5.186
25 48 74.288
25 30 95.12
25 64 64.366
25 73 89.848
25 20 58.462
25 91 87.907
25 92 34.597
25 37 84.568
25 13 12.278
25 46 83.137
25 55 79.953
25 98 89.37
25 72 85.951
25 81 71.165
25 90 53.386
25 3 98.777
25 45 10.856
25 21 36.274
25 10 91.867
25 97 7.004
25 19 13.938
25 28 95.587
25 79 29.494
25 80 42.252
25 2 98.778
25 34 62.127
25 62 34.59
25 96 8.504
25 17 64.476
25 26 22.273
25 40 56.677
25 69 33.908
25 33 65.07
25 1 37.787
25 67 90.216
25 95 53.111
25 50 5.342
25 94 98.018
76 78 78.65
76 67 45.568
76 96 78.023
76 47 4.731
76 74 61.023
76 19 58.438
76 35 61.947
76 79 31.333
76 58 23.887
76 18 42.233
76 46 38.905
76 90 73.871
76 72 10.369
76 57 22.066
76 73 1.114
76 6 46.431
76 98 53.587
76 28 60.475
76 44 32.414
76 13 61.947
76 56 83.472
76 92 26.353
76 91 77.634
76 12 6.281
76 55 23.772
76 71 1.586
76 43 7.417
76 99 65.133
76 23 70.469
76 66 55.718
76 93 8.946
76 83 40.774
76 50 41.569
76 3 55.907
76 85 65.673
76 26 71.057
76 64 42.164
76 22 78.842
76 68 77.71
76 10 72.534
76 69 9.826
76 95 95.505
76 86 20.23
76 9 92.999
76 59 30.736
76 75 20.038
11 90 53.334
11 83 20.298
11 65 12.004
11 21 79.628
11 98 86.948
11 56 6.744
11 47 19.239
11 93 56.47
11 75 95.772
11 59 78.406
11 48 61.234
11 46 31.368
11 92 25.664
11 74 95.892
11 67 5.175
11 23 26.129
11 12 79.681
11 5 47.428
11 58 19.248
11 51 54.755
11 33 9.597
11 95 8.25
11 84 22.937
11 24 61.057
11 17 26.001
11 22 63.603
11 50 30.761
11 87 53.047
11 69 76.014
11 14 38.327
11 60 90.477
11 42 8.305
11 35 44.66
11 81 71.467
11 9 92.154
11 79 84.436
11 68 15.296
11 26 83.147
11 96 18.368
11 52 49.107
11 6 60.313
11 34 70.759
11 91 12.317
11 73 19.264
11 71 13.872
11 29 56.933
11 18 99.613
11 57 69.74
90 71 44.466
90 97 22.207
90 62 56.841
90 51 45.892
90 52 32.58
90 19 4.651
90 66 26.754
90 18 11.762
90 31 68.76
90 22 67.828
90 65 40.665
90 17 49.046
90 47 27.597
90 48 33.498
90 45 16.549
90 14 29.982
90 61 14.741
90 13 85.09
90 75 33.801
90 92 27.998
90 86 62.995
90 83 12.564
90 0 57.377
90 38 54.799
90 35 6.746
90 93 95.745
90 78 75.083
90 27 74.36
90 46 86.895
90 41 76.183
90 42 72.252
90 23 78.548
90 99 60.011
90 15 19.205
90 16 66.926
90 91 69.542
90 1 56.118
90 85 9.405
90 37 58.856
90 96 51.598
90 44 5.262
90 29 84.363
90 60 77.126
41 57 28.796
41 74 50.835
41 43 71.446
41 44 81.075
41 14 65.966
41 18 50.966
41 99 80.482
41 95 8.103
41 16 43.229
41 55 51.476
41 64 43.552
41 56 81.127
41 73 75.053
41 42 38.367
41 37 81.837
41 13 99.923
41 98 93.586
41 28 83.465
41 35 55.803
41 85 66.646
41 71 34.134
41 17 86.927
41 23 32.427
41 10 49.83
41 53 65.282
41 29 25.909
41 30 88.639
41 96 7.276
41 92 68.824
41 52 50.79
41 2 75.535
41 9 57.569
41 38 91.432
41 0 14.856
41 81 50.839
41 59 61.493
41 68 53.711
41 77 10.553
41 21 56.277
41 75 85.174
41 1 72.925
41 87 77.924
41 48 19.399
41 65 24.484
57 17 92.051
57 69 80.605
57 78 74.315
57 87 66.798
57 21 87.731
57 88 33.277
57 10 15.298
57 58 80.63
57 67 46.009
57 1 90.604
57 68 85.604
57 77 94.085
57 6 90.686
57 75 91.0
57 9 96.523
57 38 26.226
57 94 68.57
57 14 53.849
57 31 17.283
57 65 71.861
57 83 64.942
57 84 32.825
57 93 83.726
57 15 41.113
57 28 32.022
57 45 20.197
57 64 1.356
57 73 36.226
57 82 10.06
57 91 62.25
57 92 81.931
57 47 62.62
57 23 46.946
57 53 83.619
57 62 63.682
57 29 97.862
57 5 67.305
57 42 32.658
57 27 7.607
57 16 40.647
57 26 58.007
57 48 36.359
52 98 0.257
52 49 12.838
52 1 35.177
52 77 54.96
52 84 14.309
52 22 35.927
52 47 36.378
52 55 63.042
52 62 79.814
52 12 18.113
52 99 32.542
52 5 38.597
52 33 25.461
52 78 8.138
52 85 44.121
52 18 18.173
52 92 83.724
52 24 93.079
52 79 22.242
52 50 59.266
52 93 35.364
52 2 40.304
52 3 4.814
52 16 96.429
52 21 24.04
52 29 57.663
52 30 43.358
52 65 8.636
52 87 34.576
52 94 77.816
52 66 46.199
52 13 16.698
52 58 56.772
52 74 24.309
52 88 14.948
52 31 44.233
52 9 20.959
52 17 57.778
52 69 96.645
52 75 62.401
52 82 67.717
52 15 55.96
52 61 41.382
52 28 12.966
98 64 25.682
98 18 47.637
98 80 79.422
98 85 73.559
98 2 47.149
98 45 65.461
98 30 57.483
98 23 75.746
98 26 88.182
98 88 4.211
98 42 6.014
98 19 63.869
98 20 29.372
98 48 53.195
98 53 65.569
98 81 3.098
98 82 27.525
98 47 21.067
98 59 85.67
98 13 29.269
98 75 34.301
98 60 6.414
98 65 63.52
98 72 60.463
98 94 28.071
98 9 96.924
98 10 41.318
98 83 91.959
98 22 2.119
98 49 75.723
98 15 28.83
98 31 40.075
98 0 11.606
98 28 21.408
98 77 29.737
98 62 99.914
98 74 79.603
98 55 60.434
98 24 25.902
98 68 32.263
98 51 54.829
98 5 56.523
17 64 23.383
17 44 85.51
17 37 59.288
17 91 15.951
17 71 15.026
17 35 48.425
17 29 92.625
17 5 97.442
17 97 46.759
17 3 42.323
17 84 34.772
17 48 16.204
17 10 31.719
17 27 23.119
17 28 17.468
17 21 28.075
17 82 26.188
17 55 62.24
17 40 81.362
17 33 42.314
17 26 5.491
17 81 46.618
17 67 19.416
17 68 71.707
17 95 85.846
17 66 70.187
17 59 77.323
17 53 93.754
17 46 99.821
17 14 28.66
17 87 60.94
17 72 20.819
17 65 94.335
17 58 44.013
17 45 2.994
17 38 22.206
17 31 90.472
17 93 43.61
64 2 41.556
64 45 31.168
64 15 23.088
64 0 57.246
64 92 90.486
64 43 19.451
64 83 81.709
64 28 97.398
64 44 18.299
64 13 8.704
64 14 64.816
64 26 28.163
64 99 63.938
64 27 81.11
64 55 11.648
64 72 11.821
64 79 78.748
64 24 93.748
64 40 31.157
64 93 10.349
64 84 79.254
64 10 91.984
64 38 12.329
64 21 97.394
64 49 90.784
64 94 47.489
64 85 78.865
64 50 57.335
64 61 52.076
64 65 73.138
64 46 58.634
64 58 49.559
64 75 89.39
64 89 7.047
64 87 45.316
64 67 47.247
64 81 91.396
64 91 61.551
64 82 9.607
64 16 1.841
15 30 98.257
15 86 84.8
15 46 65.892
15 95 77.274
15 60 21.988
15 16 24.132
15 94 30.511
15 19 18.387
15 24 35.991
15 66 27.893
15 75 47.367
15 40 25.858
15 89 65.513
15 6 40.587
15 21 61.489
15 18 0.14
15 96 88.841
15 37 51.017
15 34 82.655
15 43 82.958
15 88 88.89
15 48 86.162
15 99 29.272
15 3 60.358
15 85 32.565
15 45 18.076
15 82 48.636
15 42 43.379
15 28 99.582
15 13 98.776
15 1 66.47
15 84 97.578
15 44 27.11
15 53 14.872
15 22 62.889
15 31 29.451
15 78 93.564
15 47 39.123
15 92 0.719
15 14 53.019
30 86 22.238
30 22 18.672
30 89 74.623
30 56 55.322
30 75 49.636
30 16 20.902
30 87 21.617
30 65 88.92
30 43 30.593
30 1 51.856
30 99 51.945
30 24 57.227
30 62 40.701
30 18 96.714
30 96 39.527
30 85 53.409
30 78 95.667
30 19 48.317
30 83 9.063
30 93 42.161
30 53 42.768
30 68 99.537
30 60 0.738
30 29 95.493
30 46 62.773
30 21 45.633
30 28 33.701
30 51 87.441
30 58 24.173
30 20 56.9
30 81 6.691
30 88 88.685
30 48 89.83
30 67 9.941
30 59 46.781
30 74 42.543
30 77 62.19
30 44 62.886
30 6 35.703
20 75 50.107
20 13 72.386
20 58 76.028
20 89 43.351
20 19 99.995
20 59 4.561
20 83 32.684
20 97 40.077
20 14 3.503
20 47 91.106
20 78 82.969
20 61 91.39
20 91 48.411
20 26 30.681
20 33 58.082
20 40 83.73
20 62 71.819
20 99 84.821
20 21 53.023
20 12 48.145
20 27 47.127
20 34 10.353
20 72 9.141
20 87 32.872
20 10 40.387
20 1 38.455
20 29 92.978
20 66 72.457
20 49 53.379
20 73 52.665
20 95 77.064
20 44 4.308
20 43 4.693
20 74 71.752
20 81 33.364
20 88 63.099
20 38 48.207
20 45 50.614
20 69 88.292
20 51 30.716
75 22 93.915
75 86 84.101
75 79 86.245
75 14 24.057
75 96 87.052
75 26 42.591
75 27 11.269
75 55 52.526
75 71 50.877
75 80 15.541
75 56 50.278
75 99 95.598
75 73 20.424
75 83 0.354
75 44 74.804
75 62 92.38
75 13 54.97
75 5 79.611
75 58 75.089
75 18 64.256
75 92 58.8
75 85 38.766
75 19 4.586
75 48 44.054
75 2 28.122
75 65 98.927
75 24 40.731
75 95 77.645
75 84 90.909
75 47 4.241
75 60 28.356
75 61 62.563
75 89 20.512
75 9 57.451
75 87 6.085
75 38 7.014
75 69 35.535
75 66 22.06
74 33 38.557
74 72 69.171
74 42 35.31
74 83 9.307
74 10 9.171
74 96 39.964
74 37 37.422
74 0 78.863
74 43 22.606
74 97 96.766
74 27 9.911
74 55 50.547
74 46 39.014
74 62 56.634
74 88 19.721
74 3 27.308
74 23 0.052
74 6 77.485
74 58 72.264
74 31 18.436
74 48 22.903
74 95 11.737
74 40 47.422
74 59 79.892
74 13 9.796
74 60 31.3
74 51 68.52
74 92 51.678
74 38 30.434
74 19 24.483
74 66 27.446
74 65 74.657
74 93 94.494
74 50 74.6
74 79 61.559
74 47 77.784
42 88 30.661
42 67 61.478
42 53 56.991
42 60 53.163
42 13 9.008
42 31 40.264
42 87 14.736
42 89 36.225
42 12 16.116
42 26 20.215
42 61 3.072
42 38 62.808
42 19 55.923
42 84 24.218
42 16 94.432
42 29 22.945
42 72 96.599
42 51 33.451
42 34 5.308
42 58 26.278
42 44 44.646
42 85 66.971
42 92 8.382
42 78 56.171
42 73 86.831
42 48 90.033
42 45 81.091
42 68 31.942
42 21 95.39
42 49 95.936
42 14 61.913
42 35 43.146
42 97 37.152
42 83 30.84
42 55 76.239
42 33 85.333
42 91 50.759
42 5 95.368
88 77 81.797
88 9 65.592
88 68 35.342
88 10 32.476
88 69 15.394
88 97 87.955
88 56 77.946
88 84 19.377
88 67 25.914
88 85 55.111
88 89 78.478
88 37 99.472
88 0 48.277
88 29 9.461
88 62 81.037
88 55 20.532
88 23 36.201
88 66 65.194
88 91 65.866
88 33 60.258
88 92 41.248
88 13 93.977
88 59 86.689
88 53 74.276
88 12 74.821
88 5 84.699
88 71 59.869
88 3 15.928
88 21 44.114
88 87 97.546
88 38 59.111
88 81 68.613
88 94 33.504
88 49 68.569
88 46 29.507
5 84 65.315
5 93 22.296
5 0 30.992
5 79 24.585
5 72 97.462
5 18 55.677
5 13 68.229
5 97 14.877
5 83 67.812
5 3 21.945
5 40 91.344
5 26 52.157
5 96 67.122
5 82 47.038
5 91 62.965
5 51 4.963
5 68 20.225
5 60 21.996
5 16 12.105
5 81 23.265
5 67 29.218
5 45 76.416
5 31 56.828
5 87 48.436
5 80 87.299
5 66 56.874
5 55 61.966
5 48 32.983
5 65 17.751
5 34 27.1
5 29 93.727
5 6 24.835
5 99 18.82
5 94 83.852
5 71 88.264
5 19 81.502
5 14 86.145
84 23 49.505
84 18 36.599
84 27 62.834
84 45 71.644
84 79 41.529
84 6 55.452
84 44 25.75
84 13 62.759
84 47 91.979
84 16 90.559
84 19 2.469
84 60 3.675
84 89 34.874
84 96 23.851
84 33 5.109
84 58 83.899
84 68 48.248
84 69 77.982
84 46 21.012
84 82 89.788
84 40 30.467
84 9 94.38
84 50 3.173
84 56 27.699
84 85 16.219
84 92 42.289
84 91 66.362
84 83 56.057
84 35 6.349
84 86 50.925
84 48 36.049
84 2 74.561
84 72 72.772
84 55 35.789
84 53 62.309
45 61 4.54
45 71 59.78
45 2 56.881
45 6 75.033
45 91 82.662
45 60 7.762
45 77 1.49
45 53 74.775
45 21 10.174
45 9 24.304
45 24 72.66
45 83 35.734
45 59 89.335
45 96 34.405
45 89 56.19
45 82 29.894
45 18 40.328
45 95 64.695
45 33 46.675
45 50 26.037
45 67 11.422
45 37 54.086
45 3 14.091
45 87 25.903
45 80 80.261
45 56 61.163
45 22 39.657
45 23 81.594
45 86 74.391
45 62 52.04
45 65 18.59
45 99 43.681
45 92 6.009
61 46 64.633
61 22 13.217
61 47 77.751
61 60 61.264
61 12 92.447
61 66 45.264
61 18 21.872
61 91 96.15
61 43 4.008
61 37 20.234
61 79 34.287
61 65 43.955
61 26 82.567
61 51 33.717
61 3 4.759
61 16 44.75
61 78 79.858
61 71 43.728
61 82 88.798
61 10 19.767
61 59 85.162
61 35 59.58
61 48 20.826
61 0 16.678
61 77 41.434
61 81 69.414
61 19 68.205
61 56 99.172
61 49 3.721
61 69 69.406
61 87 55.415
61 6 17.852
61 80 83.703
61 55 99.52
61 33 15.771
61 68 2.608
61 93 26.36
61 38 87.949
61 86 13.441
61 14 86.582
10 97 7.777
10 26 97.219
10 86 94.503
10 43 89.662
10 67 50.145
10 3 17.241
10 27 28.277
10 13 4.585
10 94 66.799
10 40 55.88
10 22 62.202
10 1 55.106
10 53 96.852
10 60 81.989
10 95 54.73
10 72 29.779
10 50 34.954
10 47 20.225
10 31 45.035
10 82 49.883
10 68 46.63
10 79 75.181
10 6 95.145
10 99 29.171
10 28 78.827
10 14 6.926
10 59 58.131
10 83 67.657
10 96 24.218
10 9 30.778
10 18 1.479
10 29 22.098
10 49 92.728
10 56 25.953
10 66 24.563
10 77 10.141
97 73 2.396
97 87 91.581
97 34 76.971
97 72 90.291
97 58 37.983
97 27 89.987
97 56 76.806
97 6 2.304
97 71 90.944
97 53 21.198
97 69 74.069
97 16 12.056
97 51 82.042
97 67 34.578
97 96 21.485
97 0 35.085
97 65 86.826
97 28 18.85
97 44 78.34
97 14 42.263
97 26 4.534
97 9 70.907
97 24 69.863
97 40 8.588
97 89 94.262
97 68 84.102
97 66 82.709
97 19 37.549
97 80 68.35
97 99 82.939
97 33 50.839
97 78 50.007
97 12 21.184
97 77 39.503
97 92 29.557
13 56 10.686
13 35 96.564
13 85 56.292
13 26 81.244
13 19 74.65
13 55 12.697
13 34 19.557
13 91 88.384
13 99 98.112
13 3 95.94
13 33 77.017
13 24 43.291
13 82 45.159
13 23 46.861
13 2 40.357
13 29 14.749
13 58 15.366
13 37 47.889
13 94 44.477
13 80 55.337
13 66 45.176
13 28 73.131
13 21 81.62
13 14 1.904
13 0 91.485
13 86 62.446
13 79 30.72
13 72 71.244
58 1 58.968
58 68 92.104
58 62 58.048
58 22 58.182
58 47 90.983
58 48 55.681
58 24 81.135
58 33 4.453
58 87 4.215
58 89 98.557
58 51 3.074
58 27 84.743
58 3 8.509
58 18 77.597
58 35 88.482
58 92 11.938
58 2 60.041
58 19 23.314
58 53 91.708
58 82 58.026
58 34 14.04
58 37 30.648
58 65 62.024
58 59 66.682
58 55 0.772
58 31 60.088
58 12 20.068
58 78 31.302
58 38 56.493
58 73 73.54
58 16 34.739
60 81 84.262
60 18 68.795
60 78 77.385
60 69 86.615
60 92 61.591
60 96 69.131
60 50 44.062
60 26 34.066
60 40 27.319
60 53 93.458
60 29 87.614
60 48 78.235
60 71 7.557
60 0 34.414
60 94 19.908
60 85 25.848
60 37 54.115
60 51 50.026
60 27 68.54
60 3 71.974
60 86 83.395
60 21 61.691
60 6 46.359
60 59 22.115
60 35 98.622
60 44 90.899
60 14 27.108
60 19 13.157
60 66 21.025
60 89 26.186
60 80 4.662
60 77 56.51
60 68 56.035
81 12 47.552
81 77 17.504
81 40 50.324
81 38 7.486
81 87 56.975
81 1 91.238
81 80 17.509
81 50 19.54
81 99 5.592
81 93 54.536
81 86 94.205
81 48 23.802
81 29 6.151
81 62 18.055
81 55 45.249
81 72 15.494
81 53 20.109
81 23 62.316
81 2 44.238
81 65 39.739
81 28 57.167
81 31 59.255
81 33 21.354
81 24 28.372
81 96 16.864
81 47 33.439
81 82 48.643
81 6 40.391
81 66 78.871
81 71 79.475
81 9 92.915
81 69 17.171
81 22 84.559
81 16 26.106
81 37 44.802
81 35 12.281
81 95 67.696
49 51 22.173
49 66 0.895
49 2 6.033
49 48 76.086
49 14 23.305
49 72 26.347
49 34 97.796
49 31 3.214
49 56 68.737
49 1 23.792
49 46 66.112
49 93 18.454
49 86 23.663
49 91 13.187
49 92 87.19
49 85 54.56
49 38 65.984
49 78 19.414
49 99 87.138
49 77 49.667
49 22 55.634
49 40 61.169
49 37 52.625
49 89 84.587
49 26 74.032
49 35 81.834
49 24 52.863
49 23 51.727
49 59 83.421
49 12 98.568
49 53 52.267
49 21 88.404
49 18 34.512
49 19 74.476
49 27 93.581
49 96 72.874
49 16 35.27
23 95 4.701
23 51 66.798
23 3 99.937
23 72 78.235
23 94 81.437
23 87 34.437
23 19 30.818
23 24 62.705
23 53 8.788
23 6 20.498
23 50 3.279
23 89 42.67
23 86 56.081
23 27 31.205
23 38 20.248
23 29 39.511
23 40 46.398
23 33 53.243
23 62 40.701
23 66 31.095
23 80 39.581
23 28 76.451
23 93 63.745
23 35 19.128
23 56 43.361
23 2 28.26
23 71 66.112
23 85 35.404
23 82 71.337
23 12 2.0
23 73 87.019
95 77 7.737
95 40 38.287
95 28 48.759
95 89 39.595
95 85 2.099
95 37 35.651
95 0 20.121
95 38 5.82
95 29 70.384
95 1 9.16
95 78 92.702
95 91 72.873
95 87 60.073
95 59 51.299
95 72 39.262
95 2 74.532
95 31 78.332
95 51 1.937
95 44 47.948
95 16 71.622
95 12 17.458
95 65 27.499
95 96 28.215
95 66 49.312
95 62 14.23
95 34 90.547
95 26 98.009
95 55 15.96
95 68 11.018
95 83 12.679
95 48 61.682
77 48 20.991
77 94 86.764
77 73 93.398
77 1 22.954
77 93 80.882
77 86 40.647
77 79 68.109
77 71 98.841
77 43 35.084
77 92 83.118
77 6 73.027
77 44 44.796
77 3 27.36
77 56 64.883
77 12 28.315
77 53 18.525
77 69 93.235
77 33 13.877
77 21 33.16
77 37 63.845
77 34 94.793
77 50 47.671
77 9 86.223
77 59 47.203
77 38 11.719
77 89 3.995
77 82 36.999
77 51 48.66
77 67 31.805
77 47 67.104
77 68 34.405
94 86 40.085
94 83 72.001
94 0 64.713
94 38 48.195
94 27 32.967
94 69 72.71
94 89 6.322
94 2 37.493
94 37 23.228
94 92 69.108
94 44 26.406
94 9 27.921
94 12 75.478
94 1 63.009
94 71 0.476
94 91 98.152
94 87 83.693
94 24 93.004
94 18 99.777
94 31 19.404
94 99 61.962
94 93 5.361
94 47 4.088
94 19 16.439
94 73 36.665
94 6 70.245
94 26 69.206
94 22 62.057
94 40 59.065
94 21 27.979
94 28 24.547
94 82 74.384
35 96 3.609
35 56 45.346
35 71 12.377
35 99 28.3
35 3 80.229
35 46 83.311
35 79 79.322
35 29 1.578
35 53 17.832
35 6 44.072
35 82 98.371
35 91 65.267
35 73 16.65
35 12 57.635
35 2 40.924
35 85 81.799
35 43 52.398
35 67 46.847
35 72 12.766
35 14 42.008
35 37 55.998
35 93 98.652
35 66 84.512
35 1 21.039
35 31 51.131
35 69 34.153
35 27 40.557
35 48 82.946
35 62 5.943
35 86 51.715
35 68 55.437
48 96 68.353
48 27 29.365
48 89 81.066
48 80 9.702
48 46 6.262
48 50 0.777
48 38 6.806
48 31 86.297
48 44 70.955
48 91 15.919
48 1 83.749
48 22 94.133
48 92 12.767
48 33 89.499
48 26 55.344
48 24 57.725
48 62 3.535
48 53 31.307
48 12 86.068
48 3 71.151
48 56 20.033
48 16 12.304
48 67 13.119
83 71 23.483
83 67 84.94
83 2 9.505
83 21 17.786
83 65 25.048
83 12 39.79
83 33 81.761
83 91 72.192
83 96 90.13
83 56 64.451
83 9 6.502
83 85 76.999
83 22 83.408
83 99 14.844
83 78 66.369
83 37 22.091
83 72 20.249
83 51 3.575
83 3 66.612
83 0 35.637
83 38 25.645
83 19 37.106
83 73 13.236
83 1 39.411
83 31 2.448
83 43 79.622
83 50 93.203
83 86 86.482
83 47 72.098
16 38 78.997
16 29 52.826
16 1 83.454
16 92 8.687
16 50 0.624
16 21 41.057
16 93 81.666
16 51 31.736
16 66 62.835
16 33 45.874
16 24 52.078
16 96 93.203
16 85 40.004
16 3 96.116
16 67 42.116
16 43 24.947
16 86 23.993
16 53 24.968
16 0 3.8
16 14 65.391
16 89 60.566
16 69 72.619
16 99 48.917
16 6 88.57
16 79 56.125
16 55 91.052
16 37 47.92
16 28 79.033
16 19 73.69
16 82 39.474
16 73 75.85
16 71 40.024
38 59 11.969
38 50 68.553
38 72 68.465
38 56 52.951
38 51 31.517
38 37 88.166
38 65 24.353
38 22 66.448
38 40 73.535
38 93 26.15
38 79 84.459
38 33 5.207
38 2 59.091
38 55 42.452
38 46 14.569
38 6 88.305
38 21 28.586
38 29 17.803
38 9 27.134
38 34 17.559
38 47 4.934
38 28 30.831
38 66 86.73
38 69 55.539
73 91 93.833
73 78 75.124
73 0 67.131
73 28 59.269
73 12 29.387
73 96 30.505
73 9 56.331
73 53 72.789
73 69 3.832
73 66 47.119
73 80 44.948
73 67 40.397
73 19 66.923
73 14 54.367
73 87 14.879
73 26 85.475
73 40 95.65
73 47 43.713
73 86 66.755
73 1 40.009
73 85 9.169
73 99 76.95
73 27 90.841
73 79 67.318
73 6 29.647
73 71 39.582
73 18 72.509
73 3 21.521
73 56 32.793
91 2 78.718
91 93 76.712
91 65 7.735
91 92 94.388
91 62 55.966
91 66 42.121
91 67 93.08
91 18 97.01
91 80 61.554
91 21 19.548
91 22 90.891
91 34 89.414
91 26 24.77
91 68 29.033
91 86 46.635
91 0 89.338
91 82 0.093
91 78 65.652
91 85 76.131
91 37 74.792
91 43 85.251
91 46 16.205
91 96 54.087
91 87 42.813
91 99 31.185
87 37 49.959
87 6 22.558
87 93 47.253
87 46 93.043
87 96 68.383
87 79 20.899
87 31 62.754
87 51 9.661
87 3 92.724
87 47 95.477
87 19 11.178
87 71 24.223
87 43 42.966
87 53 51.292
87 59 57.112
87 62 21.587
87 89 99.485
87 26 52.009
87 65 35.396
87 14 62.663
87 33 99.175
87 40 49.62
87 69 10.626
87 56 13.992
78 89 73.956
78 6 0.62
78 29 80.151
78 68 68.138
78 24 20.582
78 40 58.871
78 51 28.225
78 67 51.135
78 34 5.088
78 50 84.757
78 19 85.062
78 82 5.598
78 85 60.472
78 65 24.33
78 53 25.827
78 69 85.465
78 14 90.858
78 72 20.136
78 21 2.671
78 37 47.686
78 44 23.122
78 12 8.074
78 55 65.525
78 96 20.402
78 18 0.716
78 46 36.022
78 62 31.324
78 79 57.642
89 80 65.617
89 37 30.448
89 46 70.399
89 27 42.762
89 55 69.973
89 40 22.537
89 2 65.21
89 65 18.97
89 28 88.164
89 93 50.412
89 33 7.01
89 62 92.556
89 18 17.203
89 3 27.147
89 21 31.005
89 22 15.698
89 19 13.875
89 79 26.168
89 31 34.347
89 44 64.88
89 47 93.324
89 96 36.205
89 86 74.094
89 82 6.313
37 56 92.262
37 80 31.84
37 66 79.071
37 24 39.685
37 65 50.516
37 2 1.6
37 27 13.043
37 47 48.368
37 71 52.108
37 40 95.44
37 0 99.529
37 51 98.566
37 46 30.73
37 1 31.993
37 92 48.001
37 82 89.924
37 68 44.872
37 28 23.256
37 22 78.693
37 96 50.847
67 3 20.091
67 56 93.94
67 66 50.782
67 79 99.694
67 31 26.366
67 43 17.507
67 50 49.259
67 82 43.319
67 46 82.264
67 62 3.358
67 51 29.751
67 72 19.762
67 0 73.598
67 28 68.928
67 44 10.242
67 1 49.494
67 24 29.217
67 59 40.61
67 6 44.947
67 99 93.17
67 21 58.562
67 65 22.348
67 14 96.39
93 71 85.492
93 18 16.123
93 43 12.65
93 62 11.417
93 21 73.033
93 26 0.916
93 92 31.805
93 51 59.04
93 44 72.317
93 3 73.443
93 99 96.203
93 69 61.072
93 24 0.819
93 82 42.287
93 50 61.004
93 9 34.374
93 86 33.851
93 55 32.306
93 46 51.383
93 27 1.704
93 96 26.724
93 40 63.296
93 56 10.797
93 53 28.369
51 71 74.351
51 1 89.446
51 85 2.701
51 59 97.769
51 43 96.367
51 24 17.757
51 12 99.952
51 65 37.174
51 33 31.739
51 53 10.658
51 27 37.219
51 26 70.226
51 55 71.183
51 80 77.812
51 18 99.027
51 62 94.079
51 2 53.01
51 44 14.987
51 9 70.324
51 82 60.706
51 3 23.933
51 40 4.079
96 46 16.902
96 47 87.687
96 72 54.365
96 86 78.571
96 3 95.499
96 31 68.712
96 0 59.195
96 44 24.921
96 14 98.885
96 26 33.722
96 68 14.116
96 53 67.86
96 66 59.749
96 82 84.091
96 65 33.278
96 99 65.241
96 34 22.458
71 12 4.491
71 47 37.113
71 0 7.218
71 29 38.714
71 1 0.667
71 85 55.412
71 18 62.755
71 24 61.444
71 2 5.559
71 21 15.377
71 9 62.135
71 14 96.244
71 66 22.512
71 33 88.326
71 3 0.388
71 56 66.602
71 22 37.457
71 43 95.995
71 80 48.982
71 46 44.367
68 99 71.469
68 62 53.432
68 59 29.804
68 79 54.831
68 6 25.81
68 31 75.185
68 3 59.996
68 29 6.838
68 1 44.402
68 0 81.351
68 14 10.72
68 66 13.788
68 27 17.992
68 69 63.741
68 9 13.465
68 34 68.01
68 50 58.192
68 22 63.988
68 47 92.207
68 65 79.464
33 86 45.994
33 40 98.264
33 66 54.235
33 92 93.671
33 85 73.738
33 18 38.214
33 50 40.242
33 28 78.264
33 79 55.217
33 9 62.504
33 21 60.211
33 29 39.565
33 27 76.571
33 6 21.69
33 62 47.533
33 80 79.886
33 2 61.07
33 0 79.615
33 69 87.146
33 3 38.352
21 46 83.294
21 2 86.527
21 9 89.838
21 65 7.223
21 44 45.595
21 62 44.146
21 82 14.728
21 34 46.122
21 43 76.129
21 79 73.667
21 99 41.87
21 31 32.489
21 69 74.806
21 50 65.945
21 86 72.169
21 3 95.03
21 29 99.047
21 40 74.859
21 19 65.6
21 85 57.588
46 3 84.318
46 14 92.209
46 66 56.674
46 44 47.655
46 1 73.005
46 22 5.621
46 56 24.34
46 0 41.797
46 47 24.019
46 82 98.035
46 85 1.407
46 31 63.704
46 12 39.113
46 55 91.771
46 72 97.516
46 80 32.925
46 19 85.785
46 28 87.154
46 50 78.117
46 43 59.246
29 62 41.011
29 82 75.11
29 24 44.074
29 0 48.927
29 53 29.207
29 1 35.692
29 6 36.605
29 80 29.124
29 34 62.854
29 22 46.324
29 14 16.257
29 47 71.298
29 40 75.622
29 85 8.314
29 50 79.689
29 18 90.62
29 56 92.404
29 79 33.748
29 26 77.281
29 2 93.206
29 3 85.665
62 79 5.923
62 80 29.294
62 86 91.707
62 47 39.796
62 40 32.885
62 1 24.869
62 22 75.115
62 65 23.241
62 43 75.995
62 72 54.965
62 24 40.46
62 3 8.092
62 50 60.904
62 82 9.274
62 26 10.698
62 85 67.258
62 59 64.66
72 27 59.756
72 55 41.651
72 22 82.248
72 65 92.292
72 14 30.524
72 59 83.972
72 53 33.451
72 69 95.665
72 19 21.976
72 99 87.577
72 47 36.497
72 79 41.503
72 56 77.953
72 1 90.389
72 2 3.584
72 0 68.365
72 43 5.877
72 28 41.315
72 85 65.173
2 79 71.789
2 65 79.556
2 55 95.491
2 14 45.951
2 9 5.9
2 27 21.071
2 99 41.634
2 80 3.197
2 19 63.136
2 40 98.092
2 12 87.292
2 69 85.413
2 0 89.72
2 92 71.911
2 50 34.279
2 66 3.453
2 56 26.332
2 85 15.68
43 82 28.348
43 19 82.892
43 92 20.617
43 6 27.938
43 9 9.611
43 66 61.092
43 40 88.338
43 34 16.299
43 69 22.294
43 1 94.437
43 99 69.426
43 86 53.813
43 44 56.823
43 80 27.233
43 27 53.122
43 18 92.11
43 22 80.202
43 59 43.109
43 24 88.101
43 0 12.594
27 34 94.779
27 59 75.879
27 18 82.27
27 44 4.63
27 26 86.713
27 31 10.684
27 86 63.434
27 47 83.988
27 50 10.213
27 9 78.171
27 1 41.987
27 53 93.78
27 14 18.567
27 99 88.965
27 3 54.387
27 79 74.23
27 0 65.871
27 92 68.338
27 85 79.314
9 50 97.98
9 59 59.071
9 86 72.559
9 0 31.304
9 34 12.768
9 44 31.244
9 18 20.66
9 14 54.906
9 56 67.662
9 1 14.749
9 26 13.725
9 82 23.634
9 69 33.708
9 3 98.68
9 53 58.188
9 24 62.486
9 66 78.967
9 22 81.791
50 1 90.996
50 22 56.91
50 92 81.183
50 19 28.227
50 18 75.67
50 79 0.831
50 65 58.564
50 59 16.292
50 85 45.68
50 34 97.438
50 28 18.103
50 6 75.732
50 47 42.783
50 24 78.781
86 69 84.334
86 28 71.446
86 85 61.785
86 55 5.415
86 24 6.555
86 79 78.129
86 44 71.222
86 19 32.771
86 12 56.25
86 1 72.018
86 59 23.501
86 40 73.699
86 6 27.427
86 22 11.463
86 65 13.573
0 19 97.485
0 44 73.251
0 65 53.132
0 59 64.564
0 1 85.623
0 24 69.589
0 31 46.847
0 40 23.199
0 47 2.957
0 53 16.22
0 12 69.65
0 26 34.164
0 56 47.203
0 18 1.94
0 34 67.231
69 22 74.658
69 85 56.395
69 3 21.746
69 55 90.625
69 92 84.747
69 53 51.151
69 82 45.843
69 44 55.697
69 26 94.699
69 19 76.668
69 24 90.658
69 34 46.601
69 59 63.632
18 79 51.265
18 99 53.687
18 85 7.387
18 47 73.78
18 82 1.166
18 44 16.466
18 12 25.504
18 31 95.265
18 6 96.087
18 80 70.289
18 56 48.951
18 66 45.621
18 92 36.852
1 6 55.38
1 80 4.255
1 56 62.783
1 22 53.775
1 28 67.799
1 19 23.625
1 59 35.305
1 53 21.913
1 14 10.858
1 24 52.116
80 99 0.713
80 82 68.225
80 28 70.598
80 14 64.841
80 26 55.772
80 92 69.439
80 24 45.07
80 53 56.84
80 6 49.79
80 66 15.508
80 3 46.389
80 22 49.608
80 65 22.328
80 85 43.532
80 44 51.727
80 59 72.21
80 12 54.941
80 40 35.015
80 56 38.843
65 6 99.129
65 66 56.514
65 92 35.392
65 53 3.006
65 44 93.82
65 26 82.52
65 82 92.908
65 22 22.65
65 34 38.682
12 92 31.275
12 82 59.585
12 26 59.332
12 53 48.373
12 44 4.658
12 34 39.368
12 85 54.004
12 19 77.947
12 6 31.762
12 56 38.787
12 55 66.738
12 47 28.639
12 31 64.154
12 22 41.056
12 40 9.78
12 24 81.909
12 14 11.867
44 34 76.053
44 92 41.124
44 31 4.382
44 55 34.668
44 66 93.23
44 14 9.244
44 40 62.587
44 59 77.575
44 3 76.402
44 26 66.407
22 40 43.435
22 59 58.991
22 53 24.788
22 28 99.056
22 19 67.69
22 85 50.111
22 26 77.197
22 79 34.018
22 55 97.824
22 14 25.77
26 85 29.898
26 82 9.786
26 53 25.176
26 40 8.61
26 79 22.713
26 59 94.3
26 31 50.389
26 24 30.885
26 28 1.347
26 66 85.662
85 14 60.952
85 34 50.98
85 6 71.116
85 92 24.405
85 40 52.929
85 53 48.425
85 99 59.102
59 79 30.433
59 99 22.035
59 56 14.973
59 55 63.99
59 31 20.443
59 34 4.939
59 66 2.788
59 28 50.214
56 19 80.598
56 82 37.44
56 28 91.804
56 55 71.423
56 31 21.326
56 92 39.158
56 99 40.804
56 79 66.126
56 24 66.757
56 53 40.448
56 34 50.694
24 99 1.085
24 92 43.998
24 79 36.281
24 31 18.028
24 3 52.963
24 19 52.053
24 34 70.7
24 55 59.249
24 14 86.8
99 40 55.234
99 6 77.754
99 19 94.124
99 53 35.65
99 92 72.562
99 14 37.631
99 34 99.321
99 28 69.193
99 79 32.098
53 28 28.336
53 92 98.613
53 79 27.502
53 34 70.556
53 55 85.699
53 14 42.126
53 66 36.521
6 31 57.019
6 79 85.61
6 34 40.224
6 14 25.925
6 40 5.465
6 3 39.554
6 55 38.419
6 47 92.934
79 47 82.655
79 66 89.989
79 34 70.697
79 55 61.541
79 14 2.476
79 28 74.607
40 55 87.753
40 92 6.667
40 31 63.241
40 47 62.822
82 31 34.425
82 47 16.05
82 28 71.241
82 55 42.512
82 3 10.883
34 19 76.853
34 66 12.352
34 55 49.763
34 14 54.353
34 47 79.2
34 92 35.055
34 31 84.574
31 3 58.642
31 66 33.683
31 19 24.813
31 28 54.006
31 55 55.226
19 14 37.896
19 47 3.611
19 55 92.203
55 14 17.461
55 92 39.553
14 28 78.693
14 3 73.453
66 28 46.604
66 47 38.082
66 92 6.172
92 3 44.721
92 28 60.735
47 28 4.826
47 3 83.997
3 28 9.66