90
0 4 1
0 6 40
0 7 81
0 13 91
0 18 18
0 21 50
0 22 80
0 24 57
0 37 86
0 40 86
0 43 46
0 50 74
0 60 1
0 61 70
0 63 58
0 66 61
0 71 47
0 75 39
0 78 5
0 79 10
0 86 50
0 88 51
1 4 47
1 8 4
1 10 76
1 21 72
1 28 23
1 29 54
1 40 21
1 42 66
1 43 98
1 48 49
1 50 71
1 59 97
1 70 79
1 72 53
1 74 22
1 82 5
1 85 94
1 87 20
1 88 48
1 89 28
2 4 77
2 10 44
2 11 28
2 23 26
2 29 60
2 32 39
2 36 30
2 37 93
2 40 28
2 43 89
2 44 42
2 53 47
2 55 97
2 57 60
2 58 26
2 67 34
2 69 7
2 70 94
2 82 19
2 86 46
3 7 93
3 10 79
3 19 40
3 21 18
3 23 46
3 31 61
3 39 63
3 47 24
3 56 7
3 58 4
3 67 73
3 69 71
3 70 24
3 78 70
4 16 66
4 19 95
4 20 44
4 22 31
4 33 19
4 37 9
4 47 26
4 51 40
4 55 67
4 56 90
4 62 78
4 64 83
4 67 90
4 77 33
4 88 43
5 7 24
5 8 89
5 12 57
5 15 22
5 27 88
5 28 1
5 30 29
5 33 96
5 34 62
5 35 81
5 42 49
5 50 74
5 51 34
5 53 76
5 59 79
5 61 88
5 68 42
5 82 6
5 83 20
5 84 54
5 85 60
5 87 78
6 8 36
6 13 18
6 19 60
6 21 73
6 22 7
6 23 10
6 24 48
6 28 24
6 33 47
6 38 57
6 41 23
6 46 83
6 50 75
6 52 34
6 53 27
6 54 11
6 59 35
6 64 42
6 69 56
6 76 35
6 80 30
6 81 94
6 88 33
7 9 29
7 12 4
7 15 89
7 32 32
7 33 3
7 35 56
7 41 71
7 42 69
7 45 64
7 52 5
7 54 47
7 58 97
7 65 10
7 67 60
7 72 39
7 73 3
7 78 83
7 83 54
7 85 75
7 86 39
8 12 43
8 17 84
8 19 4
8 27 63
8 28 33
8 29 29
8 33 99
8 36 78
8 41 37
8 51 83
8 52 41
8 57 38
8 61 36
8 66 90
8 67 18
8 68 61
8 69 85
8 71 96
8 72 66
8 74 85
9 10 7
9 11 25
9 13 87
9 16 94
9 30 38
9 32 36
9 33 16
9 37 95
9 50 6
9 53 52
9 61 37
9 64 39
9 65 60
9 71 34
9 72 17
9 74 88
9 77 6
9 85 51
10 13 32
10 16 69
10 17 61
10 24 10
10 32 72
10 36 90
10 41 37
10 42 39
10 46 63
10 48 95
10 49 91
10 50 40
10 51 25
10 57 78
10 59 67
10 60 75
10 68 11
10 69 57
10 73 72
10 75 74
10 88 45
11 12 58
11 18 91
11 19 10
11 23 59
11 31 14
11 37 59
11 38 36
11 39 62
11 45 85
11 47 52
11 50 49
11 51 58
11 61 40
11 63 95
11 64 35
11 68 86
11 73 10
11 82 87
11 88 35
12 13 17
12 16 85
12 19 10
12 26 45
12 30 95
12 32 29
12 49 84
12 52 7
12 54 3
12 55 27
12 61 1
12 62 21
12 63 91
12 67 58
12 68 5
12 69 88
12 71 13
12 72 79
12 77 18
12 83 99
12 84 51
12 87 39
13 14 99
13 15 79
13 27 67
13 34 36
13 42 43
13 44 53
13 53 98
13 55 75
13 58 90
13 65 10
13 67 65
13 75 58
13 82 19
13 85 85
13 87 13
13 88 19
14 22 63
14 27 56
14 31 88
14 35 77
14 36 64
14 40 18
14 42 34
14 43 75
14 47 32
14 62 7
14 65 40
14 66 18
14 67 90
14 69 93
14 71 68
14 73 98
14 76 20
14 83 37
15 17 57
15 22 47
15 29 95
15 32 90
15 35 53
15 39 18
15 44 46
15 45 75
15 50 92
15 56 66
15 58 54
15 59 24
15 61 40
15 70 29
15 71 2
15 79 44
15 84 65
16 18 17
16 20 55
16 22 11
16 26 92
16 27 76
16 30 66
16 33 82
16 37 4
16 38 98
16 42 31
16 50 95
16 51 79
16 52 40
16 54 13
16 56 86
16 66 12
16 67 20
16 68 80
16 69 56
16 76 58
16 82 24
16 85 65
16 89 71
17 18 31
17 21 76
17 22 11
17 24 2
17 29 18
17 34 90
17 35 9
17 36 47
17 38 15
17 44 19
17 47 41
17 52 64
17 53 43
17 60 52
17 63 3
17 66 85
17 70 68
17 71 5
17 74 90
17 75 54
17 78 51
17 85 48
17 88 94
18 19 77
18 20 11
18 24 15
18 27 58
18 29 24
18 31 75
18 32 14
18 33 33
18 40 45
18 47 62
18 48 49
18 50 31
18 52 65
18 54 27
18 61 47
18 62 3
18 68 88
18 69 96
18 75 75
18 76 30
18 77 78
19 24 62
19 37 93
19 44 34
19 47 90
19 54 12
19 55 94
19 62 85
19 64 55
19 66 26
19 70 57
19 86 32
19 89 18
20 23 1
20 44 20
20 45 14
20 53 52
20 54 77
20 57 12
20 59 49
20 68 95
20 71 12
20 76 19
20 84 59
21 24 88
21 28 29
21 52 70
21 64 64
21 72 91
21 74 86
21 76 75
21 77 68
21 82 91
21 83 59
22 25 48
22 28 10
22 32 7
22 36 51
22 41 37
22 45 21
22 50 74
22 56 71
22 57 78
22 69 47
22 70 25
22 71 94
22 72 45
22 74 40
22 77 2
22 81 44
22 85 56
22 88 16
23 25 25
23 33 34
23 34 31
23 35 95
23 38 54
23 40 57
23 44 15
23 45 25
23 47 82
23 48 65
23 49 53
23 50 73
23 54 52
23 60 72
23 62 67
23 63 66
23 68 29
23 73 55
23 80 32
23 82 69
23 83 42
23 85 39
24 29 23
24 30 16
24 31 86
24 37 64
24 38 29
24 42 5
24 43 26
24 47 80
24 52 47
24 55 52
24 64 14
24 65 92
24 77 73
24 83 39
24 84 19
24 87 16
25 28 34
25 32 63
25 35 4
25 36 14
25 40 58
25 45 48
25 57 61
25 60 51
25 67 18
25 75 51
25 77 1
25 78 76
25 84 86
26 28 53
26 33 42
26 34 20
26 35 46
26 37 30
26 38 43
26 40 64
26 41 3
26 42 56
26 45 79
26 56 31
26 59 55
26 63 74
26 68 30
26 71 64
26 72 82
26 77 17
26 82 33
26 88 13
27 29 43
27 31 59
27 38 66
27 42 38
27 50 58
27 51 87
27 54 82
27 55 7
27 58 1
27 61 65
27 71 84
27 72 86
27 80 81
27 81 45
27 84 63
27 89 25
28 33 29
28 35 29
28 61 32
28 62 27
28 64 29
28 66 66
28 69 6
28 72 91
28 78 39
28 81 95
28 87 67
28 89 1
29 31 24
29 37 60
29 43 39
29 47 66
29 49 4
29 59 89
29 60 64
29 66 73
29 67 5
29 70 6
29 71 48
29 75 86
29 76 42
29 78 2
29 80 47
29 81 77
29 83 11
30 32 28
30 35 1
30 40 79
30 45 3
30 51 15
30 52 32
30 53 94
30 56 40
30 65 30
30 70 9
30 72 39
30 75 33
30 77 59
30 80 42
30 86 93
31 37 69
31 41 5
31 42 38
31 47 64
31 48 48
31 49 88
31 51 10
31 57 70
31 60 26
31 61 63
31 63 39
31 65 82
31 67 90
31 68 38
31 78 68
31 80 86
31 82 95
32 34 69
32 35 53
32 36 24
32 46 93
32 55 32
32 56 94
32 61 4
32 62 69
32 65 51
32 70 7
32 73 92
32 76 79
32 77 64
32 85 89
32 86 53
32 87 97
32 88 91
32 89 87
33 45 49
33 48 78
33 54 21
33 55 82
33 57 55
33 58 96
33 60 1
33 63 40
33 70 3
33 72 85
33 81 68
33 88 86
34 37 57
34 41 85
34 61 37
34 66 25
34 67 54
34 70 47
34 79 22
34 83 96
34 87 8
35 38 8
35 39 31
35 43 71
35 44 16
35 46 78
35 48 73
35 56 77
35 58 90
35 61 20
35 65 26
35 70 16
35 74 18
35 80 36
35 81 35
35 85 91
35 86 74
35 89 70
36 37 25
36 38 5
36 39 45
36 49 38
36 52 23
36 55 74
36 68 7
36 71 2
36 77 88
36 84 37
37 46 77
37 48 33
37 51 31
37 56 65
37 67 19
37 69 13
37 70 5
37 77 8
37 79 70
37 83 23
37 86 7
38 39 70
38 41 72
38 43 2
38 44 94
38 45 31
38 53 87
38 55 52
38 56 51
38 60 72
38 61 74
38 62 29
38 63 34
38 64 53
38 65 90
38 81 19
38 82 12
38 87 85
39 44 16
39 50 5
39 52 35
39 55 61
39 56 70
39 57 71
39 58 66
39 60 67
39 62 23
39 66 18
39 68 94
39 73 61
39 84 69
39 89 88
40 41 78
40 42 85
40 46 56
40 48 29
40 58 64
40 60 1
40 62 66
40 65 23
40 66 45
40 67 83
40 71 46
40 72 99
40 74 78
40 88 48
40 89 43
41 42 2
41 49 94
41 60 23
41 70 18
41 74 41
41 76 99
41 80 66
41 87 10
42 45 96
42 54 80
42 66 73
42 79 17
42 81 34
42 83 45
42 88 41
43 44 2
43 48 3
43 52 45
43 61 17
43 62 74
43 68 15
43 69 21
43 72 75
43 74 14
43 76 70
43 78 61
43 79 21
43 83 63
43 86 35
43 89 48
44 47 26
44 49 73
44 63 89
44 67 99
44 70 91
44 76 31
44 78 27
44 84 80
44 87 78
44 89 53
45 49 77
45 55 22
45 61 81
45 62 2
45 64 12
45 65 93
45 68 27
45 73 79
45 76 47
45 77 96
45 82 27
46 47 72
46 52 93
46 63 40
46 66 68
46 75 88
46 76 17
46 77 24
46 78 56
46 82 51
46 83 19
46 85 87
47 60 80
47 63 3
47 66 84
47 76 51
47 78 27
47 83 59
47 85 21
47 88 97
48 49 23
48 52 66
48 53 5
48 57 80
48 68 11
48 70 3
48 72 77
48 75 92
48 81 72
48 86 58
49 56 44
49 60 96
49 62 80
49 74 41
49 76 31
49 80 97
49 82 72
49 85 46
49 86 34
50 51 23
50 52 26
50 53 15
50 57 28
50 59 28
50 61 31
50 62 60
50 64 75
50 69 11
50 73 58
50 79 80
50 80 63
50 82 51
50 86 62
51 53 7
51 60 15
51 61 6
51 63 40
51 65 74
51 69 86
51 74 23
51 75 51
51 84 70
51 85 32
51 86 14
52 54 57
52 59 82
52 65 3
52 66 3
52 71 11
52 74 31
52 76 68
52 77 26
52 83 33
52 84 99
53 57 48
53 59 32
53 63 19
53 64 45
53 68 91
53 70 87
53 72 98
53 73 98
53 74 59
53 75 20
53 79 81
53 85 58
54 59 41
54 64 84
54 70 15
54 71 84
54 73 86
54 77 4
54 80 21
54 82 29
54 85 11
54 86 81
54 88 26
54 89 6
55 59 17
55 64 45
55 66 71
55 71 53
55 76 18
55 77 1
55 78 91
55 85 33
55 86 13
56 63 52
56 64 67
56 68 91
56 69 22
56 73 13
56 76 33
56 82 52
56 85 13
56 86 81
57 66 43
57 67 38
57 76 32
57 82 64
57 83 97
58 60 60
58 62 34
58 63 93
58 65 77
58 67 3
58 68 78
58 70 49
58 72 85
58 73 85
58 75 37
58 77 97
58 80 35
58 82 79
58 83 98
59 63 40
59 66 34
59 76 5
59 77 14
59 78 53
59 79 53
59 84 10
59 85 84
59 86 1
59 88 44
59 89 55
60 62 79
60 65 9
60 68 69
60 70 62
60 73 47
60 79 19
60 80 78
60 83 50
60 84 60
60 86 1
60 87 55
61 71 83
61 72 88
61 76 59
61 79 85
61 88 98
62 64 1
62 69 61
62 71 71
62 78 10
62 79 86
62 86 55
62 89 60
63 68 75
63 75 83
63 80 79
63 84 56
64 69 19
64 77 15
64 84 55
64 85 3
64 86 1
64 89 39
65 70 66
65 83 66
65 84 43
66 73 8
66 74 56
66 77 85
66 78 40
66 82 89
66 83 28
66 86 34
66 87 7
66 88 87
67 71 89
67 72 14
67 76 47
67 83 51
67 85 65
68 72 39
68 73 60
68 75 25
68 80 51
68 82 53
69 70 48
69 78 35
69 83 14
69 87 28
69 88 93
70 74 52
70 76 6
70 78 19
70 85 77
70 87 71
70 89 58
71 78 93
71 83 63
71 89 90
72 73 69
72 76 8
72 77 50
72 85 41
73 80 74
73 83 64
73 88 87
74 77 88
74 83 30
74 84 44
74 86 99
74 87 8
75 79 1
75 80 2
75 83 14
75 84 96
75 88 97
76 78 81
76 84 14
76 85 99
76 86 95
76 88 23
77 78 51
77 81 52
77 87 20
79 80 22
79 84 3
79 86 13
80 81 3
81 83 15
81 87 47
81 89 29
82 86 58
82 88 19
84 86 7
86 87 19
86 88 59
86 89 49
87 89 12