100
0 1 80.6
0 2 32.01
0 3 40.23
0 4 79.72
0 5 88.51
0 7 97.45
0 10 33.75
0 12 45.55
0 13 56.14
0 14 25.37
0 15 29.94
0 16 31.13
0 17 69.8
0 18 87.84
0 21 12.08
0 23 37.57
0 24 83.64
0 25 7.84
0 26 69.22
0 27 14.29
0 28 79.87
0 30 53.32
0 33 99.05
0 35 1.34
0 36 67.08
0 37 52.41
0 38 48.34
0 40 81.75
0 41 22.54
0 43 62.08
0 45 1.25
0 46 74.17
0 47 39.5
0 48 1.0
0 49 50.46
0 50 60.22
0 52 78.89
0 53 70.62
0 54 22.68
0 55 16.18
0 56 72.14
0 57 48.4
0 59 62.06
0 60 62.55
0 61 15.75
0 62 1.31
0 63 54.13
0 65 17.25
0 66 74.7
0 67 27.65
0 68 80.35
0 69 79.64
0 70 32.04
0 71 42.62
0 72 6.01
0 73 23.5
0 74 93.56
0 76 75.38
0 77 41.17
0 78 84.11
0 79 40.52
0 80 47.84
0 81 38.15
0 82 84.45
0 83 63.04
0 84 59.07
0 86 79.64
0 87 91.48
0 88 49.83
0 89 7.28
0 90 39.98
0 91 25.95
0 92 26.31
0 93 94.82
0 94 21.48
0 97 27.12
0 98 37.54
0 99 12.5
1 3 13.47
1 4 9.66
1 5 88.73
1 6 96.3
1 7 38.2
1 8 52.73
1 9 8.47
1 10 37.46
1 11 29.92
1 12 29.07
1 13 57.28
1 14 81.81
1 16 12.39
1 17 20.08
1 20 67.77
1 21 70.17
1 22 91.57
1 25 35.36
1 26 19.96
1 27 22.24
1 28 42.75
1 30 93.26
1 31 25.08
1 32 29.28
1 34 16.88
1 35 16.02
1 36 68.02
1 37 87.9
1 38 3.32
1 40 13.26
1 41 89.93
1 43 35.98
1 44 44.08
1 45 28.42
1 46 98.18
1 47 72.75
1 48 80.07
1 49 80.15
1 50 67.61
1 51 12.08
1 52 59.77
1 53 49.24
1 55 22.44
1 56 91.68
1 59 59.62
1 60 16.3
1 62 79.41
1 63 83.67
1 64 53.04
1 65 89.75
1 68 5.18
1 70 64.5
1 72 9.94
1 74 6.76
1 75 36.25
1 76 69.46
1 78 87.89
1 79 74.62
1 81 7.86
1 82 74.07
1 83 86.95
1 85 1.09
1 86 98.57
1 87 38.18
1 89 64.86
1 92 53.9
1 93 58.44
1 94 7.48
1 95 33.45
1 97 61.69
1 98 67.07
1 99 90.8
2 3 72.91
2 4 32.96
2 5 49.18
2 7 6.38
2 8 48.35
2 9 42.6
2 11 77.09
2 12 66.02
2 13 88.69
2 16 79.73
2 18 54.48
2 19 45.69
2 20 66.67
2 21 20.22
2 23 35.92
2 24 83.15
2 25 81.52
2 28 63.42
2 29 34.31
2 32 98.57
2 33 42.64
2 34 87.16
2 35 27.95
2 36 40.6
2 37 61.62
2 38 60.87
2 40 7.5
2 42 88.16
2 43 67.73
2 44 45.07
2 45 17.56
2 46 4.48
2 47 17.76
2 50 76.6
2 51 33.18
2 52 38.59
2 53 79.37
2 54 43.53
2 55 56.18
2 56 53.86
2 57 61.82
2 59 30.16
2 60 21.77
2 61 53.99
2 62 60.52
2 63 75.45
2 64 78.16
2 66 14.98
2 67 58.85
2 69 56.68
2 70 5.71
2 73 99.46
2 74 53.01
2 75 84.32
2 77 60.12
2 78 50.15
2 79 32.58
2 80 45.61
2 82 68.46
2 83 86.39
2 86 7.06
2 87 30.38
2 89 88.63
2 90 74.03
2 91 40.01
2 92 91.26
2 93 73.35
2 96 18.75
2 97 32.05
2 99 58.56
3 4 53.85
3 5 87.13
3 6 61.64
3 7 13.65
3 8 80.07
3 9 24.21
3 10 46.02
3 11 33.71
3 12 21.23
3 15 99.86
3 16 66.21
3 18 37.23
3 19 73.46
3 20 2.16
3 21 7.55
3 22 4.95
3 23 85.3
3 26 47.89
3 27 69.77
3 28 20.55
3 29 89.26
3 30 16.57
3 31 40.15
3 32 91.59
3 34 40.78
3 35 14.59
3 36 7.46
3 38 55.68
3 41 19.79
3 43 65.61
3 44 40.86
3 45 81.79
3 46 44.85
3 48 51.68
3 50 81.22
3 51 2.46
3 53 85.48
3 54 55.64
3 55 25.16
3 59 11.86
3 60 89.2
3 62 73.97
3 66 80.43
3 67 16.38
3 68 91.77
3 69 67.46
3 70 84.58
3 71 77.07
3 73 91.07
3 75 1.52
3 77 59.2
3 81 49.32
3 82 34.42
3 83 95.47
3 85 40.41
3 86 25.6
3 88 1.67
3 89 22.91
3 91 74.98
3 92 12.24
3 94 89.03
3 95 34.41
3 96 67.2
3 97 29.6
3 99 46.7
4 5 48.67
4 6 17.81
4 7 45.1
4 8 29.52
4 12 50.5
4 15 58.82
4 16 45.02
4 17 79.2
4 18 32.49
4 19 5.22
4 21 84.26
4 22 81.35
4 25 41.37
4 26 35.76
4 27 46.64
4 28 47.29
4 29 68.46
4 30 25.29
4 31 41.24
4 32 61.97
4 33 76.86
4 34 5.35
4 36 15.06
4 37 53.16
4 38 34.49
4 39 42.93
4 40 8.27
4 41 94.47
4 42 24.54
4 44 5.43
4 45 70.01
4 47 78.09
4 48 57.18
4 49 59.86
4 52 83.53
4 54 62.3
4 55 6.82
4 56 68.08
4 57 59.06
4 58 87.63
4 59 85.4
4 60 38.73
4 61 57.46
4 62 77.27
4 63 63.42
4 64 24.6
4 65 54.78
4 66 8.24
4 67 78.94
4 69 98.34
4 70 81.94
4 72 14.31
4 73 19.62
4 74 11.22
4 75 3.07
4 76 96.46
4 77 55.98
4 78 68.79
4 79 71.41
4 80 91.99
4 81 64.48
4 82 33.96
4 83 37.22
4 85 96.81
4 86 71.48
4 87 48.07
4 88 74.68
4 89 99.21
4 92 8.46
4 93 8.58
4 95 40.61
4 96 66.32
4 98 43.47
4 99 39.55
5 6 80.57
5 9 57.33
5 10 66.31
5 12 18.53
5 13 32.06
5 14 92.16
5 15 65.7
5 17 35.18
5 18 43.66
5 19 40.77
5 20 8.44
5 21 50.28
5 24 53.89
5 25 35.98
5 26 31.75
5 27 2.71
5 29 43.85
5 30 44.47
5 32 32.87
5 33 33.28
5 34 50.57
5 35 80.42
5 36 43.98
5 37 97.44
5 39 6.23
5 41 42.49
5 42 43.22
5 44 14.98
5 46 74.63
5 47 47.51
5 49 67.76
5 50 53.4
5 52 68.94
5 53 59.4
5 54 80.0
5 56 88.35
5 58 72.06
5 60 90.56
5 62 2.68
5 65 53.33
5 66 63.31
5 67 85.8
5 68 33.15
5 69 5.34
5 70 2.07
5 71 89.91
5 72 27.61
5 74 52.36
5 75 45.42
5 76 26.36
5 77 4.51
5 78 58.42
5 80 49.26
5 84 92.75
5 85 13.78
5 86 20.35
5 87 84.01
5 90 43.01
5 91 30.27
5 93 61.54
5 94 17.03
5 95 7.88
5 97 10.08
5 98 2.47
5 99 82.02
6 7 79.21
6 10 98.99
6 11 1.16
6 13 69.93
6 14 73.19
6 15 45.16
6 16 42.58
6 17 40.88
6 18 28.27
6 19 46.52
6 20 62.02
6 21 16.01
6 22 84.75
6 23 79.85
6 24 53.22
6 25 58.31
6 26 96.02
6 27 62.9
6 29 48.93
6 31 15.28
6 32 38.39
6 33 82.24
6 34 92.5
6 35 48.87
6 36 25.69
6 37 78.21
6 38 20.81
6 39 25.99
6 40 12.92
6 41 37.55
6 42 55.94
6 44 72.24
6 46 30.09
6 49 55.25
6 50 16.05
6 52 11.51
6 53 12.27
6 54 60.42
6 55 68.34
6 57 49.92
6 58 85.37
6 59 13.74
6 60 22.84
6 63 94.42
6 66 58.56
6 67 57.23
6 68 67.74
6 69 11.49
6 70 74.3
6 71 47.53
6 73 38.66
6 75 25.58
6 77 12.66
6 78 99.93
6 79 71.72
6 82 80.14
6 83 26.22
6 84 7.49
6 85 39.08
6 86 10.45
6 87 97.15
6 88 50.77
6 89 28.82
6 91 77.11
6 92 96.37
6 93 27.14
6 94 85.03
6 95 4.03
6 96 18.48
6 99 34.15
7 8 57.71
7 9 84.22
7 10 96.88
7 11 36.48
7 12 10.34
7 13 94.25
7 16 21.65
7 17 97.61
7 18 82.51
7 19 30.47
7 20 7.7
7 21 56.82
7 22 1.2
7 24 79.11
7 25 5.76
7 26 54.3
7 27 1.76
7 30 52.89
7 31 31.79
7 32 79.45
7 33 32.31
7 34 36.72
7 35 78.24
7 36 75.11
7 37 44.43
7 38 49.99
7 40 27.96
7 41 91.38
7 44 68.38
7 45 6.62
7 46 97.68
7 47 62.9
7 48 6.88
7 49 8.74
7 51 77.32
7 52 62.42
7 53 15.26
7 56 35.21
7 57 82.22
7 59 55.87
7 60 61.27
7 61 24.65
7 62 96.21
7 63 5.71
7 64 47.92
7 65 6.74
7 66 81.29
7 67 7.09
7 68 98.39
7 69 99.65
7 70 37.06
7 71 43.07
7 72 85.55
7 74 91.18
7 77 46.91
7 78 73.06
7 79 25.82
7 82 83.19
7 83 53.78
7 86 74.45
7 87 66.6
7 88 9.88
7 89 5.82
7 90 96.2
7 91 2.97
7 96 62.15
7 97 14.41
7 98 99.66
7 99 38.03
8 9 68.94
8 11 29.44
8 12 6.37
8 13 72.83
8 15 66.24
8 17 39.6
8 18 59.93
8 20 37.03
8 21 80.8
8 23 8.9
8 24 10.21
8 26 57.9
8 27 99.45
8 28 45.36
8 31 7.64
8 32 59.5
8 33 19.26
8 34 7.44
8 35 51.36
8 36 73.4
8 37 77.44
8 38 35.85
8 40 13.06
8 41 58.3
8 42 70.88
8 44 56.77
8 45 22.68
8 46 26.67
8 47 35.12
8 48 90.83
8 49 67.07
8 52 29.84
8 53 6.95
8 54 85.56
8 55 23.83
8 56 51.84
8 57 15.96
8 59 85.56
8 60 45.94
8 61 37.86
8 63 60.69
8 64 6.91
8 65 2.93
8 66 80.14
8 67 90.69
8 68 41.76
8 69 71.15
8 70 24.27
8 71 99.12
8 73 70.17
8 74 93.68
8 75 60.78
8 76 19.73
8 77 31.41
8 80 13.35
8 82 91.91
8 83 74.18
8 84 32.82
8 86 56.54
8 87 24.07
8 89 98.82
8 90 8.69
8 91 72.83
8 92 12.57
8 93 16.03
8 94 55.65
8 95 27.44
8 96 30.4
8 98 35.43
8 99 13.5
9 10 96.42
9 11 83.44
9 16 46.58
9 17 24.85
9 18 30.73
9 19 68.68
9 20 3.54
9 21 92.63
9 24 73.1
9 25 71.05
9 26 72.74
9 27 4.83
9 28 66.13
9 29 10.16
9 32 15.05
9 33 58.6
9 34 2.68
9 35 39.98
9 36 81.52
9 37 72.71
9 38 97.07
9 39 9.16
9 40 33.93
9 41 12.76
9 42 21.77
9 44 32.78
9 45 30.36
9 46 26.71
9 47 10.62
9 48 2.03
9 49 50.51
9 50 36.39
9 51 20.11
9 52 83.79
9 54 26.23
9 55 87.21
9 56 52.76
9 57 33.94
9 58 91.02
9 60 55.83
9 61 52.14
9 63 63.97
9 64 30.26
9 65 63.06
9 66 53.25
9 67 38.71
9 68 37.07
9 69 4.17
9 70 38.04
9 72 71.71
9 73 76.36
9 74 53.59
9 76 65.22
9 77 55.86
9 78 38.7
9 79 5.33
9 82 54.0
9 83 15.89
9 84 84.48
9 87 99.69
9 89 89.01
9 90 28.53
9 91 69.52
9 93 86.54
9 94 20.81
9 95 66.53
9 96 41.79
9 97 74.11
9 98 62.1
9 99 93.42
10 11 81.15
10 12 80.58
10 15 97.77
10 16 67.55
10 19 71.17
10 20 4.21
10 21 54.74
10 22 6.9
10 23 68.11
10 24 83.21
10 25 31.35
10 26 54.63
10 27 34.83
10 28 20.86
10 29 91.87
10 30 20.17
10 31 96.19
10 32 42.48
10 33 24.79
10 34 59.47
10 38 99.17
10 39 73.94
10 40 45.57
10 42 82.87
10 43 78.95
10 44 52.97
10 46 79.28
10 47 65.31
10 48 47.67
10 49 50.53
10 53 35.12
10 55 27.91
10 56 62.04
10 57 75.98
10 59 32.76
10 60 70.66
10 61 95.07
10 62 8.21
10 63 17.68
10 64 73.71
10 65 35.87
10 66 98.95
10 67 24.78
10 68 22.48
10 69 23.34
10 70 77.12
10 71 44.96
10 72 65.92
10 73 29.91
10 74 27.35
10 75 99.64
10 76 16.58
10 77 12.25
10 78 53.88
10 79 63.69
10 82 20.24
10 83 20.41
10 84 53.24
10 85 99.49
10 87 90.52
10 88 16.19
10 90 45.99
10 91 47.26
10 92 57.35
10 94 86.52
10 95 10.42
10 96 43.64
10 98 8.2
10 99 49.36
11 12 23.06
11 13 92.55
11 14 77.6
11 15 84.86
11 16 95.83
11 17 25.74
11 18 98.99
11 20 12.46
11 23 42.79
11 24 74.26
11 25 7.91
11 26 33.95
11 27 28.2
11 29 41.3
11 30 84.96
11 31 49.29
11 32 75.84
11 34 15.56
11 35 17.46
11 36 17.02
11 37 82.22
11 38 37.23
11 39 8.49
11 40 18.51
11 41 37.47
11 44 22.21
11 46 87.24
11 47 36.55
11 48 64.69
11 49 61.64
11 51 76.07
11 52 41.18
11 53 13.48
11 54 23.42
11 56 20.19
11 57 35.17
11 58 33.99
11 60 90.59
11 63 65.87
11 64 76.6
11 65 82.49
11 66 93.74
11 67 45.87
11 69 84.08
11 70 71.39
11 71 55.59
11 72 93.51
11 73 70.64
11 74 72.54
11 76 85.88
11 78 6.49
11 79 60.1
11 80 97.18
11 81 63.13
11 82 46.59
11 83 99.82
11 84 11.35
11 85 42.97
11 86 8.87
11 88 36.29
11 89 61.21
11 90 72.72
11 91 65.06
11 92 71.88
11 94 39.86
11 95 42.66
11 97 36.67
11 98 89.52
12 13 71.41
12 14 59.5
12 16 67.27
12 17 16.78
12 18 77.43
12 21 9.51
12 22 40.04
12 24 56.81
12 26 59.38
12 27 78.28
12 28 74.46
12 29 55.53
12 30 50.07
12 31 6.65
12 33 27.49
12 34 49.08
12 35 92.49
12 37 93.69
12 38 38.85
12 39 6.12
12 40 31.14
12 42 94.27
12 43 22.84
12 44 84.77
12 45 99.67
12 48 83.96
12 49 62.82
12 50 71.97
12 51 56.61
12 52 62.05
12 53 53.67
12 54 60.94
12 56 16.98
12 57 40.11
12 58 22.76
12 59 4.24
12 61 21.24
12 62 2.94
12 63 22.79
12 65 94.83
12 66 64.55
12 67 54.75
12 68 99.17
12 69 89.48
12 72 75.35
12 73 67.63
12 74 82.89
12 77 37.54
12 79 39.23
12 80 35.95
12 81 14.32
12 82 78.46
12 83 93.61
12 85 44.94
12 86 58.61
12 87 45.33
12 88 59.71
12 91 13.29
12 92 55.13
12 93 44.16
12 94 63.69
12 97 52.45
12 99 28.63
13 14 15.19
13 16 3.59
13 17 47.9
13 18 20.38
13 19 84.86
13 21 71.0
13 22 51.0
13 23 79.92
13 24 74.22
13 25 81.42
13 26 78.99
13 27 5.3
13 28 85.89
13 29 81.6
13 30 91.88
13 32 99.72
13 34 54.75
13 36 73.84
13 37 31.17
13 41 99.37
13 42 9.72
13 43 11.6
13 44 92.65
13 46 4.88
13 48 48.73
13 49 17.63
13 50 26.13
13 52 19.72
13 53 56.39
13 54 13.66
13 55 27.76
13 56 97.81
13 57 98.18
13 58 25.83
13 60 17.0
13 61 36.89
13 62 8.86
13 63 39.86
13 64 72.09
13 65 39.85
13 69 90.38
13 71 1.24
13 72 24.13
13 73 7.63
13 74 86.72
13 77 72.94
13 79 52.94
13 80 68.3
13 81 5.19
13 82 34.58
13 84 59.02
13 85 91.03
13 86 55.92
13 87 18.58
13 88 54.81
13 89 47.02
13 90 32.36
13 91 24.81
13 92 7.23
13 93 33.86
13 94 99.85
13 95 55.73
13 97 37.02
13 98 99.35
13 99 39.99
14 15 58.46
14 16 35.84
14 17 15.25
14 18 87.14
14 19 32.94
14 20 65.29
14 21 39.87
14 22 21.21
14 25 42.71
14 26 59.39
14 27 58.43
14 28 69.82
14 30 70.72
14 31 44.04
14 33 79.19
14 35 10.69
14 36 9.04
14 37 35.92
14 38 25.96
14 39 69.8
14 40 61.94
14 41 44.27
14 42 23.17
14 43 79.32
14 44 88.04
14 45 45.42
14 46 43.85
14 48 49.33
14 50 82.11
14 51 19.6
14 52 72.53
14 53 55.01
14 54 56.29
14 55 39.12
14 57 5.1
14 58 46.53
14 59 83.35
14 60 33.75
14 61 80.74
14 62 55.27
14 64 96.8
14 65 57.27
14 68 88.79
14 69 5.19
14 70 3.5
14 71 57.88
14 72 81.94
14 74 24.04
14 75 43.78
14 76 26.84
14 78 44.03
14 79 23.02
14 80 7.52
14 81 97.84
14 82 8.81
14 84 14.34
14 85 39.73
14 86 63.23
14 87 50.12
14 88 83.12
14 89 77.14
14 91 92.01
14 92 74.89
14 93 89.26
14 94 98.12
14 96 37.58
14 97 9.73
14 98 50.08
14 99 78.29
15 16 27.22
15 17 25.95
15 18 90.63
15 19 4.77
15 20 16.81
15 21 72.79
15 22 48.11
15 23 18.99
15 24 7.67
15 25 28.95
15 26 73.59
15 27 94.87
15 31 93.17
15 32 98.64
15 33 93.26
15 37 17.69
15 38 31.56
15 39 17.08
15 40 47.69
15 41 69.28
15 42 87.77
15 43 36.27
15 44 61.73
15 46 54.06
15 47 72.89
15 48 11.67
15 49 43.54
15 50 78.16
15 52 66.9
15 53 31.99
15 54 31.2
15 56 70.87
15 57 60.47
15 59 88.9
15 60 40.72
15 61 62.88
15 62 58.95
15 63 68.2
15 66 76.76
15 68 31.22
15 69 66.52
15 71 64.69
15 72 19.42
15 73 19.02
15 74 25.0
15 75 26.68
15 76 82.53
15 77 37.31
15 79 18.7
15 80 8.02
15 81 38.31
15 83 98.18
15 84 2.22
15 85 30.1
15 87 54.6
15 88 46.32
15 94 70.72
15 95 8.11
15 98 79.81
15 99 18.89
16 18 31.79
16 19 78.15
16 20 10.36
16 21 3.67
16 22 71.94
16 24 70.25
16 25 28.71
16 27 3.22
16 29 45.16
16 30 33.26
16 31 75.13
16 33 28.41
16 34 22.74
16 37 96.39
16 38 73.26
16 39 8.53
16 40 29.77
16 43 11.09
16 44 71.77
16 45 33.84
16 46 44.6
16 48 55.01
16 51 5.42
16 52 1.42
16 53 59.94
16 55 21.0
16 57 75.59
16 59 85.28
16 60 28.93
16 61 97.63
16 62 14.39
16 63 62.45
16 64 13.73
16 65 40.78
16 66 8.62
16 67 70.09
16 68 71.88
16 69 20.24
16 70 48.88
16 71 7.11
16 74 93.98
16 75 46.49
16 76 9.61
16 77 11.54
16 78 37.57
16 81 67.73
16 82 20.7
16 84 31.85
16 85 56.01
16 86 18.51
16 88 78.28
16 89 22.13
16 90 86.32
16 91 16.83
16 92 12.26
16 93 16.15
16 94 46.69
16 97 43.45
16 98 75.56
16 99 99.74
17 18 99.68
17 21 74.58
17 22 76.52
17 23 99.14
17 24 31.77
17 25 42.45
17 26 48.28
17 28 26.5
17 29 96.95
17 30 51.09
17 32 16.95
17 33 73.28
17 34 9.22
17 35 87.32
17 37 92.75
17 38 48.05
17 39 24.66
17 41 60.93
17 42 79.5
17 43 60.91
17 46 22.0
17 47 27.55
17 49 60.29
17 50 56.72
17 51 49.2
17 54 62.86
17 55 3.27
17 56 24.2
17 58 81.12
17 59 84.95
17 62 62.64
17 63 84.93
17 64 89.35
17 65 46.03
17 66 19.34
17 67 89.25
17 68 21.51
17 69 94.6
17 70 59.4
17 71 69.69
17 72 74.49
17 73 85.41
17 74 19.42
17 76 83.74
17 78 83.14
17 81 26.23
17 82 34.29
17 84 55.55
17 86 35.87
17 87 77.62
17 88 29.07
17 90 76.04
17 91 68.48
17 92 72.46
17 93 27.85
17 96 16.41
17 97 52.89
17 99 42.78
18 19 10.14
18 21 89.08
18 22 95.39
18 25 96.07
18 26 22.45
18 27 57.33
18 28 69.61
18 29 58.03
18 31 90.82
18 32 23.35
18 34 29.69
18 35 18.51
18 38 92.83
18 39 54.29
18 40 74.43
18 41 98.84
18 42 31.01
18 43 6.75
18 45 25.82
18 46 87.15
18 47 6.71
18 48 15.42
18 49 64.62
18 50 52.87
18 51 79.05
18 53 81.67
18 54 38.85
18 55 93.96
18 56 15.26
18 57 71.91
18 58 60.29
18 59 55.68
18 60 54.3
18 61 80.37
18 62 86.44
18 63 57.72
18 64 81.79
18 65 9.36
18 66 83.59
18 68 42.87
18 69 14.61
18 70 95.39
18 73 35.32
18 75 30.48
18 78 58.79
18 79 15.27
18 81 25.84
18 82 6.58
18 83 3.06
18 85 70.22
18 88 60.12
18 90 44.11
18 91 15.79
18 92 85.73
18 93 20.5
18 94 96.73
18 95 20.01
18 96 13.5
18 97 69.44
18 98 24.47
18 99 97.97
19 20 72.48
19 21 25.21
19 23 72.53
19 25 67.67
19 26 37.08
19 27 78.78
19 29 1.99
19 31 93.72
19 32 82.67
19 34 65.63
19 35 22.19
19 36 91.57
19 37 91.6
19 38 16.48
19 40 37.43
19 41 72.26
19 42 40.68
19 43 99.57
19 44 85.27
19 45 3.23
19 46 12.83
19 47 27.49
19 49 27.06
19 50 34.61
19 51 64.76
19 52 73.69
19 53 28.8
19 57 88.9
19 58 33.89
19 59 70.08
19 60 51.98
19 62 11.84
19 63 22.95
19 64 24.91
19 65 32.41
19 68 40.49
19 69 44.39
19 70 86.93
19 71 10.51
19 72 80.4
19 73 32.77
19 74 84.36
19 77 11.46
19 78 69.84
19 79 57.64
19 80 87.35
19 83 22.11
19 85 79.55
19 88 70.52
19 89 80.75
19 90 98.08
19 92 74.85
19 94 50.48
19 95 18.03
19 97 97.34
19 98 13.91
20 24 35.91
20 25 49.93
20 26 69.01
20 28 91.88
20 30 68.34
20 31 99.85
20 32 83.49
20 33 48.36
20 34 31.77
20 36 31.26
20 37 12.69
20 38 14.71
20 39 71.73
20 40 60.74
20 41 41.61
20 42 51.14
20 43 76.51
20 44 84.04
20 45 77.51
20 46 25.8
20 47 8.08
20 49 49.17
20 51 46.95
20 52 45.04
20 53 68.27
20 54 79.06
20 56 29.94
20 59 49.27
20 60 68.33
20 62 67.12
20 63 14.74
20 64 99.29
20 65 20.44
20 66 17.53
20 67 61.87
20 68 92.11
20 69 55.54
20 70 93.84
20 71 61.54
20 72 83.07
20 73 55.09
20 75 60.71
20 76 36.84
20 77 77.08
20 78 87.0
20 79 33.13
20 81 31.31
20 83 89.43
20 84 30.36
20 85 7.93
20 86 29.76
20 87 19.08
20 88 2.75
20 90 96.28
20 91 54.4
20 92 2.13
20 93 88.59
20 94 74.25
20 95 3.1
20 96 40.04
20 97 54.47
20 98 91.88
20 99 31.47
21 23 84.62
21 25 79.01
21 26 19.7
21 27 47.37
21 28 69.38
21 30 94.07
21 31 99.65
21 32 45.09
21 33 49.19
21 34 76.81
21 35 3.45
21 36 69.91
21 37 83.54
21 39 87.29
21 40 39.44
21 42 11.24
21 43 50.55
21 44 89.48
21 45 1.26
21 46 50.42
21 48 60.49
21 49 45.77
21 50 20.95
21 51 44.03
21 52 73.16
21 54 26.38
21 55 2.59
21 56 65.89
21 57 45.23
21 58 35.93
21 59 17.38
21 60 76.66
21 61 44.13
21 62 26.18
21 63 54.09
21 64 35.51
21 65 28.02
21 66 58.9
21 70 85.06
21 71 35.08
21 72 44.45
21 73 99.04
21 74 97.08
21 75 9.76
21 77 55.58
21 78 62.94
21 79 22.65
21 80 85.46
21 81 16.32
21 82 97.59
21 83 40.69
21 84 54.83
21 85 57.5
21 86 17.0
21 88 60.35
21 89 41.87
21 90 47.15
21 92 82.52
21 93 35.89
21 97 3.27
21 98 54.83
21 99 70.96
22 23 28.75
22 24 80.65
22 25 38.49
22 26 39.69
22 27 54.03
22 28 19.38
22 29 96.36
22 30 97.09
22 32 91.48
22 33 78.01
22 36 25.46
22 37 23.55
22 38 90.92
22 43 59.26
22 44 20.3
22 45 22.79
22 46 46.25
22 47 20.38
22 49 1.88
22 51 94.36
22 52 10.06
22 53 5.69
22 54 14.15
22 55 74.35
22 56 51.87
22 57 14.54
22 58 15.56
22 59 83.48
22 60 46.98
22 61 3.88
22 62 75.9
22 63 26.18
22 65 23.99
22 66 66.88
22 67 29.31
22 68 2.49
22 69 16.19
22 71 26.49
22 73 39.83
22 74 31.84
22 75 6.04
22 76 92.1
22 77 39.01
22 78 21.02
22 79 31.38
22 80 7.87
22 81 57.32
22 82 66.71
22 83 16.12
22 85 82.55
22 86 61.75
22 88 47.31
22 89 47.7
22 91 30.67
22 92 18.43
22 93 9.64
22 94 70.58
22 95 66.27
22 96 59.75
23 24 55.1
23 25 98.37
23 26 69.32
23 27 35.18
23 28 32.09
23 29 51.55
23 30 38.23
23 31 86.08
23 33 1.33
23 34 54.58
23 36 29.13
23 38 62.11
23 39 60.41
23 40 65.48
23 41 41.28
23 43 83.73
23 44 75.31
23 45 27.29
23 46 46.98
23 47 56.91
23 50 34.27
23 51 86.65
23 53 57.02
23 54 39.45
23 55 67.93
23 56 18.51
23 57 54.58
23 59 29.95
23 60 55.21
23 61 36.58
23 64 40.09
23 65 71.97
23 66 35.11
23 67 87.96
23 68 2.78
23 69 87.85
23 70 79.24
23 71 12.28
23 74 65.92
23 75 93.22
23 77 43.83
23 78 9.18
23 79 40.65
23 82 99.23
23 83 47.83
23 85 20.52
23 86 48.19
23 87 9.99
23 88 90.32
23 89 88.74
23 90 42.85
23 91 16.25
23 92 8.85
23 96 29.34
23 97 80.63
23 98 27.17
24 25 63.16
24 26 71.47
24 27 72.66
24 28 60.05
24 30 15.28
24 32 45.73
24 33 87.9
24 34 74.48
24 35 70.47
24 36 17.67
24 37 5.0
24 40 30.81
24 42 47.6
24 44 58.6
24 46 33.55
24 48 48.29
24 49 37.96
24 50 38.4
24 51 64.05
24 52 37.54
24 53 58.6
24 54 84.22
24 55 78.97
24 56 44.5
24 57 31.85
24 58 7.26
24 59 50.1
24 61 68.3
24 62 49.43
24 63 42.46
24 64 95.11
24 65 58.26
24 66 12.89
24 68 98.88
24 69 88.54
24 70 16.95
24 71 74.65
24 72 48.13
24 74 52.48
24 75 70.07
24 76 15.8
24 77 17.86
24 78 2.28
24 82 57.1
24 83 2.2
24 85 6.97
24 86 72.59
24 87 19.37
24 88 91.47
24 90 52.82
24 91 45.65
24 92 33.35
24 94 53.35
24 95 63.05
24 96 5.14
24 97 70.81
24 98 38.79
25 26 98.34
25 27 40.48
25 28 54.15
25 29 54.44
25 30 19.25
25 31 38.81
25 32 17.54
25 33 3.63
25 34 93.93
25 35 14.57
25 36 19.41
25 38 36.66
25 39 57.46
25 41 5.52
25 42 14.22
25 44 14.16
25 45 85.7
25 46 47.77
25 48 56.96
25 49 20.81
25 50 10.25
25 51 13.71
25 53 57.93
25 55 53.35
25 56 6.35
25 57 35.32
25 58 35.63
25 60 94.65
25 61 56.61
25 62 19.42
25 63 33.54
25 66 2.41
25 67 97.19
25 68 27.36
25 69 89.1
25 70 7.83
25 71 16.51
25 72 67.04
25 73 64.4
25 74 23.78
25 75 20.54
25 76 5.21
25 79 50.02
25 81 80.44
25 82 61.35
25 83 70.82
25 84 18.16
25 86 35.11
25 87 32.42
25 88 10.98
25 89 83.9
25 91 20.46
25 93 29.2
25 94 48.27
25 96 64.22
25 98 4.59
26 27 81.24
26 28 90.79
26 29 40.49
26 31 29.28
26 32 67.89
26 33 30.16
26 34 74.23
26 36 93.1
26 37 79.38
26 38 78.92
26 39 21.3
26 41 95.95
26 43 60.7
26 46 63.73
26 47 45.43
26 49 80.47
26 50 60.1
26 51 99.13
26 52 8.0
26 54 36.11
26 57 67.0
26 58 7.68
26 59 75.95
26 61 64.89
26 62 73.68
26 63 96.76
26 66 24.05
26 67 79.81
26 68 98.38
26 69 47.1
26 70 94.52
26 71 10.37
26 72 3.26
26 73 9.21
26 74 86.42
26 75 94.22
26 76 35.45
26 78 97.04
26 79 34.49
26 82 70.12
26 83 80.62
26 85 12.5
26 87 73.71
26 89 20.13
26 90 59.9
26 91 30.31
26 92 23.53
26 94 85.27
26 95 48.34
26 96 75.97
27 28 31.92
27 29 71.74
27 31 20.22
27 32 73.22
27 33 49.66
27 34 14.16
27 35 46.97
27 36 15.54
27 38 10.88
27 39 26.26
27 41 97.66
27 42 92.58
27 43 67.18
27 44 35.61
27 45 72.14
27 46 83.82
27 47 18.51
27 49 84.11
27 50 13.8
27 51 6.38
27 52 86.25
27 53 80.63
27 54 60.36
27 55 86.53
27 56 77.2
27 57 23.23
27 58 81.17
27 59 47.82
27 60 56.63
27 61 68.94
27 62 43.6
27 63 15.23
27 64 47.41
27 68 97.67
27 69 72.35
27 70 38.92
27 71 26.48
27 72 58.85
27 74 68.93
27 75 4.82
27 76 30.09
27 78 66.17
27 79 10.95
27 80 59.8
27 82 97.37
27 83 82.44
27 84 80.51
27 86 27.12
27 87 71.59
27 89 94.75
27 92 68.82
27 93 9.5
27 96 81.25
27 97 7.52
27 98 4.0
28 29 30.83
28 30 87.0
28 31 6.12
28 32 90.15
28 33 69.56
28 34 51.28
28 35 55.97
28 37 24.23
28 38 33.42
28 39 52.18
28 40 76.65
28 41 6.14
28 43 72.0
28 44 72.9
28 45 29.11
28 47 84.13
28 48 33.55
28 51 80.32
28 54 61.17
28 55 64.46
28 57 86.74
28 58 81.21
28 60 76.77
28 61 21.58
28 62 73.27
28 66 55.84
28 67 98.46
28 69 6.05
28 70 43.54
28 71 71.18
28 73 56.87
28 74 10.83
28 76 61.89
28 77 68.86
28 79 42.49
28 80 5.88
28 84 25.09
28 86 60.4
28 87 56.0
28 88 80.73
28 89 90.44
28 90 83.08
28 92 83.89
28 93 89.95
28 94 94.7
28 95 18.4
28 96 66.41
28 97 59.83
28 99 73.84
29 30 37.32
29 32 31.93
29 33 39.31
29 34 97.36
29 36 74.01
29 37 57.04
29 38 14.52
29 39 88.14
29 40 29.11
29 41 90.85
29 42 62.29
29 44 9.85
29 45 85.01
29 46 45.96
29 47 25.08
29 48 29.94
29 49 44.97
29 50 99.78
29 51 20.91
29 53 78.57
29 55 94.06
29 56 48.54
29 59 27.23
29 60 67.64
29 61 62.07
29 62 21.01
29 63 38.03
29 64 95.39
29 66 17.3
29 67 92.95
29 68 59.35
29 70 65.54
29 71 95.62
29 72 62.84
29 73 7.21
29 75 55.97
29 76 49.32
29 78 83.65
29 79 30.2
29 80 48.56
29 81 88.65
29 82 77.01
29 83 72.95
29 84 85.49
29 85 88.09
29 86 66.21
29 87 46.95
29 88 76.95
29 89 51.31
29 90 14.62
29 92 79.78
29 93 77.58
29 94 15.24
29 95 10.15
29 96 61.72
29 97 35.7
29 99 67.29
30 31 68.06
30 32 35.24
30 33 13.5
30 34 18.61
30 35 57.4
30 38 66.67
30 40 55.41
30 42 38.21
30 43 13.33
30 44 29.91
30 45 36.06
30 46 81.83
30 47 86.84
30 48 55.25
30 49 54.72
30 51 41.06
30 52 16.25
30 53 24.71
30 54 49.85
30 55 99.91
30 60 54.54
30 61 40.02
30 62 64.81
30 63 19.23
30 64 51.74
30 65 61.54
30 66 64.54
30 67 8.32
30 69 31.73
30 70 29.26
30 71 50.64
30 73 78.25
30 75 46.97
30 76 26.28
30 78 73.09
30 79 3.68
30 80 19.47
30 81 17.31
30 82 16.88
30 83 15.59
30 85 7.76
30 86 68.57
30 87 87.76
30 88 49.32
30 89 36.98
30 90 75.75
30 91 21.8
30 92 50.55
30 93 93.45
30 94 74.98
30 95 31.02
30 96 86.16
30 98 79.18
30 99 50.1
31 33 36.12
31 34 21.48
31 35 34.33
31 36 42.92
31 37 50.29
31 38 82.53
31 39 1.24
31 40 2.35
31 42 67.6
31 43 32.9
31 44 67.14
31 48 54.22
31 49 35.92
31 50 30.12
31 51 97.27
31 52 98.74
31 53 64.71
31 54 79.18
31 56 25.24
31 57 55.73
31 58 39.86
31 59 44.8
31 61 70.17
31 62 63.91
31 63 45.29
31 64 50.75
31 65 20.69
31 67 13.97
31 68 85.33
31 70 55.18
31 72 22.19
31 73 12.72
31 75 28.12
31 77 31.86
31 78 11.85
31 79 5.12
31 80 12.15
31 83 2.68
31 84 86.12
31 85 87.45
31 87 76.97
31 88 83.59
31 89 66.29
31 91 7.71
31 92 77.19
31 93 84.32
31 94 13.95
31 96 29.19
31 98 47.97
31 99 44.87
32 33 38.71
32 34 71.51
32 35 11.08
32 36 18.57
32 37 60.24
32 39 55.14
32 40 59.62
32 41 78.02
32 42 80.15
32 45 40.41
32 46 48.57
32 47 60.91
32 48 65.07
32 49 13.76
32 50 23.2
32 51 8.57
32 54 47.2
32 56 58.26
32 58 28.38
32 59 14.83
32 60 69.16
32 61 2.35
32 62 82.41
32 63 66.34
32 64 75.56
32 66 91.28
32 67 46.06
32 68 84.81
32 70 9.31
32 71 17.45
32 72 89.61
32 73 32.53
32 74 64.81
32 75 14.0
32 76 31.03
32 77 42.1
32 78 44.47
32 83 60.64
32 84 81.32
32 85 78.95
32 86 20.35
32 87 87.36
32 88 51.06
32 89 47.84
32 90 64.03
32 91 48.18
32 93 59.87
32 94 69.94
32 96 54.66
32 98 1.14
32 99 99.98
33 34 16.89
33 35 27.75
33 36 63.87
33 37 77.16
33 38 80.34
33 39 11.84
33 40 80.15
33 41 17.89
33 45 14.41
33 46 75.97
33 49 49.85
33 50 92.46
33 51 34.05
33 52 31.91
33 54 49.33
33 55 96.93
33 56 94.71
33 57 87.47
33 58 49.86
33 59 94.27
33 61 8.57
33 62 59.95
33 63 70.78
33 65 30.61
33 66 60.5
33 67 32.64
33 68 44.38
33 69 14.48
33 70 7.74
33 71 47.45
33 73 15.46
33 74 33.64
33 76 40.12
33 77 37.92
33 78 39.96
33 80 7.87
33 81 87.04
33 83 6.46
33 84 78.49
33 85 92.8
33 86 59.21
33 87 1.8
33 88 75.57
33 89 91.0
33 91 7.27
33 94 20.99
33 95 35.93
33 96 61.46
33 97 56.2
33 98 91.54
33 99 56.57
34 36 7.72
34 37 47.44
34 38 88.79
34 40 21.27
34 41 72.39
34 43 31.38
34 44 96.5
34 46 28.99
34 47 50.52
34 48 8.22
34 49 20.5
34 50 61.37
34 51 18.71
34 53 12.48
34 54 37.56
34 56 90.84
34 57 43.45
34 59 92.79
34 61 24.81
34 63 94.38
34 66 79.29
34 67 57.69
34 68 45.09
34 69 33.9
34 70 17.8
34 71 19.36
34 72 28.09
34 73 85.68
34 74 82.79
34 75 13.41
34 76 39.36
34 77 40.18
34 78 24.36
34 79 10.16
34 80 69.82
34 81 32.81
34 82 77.7
34 83 18.43
34 84 90.2
34 85 21.71
34 87 69.69
34 90 25.13
34 91 67.29
34 94 71.38
34 95 93.03
34 96 81.4
34 97 92.63
34 98 21.63
35 36 38.86
35 37 21.15
35 38 94.49
35 42 36.63
35 43 30.01
35 45 64.68
35 46 78.99
35 48 16.39
35 49 20.52
35 50 28.14
35 52 57.2
35 53 49.84
35 54 67.81
35 55 71.42
35 57 29.87
35 58 36.97
35 60 46.51
35 61 16.9
35 62 95.57
35 64 77.66
35 65 33.51
35 67 66.67
35 69 53.23
35 70 38.38
35 71 80.5
35 72 48.76
35 74 57.78
35 76 52.53
35 78 38.75
35 79 12.62
35 81 30.55
35 83 59.83
35 84 86.25
35 86 34.0
35 87 57.43
35 88 19.17
35 90 51.85
35 93 83.97
35 95 34.56
35 97 69.98
35 98 27.98
35 99 58.07
36 40 85.6
36 41 71.73
36 42 25.63
36 43 15.91
36 44 4.91
36 45 83.83
36 46 78.19
36 48 45.92
36 49 52.65
36 50 72.97
36 51 27.99
36 52 8.81
36 53 54.05
36 56 52.43
36 57 99.05
36 58 31.32
36 60 3.49
36 62 35.03
36 63 4.13
36 64 68.42
36 65 72.42
36 66 33.18
36 67 2.5
36 68 68.51
36 69 84.49
36 71 66.47
36 72 69.27
36 73 19.87
36 74 41.38
36 75 93.35
36 77 47.79
36 78 49.56
36 79 30.81
36 80 35.27
36 81 31.23
36 82 48.56
36 83 49.31
36 84 21.73
36 85 96.3
36 87 96.78
36 89 53.66
36 90 71.76
36 92 94.36
36 93 22.54
36 94 56.08
36 95 25.93
36 96 33.41
36 97 73.96
36 99 71.44
37 38 65.62
37 39 63.01
37 40 70.74
37 42 95.92
37 43 16.16
37 44 2.3
37 46 74.17
37 47 7.65
37 51 35.89
37 52 15.17
37 53 52.03
37 54 53.13
37 55 7.13
37 56 8.69
37 57 25.06
37 58 16.51
37 59 66.06
37 60 26.62
37 61 17.27
37 62 14.5
37 64 9.79
37 65 70.74
37 68 2.9
37 69 99.28
37 70 30.79
37 71 53.5
37 73 36.36
37 74 92.89
37 75 59.49
37 76 75.64
37 77 66.77
37 78 37.4
37 79 10.57
37 80 9.93
37 81 83.63
37 82 20.89
37 83 21.35
37 87 31.61
37 88 37.09
37 89 72.78
37 90 5.98
37 91 79.13
37 93 17.72
37 94 39.98
37 95 94.58
37 96 89.11
37 97 50.42
37 99 66.78
38 39 79.5
38 41 80.49
38 43 56.89
38 44 88.73
38 46 31.18
38 47 20.27
38 48 51.87
38 49 70.81
38 50 6.67
38 52 48.97
38 53 53.08
38 54 49.76
38 55 8.12
38 56 97.19
38 58 64.08
38 59 64.82
38 61 83.64
38 62 76.59
38 65 22.41
38 66 38.59
38 67 64.04
38 68 45.64
38 70 87.15
38 71 98.75
38 72 77.76
38 73 36.74
38 74 96.79
38 75 18.58
38 78 58.57
38 80 77.04
38 82 51.03
38 83 36.0
38 84 91.74
38 85 44.92
38 86 80.12
38 89 73.22
38 90 61.87
38 91 97.06
38 93 84.46
38 94 50.13
38 96 94.19
38 98 69.8
38 99 24.01
39 40 79.62
39 42 55.75
39 43 76.29
39 47 39.0
39 48 16.72
39 52 6.13
39 53 65.29
39 54 12.28
39 55 34.5
39 56 35.7
39 58 98.37
39 59 75.04
39 60 68.17
39 61 19.27
39 62 86.42
39 63 43.68
39 64 65.58
39 65 12.91
39 66 26.98
39 68 69.68
39 69 72.23
39 70 37.25
39 72 73.55
39 73 94.69
39 75 61.7
39 76 75.95
39 77 68.58
39 78 41.8
39 79 98.23
39 81 81.47
39 84 10.07
39 85 24.75
39 86 16.85
39 87 17.54
39 88 93.7
39 89 36.05
39 90 12.62
39 91 86.63
39 94 96.77
39 95 16.16
39 96 19.41
39 97 25.8
39 98 19.39
39 99 97.69
40 42 17.92
40 43 90.96
40 44 6.12
40 47 59.31
40 48 66.95
40 49 5.25
40 50 32.91
40 51 37.72
40 52 64.38
40 53 75.48
40 54 35.28
40 55 81.49
40 56 67.83
40 57 19.91
40 60 12.39
40 63 93.24
40 64 44.83
40 66 61.88
40 67 2.15
40 68 2.67
40 70 6.34
40 71 83.54
40 72 79.18
40 74 26.46
40 75 2.02
40 77 14.98
40 78 85.13
40 79 29.77
40 81 83.68
40 82 68.08
40 84 78.72
40 87 48.47
40 88 25.92
40 90 3.17
40 91 22.36
40 92 24.81
40 95 93.07
40 96 22.34
40 98 94.61
40 99 44.56
41 42 17.3
41 43 55.93
41 45 23.03
41 47 4.02
41 48 2.38
41 49 92.11
41 50 12.36
41 51 28.27
41 52 16.67
41 53 46.55
41 55 81.42
41 57 12.77
41 58 97.95
41 59 45.56
41 60 65.57
41 61 34.39
41 62 32.14
41 63 55.6
41 64 85.96
41 65 39.2
41 66 12.82
41 67 3.22
41 69 63.26
41 70 99.95
41 72 44.11
41 73 54.99
41 74 7.07
41 75 51.79
41 77 28.65
41 80 67.91
41 81 89.75
41 82 92.45
41 83 58.96
41 84 24.55
41 85 35.71
41 86 53.97
41 87 82.28
41 89 41.99
41 90 90.32
41 94 15.19
41 95 42.7
41 97 72.97
41 98 51.27
41 99 34.22
42 43 20.15
42 44 38.73
42 45 12.28
42 46 40.84
42 48 73.58
42 49 59.95
42 51 84.12
42 54 77.21
42 55 36.37
42 58 26.62
42 59 19.59
42 60 2.52
42 61 17.13
42 63 59.34
42 64 82.19
42 65 41.24
42 66 65.87
42 67 96.71
42 68 99.75
42 69 49.13
42 70 24.98
42 71 35.43
42 72 7.12
42 74 29.24
42 75 14.51
42 76 20.72
42 77 17.15
42 79 50.64
42 82 32.61
42 83 84.66
42 84 52.89
42 86 17.53
42 87 81.96
42 88 42.73
42 89 6.89
42 91 57.08
42 92 22.9
42 93 85.82
42 95 77.81
42 97 79.39
42 98 54.01
42 99 33.87
43 44 42.64
43 45 94.05
43 46 41.44
43 48 57.45
43 49 45.39
43 50 58.89
43 51 16.69
43 52 75.61
43 53 8.54
43 55 28.7
43 56 64.56
43 58 88.92
43 59 19.81
43 60 24.98
43 61 12.53
43 63 83.71
43 64 26.2
43 67 19.52
43 68 80.12
43 70 67.33
43 71 48.79
43 72 11.62
43 75 18.23
43 76 32.0
43 77 41.84
43 78 96.58
43 79 33.61
43 80 33.92
43 81 62.95
43 82 99.16
43 85 93.52
43 86 9.47
43 87 63.24
43 89 49.79
43 90 31.77
43 91 34.01
43 92 93.59
43 93 60.0
43 94 99.7
43 95 30.98
43 96 91.52
43 98 63.0
43 99 70.66
44 46 69.74
44 48 41.39
44 49 66.43
44 50 21.3
44 51 20.58
44 52 42.94
44 53 7.81
44 54 87.05
44 55 67.35
44 58 71.17
44 59 43.45
44 60 99.8
44 61 66.21
44 62 80.09
44 63 37.63
44 64 46.85
44 66 60.82
44 67 1.67
44 68 13.35
44 69 53.84
44 70 90.86
44 71 48.72
44 73 36.68
44 74 43.63
44 75 90.5
44 77 5.89
44 78 48.7
44 79 79.05
44 80 52.57
44 81 51.79
44 82 8.59
44 84 52.27
44 85 5.47
44 86 76.73
44 87 55.98
44 89 55.42
44 90 9.54
44 92 10.91
44 95 47.73
44 96 19.46
44 97 44.18
44 98 1.83
44 99 15.11
45 46 63.96
45 47 47.91
45 48 31.86
45 49 61.55
45 50 65.13
45 52 28.48
45 53 26.39
45 54 86.82
45 55 78.21
45 56 20.2
45 57 12.64
45 58 21.24
45 59 43.5
45 61 89.8
45 62 62.84
45 63 6.2
45 64 72.2
45 65 1.18
45 66 82.38
45 67 12.95
45 68 31.95
45 69 52.2
45 70 63.2
45 72 62.17
45 74 56.27
45 75 39.82
45 76 10.98
45 78 59.55
45 80 6.14
45 81 20.6
45 82 19.34
45 86 59.21
45 87 75.26
45 88 77.53
45 89 62.5
45 90 9.52
45 94 92.85
45 95 74.12
45 96 41.77
45 98 11.88
45 99 6.82
46 48 32.32
46 49 11.33
46 50 68.18
46 51 3.88
46 52 48.74
46 53 90.98
46 54 90.7
46 55 70.1
46 56 14.91
46 59 7.57
46 61 79.74
46 62 68.89
46 63 43.1
46 65 6.77
46 66 2.69
46 67 70.7
46 68 83.04
46 69 5.42
46 70 79.52
46 71 93.03
46 72 96.34
46 73 29.5
46 74 43.94
46 75 36.38
46 77 68.8
46 78 93.75
46 79 78.22
46 80 57.82
46 81 28.71
46 83 72.32
46 85 60.54
46 86 56.87
46 87 14.29
46 88 67.3
46 90 75.37
46 92 62.98
46 93 95.59
46 94 16.72
46 95 6.6
46 96 66.57
46 97 30.14
46 99 62.63
47 49 95.81
47 50 27.6
47 51 61.14
47 52 17.96
47 53 31.74
47 56 54.65
47 57 69.26
47 58 67.49
47 59 73.28
47 62 91.01
47 63 37.44
47 64 62.46
47 65 66.99
47 67 56.78
47 68 15.1
47 69 40.25
47 70 60.79
47 71 9.63
47 72 36.28
47 73 6.19
47 74 88.82
47 75 43.92
47 76 61.19
47 77 34.57
47 78 86.25
47 80 90.59
47 82 25.88
47 83 41.55
47 85 22.11
47 87 64.93
47 88 90.79
47 89 8.18
47 90 82.0
47 91 51.48
47 92 18.66
47 93 51.04
47 94 37.64
47 95 31.9
47 96 78.63
47 97 95.96
47 99 56.73
48 49 56.87
48 54 62.06
48 56 56.25
48 57 26.6
48 58 8.27
48 60 91.41
48 61 16.41
48 62 5.66
48 63 28.23
48 64 13.47
48 65 7.96
48 69 24.96
48 71 16.82
48 73 43.31
48 75 46.63
48 76 41.91
48 79 56.81
48 81 97.66
48 82 22.75
48 84 53.44
48 85 56.57
48 86 43.9
48 87 70.09
48 90 99.65
48 92 58.78
48 94 69.32
48 95 33.1
48 96 30.27
48 97 70.05
48 98 17.08
48 99 37.01
49 50 13.43
49 52 36.83
49 53 52.41
49 56 9.33
49 57 85.81
49 58 98.76
49 59 48.92
49 60 2.86
49 61 90.05
49 63 90.83
49 64 2.13
49 66 37.54
49 67 52.66
49 68 31.74
49 69 65.48
49 70 67.3
49 71 40.85
49 73 76.8
49 74 66.79
49 75 68.84
49 76 28.2
49 78 72.01
49 79 4.73
49 80 80.51
49 82 41.47
49 84 1.98
49 85 24.3
49 86 15.06
49 88 19.32
49 90 47.39
49 91 74.52
49 93 35.26
49 94 38.82
49 97 31.64
49 98 25.23
49 99 46.76
50 51 75.0
50 52 3.79
50 53 99.11
50 54 85.04
50 55 16.72
50 57 9.14
50 59 93.31
50 61 38.51
50 62 55.96
50 63 93.89
50 64 74.05
50 65 48.77
50 66 58.47
50 68 2.66
50 69 29.43
50 70 87.15
50 72 16.76
50 73 29.47
50 74 60.24
50 77 18.83
50 78 30.05
50 80 44.5
50 81 2.87
50 82 18.75
50 83 36.7
50 84 7.61
50 86 68.64
50 87 63.6
50 89 29.75
50 90 34.14
50 91 3.6
50 92 67.95
50 93 13.84
50 94 72.01
50 95 56.25
50 96 79.25
50 97 39.47
50 98 71.27
51 52 80.71
51 53 64.74
51 54 3.14
51 57 29.57
51 58 5.09
51 59 38.9
51 61 54.45
51 62 77.31
51 63 7.19
51 65 44.75
51 66 48.39
51 67 15.75
51 70 77.47
51 71 68.76
51 72 99.28
51 73 72.44
51 75 47.31
51 76 52.17
51 77 45.75
51 78 61.78
51 79 94.86
51 80 35.64
51 81 36.42
51 82 10.5
51 83 71.37
51 84 86.33
51 86 11.95
51 88 22.18
51 91 23.37
51 92 96.87
51 93 75.24
51 95 46.35
51 96 48.19
51 98 38.89
52 54 99.89
52 56 33.77
52 59 85.19
52 60 71.04
52 61 1.88
52 62 84.25
52 63 34.09
52 64 90.41
52 66 90.15
52 67 64.4
52 68 90.72
52 69 14.84
52 70 74.3
52 72 3.95
52 74 17.98
52 78 69.59
52 81 28.98
52 82 30.12
52 83 79.73
52 84 1.45
52 85 53.53
52 86 11.72
52 87 69.94
52 88 78.12
52 89 92.3
52 92 66.67
52 94 87.99
52 95 24.76
52 97 69.48
52 98 65.66
53 54 90.69
53 55 65.66
53 56 40.92
53 57 6.54
53 60 18.51
53 61 86.98
53 62 36.62
53 63 76.24
53 65 84.33
53 66 45.3
53 67 78.13
53 69 30.96
53 70 85.52
53 72 21.67
53 73 33.22
53 75 43.97
53 76 58.8
53 77 32.76
53 81 71.9
53 82 36.21
53 84 35.89
53 85 68.76
53 86 87.05
53 87 67.07
53 89 38.41
53 90 82.82
53 91 19.98
53 93 33.18
53 94 51.8
53 95 95.53
53 96 33.78
53 97 82.79
53 99 65.4
54 55 27.66
54 56 95.89
54 57 76.62
54 59 57.16
54 60 90.67
54 61 7.25
54 62 58.12
54 64 82.49
54 67 69.91
54 68 90.31
54 69 50.67
54 70 17.52
54 72 54.35
54 76 37.16
54 77 25.53
54 78 79.89
54 79 81.45
54 80 33.01
54 82 93.92
54 83 71.5
54 84 32.7
54 85 40.34
54 86 45.36
54 87 40.15
54 88 67.71
54 89 40.51
54 91 91.39
54 92 59.25
54 93 87.35
54 94 83.61
54 95 44.22
54 96 99.98
54 97 46.38
54 98 63.57
54 99 41.64
55 57 11.92
55 60 30.39
55 61 70.22
55 62 30.27
55 63 67.04
55 65 41.5
55 66 71.09
55 67 27.72
55 70 10.05
55 71 80.08
55 72 43.11
55 73 14.9
55 74 98.06
55 75 38.28
55 76 89.89
55 82 5.75
55 83 67.1
55 84 55.58
55 85 25.69
55 86 48.61
55 87 9.02
55 89 79.39
55 90 6.81
55 91 63.74
55 92 54.56
55 93 31.36
55 94 91.87
55 96 61.93
55 97 94.52
55 98 68.83
55 99 78.95
56 57 49.04
56 59 24.25
56 60 62.83
56 62 30.48
56 64 70.88
56 66 88.48
56 67 92.76
56 69 42.13
56 70 38.19
56 71 50.32
56 72 80.59
56 73 99.8
56 76 47.79
56 77 11.83
56 80 37.27
56 82 30.48
56 84 70.02
56 85 46.61
56 86 20.08
56 87 84.07
56 88 70.73
56 89 14.78
56 92 38.62
56 94 21.3
56 95 30.88
56 97 97.66
56 98 60.78
56 99 11.81
57 60 96.08
57 61 77.72
57 62 56.9
57 63 30.72
57 65 28.54
57 67 72.63
57 69 90.01
57 71 9.39
57 72 62.73
57 74 90.96
57 76 79.68
57 78 55.26
57 79 92.69
57 80 99.94
57 81 33.41
57 82 84.23
57 83 58.19
57 84 53.07
57 85 22.13
57 86 62.4
57 87 87.34
57 88 45.39
57 89 32.64
57 90 38.21
57 91 41.31
57 93 81.7
57 94 44.28
57 97 89.74
57 98 3.11
57 99 4.27
58 59 28.67
58 60 80.33
58 61 7.01
58 65 4.51
58 66 71.21
58 67 24.2
58 68 83.1
58 70 33.32
58 71 65.28
58 72 51.69
58 73 77.96
58 74 52.75
58 75 9.54
58 76 5.66
58 77 3.12
58 78 97.29
58 79 76.45
58 80 37.66
58 81 46.25
58 82 21.42
58 84 39.15
58 85 3.05
58 86 6.18
58 87 53.02
58 88 15.81
58 89 85.73
58 90 4.52
58 92 74.5
58 93 70.5
58 94 67.79
58 97 88.6
58 98 38.53
58 99 14.24
59 61 65.49
59 63 15.83
59 65 12.73
59 66 3.6
59 70 68.84
59 71 4.33
59 72 15.69
59 74 20.68
59 75 29.73
59 76 3.93
59 77 55.91
59 78 50.11
59 79 18.67
59 80 45.68
59 81 17.07
59 82 23.36
59 83 76.73
59 84 28.67
59 85 66.55
59 86 30.06
59 87 50.08
59 88 98.4
59 89 17.95
59 90 27.9
59 92 47.01
59 93 21.8
59 94 5.24
59 95 34.37
59 97 41.57
59 98 62.7
59 99 12.34
60 61 7.42
60 64 7.66
60 65 20.1
60 66 90.56
60 68 93.2
60 69 87.43
60 70 81.71
60 71 91.69
60 72 99.13
60 73 58.42
60 74 90.3
60 75 55.01
60 76 16.94
60 78 83.23
60 79 96.82
60 80 66.12
60 81 88.94
60 83 87.81
60 84 8.96
60 85 92.49
60 86 65.32
60 89 21.68
60 90 25.34
60 91 84.61
60 92 99.49
60 94 38.11
60 97 77.28
60 98 87.1
61 62 74.25
61 63 20.05
61 64 69.33
61 65 90.5
61 68 77.95
61 69 29.5
61 70 42.68
61 71 90.7
61 72 90.05
61 75 1.15
61 76 73.66
61 77 78.79
61 78 76.98
61 79 7.9
61 80 61.42
61 81 30.14
61 83 19.37
61 84 29.1
61 86 20.19
61 87 88.92
61 88 99.93
61 89 11.17
61 92 30.29
61 95 4.42
61 97 69.57
61 98 33.07
61 99 77.91
62 63 44.95
62 64 67.76
62 65 88.22
62 67 52.71
62 68 10.76
62 69 73.81
62 70 87.62
62 71 12.92
62 72 65.25
62 73 82.54
62 76 58.91
62 81 3.04
62 82 61.23
62 83 61.17
62 85 96.69
62 86 76.59
62 87 15.58
62 88 48.14
62 89 29.27
62 91 22.16
62 92 79.51
62 93 83.75
62 94 35.92
62 97 54.32
62 99 31.17
63 64 44.51
63 66 66.78
63 68 19.64
63 69 14.83
63 70 33.13
63 71 34.07
63 72 15.77
63 76 60.98
63 77 6.24
63 78 73.3
63 79 19.09
63 80 36.93
63 81 89.23
63 83 85.09
63 84 92.09
63 85 38.18
63 86 80.31
63 87 50.25
63 88 44.03
63 89 11.91
63 90 24.9
63 91 15.05
63 93 81.84
63 94 9.85
63 95 20.77
63 96 40.77
63 97 22.23
63 98 72.67
63 99 77.44
64 65 15.28
64 67 24.4
64 68 11.92
64 69 17.95
64 70 13.94
64 73 21.53
64 74 22.86
64 75 31.94
64 77 51.15
64 78 68.54
64 80 28.23
64 81 37.56
64 82 90.41
64 83 20.81
64 84 51.05
64 86 82.04
64 87 59.61
64 88 23.43
64 93 55.96
64 95 23.96
64 96 68.11
64 97 64.37
64 98 8.45
64 99 83.46
65 67 65.23
65 68 46.08
65 70 72.94
65 71 59.69
65 75 42.53
65 76 49.19
65 77 5.7
65 78 97.57
65 80 81.66
65 81 58.2
65 82 88.46
65 84 31.18
65 85 29.18
65 86 39.67
65 87 62.67
65 88 73.24
65 89 13.44
65 90 40.76
65 91 84.15
65 92 7.09
65 93 77.85
65 94 47.7
65 95 2.12
65 96 7.12
65 98 29.02
65 99 47.19
66 67 86.6
66 68 94.4
66 69 38.9
66 70 59.16
66 71 54.48
66 72 42.04
66 74 56.79
66 75 29.59
66 77 30.23
66 79 48.98
66 80 42.97
66 81 93.27
66 84 82.19
66 85 31.65
66 86 12.26
66 87 39.12
66 89 54.57
66 90 36.78
66 91 13.12
66 92 66.91
66 93 84.12
66 94 10.08
66 95 48.78
66 96 15.3
66 97 60.95
66 98 61.38
67 69 61.13
67 74 88.6
67 75 44.2
67 76 66.9
67 77 68.19
67 78 38.21
67 79 65.93
67 80 2.77
67 81 94.32
67 83 67.11
67 84 86.84
67 85 58.61
67 86 41.46
67 88 10.22
67 89 19.19
67 90 49.93
67 91 7.82
67 92 17.98
67 93 30.16
67 94 22.92
67 95 15.07
67 96 73.79
67 97 34.39
67 98 96.15
67 99 40.83
68 72 73.55
68 77 57.05
68 78 98.11
68 79 77.78
68 80 91.1
68 81 39.21
68 83 61.83
68 87 70.0
68 88 33.74
68 89 19.39
68 91 1.34
68 92 44.96
68 93 87.51
68 94 84.77
68 95 38.32
68 96 48.21
68 98 42.08
68 99 71.03
69 70 45.4
69 71 27.96
69 72 12.98
69 73 9.13
69 76 48.69
69 77 37.87
69 78 47.38
69 79 47.44
69 81 75.44
69 82 90.31
69 84 56.22
69 85 8.29
69 86 30.35
69 87 93.82
69 88 24.93
69 89 34.38
69 90 53.71
69 93 24.07
69 94 16.76
69 95 5.07
69 96 17.29
69 98 26.46
69 99 35.24
70 71 75.41
70 72 16.6
70 73 72.8
70 74 47.96
70 75 24.31
70 77 99.77
70 78 21.91
70 80 14.4
70 81 96.84
70 83 24.8
70 85 9.87
70 86 27.81
70 87 41.03
70 90 28.53
70 93 91.67
70 94 28.2
70 95 32.13
70 97 8.65
70 98 7.91
71 72 55.73
71 73 29.3
71 74 72.98
71 79 72.11
71 80 9.46
71 81 93.68
71 82 9.92
71 83 65.77
71 84 64.57
71 85 34.53
71 86 86.5
71 87 26.08
71 88 50.14
71 89 65.76
71 90 27.26
71 91 27.65
71 93 29.53
71 95 53.81
71 97 27.17
71 99 93.24
72 73 54.7
72 74 55.77
72 75 42.69
72 76 4.02
72 77 29.7
72 79 88.98
72 80 46.28
72 81 45.23
72 82 5.69
72 83 41.03
72 84 95.18
72 85 89.83
72 86 16.93
72 87 86.83
72 89 66.5
72 90 57.97
72 91 82.92
72 92 16.02
72 94 73.13
72 97 48.98
72 98 85.74
72 99 55.47
73 76 72.45
73 77 70.18
73 79 38.14
73 82 47.72
73 83 84.37
73 85 89.68
73 87 52.47
73 88 57.27
73 90 87.0
73 91 46.62
73 92 92.27
73 93 2.79
73 95 26.65
73 96 14.4
73 97 38.35
73 98 7.11
73 99 14.8
74 76 75.53
74 79 4.92
74 80 6.98
74 81 63.18
74 82 16.54
74 83 36.16
74 84 1.7
74 87 19.53
74 88 97.69
74 91 82.33
74 92 17.24
74 93 16.13
74 94 79.66
74 96 29.99
74 97 24.56
74 98 45.02
74 99 72.31
75 76 58.38
75 79 2.8
75 82 20.19
75 83 65.81
75 84 75.72
75 85 1.25
75 86 53.82
75 88 49.39
75 91 28.6
75 98 40.36
75 99 77.14
76 77 34.83
76 78 87.73
76 79 50.28
76 80 58.05
76 82 59.26
76 85 88.85
76 86 86.79
76 87 78.6
76 88 53.44
76 89 19.62
76 90 4.55
76 91 49.79
76 92 98.03
76 93 90.34
76 94 89.83
76 95 27.46
76 97 26.91
76 98 23.48
76 99 5.51
77 78 66.38
77 79 2.72
77 80 96.29
77 81 18.84
77 82 61.26
77 83 33.74
77 84 27.49
77 85 90.42
77 86 62.09
77 87 65.68
77 88 38.9
77 89 61.52
77 90 22.21
77 91 25.34
77 92 10.08
77 93 85.1
77 94 30.51
77 96 39.25
77 97 31.69
78 79 1.32
78 80 26.02
78 81 99.15
78 82 76.17
78 84 8.63
78 85 55.42
78 86 79.67
78 88 11.43
78 89 88.41
78 90 53.19
78 91 76.47
78 92 25.73
78 93 90.09
78 94 16.19
78 95 7.2
78 96 74.04
78 98 83.55
78 99 38.47
79 80 74.99
79 81 27.1
79 82 88.33
79 83 88.52
79 85 20.16
79 86 8.96
79 89 32.32
79 91 24.21
79 93 79.45
79 94 84.84
79 96 17.0
79 98 99.26
79 99 86.41
80 81 14.31
80 82 53.59
80 83 81.48
80 84 55.74
80 85 50.36
80 86 25.63
80 88 28.52
80 89 93.84
80 90 81.78
80 91 21.99
80 92 50.85
80 95 89.0
80 96 17.72
80 97 36.26
80 98 33.63
80 99 7.21
81 83 66.02
81 84 30.92
81 85 49.58
81 87 79.22
81 88 81.62
81 90 49.62
81 92 39.5
81 93 41.26
81 95 56.36
81 96 52.42
81 98 79.04
81 99 33.84
82 83 75.41
82 84 95.29
82 85 69.01
82 87 77.09
82 88 31.96
82 89 93.43
82 90 54.91
82 92 31.16
82 94 47.73
82 95 7.61
82 97 84.62
82 98 63.46
82 99 53.11
83 84 65.49
83 85 27.79
83 86 31.36
83 87 56.92
83 88 31.59
83 89 26.94
83 90 56.79
83 92 92.56
83 93 40.4
83 95 42.65
83 96 9.04
83 97 63.93
83 99 57.47
84 85 56.32
84 87 84.18
84 88 67.11
84 89 37.19
84 91 35.63
84 92 37.64
84 93 97.06
84 95 81.29
84 97 22.94
84 99 45.09
85 86 22.34
85 87 43.49
85 88 22.54
85 89 30.96
85 90 70.98
85 95 79.69
85 96 49.82
85 98 49.35
86 87 39.97
86 88 90.73
86 89 86.24
86 90 16.46
86 91 43.78
86 92 25.58
86 93 79.7
86 96 50.18
86 97 39.31
86 99 98.14
87 89 52.45
87 90 89.16
87 91 59.25
87 92 57.13
87 93 10.94
87 94 44.6
87 95 96.8
87 96 11.9
87 97 79.53
87 99 12.37
88 89 81.08
88 90 47.78
88 91 43.94
88 92 67.54
88 93 55.4
88 94 82.98
88 95 63.77
88 96 1.03
88 98 12.23
88 99 87.66
89 91 84.55
89 92 27.1
89 93 36.88
89 94 81.22
89 97 33.1
89 99 3.38
90 91 40.77
90 93 59.82
90 94 82.46
90 96 40.03
90 97 70.79
90 99 92.91
91 92 30.0
91 93 40.87
91 94 51.9
91 95 82.39
91 96 8.81
91 97 66.83
91 98 78.66
91 99 86.32
92 93 84.54
92 94 47.83
92 95 15.69
92 97 58.47
92 98 53.98
92 99 95.43
93 96 88.85
93 97 27.65
93 98 29.92
94 95 1.87
94 97 44.3
94 98 47.87
94 99 67.61
95 97 3.79
95 98 81.96
96 98 19.43
96 99 40.62