61
0 1 1.0
0 2 1.0
0 3 1.0
0 4 1.0
0 5 1.0
0 6 1.0
0 7 1.0
0 8 1.0
1 2 1.0
1 3 1.2
1 4 1.7
1 5 0.3
2 3 7.0
2 4 14.0
2 5 2.0
2 6 99.1
3 4 99.8
3 5 13.0
3 6 1.0
3 7 2.0
4 5 3.0
4 6 4.0
4 7 0.2
4 8 1.0
5 6 1.1
5 7 1.2
5 8 1.3
5 9 1.4
6 7 1.5
6 8 1.04
6 9 1.3
6 10 1.02
7 8 1.6
7 9 1.08
7 10 1.02
7 11 1.5
8 9 1.7
8 10 1.6
8 11 1.5
8 12 1.4
9 10 1.3
9 11 1.2
9 12 1.1
9 13 1.0
10 11 0.7
10 12 0.3
10 13 0.9
10 14 0.1
11 12 11.0
11 13 11.0
11 14 11.0
11 15 11.0
12 13 12.0
12 14 13.0
12 15 14.0
12 16 15.0
13 14 19.0
13 15 18.0
13 16 17.0
13 17 16.0
14 15 1.0
14 16 1.0
14 17 1.0
14 18 1.0
15 16 1.0
15 17 1.0
15 18 1.0
15 19 1.0
16 17 2.0
16 18 2.0
16 19 2.0
16 20 2.0
17 18 1.0
17 19 1.0
17 20 1.0
17 21 1.0
18 19 2.0
18 20 2.0
18 21 2.0
18 22 2.0
19 20 0.1
19 21 1.0
19 22 1.0
19 23 1.0
20 21 1.1
20 22 1.1
20 23 1.2
20 24 1.3
21 22 1.8
21 23 1.8
21 24 1.6
21 25 1.8
22 23 11.1
22 24 24.5
22 25 6.63
22 26 5.52
23 24 5.53
23 25 13.0
23 26 20.0
23 27 4.18
24 25 20.21
24 26 20.20
24 27 20.50
24 28 0.12
25 26 3.14
25 27 15.92
25 28 65.35
25 29 89.79
26 27 3.23
26 28 84.0
26 29 1.2
26 30 5.0
27 28 0.3
27 29 1.8
27 30 1.0
27 1 1.0
28 29 1.0
28 30 1.0
28 1 1.0
28 2 1.0
29 30 2.0
29 1 2.0
29 2 2.0
29 3 2.0
30 13 1.0
30 12 1.0
30 27 1.0
29 35 28.3
30 18 1.0
30 31 99.99
31 32 49.4
32 35 64.26
32 33 62.6
33 34 11.6
32 36 5.23
32 37 86.2
32 40 22.5
36 40 0.453
36 39 27.0
37 39 27.0
39 40 63.45
33 38 12.0
34 38 12.0
33 39 25.84
35 40 45.0
37 42 26.3
33 47 3.22
37 46 37.4
40 42 98.4
39 42 25.3
39 43 16.16
40 41 29.3
41 45 36.34
40 46 11.1
45 52 39.5
46 52 36.58
38 39 24.953
38 43 11.007
38 44 27.4
43 44 89.25
42 43 37.43
43 47 25.5
42 46 84.36
46 47 37.34
42 47 0.73
44 49 26.36
44 50 94.36
47 48 44.44
47 50 36.0
48 52 36.0
48 51 36.0
50 53 27.24
50 54 28.43
51 52 84.23
51 53 26.36
51 54 23.11
52 53 5.5
49 54 5.5
49 55 5.5
55 56 5.5
56 57 4.8
57 58 7.3
58 59 4.2
59 60 3.47
49 56 3.6
55 57 6.532
56 58 5.99
57 59 3.84
58 60 6.43
53 60 39.7
54 60 3.42
