100
1 2 1.000
1 3 1.000
1 4 1.000
1 5 1.000
1 6 1.000
1 7 1.000
1 8 1.000
1 9 1.000
1 10 1.000
1 11 1.000
1 12 1.000
1 13 1.000
1 14 1.000
1 15 1.000
1 16 1.000
1 17 1.000
1 18 1.000
1 19 1.000
1 20 1.000
1 21 1.000
1 22 1.000
1 23 1.000
1 24 1.000
1 25 1.000
1 26 1.000
1 27 1.000
1 28 1.000
1 29 1.000
1 30 1.000
1 31 1.000
1 32 1.000
1 33 1.000
1 34 1.000
1 35 1.000
1 36 1.000
1 37 1.000
1 38 1.000
1 39 1.000
1 40 1.000
1 41 1.000
1 42 1.000
1 43 1.000
1 44 1.000
1 45 1.000
1 46 1.000
1 47 1.000
1 48 1.000
1 49 1.000
1 50 1.000
1 51 1.000
1 52 1.000
1 53 1.000
1 54 1.000
1 55 1.000
1 56 1.000
1 57 1.000
1 58 1.000
1 59 1.000
1 60 1.000
1 61 1.000
1 62 1.000
1 63 1.000
1 64 1.000
1 65 1.000
1 66 1.000
1 67 1.000
1 68 1.000
1 69 1.000
1 70 1.000
1 81 1.000
1 82 1.000
1 83 1.000
1 84 1.000
1 85 1.000
1 0 4.103
1 99 4.726
2 3 1.000
2 4 1.000
2 5 1.000
2 6 1.000
2 7 1.000
2 8 1.000
2 9 1.000
2 10 1.000
2 11 1.000
2 12 1.000
2 13 1.000
2 14 1.000
2 15 1.000
2 16 1.000
2 17 1.000
2 18 1.000
2 19 1.000
2 20 1.000
2 21 1.000
2 22 1.000
2 23 1.000
2 24 1.000
2 25 1.000
2 26 1.000
2 27 1.000
2 28 1.000
2 29 1.000
2 30 1.000
2 31 1.000
2 32 1.000
2 33 1.000
2 34 1.000
2 35 1.000
2 36 1.000
2 37 1.000
2 38 1.000
2 39 1.000
2 40 1.000
2 41 1.000
2 42 1.000
2 43 1.000
2 44 1.000
2 45 1.000
2 46 1.000
2 47 1.000
2 48 1.000
2 49 1.000
2 50 1.000
2 51 1.000
2 52 1.000
2 53 1.000
2 54 1.000
2 55 1.000
2 56 1.000
2 57 1.000
2 58 1.000
2 59 1.000
2 60 1.000
2 61 1.000
2 62 1.000
2 63 1.000
2 64 1.000
2 65 1.000
2 66 1.000
2 67 1.000
2 68 1.000
2 69 1.000
2 70 1.000
2 81 1.000
2 82 1.000
2 83 1.000
2 84 1.000
2 85 1.000
2 0 4.375
2 99 4.730
3 4 1.000
3 5 1.000
3 6 1.000
3 7 1.000
3 8 1.000
3 9 1.000
3 10 1.000
3 11 1.000
3 12 1.000
3 13 1.000
3 14 1.000
3 15 1.000
3 16 1.000
3 17 1.000
3 18 1.000
3 19 1.000
3 20 1.000
3 21 1.000
3 22 1.000
3 23 1.000
3 24 1.000
3 25 1.000
3 26 1.000
3 27 1.000
3 28 1.000
3 29 1.000
3 30 1.000
3 31 1.000
3 32 1.000
3 33 1.000
3 34 1.000
3 35 1.000
3 36 1.000
3 37 1.000
3 38 1.000
3 39 1.000
3 40 1.000
3 41 1.000
3 42 1.000
3 43 1.000
3 44 1.000
3 45 1.000
3 46 1.000
3 47 1.000
3 48 1.000
3 49 1.000
3 50 1.000
3 51 1.000
3 52 1.000
3 53 1.000
3 54 1.000
3 55 1.000
3 56 1.000
3 57 1.000
3 58 1.000
3 59 1.000
3 60 1.000
3 61 1.000
3 62 1.000
3 63 1.000
3 64 1.000
3 65 1.000
3 66 1.000
3 67 1.000
3 68 1.000
3 69 1.000
3 70 1.000
3 81 1.000
3 82 1.000
3 83 1.000
3 84 1.000
3 85 1.000
3 0 4.749
3 99 4.920
4 5 1.000
4 6 1.000
4 7 1.000
4 8 1.000
4 9 1.000
4 10 1.000
4 11 1.000
4 12 1.000
4 13 1.000
4 14 1.000
4 15 1.000
4 16 1.000
4 17 1.000
4 18 1.000
4 19 1.000
4 20 1.000
4 21 1.000
4 22 1.000
4 23 1.000
4 24 1.000
4 25 1.000
4 26 1.000
4 27 1.000
4 28 1.000
4 29 1.000
4 30 1.000
4 31 1.000
4 32 1.000
4 33 1.000
4 34 1.000
4 35 1.000
4 36 1.000
4 37 1.000
4 38 1.000
4 39 1.000
4 40 1.000
4 41 1.000
4 42 1.000
4 43 1.000
4 44 1.000
4 45 1.000
4 46 1.000
4 47 1.000
4 48 1.000
4 49 1.000
4 50 1.000
4 51 1.000
4 52 1.000
4 53 1.000
4 54 1.000
4 55 1.000
4 56 1.000
4 57 1.000
4 58 1.000
4 59 1.000
4 60 1.000
4 61 1.000
4 62 1.000
4 63 1.000
4 64 1.000
4 65 1.000
4 66 1.000
4 67 1.000
4 68 1.000
4 69 1.000
4 70 1.000
4 81 1.000
4 82 1.000
4 83 1.000
4 84 1.000
4 85 1.000
4 0 4.355
4 99 4.884
5 6 1.000
5 7 1.000
5 8 1.000
5 9 1.000
5 10 1.000
5 11 1.000
5 12 1.000
5 13 1.000
5 14 1.000
5 15 1.000
5 16 1.000
5 17 1.000
5 18 1.000
5 19 1.000
5 20 1.000
5 21 1.000
5 22 1.000
5 23 1.000
5 24 1.000
5 25 1.000
5 26 1.000
5 27 1.000
5 28 1.000
5 29 1.000
5 30 1.000
5 31 1.000
5 32 1.000
5 33 1.000
5 34 1.000
5 35 1.000
5 36 1.000
5 37 1.000
5 38 1.000
5 39 1.000
5 40 1.000
5 41 1.000
5 42 1.000
5 43 1.000
5 44 1.000
5 45 1.000
5 46 1.000
5 47 1.000
5 48 1.000
5 49 1.000
5 50 1.000
5 51 1.000
5 52 1.000
5 53 1.000
5 54 1.000
5 55 1.000
5 56 1.000
5 57 1.000
5 58 1.000
5 59 1.000
5 60 1.000
5 61 1.000
5 62 1.000
5 63 1.000
5 64 1.000
5 65 1.000
5 66 1.000
5 67 1.000
5 68 1.000
5 69 1.000
5 70 1.000
5 81 1.000
5 82 1.000
5 83 1.000
5 84 1.000
5 85 1.000
5 0 4.791
5 99 4.846
6 7 1.000
6 8 1.000
6 9 1.000
6 10 1.000
6 11 1.000
6 12 1.000
6 13 1.000
6 14 1.000
6 15 1.000
6 16 1.000
6 17 1.000
6 18 1.000
6 19 1.000
6 20 1.000
6 21 1.000
6 22 1.000
6 23 1.000
6 24 1.000
6 25 1.000
6 26 1.000
6 27 1.000
6 28 1.000
6 29 1.000
6 30 1.000
6 31 1.000
6 32 1.000
6 33 1.000
6 34 1.000
6 35 1.000
6 36 1.000
6 37 1.000
6 38 1.000
6 39 1.000
6 40 1.000
6 41 1.000
6 42 1.000
6 43 1.000
6 44 1.000
6 45 1.000
6 46 1.000
6 47 1.000
6 48 1.000
6 49 1.000
6 50 1.000
6 51 1.000
6 52 1.000
6 53 1.000
6 54 1.000
6 55 1.000
6 56 1.000
6 57 1.000
6 58 1.000
6 59 1.000
6 60 1.000
6 61 1.000
6 62 1.000
6 63 1.000
6 64 1.000
6 65 1.000
6 66 1.000
6 67 1.000
6 68 1.000
6 69 1.000
6 70 1.000
6 81 1.000
6 82 1.000
6 83 1.000
6 84 1.000
6 85 1.000
6 0 4.406
6 99 4.375
7 8 1.000
7 9 1.000
7 10 1.000
7 11 1.000
7 12 1.000
7 13 1.000
7 14 1.000
7 15 1.000
7 16 1.000
7 17 1.000
7 18 1.000
7 19 1.000
7 20 1.000
7 21 1.000
7 22 1.000
7 23 1.000
7 24 1.000
7 25 1.000
7 26 1.000
7 27 1.000
7 28 1.000
7 29 1.000
7 30 1.000
7 31 1.000
7 32 1.000
7 33 1.000
7 34 1.000
7 35 1.000
7 36 1.000
7 37 1.000
7 38 1.000
7 39 1.000
7 40 1.000
7 41 1.000
7 42 1.000
7 43 1.000
7 44 1.000
7 45 1.000
7 46 1.000
7 47 1.000
7 48 1.000
7 49 1.000
7 50 1.000
7 51 1.000
7 52 1.000
7 53 1.000
7 54 1.000
7 55 1.000
7 56 1.000
7 57 1.000
7 58 1.000
7 59 1.000
7 60 1.000
7 61 1.000
7 62 1.000
7 63 1.000
7 64 1.000
7 65 1.000
7 66 1.000
7 67 1.000
7 68 1.000
7 69 1.000
7 70 1.000
7 81 1.000
7 82 1.000
7 83 1.000
7 84 1.000
7 85 1.000
7 0 4.788
7 99 4.206
8 9 1.000
8 10 1.000
8 11 1.000
8 12 1.000
8 13 1.000
8 14 1.000
8 15 1.000
8 16 1.000
8 17 1.000
8 18 1.000
8 19 1.000
8 20 1.000
8 21 1.000
8 22 1.000
8 23 1.000
8 24 1.000
8 25 1.000
8 26 1.000
8 27 1.000
8 28 1.000
8 29 1.000
8 30 1.000
8 31 1.000
8 32 1.000
8 33 1.000
8 34 1.000
8 35 1.000
8 36 1.000
8 37 1.000
8 38 1.000
8 39 1.000
8 40 1.000
8 41 1.000
8 42 1.000
8 43 1.000
8 44 1.000
8 45 1.000
8 46 1.000
8 47 1.000
8 48 1.000
8 49 1.000
8 50 1.000
8 51 1.000
8 52 1.000
8 53 1.000
8 54 1.000
8 55 1.000
8 56 1.000
8 57 1.000
8 58 1.000
8 59 1.000
8 60 1.000
8 61 1.000
8 62 1.000
8 63 1.000
8 64 1.000
8 65 1.000
8 66 1.000
8 67 1.000
8 68 1.000
8 69 1.000
8 70 1.000
8 81 1.000
8 82 1.000
8 83 1.000
8 84 1.000
8 85 1.000
8 0 4.477
8 99 4.143
9 10 1.000
9 11 1.000
9 12 1.000
9 13 1.000
9 14 1.000
9 15 1.000
9 16 1.000
9 17 1.000
9 18 1.000
9 19 1.000
9 20 1.000
9 21 1.000
9 22 1.000
9 23 1.000
9 24 1.000
9 25 1.000
9 26 1.000
9 27 1.000
9 28 1.000
9 29 1.000
9 30 1.000
9 31 1.000
9 32 1.000
9 33 1.000
9 34 1.000
9 35 1.000
9 36 1.000
9 37 1.000
9 38 1.000
9 39 1.000
9 40 1.000
9 41 1.000
9 42 1.000
9 43 1.000
9 44 1.000
9 45 1.000
9 46 1.000
9 47 1.000
9 48 1.000
9 49 1.000
9 50 1.000
9 51 1.000
9 52 1.000
9 53 1.000
9 54 1.000
9 55 1.000
9 56 1.000
9 57 1.000
9 58 1.000
9 59 1.000
9 60 1.000
9 61 1.000
9 62 1.000
9 63 1.000
9 64 1.000
9 65 1.000
9 66 1.000
9 67 1.000
9 68 1.000
9 69 1.000
9 70 1.000
9 81 1.000
9 82 1.000
9 83 1.000
9 84 1.000
9 85 1.000
9 0 4.311
9 99 4.876
10 11 1.000
10 12 1.000
10 13 1.000
10 14 1.000
10 15 1.000
10 16 1.000
10 17 1.000
10 18 1.000
10 19 1.000
10 20 1.000
10 21 1.000
10 22 1.000
10 23 1.000
10 24 1.000
10 25 1.000
10 26 1.000
10 27 1.000
10 28 1.000
10 29 1.000
10 30 1.000
10 31 1.000
10 32 1.000
10 33 1.000
10 34 1.000
10 35 1.000
10 36 1.000
10 37 1.000
10 38 1.000
10 39 1.000
10 40 1.000
10 41 1.000
10 42 1.000
10 43 1.000
10 44 1.000
10 45 1.000
10 46 1.000
10 47 1.000
10 48 1.000
10 49 1.000
10 50 1.000
10 51 1.000
10 52 1.000
10 53 1.000
10 54 1.000
10 55 1.000
10 56 1.000
10 57 1.000
10 58 1.000
10 59 1.000
10 60 1.000
10 61 1.000
10 62 1.000
10 63 1.000
10 64 1.000
10 65 1.000
10 66 1.000
10 67 1.000
10 68 1.000
10 69 1.000
10 70 1.000
10 81 1.000
10 82 1.000
10 83 1.000
10 84 1.000
10 85 1.000
10 0 4.188
10 99 4.306
11 12 1.000
11 13 1.000
11 14 1.000
11 15 1.000
11 16 1.000
11 17 1.000
11 18 1.000
11 19 1.000
11 20 1.000
11 21 1.000
11 22 1.000
11 23 1.000
11 24 1.000
11 25 1.000
11 26 1.000
11 27 1.000
11 28 1.000
11 29 1.000
11 30 1.000
11 31 1.000
11 32 1.000
11 33 1.000
11 34 1.000
11 35 1.000
11 36 1.000
11 37 1.000
11 38 1.000
11 39 1.000
11 40 1.000
11 41 1.000
11 42 1.000
11 43 1.000
11 44 1.000
11 45 1.000
11 46 1.000
11 47 1.000
11 48 1.000
11 49 1.000
11 50 1.000
11 51 1.000
11 52 1.000
11 53 1.000
11 54 1.000
11 55 1.000
11 56 1.000
11 57 1.000
11 58 1.000
11 59 1.000
11 60 1.000
11 61 1.000
11 62 1.000
11 63 1.000
11 64 1.000
11 65 1.000
11 66 1.000
11 67 1.000
11 68 1.000
11 69 1.000
11 70 1.000
11 81 1.000
11 82 1.000
11 83 1.000
11 84 1.000
11 85 1.000
11 0 4.045
11 99 4.301
12 13 1.000
12 14 1.000
12 15 1.000
12 16 1.000
12 17 1.000
12 18 1.000
12 19 1.000
12 20 1.000
12 21 1.000
12 22 1.000
12 23 1.000
12 24 1.000
12 25 1.000
12 26 1.000
12 27 1.000
12 28 1.000
12 29 1.000
12 30 1.000
12 31 1.000
12 32 1.000
12 33 1.000
12 34 1.000
12 35 1.000
12 36 1.000
12 37 1.000
12 38 1.000
12 39 1.000
12 40 1.000
12 41 1.000
12 42 1.000
12 43 1.000
12 44 1.000
12 45 1.000
12 46 1.000
12 47 1.000
12 48 1.000
12 49 1.000
12 50 1.000
12 51 1.000
12 52 1.000
12 53 1.000
12 54 1.000
12 55 1.000
12 56 1.000
12 57 1.000
12 58 1.000
12 59 1.000
12 60 1.000
12 61 1.000
12 62 1.000
12 63 1.000
12 64 1.000
12 65 1.000
12 66 1.000
12 67 1.000
12 68 1.000
12 69 1.000
12 70 1.000
12 81 1.000
12 82 1.000
12 83 1.000
12 84 1.000
12 85 1.000
12 0 4.631
12 99 4.489
13 14 1.000
13 15 1.000
13 16 1.000
13 17 1.000
13 18 1.000
13 19 1.000
13 20 1.000
13 21 1.000
13 22 1.000
13 23 1.000
13 24 1.000
13 25 1.000
13 26 1.000
13 27 1.000
13 28 1.000
13 29 1.000
13 30 1.000
13 31 1.000
13 32 1.000
13 33 1.000
13 34 1.000
13 35 1.000
13 36 1.000
13 37 1.000
13 38 1.000
13 39 1.000
13 40 1.000
13 41 1.000
13 42 1.000
13 43 1.000
13 44 1.000
13 45 1.000
13 46 1.000
13 47 1.000
13 48 1.000
13 49 1.000
13 50 1.000
13 51 1.000
13 52 1.000
13 53 1.000
13 54 1.000
13 55 1.000
13 56 1.000
13 57 1.000
13 58 1.000
13 59 1.000
13 60 1.000
13 61 1.000
13 62 1.000
13 63 1.000
13 64 1.000
13 65 1.000
13 66 1.000
13 67 1.000
13 68 1.000
13 69 1.000
13 70 1.000
13 81 1.000
13 82 1.000
13 83 1.000
13 84 1.000
13 85 1.000
13 0 4.673
13 99 4.923
14 15 1.000
14 16 1.000
14 17 1.000
14 18 1.000
14 19 1.000
14 20 1.000
14 21 1.000
14 22 1.000
14 23 1.000
14 24 1.000
14 25 1.000
14 26 1.000
14 27 1.000
14 28 1.000
14 29 1.000
14 30 1.000
14 31 1.000
14 32 1.000
14 33 1.000
14 34 1.000
14 35 1.000
14 36 1.000
14 37 1.000
14 38 1.000
14 39 1.000
14 40 1.000
14 41 1.000
14 42 1.000
14 43 1.000
14 44 1.000
14 45 1.000
14 46 1.000
14 47 1.000
14 48 1.000
14 49 1.000
14 50 1.000
14 51 1.000
14 52 1.000
14 53 1.000
14 54 1.000
14 55 1.000
14 56 1.000
14 57 1.000
14 58 1.000
14 59 1.000
14 60 1.000
14 61 1.000
14 62 1.000
14 63 1.000
14 64 1.000
14 65 1.000
14 66 1.000
14 67 1.000
14 68 1.000
14 69 1.000
14 70 1.000
14 81 1.000
14 82 1.000
14 83 1.000
14 84 1.000
14 85 1.000
14 0 4.255
14 99 4.579
15 16 1.000
15 17 1.000
15 18 1.000
15 19 1.000
15 20 1.000
15 21 1.000
15 22 1.000
15 23 1.000
15 24 1.000
15 25 1.000
15 26 1.000
15 27 1.000
15 28 1.000
15 29 1.000
15 30 1.000
15 31 1.000
15 32 1.000
15 33 1.000
15 34 1.000
15 35 1.000
15 36 1.000
15 37 1.000
15 38 1.000
15 39 1.000
15 40 1.000
15 41 1.000
15 42 1.000
15 43 1.000
15 44 1.000
15 45 1.000
15 46 1.000
15 47 1.000
15 48 1.000
15 49 1.000
15 50 1.000
15 51 1.000
15 52 1.000
15 53 1.000
15 54 1.000
15 55 1.000
15 56 1.000
15 57 1.000
15 58 1.000
15 59 1.000
15 60 1.000
15 61 1.000
15 62 1.000
15 63 1.000
15 64 1.000
15 65 1.000
15 66 1.000
15 67 1.000
15 68 1.000
15 69 1.000
15 70 1.000
15 81 1.000
15 82 1.000
15 83 1.000
15 84 1.000
15 85 1.000
15 0 4.818
15 99 4.173
16 17 1.000
16 18 1.000
16 19 1.000
16 20 1.000
16 21 1.000
16 22 1.000
16 23 1.000
16 24 1.000
16 25 1.000
16 26 1.000
16 27 1.000
16 28 1.000
16 29 1.000
16 30 1.000
16 31 1.000
16 32 1.000
16 33 1.000
16 34 1.000
16 35 1.000
16 36 1.000
16 37 1.000
16 38 1.000
16 39 1.000
16 40 1.000
16 41 1.000
16 42 1.000
16 43 1.000
16 44 1.000
16 45 1.000
16 46 1.000
16 47 1.000
16 48 1.000
16 49 1.000
16 50 1.000
16 51 1.000
16 52 1.000
16 53 1.000
16 54 1.000
16 55 1.000
16 56 1.000
16 57 1.000
16 58 1.000
16 59 1.000
16 60 1.000
16 61 1.000
16 62 1.000
16 63 1.000
16 64 1.000
16 65 1.000
16 66 1.000
16 67 1.000
16 68 1.000
16 69 1.000
16 70 1.000
16 81 1.000
16 82 1.000
16 83 1.000
16 84 1.000
16 85 1.000
16 0 4.366
16 99 4.456
17 18 1.000
17 19 1.000
17 20 1.000
17 21 1.000
17 22 1.000
17 23 1.000
17 24 1.000
17 25 1.000
17 26 1.000
17 27 1.000
17 28 1.000
17 29 1.000
17 30 1.000
17 31 1.000
17 32 1.000
17 33 1.000
17 34 1.000
17 35 1.000
17 36 1.000
17 37 1.000
17 38 1.000
17 39 1.000
17 40 1.000
17 41 1.000
17 42 1.000
17 43 1.000
17 44 1.000
17 45 1.000
17 46 1.000
17 47 1.000
17 48 1.000
17 49 1.000
17 50 1.000
17 51 1.000
17 52 1.000
17 53 1.000
17 54 1.000
17 55 1.000
17 56 1.000
17 57 1.000
17 58 1.000
17 59 1.000
17 60 1.000
17 61 1.000
17 62 1.000
17 63 1.000
17 64 1.000
17 65 1.000
17 66 1.000
17 67 1.000
17 68 1.000
17 69 1.000
17 70 1.000
17 81 1.000
17 82 1.000
17 83 1.000
17 84 1.000
17 85 1.000
17 0 4.169
17 99 4.813
18 19 1.000
18 20 1.000
18 21 1.000
18 22 1.000
18 23 1.000
18 24 1.000
18 25 1.000
18 26 1.000
18 27 1.000
18 28 1.000
18 29 1.000
18 30 1.000
18 31 1.000
18 32 1.000
18 33 1.000
18 34 1.000
18 35 1.000
18 36 1.000
18 37 1.000
18 38 1.000
18 39 1.000
18 40 1.000
18 41 1.000
18 42 1.000
18 43 1.000
18 44 1.000
18 45 1.000
18 46 1.000
18 47 1.000
18 48 1.000
18 49 1.000
18 50 1.000
18 51 1.000
18 52 1.000
18 53 1.000
18 54 1.000
18 55 1.000
18 56 1.000
18 57 1.000
18 58 1.000
18 59 1.000
18 60 1.000
18 61 1.000
18 62 1.000
18 63 1.000
18 64 1.000
18 65 1.000
18 66 1.000
18 67 1.000
18 68 1.000
18 69 1.000
18 70 1.000
18 81 1.000
18 82 1.000
18 83 1.000
18 84 1.000
18 85 1.000
18 0 4.072
18 99 4.931
19 20 1.000
19 21 1.000
19 22 1.000
19 23 1.000
19 24 1.000
19 25 1.000
19 26 1.000
19 27 1.000
19 28 1.000
19 29 1.000
19 30 1.000
19 31 1.000
19 32 1.000
19 33 1.000
19 34 1.000
19 35 1.000
19 36 1.000
19 37 1.000
19 38 1.000
19 39 1.000
19 40 1.000
19 41 1.000
19 42 1.000
19 43 1.000
19 44 1.000
19 45 1.000
19 46 1.000
19 47 1.000
19 48 1.000
19 49 1.000
19 50 1.000
19 51 1.000
19 52 1.000
19 53 1.000
19 54 1.000
19 55 1.000
19 56 1.000
19 57 1.000
19 58 1.000
19 59 1.000
19 60 1.000
19 61 1.000
19 62 1.000
19 63 1.000
19 64 1.000
19 65 1.000
19 66 1.000
19 67 1.000
19 68 1.000
19 69 1.000
19 70 1.000
19 81 1.000
19 82 1.000
19 83 1.000
19 84 1.000
19 85 1.000
19 0 4.433
19 99 4.436
20 21 1.000
20 22 1.000
20 23 1.000
20 24 1.000
20 25 1.000
20 26 1.000
20 27 1.000
20 28 1.000
20 29 1.000
20 30 1.000
20 31 1.000
20 32 1.000
20 33 1.000
20 34 1.000
20 35 1.000
20 36 1.000
20 37 1.000
20 38 1.000
20 39 1.000
20 40 1.000
20 41 1.000
20 42 1.000
20 43 1.000
20 44 1.000
20 45 1.000
20 46 1.000
20 47 1.000
20 48 1.000
20 49 1.000
20 50 1.000
20 51 1.000
20 52 1.000
20 53 1.000
20 54 1.000
20 55 1.000
20 56 1.000
20 57 1.000
20 58 1.000
20 59 1.000
20 60 1.000
20 61 1.000
20 62 1.000
20 63 1.000
20 64 1.000
20 65 1.000
20 66 1.000
20 67 1.000
20 68 1.000
20 69 1.000
20 70 1.000
20 81 1.000
20 82 1.000
20 83 1.000
20 84 1.000
20 85 1.000
20 0 4.376
20 99 4.054
21 22 1.000
21 23 1.000
21 24 1.000
21 25 1.000
21 26 1.000
21 27 1.000
21 28 1.000
21 29 1.000
21 30 1.000
21 31 1.000
21 32 1.000
21 33 1.000
21 34 1.000
21 35 1.000
21 36 1.000
21 37 1.000
21 38 1.000
21 39 1.000
21 40 1.000
21 41 1.000
21 42 1.000
21 43 1.000
21 44 1.000
21 45 1.000
21 46 1.000
21 47 1.000
21 48 1.000
21 49 1.000
21 50 1.000
21 51 1.000
21 52 1.000
21 53 1.000
21 54 1.000
21 55 1.000
21 56 1.000
21 57 1.000
21 58 1.000
21 59 1.000
21 60 1.000
21 61 1.000
21 62 1.000
21 63 1.000
21 64 1.000
21 65 1.000
21 66 1.000
21 67 1.000
21 68 1.000
21 69 1.000
21 70 1.000
21 81 1.000
21 82 1.000
21 83 1.000
21 84 1.000
21 85 1.000
21 0 4.982
21 99 4.514
22 23 1.000
22 24 1.000
22 25 1.000
22 26 1.000
22 27 1.000
22 28 1.000
22 29 1.000
22 30 1.000
22 31 1.000
22 32 1.000
22 33 1.000
22 34 1.000
22 35 1.000
22 36 1.000
22 37 1.000
22 38 1.000
22 39 1.000
22 40 1.000
22 41 1.000
22 42 1.000
22 43 1.000
22 44 1.000
22 45 1.000
22 46 1.000
22 47 1.000
22 48 1.000
22 49 1.000
22 50 1.000
22 51 1.000
22 52 1.000
22 53 1.000
22 54 1.000
22 55 1.000
22 56 1.000
22 57 1.000
22 58 1.000
22 59 1.000
22 60 1.000
22 61 1.000
22 62 1.000
22 63 1.000
22 64 1.000
22 65 1.000
22 66 1.000
22 67 1.000
22 68 1.000
22 69 1.000
22 70 1.000
22 81 1.000
22 82 1.000
22 83 1.000
22 84 1.000
22 85 1.000
22 0 4.589
22 99 4.178
23 24 1.000
23 25 1.000
23 26 1.000
23 27 1.000
23 28 1.000
23 29 1.000
23 30 1.000
23 31 1.000
23 32 1.000
23 33 1.000
23 34 1.000
23 35 1.000
23 36 1.000
23 37 1.000
23 38 1.000
23 39 1.000
23 40 1.000
23 41 1.000
23 42 1.000
23 43 1.000
23 44 1.000
23 45 1.000
23 46 1.000
23 47 1.000
23 48 1.000
23 49 1.000
23 50 1.000
23 51 1.000
23 52 1.000
23 53 1.000
23 54 1.000
23 55 1.000
23 56 1.000
23 57 1.000
23 58 1.000
23 59 1.000
23 60 1.000
23 61 1.000
23 62 1.000
23 63 1.000
23 64 1.000
23 65 1.000
23 66 1.000
23 67 1.000
23 68 1.000
23 69 1.000
23 70 1.000
23 81 1.000
23 82 1.000
23 83 1.000
23 84 1.000
23 85 1.000
23 0 4.936
23 99 4.663
24 25 1.000
24 26 1.000
24 27 1.000
24 28 1.000
24 29 1.000
24 30 1.000
24 31 1.000
24 32 1.000
24 33 1.000
24 34 1.000
24 35 1.000
24 36 1.000
24 37 1.000
24 38 1.000
24 39 1.000
24 40 1.000
24 41 1.000
24 42 1.000
24 43 1.000
24 44 1.000
24 45 1.000
24 46 1.000
24 47 1.000
24 48 1.000
24 49 1.000
24 50 1.000
24 51 1.000
24 52 1.000
24 53 1.000
24 54 1.000
24 55 1.000
24 56 1.000
24 57 1.000
24 58 1.000
24 59 1.000
24 60 1.000
24 61 1.000
24 62 1.000
24 63 1.000
24 64 1.000
24 65 1.000
24 66 1.000
24 67 1.000
24 68 1.000
24 69 1.000
24 70 1.000
24 81 1.000
24 82 1.000
24 83 1.000
24 84 1.000
24 85 1.000
24 0 4.726
24 99 4.612
25 26 1.000
25 27 1.000
25 28 1.000
25 29 1.000
25 30 1.000
25 31 1.000
25 32 1.000
25 33 1.000
25 34 1.000
25 35 1.000
25 36 1.000
25 37 1.000
25 38 1.000
25 39 1.000
25 40 1.000
25 41 1.000
25 42 1.000
25 43 1.000
25 44 1.000
25 45 1.000
25 46 1.000
25 47 1.000
25 48 1.000
25 49 1.000
25 50 1.000
25 51 1.000
25 52 1.000
25 53 1.000
25 54 1.000
25 55 1.000
25 56 1.000
25 57 1.000
25 58 1.000
25 59 1.000
25 60 1.000
25 61 1.000
25 62 1.000
25 63 1.000
25 64 1.000
25 65 1.000
25 66 1.000
25 67 1.000
25 68 1.000
25 69 1.000
25 70 1.000
25 81 1.000
25 82 1.000
25 83 1.000
25 84 1.000
25 85 1.000
25 0 4.672
25 99 4.843
26 27 1.000
26 28 1.000
26 29 1.000
26 30 1.000
26 31 1.000
26 32 1.000
26 33 1.000
26 34 1.000
26 35 1.000
26 36 1.000
26 37 1.000
26 38 1.000
26 39 1.000
26 40 1.000
26 41 1.000
26 42 1.000
26 43 1.000
26 44 1.000
26 45 1.000
26 46 1.000
26 47 1.000
26 48 1.000
26 49 1.000
26 50 1.000
26 51 1.000
26 52 1.000
26 53 1.000
26 54 1.000
26 55 1.000
26 56 1.000
26 57 1.000
26 58 1.000
26 59 1.000
26 60 1.000
26 61 1.000
26 62 1.000
26 63 1.000
26 64 1.000
26 65 1.000
26 66 1.000
26 67 1.000
26 68 1.000
26 69 1.000
26 70 1.000
26 81 1.000
26 82 1.000
26 83 1.000
26 84 1.000
26 85 1.000
26 0 4.658
26 99 4.266
27 28 1.000
27 29 1.000
27 30 1.000
27 31 1.000
27 32 1.000
27 33 1.000
27 34 1.000
27 35 1.000
27 36 1.000
27 37 1.000
27 38 1.000
27 39 1.000
27 40 1.000
27 41 1.000
27 42 1.000
27 43 1.000
27 44 1.000
27 45 1.000
27 46 1.000
27 47 1.000
27 48 1.000
27 49 1.000
27 50 1.000
27 51 1.000
27 52 1.000
27 53 1.000
27 54 1.000
27 55 1.000
27 56 1.000
27 57 1.000
27 58 1.000
27 59 1.000
27 60 1.000
27 61 1.000
27 62 1.000
27 63 1.000
27 64 1.000
27 65 1.000
27 66 1.000
27 67 1.000
27 68 1.000
27 69 1.000
27 70 1.000
27 81 1.000
27 82 1.000
27 83 1.000
27 84 1.000
27 85 1.000
27 0 4.840
27 99 4.472
28 29 1.000
28 30 1.000
28 31 1.000
28 32 1.000
28 33 1.000
28 34 1.000
28 35 1.000
28 36 1.000
28 37 1.000
28 38 1.000
28 39 1.000
28 40 1.000
28 41 1.000
28 42 1.000
28 43 1.000
28 44 1.000
28 45 1.000
28 46 1.000
28 47 1.000
28 48 1.000
28 49 1.000
28 50 1.000
28 51 1.000
28 52 1.000
28 53 1.000
28 54 1.000
28 55 1.000
28 56 1.000
28 57 1.000
28 58 1.000
28 59 1.000
28 60 1.000
28 61 1.000
28 62 1.000
28 63 1.000
28 64 1.000
28 65 1.000
28 66 1.000
28 67 1.000
28 68 1.000
28 69 1.000
28 70 1.000
28 81 1.000
28 82 1.000
28 83 1.000
28 84 1.000
28 85 1.000
28 0 4.675
28 99 4.820
29 30 1.000
29 31 1.000
29 32 1.000
29 33 1.000
29 34 1.000
29 35 1.000
29 36 1.000
29 37 1.000
29 38 1.000
29 39 1.000
29 40 1.000
29 41 1.000
29 42 1.000
29 43 1.000
29 44 1.000
29 45 1.000
29 46 1.000
29 47 1.000
29 48 1.000
29 49 1.000
29 50 1.000
29 51 1.000
29 52 1.000
29 53 1.000
29 54 1.000
29 55 1.000
29 56 1.000
29 57 1.000
29 58 1.000
29 59 1.000
29 60 1.000
29 61 1.000
29 62 1.000
29 63 1.000
29 64 1.000
29 65 1.000
29 66 1.000
29 67 1.000
29 68 1.000
29 69 1.000
29 70 1.000
29 81 1.000
29 82 1.000
29 83 1.000
29 84 1.000
29 85 1.000
29 0 4.241
29 99 4.863
30 31 1.000
30 32 1.000
30 33 1.000
30 34 1.000
30 35 1.000
30 36 1.000
30 37 1.000
30 38 1.000
30 39 1.000
30 40 1.000
30 41 1.000
30 42 1.000
30 43 1.000
30 44 1.000
30 45 1.000
30 46 1.000
30 47 1.000
30 48 1.000
30 49 1.000
30 50 1.000
30 51 1.000
30 52 1.000
30 53 1.000
30 54 1.000
30 55 1.000
30 56 1.000
30 57 1.000
30 58 1.000
30 59 1.000
30 60 1.000
30 61 1.000
30 62 1.000
30 63 1.000
30 64 1.000
30 65 1.000
30 66 1.000
30 67 1.000
30 68 1.000
30 69 1.000
30 70 1.000
30 81 1.000
30 82 1.000
30 83 1.000
30 84 1.000
30 85 1.000
30 0 4.574
30 99 4.439
31 32 1.000
31 33 1.000
31 34 1.000
31 35 1.000
31 36 1.000
31 37 1.000
31 38 1.000
31 39 1.000
31 40 1.000
31 41 1.000
31 42 1.000
31 43 1.000
31 44 1.000
31 45 1.000
31 46 1.000
31 47 1.000
31 48 1.000
31 49 1.000
31 50 1.000
31 51 1.000
31 52 1.000
31 53 1.000
31 54 1.000
31 55 1.000
31 56 1.000
31 57 1.000
31 58 1.000
31 59 1.000
31 60 1.000
31 61 1.000
31 62 1.000
31 63 1.000
31 64 1.000
31 65 1.000
31 66 1.000
31 67 1.000
31 68 1.000
31 69 1.000
31 70 1.000
31 81 1.000
31 82 1.000
31 83 1.000
31 84 1.000
31 85 1.000
31 0 4.821
31 99 4.057
32 33 1.000
32 34 1.000
32 35 1.000
32 36 1.000
32 37 1.000
32 38 1.000
32 39 1.000
32 40 1.000
32 41 1.000
32 42 1.000
32 43 1.000
32 44 1.000
32 45 1.000
32 46 1.000
32 47 1.000
32 48 1.000
32 49 1.000
32 50 1.000
32 51 1.000
32 52 1.000
32 53 1.000
32 54 1.000
32 55 1.000
32 56 1.000
32 57 1.000
32 58 1.000
32 59 1.000
32 60 1.000
32 61 1.000
32 62 1.000
32 63 1.000
32 64 1.000
32 65 1.000
32 66 1.000
32 67 1.000
32 68 1.000
32 69 1.000
32 70 1.000
32 81 1.000
32 82 1.000
32 83 1.000
32 84 1.000
32 85 1.000
32 0 4.015
32 99 4.641
33 34 1.000
33 35 1.000
33 36 1.000
33 37 1.000
33 38 1.000
33 39 1.000
33 40 1.000
33 41 1.000
33 42 1.000
33 43 1.000
33 44 1.000
33 45 1.000
33 46 1.000
33 47 1.000
33 48 1.000
33 49 1.000
33 50 1.000
33 51 1.000
33 52 1.000
33 53 1.000
33 54 1.000
33 55 1.000
33 56 1.000
33 57 1.000
33 58 1.000
33 59 1.000
33 60 1.000
33 61 1.000
33 62 1.000
33 63 1.000
33 64 1.000
33 65 1.000
33 66 1.000
33 67 1.000
33 68 1.000
33 69 1.000
33 70 1.000
33 81 1.000
33 82 1.000
33 83 1.000
33 84 1.000
33 85 1.000
33 0 4.553
33 99 4.663
34 35 1.000
34 36 1.000
34 37 1.000
34 38 1.000
34 39 1.000
34 40 1.000
34 41 1.000
34 42 1.000
34 43 1.000
34 44 1.000
34 45 1.000
34 46 1.000
34 47 1.000
34 48 1.000
34 49 1.000
34 50 1.000
34 51 1.000
34 52 1.000
34 53 1.000
34 54 1.000
34 55 1.000
34 56 1.000
34 57 1.000
34 58 1.000
34 59 1.000
34 60 1.000
34 61 1.000
34 62 1.000
34 63 1.000
34 64 1.000
34 65 1.000
34 66 1.000
34 67 1.000
34 68 1.000
34 69 1.000
34 70 1.000
34 81 1.000
34 82 1.000
34 83 1.000
34 84 1.000
34 85 1.000
34 0 4.016
34 99 4.548
35 36 1.000
35 37 1.000
35 38 1.000
35 39 1.000
35 40 1.000
35 41 1.000
35 42 1.000
35 43 1.000
35 44 1.000
35 45 1.000
35 46 1.000
35 47 1.000
35 48 1.000
35 49 1.000
35 50 1.000
35 51 1.000
35 52 1.000
35 53 1.000
35 54 1.000
35 55 1.000
35 56 1.000
35 57 1.000
35 58 1.000
35 59 1.000
35 60 1.000
35 61 1.000
35 62 1.000
35 63 1.000
35 64 1.000
35 65 1.000
35 66 1.000
35 67 1.000
35 68 1.000
35 69 1.000
35 70 1.000
35 81 1.000
35 82 1.000
35 83 1.000
35 84 1.000
35 85 1.000
35 0 4.144
35 99 4.142
36 37 1.000
36 38 1.000
36 39 1.000
36 40 1.000
36 41 1.000
36 42 1.000
36 43 1.000
36 44 1.000
36 45 1.000
36 46 1.000
36 47 1.000
36 48 1.000
36 49 1.000
36 50 1.000
36 51 1.000
36 52 1.000
36 53 1.000
36 54 1.000
36 55 1.000
36 56 1.000
36 57 1.000
36 58 1.000
36 59 1.000
36 60 1.000
36 61 1.000
36 62 1.000
36 63 1.000
36 64 1.000
36 65 1.000
36 66 1.000
36 67 1.000
36 68 1.000
36 69 1.000
36 70 1.000
36 71 1.000
36 72 1.000
36 73 1.000
36 74 1.000
36 75 1.000
36 99 4.835
36 0 4.201
37 38 1.000
37 39 1.000
37 40 1.000
37 41 1.000
37 42 1.000
37 43 1.000
37 44 1.000
37 45 1.000
37 46 1.000
37 47 1.000
37 48 1.000
37 49 1.000
37 50 1.000
37 51 1.000
37 52 1.000
37 53 1.000
37 54 1.000
37 55 1.000
37 56 1.000
37 57 1.000
37 58 1.000
37 59 1.000
37 60 1.000
37 61 1.000
37 62 1.000
37 63 1.000
37 64 1.000
37 65 1.000
37 66 1.000
37 67 1.000
37 68 1.000
37 69 1.000
37 70 1.000
37 71 1.000
37 72 1.000
37 73 1.000
37 74 1.000
37 75 1.000
37 99 4.019
37 0 4.872
38 39 1.000
38 40 1.000
38 41 1.000
38 42 1.000
38 43 1.000
38 44 1.000
38 45 1.000
38 46 1.000
38 47 1.000
38 48 1.000
38 49 1.000
38 50 1.000
38 51 1.000
38 52 1.000
38 53 1.000
38 54 1.000
38 55 1.000
38 56 1.000
38 57 1.000
38 58 1.000
38 59 1.000
38 60 1.000
38 61 1.000
38 62 1.000
38 63 1.000
38 64 1.000
38 65 1.000
38 66 1.000
38 67 1.000
38 68 1.000
38 69 1.000
38 70 1.000
38 71 1.000
38 72 1.000
38 73 1.000
38 74 1.000
38 75 1.000
38 99 4.699
38 0 4.026
39 40 1.000
39 41 1.000
39 42 1.000
39 43 1.000
39 44 1.000
39 45 1.000
39 46 1.000
39 47 1.000
39 48 1.000
39 49 1.000
39 50 1.000
39 51 1.000
39 52 1.000
39 53 1.000
39 54 1.000
39 55 1.000
39 56 1.000
39 57 1.000
39 58 1.000
39 59 1.000
39 60 1.000
39 61 1.000
39 62 1.000
39 63 1.000
39 64 1.000
39 65 1.000
39 66 1.000
39 67 1.000
39 68 1.000
39 69 1.000
39 70 1.000
39 71 1.000
39 72 1.000
39 73 1.000
39 74 1.000
39 75 1.000
39 99 4.337
39 0 4.921
40 41 1.000
40 42 1.000
40 43 1.000
40 44 1.000
40 45 1.000
40 46 1.000
40 47 1.000
40 48 1.000
40 49 1.000
40 50 1.000
40 51 1.000
40 52 1.000
40 53 1.000
40 54 1.000
40 55 1.000
40 56 1.000
40 57 1.000
40 58 1.000
40 59 1.000
40 60 1.000
40 61 1.000
40 62 1.000
40 63 1.000
40 64 1.000
40 65 1.000
40 66 1.000
40 67 1.000
40 68 1.000
40 69 1.000
40 70 1.000
40 71 1.000
40 72 1.000
40 73 1.000
40 74 1.000
40 75 1.000
40 99 4.880
40 0 4.604
41 42 1.000
41 43 1.000
41 44 1.000
41 45 1.000
41 46 1.000
41 47 1.000
41 48 1.000
41 49 1.000
41 50 1.000
41 51 1.000
41 52 1.000
41 53 1.000
41 54 1.000
41 55 1.000
41 56 1.000
41 57 1.000
41 58 1.000
41 59 1.000
41 60 1.000
41 61 1.000
41 62 1.000
41 63 1.000
41 64 1.000
41 65 1.000
41 66 1.000
41 67 1.000
41 68 1.000
41 69 1.000
41 70 1.000
41 71 1.000
41 72 1.000
41 73 1.000
41 74 1.000
41 75 1.000
41 99 4.614
41 0 4.410
42 43 1.000
42 44 1.000
42 45 1.000
42 46 1.000
42 47 1.000
42 48 1.000
42 49 1.000
42 50 1.000
42 51 1.000
42 52 1.000
42 53 1.000
42 54 1.000
42 55 1.000
42 56 1.000
42 57 1.000
42 58 1.000
42 59 1.000
42 60 1.000
42 61 1.000
42 62 1.000
42 63 1.000
42 64 1.000
42 65 1.000
42 66 1.000
42 67 1.000
42 68 1.000
42 69 1.000
42 70 1.000
42 71 1.000
42 72 1.000
42 73 1.000
42 74 1.000
42 75 1.000
42 99 4.104
42 0 4.805
43 44 1.000
43 45 1.000
43 46 1.000
43 47 1.000
43 48 1.000
43 49 1.000
43 50 1.000
43 51 1.000
43 52 1.000
43 53 1.000
43 54 1.000
43 55 1.000
43 56 1.000
43 57 1.000
43 58 1.000
43 59 1.000
43 60 1.000
43 61 1.000
43 62 1.000
43 63 1.000
43 64 1.000
43 65 1.000
43 66 1.000
43 67 1.000
43 68 1.000
43 69 1.000
43 70 1.000
43 71 1.000
43 72 1.000
43 73 1.000
43 74 1.000
43 75 1.000
43 99 4.321
43 0 4.275
44 45 1.000
44 46 1.000
44 47 1.000
44 48 1.000
44 49 1.000
44 50 1.000
44 51 1.000
44 52 1.000
44 53 1.000
44 54 1.000
44 55 1.000
44 56 1.000
44 57 1.000
44 58 1.000
44 59 1.000
44 60 1.000
44 61 1.000
44 62 1.000
44 63 1.000
44 64 1.000
44 65 1.000
44 66 1.000
44 67 1.000
44 68 1.000
44 69 1.000
44 70 1.000
44 71 1.000
44 72 1.000
44 73 1.000
44 74 1.000
44 75 1.000
44 99 4.817
44 0 4.591
45 46 1.000
45 47 1.000
45 48 1.000
45 49 1.000
45 50 1.000
45 51 1.000
45 52 1.000
45 53 1.000
45 54 1.000
45 55 1.000
45 56 1.000
45 57 1.000
45 58 1.000
45 59 1.000
45 60 1.000
45 61 1.000
45 62 1.000
45 63 1.000
45 64 1.000
45 65 1.000
45 66 1.000
45 67 1.000
45 68 1.000
45 69 1.000
45 70 1.000
45 71 1.000
45 72 1.000
45 73 1.000
45 74 1.000
45 75 1.000
45 99 4.581
45 0 4.408
46 47 1.000
46 48 1.000
46 49 1.000
46 50 1.000
46 51 1.000
46 52 1.000
46 53 1.000
46 54 1.000
46 55 1.000
46 56 1.000
46 57 1.000
46 58 1.000
46 59 1.000
46 60 1.000
46 61 1.000
46 62 1.000
46 63 1.000
46 64 1.000
46 65 1.000
46 66 1.000
46 67 1.000
46 68 1.000
46 69 1.000
46 70 1.000
46 71 1.000
46 72 1.000
46 73 1.000
46 74 1.000
46 75 1.000
46 99 4.010
46 0 4.833
47 48 1.000
47 49 1.000
47 50 1.000
47 51 1.000
47 52 1.000
47 53 1.000
47 54 1.000
47 55 1.000
47 56 1.000
47 57 1.000
47 58 1.000
47 59 1.000
47 60 1.000
47 61 1.000
47 62 1.000
47 63 1.000
47 64 1.000
47 65 1.000
47 66 1.000
47 67 1.000
47 68 1.000
47 69 1.000
47 70 1.000
47 71 1.000
47 72 1.000
47 73 1.000
47 74 1.000
47 75 1.000
47 99 4.558
47 0 4.156
48 49 1.000
48 50 1.000
48 51 1.000
48 52 1.000
48 53 1.000
48 54 1.000
48 55 1.000
48 56 1.000
48 57 1.000
48 58 1.000
48 59 1.000
48 60 1.000
48 61 1.000
48 62 1.000
48 63 1.000
48 64 1.000
48 65 1.000
48 66 1.000
48 67 1.000
48 68 1.000
48 69 1.000
48 70 1.000
48 71 1.000
48 72 1.000
48 73 1.000
48 74 1.000
48 75 1.000
48 99 4.398
48 0 4.828
49 50 1.000
49 51 1.000
49 52 1.000
49 53 1.000
49 54 1.000
49 55 1.000
49 56 1.000
49 57 1.000
49 58 1.000
49 59 1.000
49 60 1.000
49 61 1.000
49 62 1.000
49 63 1.000
49 64 1.000
49 65 1.000
49 66 1.000
49 67 1.000
49 68 1.000
49 69 1.000
49 70 1.000
49 71 1.000
49 72 1.000
49 73 1.000
49 74 1.000
49 75 1.000
49 99 4.499
49 0 4.619
50 51 1.000
50 52 1.000
50 53 1.000
50 54 1.000
50 55 1.000
50 56 1.000
50 57 1.000
50 58 1.000
50 59 1.000
50 60 1.000
50 61 1.000
50 62 1.000
50 63 1.000
50 64 1.000
50 65 1.000
50 66 1.000
50 67 1.000
50 68 1.000
50 69 1.000
50 70 1.000
50 71 1.000
50 72 1.000
50 73 1.000
50 74 1.000
50 75 1.000
50 99 4.008
50 0 4.301
51 52 1.000
51 53 1.000
51 54 1.000
51 55 1.000
51 56 1.000
51 57 1.000
51 58 1.000
51 59 1.000
51 60 1.000
51 61 1.000
51 62 1.000
51 63 1.000
51 64 1.000
51 65 1.000
51 66 1.000
51 67 1.000
51 68 1.000
51 69 1.000
51 70 1.000
51 71 1.000
51 72 1.000
51 73 1.000
51 74 1.000
51 75 1.000
51 99 4.399
51 0 4.756
52 53 1.000
52 54 1.000
52 55 1.000
52 56 1.000
52 57 1.000
52 58 1.000
52 59 1.000
52 60 1.000
52 61 1.000
52 62 1.000
52 63 1.000
52 64 1.000
52 65 1.000
52 66 1.000
52 67 1.000
52 68 1.000
52 69 1.000
52 70 1.000
52 71 1.000
52 72 1.000
52 73 1.000
52 74 1.000
52 75 1.000
52 99 4.929
52 0 4.633
53 54 1.000
53 55 1.000
53 56 1.000
53 57 1.000
53 58 1.000
53 59 1.000
53 60 1.000
53 61 1.000
53 62 1.000
53 63 1.000
53 64 1.000
53 65 1.000
53 66 1.000
53 67 1.000
53 68 1.000
53 69 1.000
53 70 1.000
53 71 1.000
53 72 1.000
53 73 1.000
53 74 1.000
53 75 1.000
53 99 4.362
53 0 4.823
54 55 1.000
54 56 1.000
54 57 1.000
54 58 1.000
54 59 1.000
54 60 1.000
54 61 1.000
54 62 1.000
54 63 1.000
54 64 1.000
54 65 1.000
54 66 1.000
54 67 1.000
54 68 1.000
54 69 1.000
54 70 1.000
54 71 1.000
54 72 1.000
54 73 1.000
54 74 1.000
54 75 1.000
54 99 4.867
54 0 4.406
55 56 1.000
55 57 1.000
55 58 1.000
55 59 1.000
55 60 1.000
55 61 1.000
55 62 1.000
55 63 1.000
55 64 1.000
55 65 1.000
55 66 1.000
55 67 1.000
55 68 1.000
55 69 1.000
55 70 1.000
55 71 1.000
55 72 1.000
55 73 1.000
55 74 1.000
55 75 1.000
55 99 4.252
55 0 4.848
56 57 1.000
56 58 1.000
56 59 1.000
56 60 1.000
56 61 1.000
56 62 1.000
56 63 1.000
56 64 1.000
56 65 1.000
56 66 1.000
56 67 1.000
56 68 1.000
56 69 1.000
56 70 1.000
56 71 1.000
56 72 1.000
56 73 1.000
56 74 1.000
56 75 1.000
56 99 4.572
56 0 4.197
57 58 1.000
57 59 1.000
57 60 1.000
57 61 1.000
57 62 1.000
57 63 1.000
57 64 1.000
57 65 1.000
57 66 1.000
57 67 1.000
57 68 1.000
57 69 1.000
57 70 1.000
57 71 1.000
57 72 1.000
57 73 1.000
57 74 1.000
57 75 1.000
57 99 4.584
57 0 4.523
58 59 1.000
58 60 1.000
58 61 1.000
58 62 1.000
58 63 1.000
58 64 1.000
58 65 1.000
58 66 1.000
58 67 1.000
58 68 1.000
58 69 1.000
58 70 1.000
58 71 1.000
58 72 1.000
58 73 1.000
58 74 1.000
58 75 1.000
58 99 4.274
58 0 4.491
59 60 1.000
59 61 1.000
59 62 1.000
59 63 1.000
59 64 1.000
59 65 1.000
59 66 1.000
59 67 1.000
59 68 1.000
59 69 1.000
59 70 1.000
59 71 1.000
59 72 1.000
59 73 1.000
59 74 1.000
59 75 1.000
59 99 4.789
59 0 4.351
60 61 1.000
60 62 1.000
60 63 1.000
60 64 1.000
60 65 1.000
60 66 1.000
60 67 1.000
60 68 1.000
60 69 1.000
60 70 1.000
60 71 1.000
60 72 1.000
60 73 1.000
60 74 1.000
60 75 1.000
60 99 4.509
60 0 4.607
61 62 1.000
61 63 1.000
61 64 1.000
61 65 1.000
61 66 1.000
61 67 1.000
61 68 1.000
61 69 1.000
61 70 1.000
61 71 1.000
61 72 1.000
61 73 1.000
61 74 1.000
61 75 1.000
61 99 4.912
61 0 4.685
62 63 1.000
62 64 1.000
62 65 1.000
62 66 1.000
62 67 1.000
62 68 1.000
62 69 1.000
62 70 1.000
62 71 1.000
62 72 1.000
62 73 1.000
62 74 1.000
62 75 1.000
62 99 4.366
62 0 4.835
63 64 1.000
63 65 1.000
63 66 1.000
63 67 1.000
63 68 1.000
63 69 1.000
63 70 1.000
63 71 1.000
63 72 1.000
63 73 1.000
63 74 1.000
63 75 1.000
63 99 4.926
63 0 4.462
64 65 1.000
64 66 1.000
64 67 1.000
64 68 1.000
64 69 1.000
64 70 1.000
64 71 1.000
64 72 1.000
64 73 1.000
64 74 1.000
64 75 1.000
64 99 4.996
64 0 4.464
65 66 1.000
65 67 1.000
65 68 1.000
65 69 1.000
65 70 1.000
65 71 1.000
65 72 1.000
65 73 1.000
65 74 1.000
65 75 1.000
65 99 4.561
65 0 4.212
66 67 1.000
66 68 1.000
66 69 1.000
66 70 1.000
66 71 1.000
66 72 1.000
66 73 1.000
66 74 1.000
66 75 1.000
66 99 4.300
66 0 4.526
67 68 1.000
67 69 1.000
67 70 1.000
67 71 1.000
67 72 1.000
67 73 1.000
67 74 1.000
67 75 1.000
67 99 4.271
67 0 4.434
68 69 1.000
68 70 1.000
68 71 1.000
68 72 1.000
68 73 1.000
68 74 1.000
68 75 1.000
68 99 4.986
68 0 4.386
69 70 1.000
69 71 1.000
69 72 1.000
69 73 1.000
69 74 1.000
69 75 1.000
69 99 4.672
69 0 4.292
70 71 1.000
70 72 1.000
70 73 1.000
70 74 1.000
70 75 1.000
70 99 4.399
70 0 4.641
0 99 0.300
0 91 99.999
0 76 0.500
0 77 0.500
0 78 0.500
0 79 0.500
0 80 0.500
0 86 0.500
0 87 0.500
0 88 0.500
0 89 0.500
0 90 0.500
0 71 1.000
0 72 1.000
0 73 1.000
0 74 1.000
0 75 1.000
0 81 1.000
0 82 1.000
0 83 1.000
0 84 1.000
0 85 1.000
99 98 99.999
99 86 0.500
99 87 0.500
99 88 0.500
99 89 0.500
99 90 0.500
99 71 1.000
99 72 1.000
99 73 1.000
99 74 1.000
99 75 1.000
99 81 1.000
99 82 1.000
99 83 1.000
99 84 1.000
99 85 1.000
91 92 99.999
92 93 99.999
93 94 99.999
94 95 99.999
95 96 99.999
96 97 99.999
97 98 99.999
71 76 1.000
71 77 1.000
71 78 1.000
71 79 1.000
71 80 1.000
72 76 1.000
72 77 1.000
72 78 1.000
72 79 1.000
72 80 1.000
73 76 1.000
73 77 1.000
73 78 1.000
73 79 1.000
73 80 1.000
74 76 1.000
74 77 1.000
74 78 1.000
74 79 1.000
74 80 1.000
75 76 1.000
75 77 1.000
75 78 1.000
75 79 1.000
75 80 1.000
81 86 1.000
81 87 1.000
81 88 1.000
81 89 1.000
81 90 1.000
82 86 1.000
82 87 1.000
82 88 1.000
82 89 1.000
82 90 1.000
83 86 1.000
83 87 1.000
83 88 1.000
83 89 1.000
83 90 1.000
84 86 1.000
84 87 1.000
84 88 1.000
84 89 1.000
84 90 1.000
85 86 1.000
85 87 1.000
85 88 1.000
85 89 1.000
85 90 1.000