62
0 1 1
0 7 1
1 2 1
2 3 0.5
3 4 0.5
4 5 1
5 6 1
6 12 1
7 8 1
7 13 1
8 9 1
8 16 2
9 17 2
10 11 1
10 18 2
11 12 1
11 19 2
12 14 1
13 15 1
14 20 1
15 21 1
16 17 1
17 22 1
18 19 1
18 24 1
20 25 1
21 26 1
22 23 0.5
22 27 1.414
23 24 0.5
24 27 1.414
25 28 1
26 29 1
28 35 1
29 30 1
29 36 1
30 31 1
30 37 1
31 32 0.5
31 38 1
32 33 0.5
32 39 1
33 34 1
33 40 1
34 35 1
34 41 1
35 42 1
36 43 1
37 44 1
38 39 0.5
39 40 0.5
41 48 1
42 49 1
43 50 1
44 51 1.414
45 46 0.5
45 51 1
46 47 0.5
46 52 1
47 53 1
48 53 1.414
49 54 1
50 55 1
51 52 0.5
52 53 0.5
54 61 1
55 56 1
56 57 1
57 58 0.5
58 59 0.5
59 60 1
60 61 1
