100
0 3 10
0 4 10
0 5 3
0 6 1
0 7 5
0 8 4
0 9 10
0 10 7
0 11 4
0 12 7
0 13 8
0 15 6
0 16 2
0 17 8
0 18 4
0 19 6
0 20 5
0 22 4
0 23 3
0 25 5
0 27 2
0 28 4
0 29 3
0 30 8
0 31 9
0 32 7
0 33 1
0 34 7
0 35 9
0 36 9
0 37 10
0 38 8
0 39 1
0 40 10
0 41 8
0 42 4
0 43 4
0 46 6
0 47 10
0 48 1
0 52 3
0 55 5
0 56 3
0 57 1
0 58 5
0 60 2
0 61 2
0 62 8
0 64 8
0 65 9
0 66 7
0 69 2
0 70 3
0 72 7
0 73 9
0 74 7
0 75 5
0 77 9
0 78 4
0 82 7
0 86 4
0 87 6
0 89 4
0 90 8
0 91 9
0 92 4
0 93 4
0 94 6
0 95 2
0 96 4
0 97 8
0 98 3
1 3 3
1 4 10
1 5 6
1 6 2
1 7 9
1 9 8
1 10 3
1 11 3
1 12 3
1 13 10
1 14 9
1 16 4
1 17 6
1 19 1
1 20 3
1 21 1
1 22 2
1 24 4
1 25 7
1 26 6
1 27 2
1 28 2
1 29 9
1 30 8
1 31 4
1 33 8
1 34 3
1 35 5
1 37 4
1 38 9
1 39 9
1 40 10
1 41 3
1 42 8
1 43 4
1 45 6
1 46 8
1 50 5
1 51 1
1 53 8
1 54 4
1 55 1
1 56 8
1 58 10
1 59 6
1 60 2
1 61 10
1 62 5
1 66 5
1 67 1
1 68 8
1 72 6
1 73 4
1 74 7
1 75 4
1 76 4
1 78 9
1 79 8
1 80 1
1 81 7
1 83 7
1 84 7
1 85 8
1 86 8
1 87 2
1 88 5
1 89 5
1 90 4
1 91 6
1 93 3
1 95 7
1 96 8
1 97 8
1 98 10
1 99 5
2 3 5
2 6 7
2 7 10
2 8 7
2 9 2
2 10 5
2 11 9
2 12 6
2 16 2
2 17 10
2 18 3
2 19 10
2 20 7
2 21 1
2 22 5
2 23 1
2 24 2
2 25 3
2 26 4
2 27 9
2 28 2
2 29 8
2 30 6
2 32 3
2 33 9
2 34 6
2 37 2
2 38 10
2 39 3
2 40 9
2 41 7
2 42 8
2 43 9
2 44 2
2 46 10
2 47 4
2 48 9
2 51 4
2 52 9
2 53 9
2 54 8
2 57 4
2 58 3
2 59 2
2 61 3
2 62 4
2 63 1
2 64 7
2 65 9
2 67 8
2 68 2
2 70 4
2 72 4
2 74 8
2 75 3
2 76 9
2 77 3
2 78 9
2 80 10
2 81 5
2 82 2
2 83 7
2 84 5
2 86 7
2 87 2
2 88 2
2 89 3
2 90 7
2 91 2
2 92 1
2 93 2
2 95 6
2 96 1
2 97 6
2 98 4
2 99 8
3 4 2
3 5 9
3 7 10
3 9 10
3 10 9
3 11 9
3 12 1
3 13 3
3 15 5
3 17 9
3 18 1
3 19 2
3 20 6
3 21 9
3 22 1
3 24 6
3 25 3
3 26 2
3 27 10
3 29 8
3 30 3
3 33 2
3 34 9
3 35 6
3 36 5
3 37 7
3 38 8
3 41 3
3 42 10
3 44 8
3 46 4
3 47 8
3 48 3
3 50 5
3 52 7
3 53 6
3 54 7
3 55 2
3 56 4
3 57 3
3 58 2
3 59 4
3 60 1
3 61 8
3 62 10
3 65 6
3 67 6
3 68 6
3 69 6
3 70 6
3 71 1
3 73 2
3 74 1
3 76 6
3 77 1
3 78 7
3 79 6
3 80 4
3 82 8
3 83 2
3 84 10
3 85 9
3 86 5
3 87 7
3 88 1
3 89 2
3 91 2
3 92 1
3 94 3
3 95 10
3 96 7
3 97 2
3 99 9
4 5 2
4 6 9
4 8 8
4 9 2
4 10 9
4 12 7
4 13 6
4 14 7
4 15 8
4 16 8
4 17 5
4 18 9
4 20 3
4 22 7
4 23 4
4 24 2
4 25 5
4 26 3
4 29 6
4 31 2
4 33 10
4 34 5
4 36 4
4 37 7
4 39 4
4 40 7
4 41 5
4 42 6
4 43 7
4 44 6
4 45 2
4 46 3
4 47 2
4 49 9
4 51 6
4 53 10
4 54 8
4 55 7
4 56 8
4 57 3
4 58 9
4 59 5
4 60 6
4 61 5
4 62 4
4 63 4
4 64 4
4 65 6
4 66 4
4 68 5
4 69 9
4 70 2
4 71 1
4 73 1
4 74 1
4 75 9
4 76 10
4 77 7
4 80 2
4 81 10
4 82 4
4 83 4
4 84 1
4 85 2
4 86 6
4 87 10
4 88 7
4 90 4
4 91 5
4 92 2
4 93 1
4 94 5
4 95 3
4 96 10
4 99 6
5 6 1
5 7 10
5 8 1
5 9 10
5 10 1
5 11 2
5 13 2
5 14 1
5 15 10
5 16 6
5 17 4
5 21 9
5 22 9
5 23 4
5 24 2
5 25 8
5 26 8
5 28 3
5 29 3
5 32 8
5 34 9
5 35 5
5 36 10
5 37 6
5 38 10
5 39 10
5 40 2
5 41 2
5 42 3
5 44 4
5 47 5
5 48 8
5 49 6
5 50 1
5 51 7
5 52 5
5 53 4
5 54 7
5 55 1
5 56 6
5 57 9
5 58 2
5 59 8
5 60 9
5 61 9
5 63 3
5 64 7
5 65 2
5 67 2
5 68 6
5 69 4
5 72 4
5 73 9
5 74 10
5 76 1
5 77 8
5 78 9
5 79 3
5 81 5
5 82 1
5 83 1
5 85 4
5 86 4
5 87 7
5 88 7
5 89 7
5 91 7
5 92 6
5 94 7
5 95 6
5 96 2
5 97 1
5 98 1
5 99 8
6 7 1
6 8 9
6 9 9
6 10 6
6 11 3
6 12 7
6 13 10
6 14 2
6 15 10
6 17 1
6 18 4
6 19 9
6 20 7
6 21 4
6 22 6
6 26 7
6 28 4
6 29 2
6 30 4
6 31 5
6 32 8
6 34 4
6 35 4
6 36 5
6 38 1
6 39 3
6 42 5
6 44 10
6 46 4
6 47 1
6 50 7
6 51 1
6 52 9
6 53 4
6 54 10
6 55 7
6 58 9
6 59 6
6 60 1
6 62 1
6 65 6
6 66 5
6 68 8
6 69 8
6 71 8
6 72 9
6 73 7
6 74 2
6 75 9
6 76 5
6 77 2
6 79 5
6 80 10
6 82 6
6 83 4
6 84 5
6 85 1
6 86 2
6 87 9
6 89 9
6 90 7
6 91 6
6 92 10
6 93 4
6 94 3
6 95 1
6 96 1
6 97 9
6 99 10
7 9 5
7 10 2
7 12 10
7 13 6
7 15 4
7 16 7
7 18 7
7 19 5
7 20 2
7 21 1
7 22 5
7 23 1
7 24 8
7 27 2
7 28 10
7 29 3
7 30 8
7 31 2
7 32 7
7 35 8
7 37 5
7 38 3
7 39 2
7 42 10
7 43 2
7 44 5
7 45 2
7 46 3
7 47 5
7 50 7
7 51 8
7 52 7
7 53 10
7 55 4
7 56 10
7 57 7
7 58 7
7 59 10
7 60 4
7 61 3
7 63 6
7 64 2
7 65 7
7 68 5
7 69 1
7 70 7
7 72 1
7 74 1
7 75 1
7 76 9
7 77 1
7 78 8
7 81 1
7 82 5
7 83 7
7 84 3
7 85 8
7 86 5
7 87 4
7 88 10
7 89 2
7 90 8
7 91 8
7 93 1
7 95 7
7 96 6
7 98 5
7 99 4
8 11 8
8 12 7
8 13 8
8 14 4
8 15 6
8 16 1
8 17 9
8 19 6
8 20 1
8 21 10
8 22 8
8 23 3
8 24 6
8 26 2
8 27 2
8 28 8
8 30 2
8 31 3
8 32 4
8 33 9
8 35 10
8 36 9
8 37 7
8 38 10
8 39 5
8 41 5
8 42 1
8 43 3
8 44 5
8 45 4
8 46 8
8 47 3
8 48 5
8 51 10
8 54 4
8 55 8
8 56 2
8 58 1
8 59 3
8 60 7
8 61 4
8 62 6
8 64 5
8 65 10
8 66 6
8 68 6
8 70 2
8 71 4
8 72 3
8 74 2
8 75 9
8 76 7
8 77 7
8 80 6
8 82 2
8 83 4
8 85 6
8 86 4
8 87 8
8 88 10
8 89 9
8 90 7
8 93 4
8 95 9
8 96 1
8 97 7
8 98 9
9 10 5
9 11 9
9 12 9
9 13 9
9 14 3
9 15 6
9 17 1
9 19 10
9 20 1
9 21 4
9 22 2
9 24 3
9 25 7
9 26 2
9 28 9
9 30 1
9 32 1
9 34 4
9 35 3
9 36 8
9 37 1
9 38 1
9 39 6
9 40 10
9 41 6
9 42 3
9 44 6
9 45 8
9 46 10
9 47 4
9 48 3
9 49 9
9 50 7
9 52 9
9 53 7
9 54 1
9 55 7
9 56 4
9 57 2
9 58 9
9 59 4
9 60 1
9 61 7
9 64 3
9 66 3
9 67 6
9 68 5
9 69 4
9 70 4
9 72 3
9 73 7
9 75 7
9 76 7
9 77 5
9 78 6
9 79 5
9 80 8
9 81 3
9 82 1
9 84 9
9 85 2
9 86 3
9 87 2
9 88 4
9 89 10
9 91 7
9 92 8
9 93 9
9 94 7
9 96 4
9 97 7
9 98 1
10 11 8
10 14 3
10 15 1
10 16 1
10 19 4
10 20 4
10 22 9
10 24 4
10 25 9
10 26 7
10 27 2
10 28 4
10 29 7
10 31 6
10 33 6
10 34 7
10 35 4
10 37 8
10 38 7
10 39 1
10 43 10
10 44 9
10 45 10
10 46 8
10 47 8
10 48 8
10 51 1
10 53 4
10 54 10
10 55 1
10 56 1
10 57 1
10 58 10
10 59 2
10 60 10
10 62 8
10 64 4
10 65 1
10 66 10
10 67 8
10 69 5
10 71 3
10 72 10
10 73 6
10 74 6
10 75 7
10 76 10
10 77 3
10 79 9
10 80 3
10 81 6
10 85 4
10 86 4
10 88 5
10 89 1
10 90 8
10 91 3
10 92 6
10 96 5
10 97 8
10 99 1
11 12 6
11 13 10
11 15 7
11 16 6
11 18 5
11 20 1
11 21 9
11 26 10
11 27 3
11 29 3
11 30 5
11 34 1
11 36 8
11 37 3
11 38 7
11 40 5
11 41 5
11 42 3
11 43 7
11 44 4
11 47 7
11 48 7
11 49 4
11 50 6
11 52 6
11 53 1
11 54 1
11 55 9
11 57 6
11 58 10
11 59 7
11 60 9
11 61 3
11 62 4
11 63 1
11 65 10
11 66 2
11 68 9
11 69 10
11 70 1
11 71 5
11 72 1
11 73 3
11 74 4
11 75 4
11 76 5
11 77 7
11 78 2
11 79 4
11 80 9
11 83 2
11 84 5
11 85 9
11 86 7
11 89 10
11 91 1
11 92 3
11 94 2
11 95 9
11 97 3
11 99 9
12 13 6
12 14 3
12 15 1
12 16 10
12 18 4
12 20 4
12 21 1
12 22 7
12 23 10
12 24 4
12 26 3
12 27 3
12 28 2
12 29 7
12 30 4
12 32 10
12 35 6
12 36 7
12 37 3
12 38 9
12 39 1
12 40 6
12 41 1
12 42 4
12 43 6
12 44 9
12 47 4
12 48 2
12 49 7
12 50 8
12 51 1
12 52 2
12 53 4
12 56 2
12 59 2
12 60 8
12 61 2
12 63 1
12 64 6
12 65 8
12 66 9
12 67 10
12 68 6
12 70 6
12 71 7
12 72 3
12 73 4
12 75 7
12 76 8
12 77 4
12 78 10
12 79 6
12 81 6
12 82 5
12 83 3
12 84 4
12 85 2
12 88 5
12 89 7
12 91 2
12 93 4
12 94 2
12 96 8
12 97 8
12 98 7
13 14 1
13 15 4
13 17 8
13 18 6
13 19 10
13 20 10
13 21 3
13 22 3
13 23 5
13 24 2
13 25 4
13 27 3
13 29 9
13 30 9
13 31 6
13 32 7
13 33 7
13 34 4
13 35 3
13 36 2
13 37 8
13 39 7
13 40 2
13 42 8
13 43 5
13 44 2
13 45 9
13 46 8
13 47 5
13 48 2
13 49 5
13 50 4
13 51 2
13 52 1
13 55 7
13 57 4
13 58 1
13 59 4
13 60 8
13 61 10
13 62 10
13 63 3
13 64 8
13 65 10
13 66 7
13 68 3
13 69 8
13 70 3
13 71 2
13 72 10
13 75 10
13 76 10
13 77 8
13 79 5
13 80 8
13 81 9
13 82 5
13 84 9
13 85 3
13 86 4
13 87 7
13 89 9
13 90 8
13 91 4
13 92 9
13 93 7
13 94 6
13 95 5
13 96 9
13 97 8
13 98 8
13 99 1
14 15 8
14 16 2
14 17 2
14 18 2
14 19 1
14 20 8
14 21 10
14 23 6
14 24 3
14 25 6
14 26 4
14 27 6
14 28 7
14 29 2
14 30 7
14 31 3
14 32 1
14 33 8
14 35 10
14 36 6
14 37 3
14 38 8
14 39 2
14 40 5
14 42 7
14 43 7
14 44 6
14 45 4
14 47 3
14 48 6
14 49 4
14 50 7
14 51 3
14 52 3
14 54 9
14 56 4
14 57 8
14 59 2
14 60 7
14 61 7
14 62 6
14 63 4
14 64 5
14 65 1
14 67 2
14 68 9
14 69 10
14 71 10
14 72 9
14 73 4
14 74 3
14 75 10
14 76 2
14 77 5
14 78 10
14 79 5
14 80 5
14 81 3
14 83 4
14 85 5
14 86 5
14 87 5
14 88 2
14 89 10
14 90 6
14 91 9
14 92 1
14 93 7
14 94 6
14 95 10
14 96 8
14 97 5
14 99 2
15 16 9
15 17 8
15 18 3
15 20 5
15 22 4
15 23 9
15 24 4
15 25 5
15 26 8
15 27 2
15 28 8
15 29 9
15 30 8
15 32 1
15 33 7
15 34 5
15 36 10
15 39 2
15 41 5
15 42 10
15 43 6
15 44 3
15 46 10
15 47 7
15 48 10
15 49 6
15 50 6
15 51 5
15 52 10
15 53 7
15 55 4
15 57 8
15 58 5
15 60 6
15 62 3
15 63 7
15 64 1
15 65 1
15 66 3
15 67 4
15 68 8
15 70 2
15 71 6
15 72 8
15 73 6
15 74 2
15 76 8
15 77 2
15 78 3
15 79 9
15 80 2
15 81 4
15 83 7
15 85 7
15 87 4
15 88 5
15 89 8
15 91 4
15 92 7
15 93 6
15 94 8
15 95 10
15 99 6
16 17 2
16 18 6
16 19 4
16 20 9
16 22 1
16 23 7
16 24 9
16 27 7
16 28 4
16 29 10
16 30 1
16 31 7
16 32 1
16 35 4
16 36 7
16 37 1
16 39 8
16 41 9
16 42 5
16 43 3
16 46 8
16 47 8
16 48 5
16 49 3
16 51 7
16 52 8
16 53 2
16 54 9
16 55 3
16 58 7
16 61 4
16 63 1
16 64 8
16 67 5
16 68 2
16 69 6
16 70 4
16 71 10
16 72 4
16 73 1
16 74 3
16 75 10
16 76 1
16 77 3
16 78 8
16 79 4
16 80 10
16 81 6
16 82 1
16 84 7
16 85 3
16 86 1
16 87 4
16 88 2
16 89 2
16 90 8
16 92 1
16 93 2
16 95 5
16 96 3
16 97 2
16 99 9
17 19 5
17 21 8
17 22 2
17 25 9
17 26 7
17 27 3
17 28 10
17 31 1
17 35 7
17 36 7
17 37 6
17 38 10
17 39 10
17 41 1
17 43 7
17 47 8
17 49 1
17 50 1
17 52 9
17 55 10
17 56 4
17 57 10
17 58 1
17 60 3
17 61 9
17 62 4
17 63 3
17 64 5
17 65 1
17 66 1
17 68 10
17 69 1
17 70 2
17 72 2
17 73 5
17 76 9
17 78 5
17 80 2
17 81 10
17 82 4
17 84 5
17 85 5
17 86 10
17 87 7
17 89 10
17 91 8
17 92 6
17 93 5
17 94 9
17 95 10
17 97 5
17 98 1
17 99 3
18 19 1
18 21 6
18 22 1
18 23 1
18 25 4
18 26 5
18 27 6
18 29 1
18 30 2
18 31 8
18 32 4
18 34 2
18 35 6
18 36 2
18 37 7
18 38 3
18 39 4
18 40 2
18 42 6
18 43 9
18 44 7
18 50 4
18 52 8
18 53 2
18 55 2
18 56 6
18 57 10
18 58 7
18 60 2
18 61 2
18 62 5
18 66 10
18 67 9
18 70 9
18 71 10
18 72 8
18 74 6
18 75 5
18 77 8
18 78 4
18 79 2
18 81 9
18 82 8
18 83 9
18 84 5
18 85 5
18 86 6
18 87 6
18 88 4
18 89 6
18 90 1
18 92 7
18 93 10
18 94 4
18 95 2
18 97 9
18 98 10
19 20 2
19 21 7
19 22 10
19 24 6
19 25 4
19 27 8
19 28 9
19 30 4
19 31 4
19 32 4
19 33 4
19 34 5
19 35 1
19 36 6
19 38 6
19 39 4
19 40 5
19 42 5
19 43 2
19 46 5
19 47 4
19 48 5
19 49 2
19 50 3
19 51 4
19 53 9
19 54 6
19 57 7
19 60 2
19 61 9
19 62 3
19 63 7
19 64 2
19 65 5
19 67 2
19 68 8
19 70 1
19 73 3
19 75 1
19 76 4
19 77 2
19 79 7
19 80 3
19 81 10
19 82 1
19 83 1
19 84 10
19 85 4
19 86 8
19 87 7
19 88 6
19 89 9
19 90 10
19 93 6
19 94 1
19 96 5
19 97 6
19 98 4
19 99 10
20 23 2
20 24 8
20 25 5
20 26 1
20 27 4
20 29 8
20 30 5
20 31 3
20 32 6
20 33 9
20 34 4
20 35 7
20 36 6
20 39 9
20 40 1
20 41 4
20 42 10
20 43 6
20 45 6
20 47 9
20 48 3
20 49 3
20 50 8
20 51 10
20 52 2
20 53 5
20 54 1
20 55 8
20 56 3
20 57 4
20 58 10
20 60 8
20 61 2
20 62 2
20 63 5
20 64 8
20 65 9
20 66 6
20 67 2
20 69 4
20 71 4
20 72 5
20 73 2
20 75 8
20 76 5
20 78 5
20 79 4
20 80 10
20 81 1
20 82 6
20 83 7
20 85 5
20 86 2
20 87 9
20 88 1
20 89 6
20 90 2
20 91 9
20 92 2
20 93 2
20 94 3
20 96 4
20 97 3
20 98 7
21 25 9
21 26 9
21 27 7
21 28 10
21 29 2
21 30 5
21 31 8
21 34 8
21 35 7
21 36 10
21 37 6
21 39 4
21 40 4
21 41 2
21 43 1
21 44 1
21 45 9
21 46 7
21 49 1
21 50 4
21 52 3
21 53 6
21 54 1
21 55 10
21 58 10
21 59 5
21 61 9
21 64 8
21 65 10
21 66 1
21 67 10
21 68 4
21 70 7
21 71 6
21 72 7
21 74 7
21 76 8
21 77 1
21 78 9
21 79 9
21 80 3
21 81 2
21 82 5
21 83 1
21 84 3
21 88 6
21 89 4
21 90 6
21 92 3
21 93 9
21 94 10
21 96 3
21 97 1
22 23 6
22 26 1
22 27 2
22 28 10
22 29 1
22 31 2
22 32 7
22 33 5
22 35 8
22 36 2
22 37 9
22 39 3
22 40 4
22 41 6
22 42 8
22 43 9
22 44 5
22 45 3
22 46 4
22 48 7
22 49 7
22 50 1
22 51 10
22 52 5
22 53 1
22 54 5
22 55 1
22 56 2
22 57 3
22 58 8
22 59 5
22 60 10
22 61 7
22 62 8
22 63 6
22 64 6
22 65 8
22 67 3
22 68 6
22 69 9
22 70 9
22 71 10
22 72 4
22 74 2
22 76 3
22 77 1
22 79 4
22 81 1
22 82 2
22 83 9
22 84 4
22 85 1
22 88 8
22 90 4
22 91 9
22 92 5
22 94 1
22 95 6
22 96 7
22 97 4
22 98 1
22 99 4
23 24 10
23 25 8
23 26 6
23 27 3
23 28 9
23 31 6
23 32 3
23 35 8
23 37 6
23 38 4
23 41 10
23 43 9
23 44 10
23 46 8
23 47 5
23 48 1
23 49 5
23 50 8
23 51 6
23 52 4
23 53 6
23 55 9
23 56 9
23 57 7
23 58 6
23 59 9
23 60 2
23 61 4
23 62 2
23 63 3
23 64 8
23 66 3
23 68 2
23 70 1
23 72 8
23 73 5
23 74 4
23 75 7
23 76 7
23 77 10
23 78 4
23 79 5
23 80 6
23 81 8
23 82 7
23 83 9
23 84 5
23 85 6
23 86 2
23 87 4
23 88 9
23 89 5
23 91 2
23 92 9
23 94 3
23 96 8
23 97 10
23 98 1
23 99 9
24 25 5
24 26 5
24 28 1
24 29 9
24 30 8
24 31 6
24 32 10
24 33 4
24 34 9
24 35 5
24 36 6
24 37 3
24 39 5
24 41 7
24 42 4
24 45 2
24 46 3
24 47 6
24 48 1
24 49 8
24 51 8
24 52 6
24 53 3
24 55 2
24 56 1
24 57 5
24 58 7
24 60 10
24 62 6
24 63 1
24 64 1
24 66 8
24 67 2
24 68 4
24 69 6
24 70 5
24 71 7
24 74 3
24 75 5
24 76 9
24 77 5
24 78 6
24 79 4
24 80 6
24 82 2
24 83 4
24 84 7
24 86 6
24 87 8
24 89 5
24 91 7
24 92 6
24 93 9
24 97 1
24 98 7
24 99 3
25 27 5
25 30 2
25 31 6
25 33 5
25 34 3
25 35 9
25 36 2
25 38 9
25 39 2
25 40 4
25 41 9
25 42 4
25 43 1
25 45 2
25 46 10
25 48 4
25 49 2
25 51 6
25 52 1
25 53 3
25 54 7
25 55 4
25 56 3
25 57 10
25 58 10
25 60 4
25 61 1
25 63 8
25 64 5
25 65 8
25 68 8
25 70 5
25 71 7
25 72 10
25 73 6
25 74 6
25 75 2
25 76 2
25 77 10
25 78 3
25 79 2
25 80 2
25 81 6
25 82 3
25 83 1
25 85 3
25 87 7
25 89 10
25 90 10
25 91 3
25 92 2
25 93 1
25 95 8
25 97 4
25 98 6
25 99 6
26 27 3
26 28 5
26 30 2
26 32 5
26 35 7
26 37 9
26 38 3
26 39 4
26 41 3
26 42 5
26 43 1
26 45 8
26 46 7
26 47 6
26 48 2
26 49 7
26 50 7
26 51 2
26 53 1
26 54 6
26 56 8
26 58 10
26 60 4
26 61 5
26 62 8
26 63 10
26 64 4
26 65 4
26 66 6
26 67 6
26 69 7
26 70 1
26 71 7
26 72 5
26 73 9
26 74 10
26 75 1
26 76 6
26 78 10
26 79 7
26 80 6
26 81 9
26 82 6
26 83 5
26 84 9
26 85 6
26 86 9
26 87 6
26 88 4
26 89 5
26 90 6
26 91 6
26 95 5
26 97 4
26 98 6
26 99 2
27 28 3
27 30 3
27 31 4
27 32 5
27 34 8
27 35 9
27 36 1
27 37 8
27 38 2
27 39 6
27 40 5
27 42 2
27 43 9
27 45 10
27 46 3
27 47 2
27 48 3
27 49 4
27 50 5
27 51 3
27 53 5
27 54 10
27 55 4
27 56 7
27 57 10
27 58 10
27 59 2
27 61 3
27 62 8
27 63 6
27 64 7
27 67 4
27 68 3
27 69 5
27 71 10
27 72 3
27 73 9
27 74 4
27 75 9
27 76 4
27 78 4
27 79 9
27 80 2
27 82 8
27 83 4
27 84 10
27 85 4
27 86 4
27 87 8
27 88 4
27 89 7
27 90 9
27 91 2
27 92 10
27 93 2
27 94 3
27 96 6
27 98 5
28 29 7
28 32 8
28 33 2
28 34 6
28 36 8
28 38 8
28 39 9
28 40 5
28 43 1
28 44 2
28 45 2
28 46 7
28 47 8
28 48 10
28 49 7
28 50 3
28 51 5
28 52 4
28 53 10
28 55 10
28 56 10
28 57 3
28 58 8
28 59 7
28 64 6
28 65 1
28 66 1
28 67 6
28 69 9
28 70 8
28 71 5
28 74 9
28 75 6
28 76 1
28 78 1
28 79 3
28 80 7
28 81 10
28 83 6
28 84 2
28 87 1
28 89 6
28 90 7
28 91 6
28 92 9
28 93 9
28 94 4
28 96 5
28 99 4
29 31 2
29 34 8
29 36 2
29 37 3
29 38 3
29 40 3
29 41 5
29 43 2
29 44 9
29 47 1
29 48 7
29 49 9
29 50 4
29 52 10
29 53 4
29 54 10
29 55 6
29 56 1
29 57 6
29 58 2
29 60 9
29 61 6
29 62 7
29 63 3
29 64 1
29 65 10
29 67 2
29 68 5
29 69 1
29 70 4
29 71 1
29 74 10
29 75 5
29 77 5
29 78 4
29 79 6
29 80 3
29 83 5
29 84 5
29 85 4
29 86 7
29 87 8
29 88 3
29 90 9
29 91 7
29 92 8
29 93 4
29 95 8
29 96 2
29 97 2
29 98 3
29 99 5
30 31 7
30 32 5
30 33 5
30 35 2
30 36 4
30 37 8
30 39 10
30 40 4
30 41 1
30 42 9
30 43 8
30 45 4
30 46 6
30 47 6
30 49 2
30 50 1
30 51 10
30 53 9
30 55 7
30 57 10
30 58 5
30 59 7
30 60 9
30 61 7
30 62 7
30 63 3
30 64 7
30 66 3
30 67 6
30 73 4
30 77 8
30 79 5
30 81 2
30 83 4
30 85 10
30 86 5
30 87 4
30 88 4
30 89 3
30 90 9
30 91 2
30 92 8
30 93 8
30 96 5
30 97 2
30 98 9
30 99 4
31 32 2
31 33 8
31 35 5
31 36 1
31 37 5
31 38 10
31 39 9
31 40 8
31 41 6
31 42 3
31 43 8
31 44 9
31 45 2
31 46 4
31 47 9
31 48 5
31 49 9
31 50 1
31 51 5
31 52 1
31 53 10
31 54 4
31 55 10
31 56 3
31 57 7
31 59 6
31 60 7
31 62 2
31 64 3
31 65 5
31 66 2
31 67 9
31 69 6
31 70 10
31 73 2
31 74 10
31 75 3
31 77 5
31 78 10
31 80 1
31 81 8
31 82 6
31 84 1
31 87 3
31 88 3
31 91 8
31 92 9
31 93 3
31 94 10
31 95 2
31 96 10
31 97 8
31 98 3
31 99 6
32 33 6
32 34 10
32 35 8
32 40 10
32 41 2
32 42 6
32 43 6
32 44 8
32 45 8
32 46 8
32 47 10
32 48 10
32 49 5
32 50 6
32 51 2
32 52 2
32 53 5
32 54 8
32 55 6
32 56 5
32 57 1
32 58 9
32 59 2
32 60 8
32 61 3
32 62 10
32 63 5
32 64 4
32 67 9
32 68 8
32 69 3
32 70 6
32 71 1
32 72 8
32 73 7
32 74 4
32 75 3
32 76 7
32 78 3
32 79 5
32 80 9
32 81 9
32 82 6
32 84 3
32 88 5
32 90 6
32 91 7
32 92 7
32 93 4
32 94 1
32 95 1
32 96 10
32 97 6
32 99 8
33 34 3
33 35 9
33 36 8
33 37 2
33 38 1
33 39 2
33 40 8
33 41 2
33 42 6
33 43 6
33 45 8
33 46 6
33 48 6
33 49 6
33 50 2
33 51 2
33 52 9
33 53 7
33 54 5
33 55 8
33 56 6
33 57 6
33 58 10
33 59 5
33 61 2
33 62 4
33 63 1
33 64 5
33 65 9
33 66 8
33 67 7
33 70 10
33 71 2
33 72 5
33 73 6
33 74 2
33 75 7
33 76 8
33 78 6
33 79 5
33 80 7
33 81 6
33 82 9
33 83 4
33 84 4
33 85 2
33 86 3
33 87 3
33 88 3
33 89 8
33 94 3
33 95 10
33 96 8
33 97 1
33 98 7
33 99 8
34 35 1
34 36 6
34 37 1
34 38 5
34 39 1
34 40 8
34 41 10
34 42 10
34 43 9
34 46 9
34 47 5
34 48 5
34 49 6
34 50 8
34 52 1
34 56 2
34 57 1
34 58 1
34 59 9
34 61 6
34 62 3
34 64 8
34 65 2
34 66 1
34 67 5
34 68 4
34 69 5
34 70 4
34 71 8
34 72 4
34 74 10
34 75 8
34 76 2
34 77 6
34 78 2
34 79 9
34 81 5
34 82 8
34 83 8
34 85 1
34 86 1
34 88 6
34 89 1
34 90 3
34 91 5
34 92 2
34 93 3
34 97 10
35 36 3
35 37 2
35 38 5
35 39 2
35 40 10
35 41 8
35 42 2
35 43 7
35 44 10
35 45 2
35 46 4
35 47 8
35 48 8
35 49 3
35 50 4
35 51 1
35 53 1
35 54 6
35 55 6
35 56 8
35 57 6
35 58 1
35 59 3
35 60 4
35 61 10
35 63 9
35 64 2
35 65 4
35 66 6
35 67 7
35 68 10
35 69 8
35 70 5
35 72 2
35 75 9
35 76 8
35 77 9
35 78 9
35 81 3
35 84 3
35 85 8
35 87 6
35 88 7
35 89 5
35 90 10
35 91 2
35 92 1
35 93 7
35 94 4
35 97 4
35 98 1
35 99 2
36 37 8
36 38 1
36 39 8
36 41 8
36 42 2
36 43 3
36 44 5
36 45 2
36 46 10
36 47 2
36 49 9
36 51 7
36 53 10
36 54 3
36 56 1
36 57 1
36 58 1
36 59 1
36 60 1
36 61 6
36 62 4
36 63 9
36 64 3
36 65 8
36 66 3
36 67 8
36 72 8
36 74 4
36 77 3
36 78 10
36 80 7
36 82 9
36 83 9
36 85 1
36 86 2
36 87 9
36 88 9
36 89 2
36 90 2
36 91 4
36 92 7
36 93 4
36 94 7
36 96 6
36 97 3
36 99 2
37 39 1
37 40 9
37 41 6
37 42 9
37 43 7
37 44 4
37 45 1
37 49 3
37 50 6
37 51 5
37 52 8
37 54 4
37 55 1
37 56 9
37 57 5
37 58 6
37 60 9
37 61 6
37 63 7
37 64 1
37 65 10
37 67 4
37 68 2
37 69 9
37 71 4
37 72 10
37 73 4
37 75 9
37 78 2
37 79 3
37 80 6
37 81 2
37 83 8
37 84 9
37 85 3
37 87 10
37 89 10
37 90 5
37 92 10
37 94 6
37 95 10
37 96 5
37 97 6
37 99 7
38 39 5
38 40 1
38 42 9
38 43 3
38 44 7
38 45 9
38 46 8
38 47 1
38 48 7
38 49 7
38 50 10
38 51 6
38 52 1
38 54 4
38 55 6
38 56 2
38 57 8
38 58 8
38 59 1
38 60 10
38 61 10
38 66 2
38 68 5
38 69 1
38 70 2
38 71 6
38 72 6
38 73 10
38 74 2
38 76 5
38 77 9
38 79 1
38 80 2
38 81 7
38 82 1
38 83 5
38 84 5
38 85 1
38 86 10
38 88 9
38 91 4
38 92 1
38 93 10
38 94 6
38 96 4
38 97 10
38 98 3
39 40 9
39 41 6
39 43 10
39 46 9
39 47 8
39 50 4
39 51 7
39 52 3
39 53 4
39 54 8
39 55 2
39 58 1
39 59 4
39 60 7
39 61 9
39 62 8
39 63 7
39 64 6
39 65 6
39 69 6
39 70 5
39 72 2
39 73 7
39 74 10
39 75 1
39 77 3
39 78 6
39 79 6
39 80 6
39 81 9
39 82 7
39 83 5
39 84 8
39 86 9
39 87 7
39 90 10
39 91 5
39 92 6
39 93 3
39 94 5
39 95 2
39 96 1
39 97 8
39 98 9
40 41 6
40 42 1
40 43 2
40 45 3
40 47 9
40 48 1
40 49 4
40 50 10
40 51 1
40 52 1
40 53 3
40 55 8
40 56 10
40 57 5
40 58 6
40 59 6
40 60 10
40 61 6
40 62 4
40 63 9
40 64 5
40 65 8
40 66 6
40 69 4
40 70 4
40 71 1
40 72 5
40 74 9
40 75 4
40 76 8
40 77 7
40 78 6
40 79 2
40 81 9
40 82 5
40 83 7
40 84 6
40 85 6
40 86 7
40 87 9
40 89 10
40 90 1
40 91 2
40 92 2
40 93 5
40 94 6
40 97 7
40 98 10
41 42 8
41 44 7
41 46 9
41 47 1
41 49 4
41 50 6
41 51 5
41 52 6
41 54 8
41 55 3
41 56 2
41 57 5
41 58 3
41 59 10
41 60 5
41 61 3
41 63 8
41 64 10
41 65 7
41 66 4
41 67 10
41 69 10
41 72 6
41 74 7
41 76 7
41 77 10
41 78 10
41 80 8
41 81 3
41 82 5
41 83 4
41 84 9
41 85 8
41 86 10
41 87 5
41 88 9
41 89 2
41 90 4
41 91 6
41 92 8
41 93 7
41 94 1
41 95 6
41 96 8
41 97 8
41 99 9
42 43 6
42 45 10
42 46 6
42 47 9
42 48 8
42 49 6
42 51 8
42 52 3
42 53 6
42 54 6
42 56 2
42 57 4
42 58 8
42 59 1
42 60 2
42 61 3
42 63 6
42 66 2
42 67 6
42 69 6
42 70 8
42 72 7
42 75 9
42 76 10
42 77 2
42 78 1
42 79 5
42 80 5
42 82 2
42 84 3
42 85 3
42 86 6
42 87 9
42 89 9
42 90 5
42 91 10
42 92 10
42 93 7
42 95 9
42 96 8
42 97 8
42 98 8
42 99 2
43 44 3
43 45 3
43 46 9
43 48 6
43 49 9
43 50 2
43 51 2
43 53 5
43 54 8
43 55 10
43 57 6
43 58 1
43 59 6
43 60 7
43 63 9
43 66 2
43 67 6
43 68 3
43 71 10
43 72 5
43 73 2
43 74 1
43 75 8
43 76 8
43 77 9
43 78 8
43 79 8
43 81 4
43 82 10
43 83 8
43 84 4
43 85 7
43 87 3
43 88 9
43 89 8
43 90 1
43 92 1
43 93 7
43 94 6
43 95 9
43 96 10
43 97 7
43 98 5
43 99 3
44 46 10
44 48 7
44 49 6
44 50 5
44 51 6
44 52 7
44 53 9
44 54 9
44 55 5
44 56 4
44 57 6
44 59 6
44 60 10
44 61 7
44 62 7
44 63 2
44 64 10
44 65 7
44 67 7
44 68 5
44 69 8
44 71 10
44 72 3
44 73 4
44 76 4
44 77 1
44 78 3
44 79 3
44 80 4
44 81 3
44 83 2
44 84 6
44 85 2
44 86 9
44 87 6
44 88 3
44 89 4
44 90 3
44 92 2
44 93 1
44 94 8
44 95 4
44 97 8
44 98 6
45 47 7
45 48 6
45 49 5
45 50 7
45 51 7
45 53 6
45 54 6
45 55 10
45 56 9
45 57 1
45 59 5
45 60 9
45 61 2
45 62 2
45 63 8
45 65 1
45 67 3
45 68 7
45 70 5
45 71 5
45 72 9
45 73 4
45 74 2
45 75 3
45 76 6
45 77 2
45 78 4
45 79 6
45 80 4
45 81 8
45 82 7
45 83 7
45 87 1
45 88 3
45 89 10
45 90 4
45 91 7
45 93 6
45 94 6
45 95 7
45 96 9
45 98 10
45 99 8
46 47 3
46 48 8
46 49 1
46 50 8
46 52 4
46 53 1
46 54 8
46 55 8
46 56 10
46 57 6
46 58 4
46 59 8
46 60 1
46 61 1
46 63 6
46 64 4
46 65 7
46 66 10
46 68 5
46 69 5
46 72 2
46 73 4
46 74 10
46 76 6
46 77 7
46 78 7
46 79 5
46 80 1
46 82 4
46 84 3
46 85 6
46 86 10
46 87 6
46 88 2
46 89 3
46 91 6
46 92 4
46 95 7
46 97 4
46 99 4
47 49 10
47 50 8
47 52 1
47 53 2
47 54 8
47 55 2
47 56 5
47 57 6
47 58 8
47 59 8
47 60 9
47 62 1
47 64 5
47 65 7
47 66 7
47 67 9
47 68 6
47 69 3
47 70 5
47 73 5
47 74 3
47 75 5
47 76 3
47 79 2
47 80 4
47 81 5
47 82 3
47 83 2
47 84 9
47 85 7
47 87 8
47 88 7
47 92 7
47 94 7
47 95 2
47 96 2
47 97 7
47 98 7
47 99 10
48 52 8
48 53 7
48 54 6
48 55 6
48 56 10
48 57 10
48 59 6
48 60 7
48 63 8
48 65 9
48 66 10
48 67 7
48 68 8
48 69 10
48 71 10
48 73 5
48 75 8
48 77 5
48 78 10
48 79 1
48 80 5
48 81 9
48 82 1
48 83 10
48 84 7
48 85 2
48 88 3
48 89 10
48 90 9
48 92 5
48 93 2
48 94 6
48 95 2
48 97 2
49 50 5
49 52 4
49 53 6
49 54 7
49 55 4
49 56 3
49 57 3
49 58 8
49 59 7
49 62 3
49 63 9
49 64 4
49 65 1
49 66 10
49 67 7
49 68 7
49 69 7
49 70 9
49 71 1
49 72 9
49 73 3
49 74 3
49 75 7
49 76 3
49 78 3
49 81 3
49 83 5
49 84 9
49 85 7
49 87 9
49 88 8
49 89 6
49 91 2
49 93 8
49 97 10
49 99 8
50 53 1
50 54 8
50 55 4
50 56 7
50 58 7
50 59 1
50 63 4
50 64 9
50 65 9
50 66 5
50 67 7
50 71 2
50 72 8
50 73 8
50 74 3
50 75 1
50 76 10
50 77 10
50 78 7
50 79 7
50 80 6
50 82 9
50 83 7
50 84 10
50 85 5
50 87 10
50 88 2
50 89 3
50 90 7
50 92 1
50 94 8
50 96 5
50 97 1
50 99 3
51 52 1
51 53 4
51 54 2
51 55 1
51 56 5
51 57 1
51 60 5
51 61 7
51 62 1
51 64 1
51 65 5
51 67 9
51 68 4
51 69 3
51 70 8
51 71 2
51 72 3
51 73 2
51 74 7
51 75 1
51 76 7
51 78 5
51 79 9
51 80 3
51 82 10
51 83 3
51 84 7
51 86 1
51 87 9
51 88 4
51 89 3
51 90 10
51 91 5
51 92 10
51 93 10
51 94 3
51 95 3
51 96 9
51 97 4
51 98 8
51 99 7
52 54 6
52 55 8
52 57 7
52 58 3
52 60 1
52 62 1
52 63 2
52 64 7
52 65 1
52 66 4
52 69 6
52 70 7
52 71 9
52 72 1
52 74 9
52 75 8
52 76 1
52 77 8
52 78 6
52 79 6
52 80 7
52 83 10
52 84 6
52 85 4
52 86 2
52 87 5
52 88 1
52 89 5
52 90 6
52 92 2
52 93 4
52 94 4
52 95 3
52 96 5
52 97 5
52 98 1
53 54 8
53 55 3
53 56 5
53 57 3
53 58 3
53 59 4
53 60 2
53 61 9
53 62 3
53 63 6
53 64 7
53 65 4
53 66 5
53 67 4
53 68 10
53 69 8
53 70 5
53 71 6
53 72 3
53 73 4
53 74 2
53 75 2
53 77 2
53 79 7
53 80 4
53 81 2
53 84 5
53 85 10
53 87 10
53 88 3
53 89 3
53 91 6
53 93 3
53 94 8
53 99 10
54 55 7
54 56 3
54 57 3
54 58 5
54 59 3
54 60 1
54 62 2
54 65 8
54 66 4
54 67 3
54 68 1
54 69 6
54 70 5
54 71 4
54 72 4
54 73 4
54 75 1
54 76 8
54 77 3
54 79 8
54 80 10
54 82 10
54 83 1
54 84 9
54 85 6
54 87 8
54 88 3
54 89 6
54 91 3
54 92 6
54 93 4
54 94 3
54 96 1
55 56 3
55 57 4
55 59 7
55 60 4
55 61 5
55 64 9
55 66 5
55 67 7
55 68 3
55 70 9
55 71 9
55 72 6
55 73 1
55 74 10
55 75 2
55 77 2
55 79 6
55 80 8
55 81 3
55 82 7
55 83 5
55 85 8
55 86 7
55 87 3
55 88 6
55 89 1
55 90 6
55 91 2
55 92 10
55 93 7
55 94 8
55 95 3
55 96 8
55 98 10
55 99 10
56 58 1
56 59 5
56 60 3
56 62 6
56 63 9
56 64 7
56 66 10
56 67 8
56 69 6
56 71 9
56 72 5
56 73 1
56 74 7
56 75 9
56 76 9
56 77 6
56 78 1
56 79 6
56 83 7
56 84 2
56 85 3
56 86 8
56 87 5
56 88 6
56 89 7
56 90 5
56 91 3
56 92 3
56 93 9
56 94 10
56 95 10
56 96 8
56 97 5
56 98 9
56 99 2
57 58 7
57 59 7
57 60 2
57 61 3
57 62 4
57 63 3
57 64 10
57 65 7
57 66 2
57 67 2
57 68 2
57 69 8
57 71 6
57 72 10
57 74 6
57 75 4
57 76 9
57 77 1
57 79 10
57 80 4
57 82 4
57 83 1
57 84 3
57 85 9
57 86 6
57 88 9
57 89 6
57 90 10
57 92 5
57 93 2
57 95 10
57 97 1
57 98 5
57 99 2
58 59 8
58 60 6
58 61 2
58 62 8
58 63 3
58 64 9
58 65 1
58 67 3
58 68 5
58 69 9
58 70 4
58 72 1
58 73 7
58 74 5
58 75 3
58 76 4
58 77 1
58 78 6
58 79 4
58 80 1
58 81 5
58 82 4
58 84 7
58 85 7
58 86 1
58 87 4
58 88 9
58 89 5
58 90 6
58 91 7
58 93 4
58 94 10
58 98 4
59 60 3
59 61 6
59 63 4
59 64 3
59 67 2
59 68 8
59 69 3
59 70 7
59 71 4
59 72 7
59 73 1
59 75 3
59 76 9
59 78 7
59 79 2
59 81 5
59 82 9
59 83 10
59 84 7
59 85 9
59 86 4
59 87 10
59 88 8
59 90 6
59 91 4
59 92 10
59 94 10
59 95 8
59 97 7
59 98 7
59 99 8
60 61 4
60 62 1
60 63 8
60 65 10
60 67 1
60 68 5
60 70 3
60 71 6
60 72 10
60 73 8
60 74 6
60 75 6
60 76 1
60 78 7
60 79 6
60 80 10
60 82 3
60 83 6
60 85 10
60 87 3
60 88 8
60 89 10
60 90 4
60 92 2
60 93 7
60 94 1
60 95 3
60 96 6
60 97 9
60 98 1
61 64 2
61 65 7
61 68 7
61 71 3
61 72 7
61 73 3
61 74 8
61 75 6
61 76 7
61 77 7
61 78 3
61 79 5
61 81 1
61 82 2
61 84 2
61 85 7
61 87 1
61 88 10
61 89 7
61 90 1
61 91 9
61 92 10
61 93 1
61 95 3
61 96 8
61 97 7
61 98 2
62 65 8
62 66 7
62 68 9
62 69 9
62 70 10
62 71 4
62 74 4
62 75 4
62 76 7
62 77 5
62 79 8
62 80 2
62 81 5
62 84 2
62 86 1
62 87 5
62 88 10
62 89 2
62 90 10
62 91 5
62 93 1
62 95 8
62 96 10
62 99 1
63 64 4
63 65 1
63 66 6
63 67 7
63 69 7
63 70 2
63 71 6
63 72 9
63 73 2
63 74 1
63 75 5
63 76 4
63 78 1
63 79 10
63 80 9
63 81 4
63 82 6
63 84 7
63 85 6
63 86 4
63 87 8
63 88 7
63 89 3
63 90 7
63 91 3
63 92 7
63 93 7
63 94 9
63 95 8
63 96 5
63 97 10
63 98 7
63 99 2
64 65 8
64 66 9
64 67 1
64 68 7
64 69 3
64 71 5
64 72 3
64 73 3
64 74 10
64 77 2
64 78 7
64 79 5
64 81 5
64 82 9
64 83 8
64 88 2
64 89 2
64 90 4
64 91 10
64 93 7
64 94 3
64 96 10
64 97 8
65 66 8
65 67 1
65 68 2
65 70 2
65 71 4
65 73 2
65 76 8
65 77 5
65 78 6
65 80 3
65 81 6
65 82 4
65 83 9
65 85 5
65 86 10
65 87 3
65 89 2
65 90 10
65 92 5
65 93 2
65 94 2
65 95 7
65 96 10
65 97 5
65 98 2
66 67 5
66 68 4
66 69 5
66 71 4
66 74 6
66 76 4
66 77 9
66 78 3
66 79 8
66 80 9
66 81 1
66 82 4
66 83 2
66 86 5
66 89 2
66 90 6
66 92 1
66 93 10
66 94 6
66 95 5
66 96 8
66 97 9
66 98 8
66 99 7
67 68 8
67 70 4
67 71 4
67 72 6
67 73 9
67 74 1
67 75 7
67 77 6
67 80 2
67 81 1
67 82 2
67 83 3
67 84 7
67 86 2
67 87 3
67 88 3
67 89 9
67 90 6
67 91 2
67 92 3
67 93 7
67 94 7
67 97 8
67 98 2
67 99 3
68 69 4
68 70 7
68 73 10
68 74 5
68 76 9
68 77 3
68 80 1
68 81 1
68 82 9
68 83 10
68 85 2
68 86 2
68 87 2
68 89 4
68 90 5
68 91 1
68 93 4
68 95 2
68 96 7
68 97 6
68 98 4
68 99 6
69 70 4
69 73 1
69 74 7
69 75 4
69 76 2
69 77 4
69 78 5
69 79 9
69 80 3
69 82 9
69 83 4
69 84 9
69 85 5
69 86 7
69 90 2
69 92 5
69 93 9
69 94 4
69 95 7
69 97 5
69 99 9
70 72 7
70 73 1
70 74 9
70 75 1
70 77 5
70 78 4
70 79 4
70 80 3
70 82 2
70 83 3
70 86 8
70 89 10
70 90 6
70 91 3
70 92 9
70 93 9
70 94 6
70 97 7
70 98 3
70 99 6
71 72 1
71 73 2
71 74 9
71 75 8
71 76 10
71 77 10
71 78 4
71 79 8
71 80 8
71 81 2
71 82 6
71 85 4
71 86 6
71 89 7
71 90 9
71 91 9
71 92 1
71 93 9
71 94 10
71 95 7
71 97 2
72 73 10
72 74 10
72 75 8
72 77 4
72 78 3
72 79 6
72 81 6
72 83 1
72 84 10
72 85 9
72 87 3
72 88 1
72 90 3
72 91 1
72 92 4
72 93 4
72 94 4
72 95 6
72 96 4
72 98 4
72 99 10
73 74 3
73 77 2
73 80 1
73 82 5
73 83 1
73 84 9
73 85 4
73 86 5
73 87 2
73 88 7
73 89 9
73 90 7
73 92 5
73 93 6
73 94 8
73 95 10
73 96 6
73 97 8
74 75 9
74 76 3
74 77 10
74 78 1
74 79 9
74 80 6
74 83 7
74 85 6
74 86 8
74 89 2
74 92 4
74 93 6
74 95 7
74 96 7
74 97 5
74 98 4
74 99 6
75 76 3
75 77 2
75 78 1
75 79 1
75 80 3
75 81 3
75 83 1
75 84 8
75 85 1
75 87 7
75 89 2
75 91 5
75 94 7
75 96 4
75 97 10
75 98 9
75 99 1
76 77 7
76 78 7
76 79 4
76 81 4
76 82 9
76 83 3
76 85 9
76 86 10
76 87 7
76 88 2
76 89 10
76 90 5
76 91 4
76 92 1
76 93 2
76 94 7
76 95 9
76 96 2
76 98 6
76 99 8
77 80 6
77 81 4
77 82 3
77 83 5
77 84 10
77 85 4
77 86 5
77 87 10
77 88 4
77 89 8
77 90 8
77 91 4
77 92 9
77 95 2
77 96 3
77 97 5
77 98 7
78 79 9
78 81 8
78 82 10
78 83 3
78 84 8
78 85 7
78 86 2
78 90 10
78 91 9
78 92 5
78 93 5
78 94 6
78 95 6
78 97 8
78 98 1
79 81 2
79 82 8
79 83 10
79 84 6
79 85 5
79 86 7
79 87 5
79 90 2
79 91 3
79 92 2
79 93 5
79 94 5
79 95 3
79 96 6
79 97 7
80 81 4
80 82 9
80 83 9
80 84 1
80 85 6
80 87 10
80 89 2
80 90 6
80 91 10
80 92 9
80 94 7
80 95 3
80 96 1
80 97 9
80 98 2
80 99 5
81 82 8
81 84 1
81 85 6
81 86 6
81 87 6
81 88 9
81 91 9
81 92 5
81 93 9
81 95 6
81 96 4
81 97 5
81 99 8
82 83 7
82 84 6
82 87 8
82 88 8
82 89 4
82 90 3
82 92 1
82 93 6
82 94 4
82 95 4
82 96 8
82 97 10
82 98 7
82 99 2
83 84 5
83 85 4
83 86 6
83 88 2
83 89 8
83 90 2
83 92 7
83 96 8
83 97 10
83 98 3
83 99 9
84 87 8
84 88 3
84 89 1
84 90 4
84 91 5
84 92 4
84 94 6
84 95 2
84 96 4
84 97 8
84 98 9
84 99 2
85 87 4
85 88 8
85 89 1
85 90 4
85 91 2
85 92 2
85 95 7
85 96 8
85 97 8
85 98 1
85 99 1
86 87 7
86 88 1
86 89 3
86 90 6
86 92 1
86 93 7
86 96 7
86 97 3
86 98 10
87 88 9
87 89 5
87 91 6
87 93 7
87 94 3
87 95 2
87 96 6
87 97 1
87 98 1
88 90 6
88 92 3
88 93 1
88 94 5
88 95 8
88 96 9
88 97 2
88 98 5
89 94 10
89 95 8
89 96 3
89 97 10
89 99 9
90 91 6
90 92 2
90 93 6
90 94 8
90 95 9
90 96 5
90 98 8
90 99 5
91 92 9
91 94 4
91 95 6
91 96 4
91 98 5
91 99 10
92 93 2
92 94 6
92 95 3
92 96 10
92 99 5
93 95 1
93 96 1
93 97 9
93 99 5
94 96 9
94 97 3
94 98 5
95 96 6
95 97 3
95 98 9
96 97 2
96 98 3
96 99 9
97 98 7
97 99 5
98 99 6