100
0 84 77.217
0 18 89.269
0 98 22.304
1 17 48.814
1 19 49.501
1 22 79.083
2 62 61.84
2 15 26.327
2 90 93.625
3 98 27.1
3 51 83.914
3 18 92.393
4 25 16.802
4 51 52.472
5 39 93.816
5 87 15.862
6 64 82.23
6 62 48.883
7 0 67.739
7 70 39.057
8 83 8.43
8 91 51.836
9 29 97.47
9 78 21.714
10 34 65.978
10 15 14.04
11 15 0.856
11 65 70.223
12 51 28.457
12 61 58.249
13 52 85.039
13 34 83.311
14 83 87.438
14 53 98.125
15 43 77.9
15 24 40.496
16 61 78.766
16 35 4.064
17 12 33.041
17 86 88.884
18 58 40.323
18 41 98.755
19 84 57.733
19 91 54.145
20 22 76.277
20 10 1.328
21 61 14.814
21 30 64.101
22 63 85.7
22 73 68.861
23 78 77.507
23 45 2.432
24 96 33.565
24 65 89.397
25 14 92.004
25 40 21.129
26 3 10.302
26 50 18.121
27 13 66.359
27 18 51.743
28 94 71.65
28 55 40.252
29 59 61.623
29 74 73.783
30 56 97.391
30 31 34.099
31 96 21.055
31 90 64.052
32 3 24.183
32 10 14.775
33 72 77.378
33 64 91.487
34 17 20.497
34 3 60.951
35 32 96.809
35 1 20.444
36 99 89.905
36 31 30.069
37 31 4.991
37 24 47.242
38 97 84.229
38 92 53.643
39 92 86.132
39 84 18.742
40 80 6.809
40 0 88.943
41 54 63.281
41 14 60.124
42 24 92.088
42 18 1.156
43 3 32.265
43 45 32.798
44 8 32.306
44 46 74.208
45 74 30.417
45 68 14.817
46 97 97.192
46 85 44.247
47 11 33.912
47 76 91.8
48 64 51.014
48 11 65.849
49 71 32.822
49 54 0.463
50 63 82.829
50 27 69.925
51 2 43.942
51 44 10.046
52 25 21.1
52 78 56.91
53 70 21.864
53 78 98.993
54 12 37.535
54 50 71.73
55 74 84.229
55 95 7.831
56 45 79.041
56 37 74.198
57 19 4.571
57 64 92.255
58 68 69.069
58 38 63.381
59 97 11.759
59 60 7.146
60 92 79.745
60 97 41.381
61 71 60.826
61 51 41.165
62 16 73.497
62 28 77.527
63 68 96.311
63 56 30.078
64 99 81.07
64 32 67.897
65 90 50.22
65 21 35.595
66 32 91.139
66 80 63.008
67 13 21.846
67 38 0.562
68 44 84.77
68 77 58.712
69 91 11.45
69 78 88.462
70 31 33.21
70 28 49.906
71 63 10.909
71 96 30.101
72 11 36.062
72 73 46.293
73 38 47.799
73 56 23.656
74 32 73.684
74 39 13.75
75 18 40.612
75 95 6.138
76 79 30.133
76 12 93.039
77 4 15.768
77 8 52.941
78 57 79.028
78 99 82.309
79 7 87.282
79 92 11.003
80 5 77.466
80 33 50.006
81 46 46.434
81 47 27.961
82 45 23.96
82 83 57.752
83 53 25.18
83 70 32.395
84 85 33.063
84 38 84.706
85 76 18.125
85 44 33.134
86 64 75.255
86 67 38.799
87 69 40.436
87 33 33.202
88 77 67.566
88 70 98.788
89 49 35.703
89 27 70.79
90 71 44.013
90 29 48.974
91 5 82.041
91 45 64.935
92 42 74.681
92 97 35.694
93 69 21.176
93 70 54.621
94 39 53.114
94 77 93.84
95 41 8.015
95 62 26.241
96 17 15.382
96 16 39.066
97 8 84.976
97 19 57.317
98 14 42.78
98 1 95.773
99 58 75.128
99 41 51.844
