100
0 1 3
0 2 56
0 3 40
0 4 91
0 5 57
0 6 92
0 7 89
0 8 71
0 9 81
0 10 42
0 11 73
0 12 32
0 13 95
0 14 9
0 15 90
0 16 17
0 17 75
0 18 35
0 19 28
0 20 24
0 21 86
0 22 75
0 23 75
0 24 24
0 25 25
0 26 2
0 27 49
0 28 40
0 29 34
0 30 58
0 31 91
0 32 64
0 33 87
0 34 24
0 35 42
0 36 24
0 37 84
0 38 53
0 39 51
0 40 32
0 41 51
0 42 59
0 43 93
0 44 36
0 45 95
0 46 64
0 47 84
0 48 60
0 49 98
0 50 15
0 51 28
0 52 72
0 53 67
0 54 33
0 55 65
0 56 77
0 57 88
0 58 68
0 59 61
0 60 44
0 61 11
0 62 85
0 63 90
0 64 36
0 65 22
0 66 54
0 67 9
0 68 22
0 69 91
0 70 71
0 71 49
0 72 95
0 73 42
0 74 57
0 75 86
0 76 29
0 77 97
0 78 31
0 79 50
0 80 92
0 81 15
0 82 40
0 83 97
0 84 41
0 85 21
0 86 77
0 87 69
0 88 14
0 89 3
0 90 21
0 91 37
0 92 28
0 93 22
0 94 26
0 95 53
0 96 95
0 97 75
0 98 63
0 99 76
1 2 26
1 3 49
1 4 9
1 5 61
1 6 47
1 7 5
1 8 69
1 9 67
1 10 26
1 11 1
1 12 49
1 13 33
1 14 44
1 15 14
1 16 21
1 17 35
1 18 11
1 19 5
1 20 42
1 21 23
1 22 64
1 23 64
1 24 83
1 25 50
1 26 14
1 27 45
1 28 33
1 29 99
1 30 4
1 31 67
1 32 36
1 33 55
1 34 41
1 35 16
1 36 6
1 37 58
1 38 99
1 39 95
1 40 40
1 41 41
1 42 43
1 43 33
1 44 47
1 45 97
1 46 50
1 47 65
1 48 58
1 49 54
1 50 27
1 51 39
1 52 30
1 53 37
1 54 8
1 55 21
1 56 99
1 57 3
1 58 88
1 59 4
1 60 63
1 61 22
1 62 28
1 63 88
1 64 95
1 65 96
1 66 33
1 67 11
1 68 4
1 69 1
1 70 53
1 71 91
1 72 99
1 73 89
1 74 57
1 75 3
1 76 2
1 77 59
1 78 34
1 79 56
1 80 75
1 81 61
1 82 29
1 83 60
1 84 68
1 85 51
1 86 59
1 87 42
1 88 56
1 89 74
1 90 36
1 91 81
1 92 8
1 93 30
1 94 97
1 95 11
1 96 89
1 97 54
1 98 92
1 99 26
2 3 84
2 4 53
2 5 7
2 6 32
2 7 97
2 8 71
2 9 82
2 10 64
2 11 82
2 12 12
2 13 82
2 14 84
2 15 86
2 16 22
2 17 42
2 18 94
2 19 26
2 20 6
2 21 46
2 22 91
2 23 5
2 24 85
2 25 35
2 26 81
2 27 64
2 28 58
2 29 38
2 30 64
2 31 99
2 32 36
2 33 95
2 34 35
2 35 82
2 36 85
2 37 27
2 38 91
2 39 19
2 40 92
2 41 70
2 42 7
2 43 63
2 44 62
2 45 76
2 46 50
2 47 98
2 48 46
2 49 52
2 50 94
2 51 44
2 52 78
2 53 16
2 54 43
2 55 53
2 56 8
2 57 80
2 58 14
2 59 69
2 60 11
2 61 5
2 62 38
2 63 47
2 64 88
2 65 10
2 66 67
2 67 94
2 68 83
2 69 94
2 70 80
2 71 84
2 72 46
2 73 99
2 74 85
2 75 21
2 76 69
2 77 42
2 78 77
2 79 11
2 80 25
2 81 51
2 82 57
2 83 31
2 84 63
2 85 68
2 86 42
2 87 89
2 88 39
2 89 19
2 90 42
2 91 32
2 92 18
2 93 7
2 94 16
2 95 42
2 96 29
2 97 43
2 98 28
2 99 77
3 4 7
3 5 90
3 6 47
3 7 99
3 8 96
3 9 57
3 10 4
3 11 80
3 12 82
3 13 87
3 14 74
3 15 12
3 16 68
3 17 36
3 18 99
3 19 78
3 20 91
3 21 8
3 22 79
3 23 55
3 24 74
3 25 24
3 26 17
3 27 80
3 28 30
3 29 12
3 30 95
3 31 2
3 32 97
3 33 82
3 34 66
3 35 46
3 36 8
3 37 63
3 38 65
3 39 86
3 40 17
3 41 18
3 42 19
3 43 11
3 44 94
3 45 51
3 46 23
3 47 43
3 48 2
3 49 66
3 50 42
3 51 1
3 52 70
3 53 19
3 54 81
3 55 89
3 56 36
3 57 22
3 58 50
3 59 86
3 60 62
3 61 4
3 62 48
3 63 20
3 64 53
3 65 70
3 66 5
3 67 86
3 68 13
3 69 81
3 70 91
3 71 84
3 72 20
3 73 96
3 74 98
3 75 97
3 76 32
3 77 66
3 78 3
3 79 93
3 80 62
3 81 59
3 82 23
3 83 65
3 84 44
3 85 37
3 86 79
3 87 1
3 88 64
3 89 66
3 90 91
3 91 10
3 92 92
3 93 93
3 94 15
3 95 39
3 96 2
3 97 31
3 98 83
3 99 79
4 5 81
4 6 12
4 7 49
4 8 55
4 9 81
4 10 24
4 11 95
4 12 51
4 13 61
4 14 83
4 15 41
4 16 15
4 17 44
4 18 31
4 19 75
4 20 60
4 21 30
4 22 80
4 23 88
4 24 68
4 25 23
4 26 89
4 27 35
4 28 78
4 29 15
4 30 16
4 31 25
4 32 67
4 33 10
4 34 98
4 35 71
4 36 1
4 37 36
4 38 77
4 39 76
4 40 61
4 41 83
4 42 4
4 43 62
4 44 23
4 45 92
4 46 95
4 47 15
4 48 1
4 49 73
4 50 85
4 51 84
4 52 76
4 53 44
4 54 20
4 55 80
4 56 48
4 57 77
4 58 82
4 59 79
4 60 18
4 61 68
4 62 92
4 63 78
4 64 76
4 65 34
4 66 36
4 67 54
4 68 82
4 69 91
4 70 3
4 71 10
4 72 37
4 73 41
4 74 18
4 75 15
4 76 78
4 77 4
4 78 46
4 79 21
4 80 67
4 81 77
4 82 20
4 83 53
4 84 65
4 85 35
4 86 68
4 87 38
4 88 50
4 89 78
4 90 93
4 91 36
4 92 63
4 93 5
4 94 17
4 95 18
4 96 8
4 97 53
4 98 16
4 99 66
5 6 24
5 7 85
5 8 41
5 9 73
5 10 62
5 11 75
5 12 35
5 13 83
5 14 93
5 15 99
5 16 46
5 17 30
5 18 58
5 19 31
5 20 50
5 21 10
5 22 55
5 23 78
5 24 55
5 25 73
5 26 82
5 27 2
5 28 52
5 29 75
5 30 70
5 31 31
5 32 50
5 33 40
5 34 60
5 35 7
5 36 64
5 37 21
5 38 24
5 39 90
5 40 48
5 41 46
5 42 4
5 43 85
5 44 63
5 45 18
5 46 57
5 47 13
5 48 81
5 49 16
5 50 17
5 51 90
5 52 27
5 53 10
5 54 51
5 55 94
5 56 34
5 57 1
5 58 1
5 59 29
5 60 33
5 61 88
5 62 15
5 63 21
5 64 74
5 65 94
5 66 49
5 67 6
5 68 79
5 69 29
5 70 42
5 71 9
5 72 82
5 73 26
5 74 10
5 75 5
5 76 47
5 77 76
5 78 84
5 79 22
5 80 3
5 81 28
5 82 86
5 83 30
5 84 25
5 85 93
5 86 32
5 87 66
5 88 41
5 89 69
5 90 89
5 91 6
5 92 48
5 93 36
5 94 29
5 95 82
5 96 86
5 97 49
5 98 33
5 99 56
6 7 54
6 8 9
6 9 96
6 10 93
6 11 55
6 12 48
6 13 34
6 14 55
6 15 15
6 16 7
6 17 52
6 18 59
6 19 29
6 20 99
6 21 14
6 22 86
6 23 29
6 24 99
6 25 4
6 26 11
6 27 43
6 28 25
6 29 46
6 30 4
6 31 65
6 32 30
6 33 51
6 34 54
6 35 86
6 36 96
6 37 34
6 38 64
6 39 67
6 40 1
6 41 59
6 42 82
6 43 69
6 44 40
6 45 49
6 46 16
6 47 96
6 48 47
6 49 22
6 50 4
6 51 73
6 52 36
6 53 44
6 54 28
6 55 80
6 56 74
6 57 3
6 58 45
6 59 22
6 60 11
6 61 85
6 62 3
6 63 18
6 64 38
6 65 63
6 66 3
6 67 22
6 68 41
6 69 73
6 70 5
6 71 72
6 72 42
6 73 85
6 74 10
6 75 47
6 76 26
6 77 17
6 78 94
6 79 75
6 80 63
6 81 53
6 82 77
6 83 11
6 84 69
6 85 30
6 86 81
6 87 83
6 88 49
6 89 34
6 90 13
6 91 65
6 92 80
6 93 39
6 94 9
6 95 2
6 96 65
6 97 93
6 98 95
6 99 75
7 8 16
7 9 19
7 10 5
7 11 78
7 12 82
7 13 89
7 14 46
7 15 46
7 16 1
7 17 86
7 18 77
7 19 11
7 20 29
7 21 72
7 22 33
7 23 58
7 24 83
7 25 17
7 26 90
7 27 64
7 28 76
7 29 56
7 30 55
7 31 87
7 32 22
7 33 94
7 34 51
7 35 39
7 36 70
7 37 58
7 38 45
7 39 40
7 40 54
7 41 37
7 42 46
7 43 31
7 44 55
7 45 89
7 46 30
7 47 88
7 48 13
7 49 81
7 50 71
7 51 81
7 52 95
7 53 82
7 54 70
7 55 86
7 56 80
7 57 53
7 58 11
7 59 11
7 60 78
7 61 48
7 62 64
7 63 38
7 64 45
7 65 60
7 66 75
7 67 63
7 68 43
7 69 63
7 70 74
7 71 35
7 72 8
7 73 62
7 74 45
7 75 57
7 76 23
7 77 26
7 78 98
7 79 88
7 80 38
7 81 8
7 82 35
7 83 63
7 84 81
7 85 7
7 86 30
7 87 73
7 88 61
7 89 98
7 90 56
7 91 56
7 92 25
7 93 7
7 94 2
7 95 75
7 96 90
7 97 3
7 98 60
7 99 86
8 9 44
8 10 32
8 11 38
8 12 9
8 13 39
8 14 2
8 15 22
8 16 29
8 17 96
8 18 97
8 19 32
8 20 68
8 21 78
8 22 22
8 23 43
8 24 82
8 25 34
8 26 50
8 27 55
8 28 66
8 29 24
8 30 87
8 31 74
8 32 28
8 33 10
8 34 8
8 35 6
8 36 97
8 37 5
8 38 82
8 39 63
8 40 7
8 41 67
8 42 47
8 43 94
8 44 36
8 45 22
8 46 14
8 47 5
8 48 11
8 49 68
8 50 63
8 51 6
8 52 76
8 53 57
8 54 6
8 55 51
8 56 67
8 57 20
8 58 15
8 59 50
8 60 44
8 61 17
8 62 25
8 63 80
8 64 99
8 65 26
8 66 23
8 67 63
8 68 37
8 69 59
8 70 57
8 71 66
8 72 46
8 73 99
8 74 21
8 75 70
8 76 55
8 77 73
8 78 26
8 79 70
8 80 36
8 81 55
8 82 24
8 83 61
8 84 29
8 85 67
8 86 65
8 87 26
8 88 11
8 89 18
8 90 48
8 91 63
8 92 20
8 93 50
8 94 18
8 95 89
8 96 10
8 97 66
8 98 26
8 99 12
9 10 44
9 11 37
9 12 92
9 13 19
9 14 81
9 15 21
9 16 72
9 17 61
9 18 65
9 19 48
9 20 55
9 21 4
9 22 37
9 23 54
9 24 61
9 25 42
9 26 72
9 27 22
9 28 13
9 29 98
9 30 88
9 31 45
9 32 92
9 33 55
9 34 65
9 35 10
9 36 35
9 37 12
9 38 71
9 39 65
9 40 46
9 41 44
9 42 97
9 43 64
9 44 45
9 45 31
9 46 42
9 47 35
9 48 59
9 49 61
9 50 22
9 51 72
9 52 35
9 53 85
9 54 65
9 55 44
9 56 10
9 57 32
9 58 9
9 59 42
9 60 20
9 61 38
9 62 45
9 63 8
9 64 50
9 65 33
9 66 92
9 67 74
9 68 17
9 69 15
9 70 96
9 71 20
9 72 10
9 73 64
9 74 51
9 75 91
9 76 32
9 77 19
9 78 49
9 79 9
9 80 72
9 81 15
9 82 40
9 83 62
9 84 11
9 85 86
9 86 41
9 87 92
9 88 47
9 89 76
9 90 88
9 91 5
9 92 36
9 93 24
9 94 66
9 95 67
9 96 9
9 97 45
9 98 60
9 99 34
10 11 41
10 12 85
10 13 27
10 14 95
10 15 19
10 16 33
10 17 40
10 18 34
10 19 73
10 20 6
10 21 14
10 22 15
10 23 18
10 24 35
10 25 22
10 26 73
10 27 83
10 28 69
10 29 94
10 30 86
10 31 70
10 32 5
10 33 58
10 34 97
10 35 44
10 36 68
10 37 59
10 38 69
10 39 68
10 40 84
10 41 3
10 42 4
10 43 70
10 44 6
10 45 28
10 46 6
10 47 50
10 48 27
10 49 75
10 50 75
10 51 18
10 52 52
10 53 19
10 54 61
10 55 40
10 56 45
10 57 24
10 58 1
10 59 97
10 60 1
10 61 40
10 62 90
10 63 30
10 64 9
10 65 94
10 66 64
10 67 48
10 68 39
10 69 54
10 70 8
10 71 60
10 72 23
10 73 94
10 74 64
10 75 51
10 76 39
10 77 66
10 78 39
10 79 48
10 80 31
10 81 57
10 82 93
10 83 57
10 84 41
10 85 97
10 86 53
10 87 90
10 88 7
10 89 23
10 90 32
10 91 56
10 92 14
10 93 14
10 94 9
10 95 80
10 96 13
10 97 51
10 98 86
10 99 61
11 12 96
11 13 96
11 14 57
11 15 11
11 16 8
11 17 64
11 18 92
11 19 35
11 20 18
11 21 85
11 22 44
11 23 26
11 24 36
11 25 6
11 26 39
11 27 88
11 28 37
11 29 90
11 30 84
11 31 95
11 32 96
11 33 8
11 34 29
11 35 23
11 36 45
11 37 56
11 38 48
11 39 50
11 40 96
11 41 70
11 42 66
11 43 98
11 44 56
11 45 84
11 46 4
11 47 82
11 48 35
11 49 76
11 50 17
11 51 38
11 52 24
11 53 68
11 54 60
11 55 79
11 56 55
11 57 86
11 58 2
11 59 43
11 60 94
11 61 20
11 62 46
11 63 63
11 64 83
11 65 34
11 66 86
11 67 49
11 68 37
11 69 60
11 70 12
11 71 60
11 72 15
11 73 48
11 74 24
11 75 67
11 76 60
11 77 25
11 78 45
11 79 69
11 80 85
11 81 78
11 82 28
11 83 78
11 84 55
11 85 33
11 86 99
11 87 88
11 88 45
11 89 11
11 90 45
11 91 36
11 92 23
11 93 64
11 94 51
11 95 33
11 96 99
11 97 47
11 98 20
11 99 87
12 13 7
12 14 18
12 15 60
12 16 11
12 17 58
12 18 92
12 19 75
12 20 22
12 21 88
12 22 20
12 23 41
12 24 15
12 25 3
12 26 98
12 27 30
12 28 68
12 29 65
12 30 27
12 31 90
12 32 78
12 33 57
12 34 59
12 35 47
12 36 47
12 37 36
12 38 13
12 39 79
12 40 63
12 41 14
12 42 4
12 43 96
12 44 4
12 45 2
12 46 80
12 47 82
12 48 88
12 49 53
12 50 15
12 51 85
12 52 50
12 53 98
12 54 19
12 55 31
12 56 67
12 57 98
12 58 51
12 59 10
12 60 37
12 61 52
12 62 2
12 63 53
12 64 73
12 65 31
12 66 42
12 67 76
12 68 67
12 69 83
12 70 62
12 71 7
12 72 30
12 73 51
12 74 55
12 75 99
12 76 46
12 77 9
12 78 99
12 79 83
12 80 80
12 81 78
12 82 69
12 83 32
12 84 48
12 85 67
12 86 18
12 87 55
12 88 30
12 89 26
12 90 55
12 91 98
12 92 78
12 93 90
12 94 31
12 95 6
12 96 18
12 97 32
12 98 46
12 99 4
13 14 39
13 15 65
13 16 82
13 17 13
13 18 48
13 19 26
13 20 91
13 21 81
13 22 96
13 23 77
13 24 86
13 25 45
13 26 55
13 27 8
13 28 68
13 29 85
13 30 43
13 31 51
13 32 42
13 33 25
13 34 11
13 35 83
13 36 16
13 37 62
13 38 50
13 39 29
13 40 49
13 41 42
13 42 65
13 43 68
13 44 76
13 45 86
13 46 80
13 47 24
13 48 86
13 49 96
13 50 81
13 51 84
13 52 16
13 53 53
13 54 63
13 55 25
13 56 35
13 57 5
13 58 47
13 59 1
13 60 26
13 61 64
13 62 3
13 63 64
13 64 67
13 65 82
13 66 31
13 67 82
13 68 54
13 69 49
13 70 13
13 71 57
13 72 20
13 73 82
13 74 86
13 75 26
13 76 96
13 77 55
13 78 7
13 79 4
13 80 54
13 81 72
13 82 85
13 83 58
13 84 30
13 85 56
13 86 3
13 87 79
13 88 52
13 89 97
13 90 35
13 91 4
13 92 29
13 93 66
13 94 73
13 95 21
13 96 68
13 97 15
13 98 67
13 99 61
14 15 96
14 16 23
14 17 24
14 18 34
14 19 37
14 20 9
14 21 8
14 22 55
14 23 74
14 24 88
14 25 32
14 26 54
14 27 9
14 28 94
14 29 29
14 30 24
14 31 94
14 32 38
14 33 63
14 34 70
14 35 8
14 36 24
14 37 29
14 38 73
14 39 89
14 40 3
14 41 70
14 42 85
14 43 42
14 44 50
14 45 25
14 46 28
14 47 21
14 48 83
14 49 79
14 50 57
14 51 38
14 52 60
14 53 48
14 54 79
14 55 17
14 56 71
14 57 75
14 58 63
14 59 34
14 60 76
14 61 18
14 62 74
14 63 44
14 64 1
14 65 84
14 66 16
14 67 17
14 68 90
14 69 99
14 70 64
14 71 31
14 72 58
14 73 19
14 74 45
14 75 77
14 76 44
14 77 90
14 78 93
14 79 65
14 80 90
14 81 76
14 82 98
14 83 70
14 84 42
14 85 55
14 86 38
14 87 50
14 88 67
14 89 22
14 90 99
14 91 28
14 92 13
14 93 11
14 94 81
14 95 98
14 96 92
14 97 92
14 98 40
14 99 16
15 16 96
15 17 42
15 18 91
15 19 2
15 20 36
15 21 59
15 22 44
15 23 74
15 24 73
15 25 92
15 26 50
15 27 84
15 28 62
15 29 64
15 30 17
15 31 67
15 32 93
15 33 68
15 34 85
15 35 81
15 36 56
15 37 93
15 38 67
15 39 72
15 40 25
15 41 16
15 42 33
15 43 83
15 44 48
15 45 73
15 46 81
15 47 86
15 48 22
15 49 8
15 50 92
15 51 15
15 52 89
15 53 45
15 54 9
15 55 9
15 56 64
15 57 79
15 58 53
15 59 38
15 60 66
15 61 43
15 62 79
15 63 61
15 64 47
15 65 1
15 66 44
15 67 53
15 68 82
15 69 89
15 70 66
15 71 91
15 72 16
15 73 12
15 74 31
15 75 12
15 76 98
15 77 99
15 78 77
15 79 55
15 80 13
15 81 17
15 82 78
15 83 16
15 84 64
15 85 47
15 86 60
15 87 99
15 88 43
15 89 29
15 90 64
15 91 83
15 92 40
15 93 60
15 94 78
15 95 35
15 96 27
15 97 13
15 98 84
15 99 51
16 17 75
16 18 45
16 19 84
16 20 80
16 21 27
16 22 65
16 23 15
16 24 69
16 25 76
16 26 37
16 27 80
16 28 50
16 29 80
16 30 13
16 31 38
16 32 32
16 33 3
16 34 9
16 35 24
16 36 61
16 37 86
16 38 79
16 39 97
16 40 7
16 41 44
16 42 94
16 43 35
16 44 16
16 45 11
16 46 40
16 47 69
16 48 22
16 49 17
16 50 7
16 51 21
16 52 67
16 53 34
16 54 78
16 55 12
16 56 69
16 57 36
16 58 85
16 59 23
16 60 50
16 61 35
16 62 80
16 63 17
16 64 2
16 65 77
16 66 39
16 67 83
16 68 19
16 69 78
16 70 44
16 71 53
16 72 7
16 73 70
16 74 6
16 75 8
16 76 93
16 77 24
16 78 43
16 79 77
16 80 2
16 81 50
16 82 77
16 83 98
16 84 62
16 85 34
16 86 17
16 87 46
16 88 95
16 89 33
16 90 85
16 91 88
16 92 75
16 93 53
16 94 49
16 95 19
16 96 11
16 97 16
16 98 23
16 99 28
17 18 74
17 19 21
17 20 10
17 21 71
17 22 57
17 23 38
17 24 61
17 25 93
17 26 60
17 27 64
17 28 13
17 29 95
17 30 56
17 31 17
17 32 75
17 33 20
17 34 37
17 35 23
17 36 66
17 37 65
17 38 27
17 39 67
17 40 94
17 41 23
17 42 41
17 43 27
17 44 46
17 45 16
17 46 93
17 47 95
17 48 98
17 49 68
17 50 8
17 51 93
17 52 96
17 53 52
17 54 68
17 55 61
17 56 33
17 57 87
17 58 22
17 59 74
17 60 24
17 61 80
17 62 93
17 63 40
17 64 41
17 65 52
17 66 21
17 67 29
17 68 85
17 69 70
17 70 65
17 71 69
17 72 89
17 73 65
17 74 98
17 75 1
17 76 67
17 77 76
17 78 8
17 79 45
17 80 74
17 81 57
17 82 79
17 83 20
17 84 47
17 85 72
17 86 17
17 87 37
17 88 47
17 89 84
17 90 2
17 91 50
17 92 85
17 93 39
17 94 94
17 95 34
17 96 17
17 97 68
17 98 84
17 99 58
18 19 82
18 20 21
18 21 3
18 22 79
18 23 65
18 24 50
18 25 64
18 26 31
18 27 95
18 28 16
18 29 4
18 30 63
18 31 50
18 32 32
18 33 73
18 34 32
18 35 75
18 36 18
18 37 65
18 38 15
18 39 28
18 40 14
18 41 45
18 42 90
18 43 5
18 44 25
18 45 95
18 46 96
18 47 53
18 48 83
18 49 19
18 50 51
18 51 5
18 52 81
18 53 36
18 54 36
18 55 16
18 56 28
18 57 99
18 58 22
18 59 48
18 60 2
18 61 16
18 62 30
18 63 71
18 64 78
18 65 64
18 66 63
18 67 98
18 68 47
18 69 74
18 70 55
18 71 36
18 72 17
18 73 57
18 74 85
18 75 66
18 76 5
18 77 18
18 78 89
18 79 66
18 80 48
18 81 4
18 82 80
18 83 16
18 84 1
18 85 37
18 86 16
18 87 37
18 88 44
18 89 21
18 90 15
18 91 51
18 92 58
18 93 56
18 94 54
18 95 54
18 96 85
18 97 24
18 98 5
18 99 62
19 20 50
19 21 65
19 22 26
19 23 33
19 24 85
19 25 98
19 26 65
19 27 43
19 28 67
19 29 55
19 30 49
19 31 46
19 32 15
19 33 33
19 34 2
19 35 25
19 36 76
19 37 61
19 38 89
19 39 67
19 40 15
19 41 11
19 42 46
19 43 26
19 44 92
19 45 28
19 46 99
19 47 48
19 48 38
19 49 9
19 50 8
19 51 95
19 52 92
19 53 93
19 54 92
19 55 31
19 56 65
19 57 20
19 58 34
19 59 34
19 60 32
19 61 88
19 62 94
19 63 54
19 64 40
19 65 94
19 66 91
19 67 48
19 68 94
19 69 60
19 70 47
19 71 41
19 72 92
19 73 22
19 74 41
19 75 94
19 76 98
19 77 70
19 78 15
19 79 43
19 80 2
19 81 69
19 82 20
19 83 38
19 84 61
19 85 46
19 86 7
19 87 47
19 88 67
19 89 45
19 90 43
19 91 67
19 92 48
19 93 70
19 94 12
19 95 26
19 96 75
19 97 99
19 98 83
19 99 68
20 21 9
20 22 31
20 23 31
20 24 2
20 25 40
20 26 45
20 27 70
20 28 46
20 29 51
20 30 5
20 31 48
20 32 95
20 33 1
20 34 56
20 35 42
20 36 50
20 37 25
20 38 99
20 39 24
20 40 41
20 41 50
20 42 6
20 43 19
20 44 58
20 45 84
20 46 58
20 47 12
20 48 93
20 49 83
20 50 68
20 51 30
20 52 79
20 53 6
20 54 27
20 55 32
20 56 14
20 57 35
20 58 39
20 59 97
20 60 81
20 61 46
20 62 22
20 63 42
20 64 55
20 65 97
20 66 23
20 67 2
20 68 93
20 69 50
20 70 14
20 71 88
20 72 37
20 73 90
20 74 71
20 75 94
20 76 51
20 77 1
20 78 35
20 79 98
20 80 81
20 81 75
20 82 90
20 83 49
20 84 65
20 85 9
20 86 49
20 87 67
20 88 28
20 89 20
20 90 72
20 91 3
20 92 26
20 93 45
20 94 76
20 95 32
20 96 24
20 97 98
20 98 76
20 99 50
21 22 46
21 23 15
21 24 63
21 25 16
21 26 88
21 27 70
21 28 10
21 29 43
21 30 22
21 31 2
21 32 34
21 33 10
21 34 31
21 35 60
21 36 27
21 37 53
21 38 65
21 39 81
21 40 78
21 41 49
21 42 9
21 43 90
21 44 26
21 45 24
21 46 67
21 47 76
21 48 9
21 49 50
21 50 61
21 51 41
21 52 39
21 53 37
21 54 10
21 55 60
21 56 98
21 57 5
21 58 66
21 59 42
21 60 44
21 61 70
21 62 84
21 63 95
21 64 46
21 65 62
21 66 39
21 67 89
21 68 89
21 69 38
21 70 25
21 71 9
21 72 25
21 73 50
21 74 27
21 75 15
21 76 32
21 77 33
21 78 61
21 79 80
21 80 11
21 81 22
21 82 65
21 83 15
21 84 99
21 85 60
21 86 38
21 87 18
21 88 7
21 89 77
21 90 15
21 91 11
21 92 77
21 93 46
21 94 8
21 95 82
21 96 61
21 97 81
21 98 5
21 99 72
22 23 23
22 24 63
22 25 28
22 26 37
22 27 94
22 28 43
22 29 45
22 30 49
22 31 3
22 32 85
22 33 35
22 34 16
22 35 44
22 36 67
22 37 60
22 38 58
22 39 97
22 40 57
22 41 16
22 42 43
22 43 81
22 44 46
22 45 22
22 46 86
22 47 86
22 48 17
22 49 74
22 50 27
22 51 3
22 52 59
22 53 37
22 54 22
22 55 97
22 56 21
22 57 79
22 58 21
22 59 16
22 60 15
22 61 51
22 62 45
22 63 48
22 64 45
22 65 99
22 66 56
22 67 96
22 68 72
22 69 79
22 70 45
22 71 76
22 72 39
22 73 42
22 74 4
22 75 67
22 76 78
22 77 80
22 78 85
22 79 64
22 80 49
22 81 77
22 82 76
22 83 25
22 84 14
22 85 81
22 86 67
22 87 42
22 88 36
22 89 24
22 90 6
22 91 53
22 92 99
22 93 69
22 94 10
22 95 23
22 96 85
22 97 13
22 98 17
22 99 93
23 24 81
23 25 47
23 26 30
23 27 87
23 28 30
23 29 62
23 30 73
23 31 11
23 32 19
23 33 51
23 34 94
23 35 2
23 36 87
23 37 82
23 38 34
23 39 8
23 40 54
23 41 2
23 42 61
23 43 97
23 44 41
23 45 81
23 46 95
23 47 57
23 48 90
23 49 62
23 50 5
23 51 34
23 52 28
23 53 80
23 54 17
23 55 65
23 56 19
23 57 83
23 58 68
23 59 69
23 60 17
23 61 62
23 62 68
23 63 97
23 64 40
23 65 73
23 66 24
23 67 71
23 68 1
23 69 83
23 70 95
23 71 79
23 72 3
23 73 43
23 74 70
23 75 84
23 76 76
23 77 93
23 78 57
23 79 29
23 80 82
23 81 2
23 82 74
23 83 23
23 84 67
23 85 66
23 86 7
23 87 12
23 88 97
23 89 83
23 90 34
23 91 29
23 92 72
23 93 18
23 94 85
23 95 91
23 96 57
23 97 57
23 98 9
23 99 17
24 25 13
24 26 2
24 27 94
24 28 12
24 29 4
24 30 12
24 31 3
24 32 95
24 33 53
24 34 99
24 35 49
24 36 6
24 37 73
24 38 59
24 39 13
24 40 66
24 41 13
24 42 60
24 43 46
24 44 33
24 45 77
24 46 34
24 47 61
24 48 68
24 49 83
24 50 52
24 51 10
24 52 19
24 53 54
24 54 64
24 55 66
24 56 59
24 57 10
24 58 62
24 59 93
24 60 48
24 61 17
24 62 42
24 63 14
24 64 36
24 65 19
24 66 50
24 67 6
24 68 22
24 69 88
24 70 62
24 71 30
24 72 98
24 73 93
24 74 45
24 75 65
24 76 76
24 77 74
24 78 87
24 79 91
24 80 25
24 81 50
24 82 53
24 83 56
24 84 36
24 85 62
24 86 13
24 87 52
24 88 74
24 89 9
24 90 18
24 91 82
24 92 28
24 93 63
24 94 42
24 95 53
24 96 48
24 97 66
24 98 48
24 99 60
25 26 12
25 27 37
25 28 76
25 29 37
25 30 61
25 31 58
25 32 22
25 33 78
25 34 63
25 35 90
25 36 66
25 37 5
25 38 56
25 39 13
25 40 27
25 41 25
25 42 38
25 43 96
25 44 37
25 45 49
25 46 88
25 47 20
25 48 10
25 49 69
25 50 63
25 51 52
25 52 19
25 53 35
25 54 38
25 55 19
25 56 62
25 57 49
25 58 54
25 59 61
25 60 47
25 61 58
25 62 65
25 63 12
25 64 6
25 65 95
25 66 62
25 67 22
25 68 1
25 69 40
25 70 5
25 71 54
25 72 10
25 73 53
25 74 47
25 75 82
25 76 71
25 77 29
25 78 94
25 79 58
25 80 58
25 81 69
25 82 97
25 83 55
25 84 15
25 85 65
25 86 68
25 87 56
25 88 64
25 89 56
25 90 52
25 91 59
25 92 95
25 93 42
25 94 9
25 95 72
25 96 22
25 97 71
25 98 40
25 99 65
26 27 16
26 28 61
26 29 47
26 30 76
26 31 30
26 32 69
26 33 82
26 34 82
26 35 54
26 36 94
26 37 53
26 38 81
26 39 29
26 40 4
26 41 74
26 42 24
26 43 5
26 44 99
26 45 75
26 46 18
26 47 51
26 48 38
26 49 19
26 50 82
26 51 92
26 52 67
26 53 48
26 54 7
26 55 31
26 56 90
26 57 11
26 58 46
26 59 78
26 60 62
26 61 50
26 62 54
26 63 16
26 64 25
26 65 88
26 66 56
26 67 38
26 68 88
26 69 39
26 70 81
26 71 70
26 72 44
26 73 92
26 74 26
26 75 91
26 76 8
26 77 79
26 78 75
26 79 42
26 80 46
26 81 9
26 82 63
26 83 5
26 84 53
26 85 82
26 86 38
26 87 21
26 88 84
26 89 12
26 90 38
26 91 49
26 92 2
26 93 77
26 94 94
26 95 7
26 96 87
26 97 2
26 98 90
26 99 79
27 28 58
27 29 78
27 30 56
27 31 77
27 32 87
27 33 47
27 34 91
27 35 79
27 36 92
27 37 51
27 38 6
27 39 73
27 40 41
27 41 78
27 42 68
27 43 38
27 44 40
27 45 26
27 46 89
27 47 80
27 48 16
27 49 32
27 50 88
27 51 57
27 52 86
27 53 1
27 54 78
27 55 99
27 56 89
27 57 31
27 58 28
27 59 19
27 60 96
27 61 1
27 62 22
27 63 72
27 64 62
27 65 8
27 66 2
27 67 50
27 68 55
27 69 23
27 70 29
27 71 58
27 72 69
27 73 43
27 74 5
27 75 90
27 76 5
27 77 23
27 78 63
27 79 71
27 80 94
27 81 41
27 82 73
27 83 88
27 84 12
27 85 95
27 86 27
27 87 10
27 88 66
27 89 72
27 90 81
27 91 80
27 92 60
27 93 13
27 94 78
27 95 44
27 96 82
27 97 50
27 98 75
27 99 49
28 29 97
28 30 92
28 31 46
28 32 67
28 33 80
28 34 5
28 35 18
28 36 82
28 37 84
28 38 88
28 39 97
28 40 46
28 41 48
28 42 16
28 43 34
28 44 97
28 45 61
28 46 44
28 47 53
28 48 71
28 49 15
28 50 17
28 51 84
28 52 42
28 53 28
28 54 68
28 55 2
28 56 3
28 57 36
28 58 64
28 59 37
28 60 40
28 61 96
28 62 49
28 63 94
28 64 16
28 65 79
28 66 26
28 67 95
28 68 12
28 69 8
28 70 59
28 71 96
28 72 29
28 73 44
28 74 8
28 75 73
28 76 59
28 77 18
28 78 36
28 79 25
28 80 79
28 81 20
28 82 35
28 83 83
28 84 42
28 85 26
28 86 5
28 87 5
28 88 47
28 89 92
28 90 73
28 91 79
28 92 74
28 93 32
28 94 76
28 95 70
28 96 39
28 97 83
28 98 25
28 99 58
29 30 65
29 31 50
29 32 50
29 33 75
29 34 23
29 35 48
29 36 79
29 37 57
29 38 1
29 39 32
29 40 16
29 41 8
29 42 52
29 43 50
29 44 17
29 45 98
29 46 65
29 47 86
29 48 28
29 49 84
29 50 74
29 51 67
29 52 75
29 53 1
29 54 99
29 55 50
29 56 36
29 57 63
29 58 16
29 59 61
29 60 29
29 61 9
29 62 23
29 63 12
29 64 81
29 65 97
29 66 79
29 67 18
29 68 2
29 69 90
29 70 72
29 71 50
29 72 17
29 73 73
29 74 30
29 75 26
29 76 93
29 77 33
29 78 17
29 79 78
29 80 63
29 81 62
29 82 69
29 83 82
29 84 85
29 85 82
29 86 29
29 87 8
29 88 50
29 89 77
29 90 85
29 91 47
29 92 45
29 93 17
29 94 61
29 95 17
29 96 4
29 97 81
29 98 98
29 99 21
30 31 96
30 32 7
30 33 27
30 34 13
30 35 18
30 36 52
30 37 75
30 38 65
30 39 58
30 40 32
30 41 81
30 42 82
30 43 47
30 44 20
30 45 17
30 46 16
30 47 26
30 48 53
30 49 31
30 50 89
30 51 42
30 52 68
30 53 74
30 54 63
30 55 47
30 56 48
30 57 45
30 58 34
30 59 57
30 60 96
30 61 40
30 62 87
30 63 94
30 64 80
30 65 6
30 66 42
30 67 14
30 68 85
30 69 11
30 70 11
30 71 96
30 72 78
30 73 15
30 74 68
30 75 75
30 76 36
30 77 69
30 78 57
30 79 86
30 80 72
30 81 92
30 82 3
30 83 3
30 84 74
30 85 11
30 86 3
30 87 68
30 88 78
30 89 89
30 90 51
30 91 33
30 92 29
30 93 56
30 94 15
30 95 25
30 96 37
30 97 32
30 98 38
30 99 62
31 32 11
31 33 85
31 34 78
31 35 18
31 36 37
31 37 49
31 38 84
31 39 47
31 40 73
31 41 41
31 42 88
31 43 13
31 44 84
31 45 83
31 46 58
31 47 27
31 48 41
31 49 48
31 50 33
31 51 97
31 52 86
31 53 56
31 54 22
31 55 83
31 56 79
31 57 20
31 58 97
31 59 32
31 60 65
31 61 6
31 62 84
31 63 48
31 64 13
31 65 28
31 66 79
31 67 90
31 68 20
31 69 9
31 70 18
31 71 1
31 72 42
31 73 83
31 74 24
31 75 63
31 76 31
31 77 65
31 78 9
31 79 12
31 80 40
31 81 77
31 82 20
31 83 44
31 84 56
31 85 78
31 86 15
31 87 1
31 88 69
31 89 19
31 90 19
31 91 12
31 92 11
31 93 77
31 94 23
31 95 1
31 96 10
31 97 55
31 98 95
31 99 51
32 33 35
32 34 56
32 35 87
32 36 99
32 37 22
32 38 47
32 39 73
32 40 94
32 41 27
32 42 28
32 43 93
32 44 17
32 45 93
32 46 76
32 47 44
32 48 81
32 49 28
32 50 21
32 51 18
32 52 35
32 53 33
32 54 66
32 55 56
32 56 15
32 57 88
32 58 71
32 59 91
32 60 13
32 61 17
32 62 77
32 63 82
32 64 30
32 65 43
32 66 86
32 67 34
32 68 85
32 69 66
32 70 66
32 71 66
32 72 45
32 73 77
32 74 90
32 75 51
32 76 46
32 77 18
32 78 2
32 79 16
32 80 11
32 81 15
32 82 27
32 83 10
32 84 37
32 85 19
32 86 19
32 87 26
32 88 20
32 89 7
32 90 71
32 91 75
32 92 31
32 93 42
32 94 43
32 95 58
32 96 63
32 97 74
32 98 51
32 99 76
33 34 97
33 35 35
33 36 50
33 37 90
33 38 99
33 39 85
33 40 98
33 41 12
33 42 98
33 43 29
33 44 31
33 45 21
33 46 65
33 47 81
33 48 26
33 49 73
33 50 25
33 51 88
33 52 66
33 53 5
33 54 59
33 55 93
33 56 55
33 57 19
33 58 2
33 59 25
33 60 93
33 61 19
33 62 42
33 63 35
33 64 16
33 65 30
33 66 4
33 67 33
33 68 78
33 69 8
33 70 52
33 71 26
33 72 22
33 73 93
33 74 22
33 75 65
33 76 4
33 77 90
33 78 13
33 79 85
33 80 58
33 81 88
33 82 20
33 83 85
33 84 29
33 85 65
33 86 85
33 87 18
33 88 49
33 89 55
33 90 91
33 91 48
33 92 48
33 93 77
33 94 67
33 95 11
33 96 55
33 97 48
33 98 95
33 99 44
34 35 18
34 36 93
34 37 41
34 38 24
34 39 43
34 40 29
34 41 48
34 42 89
34 43 43
34 44 67
34 45 55
34 46 15
34 47 5
34 48 78
34 49 47
34 50 68
34 51 4
34 52 86
34 53 66
34 54 69
34 55 26
34 56 83
34 57 38
34 58 66
34 59 37
34 60 99
34 61 83
34 62 44
34 63 72
34 64 6
34 65 46
34 66 53
34 67 5
34 68 67
34 69 17
34 70 12
34 71 19
34 72 27
34 73 36
34 74 1
34 75 26
34 76 71
34 77 75
34 78 61
34 79 32
34 80 65
34 81 19
34 82 59
34 83 67
34 84 97
34 85 14
34 86 45
34 87 35
34 88 75
34 89 69
34 90 30
34 91 43
34 92 23
34 93 96
34 94 48
34 95 86
34 96 85
34 97 14
34 98 21
34 99 44
35 36 61
35 37 88
35 38 28
35 39 36
35 40 13
35 41 4
35 42 34
35 43 70
35 44 66
35 45 64
35 46 40
35 47 47
35 48 13
35 49 64
35 50 78
35 51 15
35 52 47
35 53 74
35 54 2
35 55 65
35 56 79
35 57 10
35 58 72
35 59 45
35 60 5
35 61 1
35 62 80
35 63 39
35 64 85
35 65 63
35 66 9
35 67 97
35 68 5
35 69 43
35 70 22
35 71 77
35 72 68
35 73 60
35 74 78
35 75 91
35 76 25
35 77 10
35 78 32
35 79 81
35 80 19
35 81 87
35 82 66
35 83 48
35 84 73
35 85 25
35 86 82
35 87 77
35 88 52
35 89 32
35 90 71
35 91 40
35 92 14
35 93 64
35 94 51
35 95 37
35 96 25
35 97 38
35 98 58
35 99 29
36 37 41
36 38 51
36 39 13
36 40 2
36 41 19
36 42 1
36 43 38
36 44 43
36 45 40
36 46 93
36 47 98
36 48 85
36 49 58
36 50 32
36 51 60
36 52 38
36 53 34
36 54 3
36 55 80
36 56 3
36 57 7
36 58 72
36 59 48
36 60 41
36 61 97
36 62 76
36 63 46
36 64 83
36 65 57
36 66 88
36 67 10
36 68 56
36 69 7
36 70 27
36 71 92
36 72 26
36 73 34
36 74 56
36 75 23
36 76 18
36 77 78
36 78 62
36 79 68
36 80 7
36 81 49
36 82 43
36 83 7
36 84 8
36 85 81
36 86 88
36 87 22
36 88 49
36 89 95
36 90 80
36 91 3
36 92 93
36 93 15
36 94 28
36 95 80
36 96 48
36 97 75
36 98 66
36 99 79
37 38 91
37 39 86
37 40 33
37 41 5
37 42 93
37 43 93
37 44 16
37 45 69
37 46 87
37 47 11
37 48 99
37 49 16
37 50 5
37 51 86
37 52 38
37 53 66
37 54 46
37 55 33
37 56 8
37 57 40
37 58 26
37 59 5
37 60 42
37 61 26
37 62 28
37 63 3
37 64 40
37 65 57
37 66 3
37 67 79
37 68 69
37 69 78
37 70 72
37 71 40
37 72 75
37 73 65
37 74 93
37 75 87
37 76 46
37 77 5
37 78 9
37 79 19
37 80 90
37 81 66
37 82 16
37 83 46
37 84 65
37 85 82
37 86 8
37 87 49
37 88 5
37 89 25
37 90 69
37 91 11
37 92 18
37 93 43
37 94 86
37 95 1
37 96 67
37 97 65
37 98 11
37 99 77
38 39 7
38 40 87
38 41 22
38 42 64
38 43 43
38 44 96
38 45 12
38 46 42
38 47 58
38 48 73
38 49 20
38 50 92
38 51 79
38 52 31
38 53 13
38 54 45
38 55 90
38 56 42
38 57 86
38 58 5
38 59 29
38 60 51
38 61 82
38 62 56
38 63 98
38 64 74
38 65 52
38 66 41
38 67 85
38 68 53
38 69 18
38 70 88
38 71 4
38 72 80
38 73 48
38 74 19
38 75 65
38 76 54
38 77 21
38 78 33
38 79 94
38 80 64
38 81 79
38 82 61
38 83 74
38 84 5
38 85 42
38 86 89
38 87 18
38 88 28
38 89 13
38 90 97
38 91 97
38 92 20
38 93 51
38 94 17
38 95 90
38 96 23
38 97 51
38 98 67
38 99 95
39 40 89
39 41 17
39 42 75
39 43 93
39 44 60
39 45 69
39 46 65
39 47 39
39 48 26
39 49 24
39 50 47
39 51 71
39 52 44
39 53 95
39 54 33
39 55 31
39 56 44
39 57 43
39 58 90
39 59 21
39 60 52
39 61 63
39 62 15
39 63 59
39 64 62
39 65 6
39 66 30
39 67 40
39 68 82
39 69 72
39 70 74
39 71 45
39 72 84
39 73 45
39 74 74
39 75 4
39 76 52
39 77 17
39 78 19
39 79 15
39 80 32
39 81 90
39 82 61
39 83 26
39 84 39
39 85 68
39 86 94
39 87 82
39 88 40
39 89 48
39 90 50
39 91 50
39 92 99
39 93 52
39 94 5
39 95 12
39 96 96
39 97 24
39 98 43
39 99 59
40 41 75
40 42 74
40 43 24
40 44 20
40 45 88
40 46 74
40 47 16
40 48 46
40 49 27
40 50 73
40 51 61
40 52 66
40 53 78
40 54 61
40 55 98
40 56 95
40 57 94
40 58 36
40 59 32
40 60 51
40 61 57
40 62 86
40 63 34
40 64 59
40 65 19
40 66 65
40 67 13
40 68 30
40 69 14
40 70 15
40 71 30
40 72 7
40 73 82
40 74 20
40 75 53
40 76 49
40 77 5
40 78 76
40 79 98
40 80 5
40 81 60
40 82 23
40 83 71
40 84 24
40 85 82
40 86 36
40 87 57
40 88 64
40 89 81
40 90 8
40 91 27
40 92 31
40 93 43
40 94 80
40 95 55
40 96 4
40 97 14
40 98 21
40 99 84
41 42 58
41 43 24
41 44 59
41 45 59
41 46 74
41 47 47
41 48 67
41 49 85
41 50 4
41 51 94
41 52 41
41 53 34
41 54 40
41 55 27
41 56 45
41 57 70
41 58 27
41 59 52
41 60 20
41 61 81
41 62 79
41 63 2
41 64 60
41 65 85
41 66 20
41 67 31
41 68 92
41 69 71
41 70 26
41 71 85
41 72 53
41 73 47
41 74 25
41 75 38
41 76 78
41 77 38
41 78 25
41 79 51
41 80 91
41 81 17
41 82 58
41 83 49
41 84 23
41 85 83
41 86 6
41 87 58
41 88 52
41 89 16
41 90 69
41 91 70
41 92 15
41 93 40
41 94 10
41 95 78
41 96 73
41 97 63
41 98 31
41 99 78
42 43 85
42 44 62
42 45 87
42 46 89
42 47 92
42 48 24
42 49 41
42 50 56
42 51 89
42 52 17
42 53 40
42 54 79
42 55 54
42 56 40
42 57 79
42 58 69
42 59 56
42 60 26
42 61 5
42 62 64
42 63 35
42 64 86
42 65 67
42 66 58
42 67 80
42 68 48
42 69 4
42 70 21
42 71 45
42 72 86
42 73 23
42 74 27
42 75 32
42 76 41
42 77 46
42 78 62
42 79 37
42 80 89
42 81 67
42 82 99
42 83 11
42 84 93
42 85 50
42 86 29
42 87 44
42 88 49
42 89 41
42 90 98
42 91 94
42 92 37
42 93 15
42 94 29
42 95 28
42 96 43
42 97 46
42 98 66
42 99 72
43 44 9
43 45 25
43 46 5
43 47 47
43 48 53
43 49 98
43 50 82
43 51 70
43 52 31
43 53 24
43 54 7
43 55 3
43 56 61
43 57 16
43 58 19
43 59 81
43 60 24
43 61 76
43 62 75
43 63 49
43 64 13
43 65 79
43 66 60
43 67 96
43 68 64
43 69 40
43 70 61
43 71 20
43 72 86
43 73 24
43 74 29
43 75 67
43 76 47
43 77 18
43 78 43
43 79 46
43 80 58
43 81 14
43 82 53
43 83 55
43 84 38
43 85 29
43 86 46
43 87 8
43 88 6
43 89 65
43 90 37
43 91 62
43 92 94
43 93 57
43 94 90
43 95 78
43 96 47
43 97 66
43 98 44
43 99 45
44 45 71
44 46 88
44 47 34
44 48 34
44 49 91
44 50 23
44 51 50
44 52 40
44 53 67
44 54 19
44 55 87
44 56 36
44 57 18
44 58 32
44 59 65
44 60 19
44 61 16
44 62 5
44 63 38
44 64 17
44 65 64
44 66 49
44 67 60
44 68 96
44 69 5
44 70 24
44 71 6
44 72 53
44 73 10
44 74 95
44 75 20
44 76 94
44 77 30
44 78 34
44 79 79
44 80 79
44 81 86
44 82 89
44 83 4
44 84 91
44 85 66
44 86 78
44 87 12
44 88 88
44 89 49
44 90 31
44 91 93
44 92 22
44 93 34
44 94 11
44 95 18
44 96 45
44 97 69
44 98 88
44 99 45
45 46 88
45 47 59
45 48 26
45 49 6
45 50 33
45 51 92
45 52 25
45 53 60
45 54 24
45 55 21
45 56 6
45 57 13
45 58 33
45 59 35
45 60 10
45 61 90
45 62 12
45 63 68
45 64 9
45 65 95
45 66 32
45 67 69
45 68 30
45 69 34
45 70 58
45 71 57
45 72 48
45 73 25
45 74 91
45 75 57
45 76 16
45 77 77
45 78 59
45 79 39
45 80 50
45 81 62
45 82 33
45 83 54
45 84 54
45 85 23
45 86 55
45 87 62
45 88 78
45 89 30
45 90 25
45 91 37
45 92 32
45 93 37
45 94 99
45 95 78
45 96 25
45 97 66
45 98 92
45 99 51
46 47 11
46 48 29
46 49 60
46 50 40
46 51 89
46 52 97
46 53 46
46 54 41
46 55 26
46 56 39
46 57 53
46 58 43
46 59 85
46 60 12
46 61 87
46 62 94
46 63 10
46 64 58
46 65 59
46 66 61
46 67 62
46 68 6
46 69 74
46 70 17
46 71 94
46 72 42
46 73 75
46 74 94
46 75 41
46 76 26
46 77 82
46 78 32
46 79 46
46 80 68
46 81 68
46 82 94
46 83 79
46 84 87
46 85 47
46 86 81
46 87 2
46 88 99
46 89 65
46 90 70
46 91 58
46 92 74
46 93 4
46 94 83
46 95 66
46 96 70
46 97 69
46 98 87
46 99 34
47 48 40
47 49 9
47 50 53
47 51 97
47 52 52
47 53 16
47 54 45
47 55 74
47 56 78
47 57 5
47 58 2
47 59 41
47 60 45
47 61 26
47 62 56
47 63 47
47 64 41
47 65 90
47 66 1
47 67 87
47 68 38
47 69 87
47 70 96
47 71 31
47 72 98
47 73 35
47 74 19
47 75 18
47 76 47
47 77 17
47 78 60
47 79 3
47 80 5
47 81 32
47 82 31
47 83 82
47 84 57
47 85 63
47 86 21
47 87 30
47 88 52
47 89 91
47 90 49
47 91 70
47 92 63
47 93 47
47 94 17
47 95 70
47 96 70
47 97 1
47 98 90
47 99 85
48 49 98
48 50 77
48 51 22
48 52 97
48 53 35
48 54 93
48 55 37
48 56 96
48 57 53
48 58 42
48 59 29
48 60 50
48 61 82
48 62 79
48 63 7
48 64 89
48 65 62
48 66 73
48 67 26
48 68 73
48 69 86
48 70 52
48 71 36
48 72 52
48 73 30
48 74 12
48 75 99
48 76 47
48 77 14
48 78 26
48 79 6
48 80 23
48 81 24
48 82 40
48 83 36
48 84 43
48 85 57
48 86 65
48 87 28
48 88 47
48 89 72
48 90 28
48 91 44
48 92 10
48 93 16
48 94 12
48 95 43
48 96 90
48 97 72
48 98 43
48 99 6
49 50 5
49 51 91
49 52 15
49 53 31
49 54 61
49 55 3
49 56 7
49 57 86
49 58 34
49 59 18
49 60 38
49 61 79
49 62 53
49 63 35
49 64 86
49 65 79
49 66 50
49 67 36
49 68 19
49 69 29
49 70 73
49 71 68
49 72 67
49 73 27
49 74 67
49 75 14
49 76 36
49 77 88
49 78 19
49 79 93
49 80 55
49 81 98
49 82 13
49 83 52
49 84 16
49 85 70
49 86 86
49 87 73
49 88 76
49 89 74
49 90 70
49 91 89
49 92 55
49 93 13
49 94 14
49 95 46
49 96 83
49 97 26
49 98 13
49 99 23
50 51 9
50 52 84
50 53 6
50 54 22
50 55 2
50 56 27
50 57 84
50 58 26
50 59 69
50 60 49
50 61 51
50 62 63
50 63 9
50 64 2
50 65 59
50 66 43
50 67 18
50 68 44
50 69 74
50 70 44
50 71 98
50 72 35
50 73 2
50 74 55
50 75 4
50 76 29
50 77 33
50 78 21
50 79 76
50 80 53
50 81 19
50 82 9
50 83 84
50 84 63
50 85 71
50 86 92
50 87 14
50 88 5
50 89 45
50 90 4
50 91 59
50 92 41
50 93 74
50 94 37
50 95 18
50 96 28
50 97 90
50 98 17
50 99 25
51 52 32
51 53 97
51 54 24
51 55 14
51 56 24
51 57 87
51 58 36
51 59 26
51 60 94
51 61 42
51 62 28
51 63 62
51 64 99
51 65 29
51 66 67
51 67 33
51 68 66
51 69 8
51 70 59
51 71 20
51 72 78
51 73 30
51 74 98
51 75 89
51 76 24
51 77 65
51 78 86
51 79 45
51 80 29
51 81 96
51 82 67
51 83 48
51 84 45
51 85 6
51 86 71
51 87 72
51 88 5
51 89 53
51 90 98
51 91 16
51 92 56
51 93 71
51 94 73
51 95 36
51 96 55
51 97 63
51 98 46
51 99 11
52 53 39
52 54 39
52 55 46
52 56 61
52 57 58
52 58 14
52 59 24
52 60 25
52 61 87
52 62 51
52 63 87
52 64 32
52 65 16
52 66 19
52 67 9
52 68 88
52 69 25
52 70 96
52 71 14
52 72 63
52 73 50
52 74 73
52 75 74
52 76 26
52 77 91
52 78 2
52 79 11
52 80 27
52 81 70
52 82 19
52 83 1
52 84 76
52 85 38
52 86 68
52 87 29
52 88 7
52 89 69
52 90 66
52 91 76
52 92 17
52 93 3
52 94 52
52 95 16
52 96 56
52 97 56
52 98 13
52 99 66
53 54 75
53 55 37
53 56 42
53 57 40
53 58 75
53 59 6
53 60 40
53 61 76
53 62 83
53 63 34
53 64 32
53 65 99
53 66 7
53 67 26
53 68 68
53 69 56
53 70 66
53 71 46
53 72 19
53 73 59
53 74 34
53 75 95
53 76 36
53 77 1
53 78 9
53 79 40
53 80 29
53 81 84
53 82 10
53 83 12
53 84 7
53 85 24
53 86 57
53 87 84
53 88 55
53 89 53
53 90 31
53 91 6
53 92 45
53 93 67
53 94 24
53 95 44
53 96 35
53 97 84
53 98 68
53 99 31
54 55 77
54 56 50
54 57 27
54 58 88
54 59 56
54 60 81
54 61 62
54 62 31
54 63 3
54 64 77
54 65 51
54 66 67
54 67 86
54 68 27
54 69 90
54 70 83
54 71 87
54 72 27
54 73 78
54 74 30
54 75 24
54 76 30
54 77 77
54 78 35
54 79 50
54 80 32
54 81 19
54 82 81
54 83 29
54 84 1
54 85 78
54 86 76
54 87 99
54 88 56
54 89 40
54 90 5
54 91 12
54 92 8
54 93 53
54 94 25
54 95 77
54 96 96
54 97 8
54 98 97
54 99 48
55 56 62
55 57 65
55 58 78
55 59 23
55 60 8
55 61 76
55 62 98
55 63 2
55 64 12
55 65 12
55 66 3
55 67 35
55 68 71
55 69 80
55 70 33
55 71 16
55 72 98
55 73 34
55 74 6
55 75 10
55 76 11
55 77 4
55 78 65
55 79 21
55 80 28
55 81 97
55 82 16
55 83 53
55 84 66
55 85 4
55 86 58
55 87 3
55 88 19
55 89 50
55 90 31
55 91 14
55 92 82
55 93 94
55 94 91
55 95 29
55 96 85
55 97 44
55 98 95
55 99 49
56 57 2
56 58 70
56 59 72
56 60 33
56 61 11
56 62 78
56 63 23
56 64 58
56 65 78
56 66 1
56 67 86
56 68 67
56 69 15
56 70 33
56 71 88
56 72 74
56 73 90
56 74 77
56 75 53
56 76 2
56 77 18
56 78 80
56 79 86
56 80 30
56 81 37
56 82 45
56 83 56
56 84 3
56 85 55
56 86 75
56 87 31
56 88 8
56 89 80
56 90 61
56 91 52
56 92 97
56 93 66
56 94 13
56 95 71
56 96 56
56 97 13
56 98 31
56 99 82
57 58 38
57 59 1
57 60 83
57 61 27
57 62 86
57 63 18
57 64 21
57 65 52
57 66 40
57 67 72
57 68 48
57 69 40
57 70 69
57 71 95
57 72 96
57 73 2
57 74 97
57 75 67
57 76 88
57 77 76
57 78 55
57 79 54
57 80 91
57 81 93
57 82 47
57 83 70
57 84 57
57 85 35
57 86 48
57 87 77
57 88 77
57 89 76
57 90 71
57 91 15
57 92 66
57 93 9
57 94 10
57 95 17
57 96 97
57 97 90
57 98 23
57 99 14
58 59 76
58 60 31
58 61 51
58 62 40
58 63 80
58 64 49
58 65 85
58 66 3
58 67 71
58 68 30
58 69 62
58 70 97
58 71 52
58 72 87
58 73 61
58 74 89
58 75 26
58 76 71
58 77 47
58 78 50
58 79 9
58 80 62
58 81 47
58 82 23
58 83 57
58 84 93
58 85 92
58 86 96
58 87 97
58 88 71
58 89 40
58 90 59
58 91 23
58 92 11
58 93 53
58 94 74
58 95 48
58 96 9
58 97 73
58 98 45
58 99 8
59 60 7
59 61 8
59 62 67
59 63 50
59 64 18
59 65 66
59 66 98
59 67 99
59 68 61
59 69 15
59 70 73
59 71 32
59 72 85
59 73 44
59 74 75
59 75 24
59 76 9
59 77 39
59 78 29
59 79 58
59 80 81
59 81 17
59 82 37
59 83 97
59 84 90
59 85 36
59 86 23
59 87 78
59 88 20
59 89 50
59 90 96
59 91 52
59 92 5
59 93 14
59 94 82
59 95 58
59 96 94
59 97 57
59 98 40
59 99 38
60 61 9
60 62 5
60 63 80
60 64 30
60 65 51
60 66 75
60 67 7
60 68 7
60 69 99
60 70 68
60 71 79
60 72 31
60 73 10
60 74 91
60 75 6
60 76 23
60 77 25
60 78 53
60 79 91
60 80 8
60 81 18
60 82 8
60 83 79
60 84 39
60 85 28
60 86 53
60 87 51
60 88 29
60 89 94
60 90 69
60 91 12
60 92 46
60 93 1
60 94 25
60 95 19
60 96 8
60 97 54
60 98 7
60 99 23
61 62 13
61 63 45
61 64 69
61 65 13
61 66 39
61 67 50
61 68 8
61 69 44
61 70 13
61 71 88
61 72 92
61 73 33
61 74 44
61 75 85
61 76 89
61 77 18
61 78 9
61 79 65
61 80 46
61 81 60
61 82 56
61 83 18
61 84 61
61 85 27
61 86 65
61 87 26
61 88 36
61 89 20
61 90 56
61 91 87
61 92 64
61 93 93
61 94 61
61 95 12
61 96 95
61 97 92
61 98 37
61 99 39
62 63 29
62 64 70
62 65 21
62 66 60
62 67 48
62 68 38
62 69 40
62 70 91
62 71 27
62 72 7
62 73 92
62 74 99
62 75 9
62 76 73
62 77 53
62 78 47
62 79 32
62 80 29
62 81 64
62 82 36
62 83 67
62 84 59
62 85 67
62 86 42
62 87 25
62 88 96
62 89 15
62 90 46
62 91 28
62 92 11
62 93 96
62 94 62
62 95 42
62 96 82
62 97 72
62 98 63
62 99 54
63 64 96
63 65 85
63 66 92
63 67 6
63 68 49
63 69 49
63 70 80
63 71 43
63 72 53
63 73 39
63 74 50
63 75 30
63 76 28
63 77 71
63 78 90
63 79 32
63 80 9
63 81 67
63 82 89
63 83 18
63 84 4
63 85 91
63 86 64
63 87 6
63 88 45
63 89 59
63 90 5
63 91 77
63 92 53
63 93 77
63 94 93
63 95 15
63 96 31
63 97 51
63 98 22
63 99 8
64 65 91
64 66 15
64 67 16
64 68 42
64 69 24
64 70 39
64 71 98
64 72 71
64 73 50
64 74 83
64 75 62
64 76 59
64 77 52
64 78 75
64 79 30
64 80 60
64 81 48
64 82 87
64 83 88
64 84 82
64 85 17
64 86 68
64 87 30
64 88 90
64 89 61
64 90 27
64 91 85
64 92 6
64 93 43
64 94 74
64 95 25
64 96 98
64 97 63
64 98 40
64 99 5
65 66 91
65 67 48
65 68 26
65 69 36
65 70 43
65 71 48
65 72 53
65 73 89
65 74 83
65 75 3
65 76 63
65 77 28
65 78 37
65 79 12
65 80 48
65 81 40
65 82 47
65 83 15
65 84 9
65 85 61
65 86 32
65 87 9
65 88 93
65 89 56
65 90 77
65 91 16
65 92 21
65 93 85
65 94 97
65 95 25
65 96 83
65 97 40
65 98 70
65 99 95
66 67 19
66 68 42
66 69 88
66 70 18
66 71 3
66 72 89
66 73 71
66 74 49
66 75 98
66 76 94
66 77 45
66 78 83
66 79 17
66 80 70
66 81 81
66 82 67
66 83 76
66 84 58
66 85 13
66 86 29
66 87 91
66 88 47
66 89 19
66 90 76
66 91 10
66 92 9
66 93 82
66 94 55
66 95 49
66 96 50
66 97 94
66 98 71
66 99 97
67 68 3
67 69 65
67 70 73
67 71 6
67 72 56
67 73 91
67 74 4
67 75 70
67 76 64
67 77 89
67 78 70
67 79 65
67 80 49
67 81 19
67 82 53
67 83 38
67 84 15
67 85 2
67 86 30
67 87 87
67 88 21
67 89 81
67 90 45
67 91 50
67 92 1
67 93 82
67 94 37
67 95 11
67 96 15
67 97 43
67 98 93
67 99 94
68 69 33
68 70 90
68 71 49
68 72 71
68 73 15
68 74 95
68 75 49
68 76 50
68 77 75
68 78 40
68 79 52
68 80 6
68 81 20
68 82 84
68 83 17
68 84 40
68 85 29
68 86 29
68 87 29
68 88 93
68 89 38
68 90 73
68 91 91
68 92 9
68 93 10
68 94 46
68 95 9
68 96 70
68 97 20
68 98 93
68 99 12
69 70 42
69 71 7
69 72 7
69 73 2
69 74 54
69 75 66
69 76 19
69 77 89
69 78 67
69 79 91
69 80 31
69 81 23
69 82 24
69 83 33
69 84 42
69 85 11
69 86 73
69 87 58
69 88 69
69 89 81
69 90 43
69 91 62
69 92 48
69 93 96
69 94 34
69 95 19
69 96 68
69 97 67
69 98 27
69 99 86
70 71 7
70 72 81
70 73 27
70 74 22
70 75 43
70 76 62
70 77 90
70 78 3
70 79 50
70 80 23
70 81 28
70 82 11
70 83 69
70 84 99
70 85 90
70 86 79
70 87 55
70 88 11
70 89 3
70 90 17
70 91 30
70 92 49
70 93 47
70 94 50
70 95 78
70 96 86
70 97 71
70 98 80
70 99 65
71 72 6
71 73 38
71 74 46
71 75 22
71 76 53
71 77 52
71 78 82
71 79 14
71 80 87
71 81 26
71 82 76
71 83 64
71 84 51
71 85 73
71 86 32
71 87 74
71 88 46
71 89 16
71 90 27
71 91 66
71 92 81
71 93 94
71 94 82
71 95 22
71 96 45
71 97 80
71 98 19
71 99 11
72 73 65
72 74 43
72 75 27
72 76 15
72 77 44
72 78 38
72 79 92
72 80 31
72 81 32
72 82 83
72 83 70
72 84 69
72 85 39
72 86 9
72 87 15
72 88 88
72 89 83
72 90 7
72 91 99
72 92 34
72 93 52
72 94 92
72 95 78
72 96 1
72 97 81
72 98 32
72 99 39
73 74 23
73 75 68
73 76 57
73 77 57
73 78 23
73 79 80
73 80 6
73 81 54
73 82 5
73 83 60
73 84 74
73 85 13
73 86 79
73 87 3
73 88 47
73 89 41
73 90 1
73 91 3
73 92 6
73 93 66
73 94 42
73 95 49
73 96 71
73 97 90
73 98 88
73 99 54
74 75 23
74 76 95
74 77 14
74 78 2
74 79 96
74 80 11
74 81 53
74 82 98
74 83 17
74 84 48
74 85 18
74 86 48
74 87 69
74 88 80
74 89 33
74 90 50
74 91 39
74 92 34
74 93 14
74 94 73
74 95 51
74 96 5
74 97 83
74 98 88
74 99 36
75 76 1
75 77 38
75 78 34
75 79 18
75 80 81
75 81 19
75 82 8
75 83 21
75 84 31
75 85 18
75 86 30
75 87 68
75 88 45
75 89 42
75 90 9
75 91 44
75 92 43
75 93 40
75 94 53
75 95 86
75 96 15
75 97 67
75 98 62
75 99 50
76 77 72
76 78 5
76 79 17
76 80 23
76 81 66
76 82 4
76 83 29
76 84 61
76 85 90
76 86 91
76 87 58
76 88 34
76 89 46
76 90 93
76 91 23
76 92 53
76 93 86
76 94 20
76 95 61
76 96 92
76 97 62
76 98 5
76 99 35
77 78 98
77 79 77
77 80 39
77 81 49
77 82 65
77 83 79
77 84 45
77 85 95
77 86 18
77 87 3
77 88 34
77 89 96
77 90 6
77 91 5
77 92 50
77 93 42
77 94 72
77 95 86
77 96 78
77 97 72
77 98 17
77 99 33
78 79 29
78 80 21
78 81 96
78 82 43
78 83 84
78 84 24
78 85 42
78 86 40
78 87 60
78 88 72
78 89 66
78 90 33
78 91 56
78 92 67
78 93 20
78 94 49
78 95 57
78 96 33
78 97 70
78 98 43
78 99 66
79 80 58
79 81 99
79 82 73
79 83 63
79 84 48
79 85 15
79 86 34
79 87 2
79 88 48
79 89 30
79 90 76
79 91 78
79 92 38
79 93 70
79 94 67
79 95 16
79 96 65
79 97 30
79 98 85
79 99 55
80 81 58
80 82 20
80 83 7
80 84 85
80 85 81
80 86 90
80 87 60
80 88 12
80 89 36
80 90 85
80 91 37
80 92 29
80 93 63
80 94 5
80 95 90
80 96 17
80 97 43
80 98 63
80 99 70
81 82 49
81 83 72
81 84 37
81 85 37
81 86 76
81 87 67
81 88 23
81 89 21
81 90 38
81 91 88
81 92 12
81 93 42
81 94 84
81 95 81
81 96 82
81 97 77
81 98 3
81 99 27
82 83 70
82 84 97
82 85 69
82 86 75
82 87 62
82 88 28
82 89 49
82 90 39
82 91 68
82 92 84
82 93 39
82 94 99
82 95 29
82 96 20
82 97 53
82 98 21
82 99 7
83 84 91
83 85 44
83 86 12
83 87 78
83 88 90
83 89 57
83 90 56
83 91 75
83 92 4
83 93 73
83 94 14
83 95 53
83 96 78
83 97 26
83 98 68
83 99 20
84 85 25
84 86 25
84 87 10
84 88 3
84 89 90
84 90 79
84 91 89
84 92 20
84 93 87
84 94 28
84 95 27
84 96 39
84 97 11
84 98 56
84 99 85
85 86 55
85 87 83
85 88 27
85 89 31
85 90 73
85 91 47
85 92 41
85 93 29
85 94 95
85 95 45
85 96 6
85 97 5
85 98 3
85 99 9
86 87 88
86 88 7
86 89 60
86 90 90
86 91 70
86 92 78
86 93 24
86 94 87
86 95 64
86 96 75
86 97 45
86 98 94
86 99 98
87 88 85
87 89 43
87 90 27
87 91 13
87 92 73
87 93 90
87 94 16
87 95 61
87 96 45
87 97 2
87 98 96
87 99 31
88 89 84
88 90 35
88 91 57
88 92 33
88 93 8
88 94 78
88 95 88
88 96 8
88 97 74
88 98 50
88 99 91
89 90 98
89 91 77
89 92 66
89 93 37
89 94 33
89 95 89
89 96 4
89 97 67
89 98 4
89 99 25
90 91 61
90 92 61
90 93 29
90 94 83
90 95 93
90 96 61
90 97 94
90 98 53
90 99 17
91 92 64
91 93 37
91 94 72
91 95 53
91 96 43
91 97 95
91 98 33
91 99 83
92 93 47
92 94 27
92 95 54
92 96 66
92 97 36
92 98 65
92 99 29
93 94 87
93 95 22
93 96 56
93 97 29
93 98 73
93 99 99
94 95 90
94 96 29
94 97 20
94 98 84
94 99 54
95 96 18
95 97 41
95 98 82
95 99 28
96 97 44
96 98 95
96 99 65
97 98 49
97 99 70
98 99 47