92
0 1 76
0 2 50
0 3 35
0 4 88
0 5 67
0 6 63
0 7 91
0 8 96
0 9 96
0 10 71
0 11 61
0 12 3
0 13 48
0 14 54
0 15 28
0 16 87
0 17 26
0 18 66
0 19 60
0 20 7
0 21 19
0 22 93
0 23 79
0 24 41
0 25 91
0 26 9
0 27 33
0 28 42
0 29 26
0 30 25
0 31 79
0 32 46
0 33 4
0 34 46
0 35 90
0 36 91
0 37 59
0 38 35
0 39 53
0 40 98
0 41 61
0 42 14
0 43 21
0 44 9
0 45 20
0 46 68
0 47 32
0 48 49
0 49 35
0 50 45
0 51 85
0 52 35
0 53 91
0 54 54
0 55 96
0 56 70
0 57 83
0 58 22
0 59 83
0 60 50
0 61 36
0 62 32
0 63 31
0 64 79
0 65 77
0 66 38
0 67 19
0 68 40
0 69 87
0 70 5
0 71 15
0 72 64
0 73 83
0 74 18
0 75 23
0 76 22
0 77 67
0 78 21
0 79 8
0 80 21
0 81 31
0 82 75
0 83 90
0 84 52
0 85 96
0 86 40
0 87 72
0 88 43
0 89 8
0 90 92
0 91 3
1 2 30
1 3 67
1 4 20
1 5 40
1 6 80
1 7 68
1 8 52
1 9 16
1 10 96
1 11 42
1 12 30
1 13 21
1 14 65
1 15 91
1 16 10
1 17 97
1 18 86
1 19 48
1 20 94
1 21 35
1 22 70
1 23 79
1 24 29
1 25 26
1 26 29
1 27 81
1 28 67
1 29 85
1 30 24
1 31 53
1 32 15
1 33 79
1 34 11
1 35 55
1 36 41
1 37 66
1 38 60
1 39 30
1 40 98
1 41 8
1 42 96
1 43 12
1 44 88
1 45 59
1 46 81
1 47 71
1 48 16
1 49 57
1 50 46
1 51 31
1 52 10
1 53 88
1 54 53
1 55 36
1 56 35
1 57 17
1 58 13
1 59 64
1 60 86
1 61 14
1 62 84
1 63 18
1 64 5
1 65 1
1 66 57
1 67 62
1 68 72
1 69 9
1 70 68
1 71 58
1 72 7
1 73 78
1 74 98
1 75 76
1 76 71
1 77 10
1 78 51
1 79 61
1 80 68
1 81 90
1 82 56
1 83 68
1 84 95
1 85 89
1 86 93
1 87 66
1 88 18
1 89 33
1 90 37
1 91 67
2 3 54
2 4 67
2 5 16
2 6 12
2 7 47
2 8 68
2 9 81
2 10 28
2 11 44
2 12 12
2 13 11
2 14 30
2 15 20
2 16 99
2 17 85
2 18 81
2 19 20
2 20 42
2 21 49
2 22 94
2 23 61
2 24 3
2 25 1
2 26 28
2 27 99
2 28 36
2 29 56
2 30 97
2 31 11
2 32 78
2 33 32
2 34 3
2 35 77
2 36 40
2 37 39
2 38 33
2 39 61
2 40 92
2 41 33
2 42 1
2 43 54
2 44 56
2 45 19
2 46 60
2 47 59
2 48 8
2 49 70
2 50 44
2 51 19
2 52 40
2 53 2
2 54 69
2 55 44
2 56 12
2 57 81
2 58 29
2 59 1
2 60 17
2 61 38
2 62 7
2 63 70
2 64 39
2 65 92
2 66 38
2 67 68
2 68 62
2 69 25
2 70 48
2 71 47
2 72 57
2 73 98
2 74 23
2 75 59
2 76 24
2 77 81
2 78 98
2 79 37
2 80 56
2 81 52
2 82 1
2 83 87
2 84 18
2 85 57
2 86 93
2 87 93
2 88 21
2 89 59
2 90 75
2 91 97
3 4 96
3 5 48
3 6 37
3 7 76
3 8 97
3 9 26
3 10 93
3 11 67
3 12 58
3 13 76
3 14 84
3 15 32
3 16 72
3 17 68
3 18 56
3 19 67
3 20 28
3 21 3
3 22 50
3 23 94
3 24 44
3 25 83
3 26 39
3 27 3
3 28 1
3 29 82
3 30 77
3 31 26
3 32 65
3 33 63
3 34 92
3 35 81
3 36 20
3 37 66
3 38 90
3 39 77
3 40 23
3 41 4
3 42 90
3 43 69
3 44 60
3 45 4
3 46 85
3 47 21
3 48 77
3 49 42
3 50 28
3 51 4
3 52 39
3 53 89
3 54 81
3 55 63
3 56 19
3 57 76
3 58 98
3 59 66
3 60 34
3 61 4
3 62 86
3 63 22
3 64 20
3 65 55
3 66 49
3 67 70
3 68 40
3 69 42
3 70 63
3 71 5
3 72 22
3 73 52
3 74 37
3 75 41
3 76 8
3 77 82
3 78 93
3 79 5
3 80 43
3 81 46
3 82 33
3 83 48
3 84 50
3 85 37
3 86 42
3 87 46
3 88 33
3 89 47
3 90 45
3 91 58
4 5 86
4 6 28
4 7 64
4 8 36
4 9 43
4 10 38
4 11 73
4 12 83
4 13 11
4 14 13
4 15 58
4 16 65
4 17 52
4 18 53
4 19 75
4 20 58
4 21 23
4 22 58
4 23 29
4 24 7
4 25 11
4 26 89
4 27 34
4 28 31
4 29 9
4 30 23
4 31 13
4 32 78
4 33 11
4 34 80
4 35 31
4 36 29
4 37 12
4 38 60
4 39 29
4 40 88
4 41 24
4 42 82
4 43 64
4 44 76
4 45 28
4 46 7
4 47 31
4 48 61
4 49 91
4 50 22
4 51 60
4 52 84
4 53 45
4 54 8
4 55 53
4 56 78
4 57 82
4 58 39
4 59 64
4 60 73
4 61 77
4 62 78
4 63 65
4 64 73
4 65 92
4 66 16
4 67 82
4 68 66
4 69 4
4 70 44
4 71 92
4 72 41
4 73 50
4 74 1
4 75 98
4 76 24
4 77 8
4 78 46
4 79 67
4 80 97
4 81 17
4 82 9
4 83 5
4 84 32
4 85 93
4 86 30
4 87 93
4 88 74
4 89 76
4 90 65
4 91 64
5 6 28
5 7 6
5 8 62
5 9 80
5 10 62
5 11 59
5 12 25
5 13 90
5 14 77
5 15 39
5 16 67
5 17 21
5 18 7
5 19 33
5 20 70
5 21 43
5 22 13
5 23 43
5 24 70
5 25 18
5 26 33
5 27 99
5 28 9
5 29 44
5 30 19
5 31 52
5 32 75
5 33 67
5 34 33
5 35 62
5 36 75
5 37 63
5 38 38
5 39 65
5 40 84
5 41 45
5 42 95
5 43 55
5 44 45
5 45 28
5 46 79
5 47 96
5 48 42
5 49 44
5 50 72
5 51 59
5 52 37
5 53 41
5 54 58
5 55 76
5 56 44
5 57 92
5 58 25
5 59 14
5 60 50
5 61 51
5 62 56
5 63 48
5 64 85
5 65 31
5 66 79
5 67 51
5 68 2
5 69 95
5 70 17
5 71 14
5 72 65
5 73 24
5 74 84
5 75 62
5 76 9
5 77 70
5 78 33
5 79 15
5 80 27
5 81 40
5 82 8
5 83 69
5 84 77
5 85 80
5 86 19
5 87 61
5 88 97
5 89 89
5 90 12
5 91 52
6 7 14
6 8 7
6 9 95
6 10 98
6 11 24
6 12 86
6 13 39
6 14 48
6 15 15
6 16 4
6 17 69
6 18 94
6 19 99
6 20 9
6 21 39
6 22 24
6 23 64
6 24 89
6 25 18
6 26 86
6 27 46
6 28 1
6 29 24
6 30 70
6 31 21
6 32 47
6 33 4
6 34 72
6 35 99
6 36 41
6 37 68
6 38 68
6 39 70
6 40 39
6 41 63
6 42 80
6 43 87
6 44 31
6 45 1
6 46 6
6 47 73
6 48 90
6 49 89
6 50 67
6 51 59
6 52 18
6 53 93
6 54 76
6 55 28
6 56 62
6 57 59
6 58 35
6 59 32
6 60 73
6 61 95
6 62 1
6 63 71
6 64 75
6 65 9
6 66 82
6 67 71
6 68 39
6 69 43
6 70 64
6 71 52
6 72 46
6 73 56
6 74 80
6 75 97
6 76 8
6 77 83
6 78 89
6 79 18
6 80 54
6 81 61
6 82 38
6 83 53
6 84 6
6 85 49
6 86 58
6 87 87
6 88 33
6 89 35
6 90 69
6 91 70
7 8 18
7 9 51
7 10 90
7 11 6
7 12 80
7 13 65
7 14 24
7 15 73
7 16 90
7 17 31
7 18 82
7 19 5
7 20 78
7 21 37
7 22 43
7 23 54
7 24 54
7 25 31
7 26 42
7 27 46
7 28 49
7 29 77
7 30 68
7 31 59
7 32 91
7 33 62
7 34 34
7 35 97
7 36 47
7 37 58
7 38 31
7 39 37
7 40 78
7 41 16
7 42 85
7 43 22
7 44 76
7 45 52
7 46 74
7 47 11
7 48 97
7 49 97
7 50 95
7 51 62
7 52 78
7 53 63
7 54 23
7 55 53
7 56 22
7 57 68
7 58 88
7 59 25
7 60 20
7 61 36
7 62 53
7 63 37
7 64 34
7 65 6
7 66 6
7 67 88
7 68 68
7 69 99
7 70 59
7 71 96
7 72 99
7 73 95
7 74 67
7 75 50
7 76 61
7 77 52
7 78 62
7 79 29
7 80 66
7 81 84
7 82 23
7 83 73
7 84 89
7 85 99
7 86 85
7 87 56
7 88 95
7 89 72
7 90 92
7 91 12
8 9 22
8 10 22
8 11 31
8 12 46
8 13 61
8 14 34
8 15 32
8 16 92
8 17 74
8 18 61
8 19 91
8 20 22
8 21 73
8 22 40
8 23 48
8 24 77
8 25 3
8 26 2
8 27 68
8 28 54
8 29 46
8 30 13
8 31 52
8 32 45
8 33 61
8 34 84
8 35 26
8 36 39
8 37 83
8 38 31
8 39 74
8 40 44
8 41 41
8 42 48
8 43 1
8 44 59
8 45 42
8 46 33
8 47 7
8 48 52
8 49 19
8 50 21
8 51 99
8 52 96
8 53 59
8 54 68
8 55 61
8 56 40
8 57 3
8 58 43
8 59 43
8 60 56
8 61 49
8 62 64
8 63 86
8 64 38
8 65 76
8 66 46
8 67 75
8 68 34
8 69 51
8 70 20
8 71 21
8 72 29
8 73 98
8 74 11
8 75 3
8 76 15
8 77 81
8 78 99
8 79 90
8 80 83
8 81 37
8 82 66
8 83 12
8 84 68
8 85 33
8 86 50
8 87 88
8 88 37
8 89 48
8 90 72
8 91 84
9 10 42
9 11 67
9 12 12
9 13 2
9 14 52
9 15 52
9 16 61
9 17 60
9 18 34
9 19 40
9 20 78
9 21 83
9 22 1
9 23 97
9 24 87
9 25 69
9 26 73
9 27 53
9 28 19
9 29 34
9 30 64
9 31 62
9 32 37
9 33 95
9 34 92
9 35 17
9 36 21
9 37 82
9 38 8
9 39 87
9 40 45
9 41 16
9 42 41
9 43 52
9 44 93
9 45 3
9 46 57
9 47 71
9 48 59
9 49 69
9 50 88
9 51 62
9 52 30
9 53 7
9 54 66
9 55 22
9 56 86
9 57 83
9 58 88
9 59 37
9 60 92
9 61 90
9 62 59
9 63 50
9 64 68
9 65 49
9 66 45
9 67 62
9 68 43
9 69 92
9 70 93
9 71 40
9 72 31
9 73 7
9 74 60
9 75 32
9 76 34
9 77 1
9 78 7
9 79 71
9 80 85
9 81 33
9 82 94
9 83 78
9 84 21
9 85 71
9 86 54
9 87 21
9 88 86
9 89 37
9 90 31
9 91 13
10 11 42
10 12 7
10 13 21
10 14 59
10 15 4
10 16 28
10 17 12
10 18 18
10 19 43
10 20 25
10 21 27
10 22 41
10 23 55
10 24 33
10 25 68
10 26 84
10 27 27
10 28 62
10 29 24
10 30 21
10 31 43
10 32 46
10 33 36
10 34 81
10 35 3
10 36 70
10 37 60
10 38 5
10 39 1
10 40 94
10 41 13
10 42 84
10 43 50
10 44 22
10 45 64
10 46 78
10 47 95
10 48 93
10 49 63
10 50 54
10 51 71
10 52 84
10 53 68
10 54 80
10 55 86
10 56 19
10 57 54
10 58 81
10 59 83
10 60 38
10 61 69
10 62 3
10 63 62
10 64 94
10 65 31
10 66 21
10 67 81
10 68 5
10 69 65
10 70 70
10 71 71
10 72 10
10 73 56
10 74 88
10 75 90
10 76 49
10 77 62
10 78 80
10 79 78
10 80 49
10 81 80
10 82 17
10 83 48
10 84 91
10 85 19
10 86 5
10 87 72
10 88 96
10 89 97
10 90 87
10 91 88
11 12 14
11 13 35
11 14 79
11 15 6
11 16 11
11 17 32
11 18 89
11 19 71
11 20 29
11 21 22
11 22 9
11 23 34
11 24 54
11 25 87
11 26 56
11 27 41
11 28 18
11 29 27
11 30 83
11 31 92
11 32 12
11 33 30
11 34 76
11 35 17
11 36 23
11 37 57
11 38 86
11 39 47
11 40 88
11 41 76
11 42 44
11 43 70
11 44 32
11 45 90
11 46 47
11 47 94
11 48 11
11 49 72
11 50 46
11 51 78
11 52 27
11 53 65
11 54 18
11 55 63
11 56 47
11 57 84
11 58 72
11 59 75
11 60 17
11 61 26
11 62 67
11 63 45
11 64 8
11 65 19
11 66 5
11 67 35
11 68 87
11 69 25
11 70 41
11 71 82
11 72 30
11 73 90
11 74 78
11 75 19
11 76 96
11 77 24
11 78 75
11 79 13
11 80 2
11 81 22
11 82 75
11 83 93
11 84 87
11 85 9
11 86 28
11 87 25
11 88 27
11 89 91
11 90 71
11 91 87
12 13 42
12 14 33
12 15 20
12 16 61
12 17 89
12 18 97
12 19 11
12 20 75
12 21 20
12 22 97
12 23 31
12 24 24
12 25 49
12 26 85
12 27 48
12 28 42
12 29 30
12 30 44
12 31 18
12 32 46
12 33 53
12 34 15
12 35 12
12 36 89
12 37 53
12 38 83
12 39 25
12 40 54
12 41 84
12 42 26
12 43 82
12 44 29
12 45 57
12 46 52
12 47 68
12 48 76
12 49 15
12 50 14
12 51 4
12 52 55
12 53 8
12 54 61
12 55 36
12 56 9
12 57 75
12 58 9
12 59 87
12 60 95
12 61 49
12 62 90
12 63 84
12 64 53
12 65 88
12 66 72
12 67 72
12 68 79
12 69 62
12 70 63
12 71 22
12 72 16
12 73 18
12 74 32
12 75 75
12 76 82
12 77 49
12 78 2
12 79 78
12 80 3
12 81 64
12 82 21
12 83 15
12 84 2
12 85 66
12 86 76
12 87 1
12 88 98
12 89 75
12 90 29
12 91 34
13 14 38
13 15 86
13 16 4
13 17 20
13 18 95
13 19 62
13 20 21
13 21 34
13 22 21
13 23 72
13 24 89
13 25 62
13 26 85
13 27 48
13 28 88
13 29 12
13 30 19
13 31 57
13 32 61
13 33 39
13 34 92
13 35 44
13 36 25
13 37 73
13 38 23
13 39 7
13 40 70
13 41 81
13 42 49
13 43 61
13 44 13
13 45 61
13 46 18
13 47 63
13 48 53
13 49 39
13 50 11
13 51 32
13 52 99
13 53 42
13 54 78
13 55 5
13 56 49
13 57 73
13 58 73
13 59 30
13 60 71
13 61 62
13 62 90
13 63 43
13 64 20
13 65 73
13 66 27
13 67 55
13 68 18
13 69 75
13 70 70
13 71 97
13 72 93
13 73 86
13 74 47
13 75 34
13 76 43
13 77 33
13 78 38
13 79 89
13 80 68
13 81 86
13 82 70
13 83 98
13 84 32
13 85 6
13 86 88
13 87 57
13 88 30
13 89 88
13 90 31
13 91 1
14 15 74
14 16 51
14 17 97
14 18 88
14 19 30
14 20 21
14 21 40
14 22 33
14 23 94
14 24 99
14 25 91
14 26 52
14 27 95
14 28 57
14 29 57
14 30 85
14 31 43
14 32 99
14 33 30
14 34 36
14 35 37
14 36 73
14 37 21
14 38 69
14 39 71
14 40 13
14 41 65
14 42 54
14 43 59
14 44 90
14 45 64
14 46 43
14 47 41
14 48 32
14 49 87
14 50 6
14 51 56
14 52 89
14 53 77
14 54 15
14 55 78
14 56 82
14 57 46
14 58 68
14 59 10
14 60 9
14 61 31
14 62 69
14 63 29
14 64 78
14 65 32
14 66 92
14 67 13
14 68 93
14 69 44
14 70 9
14 71 42
14 72 63
14 73 17
14 74 87
14 75 39
14 76 50
14 77 57
14 78 80
14 79 37
14 80 47
14 81 62
14 82 10
14 83 30
14 84 56
14 85 36
14 86 52
14 87 44
14 88 95
14 89 62
14 90 1
14 91 16
15 16 24
15 17 85
15 18 80
15 19 45
15 20 14
15 21 77
15 22 81
15 23 4
15 24 98
15 25 74
15 26 77
15 27 43
15 28 33
15 29 84
15 30 28
15 31 85
15 32 47
15 33 11
15 34 91
15 35 17
15 36 13
15 37 18
15 38 82
15 39 22
15 40 34
15 41 9
15 42 33
15 43 61
15 44 91
15 45 5
15 46 43
15 47 12
15 48 97
15 49 6
15 50 55
15 51 85
15 52 14
15 53 13
15 54 68
15 55 90
15 56 50
15 57 4
15 58 7
15 59 72
15 60 95
15 61 65
15 62 58
15 63 55
15 64 73
15 65 53
15 66 71
15 67 32
15 68 76
15 69 50
15 70 98
15 71 67
15 72 8
15 73 9
15 74 42
15 75 12
15 76 47
15 77 53
15 78 96
15 79 96
15 80 87
15 81 26
15 82 6
15 83 66
15 84 42
15 85 69
15 86 74
15 87 26
15 88 40
15 89 72
15 90 55
15 91 88
16 17 54
16 18 4
16 19 32
16 20 79
16 21 3
16 22 93
16 23 62
16 24 54
16 25 63
16 26 74
16 27 76
16 28 84
16 29 62
16 30 74
16 31 78
16 32 66
16 33 14
16 34 16
16 35 17
16 36 36
16 37 82
16 38 27
16 39 59
16 40 73
16 41 54
16 42 37
16 43 92
16 44 74
16 45 96
16 46 64
16 47 62
16 48 85
16 49 25
16 50 44
16 51 13
16 52 78
16 53 17
16 54 81
16 55 51
16 56 34
16 57 74
16 58 90
16 59 73
16 60 96
16 61 75
16 62 56
16 63 84
16 64 64
16 65 75
16 66 34
16 67 7
16 68 91
16 69 46
16 70 36
16 71 40
16 72 76
16 73 44
16 74 30
16 75 64
16 76 10
16 77 55
16 78 43
16 79 43
16 80 40
16 81 87
16 82 84
16 83 66
16 84 42
16 85 37
16 86 47
16 87 47
16 88 3
16 89 42
16 90 65
16 91 53
17 18 78
17 19 22
17 20 32
17 21 6
17 22 63
17 23 11
17 24 37
17 25 79
17 26 11
17 27 73
17 28 69
17 29 85
17 30 69
17 31 58
17 32 42
17 33 38
17 34 21
17 35 52
17 36 44
17 37 29
17 38 6
17 39 93
17 40 71
17 41 40
17 42 31
17 43 52
17 44 39
17 45 78
17 46 2
17 47 21
17 48 11
17 49 31
17 50 25
17 51 12
17 52 31
17 53 21
17 54 21
17 55 59
17 56 43
17 57 88
17 58 64
17 59 8
17 60 71
17 61 18
17 62 66
17 63 92
17 64 25
17 65 19
17 66 35
17 67 93
17 68 42
17 69 49
17 70 99
17 71 44
17 72 6
17 73 35
17 74 2
17 75 3
17 76 89
17 77 49
17 78 38
17 79 90
17 80 69
17 81 60
17 82 25
17 83 74
17 84 47
17 85 32
17 86 64
17 87 95
17 88 8
17 89 38
17 90 20
17 91 82
18 19 56
18 20 17
18 21 3
18 22 45
18 23 96
18 24 12
18 25 22
18 26 77
18 27 47
18 28 59
18 29 18
18 30 87
18 31 40
18 32 70
18 33 16
18 34 9
18 35 39
18 36 87
18 37 42
18 38 32
18 39 99
18 40 69
18 41 80
18 42 52
18 43 92
18 44 80
18 45 45
18 46 77
18 47 27
18 48 63
18 49 14
18 50 81
18 51 14
18 52 84
18 53 7
18 54 45
18 55 96
18 56 67
18 57 43
18 58 51
18 59 13
18 60 95
18 61 77
18 62 68
18 63 56
18 64 61
18 65 95
18 66 34
18 67 61
18 68 18
18 69 20
18 70 12
18 71 82
18 72 80
18 73 1
18 74 31
18 75 22
18 76 7
18 77 81
18 78 16
18 79 6
18 80 81
18 81 77
18 82 48
18 83 73
18 84 58
18 85 4
18 86 74
18 87 13
18 88 6
18 89 99
18 90 60
18 91 9
19 20 3
19 21 32
19 22 13
19 23 32
19 24 93
19 25 4
19 26 24
19 27 59
19 28 45
19 29 85
19 30 52
19 31 85
19 32 32
19 33 10
19 34 61
19 35 15
19 36 56
19 37 96
19 38 72
19 39 50
19 40 19
19 41 7
19 42 29
19 43 90
19 44 11
19 45 45
19 46 64
19 47 55
19 48 19
19 49 67
19 50 96
19 51 35
19 52 80
19 53 40
19 54 19
19 55 76
19 56 60
19 57 66
19 58 38
19 59 10
19 60 28
19 61 61
19 62 79
19 63 98
19 64 82
19 65 83
19 66 1
19 67 94
19 68 59
19 69 28
19 70 71
19 71 34
19 72 91
19 73 46
19 74 58
19 75 9
19 76 39
19 77 74
19 78 24
19 79 38
19 80 76
19 81 23
19 82 38
19 83 85
19 84 82
19 85 20
19 86 59
19 87 57
19 88 94
19 89 90
19 90 78
19 91 48
20 21 44
20 22 56
20 23 12
20 24 42
20 25 86
20 26 18
20 27 40
20 28 10
20 29 62
20 30 14
20 31 26
20 32 35
20 33 63
20 34 12
20 35 73
20 36 18
20 37 89
20 38 11
20 39 67
20 40 15
20 41 51
20 42 42
20 43 34
20 44 92
20 45 64
20 46 34
20 47 92
20 48 18
20 49 90
20 50 23
20 51 86
20 52 26
20 53 75
20 54 47
20 55 85
20 56 25
20 57 98
20 58 2
20 59 24
20 60 92
20 61 30
20 62 52
20 63 21
20 64 78
20 65 43
20 66 2
20 67 7
20 68 10
20 69 92
20 70 41
20 71 48
20 72 81
20 73 19
20 74 51
20 75 46
20 76 49
20 77 78
20 78 63
20 79 29
20 80 37
20 81 17
20 82 90
20 83 56
20 84 56
20 85 13
20 86 60
20 87 83
20 88 35
20 89 17
20 90 89
20 91 76
21 22 23
21 23 46
21 24 78
21 25 6
21 26 7
21 27 92
21 28 80
21 29 94
21 30 43
21 31 20
21 32 16
21 33 67
21 34 88
21 35 92
21 36 7
21 37 49
21 38 30
21 39 55
21 40 42
21 41 8
21 42 96
21 43 48
21 44 97
21 45 63
21 46 99
21 47 97
21 48 47
21 49 18
21 50 99
21 51 58
21 52 68
21 53 17
21 54 50
21 55 32
21 56 14
21 57 89
21 58 97
21 59 72
21 60 4
21 61 3
21 62 5
21 63 18
21 64 6
21 65 76
21 66 11
21 67 52
21 68 93
21 69 63
21 70 23
21 71 9
21 72 12
21 73 97
21 74 36
21 75 47
21 76 62
21 77 1
21 78 52
21 79 27
21 80 75
21 81 67
21 82 11
21 83 93
21 84 85
21 85 11
21 86 60
21 87 33
21 88 39
21 89 86
21 90 92
21 91 57
22 23 54
22 24 60
22 25 73
22 26 32
22 27 24
22 28 71
22 29 32
22 30 27
22 31 18
22 32 86
22 33 3
22 34 94
22 35 16
22 36 4
22 37 46
22 38 75
22 39 27
22 40 76
22 41 34
22 42 73
22 43 66
22 44 1
22 45 68
22 46 95
22 47 62
22 48 86
22 49 64
22 50 45
22 51 33
22 52 69
22 53 15
22 54 7
22 55 68
22 56 34
22 57 95
22 58 61
22 59 9
22 60 61
22 61 11
22 62 75
22 63 62
22 64 6
22 65 99
22 66 93
22 67 56
22 68 54
22 69 98
22 70 20
22 71 15
22 72 76
22 73 32
22 74 54
22 75 24
22 76 1
22 77 79
22 78 9
22 79 57
22 80 97
22 81 44
22 82 37
22 83 74
22 84 88
22 85 63
22 86 52
22 87 96
22 88 51
22 89 51
22 90 13
22 91 77
23 24 20
23 25 39
23 26 37
23 27 23
23 28 41
23 29 37
23 30 53
23 31 46
23 32 71
23 33 11
23 34 64
23 35 62
23 36 83
23 37 99
23 38 29
23 39 14
23 40 96
23 41 34
23 42 11
23 43 94
23 44 57
23 45 43
23 46 33
23 47 34
23 48 47
23 49 87
23 50 76
23 51 12
23 52 28
23 53 7
23 54 78
23 55 44
23 56 33
23 57 62
23 58 25
23 59 15
23 60 4
23 61 52
23 62 84
23 63 7
23 64 33
23 65 14
23 66 15
23 67 92
23 68 76
23 69 32
23 70 5
23 71 66
23 72 64
23 73 80
23 74 87
23 75 67
23 76 2
23 77 2
23 78 84
23 79 11
23 80 17
23 81 33
23 82 22
23 83 44
23 84 45
23 85 60
23 86 70
23 87 38
23 88 32
23 89 17
23 90 60
23 91 87
24 25 52
24 26 50
24 27 16
24 28 35
24 29 77
24 30 98
24 31 86
24 32 81
24 33 28
24 34 39
24 35 39
24 36 53
24 37 36
24 38 61
24 39 18
24 40 30
24 41 62
24 42 19
24 43 76
24 44 73
24 45 24
24 46 90
24 47 74
24 48 75
24 49 42
24 50 52
24 51 56
24 52 62
24 53 70
24 54 1
24 55 22
24 56 54
24 57 64
24 58 71
24 59 56
24 60 62
24 61 26
24 62 2
24 63 88
24 64 6
24 65 71
24 66 7
24 67 60
24 68 85
24 69 32
24 70 62
24 71 26
24 72 58
24 73 25
24 74 9
24 75 30
24 76 55
24 77 48
24 78 40
24 79 37
24 80 62
24 81 96
24 82 27
24 83 4
24 84 94
24 85 60
24 86 47
24 87 58
24 88 12
24 89 62
24 90 9
24 91 91
25 26 4
25 27 75
25 28 99
25 29 62
25 30 27
25 31 81
25 32 18
25 33 42
25 34 92
25 35 29
25 36 43
25 37 90
25 38 47
25 39 24
25 40 77
25 41 79
25 42 71
25 43 97
25 44 22
25 45 2
25 46 22
25 47 2
25 48 70
25 49 92
25 50 57
25 51 30
25 52 41
25 53 3
25 54 53
25 55 42
25 56 15
25 57 45
25 58 24
25 59 73
25 60 64
25 61 7
25 62 6
25 63 96
25 64 92
25 65 91
25 66 98
25 67 23
25 68 33
25 69 77
25 70 56
25 71 39
25 72 17
25 73 28
25 74 65
25 75 62
25 76 16
25 77 85
25 78 17
25 79 4
25 80 50
25 81 91
25 82 95
25 83 72
25 84 86
25 85 39
25 86 83
25 87 58
25 88 6
25 89 46
25 90 39
25 91 10
26 27 86
26 28 13
26 29 32
26 30 60
26 31 90
26 32 70
26 33 23
26 34 85
26 35 35
26 36 38
26 37 88
26 38 87
26 39 10
26 40 79
26 41 93
26 42 70
26 43 10
26 44 50
26 45 54
26 46 60
26 47 66
26 48 11
26 49 64
26 50 86
26 51 61
26 52 97
26 53 13
26 54 94
26 55 59
26 56 45
26 57 51
26 58 76
26 59 8
26 60 52
26 61 64
26 62 18
26 63 45
26 64 18
26 65 40
26 66 79
26 67 70
26 68 57
26 69 17
26 70 78
26 71 88
26 72 69
26 73 8
26 74 22
26 75 60
26 76 12
26 77 24
26 78 65
26 79 41
26 80 71
26 81 35
26 82 91
26 83 59
26 84 58
26 85 9
26 86 41
26 87 7
26 88 23
26 89 73
26 90 90
26 91 84
27 28 69
27 29 73
27 30 74
27 31 12
27 32 34
27 33 12
27 34 37
27 35 84
27 36 25
27 37 11
27 38 3
27 39 5
27 40 35
27 41 59
27 42 80
27 43 10
27 44 45
27 45 61
27 46 93
27 47 15
27 48 24
27 49 51
27 50 16
27 51 53
27 52 5
27 53 94
27 54 49
27 55 35
27 56 93
27 57 98
27 58 26
27 59 30
27 60 17
27 61 36
27 62 64
27 63 38
27 64 66
27 65 57
27 66 84
27 67 15
27 68 86
27 69 96
27 70 58
27 71 44
27 72 33
27 73 35
27 74 30
27 75 56
27 76 32
27 77 69
27 78 62
27 79 94
27 80 95
27 81 44
27 82 9
27 83 56
27 84 71
27 85 22
27 86 69
27 87 67
27 88 61
27 89 58
27 90 46
27 91 8
28 29 70
28 30 99
28 31 2
28 32 78
28 33 87
28 34 90
28 35 73
28 36 16
28 37 66
28 38 41
28 39 79
28 40 10
28 41 92
28 42 61
28 43 94
28 44 93
28 45 38
28 46 81
28 47 52
28 48 93
28 49 8
28 50 75
28 51 23
28 52 60
28 53 48
28 54 21
28 55 22
28 56 95
28 57 13
28 58 64
28 59 94
28 60 75
28 61 90
28 62 28
28 63 13
28 64 64
28 65 46
28 66 97
28 67 99
28 68 21
28 69 67
28 70 71
28 71 52
28 72 82
28 73 6
28 74 20
28 75 89
28 76 67
28 77 14
28 78 34
28 79 37
28 80 49
28 81 95
28 82 59
28 83 50
28 84 41
28 85 48
28 86 96
28 87 80
28 88 38
28 89 33
28 90 94
28 91 45
29 30 66
29 31 14
29 32 54
29 33 37
29 34 12
29 35 22
29 36 30
29 37 42
29 38 33
29 39 93
29 40 78
29 41 84
29 42 96
29 43 47
29 44 79
29 45 88
29 46 68
29 47 2
29 48 62
29 49 33
29 50 39
29 51 2
29 52 32
29 53 2
29 54 2
29 55 8
29 56 67
29 57 18
29 58 53
29 59 25
29 60 19
29 61 57
29 62 53
29 63 93
29 64 45
29 65 5
29 66 60
29 67 3
29 68 1
29 69 87
29 70 76
29 71 65
29 72 85
29 73 78
29 74 49
29 75 57
29 76 70
29 77 41
29 78 24
29 79 34
29 80 68
29 81 14
29 82 87
29 83 95
29 84 11
29 85 89
29 86 27
29 87 73
29 88 43
29 89 55
29 90 6
29 91 2
30 31 99
30 32 36
30 33 34
30 34 22
30 35 28
30 36 32
30 37 36
30 38 67
30 39 91
30 40 57
30 41 2
30 42 20
30 43 39
30 44 97
30 45 91
30 46 15
30 47 31
30 48 89
30 49 48
30 50 59
30 51 28
30 52 76
30 53 16
30 54 18
30 55 8
30 56 99
30 57 5
30 58 62
30 59 74
30 60 1
30 61 47
30 62 11
30 63 63
30 64 53
30 65 12
30 66 45
30 67 14
30 68 68
30 69 16
30 70 61
30 71 10
30 72 37
30 73 5
30 74 43
30 75 80
30 76 59
30 77 42
30 78 47
30 79 1
30 80 52
30 81 5
30 82 92
30 83 64
30 84 7
30 85 78
30 86 63
30 87 35
30 88 80
30 89 41
30 90 87
30 91 95
31 32 52
31 33 26
31 34 65
31 35 68
31 36 96
31 37 62
31 38 63
31 39 14
31 40 97
31 41 12
31 42 40
31 43 72
31 44 46
31 45 85
31 46 66
31 47 98
31 48 34
31 49 27
31 50 56
31 51 24
31 52 60
31 53 64
31 54 90
31 55 33
31 56 45
31 57 56
31 58 23
31 59 30
31 60 87
31 61 2
31 62 61
31 63 57
31 64 30
31 65 23
31 66 21
31 67 11
31 68 39
31 69 52
31 70 72
31 71 83
31 72 29
31 73 6
31 74 31
31 75 45
31 76 54
31 77 95
31 78 34
31 79 56
31 80 74
31 81 41
31 82 14
31 83 84
31 84 74
31 85 83
31 86 55
31 87 67
31 88 47
31 89 28
31 90 22
31 91 96
32 33 9
32 34 4
32 35 39
32 36 3
32 37 95
32 38 64
32 39 18
32 40 32
32 41 94
32 42 82
32 43 90
32 44 23
32 45 53
32 46 69
32 47 17
32 48 17
32 49 6
32 50 66
32 51 82
32 52 5
32 53 3
32 54 87
32 55 34
32 56 60
32 57 41
32 58 44
32 59 81
32 60 94
32 61 39
32 62 18
32 63 74
32 64 92
32 65 2
32 66 71
32 67 67
32 68 83
32 69 2
32 70 98
32 71 41
32 72 18
32 73 95
32 74 5
32 75 82
32 76 21
32 77 60
32 78 94
32 79 28
32 80 6
32 81 10
32 82 23
32 83 57
32 84 44
32 85 54
32 86 91
32 87 36
32 88 8
32 89 21
32 90 68
32 91 74
33 34 56
33 35 96
33 36 13
33 37 62
33 38 81
33 39 93
33 40 19
33 41 35
33 42 72
33 43 56
33 44 65
33 45 50
33 46 32
33 47 94
33 48 36
33 49 90
33 50 18
33 51 95
33 52 25
33 53 18
33 54 88
33 55 65
33 56 6
33 57 10
33 58 35
33 59 1
33 60 65
33 61 26
33 62 77
33 63 16
33 64 96
33 65 52
33 66 51
33 67 61
33 68 47
33 69 43
33 70 67
33 71 74
33 72 48
33 73 3
33 74 60
33 75 96
33 76 61
33 77 9
33 78 53
33 79 59
33 80 20
33 81 33
33 82 81
33 83 50
33 84 16
33 85 51
33 86 83
33 87 89
33 88 69
33 89 29
33 90 45
33 91 63
34 35 46
34 36 82
34 37 52
34 38 93
34 39 11
34 40 40
34 41 11
34 42 36
34 43 12
34 44 51
34 45 10
34 46 25
34 47 88
34 48 72
34 49 11
34 50 92
34 51 39
34 52 57
34 53 12
34 54 88
34 55 88
34 56 87
34 57 83
34 58 89
34 59 66
34 60 69
34 61 23
34 62 75
34 63 93
34 64 79
34 65 50
34 66 60
34 67 74
34 68 19
34 69 48
34 70 35
34 71 63
34 72 31
34 73 23
34 74 59
34 75 85
34 76 7
34 77 97
34 78 14
34 79 33
34 80 33
34 81 3
34 82 62
34 83 75
34 84 87
34 85 49
34 86 69
34 87 63
34 88 30
34 89 70
34 90 72
34 91 3
35 36 37
35 37 43
35 38 5
35 39 46
35 40 68
35 41 72
35 42 28
35 43 47
35 44 18
35 45 70
35 46 17
35 47 38
35 48 63
35 49 10
35 50 91
35 51 22
35 52 52
35 53 77
35 54 18
35 55 49
35 56 91
35 57 90
35 58 51
35 59 90
35 60 57
35 61 71
35 62 34
35 63 97
35 64 25
35 65 43
35 66 75
35 67 61
35 68 76
35 69 37
35 70 59
35 71 52
35 72 34
35 73 14
35 74 12
35 75 18
35 76 1
35 77 65
35 78 57
35 79 52
35 80 38
35 81 40
35 82 98
35 83 32
35 84 11
35 85 49
35 86 4
35 87 59
35 88 23
35 89 34
35 90 19
35 91 37
36 37 98
36 38 89
36 39 71
36 40 63
36 41 69
36 42 57
36 43 49
36 44 12
36 45 18
36 46 84
36 47 19
36 48 69
36 49 37
36 50 39
36 51 53
36 52 5
36 53 20
36 54 54
36 55 66
36 56 62
36 57 75
36 58 28
36 59 87
36 60 3
36 61 64
36 62 51
36 63 77
36 64 24
36 65 55
36 66 48
36 67 4
36 68 43
36 69 27
36 70 59
36 71 66
36 72 65
36 73 41
36 74 18
36 75 31
36 76 93
36 77 38
36 78 45
36 79 92
36 80 49
36 81 14
36 82 84
36 83 3
36 84 51
36 85 39
36 86 31
36 87 77
36 88 25
36 89 62
36 90 42
36 91 48
37 38 19
37 39 85
37 40 49
37 41 40
37 42 27
37 43 82
37 44 86
37 45 74
37 46 68
37 47 53
37 48 80
37 49 50
37 50 89
37 51 96
37 52 91
37 53 43
37 54 12
37 55 15
37 56 92
37 57 74
37 58 56
37 59 74
37 60 6
37 61 66
37 62 9
37 63 31
37 64 31
37 65 87
37 66 46
37 67 98
37 68 62
37 69 97
37 70 99
37 71 24
37 72 84
37 73 68
37 74 84
37 75 51
37 76 23
37 77 40
37 78 20
37 79 2
37 80 16
37 81 17
37 82 10
37 83 46
37 84 13
37 85 54
37 86 15
37 87 10
37 88 85
37 89 54
37 90 36
37 91 21
38 39 5
38 40 28
38 41 45
38 42 78
38 43 75
38 44 22
38 45 6
38 46 46
38 47 46
38 48 27
38 49 62
38 50 44
38 51 22
38 52 48
38 53 34
38 54 2
38 55 53
38 56 95
38 57 67
38 58 68
38 59 71
38 60 48
38 61 55
38 62 79
38 63 55
38 64 83
38 65 55
38 66 11
38 67 87
38 68 65
38 69 18
38 70 1
38 71 51
38 72 36
38 73 9
38 74 87
38 75 98
38 76 80
38 77 68
38 78 17
38 79 25
38 80 47
38 81 68
38 82 6
38 83 17
38 84 90
38 85 29
38 86 99
38 87 27
38 88 25
38 89 15
38 90 34
38 91 68
39 40 30
39 41 67
39 42 10
39 43 76
39 44 15
39 45 29
39 46 17
39 47 34
39 48 65
39 49 32
39 50 29
39 51 18
39 52 58
39 53 22
39 54 77
39 55 26
39 56 50
39 57 95
39 58 66
39 59 83
39 60 63
39 61 66
39 62 20
39 63 58
39 64 66
39 65 48
39 66 37
39 67 30
39 68 44
39 69 7
39 70 25
39 71 91
39 72 10
39 73 25
39 74 43
39 75 60
39 76 83
39 77 94
39 78 65
39 79 59
39 80 62
39 81 89
39 82 56
39 83 76
39 84 47
39 85 22
39 86 56
39 87 78
39 88 9
39 89 81
39 90 38
39 91 81
40 41 48
40 42 42
40 43 65
40 44 28
40 45 60
40 46 2
40 47 59
40 48 32
40 49 27
40 50 42
40 51 13
40 52 87
40 53 48
40 54 3
40 55 87
40 56 62
40 57 3
40 58 77
40 59 5
40 60 10
40 61 79
40 62 62
40 63 79
40 64 28
40 65 37
40 66 60
40 67 22
40 68 35
40 69 90
40 70 46
40 71 28
40 72 12
40 73 84
40 74 69
40 75 36
40 76 46
40 77 18
40 78 90
40 79 49
40 80 52
40 81 63
40 82 12
40 83 64
40 84 54
40 85 15
40 86 22
40 87 83
40 88 89
40 89 64
40 90 5
40 91 34
41 42 70
41 43 39
41 44 51
41 45 99
41 46 84
41 47 99
41 48 91
41 49 30
41 50 99
41 51 17
41 52 9
41 53 17
41 54 40
41 55 30
41 56 84
41 57 73
41 58 92
41 59 13
41 60 33
41 61 94
41 62 85
41 63 89
41 64 69
41 65 92
41 66 89
41 67 2
41 68 91
41 69 44
41 70 56
41 71 85
41 72 22
41 73 47
41 74 86
41 75 62
41 76 60
41 77 40
41 78 55
41 79 23
41 80 32
41 81 90
41 82 5
41 83 73
41 84 48
41 85 31
41 86 44
41 87 98
41 88 12
41 89 52
41 90 50
41 91 84
42 43 99
42 44 84
42 45 23
42 46 79
42 47 11
42 48 49
42 49 1
42 50 63
42 51 90
42 52 84
42 53 94
42 54 38
42 55 67
42 56 51
42 57 34
42 58 2
42 59 13
42 60 57
42 61 6
42 62 52
42 63 56
42 64 78
42 65 99
42 66 67
42 67 5
42 68 57
42 69 93
42 70 27
42 71 98
42 72 63
42 73 2
42 74 92
42 75 26
42 76 87
42 77 9
42 78 42
42 79 35
42 80 92
42 81 27
42 82 75
42 83 76
42 84 51
42 85 2
42 86 98
42 87 36
42 88 10
42 89 28
42 90 82
42 91 5
43 44 68
43 45 71
43 46 27
43 47 84
43 48 33
43 49 39
43 50 45
43 51 89
43 52 10
43 53 8
43 54 23
43 55 35
43 56 1
43 57 82
43 58 91
43 59 95
43 60 91
43 61 19
43 62 32
43 63 16
43 64 38
43 65 95
43 66 21
43 67 81
43 68 57
43 69 56
43 70 85
43 71 46
43 72 20
43 73 89
43 74 95
43 75 33
43 76 72
43 77 54
43 78 23
43 79 88
43 80 73
43 81 61
43 82 91
43 83 62
43 84 74
43 85 36
43 86 80
43 87 34
43 88 80
43 89 94
43 90 86
43 91 50
44 45 4
44 46 41
44 47 97
44 48 33
44 49 7
44 50 31
44 51 44
44 52 26
44 53 83
44 54 78
44 55 90
44 56 44
44 57 65
44 58 92
44 59 31
44 60 70
44 61 41
44 62 70
44 63 5
44 64 9
44 65 78
44 66 81
44 67 36
44 68 5
44 69 50
44 70 50
44 71 3
44 72 50
44 73 66
44 74 25
44 75 64
44 76 49
44 77 91
44 78 59
44 79 33
44 80 68
44 81 24
44 82 51
44 83 12
44 84 74
44 85 89
44 86 46
44 87 68
44 88 66
44 89 24
44 90 76
44 91 41
45 46 52
45 47 39
45 48 38
45 49 53
45 50 93
45 51 56
45 52 47
45 53 81
45 54 49
45 55 21
45 56 60
45 57 87
45 58 49
45 59 78
45 60 50
45 61 13
45 62 86
45 63 30
45 64 72
45 65 15
45 66 24
45 67 20
45 68 47
45 69 33
45 70 99
45 71 43
45 72 7
45 73 5
45 74 28
45 75 31
45 76 89
45 77 51
45 78 1
45 79 10
45 80 31
45 81 63
45 82 7
45 83 83
45 84 88
45 85 48
45 86 89
45 87 79
45 88 69
45 89 57
45 90 65
45 91 73
46 47 27
46 48 24
46 49 2
46 50 74
46 51 87
46 52 34
46 53 55
46 54 55
46 55 48
46 56 25
46 57 25
46 58 15
46 59 36
46 60 48
46 61 10
46 62 13
46 63 21
46 64 35
46 65 10
46 66 3
46 67 13
46 68 75
46 69 46
46 70 1
46 71 73
46 72 83
46 73 53
46 74 98
46 75 8
46 76 86
46 77 42
46 78 5
46 79 43
46 80 28
46 81 11
46 82 70
46 83 40
46 84 57
46 85 18
46 86 52
46 87 74
46 88 73
46 89 77
46 90 70
46 91 6
47 48 76
47 49 45
47 50 6
47 51 6
47 52 37
47 53 92
47 54 68
47 55 85
47 56 38
47 57 45
47 58 64
47 59 37
47 60 64
47 61 62
47 62 81
47 63 65
47 64 56
47 65 24
47 66 98
47 67 91
47 68 25
47 69 30
47 70 13
47 71 36
47 72 89
47 73 7
47 74 73
47 75 12
47 76 14
47 77 42
47 78 20
47 79 79
47 80 76
47 81 40
47 82 64
47 83 72
47 84 21
47 85 73
47 86 76
47 87 92
47 88 73
47 89 28
47 90 77
47 91 12
48 49 55
48 50 27
48 51 22
48 52 16
48 53 99
48 54 5
48 55 55
48 56 87
48 57 91
48 58 92
48 59 19
48 60 48
48 61 18
48 62 67
48 63 62
48 64 1
48 65 68
48 66 7
48 67 27
48 68 98
48 69 47
48 70 23
48 71 28
48 72 79
48 73 86
48 74 43
48 75 89
48 76 58
48 77 88
48 78 62
48 79 8
48 80 88
48 81 93
48 82 11
48 83 1
48 84 77
48 85 38
48 86 67
48 87 14
48 88 92
48 89 29
48 90 59
48 91 38
49 50 49
49 51 96
49 52 55
49 53 76
49 54 6
49 55 45
49 56 31
49 57 10
49 58 96
49 59 21
49 60 22
49 61 65
49 62 88
49 63 90
49 64 97
49 65 32
49 66 92
49 67 74
49 68 70
49 69 26
49 70 64
49 71 5
49 72 78
49 73 82
49 74 66
49 75 33
49 76 34
49 77 35
49 78 26
49 79 43
49 80 44
49 81 69
49 82 92
49 83 45
49 84 42
49 85 31
49 86 46
49 87 3
49 88 22
49 89 37
49 90 63
49 91 64
50 51 77
50 52 19
50 53 65
50 54 11
50 55 43
50 56 81
50 57 18
50 58 39
50 59 66
50 60 56
50 61 36
50 62 89
50 63 54
50 64 88
50 65 37
50 66 91
50 67 71
50 68 10
50 69 4
50 70 59
50 71 55
50 72 61
50 73 47
50 74 69
50 75 23
50 76 78
50 77 14
50 78 40
50 79 44
50 80 54
50 81 17
50 82 75
50 83 40
50 84 74
50 85 69
50 86 23
50 87 76
50 88 9
50 89 6
50 90 93
50 91 88
51 52 72
51 53 63
51 54 28
51 55 60
51 56 15
51 57 35
51 58 15
51 59 97
51 60 83
51 61 62
51 62 53
51 63 86
51 64 42
51 65 51
51 66 88
51 67 12
51 68 72
51 69 86
51 70 51
51 71 95
51 72 64
51 73 63
51 74 14
51 75 47
51 76 94
51 77 3
51 78 30
51 79 85
51 80 77
51 81 8
51 82 5
51 83 87
51 84 96
51 85 86
51 86 97
51 87 91
51 88 68
51 89 90
51 90 77
51 91 53
52 53 47
52 54 99
52 55 85
52 56 18
52 57 27
52 58 30
52 59 56
52 60 37
52 61 41
52 62 84
52 63 18
52 64 81
52 65 66
52 66 5
52 67 67
52 68 72
52 69 96
52 70 18
52 71 75
52 72 88
52 73 36
52 74 19
52 75 23
52 76 57
52 77 82
52 78 78
52 79 44
52 80 77
52 81 36
52 82 81
52 83 77
52 84 93
52 85 85
52 86 9
52 87 10
52 88 92
52 89 3
52 90 76
52 91 25
53 54 58
53 55 91
53 56 37
53 57 54
53 58 30
53 59 44
53 60 28
53 61 75
53 62 79
53 63 4
53 64 51
53 65 31
53 66 75
53 67 70
53 68 29
53 69 81
53 70 79
53 71 30
53 72 99
53 73 3
53 74 18
53 75 95
53 76 69
53 77 40
53 78 12
53 79 55
53 80 94
53 81 88
53 82 2
53 83 26
53 84 32
53 85 57
53 86 12
53 87 7
53 88 43
53 89 28
53 90 79
53 91 89
54 55 77
54 56 29
54 57 86
54 58 8
54 59 91
54 60 93
54 61 28
54 62 62
54 63 97
54 64 44
54 65 48
54 66 72
54 67 33
54 68 82
54 69 26
54 70 12
54 71 54
54 72 67
54 73 76
54 74 26
54 75 48
54 76 32
54 77 77
54 78 11
54 79 35
54 80 18
54 81 98
54 82 94
54 83 63
54 84 42
54 85 7
54 86 35
54 87 90
54 88 4
54 89 79
54 90 17
54 91 78
55 56 81
55 57 37
55 58 57
55 59 99
55 60 38
55 61 21
55 62 33
55 63 71
55 64 72
55 65 77
55 66 11
55 67 70
55 68 12
55 69 98
55 70 50
55 71 11
55 72 36
55 73 99
55 74 79
55 75 74
55 76 59
55 77 22
55 78 95
55 79 60
55 80 27
55 81 53
55 82 23
55 83 1
55 84 72
55 85 31
55 86 77
55 87 42
55 88 84
55 89 78
55 90 22
55 91 66
56 57 86
56 58 24
56 59 43
56 60 96
56 61 82
56 62 24
56 63 18
56 64 50
56 65 6
56 66 81
56 67 97
56 68 32
56 69 45
56 70 6
56 71 56
56 72 29
56 73 35
56 74 8
56 75 29
56 76 83
56 77 80
56 78 10
56 79 47
56 80 6
56 81 37
56 82 31
56 83 2
56 84 91
56 85 3
56 86 90
56 87 77
56 88 87
56 89 19
56 90 10
56 91 25
57 58 79
57 59 60
57 60 92
57 61 68
57 62 48
57 63 95
57 64 92
57 65 81
57 66 82
57 67 57
57 68 70
57 69 60
57 70 35
57 71 70
57 72 24
57 73 15
57 74 92
57 75 76
57 76 32
57 77 10
57 78 11
57 79 65
57 80 98
57 81 91
57 82 85
57 83 13
57 84 41
57 85 32
57 86 58
57 87 47
57 88 54
57 89 47
57 90 57
57 91 65
58 59 38
58 60 51
58 61 82
58 62 86
58 63 40
58 64 17
58 65 21
58 66 65
58 67 21
58 68 86
58 69 73
58 70 98
58 71 31
58 72 97
58 73 44
58 74 23
58 75 51
58 76 69
58 77 74
58 78 8
58 79 32
58 80 24
58 81 47
58 82 65
58 83 70
58 84 32
58 85 21
58 86 28
58 87 55
58 88 98
58 89 28
58 90 42
58 91 54
59 60 68
59 61 27
59 62 5
59 63 34
59 64 11
59 65 77
59 66 91
59 67 30
59 68 34
59 69 87
59 70 12
59 71 3
59 72 19
59 73 67
59 74 10
59 75 91
59 76 41
59 77 45
59 78 23
59 79 74
59 80 62
59 81 98
59 82 58
59 83 68
59 84 72
59 85 16
59 86 12
59 87 2
59 88 18
59 89 96
59 90 43
59 91 85
60 61 94
60 62 55
60 63 60
60 64 55
60 65 76
60 66 2
60 67 31
60 68 77
60 69 49
60 70 99
60 71 92
60 72 81
60 73 29
60 74 82
60 75 57
60 76 1
60 77 43
60 78 57
60 79 61
60 80 8
60 81 98
60 82 37
60 83 57
60 84 78
60 85 3
60 86 82
60 87 52
60 88 11
60 89 10
60 90 29
60 91 30
61 62 47
61 63 23
61 64 20
61 65 58
61 66 26
61 67 72
61 68 93
61 69 21
61 70 62
61 71 3
61 72 79
61 73 17
61 74 79
61 75 46
61 76 93
61 77 86
61 78 99
61 79 66
61 80 35
61 81 90
61 82 53
61 83 5
61 84 95
61 85 83
61 86 20
61 87 93
61 88 16
61 89 55
61 90 86
61 91 20
62 63 10
62 64 10
62 65 32
62 66 84
62 67 37
62 68 45
62 69 54
62 70 66
62 71 32
62 72 9
62 73 95
62 74 46
62 75 54
62 76 55
62 77 24
62 78 36
62 79 74
62 80 90
62 81 71
62 82 17
62 83 40
62 84 61
62 85 34
62 86 27
62 87 10
62 88 95
62 89 2
62 90 8
62 91 54
63 64 23
63 65 68
63 66 83
63 67 3
63 68 75
63 69 75
63 70 74
63 71 80
63 72 87
63 73 61
63 74 52
63 75 43
63 76 77
63 77 24
63 78 21
63 79 16
63 80 40
63 81 92
63 82 87
63 83 73
63 84 17
63 85 96
63 86 20
63 87 88
63 88 15
63 89 61
63 90 67
63 91 43
64 65 99
64 66 36
64 67 38
64 68 65
64 69 11
64 70 7
64 71 98
64 72 89
64 73 41
64 74 19
64 75 80
64 76 36
64 77 72
64 78 50
64 79 56
64 80 83
64 81 83
64 82 38
64 83 38
64 84 46
64 85 12
64 86 16
64 87 84
64 88 29
64 89 41
64 90 54
64 91 65
65 66 13
65 67 58
65 68 82
65 69 85
65 70 58
65 71 16
65 72 66
65 73 64
65 74 78
65 75 76
65 76 81
65 77 29
65 78 68
65 79 15
65 80 89
65 81 1
65 82 79
65 83 40
65 84 91
65 85 96
65 86 62
65 87 72
65 88 30
65 89 51
65 90 71
65 91 62
66 67 85
66 68 9
66 69 24
66 70 86
66 71 39
66 72 87
66 73 9
66 74 17
66 75 66
66 76 95
66 77 3
66 78 98
66 79 41
66 80 93
66 81 93
66 82 18
66 83 9
66 84 14
66 85 10
66 86 91
66 87 65
66 88 87
66 89 12
66 90 82
66 91 48
67 68 16
67 69 19
67 70 45
67 71 35
67 72 5
67 73 42
67 74 3
67 75 90
67 76 47
67 77 28
67 78 8
67 79 78
67 80 50
67 81 63
67 82 41
67 83 35
67 84 50
67 85 12
67 86 15
67 87 62
67 88 99
67 89 5
67 90 77
67 91 70
68 69 11
68 70 6
68 71 86
68 72 94
68 73 13
68 74 61
68 75 73
68 76 69
68 77 99
68 78 45
68 79 40
68 80 16
68 81 5
68 82 35
68 83 41
68 84 8
68 85 77
68 86 54
68 87 77
68 88 70
68 89 52
68 90 5
68 91 81
69 70 81
69 71 6
69 72 69
69 73 14
69 74 32
69 75 73
69 76 28
69 77 10
69 78 8
69 79 47
69 80 25
69 81 87
69 82 75
69 83 62
69 84 6
69 85 48
69 86 47
69 87 62
69 88 63
69 89 86
69 90 56
69 91 94
70 71 27
70 72 27
70 73 36
70 74 38
70 75 12
70 76 54
70 77 77
70 78 84
70 79 58
70 80 73
70 81 47
70 82 76
70 83 68
70 84 37
70 85 41
70 86 60
70 87 30
70 88 93
70 89 96
70 90 37
70 91 20
71 72 28
71 73 84
71 74 60
71 75 64
71 76 14
71 77 10
71 78 46
71 79 69
71 80 6
71 81 69
71 82 94
71 83 97
71 84 87
71 85 21
71 86 99
71 87 37
71 88 75
71 89 55
71 90 75
71 91 94
72 73 37
72 74 61
72 75 69
72 76 84
72 77 25
72 78 14
72 79 4
72 80 6
72 81 56
72 82 64
72 83 60
72 84 44
72 85 73
72 86 58
72 87 62
72 88 82
72 89 28
72 90 7
72 91 81
73 74 45
73 75 99
73 76 28
73 77 96
73 78 39
73 79 5
73 80 15
73 81 42
73 82 67
73 83 19
73 84 11
73 85 65
73 86 9
73 87 79
73 88 88
73 89 92
73 90 28
73 91 83
74 75 66
74 76 87
74 77 1
74 78 44
74 79 72
74 80 48
74 81 42
74 82 27
74 83 28
74 84 4
74 85 60
74 86 97
74 87 2
74 88 7
74 89 75
74 90 10
74 91 2
75 76 84
75 77 79
75 78 29
75 79 69
75 80 32
75 81 41
75 82 44
75 83 47
75 84 2
75 85 35
75 86 31
75 87 53
75 88 90
75 89 42
75 90 58
75 91 76
76 77 2
76 78 58
76 79 73
76 80 84
76 81 34
76 82 9
76 83 35
76 84 77
76 85 38
76 86 74
76 87 79
76 88 90
76 89 38
76 90 91
76 91 13
77 78 70
77 79 98
77 80 68
77 81 52
77 82 54
77 83 99
77 84 70
77 85 10
77 86 75
77 87 31
77 88 75
77 89 26
77 90 39
77 91 10
78 79 98
78 80 95
78 81 57
78 82 81
78 83 67
78 84 24
78 85 46
78 86 29
78 87 34
78 88 7
78 89 64
78 90 31
78 91 58
79 80 80
79 81 26
79 82 65
79 83 89
79 84 36
79 85 39
79 86 99
79 87 43
79 88 66
79 89 43
79 90 80
79 91 32
80 81 57
80 82 23
80 83 75
80 84 2
80 85 2
80 86 9
80 87 69
80 88 49
80 89 56
80 90 22
80 91 25
81 82 31
81 83 61
81 84 81
81 85 50
81 86 26
81 87 81
81 88 52
81 89 84
81 90 2
81 91 57
82 83 82
82 84 26
82 85 23
82 86 18
82 87 14
82 88 8
82 89 22
82 90 59
82 91 8
83 84 25
83 85 67
83 86 38
83 87 38
83 88 52
83 89 48
83 90 79
83 91 10
84 85 9
84 86 89
84 87 13
84 88 54
84 89 76
84 90 81
84 91 38
85 86 9
85 87 33
85 88 98
85 89 86
85 90 48
85 91 20
86 87 76
86 88 77
86 89 91
86 90 79
86 91 86
87 88 8
87 89 70
87 90 12
87 91 20
88 89 74
88 90 98
88 91 5
89 90 43
89 91 36
90 91 40