100
0 3 38
0 98 27
0 15 46
0 29 79
0 91 34
3 5 39
3 37 52
3 18 79
3 41 69
3 77 14
98 19 52
98 69 37
98 84 79
98 89 54
98 78 75
98 98 47
1 72 29
1 23 42
1 7 25
1 49 20
72 68 68
72 87 43
72 78 83
23 88 59
23 91 84
23 34 78
23 36 4
23 62 39
2 42 79
2 34 25
42 17 67
42 19 71
42 58 56
42 63 30
42 43 30
42 96 86
34 53 75
34 35 30
5 77 64
5 53 52
37 17 85
37 82 40
37 15 22
37 38 58
37 56 15
37 57 77
37 63 80
37 65 14
4 7 40
4 26 9
4 22 82
4 44 72
7 66 86
7 33 55
26 66 56
26 29 78
26 30 51
77 66 68
53 25 11
53 90 16
53 60 48
53 92 33
6 43 28
6 35 67
6 24 88
6 46 4
43 50 55
35 8 17
66 21 91
66 83 23
8 11 72
8 15 37
8 16 13
8 63 76
8 87 51
11 93 64
11 75 70
11 32 64
11 68 35
15 61 92
15 55 29
9 87 19
9 18 76
9 36 96
9 38 68
9 64 59
87 75 24
87 56 88
18 13 33
18 18 26
18 83 96
10 81 30
10 89 42
10 85 66
10 91 50
81 62 59
81 67 89
81 44 91
89 95 51
93 39 81
93 88 39
93 56 39
93 83 60
75 45 66
75 48 69
75 84 69
12 56 29
12 60 2
56 70 12
60 60 39
13 65 37
65 45 75
65 48 53
65 74 27
14 30 24
14 28 96
14 40 60
30 84 18
30 61 98
30 97 28
28 19 69
28 27 19
28 40 55
28 73 53
28 97 44
61 69 63
61 70 73
61 90 82
16 45 54
16 76 32
45 76 65
45 86 40
17 21 83
17 80 53
19 67 81
19 82 88
20 73 34
20 29 24
20 31 66
20 83 90
73 95 32
29 97 12
29 69 38
21 83 73
21 27 69
22 33 79
22 59 33
33 63 57
88 82 18
88 51 90
24 84 21
84 44 50
84 64 50
25 99 86
25 68 76
25 85 72
99 50 6
99 52 82
99 79 40
99 86 2
99 94 8
99 38 54
68 78 55
27 62 13
27 57 61
62 54 91
62 67 93
97 54 68
97 55 31
97 94 14
31 50 75
31 71 49
50 76 4
32 47 86
47 71 77
47 49 16
63 70 95
82 48 26
38 46 37
38 79 59
39 58 10
58 46 35
58 59 22
58 80 25
40 51 69
41 46 76
71 96 40
49 76 37
49 92 4
48 54 35
51 86 71
51 95 46
52 96 7
96 94 18
90 94 41
59 78 41
95 74 26
74 85 64