100
0 33 4.94
0 75 9.325
0 77 13.64
0 63 13.769
0 49 16.671
0 73 18.358
0 36 18.075
0 30 18.632
0 78 27.066
0 21 24.012
1 38 2.79
1 82 2.4
1 97 4.92
1 52 5.285
1 18 5.586
1 11 9.741
1 81 9.698
1 4 10.682
1 60 10.197
1 50 11.599
2 67 3.132
2 41 7.7
2 28 8.242
2 43 8.363
2 19 7.93
2 12 10.15
2 86 8.834
2 94 10.806
2 65 9.859
2 7 11.399
3 92 3.775
3 96 6.701
3 42 8.161
3 30 8.71
3 36 8.895
3 74 10.045
3 22 10.368
3 88 10.532
3 68 10.829
3 9 11.33
4 25 2.303
4 18 4.712
4 97 6.375
4 81 6.233
4 58 7.263
4 24 6.846
4 16 7.925
4 27 7.821
4 87 9.223
5 46 3.414
5 20 4.205
5 91 8.959
5 14 8.55
5 50 12.742
5 62 11.403
5 99 12.171
5 39 15.691
5 11 17.46
5 37 17.853
6 39 3.009
6 41 8.936
6 62 10.223
6 14 10.742
6 67 12.34
6 99 13.686
6 43 13.658
6 28 15.123
6 20 14.867
6 46 17.547
7 65 2.892
7 19 2.953
7 12 5.455
7 28 9.246
7 59 9.384
7 51 8.526
7 61 11.022
7 57 12.215
7 67 11.979
8 98 4.296
8 40 4.77
8 21 5.102
8 78 6.989
8 72 7.845
8 44 7.484
8 54 8.239
8 9 8.77
8 48 8.656
8 79 9.215
9 72 2.565
9 22 3.021
9 54 3.295
9 79 4.366
9 98 5.265
9 58 7.651
9 44 8.532
9 21 9.841
10 26 1.544
10 13 4.425
10 69 5.79
10 47 7.044
10 15 8.723
10 37 9.158
10 11 11.355
10 55 10.665
10 34 10.077
10 90 11.655
11 52 4.328
11 37 5.196
11 38 5.921
11 26 9.401
11 97 9.687
11 13 10.694
11 82 11.309
12 65 3.109
12 28 6.071
12 19 6.14
12 83 6.646
12 35 8.523
12 59 9.558
12 67 10.279
12 51 12.633
13 26 3.216
13 37 5.238
13 69 6.25
13 15 10.062
13 47 10.861
13 90 11.042
13 52 13.314
13 97 15.335
14 20 5.012
14 46 5.911
14 39 7.394
14 91 7.601
14 50 8.692
14 62 11.107
14 94 17.124
14 99 16.04
15 90 1.247
15 47 3.508
15 69 4.07
15 55 4.287
15 70 9.234
15 26 9.501
15 31 13.491
15 37 16.289
16 24 2.795
16 27 3.686
16 25 5.718
16 87 5.929
16 34 6.326
16 84 7.431
16 17 9.574
16 48 9.664
16 44 10.733
17 66 2.56
17 31 3.772
17 71 5.783
17 84 6.525
17 27 7.134
17 70 7.554
17 76 7.525
17 24 9.457
17 95 10.093
18 81 4.804
18 82 6.531
18 38 6.391
18 25 7.036
18 60 7.856
18 97 7.734
18 52 8.618
18 32 10.321
19 65 3.267
19 28 5.252
19 67 8.685
19 59 10.173
19 43 12.585
19 23 11.844
19 86 12.318
20 46 4.533
20 91 6.466
20 62 10.175
20 50 9.753
20 39 12.619
20 99 14.767
20 94 16.042
21 78 0.804
21 98 4.697
21 40 8.574
21 73 9.438
21 49 10.428
21 30 10.327
21 63 10.771
22 79 2.548
22 72 4.916
22 54 6.39
22 98 7.663
22 80 7.24
22 88 8.163
22 42 9.309
22 58 10.704
23 57 3.749
23 80 6.656
23 51 6.766
23 32 8.135
23 60 10.385
23 64 9.271
23 86 11.854
23 79 12.494
23 54 12.126
24 27 1.087
24 34 3.702
24 25 5.352
24 84 8.639
24 87 9.011
24 31 8.831
24 48 10.538
25 27 6.438
25 87 7.104
25 97 8.029
25 81 8.691
25 34 8.32
25 58 10.041
26 69 7.487
26 37 9.168
26 47 8.973
26 90 12.829
26 55 11.613
26 34 11.98
27 34 3.98
27 84 7.672
27 31 8.709
27 87 8.779
27 48 9.734
28 67 4.799
28 43 5.869
28 65 8.066
28 83 8.844
28 35 10.027
29 45 6.901
29 61 7.947
29 74 7.756
29 64 8.457
29 59 10.29
29 51 10.497
29 92 12.528
29 68 13.317
29 42 12.222
29 96 12.977
29 93 17.423
30 36 2.534
30 77 8.363
30 49 7.529
30 73 7.358
30 75 10.84
30 78 11.614
30 98 11.187
31 70 4.111
31 66 6.385
31 34 7.369
31 71 9.016
31 84 10.601
31 47 11.351
32 60 4.76
32 86 7.428
32 53 7.773
32 81 8.328
32 94 8.639
32 57 10.274
32 82 10.281
32 80 11.006
33 77 6.896
33 75 10.9
33 49 10.153
33 63 10.959
33 73 12.89
33 36 15.046
33 78 22.369
33 76 22.164
33 96 25.055
34 70 11.228
34 97 10.167
34 84 12.59
35 83 6.943
35 59 7.762
35 89 9.187
35 61 9.721
35 65 10.237
35 56 11.896
35 85 14.811
35 67 13.293
35 93 18.267
36 75 9.086
36 77 9.73
36 49 10.376
36 73 9.478
36 96 10.945
36 92 12.543
37 52 8.615
37 97 10.693
37 38 11.667
37 69 12.276
38 52 2.537
38 82 4.99
38 97 5.759
38 50 10.614
38 81 12.102
38 60 13.339
39 62 10.363
39 41 11.985
39 67 13.02
39 46 11.987
39 50 14.897
39 99 15.461
40 48 3.422
40 95 5.624
40 44 7.599
40 84 7.497
40 78 8.448
40 98 9.412
40 54 10.452
40 71 9.402
41 43 6.095
41 67 5.84
41 94 12.322
41 53 14.947
41 83 15.187
41 86 15.183
41 62 14.925
41 99 21.05
42 88 2.587
42 68 3.865
42 92 4.445
42 96 6.498
42 64 6.533
42 74 8.809
42 80 11.365
43 67 5.355
43 83 8.194
43 65 13.928
43 86 17.512
43 89 19.163
44 87 4.719
44 58 4.617
44 54 5.677
44 72 6.081
44 48 8.468
44 98 8.343
45 74 9.725
45 93 9.875
45 85 12.118
45 96 14.06
45 61 14.865
45 56 14.998
45 59 17.617
45 64 15.714
45 92 17.708
46 62 8.991
46 91 10.428
46 99 10.376
46 50 14.713
46 94 19.835
47 55 4.49
47 90 4.31
47 69 4.544
47 70 8.785
47 66 16.744
48 95 4.411
48 84 4.793
48 71 6.371
48 76 5.814
49 73 1.476
49 77 3.953
49 63 8.987
49 78 8.697
49 75 12.053
50 91 4.079
50 52 10.872
50 82 10.329
51 57 4.289
51 80 4.991
51 64 8.619
51 65 10.0
51 68 11.207
51 86 12.902
52 97 5.516
52 82 8.533
52 81 12.34
53 94 2.447
53 86 3.172
53 60 12.6
53 91 11.955
53 81 13.207
53 82 13.305
53 57 16.969
53 80 19.703
54 72 1.053
54 79 4.625
54 58 4.53
54 98 9.283
55 90 2.883
55 70 7.09
55 69 7.76
55 66 17.809
55 76 20.368
55 71 22.373
56 85 2.89
56 93 6.554
56 89 8.871
56 61 15.939
56 59 18.364
56 83 20.166
56 65 21.776
56 74 23.789
57 80 2.675
57 64 6.947
57 79 8.531
57 68 10.089
57 88 10.726
58 72 5.57
58 87 5.96
58 81 6.444
58 60 7.781
59 61 2.444
59 65 8.37
59 89 14.138
59 93 13.158
60 81 5.496
60 82 10.394
60 87 11.566
61 89 12.881
61 93 12.798
61 85 12.886
61 64 13.919
62 99 5.23
62 91 17.109
62 94 29.069
63 73 8.918
63 77 9.555
63 78 10.096
63 76 13.457
63 95 13.87
63 98 16.925
64 68 3.088
64 88 4.828
64 80 5.504
66 71 2.625
66 84 4.381
66 76 6.319
66 95 6.169
66 70 9.909
66 87 11.576
68 88 1.404
68 80 6.434
68 92 7.873
68 74 8.749
69 90 4.781
69 70 12.875
69 84 18.916
70 90 9.401
70 71 13.791
71 76 3.779
71 95 3.619
71 87 10.158
72 79 3.883
72 98 8.933
72 80 13.299
72 88 13.713
73 77 5.768
73 78 8.334
73 75 13.272
74 96 5.322
74 92 6.755
74 88 11.307
74 79 20.118
75 77 12.114
75 78 15.393
75 96 18.216
75 92 22.142
76 95 4.146
76 77 20.702
76 90 22.839
77 95 15.768
79 88 10.736
79 92 15.703
82 91 15.513
83 89 9.865
83 85 21.517
83 93 24.78
83 86 26.856
85 93 3.822
85 89 10.037
85 96 23.117
85 92 30.962
85 88 31.169
86 94 2.658
89 93 16.083
89 96 28.382
89 94 37.271
90 95 23.705
91 99 21.34
91 95 44.388
93 99 60.183