100
0 1 65
0 2 50
0 3 65
0 4 9
0 5 86
0 6 98
0 7 78
0 8 42
0 9 25
0 10 90
0 11 30
0 12 65
0 13 8
0 14 66
0 15 74
0 16 71
0 17 66
0 18 3
0 19 28
0 20 82
0 21 29
0 22 84
0 23 81
0 24 62
0 25 52
0 26 36
0 27 26
0 28 71
0 29 64
0 30 91
0 31 84
0 32 5
0 33 81
0 34 26
0 35 27
0 36 68
0 37 54
0 38 91
0 39 24
0 40 18
0 41 28
0 42 61
0 43 18
0 44 90
0 45 89
0 46 91
0 47 89
0 48 8
0 49 58
0 50 3
0 51 71
0 52 16
0 53 63
0 54 35
0 55 21
0 56 35
0 57 54
0 58 15
0 59 22
0 60 17
0 61 99
0 62 38
0 63 31
0 64 41
0 65 29
0 66 74
0 67 87
0 68 32
0 69 49
0 70 46
0 71 6
0 72 71
0 73 21
0 74 9
0 75 37
0 76 63
0 77 31
0 78 91
0 79 44
0 80 81
0 81 42
0 82 23
0 83 26
0 84 5
0 85 11
0 86 38
0 87 23
0 88 88
0 89 23
0 90 45
0 91 88
0 92 58
0 93 46
0 94 17
0 95 22
0 96 78
0 97 75
0 98 87
0 99 20
1 2 33
1 3 62
1 4 65
1 5 80
1 6 20
1 7 35
1 8 31
1 9 33
1 10 26
1 11 61
1 12 2
1 13 15
1 14 31
1 15 76
1 16 16
1 17 89
1 18 76
1 19 90
1 20 4
1 21 37
1 22 25
1 23 39
1 24 25
1 25 23
1 26 78
1 27 51
1 28 77
1 29 44
1 30 31
1 31 2
1 32 21
1 33 69
1 34 24
1 35 76
1 36 74
1 37 22
1 38 23
1 39 62
1 40 35
1 41 86
1 42 94
1 43 21
1 44 74
1 45 38
1 46 13
1 47 28
1 48 83
1 49 58
1 50 74
1 51 90
1 52 30
1 53 10
1 54 24
1 55 40
1 56 76
1 57 31
1 58 75
1 59 7
1 60 92
1 61 39
1 62 44
1 63 47
1 64 73
1 65 49
1 66 5
1 67 12
1 68 65
1 69 85
1 70 45
1 71 92
1 72 30
1 73 49
1 74 12
1 75 16
1 76 84
1 77 47
1 78 7
1 79 16
1 80 83
1 81 91
1 82 35
1 83 64
1 84 90
1 85 39
1 86 49
1 87 85
1 88 77
1 89 25
1 90 71
1 91 40
1 92 55
1 93 60
1 94 37
1 95 36
1 96 45
1 97 65
1 98 13
1 99 38
2 3 91
2 4 80
2 5 98
2 6 75
2 7 97
2 8 74
2 9 51
2 10 5
2 11 75
2 12 62
2 13 9
2 14 23
2 15 34
2 16 44
2 17 55
2 18 74
2 19 61
2 20 28
2 21 53
2 22 59
2 23 75
2 24 5
2 25 32
2 26 17
2 27 43
2 28 75
2 29 36
2 30 15
2 31 75
2 32 77
2 33 20
2 34 30
2 35 75
2 36 87
2 37 97
2 38 16
2 39 35
2 40 37
2 41 41
2 42 61
2 43 66
2 44 54
2 45 61
2 46 40
2 47 40
2 48 63
2 49 69
2 50 60
2 51 43
2 52 96
2 53 51
2 54 22
2 55 33
2 56 55
2 57 30
2 58 70
2 59 86
2 60 46
2 61 64
2 62 27
2 63 27
2 64 20
2 65 52
2 66 22
2 67 79
2 68 94
2 69 44
2 70 57
2 71 18
2 72 46
2 73 1
2 74 84
2 75 97
2 76 33
2 77 59
2 78 70
2 79 13
2 80 55
2 81 25
2 82 71
2 83 85
2 84 30
2 85 9
2 86 32
2 87 85
2 88 36
2 89 57
2 90 8
2 91 24
2 92 18
2 93 42
2 94 83
2 95 29
2 96 21
2 97 32
2 98 81
2 99 85
3 4 33
3 5 6
3 6 86
3 7 70
3 8 70
3 9 10
3 10 59
3 11 95
3 12 3
3 13 50
3 14 40
3 15 37
3 16 64
3 17 33
3 18 55
3 19 85
3 20 43
3 21 73
3 22 46
3 23 15
3 24 18
3 25 3
3 26 17
3 27 21
3 28 37
3 29 72
3 30 70
3 31 29
3 32 93
3 33 13
3 34 95
3 35 65
3 36 50
3 37 26
3 38 18
3 39 6
3 40 73
3 41 40
3 42 71
3 43 59
3 44 64
3 45 18
3 46 35
3 47 87
3 48 67
3 49 64
3 50 3
3 51 68
3 52 54
3 53 32
3 54 22
3 55 80
3 56 99
3 57 53
3 58 70
3 59 16
3 60 47
3 61 70
3 62 46
3 63 3
3 64 62
3 65 55
3 66 21
3 67 76
3 68 66
3 69 4
3 70 5
3 71 7
3 72 3
3 73 34
3 74 61
3 75 97
3 76 55
3 77 70
3 78 27
3 79 71
3 80 40
3 81 31
3 82 79
3 83 43
3 84 76
3 85 51
3 86 32
3 87 70
3 88 4
3 89 44
3 90 14
3 91 41
3 92 1
3 93 25
3 94 35
3 95 29
3 96 29
3 97 10
3 98 14
3 99 25
4 5 67
4 6 96
4 7 2
4 8 9
4 9 24
4 10 94
4 11 3
4 12 42
4 13 35
4 14 83
4 15 54
4 16 29
4 17 8
4 18 67
4 19 57
4 20 4
4 21 51
4 22 37
4 23 9
4 24 51
4 25 5
4 26 46
4 27 68
4 28 45
4 29 49
4 30 40
4 31 65
4 32 42
4 33 72
4 34 32
4 35 28
4 36 61
4 37 67
4 38 58
4 39 92
4 40 12
4 41 71
4 42 18
4 43 80
4 44 96
4 45 48
4 46 68
4 47 32
4 48 48
4 49 36
4 50 24
4 51 94
4 52 87
4 53 73
4 54 42
4 55 50
4 56 3
4 57 48
4 58 5
4 59 21
4 60 41
4 61 26
4 62 62
4 63 98
4 64 32
4 65 96
4 66 73
4 67 69
4 68 68
4 69 19
4 70 97
4 71 1
4 72 47
4 73 96
4 74 98
4 75 15
4 76 34
4 77 16
4 78 47
4 79 47
4 80 50
4 81 5
4 82 80
4 83 3
4 84 98
4 85 27
4 86 67
4 87 40
4 88 64
4 89 57
4 90 82
4 91 21
4 92 65
4 93 66
4 94 21
4 95 82
4 96 33
4 97 76
4 98 92
4 99 23
5 6 97
5 7 23
5 8 64
5 9 97
5 10 16
5 11 24
5 12 61
5 13 68
5 14 23
5 15 20
5 16 86
5 17 32
5 18 85
5 19 33
5 20 78
5 21 85
5 22 85
5 23 63
5 24 39
5 25 45
5 26 72
5 27 47
5 28 74
5 29 96
5 30 8
5 31 15
5 32 11
5 33 39
5 34 50
5 35 18
5 36 42
5 37 67
5 38 8
5 39 94
5 40 4
5 41 1
5 42 48
5 43 22
5 44 50
5 45 31
5 46 52
5 47 73
5 48 64
5 49 4
5 50 2
5 51 60
5 52 50
5 53 6
5 54 96
5 55 28
5 56 73
5 57 33
5 58 73
5 59 78
5 60 29
5 61 57
5 62 31
5 63 96
5 64 8
5 65 51
5 66 46
5 67 14
5 68 54
5 69 7
5 70 11
5 71 34
5 72 72
5 73 84
5 74 48
5 75 15
5 76 55
5 77 26
5 78 56
5 79 50
5 80 95
5 81 53
5 82 99
5 83 57
5 84 82
5 85 1
5 86 7
5 87 95
5 88 77
5 89 2
5 90 39
5 91 1
5 92 44
5 93 16
5 94 57
5 95 6
5 96 28
5 97 44
5 98 26
5 99 70
6 7 83
6 8 97
6 9 20
6 10 81
6 11 9
6 12 67
6 13 45
6 14 69
6 15 70
6 16 4
6 17 80
6 18 74
6 19 53
6 20 27
6 21 16
6 22 16
6 23 7
6 24 40
6 25 61
6 26 4
6 27 41
6 28 20
6 29 94
6 30 84
6 31 77
6 32 87
6 33 78
6 34 75
6 35 22
6 36 92
6 37 44
6 38 94
6 39 97
6 40 34
6 41 49
6 42 71
6 43 55
6 44 3
6 45 99
6 46 26
6 47 8
6 48 37
6 49 46
6 50 75
6 51 30
6 52 75
6 53 39
6 54 53
6 55 86
6 56 56
6 57 42
6 58 66
6 59 80
6 60 65
6 61 21
6 62 20
6 63 53
6 64 4
6 65 68
6 66 20
6 67 66
6 68 19
6 69 95
6 70 82
6 71 6
6 72 31
6 73 40
6 74 38
6 75 69
6 76 69
6 77 75
6 78 32
6 79 71
6 80 51
6 81 34
6 82 9
6 83 84
6 84 88
6 85 36
6 86 89
6 87 38
6 88 57
6 89 32
6 90 77
6 91 29
6 92 68
6 93 74
6 94 79
6 95 63
6 96 45
6 97 51
6 98 20
6 99 73
7 8 14
7 9 98
7 10 18
7 11 22
7 12 45
7 13 2
7 14 41
7 15 67
7 16 99
7 17 87
7 18 27
7 19 62
7 20 78
7 21 34
7 22 31
7 23 41
7 24 17
7 25 1
7 26 64
7 27 51
7 28 32
7 29 14
7 30 85
7 31 87
7 32 82
7 33 17
7 34 27
7 35 71
7 36 61
7 37 50
7 38 60
7 39 46
7 40 15
7 41 22
7 42 79
7 43 33
7 44 79
7 45 5
7 46 30
7 47 21
7 48 69
7 49 63
7 50 20
7 51 95
7 52 81
7 53 5
7 54 82
7 55 40
7 56 22
7 57 4
7 58 81
7 59 12
7 60 68
7 61 86
7 62 4
7 63 35
7 64 75
7 65 67
7 66 99
7 67 56
7 68 81
7 69 36
7 70 75
7 71 63
7 72 73
7 73 24
7 74 76
7 75 42
7 76 40
7 77 26
7 78 46
7 79 60
7 80 38
7 81 34
7 82 84
7 83 15
7 84 85
7 85 11
7 86 34
7 87 62
7 88 69
7 89 23
7 90 97
7 91 29
7 92 1
7 93 74
7 94 62
7 95 54
7 96 44
7 97 63
7 98 18
7 99 52
8 9 35
8 10 6
8 11 30
8 12 89
8 13 27
8 14 48
8 15 46
8 16 17
8 17 13
8 18 72
8 19 73
8 20 13
8 21 26
8 22 17
8 23 27
8 24 35
8 25 70
8 26 14
8 27 32
8 28 53
8 29 57
8 30 4
8 31 97
8 32 9
8 33 64
8 34 28
8 35 89
8 36 19
8 37 98
8 38 71
8 39 2
8 40 82
8 41 47
8 42 85
8 43 2
8 44 88
8 45 23
8 46 3
8 47 78
8 48 82
8 49 87
8 50 46
8 51 64
8 52 44
8 53 41
8 54 55
8 55 81
8 56 52
8 57 24
8 58 68
8 59 67
8 60 73
8 61 75
8 62 81
8 63 58
8 64 73
8 65 76
8 66 47
8 67 15
8 68 74
8 69 53
8 70 32
8 71 73
8 72 37
8 73 67
8 74 14
8 75 74
8 76 1
8 77 30
8 78 95
8 79 64
8 80 30
8 81 29
8 82 1
8 83 60
8 84 3
8 85 64
8 86 80
8 87 1
8 88 68
8 89 80
8 90 6
8 91 12
8 92 60
8 93 88
8 94 24
8 95 5
8 96 68
8 97 39
8 98 60
8 99 1
9 10 58
9 11 9
9 12 35
9 13 94
9 14 3
9 15 36
9 16 98
9 17 98
9 18 74
9 19 49
9 20 59
9 21 13
9 22 3
9 23 49
9 24 4
9 25 45
9 26 81
9 27 20
9 28 87
9 29 48
9 30 82
9 31 59
9 32 5
9 33 65
9 34 7
9 35 6
9 36 93
9 37 14
9 38 56
9 39 83
9 40 56
9 41 20
9 42 50
9 43 82
9 44 81
9 45 89
9 46 65
9 47 20
9 48 27
9 49 12
9 50 87
9 51 64
9 52 2
9 53 64
9 54 21
9 55 8
9 56 34
9 57 49
9 58 9
9 59 31
9 60 40
9 61 17
9 62 54
9 63 12
9 64 37
9 65 28
9 66 34
9 67 25
9 68 93
9 69 34
9 70 37
9 71 8
9 72 46
9 73 62
9 74 63
9 75 46
9 76 2
9 77 77
9 78 14
9 79 89
9 80 49
9 81 35
9 82 29
9 83 39
9 84 66
9 85 64
9 86 57
9 87 71
9 88 46
9 89 78
9 90 7
9 91 48
9 92 78
9 93 31
9 94 37
9 95 73
9 96 51
9 97 80
9 98 46
9 99 22
10 11 32
10 12 86
10 13 65
10 14 96
10 15 70
10 16 1
10 17 77
10 18 88
10 19 62
10 20 64
10 21 72
10 22 72
10 23 70
10 24 37
10 25 89
10 26 92
10 27 70
10 28 24
10 29 35
10 30 63
10 31 98
10 32 16
10 33 47
10 34 26
10 35 31
10 36 32
10 37 77
10 38 52
10 39 38
10 40 79
10 41 65
10 42 36
10 43 77
10 44 85
10 45 63
10 46 32
10 47 93
10 48 79
10 49 38
10 50 99
10 51 51
10 52 44
10 53 4
10 54 67
10 55 95
10 56 54
10 57 56
10 58 44
10 59 68
10 60 89
10 61 84
10 62 65
10 63 68
10 64 93
10 65 3
10 66 78
10 67 48
10 68 39
10 69 33
10 70 47
10 71 9
10 72 7
10 73 17
10 74 84
10 75 12
10 76 86
10 77 67
10 78 35
10 79 80
10 80 11
10 81 70
10 82 32
10 83 74
10 84 75
10 85 46
10 86 90
10 87 76
10 88 9
10 89 79
10 90 58
10 91 70
10 92 2
10 93 48
10 94 78
10 95 89
10 96 93
10 97 15
10 98 37
10 99 10
11 12 36
11 13 98
11 14 95
11 15 30
11 16 95
11 17 8
11 18 95
11 19 13
11 20 97
11 21 19
11 22 47
11 23 61
11 24 75
11 25 77
11 26 47
11 27 64
11 28 15
11 29 48
11 30 93
11 31 41
11 32 51
11 33 94
11 34 73
11 35 26
11 36 44
11 37 25
11 38 43
11 39 88
11 40 67
11 41 11
11 42 50
11 43 50
11 44 9
11 45 36
11 46 73
11 47 39
11 48 75
11 49 28
11 50 39
11 51 38
11 52 2
11 53 14
11 54 76
11 55 72
11 56 61
11 57 2
11 58 85
11 59 86
11 60 41
11 61 43
11 62 8
11 63 68
11 64 34
11 65 19
11 66 62
11 67 28
11 68 51
11 69 31
11 70 47
11 71 98
11 72 31
11 73 91
11 74 45
11 75 20
11 76 10
11 77 24
11 78 15
11 79 32
11 80 7
11 81 43
11 82 79
11 83 52
11 84 33
11 85 57
11 86 30
11 87 25
11 88 56
11 89 48
11 90 11
11 91 95
11 92 62
11 93 21
11 94 27
11 95 73
11 96 39
11 97 87
11 98 52
11 99 52
12 13 85
12 14 9
12 15 26
12 16 9
12 17 29
12 18 70
12 19 51
12 20 22
12 21 96
12 22 16
12 23 11
12 24 95
12 25 16
12 26 12
12 27 27
12 28 16
12 29 13
12 30 85
12 31 55
12 32 52
12 33 33
12 34 28
12 35 46
12 36 39
12 37 6
12 38 4
12 39 71
12 40 60
12 41 39
12 42 31
12 43 27
12 44 82
12 45 39
12 46 70
12 47 3
12 48 51
12 49 99
12 50 21
12 51 44
12 52 38
12 53 16
12 54 56
12 55 52
12 56 39
12 57 29
12 58 95
12 59 41
12 60 31
12 61 92
12 62 50
12 63 90
12 64 20
12 65 42
12 66 11
12 67 45
12 68 19
12 69 14
12 70 46
12 71 58
12 72 42
12 73 60
12 74 7
12 75 22
12 76 12
12 77 20
12 78 87
12 79 50
12 80 11
12 81 72
12 82 38
12 83 24
12 84 65
12 85 50
12 86 80
12 87 14
12 88 14
12 89 52
12 90 8
12 91 23
12 92 56
12 93 52
12 94 84
12 95 39
12 96 45
12 97 97
12 98 24
12 99 20
13 14 19
13 15 38
13 16 37
13 17 34
13 18 79
13 19 57
13 20 97
13 21 11
13 22 70
13 23 52
13 24 76
13 25 15
13 26 57
13 27 2
13 28 57
13 29 3
13 30 22
13 31 20
13 32 13
13 33 84
13 34 45
13 35 62
13 36 47
13 37 36
13 38 42
13 39 54
13 40 30
13 41 46
13 42 26
13 43 74
13 44 36
13 45 61
13 46 67
13 47 12
13 48 81
13 49 13
13 50 96
13 51 66
13 52 66
13 53 25
13 54 11
13 55 66
13 56 81
13 57 75
13 58 75
13 59 66
13 60 20
13 61 52
13 62 36
13 63 33
13 64 4
13 65 3
13 66 71
13 67 74
13 68 60
13 69 25
13 70 53
13 71 39
13 72 51
13 73 56
13 74 73
13 75 16
13 76 61
13 77 39
13 78 18
13 79 47
13 80 50
13 81 79
13 82 27
13 83 15
13 84 36
13 85 55
13 86 57
13 87 48
13 88 54
13 89 67
13 90 27
13 91 64
13 92 94
13 93 36
13 94 6
13 95 99
13 96 65
13 97 66
13 98 4
13 99 14
14 15 51
14 16 62
14 17 31
14 18 39
14 19 19
14 20 40
14 21 26
14 22 50
14 23 48
14 24 13
14 25 4
14 26 98
14 27 53
14 28 98
14 29 63
14 30 10
14 31 66
14 32 96
14 33 55
14 34 66
14 35 15
14 36 4
14 37 46
14 38 28
14 39 73
14 40 86
14 41 92
14 42 20
14 43 98
14 44 25
14 45 7
14 46 86
14 47 36
14 48 20
14 49 42
14 50 42
14 51 90
14 52 8
14 53 66
14 54 37
14 55 10
14 56 64
14 57 74
14 58 6
14 59 82
14 60 93
14 61 32
14 62 32
14 63 33
14 64 13
14 65 11
14 66 89
14 67 34
14 68 18
14 69 78
14 70 37
14 71 39
14 72 92
14 73 60
14 74 18
14 75 65
14 76 22
14 77 66
14 78 47
14 79 43
14 80 93
14 81 12
14 82 89
14 83 99
14 84 41
14 85 58
14 86 66
14 87 6
14 88 70
14 89 58
14 90 19
14 91 90
14 92 89
14 93 47
14 94 72
14 95 8
14 96 86
14 97 82
14 98 73
14 99 91
15 16 64
15 17 94
15 18 54
15 19 50
15 20 51
15 21 44
15 22 10
15 23 14
15 24 8
15 25 55
15 26 3
15 27 63
15 28 83
15 29 97
15 30 80
15 31 32
15 32 17
15 33 25
15 34 69
15 35 38
15 36 87
15 37 12
15 38 99
15 39 17
15 40 19
15 41 64
15 42 43
15 43 52
15 44 88
15 45 42
15 46 33
15 47 71
15 48 52
15 49 12
15 50 90
15 51 7
15 52 71
15 53 70
15 54 18
15 55 69
15 56 83
15 57 63
15 58 35
15 59 1
15 60 48
15 61 79
15 62 89
15 63 56
15 64 55
15 65 12
15 66 63
15 67 72
15 68 56
15 69 23
15 70 28
15 71 20
15 72 52
15 73 48
15 74 43
15 75 51
15 76 27
15 77 48
15 78 28
15 79 15
15 80 17
15 81 80
15 82 9
15 83 9
15 84 61
15 85 66
15 86 81
15 87 74
15 88 34
15 89 73
15 90 6
15 91 5
15 92 89
15 93 88
15 94 94
15 95 50
15 96 82
15 97 62
15 98 10
15 99 67
16 17 42
16 18 53
16 19 75
16 20 81
16 21 58
16 22 76
16 23 92
16 24 69
16 25 14
16 26 73
16 27 70
16 28 57
16 29 2
16 30 14
16 31 61
16 32 1
16 33 79
16 34 45
16 35 16
16 36 96
16 37 25
16 38 97
16 39 82
16 40 52
16 41 18
16 42 50
16 43 95
16 44 46
16 45 92
16 46 45
16 47 1
16 48 37
16 49 37
16 50 49
16 51 65
16 52 62
16 53 67
16 54 67
16 55 37
16 56 19
16 57 50
16 58 98
16 59 36
16 60 2
16 61 28
16 62 27
16 63 29
16 64 79
16 65 92
16 66 98
16 67 26
16 68 4
16 69 42
16 70 13
16 71 62
16 72 80
16 73 60
16 74 19
16 75 77
16 76 89
16 77 24
16 78 84
16 79 60
16 80 84
16 81 82
16 82 70
16 83 86
16 84 61
16 85 41
16 86 78
16 87 17
16 88 27
16 89 1
16 90 81
16 91 35
16 92 82
16 93 90
16 94 49
16 95 52
16 96 89
16 97 61
16 98 80
16 99 72
17 18 73
17 19 39
17 20 98
17 21 96
17 22 98
17 23 48
17 24 45
17 25 7
17 26 69
17 27 27
17 28 32
17 29 78
17 30 71
17 31 86
17 32 79
17 33 7
17 34 72
17 35 6
17 36 59
17 37 98
17 38 9
17 39 49
17 40 99
17 41 77
17 42 48
17 43 94
17 44 76
17 45 39
17 46 79
17 47 46
17 48 19
17 49 1
17 50 77
17 51 17
17 52 38
17 53 27
17 54 55
17 55 61
17 56 44
17 57 44
17 58 59
17 59 20
17 60 39
17 61 5
17 62 67
17 63 37
17 64 60
17 65 12
17 66 14
17 67 8
17 68 46
17 69 12
17 70 7
17 71 3
17 72 29
17 73 81
17 74 90
17 75 2
17 76 6
17 77 10
17 78 90
17 79 19
17 80 89
17 81 4
17 82 67
17 83 6
17 84 3
17 85 88
17 86 95
17 87 91
17 88 75
17 89 22
17 90 12
17 91 9
17 92 78
17 93 76
17 94 9
17 95 68
17 96 17
17 97 67
17 98 57
17 99 45
18 19 6
18 20 16
18 21 36
18 22 1
18 23 26
18 24 94
18 25 95
18 26 8
18 27 9
18 28 93
18 29 47
18 30 69
18 31 27
18 32 72
18 33 92
18 34 27
18 35 76
18 36 9
18 37 17
18 38 85
18 39 64
18 40 17
18 41 97
18 42 95
18 43 31
18 44 20
18 45 95
18 46 11
18 47 70
18 48 98
18 49 27
18 50 27
18 51 97
18 52 21
18 53 17
18 54 82
18 55 60
18 56 51
18 57 96
18 58 96
18 59 86
18 60 43
18 61 85
18 62 15
18 63 41
18 64 91
18 65 33
18 66 70
18 67 22
18 68 23
18 69 39
18 70 86
18 71 38
18 72 85
18 73 77
18 74 97
18 75 32
18 76 66
18 77 74
18 78 30
18 79 38
18 80 32
18 81 11
18 82 94
18 83 56
18 84 97
18 85 16
18 86 8
18 87 58
18 88 10
18 89 83
18 90 54
18 91 27
18 92 43
18 93 34
18 94 87
18 95 24
18 96 83
18 97 61
18 98 14
18 99 1
19 20 6
19 21 40
19 22 38
19 23 9
19 24 18
19 25 4
19 26 24
19 27 86
19 28 32
19 29 62
19 30 68
19 31 33
19 32 80
19 33 63
19 34 12
19 35 29
19 36 36
19 37 31
19 38 84
19 39 70
19 40 63
19 41 12
19 42 46
19 43 15
19 44 53
19 45 76
19 46 12
19 47 79
19 48 11
19 49 32
19 50 23
19 51 72
19 52 9
19 53 4
19 54 76
19 55 51
19 56 21
19 57 86
19 58 65
19 59 62
19 60 68
19 61 52
19 62 96
19 63 89
19 64 22
19 65 91
19 66 77
19 67 67
19 68 98
19 69 48
19 70 15
19 71 8
19 72 62
19 73 22
19 74 34
19 75 4
19 76 85
19 77 76
19 78 62
19 79 22
19 80 10
19 81 97
19 82 16
19 83 98
19 84 83
19 85 45
19 86 11
19 87 82
19 88 7
19 89 70
19 90 27
19 91 43
19 92 43
19 93 10
19 94 20
19 95 36
19 96 45
19 97 68
19 98 56
19 99 77
20 21 88
20 22 14
20 23 27
20 24 74
20 25 42
20 26 52
20 27 83
20 28 62
20 29 77
20 30 83
20 31 45
20 32 70
20 33 37
20 34 33
20 35 68
20 36 62
20 37 13
20 38 21
20 39 1
20 40 97
20 41 84
20 42 17
20 43 4
20 44 70
20 45 28
20 46 49
20 47 93
20 48 90
20 49 70
20 50 96
20 51 26
20 52 87
20 53 70
20 54 10
20 55 12
20 56 14
20 57 30
20 58 98
20 59 96
20 60 98
20 61 89
20 62 5
20 63 71
20 64 26
20 65 64
20 66 14
20 67 33
20 68 85
20 69 64
20 70 51
20 71 51
20 72 50
20 73 49
20 74 55
20 75 86
20 76 14
20 77 27
20 78 49
20 79 83
20 80 55
20 81 37
20 82 21
20 83 65
20 84 54
20 85 21
20 86 58
20 87 13
20 88 86
20 89 57
20 90 15
20 91 83
20 92 34
20 93 33
20 94 94
20 95 92
20 96 6
20 97 86
20 98 35
20 99 25
21 22 14
21 23 57
21 24 25
21 25 16
21 26 6
21 27 17
21 28 1
21 29 1
21 30 70
21 31 59
21 32 17
21 33 48
21 34 15
21 35 75
21 36 74
21 37 64
21 38 82
21 39 15
21 40 90
21 41 41
21 42 33
21 43 70
21 44 88
21 45 67
21 46 24
21 47 82
21 48 66
21 49 28
21 50 33
21 51 97
21 52 7
21 53 41
21 54 77
21 55 52
21 56 33
21 57 86
21 58 38
21 59 65
21 60 77
21 61 11
21 62 56
21 63 46
21 64 57
21 65 51
21 66 47
21 67 37
21 68 17
21 69 97
21 70 60
21 71 93
21 72 41
21 73 5
21 74 54
21 75 30
21 76 16
21 77 79
21 78 89
21 79 26
21 80 58
21 81 76
21 82 79
21 83 41
21 84 60
21 85 58
21 86 79
21 87 18
21 88 57
21 89 73
21 90 3
21 91 32
21 92 51
21 93 20
21 94 99
21 95 67
21 96 35
21 97 19
21 98 33
21 99 57
22 23 37
22 24 30
22 25 46
22 26 18
22 27 17
22 28 32
22 29 61
22 30 56
22 31 29
22 32 53
22 33 53
22 34 86
22 35 71
22 36 57
22 37 46
22 38 74
22 39 95
22 40 9
22 41 17
22 42 29
22 43 97
22 44 37
22 45 99
22 46 11
22 47 65
22 48 47
22 49 22
22 50 25
22 51 2
22 52 17
22 53 45
22 54 2
22 55 97
22 56 71
22 57 47
22 58 65
22 59 58
22 60 14
22 61 64
22 62 22
22 63 95
22 64 26
22 65 84
22 66 28
22 67 64
22 68 45
22 69 19
22 70 5
22 71 55
22 72 65
22 73 73
22 74 16
22 75 54
22 76 64
22 77 76
22 78 37
22 79 7
22 80 3
22 81 32
22 82 10
22 83 62
22 84 18
22 85 87
22 86 47
22 87 52
22 88 2
22 89 74
22 90 3
22 91 43
22 92 19
22 93 49
22 94 62
22 95 42
22 96 93
22 97 10
22 98 57
22 99 46
23 24 47
23 25 65
23 26 81
23 27 90
23 28 4
23 29 11
23 30 14
23 31 5
23 32 82
23 33 58
23 34 42
23 35 81
23 36 93
23 37 77
23 38 66
23 39 79
23 40 54
23 41 91
23 42 52
23 43 17
23 44 17
23 45 12
23 46 57
23 47 92
23 48 77
23 49 82
23 50 42
23 51 29
23 52 11
23 53 15
23 54 13
23 55 58
23 56 19
23 57 75
23 58 5
23 59 70
23 60 15
23 61 5
23 62 35
23 63 43
23 64 9
23 65 96
23 66 59
23 67 99
23 68 4
23 69 96
23 70 27
23 71 47
23 72 30
23 73 93
23 74 46
23 75 2
23 76 44
23 77 56
23 78 95
23 79 74
23 80 70
23 81 27
23 82 59
23 83 17
23 84 59
23 85 6
23 86 29
23 87 20
23 88 93
23 89 98
23 90 4
23 91 62
23 92 10
23 93 18
23 94 78
23 95 2
23 96 15
23 97 97
23 98 41
23 99 10
24 25 68
24 26 37
24 27 18
24 28 10
24 29 85
24 30 69
24 31 77
24 32 41
24 33 76
24 34 21
24 35 39
24 36 16
24 37 98
24 38 47
24 39 85
24 40 54
24 41 98
24 42 47
24 43 51
24 44 59
24 45 47
24 46 70
24 47 30
24 48 5
24 49 46
24 50 47
24 51 83
24 52 27
24 53 88
24 54 40
24 55 4
24 56 44
24 57 35
24 58 97
24 59 6
24 60 40
24 61 75
24 62 73
24 63 52
24 64 98
24 65 4
24 66 16
24 67 36
24 68 25
24 69 42
24 70 3
24 71 70
24 72 41
24 73 89
24 74 28
24 75 29
24 76 35
24 77 25
24 78 72
24 79 5
24 80 37
24 81 2
24 82 25
24 83 94
24 84 92
24 85 34
24 86 42
24 87 57
24 88 79
24 89 43
24 90 12
24 91 93
24 92 20
24 93 87
24 94 48
24 95 53
24 96 33
24 97 44
24 98 80
24 99 58
25 26 90
25 27 81
25 28 1
25 29 63
25 30 35
25 31 12
25 32 60
25 33 57
25 34 46
25 35 17
25 36 38
25 37 71
25 38 31
25 39 79
25 40 36
25 41 19
25 42 34
25 43 26
25 44 12
25 45 28
25 46 56
25 47 13
25 48 12
25 49 12
25 50 74
25 51 87
25 52 37
25 53 48
25 54 55
25 55 7
25 56 98
25 57 88
25 58 59
25 59 12
25 60 94
25 61 98
25 62 64
25 63 93
25 64 31
25 65 25
25 66 87
25 67 76
25 68 37
25 69 93
25 70 30
25 71 77
25 72 87
25 73 73
25 74 67
25 75 37
25 76 52
25 77 47
25 78 76
25 79 43
25 80 92
25 81 42
25 82 77
25 83 13
25 84 3
25 85 45
25 86 8
25 87 79
25 88 51
25 89 16
25 90 58
25 91 39
25 92 11
25 93 23
25 94 76
25 95 44
25 96 75
25 97 80
25 98 29
25 99 54
26 27 5
26 28 90
26 29 8
26 30 98
26 31 78
26 32 15
26 33 74
26 34 6
26 35 30
26 36 56
26 37 98
26 38 83
26 39 23
26 40 1
26 41 36
26 42 34
26 43 58
26 44 61
26 45 15
26 46 72
26 47 28
26 48 47
26 49 83
26 50 16
26 51 53
26 52 70
26 53 73
26 54 36
26 55 32
26 56 99
26 57 81
26 58 31
26 59 21
26 60 81
26 61 5
26 62 43
26 63 12
26 64 39
26 65 56
26 66 70
26 67 64
26 68 98
26 69 54
26 70 58
26 71 29
26 72 71
26 73 97
26 74 13
26 75 54
26 76 5
26 77 94
26 78 81
26 79 3
26 80 91
26 81 18
26 82 65
26 83 70
26 84 13
26 85 67
26 86 71
26 87 41
26 88 50
26 89 76
26 90 87
26 91 20
26 92 43
26 93 5
26 94 30
26 95 95
26 96 20
26 97 19
26 98 36
26 99 40
27 28 52
27 29 42
27 30 48
27 31 16
27 32 54
27 33 17
27 34 44
27 35 73
27 36 21
27 37 76
27 38 80
27 39 28
27 40 67
27 41 87
27 42 60
27 43 31
27 44 3
27 45 75
27 46 54
27 47 35
27 48 11
27 49 5
27 50 5
27 51 79
27 52 90
27 53 26
27 54 67
27 55 61
27 56 21
27 57 66
27 58 69
27 59 85
27 60 85
27 61 93
27 62 65
27 63 92
27 64 38
27 65 4
27 66 76
27 67 35
27 68 75
27 69 79
27 70 94
27 71 57
27 72 23
27 73 5
27 74 51
27 75 77
27 76 29
27 77 94
27 78 84
27 79 72
27 80 45
27 81 66
27 82 72
27 83 73
27 84 64
27 85 26
27 86 96
27 87 1
27 88 33
27 89 95
27 90 94
27 91 90
27 92 96
27 93 88
27 94 76
27 95 56
27 96 92
27 97 33
27 98 53
27 99 21
28 29 22
28 30 5
28 31 96
28 32 42
28 33 6
28 34 68
28 35 12
28 36 22
28 37 93
28 38 21
28 39 98
28 40 47
28 41 73
28 42 55
28 43 31
28 44 82
28 45 68
28 46 72
28 47 29
28 48 22
28 49 11
28 50 40
28 51 75
28 52 96
28 53 51
28 54 48
28 55 38
28 56 57
28 57 9
28 58 5
28 59 81
28 60 86
28 61 13
28 62 31
28 63 80
28 64 15
28 65 65
28 66 26
28 67 33
28 68 70
28 69 2
28 70 39
28 71 69
28 72 66
28 73 1
28 74 33
28 75 7
28 76 12
28 77 23
28 78 59
28 79 55
28 80 11
28 81 2
28 82 13
28 83 46
28 84 98
28 85 15
28 86 26
28 87 7
28 88 11
28 89 70
28 90 67
28 91 45
28 92 73
28 93 24
28 94 89
28 95 3
28 96 8
28 97 35
28 98 22
28 99 24
29 30 36
29 31 14
29 32 24
29 33 38
29 34 88
29 35 39
29 36 52
29 37 39
29 38 13
29 39 48
29 40 12
29 41 56
29 42 91
29 43 18
29 44 28
29 45 69
29 46 51
29 47 70
29 48 41
29 49 6
29 50 1
29 51 26
29 52 20
29 53 88
29 54 69
29 55 53
29 56 95
29 57 47
29 58 7
29 59 94
29 60 7
29 61 76
29 62 74
29 63 72
29 64 70
29 65 16
29 66 85
29 67 5
29 68 77
29 69 44
29 70 93
29 71 92
29 72 33
29 73 59
29 74 21
29 75 60
29 76 91
29 77 55
29 78 70
29 79 20
29 80 41
29 81 23
29 82 93
29 83 38
29 84 7
29 85 13
29 86 43
29 87 19
29 88 8
29 89 12
29 90 9
29 91 10
29 92 93
29 93 87
29 94 39
29 95 75
29 96 12
29 97 58
29 98 99
29 99 63
30 31 30
30 32 41
30 33 46
30 34 47
30 35 83
30 36 74
30 37 8
30 38 57
30 39 47
30 40 18
30 41 35
30 42 7
30 43 98
30 44 21
30 45 30
30 46 82
30 47 29
30 48 20
30 49 9
30 50 76
30 51 96
30 52 32
30 53 87
30 54 42
30 55 36
30 56 54
30 57 20
30 58 63
30 59 87
30 60 52
30 61 27
30 62 18
30 63 67
30 64 14
30 65 59
30 66 88
30 67 65
30 68 87
30 69 18
30 70 17
30 71 37
30 72 71
30 73 72
30 74 40
30 75 78
30 76 33
30 77 5
30 78 48
30 79 35
30 80 80
30 81 8
30 82 30
30 83 79
30 84 88
30 85 71
30 86 21
30 87 93
30 88 38
30 89 91
30 90 11
30 91 60
30 92 79
30 93 81
30 94 17
30 95 33
30 96 44
30 97 27
30 98 32
30 99 59
31 32 49
31 33 59
31 34 94
31 35 96
31 36 52
31 37 16
31 38 38
31 39 14
31 40 60
31 41 82
31 42 44
31 43 47
31 44 83
31 45 67
31 46 28
31 47 42
31 48 85
31 49 79
31 50 11
31 51 24
31 52 15
31 53 8
31 54 76
31 55 95
31 56 62
31 57 48
31 58 27
31 59 81
31 60 99
31 61 40
31 62 56
31 63 40
31 64 2
31 65 74
31 66 92
31 67 34
31 68 51
31 69 76
31 70 14
31 71 38
31 72 52
31 73 43
31 74 62
31 75 78
31 76 17
31 77 43
31 78 59
31 79 3
31 80 31
31 81 78
31 82 52
31 83 76
31 84 52
31 85 31
31 86 50
31 87 64
31 88 21
31 89 96
31 90 62
31 91 61
31 92 71
31 93 79
31 94 56
31 95 47
31 96 31
31 97 40
31 98 47
31 99 37
32 33 34
32 34 34
32 35 90
32 36 48
32 37 25
32 38 6
32 39 13
32 40 78
32 41 41
32 42 53
32 43 60
32 44 99
32 45 43
32 46 18
32 47 46
32 48 75
32 49 95
32 50 38
32 51 6
32 52 77
32 53 55
32 54 44
32 55 91
32 56 88
32 57 91
32 58 47
32 59 25
32 60 60
32 61 62
32 62 20
32 63 42
32 64 27
32 65 88
32 66 3
32 67 36
32 68 86
32 69 61
32 70 43
32 71 70
32 72 52
32 73 21
32 74 16
32 75 68
32 76 16
32 77 1
32 78 11
32 79 80
32 80 79
32 81 2
32 82 25
32 83 32
32 84 22
32 85 87
32 86 72
32 87 60
32 88 60
32 89 18
32 90 25
32 91 85
32 92 49
32 93 72
32 94 34
32 95 38
32 96 37
32 97 23
32 98 85
32 99 72
33 34 48
33 35 33
33 36 20
33 37 98
33 38 59
33 39 47
33 40 38
33 41 7
33 42 96
33 43 92
33 44 78
33 45 7
33 46 7
33 47 12
33 48 33
33 49 93
33 50 43
33 51 18
33 52 44
33 53 86
33 54 39
33 55 77
33 56 87
33 57 60
33 58 43
33 59 6
33 60 87
33 61 39
33 62 17
33 63 45
33 64 37
33 65 46
33 66 61
33 67 54
33 68 74
33 69 23
33 70 74
33 71 11
33 72 48
33 73 1
33 74 90
33 75 14
33 76 77
33 77 9
33 78 49
33 79 68
33 80 82
33 81 76
33 82 78
33 83 65
33 84 3
33 85 27
33 86 64
33 87 99
33 88 40
33 89 92
33 90 78
33 91 64
33 92 24
33 93 58
33 94 74
33 95 67
33 96 44
33 97 44
33 98 26
33 99 49
34 35 88
34 36 3
34 37 20
34 38 54
34 39 62
34 40 34
34 41 70
34 42 70
34 43 70
34 44 12
34 45 21
34 46 50
34 47 79
34 48 4
34 49 44
34 50 53
34 51 95
34 52 31
34 53 4
34 54 42
34 55 12
34 56 58
34 57 41
34 58 65
34 59 39
34 60 22
34 61 90
34 62 37
34 63 22
34 64 15
34 65 8
34 66 66
34 67 92
34 68 50
34 69 57
34 70 27
34 71 45
34 72 94
34 73 22
34 74 81
34 75 82
34 76 66
34 77 5
34 78 75
34 79 19
34 80 38
34 81 95
34 82 79
34 83 18
34 84 71
34 85 29
34 86 70
34 87 9
34 88 70
34 89 75
34 90 21
34 91 77
34 92 92
34 93 47
34 94 49
34 95 37
34 96 78
34 97 57
34 98 36
34 99 96
35 36 13
35 37 94
35 38 12
35 39 95
35 40 69
35 41 35
35 42 7
35 43 55
35 44 54
35 45 95
35 46 31
35 47 10
35 48 90
35 49 15
35 50 94
35 51 89
35 52 66
35 53 27
35 54 45
35 55 68
35 56 80
35 57 5
35 58 52
35 59 2
35 60 21
35 61 90
35 62 68
35 63 92
35 64 13
35 65 61
35 66 64
35 67 49
35 68 63
35 69 72
35 70 5
35 71 94
35 72 83
35 73 1
35 74 25
35 75 86
35 76 84
35 77 99
35 78 35
35 79 14
35 80 3
35 81 29
35 82 5
35 83 38
35 84 39
35 85 84
35 86 97
35 87 30
35 88 69
35 89 37
35 90 55
35 91 16
35 92 78
35 93 24
35 94 48
35 95 72
35 96 1
35 97 71
35 98 5
35 99 56
36 37 93
36 38 55
36 39 5
36 40 9
36 41 12
36 42 65
36 43 2
36 44 83
36 45 65
36 46 97
36 47 35
36 48 9
36 49 2
36 50 98
36 51 49
36 52 57
36 53 83
36 54 34
36 55 25
36 56 29
36 57 23
36 58 59
36 59 41
36 60 74
36 61 35
36 62 38
36 63 69
36 64 31
36 65 57
36 66 60
36 67 76
36 68 84
36 69 57
36 70 4
36 71 24
36 72 3
36 73 91
36 74 64
36 75 9
36 76 26
36 77 87
36 78 99
36 79 36
36 80 21
36 81 85
36 82 10
36 83 48
36 84 77
36 85 71
36 86 57
36 87 57
36 88 66
36 89 66
36 90 17
36 91 69
36 92 75
36 93 13
36 94 8
36 95 96
36 96 18
36 97 69
36 98 94
36 99 39
37 38 76
37 39 40
37 40 17
37 41 94
37 42 55
37 43 80
37 44 48
37 45 2
37 46 21
37 47 64
37 48 42
37 49 25
37 50 57
37 51 15
37 52 83
37 53 66
37 54 16
37 55 69
37 56 58
37 57 29
37 58 59
37 59 94
37 60 44
37 61 70
37 62 75
37 63 72
37 64 67
37 65 37
37 66 53
37 67 23
37 68 4
37 69 35
37 70 92
37 71 34
37 72 9
37 73 31
37 74 57
37 75 67
37 76 11
37 77 43
37 78 98
37 79 96
37 80 14
37 81 31
37 82 29
37 83 96
37 84 78
37 85 12
37 86 15
37 87 16
37 88 4
37 89 21
37 90 49
37 91 73
37 92 16
37 93 53
37 94 5
37 95 96
37 96 38
37 97 29
37 98 6
37 99 14
38 39 27
38 40 1
38 41 78
38 42 35
38 43 93
38 44 98
38 45 45
38 46 59
38 47 56
38 48 76
38 49 95
38 50 56
38 51 98
38 52 34
38 53 99
38 54 33
38 55 35
38 56 31
38 57 73
38 58 69
38 59 68
38 60 81
38 61 39
38 62 37
38 63 61
38 64 72
38 65 58
38 66 22
38 67 36
38 68 99
38 69 77
38 70 94
38 71 45
38 72 82
38 73 96
38 74 93
38 75 50
38 76 24
38 77 21
38 78 78
38 79 19
38 80 96
38 81 30
38 82 31
38 83 36
38 84 76
38 85 43
38 86 39
38 87 43
38 88 25
38 89 57
38 90 77
38 91 61
38 92 83
38 93 18
38 94 64
38 95 48
38 96 44
38 97 47
38 98 94
38 99 45
39 40 27
39 41 54
39 42 10
39 43 45
39 44 12
39 45 39
39 46 93
39 47 10
39 48 87
39 49 10
39 50 10
39 51 10
39 52 83
39 53 23
39 54 89
39 55 92
39 56 18
39 57 24
39 58 59
39 59 65
39 60 49
39 61 90
39 62 64
39 63 36
39 64 93
39 65 84
39 66 53
39 67 72
39 68 88
39 69 80
39 70 18
39 71 65
39 72 66
39 73 48
39 74 79
39 75 50
39 76 81
39 77 99
39 78 71
39 79 46
39 80 84
39 81 79
39 82 5
39 83 17
39 84 21
39 85 73
39 86 45
39 87 53
39 88 76
39 89 20
39 90 99
39 91 84
39 92 86
39 93 90
39 94 98
39 95 18
39 96 82
39 97 16
39 98 41
39 99 97
40 41 3
40 42 56
40 43 95
40 44 22
40 45 42
40 46 87
40 47 82
40 48 7
40 49 68
40 50 44
40 51 46
40 52 75
40 53 70
40 54 8
40 55 12
40 56 55
40 57 53
40 58 74
40 59 32
40 60 38
40 61 75
40 62 39
40 63 14
40 64 63
40 65 34
40 66 9
40 67 37
40 68 53
40 69 27
40 70 28
40 71 71
40 72 80
40 73 50
40 74 5
40 75 68
40 76 68
40 77 2
40 78 12
40 79 28
40 80 7
40 81 86
40 82 13
40 83 34
40 84 81
40 85 65
40 86 7
40 87 84
40 88 50
40 89 27
40 90 70
40 91 43
40 92 94
40 93 80
40 94 66
40 95 2
40 96 31
40 97 67
40 98 26
40 99 89
41 42 72
41 43 36
41 44 28
41 45 83
41 46 22
41 47 76
41 48 41
41 49 93
41 50 82
41 51 33
41 52 77
41 53 17
41 54 31
41 55 59
41 56 46
41 57 69
41 58 7
41 59 70
41 60 61
41 61 24
41 62 29
41 63 40
41 64 15
41 65 22
41 66 26
41 67 89
41 68 86
41 69 73
41 70 79
41 71 44
41 72 13
41 73 37
41 74 2
41 75 73
41 76 9
41 77 96
41 78 47
41 79 20
41 80 87
41 81 9
41 82 14
41 83 82
41 84 41
41 85 38
41 86 39
41 87 30
41 88 48
41 89 31
41 90 93
41 91 97
41 92 16
41 93 36
41 94 87
41 95 99
41 96 61
41 97 38
41 98 39
41 99 74
42 43 66
42 44 66
42 45 53
42 46 97
42 47 64
42 48 7
42 49 23
42 50 48
42 51 12
42 52 55
42 53 31
42 54 64
42 55 14
42 56 35
42 57 14
42 58 13
42 59 18
42 60 43
42 61 56
42 62 33
42 63 69
42 64 72
42 65 86
42 66 21
42 67 16
42 68 90
42 69 21
42 70 47
42 71 92
42 72 60
42 73 85
42 74 76
42 75 3
42 76 15
42 77 93
42 78 28
42 79 87
42 80 91
42 81 46
42 82 82
42 83 4
42 84 31
42 85 30
42 86 4
42 87 24
42 88 95
42 89 72
42 90 97
42 91 13
42 92 55
42 93 27
42 94 13
42 95 75
42 96 12
42 97 30
42 98 60
42 99 38
43 44 93
43 45 88
43 46 38
43 47 97
43 48 38
43 49 99
43 50 88
43 51 58
43 52 79
43 53 87
43 54 84
43 55 47
43 56 9
43 57 85
43 58 47
43 59 12
43 60 13
43 61 43
43 62 91
43 63 66
43 64 6
43 65 67
43 66 50
43 67 62
43 68 81
43 69 54
43 70 55
43 71 65
43 72 29
43 73 70
43 74 61
43 75 17
43 76 62
43 77 97
43 78 85
43 79 75
43 80 45
43 81 2
43 82 70
43 83 26
43 84 54
43 85 92
43 86 58
43 87 3
43 88 17
43 89 76
43 90 67
43 91 23
43 92 64
43 93 12
43 94 23
43 95 49
43 96 67
43 97 29
43 98 53
43 99 70
44 45 84
44 46 25
44 47 59
44 48 40
44 49 76
44 50 89
44 51 63
44 52 26
44 53 99
44 54 85
44 55 44
44 56 77
44 57 97
44 58 89
44 59 40
44 60 27
44 61 18
44 62 45
44 63 71
44 64 29
44 65 18
44 66 93
44 67 38
44 68 38
44 69 51
44 70 88
44 71 36
44 72 52
44 73 51
44 74 19
44 75 60
44 76 52
44 77 51
44 78 54
44 79 97
44 80 84
44 81 92
44 82 28
44 83 76
44 84 19
44 85 31
44 86 42
44 87 64
44 88 58
44 89 61
44 90 37
44 91 85
44 92 93
44 93 96
44 94 99
44 95 41
44 96 90
44 97 41
44 98 78
44 99 90
45 46 48
45 47 14
45 48 60
45 49 20
45 50 70
45 51 6
45 52 86
45 53 11
45 54 72
45 55 61
45 56 48
45 57 98
45 58 98
45 59 36
45 60 97
45 61 84
45 62 30
45 63 52
45 64 39
45 65 82
45 66 9
45 67 62
45 68 54
45 69 49
45 70 51
45 71 65
45 72 25
45 73 97
45 74 41
45 75 44
45 76 47
45 77 89
45 78 62
45 79 94
45 80 73
45 81 84
45 82 81
45 83 93
45 84 21
45 85 70
45 86 38
45 87 25
45 88 23
45 89 77
45 90 35
45 91 46
45 92 15
45 93 53
45 94 92
45 95 4
45 96 56
45 97 53
45 98 88
45 99 54
46 47 6
46 48 68
46 49 47
46 50 44
46 51 46
46 52 17
46 53 48
46 54 66
46 55 79
46 56 31
46 57 7
46 58 88
46 59 85
46 60 30
46 61 55
46 62 12
46 63 61
46 64 51
46 65 83
46 66 7
46 67 22
46 68 64
46 69 48
46 70 53
46 71 64
46 72 49
46 73 46
46 74 7
46 75 79
46 76 41
46 77 45
46 78 35
46 79 37
46 80 33
46 81 85
46 82 27
46 83 6
46 84 89
46 85 30
46 86 53
46 87 12
46 88 36
46 89 2
46 90 42
46 91 56
46 92 20
46 93 67
46 94 16
46 95 61
46 96 61
46 97 53
46 98 4
46 99 1
47 48 34
47 49 14
47 50 91
47 51 87
47 52 12
47 53 38
47 54 88
47 55 26
47 56 96
47 57 89
47 58 39
47 59 47
47 60 13
47 61 33
47 62 16
47 63 66
47 64 34
47 65 15
47 66 43
47 67 6
47 68 42
47 69 66
47 70 43
47 71 49
47 72 28
47 73 37
47 74 67
47 75 53
47 76 28
47 77 12
47 78 50
47 79 88
47 80 96
47 81 24
47 82 32
47 83 92
47 84 77
47 85 33
47 86 68
47 87 99
47 88 4
47 89 50
47 90 80
47 91 48
47 92 25
47 93 34
47 94 57
47 95 73
47 96 10
47 97 60
47 98 69
47 99 65
48 49 81
48 50 16
48 51 79
48 52 84
48 53 1
48 54 75
48 55 58
48 56 88
48 57 43
48 58 17
48 59 20
48 60 31
48 61 84
48 62 23
48 63 3
48 64 96
48 65 97
48 66 49
48 67 79
48 68 30
48 69 59
48 70 86
48 71 29
48 72 1
48 73 48
48 74 20
48 75 37
48 76 51
48 77 46
48 78 13
48 79 96
48 80 43
48 81 26
48 82 8
48 83 81
48 84 35
48 85 79
48 86 72
48 87 32
48 88 65
48 89 75
48 90 8
48 91 9
48 92 87
48 93 60
48 94 77
48 95 14
48 96 74
48 97 48
48 98 41
48 99 22
49 50 45
49 51 44
49 52 84
49 53 34
49 54 95
49 55 87
49 56 84
49 57 96
49 58 83
49 59 2
49 60 18
49 61 95
49 62 79
49 63 3
49 64 19
49 65 1
49 66 22
49 67 67
49 68 51
49 69 91
49 70 54
49 71 21
49 72 73
49 73 53
49 74 69
49 75 80
49 76 14
49 77 26
49 78 73
49 79 7
49 80 47
49 81 45
49 82 92
49 83 33
49 84 45
49 85 35
49 86 5
49 87 6
49 88 12
49 89 1
49 90 87
49 91 91
49 92 39
49 93 95
49 94 28
49 95 41
49 96 55
49 97 39
49 98 68
49 99 41
50 51 99
50 52 35
50 53 23
50 54 50
50 55 97
50 56 59
50 57 34
50 58 66
50 59 55
50 60 27
50 61 52
50 62 69
50 63 33
50 64 23
50 65 85
50 66 24
50 67 12
50 68 92
50 69 3
50 70 48
50 71 75
50 72 62
50 73 8
50 74 62
50 75 47
50 76 25
50 77 38
50 78 48
50 79 32
50 80 54
50 81 62
50 82 1
50 83 68
50 84 74
50 85 32
50 86 1
50 87 44
50 88 79
50 89 87
50 90 72
50 91 77
50 92 10
50 93 88
50 94 36
50 95 7
50 96 37
50 97 94
50 98 21
50 99 13
51 52 47
51 53 90
51 54 56
51 55 68
51 56 35
51 57 18
51 58 59
51 59 63
51 60 82
51 61 59
51 62 69
51 63 6
51 64 90
51 65 77
51 66 71
51 67 91
51 68 37
51 69 70
51 70 71
51 71 46
51 72 61
51 73 23
51 74 56
51 75 17
51 76 84
51 77 81
51 78 8
51 79 61
51 80 25
51 81 73
51 82 51
51 83 71
51 84 98
51 85 81
51 86 61
51 87 19
51 88 29
51 89 63
51 90 31
51 91 62
51 92 35
51 93 12
51 94 33
51 95 16
51 96 5
51 97 86
51 98 31
51 99 80
52 53 74
52 54 3
52 55 55
52 56 63
52 57 10
52 58 81
52 59 55
52 60 79
52 61 28
52 62 11
52 63 17
52 64 24
52 65 90
52 66 67
52 67 18
52 68 49
52 69 60
52 70 83
52 71 1
52 72 90
52 73 25
52 74 15
52 75 24
52 76 90
52 77 84
52 78 62
52 79 30
52 80 9
52 81 72
52 82 64
52 83 47
52 84 33
52 85 49
52 86 88
52 87 32
52 88 50
52 89 18
52 90 78
52 91 60
52 92 73
52 93 56
52 94 42
52 95 4
52 96 84
52 97 20
52 98 34
52 99 92
53 54 11
53 55 66
53 56 33
53 57 56
53 58 81
53 59 23
53 60 81
53 61 7
53 62 54
53 63 62
53 64 80
53 65 70
53 66 32
53 67 49
53 68 24
53 69 85
53 70 60
53 71 61
53 72 63
53 73 21
53 74 48
53 75 91
53 76 72
53 77 60
53 78 43
53 79 83
53 80 17
53 81 90
53 82 56
53 83 4
53 84 69
53 85 17
53 86 25
53 87 75
53 88 73
53 89 74
53 90 4
53 91 13
53 92 41
53 93 97
53 94 16
53 95 80
53 96 78
53 97 22
53 98 66
53 99 30
54 55 42
54 56 42
54 57 24
54 58 62
54 59 6
54 60 51
54 61 39
54 62 37
54 63 94
54 64 43
54 65 64
54 66 81
54 67 68
54 68 55
54 69 91
54 70 86
54 71 28
54 72 74
54 73 11
54 74 66
54 75 97
54 76 11
54 77 70
54 78 70
54 79 2
54 80 16
54 81 66
54 82 86
54 83 99
54 84 42
54 85 75
54 86 58
54 87 92
54 88 4
54 89 12
54 90 63
54 91 41
54 92 22
54 93 63
54 94 50
54 95 22
54 96 48
54 97 67
54 98 96
54 99 31
55 56 74
55 57 62
55 58 55
55 59 54
55 60 51
55 61 93
55 62 73
55 63 49
55 64 91
55 65 76
55 66 49
55 67 26
55 68 17
55 69 67
55 70 26
55 71 5
55 72 27
55 73 56
55 74 47
55 75 27
55 76 22
55 77 82
55 78 56
55 79 69
55 80 89
55 81 82
55 82 36
55 83 59
55 84 45
55 85 89
55 86 16
55 87 63
55 88 63
55 89 52
55 90 93
55 91 80
55 92 14
55 93 55
55 94 79
55 95 40
55 96 61
55 97 68
55 98 62
55 99 26
56 57 65
56 58 38
56 59 57
56 60 86
56 61 22
56 62 39
56 63 80
56 64 15
56 65 54
56 66 47
56 67 1
56 68 19
56 69 13
56 70 22
56 71 79
56 72 46
56 73 17
56 74 42
56 75 14
56 76 23
56 77 74
56 78 71
56 79 20
56 80 74
56 81 60
56 82 59
56 83 9
56 84 19
56 85 92
56 86 32
56 87 85
56 88 58
56 89 72
56 90 98
56 91 70
56 92 83
56 93 12
56 94 59
56 95 75
56 96 70
56 97 41
56 98 5
56 99 12
57 58 29
57 59 30
57 60 64
57 61 8
57 62 60
57 63 69
57 64 8
57 65 18
57 66 88
57 67 82
57 68 59
57 69 35
57 70 74
57 71 78
57 72 75
57 73 15
57 74 13
57 75 97
57 76 83
57 77 81
57 78 27
57 79 55
57 80 18
57 81 73
57 82 82
57 83 54
57 84 52
57 85 22
57 86 18
57 87 85
57 88 48
57 89 53
57 90 55
57 91 29
57 92 68
57 93 71
57 94 11
57 95 20
57 96 69
57 97 21
57 98 86
57 99 44
58 59 14
58 60 1
58 61 68
58 62 16
58 63 35
58 64 89
58 65 96
58 66 50
58 67 53
58 68 80
58 69 60
58 70 85
58 71 4
58 72 56
58 73 76
58 74 65
58 75 8
58 76 18
58 77 40
58 78 74
58 79 22
58 80 6
58 81 65
58 82 14
58 83 59
58 84 63
58 85 20
58 86 23
58 87 42
58 88 75
58 89 60
58 90 67
58 91 59
58 92 83
58 93 97
58 94 5
58 95 39
58 96 19
58 97 6
58 98 86
58 99 30
59 60 42
59 61 28
59 62 88
59 63 8
59 64 63
59 65 4
59 66 60
59 67 47
59 68 85
59 69 58
59 70 52
59 71 31
59 72 75
59 73 47
59 74 48
59 75 36
59 76 66
59 77 10
59 78 50
59 79 84
59 80 97
59 81 91
59 82 33
59 83 74
59 84 85
59 85 72
59 86 58
59 87 86
59 88 62
59 89 81
59 90 3
59 91 67
59 92 79
59 93 44
59 94 86
59 95 9
59 96 9
59 97 15
59 98 31
59 99 30
60 61 64
60 62 51
60 63 33
60 64 13
60 65 58
60 66 56
60 67 64
60 68 59
60 69 35
60 70 38
60 71 43
60 72 7
60 73 30
60 74 71
60 75 62
60 76 60
60 77 24
60 78 55
60 79 58
60 80 63
60 81 6
60 82 10
60 83 89
60 84 48
60 85 86
60 86 91
60 87 4
60 88 60
60 89 32
60 90 80
60 91 35
60 92 87
60 93 22
60 94 90
60 95 82
60 96 23
60 97 89
60 98 21
60 99 5
61 62 96
61 63 37
61 64 93
61 65 92
61 66 91
61 67 54
61 68 44
61 69 50
61 70 14
61 71 49
61 72 33
61 73 51
61 74 69
61 75 27
61 76 60
61 77 5
61 78 29
61 79 33
61 80 6
61 81 68
61 82 93
61 83 64
61 84 28
61 85 48
61 86 88
61 87 53
61 88 35
61 89 66
61 90 71
61 91 12
61 92 16
61 93 97
61 94 69
61 95 63
61 96 29
61 97 65
61 98 9
61 99 20
62 63 79
62 64 92
62 65 58
62 66 59
62 67 55
62 68 20
62 69 69
62 70 32
62 71 91
62 72 79
62 73 9
62 74 58
62 75 59
62 76 27
62 77 17
62 78 4
62 79 76
62 80 26
62 81 7
62 82 88
62 83 92
62 84 47
62 85 76
62 86 49
62 87 26
62 88 83
62 89 33
62 90 42
62 91 46
62 92 44
62 93 28
62 94 79
62 95 22
62 96 7
62 97 85
62 98 91
62 99 84
63 64 20
63 65 54
63 66 82
63 67 30
63 68 38
63 69 36
63 70 26
63 71 87
63 72 63
63 73 88
63 74 96
63 75 98
63 76 42
63 77 30
63 78 76
63 79 35
63 80 17
63 81 6
63 82 7
63 83 94
63 84 58
63 85 8
63 86 75
63 87 87
63 88 64
63 89 48
63 90 70
63 91 66
63 92 77
63 93 42
63 94 58
63 95 5
63 96 5
63 97 7
63 98 10
63 99 61
64 65 85
64 66 85
64 67 56
64 68 65
64 69 73
64 70 54
64 71 64
64 72 99
64 73 71
64 74 72
64 75 99
64 76 56
64 77 69
64 78 12
64 79 18
64 80 61
64 81 96
64 82 31
64 83 67
64 84 86
64 85 80
64 86 76
64 87 35
64 88 14
64 89 86
64 90 38
64 91 99
64 92 15
64 93 54
64 94 68
64 95 67
64 96 7
64 97 76
64 98 42
64 99 6
65 66 42
65 67 92
65 68 59
65 69 89
65 70 39
65 71 62
65 72 52
65 73 30
65 74 45
65 75 70
65 76 81
65 77 83
65 78 37
65 79 82
65 80 4
65 81 34
65 82 61
65 83 22
65 84 84
65 85 73
65 86 57
65 87 82
65 88 81
65 89 14
65 90 97
65 91 41
65 92 20
65 93 39
65 94 81
65 95 35
65 96 15
65 97 16
65 98 40
65 99 66
66 67 78
66 68 83
66 69 86
66 70 72
66 71 65
66 72 34
66 73 98
66 74 56
66 75 38
66 76 17
66 77 21
66 78 46
66 79 33
66 80 21
66 81 32
66 82 81
66 83 79
66 84 73
66 85 67
66 86 71
66 87 51
66 88 72
66 89 38
66 90 36
66 91 49
66 92 73
66 93 63
66 94 64
66 95 69
66 96 20
66 97 88
66 98 65
66 99 3
67 68 40
67 69 78
67 70 67
67 71 56
67 72 41
67 73 60
67 74 30
67 75 3
67 76 7
67 77 50
67 78 12
67 79 82
67 80 60
67 81 49
67 82 45
67 83 65
67 84 53
67 85 30
67 86 22
67 87 84
67 88 54
67 89 12
67 90 14
67 91 54
67 92 67
67 93 44
67 94 24
67 95 43
67 96 25
67 97 30
67 98 69
67 99 34
68 69 93
68 70 98
68 71 13
68 72 34
68 73 94
68 74 33
68 75 42
68 76 9
68 77 39
68 78 44
68 79 68
68 80 49
68 81 48
68 82 39
68 83 29
68 84 21
68 85 30
68 86 75
68 87 73
68 88 59
68 89 23
68 90 61
68 91 72
68 92 42
68 93 70
68 94 95
68 95 51
68 96 91
68 97 80
68 98 13
68 99 13
69 70 7
69 71 57
69 72 73
69 73 82
69 74 94
69 75 40
69 76 80
69 77 83
69 78 15
69 79 71
69 80 21
69 81 38
69 82 90
69 83 44
69 84 81
69 85 88
69 86 75
69 87 83
69 88 97
69 89 90
69 90 8
69 91 5
69 92 48
69 93 26
69 94 98
69 95 44
69 96 5
69 97 97
69 98 20
69 99 20
70 71 67
70 72 50
70 73 72
70 74 68
70 75 64
70 76 28
70 77 74
70 78 74
70 79 12
70 80 86
70 81 50
70 82 99
70 83 38
70 84 8
70 85 90
70 86 40
70 87 23
70 88 34
70 89 64
70 90 96
70 91 15
70 92 61
70 93 90
70 94 19
70 95 1
70 96 53
70 97 91
70 98 3
70 99 76
71 72 10
71 73 24
71 74 39
71 75 26
71 76 57
71 77 29
71 78 44
71 79 32
71 80 53
71 81 68
71 82 53
71 83 17
71 84 16
71 85 97
71 86 67
71 87 52
71 88 61
71 89 68
71 90 87
71 91 75
71 92 15
71 93 71
71 94 80
71 95 11
71 96 76
71 97 72
71 98 28
71 99 69
72 73 59
72 74 26
72 75 22
72 76 24
72 77 41
72 78 96
72 79 17
72 80 80
72 81 79
72 82 27
72 83 34
72 84 8
72 85 67
72 86 52
72 87 69
72 88 84
72 89 5
72 90 13
72 91 88
72 92 88
72 93 5
72 94 17
72 95 36
72 96 75
72 97 9
72 98 94
72 99 52
73 74 3
73 75 66
73 76 76
73 77 32
73 78 30
73 79 1
73 80 34
73 81 69
73 82 27
73 83 31
73 84 37
73 85 79
73 86 44
73 87 22
73 88 25
73 89 63
73 90 11
73 91 38
73 92 8
73 93 88
73 94 69
73 95 14
73 96 41
73 97 88
73 98 98
73 99 78
74 75 91
74 76 2
74 77 46
74 78 73
74 79 59
74 80 61
74 81 66
74 82 59
74 83 82
74 84 13
74 85 40
74 86 6
74 87 43
74 88 72
74 89 45
74 90 60
74 91 45
74 92 82
74 93 30
74 94 4
74 95 14
74 96 43
74 97 37
74 98 39
74 99 56
75 76 23
75 77 79
75 78 76
75 79 44
75 80 3
75 81 58
75 82 63
75 83 52
75 84 99
75 85 5
75 86 88
75 87 21
75 88 38
75 89 47
75 90 9
75 91 77
75 92 38
75 93 11
75 94 41
75 95 48
75 96 18
75 97 75
75 98 98
75 99 93
76 77 51
76 78 56
76 79 28
76 80 21
76 81 64
76 82 84
76 83 19
76 84 5
76 85 90
76 86 14
76 87 17
76 88 80
76 89 33
76 90 82
76 91 25
76 92 94
76 93 56
76 94 60
76 95 36
76 96 46
76 97 35
76 98 3
76 99 41
77 78 82
77 79 36
77 80 92
77 81 15
77 82 70
77 83 40
77 84 39
77 85 82
77 86 19
77 87 38
77 88 68
77 89 47
77 90 31
77 91 48
77 92 66
77 93 87
77 94 11
77 95 39
77 96 47
77 97 66
77 98 16
77 99 67
78 79 9
78 80 18
78 81 21
78 82 61
78 83 99
78 84 94
78 85 82
78 86 1
78 87 45
78 88 73
78 89 13
78 90 65
78 91 80
78 92 3
78 93 88
78 94 50
78 95 18
78 96 35
78 97 27
78 98 28
78 99 23
79 80 97
79 81 4
79 82 11
79 83 95
79 84 33
79 85 42
79 86 25
79 87 43
79 88 31
79 89 88
79 90 83
79 91 85
79 92 40
79 93 57
79 94 20
79 95 51
79 96 1
79 97 54
79 98 33
79 99 66
80 81 37
80 82 29
80 83 16
80 84 22
80 85 23
80 86 40
80 87 36
80 88 88
80 89 21
80 90 11
80 91 33
80 92 20
80 93 19
80 94 2
80 95 62
80 96 9
80 97 82
80 98 49
80 99 62
81 82 89
81 83 30
81 84 11
81 85 52
81 86 61
81 87 11
81 88 37
81 89 26
81 90 45
81 91 24
81 92 76
81 93 21
81 94 15
81 95 22
81 96 47
81 97 60
81 98 63
81 99 76
82 83 80
82 84 26
82 85 75
82 86 17
82 87 97
82 88 48
82 89 5
82 90 41
82 91 59
82 92 14
82 93 63
82 94 94
82 95 18
82 96 37
82 97 58
82 98 50
82 99 76
83 84 20
83 85 45
83 86 45
83 87 16
83 88 43
83 89 48
83 90 84
83 91 43
83 92 31
83 93 75
83 94 22
83 95 47
83 96 98
83 97 34
83 98 52
83 99 21
84 85 22
84 86 39
84 87 7
84 88 99
84 89 34
84 90 33
84 91 16
84 92 28
84 93 81
84 94 50
84 95 12
84 96 27
84 97 41
84 98 62
84 99 89
85 86 15
85 87 32
85 88 53
85 89 87
85 90 47
85 91 47
85 92 9
85 93 67
85 94 65
85 95 88
85 96 9
85 97 88
85 98 91
85 99 17
86 87 84
86 88 88
86 89 50
86 90 10
86 91 9
86 92 26
86 93 81
86 94 93
86 95 83
86 96 77
86 97 93
86 98 92
86 99 6
87 88 38
87 89 26
87 90 41
87 91 49
87 92 74
87 93 23
87 94 18
87 95 92
87 96 43
87 97 53
87 98 66
87 99 37
88 89 80
88 90 62
88 91 34
88 92 24
88 93 56
88 94 43
88 95 75
88 96 88
88 97 30
88 98 74
88 99 2
89 90 62
89 91 97
89 92 80
89 93 52
89 94 26
89 95 12
89 96 99
89 97 64
89 98 10
89 99 37
90 91 78
90 92 55
90 93 10
90 94 91
90 95 9
90 96 33
90 97 47
90 98 18
90 99 61
91 92 19
91 93 86
91 94 75
91 95 27
91 96 21
91 97 13
91 98 88
91 99 41
92 93 97
92 94 9
92 95 20
92 96 81
92 97 54
92 98 83
92 99 84
93 94 75
93 95 60
93 96 3
93 97 66
93 98 38
93 99 82
94 95 26
94 96 65
94 97 48
94 98 68
94 99 43
95 96 64
95 97 3
95 98 62
95 99 3
96 97 59
96 98 23
96 99 76
97 98 60
97 99 76
98 99 99
