100
0 6 4.827
0 21 74.943
0 37 81.923
0 61 97.499
0 68 39.614
0 76 76.398
0 90 84.05
1 9 73.999
1 52 51.565
1 57 5.109
1 62 23.282
1 81 33.664
1 84 12.298
2 7 96.24
2 17 93.301
2 20 95.388
2 23 13.643
2 42 12.646
2 44 25.653
2 49 10.114
2 51 65.464
2 60 97.982
2 63 56.725
2 75 51.96
2 82 7.705
3 39 14.159
3 58 65.927
3 59 61.584
3 78 48.174
4 17 87.342
4 18 39.594
4 33 67.228
4 49 14.836
4 71 34.101
4 89 5.779
4 98 47.726
5 29 57.646
5 41 65.927
5 49 55.689
5 58 35.114
5 69 28.124
5 70 57.774
5 76 82.798
5 83 98.838
5 84 24.638
5 87 55.932
5 91 67.588
6 11 92.678
6 39 22.653
6 45 49.383
6 60 65.025
6 69 11.947
6 73 5.661
6 77 29.838
6 96 24.239
7 27 90.304
7 34 4.891
7 40 48.545
7 56 8.728
7 65 89.823
7 66 20.442
7 85 80.463
7 88 80.632
7 96 10.895
8 12 98.937
8 13 4.235
8 19 59.591
8 20 0.412
8 23 14.61
8 27 20.773
8 53 31.134
8 66 40.116
8 68 27.695
8 78 95.664
8 81 61.18
9 19 37.535
9 28 18.674
9 29 26.904
9 37 11.387
9 45 80.76
9 57 90.43
9 65 92.581
9 68 2.635
9 70 92.582
9 81 15.384
9 96 95.612
10 37 48.669
10 46 2.171
10 60 23.145
10 97 17.902
11 31 59.029
11 33 38.967
11 42 46.442
11 96 54.811
12 13 0.73
12 24 77.647
12 33 90.318
12 39 76.45
12 61 84.287
12 82 7.423
12 84 73.831
13 21 93.209
13 30 80.854
13 31 32.81
13 38 57.322
13 46 63.132
13 57 58.878
14 21 95.049
14 24 9.107
14 28 40.418
14 33 19.113
14 38 38.813
14 40 21.405
14 42 61.944
14 61 41.617
14 62 51.578
14 63 82.788
14 69 39.016
14 93 27.542
14 97 17.583
15 21 49.248
15 22 90.375
15 26 61.987
15 47 5.508
15 51 64.352
15 52 90.601
15 60 17.039
15 63 94.81
15 71 28.142
15 88 29.336
16 17 66.095
16 39 25.897
16 53 14.634
16 76 60.779
16 87 32.4
17 22 21.207
17 37 22.989
17 98 46.66
18 27 47.716
18 45 5.415
18 51 24.128
18 71 41.159
18 74 58.626
18 79 86.469
18 95 90.191
18 96 38.069
19 25 0.584
19 29 66.914
19 31 7.369
19 54 45.842
19 58 26.68
19 62 46.339
19 65 39.008
19 74 82.854
19 80 88.527
20 29 33.849
20 31 33.423
20 33 35.259
20 55 69.276
20 88 61.635
20 94 13.925
21 40 80.958
21 89 4.205
21 91 74.483
21 95 49.632
22 30 92.758
22 34 18.82
22 40 10.829
22 45 89.02
22 48 5.866
22 72 24.643
22 74 80.953
22 85 89.9
22 88 51.835
23 29 38.49
23 89 92.921
24 31 10.749
24 33 57.278
24 71 19.983
24 97 25.164
25 31 67.054
25 40 50.286
25 47 14.319
25 53 63.635
25 76 76.027
25 87 48.66
25 97 23.156
26 33 18.667
26 36 35.784
26 43 62.62
26 47 97.093
26 66 26.425
26 67 72.341
26 68 42.535
26 75 62.29
27 48 31.205
27 59 48.674
27 66 58.749
27 74 51.762
27 99 56.597
28 33 17.954
28 37 79.798
28 38 95.095
28 57 45.528
28 62 27.12
28 64 24.689
28 67 67.187
28 99 52.187
29 33 13.501
29 34 10.22
29 41 20.924
29 44 58.559
29 55 70.603
29 69 40.339
29 71 13.46
29 90 26.059
29 99 10.06
30 34 93.539
30 57 91.09
30 63 75.139
30 71 79.549
30 77 55.258
30 81 44.153
30 89 74.25
30 95 22.91
31 34 26.152
31 53 30.726
31 78 48.568
31 97 5.935
32 58 87.527
32 60 85.959
32 62 37.453
32 64 52.311
32 65 52.488
32 74 39.314
32 88 62.993
32 89 39.679
32 95 78.712
32 96 41.114
33 39 56.963
33 53 85.776
33 64 32.989
33 74 63.43
33 78 61.78
33 87 8.788
34 40 31.65
34 42 35.922
34 64 76.273
34 65 84.442
34 68 44.03
34 85 43.704
35 39 93.201
35 49 50.85
35 55 25.945
35 68 68.296
35 72 48.205
35 84 78.018
35 91 16.263
35 92 11.211
36 41 53.574
36 43 51.96
36 54 80.448
36 63 56.414
36 74 26.138
37 56 65.262
37 61 27.323
37 63 48.328
37 72 2.703
37 88 8.436
38 46 26.792
38 47 39.174
38 94 44.18
38 98 28.582
39 66 89.24
39 77 63.887
39 78 51.666
39 81 61.44
39 84 53.991
40 44 38.128
40 57 75.804
40 89 84.895
40 91 12.053
40 97 64.773
41 52 35.751
41 53 65.772
41 61 37.147
41 90 0.686
41 92 35.125
42 53 22.318
42 54 24.885
42 71 0.923
42 77 29.913
42 88 90.43
43 44 8.44
43 58 87.575
43 94 31.689
44 46 46.776
44 50 81.921
44 53 74.284
44 57 56.682
44 65 21.065
44 79 26.235
44 96 33.962
45 58 74.779
45 73 65.616
46 53 59.61
46 61 84.612
46 65 2.088
46 67 8.847
46 70 43.93
46 91 26.491
46 94 27.977
46 95 63.941
46 96 54.919
47 48 34.366
47 54 6.635
47 70 68.463
48 54 12.692
48 60 8.032
48 68 1.311
49 54 92.874
49 58 31.447
49 82 75.904
49 86 91.822
49 92 43.31
50 55 21.948
50 59 36.644
50 73 20.991
51 56 61.74
51 75 75.384
51 78 59.589
51 80 49.249
51 89 74.158
52 65 84.734
52 77 81.836
52 89 13.909
53 57 13.584
53 62 1.169
53 78 43.536
53 95 83.218
54 62 58.94
54 73 95.049
54 89 97.849
54 92 0.397
55 60 13.399
55 67 23.886
55 81 73.145
55 91 56.581
55 96 21.512
56 62 12.705
56 86 73.26
57 67 81.655
57 83 97.34
57 84 18.603
57 99 5.249
58 64 85.122
58 65 90.639
58 76 29.483
58 78 22.579
58 96 93.005
59 62 64.093
59 68 67.314
59 71 91.246
59 74 72.322
59 76 29.094
59 77 31.483
59 90 41.278
60 62 75.2
60 73 47.922
60 93 71.083
60 99 24.956
62 64 20.815
62 86 97.127
62 97 93.117
63 64 78.063
63 73 86.731
63 80 67.429
63 84 84.595
63 91 34.092
64 69 82.15
64 72 27.054
64 88 52.776
64 97 59.561
64 99 4.253
65 68 33.181
65 74 10.661
65 86 54.531
66 71 28.09
66 72 33.844
66 78 44.186
66 84 4.051
66 87 98.17
66 88 14.506
67 78 35.102
68 77 58.129
68 84 58.437
68 91 54.47
69 75 41.3
69 77 47.939
69 90 76.045
69 96 90.455
70 76 35.196
71 78 61.534
71 79 41.714
71 89 25.7
72 73 98.879
72 78 91.362
72 80 64.256
72 98 22.1
72 99 74.542
73 92 10.0
73 98 72.971
74 77 44.371
74 79 11.045
74 85 18.262
74 93 63.037
75 90 66.297
77 81 27.617
77 84 92.76
77 86 79.124
77 92 75.113
77 93 50.248
78 93 73.712
78 94 80.345
78 95 11.251
80 97 59.066
81 88 19.428
82 87 98.658
82 99 71.261
83 84 67.387
84 89 79.966
84 94 24.893
85 89 83.072
85 95 14.992
85 98 6.957
86 88 28.535
88 93 88.956
88 94 35.096
90 98 31.776
94 97 3.797
95 97 34.961