100
0 4 5.869
0 14 39.916
0 19 25.463
0 24 55.688
0 26 46.172
0 27 92.576
0 43 80.295
0 46 67.901
0 61 34.862
0 88 13.418
0 91 61.104
0 94 48.409
0 95 23.092
1 3 1.888
1 9 96.104
1 10 41.813
1 12 22.685
1 17 19.472
1 28 10.953
1 30 97.235
1 31 29.448
1 33 96.644
1 55 94.585
1 61 41.448
1 64 43.089
1 66 56.493
1 69 12.427
1 71 19.657
1 78 92.048
1 83 92.186
1 85 14.551
1 91 9.968
1 93 26.545
1 96 98.96
2 10 79.511
2 24 75.84
2 37 42.849
2 74 0.655
2 80 46.61
2 82 53.786
2 88 30.356
2 92 10.196
2 97 61.275
2 98 34.48
3 12 50.393
3 13 72.915
3 21 30.766
3 23 43.532
3 48 31.032
3 51 46.117
3 63 69.731
3 64 60.208
3 65 62.643
3 69 93.794
3 83 67.608
3 91 68.607
3 96 40.135
4 8 17.256
4 10 46.314
4 11 73.107
4 24 93.935
4 29 89.716
4 30 83.041
4 35 82.356
4 72 70.663
4 73 1.416
4 77 37.724
4 82 79.447
4 95 96.156
5 6 4.168
5 8 27.636
5 31 82.042
5 41 74.873
5 43 18.042
5 50 34.235
5 51 41.434
5 55 28.352
5 57 38.508
5 80 9.17
5 82 54.709
5 85 10.273
5 90 21.937
5 93 36.892
5 98 31.469
6 10 57.115
6 18 95.183
6 24 76.704
6 26 38.649
6 27 33.958
6 32 17.985
6 34 32.594
6 76 55.06
6 77 12.96
6 89 28.513
7 15 63.911
7 27 15.908
7 30 0.517
7 31 72.793
7 34 7.763
7 37 90.138
7 38 96.949
7 43 37.336
7 45 78.327
7 70 9.69
7 77 64.267
7 78 37.818
7 79 49.067
7 87 85.659
7 93 28.309
7 94 15.24
7 96 83.119
8 11 0.233
8 14 25.815
8 15 4.498
8 33 92.235
8 41 30.349
8 59 39.961
8 64 52.795
8 66 62.229
8 68 97.152
8 69 44.892
8 75 31.085
8 87 84.21
8 94 42.316
9 13 8.523
9 17 24.545
9 33 51.704
9 34 33.472
9 37 3.408
9 40 18.149
9 52 80.941
9 60 65.373
9 66 25.869
9 74 37.807
9 80 65.433
9 81 83.272
9 91 32.461
10 19 59.026
10 20 64.145
10 22 14.229
10 27 10.921
10 30 48.082
10 40 43.792
10 46 13.85
10 66 88.375
10 68 29.763
10 77 54.778
10 78 12.936
11 13 5.87
11 17 22.356
11 20 93.31
11 28 51.254
11 60 32.768
11 61 58.722
11 65 64.124
11 70 39.321
11 72 62.814
11 73 75.314
11 96 39.903
11 97 92.21
12 16 18.456
12 18 65.017
12 29 75.895
12 43 86.592
12 44 13.262
12 51 26.566
12 54 55.242
12 66 27.997
12 86 74.171
12 99 50.335
13 25 32.854
13 30 49.631
13 31 21.505
13 32 12.208
13 37 94.719
13 40 47.022
13 46 47.765
13 47 98.66
13 62 83.784
13 66 60.236
13 75 15.596
13 76 32.585
13 77 86.687
13 86 2.141
13 88 49.034
13 89 33.76
14 18 44.403
14 25 72.271
14 26 82.28
14 30 8.885
14 34 71.827
14 36 35.856
14 45 29.209
14 50 4.384
14 63 22.034
14 81 54.751
14 83 6.51
14 86 62.305
14 89 2.354
14 92 28.607
14 93 33.863
15 16 26.444
15 24 41.241
15 28 23.964
15 30 86.257
15 34 85.154
15 43 73.828
15 45 98.652
15 47 98.764
15 49 0.094
15 50 45.424
15 61 48.753
15 64 95.563
15 67 87.653
15 82 22.814
15 90 62.745
15 94 48.182
16 18 9.564
16 26 30.54
16 31 2.755
16 45 96.85
16 47 71.118
16 50 19.595
16 53 29.548
16 70 16.146
16 71 84.903
16 80 34.796
16 81 18.806
16 83 22.771
16 87 96.439
16 88 32.639
16 91 53.322
16 98 65.988
17 19 55.666
17 23 80.012
17 24 3.404
17 36 22.792
17 40 95.763
17 46 75.56
17 55 24.774
17 57 10.597
17 62 74.338
17 70 88.295
17 85 6.747
17 91 1.514
17 95 43.486
17 96 9.217
18 25 17.757
18 36 45.689
18 42 51.338
18 44 89.227
18 49 94.511
18 54 49.254
18 58 10.171
18 65 10.047
18 73 60.673
18 74 24.333
18 78 1.094
18 93 63.737
18 97 98.669
18 98 79.677
19 22 46.263
19 29 54.362
19 38 87.887
19 45 45.094
19 52 25.269
19 53 79.701
19 74 65.919
19 83 44.05
19 84 97.544
19 90 23.236
19 97 86.996
20 22 15.192
20 31 88.649
20 35 28.784
20 47 58.255
20 61 34.443
20 74 4.067
20 85 31.485
21 23 72.349
21 28 38.149
21 42 75.253
21 44 62.285
21 48 49.222
21 51 78.866
21 57 54.396
21 66 0.733
21 99 17.095
22 23 24.831
22 24 13.477
22 29 27.045
22 35 80.778
22 36 41.081
22 38 8.916
22 52 84.548
22 57 61.641
22 58 23.996
22 69 78.967
22 79 72.713
22 81 94.187
22 97 34.77
23 24 64.405
23 26 48.178
23 28 26.78
23 35 44.189
23 39 98.61
23 50 72.538
23 57 97.977
23 63 73.285
23 71 18.502
23 75 42.296
23 80 35.478
23 81 73.908
23 82 5.301
23 84 28.53
23 90 80.916
23 94 14.909
23 95 47.567
23 96 19.906
24 27 58.879
24 31 24.614
24 41 0.176
24 51 70.415
24 64 35.578
24 66 98.974
24 78 64.534
24 82 4.844
25 29 35.82
25 36 2.054
25 51 93.32
25 68 68.944
25 70 10.607
25 72 52.715
25 75 84.101
25 90 22.265
25 98 39.629
26 34 78.771
26 37 85.258
26 39 36.418
26 40 0.317
26 45 67.715
26 50 98.077
26 58 22.03
26 61 38.364
26 63 80.967
26 67 50.677
26 71 36.689
26 76 31.954
26 80 21.756
26 83 41.211
27 28 17.98
27 30 97.6
27 31 40.846
27 35 22.385
27 40 14.561
27 50 41.613
27 58 1.118
27 61 91.909
27 63 3.248
27 72 36.187
27 76 66.032
27 77 32.645
27 79 5.251
28 39 92.287
28 40 68.016
28 41 75.998
28 42 47.723
28 47 11.501
28 53 70.769
28 54 47.92
28 58 78.634
28 61 61.038
28 67 8.438
28 83 46.564
28 91 48.514
28 96 57.436
29 32 58.851
29 38 36.45
29 47 91.867
29 67 54.899
29 72 63.46
29 74 16.46
29 75 22.845
29 77 42.663
29 81 54.182
29 82 64.327
29 84 68.496
29 93 67.668
29 96 42.103
29 98 0.436
29 99 79.993
30 36 42.869
30 40 11.667
30 46 66.877
30 48 45.475
30 51 36.737
30 58 42.281
30 63 45.15
30 64 71.788
30 65 39.946
30 66 45.996
30 69 64.85
30 72 35.455
30 79 30.137
30 89 59.062
30 93 79.717
30 98 92.105
30 99 82.836
31 44 13.269
31 45 64.837
31 47 85.515
31 57 38.787
31 61 80.854
31 63 45.605
31 64 65.754
31 66 28.229
31 69 28.863
31 72 9.063
31 73 10.608
31 77 17.848
31 82 89.717
31 86 46.67
31 97 93.079
31 98 63.971
32 53 95.813
32 63 85.38
32 68 67.271
33 38 63.208
33 50 94.113
33 58 82.873
33 69 49.163
33 84 50.207
33 89 37.618
33 97 11.803
34 35 54.634
34 38 75.85
34 40 64.14
34 51 38.397
34 53 90.435
34 57 81.896
34 58 53.704
34 64 95.997
34 65 57.618
34 67 86.449
34 72 55.989
34 75 37.099
34 80 83.651
34 82 50.326
34 90 37.964
35 43 41.547
35 44 83.092
35 47 96.96
35 55 82.583
35 62 39.889
35 74 28.941
35 78 93.714
35 88 91.644
35 90 51.69
35 91 93.712
35 95 13.674
36 37 56.827
36 38 27.39
36 39 33.252
36 45 57.189
36 50 11.724
36 53 91.579
36 68 8.589
36 69 71.699
36 77 59.141
36 79 4.347
36 82 21.764
36 84 80.509
37 40 53.217
37 43 41.552
37 54 59.61
37 56 3.729
37 63 68.762
37 64 52.806
37 67 58.702
37 72 51.853
37 75 68.705
37 80 86.473
37 83 71.636
37 92 92.367
37 97 50.825
38 40 62.422
38 42 77.767
38 54 49.37
38 61 1.396
38 67 77.404
38 85 29.758
38 89 56.825
38 93 78.3
38 97 61.741
39 44 70.556
39 46 34.361
39 52 57.602
39 56 29.856
39 64 69.678
39 67 36.237
39 68 86.298
39 70 68.492
39 73 34.583
39 80 25.084
39 84 90.711
39 86 76.9
39 89 10.543
39 91 91.256
40 50 53.107
40 57 36.98
40 58 91.409
40 65 42.159
40 66 20.429
40 68 39.574
40 71 57.795
40 74 17.246
40 75 94.527
40 77 16.598
40 81 33.253
40 85 17.767
41 44 37.881
41 56 96.264
41 58 69.039
41 66 52.898
41 68 54.509
41 69 23.626
41 83 72.297
41 85 0.245
41 86 42.496
41 87 48.712
41 94 28.986
41 95 10.883
42 46 85.033
42 49 0.678
42 63 34.28
42 82 94.013
42 85 59.8
42 88 37.239
42 91 65.312
42 93 37.912
42 94 66.604
42 99 54.344
43 60 79.38
43 61 50.915
43 62 1.129
43 63 7.843
43 81 41.698
43 83 94.938
43 90 85.052
43 91 46.758
43 92 75.971
44 54 65.186
44 56 73.769
44 57 71.215
44 68 94.449
44 72 24.32
44 81 48.131
44 87 6.296
44 89 63.906
44 92 0.167
44 94 59.215
44 96 23.37
45 59 91.553
45 68 58.071
45 69 95.884
45 83 45.421
45 89 56.817
46 54 94.809
46 56 77.482
46 58 9.44
46 60 66.528
46 62 88.505
46 90 36.143
46 99 67.336
47 49 22.7
47 51 64.329
47 62 59.769
47 72 25.92
47 75 73.484
47 76 20.087
47 77 18.752
47 78 9.306
47 89 65.293
47 90 23.025
47 92 5.821
48 55 78.156
48 61 0.712
48 64 1.454
48 67 49.586
48 68 70.694
48 78 71.316
48 82 30.893
48 85 82.886
48 96 38.109
49 64 53.006
49 65 79.724
49 69 91.779
49 70 88.813
49 88 43.472
49 96 37.623
49 98 5.823
50 73 71.237
50 77 71.421
50 78 66.494
50 86 70.547
50 94 52.404
50 95 38.067
51 66 80.656
51 84 3.911
51 89 35.686
52 58 71.518
52 60 8.964
52 65 75.054
52 81 77.607
52 84 31.954
52 99 96.789
53 62 17.404
53 68 53.47
53 71 47.62
53 72 70.186
53 85 40.803
53 90 24.339
53 99 6.911
54 59 47.549
54 62 34.77
54 64 92.672
54 65 82.278
54 66 50.15
54 67 28.412
54 79 3.149
54 88 22.912
54 91 18.396
55 57 35.136
55 60 77.748
55 71 16.268
55 73 38.022
55 75 87.06
55 78 43.799
55 83 50.125
55 89 53.749
55 94 29.114
56 62 97.85
56 66 49.04
56 68 83.085
56 76 30.034
56 77 1.602
56 86 43.421
56 92 92.083
56 95 77.791
56 97 74.541
56 99 59.043
57 68 73.827
57 82 46.585
57 86 3.09
57 95 23.079
58 70 17.663
58 73 13.342
58 75 41.876
58 77 44.799
58 87 43.975
58 91 42.37
59 60 75.527
59 63 0.399
59 69 26.951
59 73 64.603
59 77 98.019
59 79 86.77
59 83 72.315
59 89 35.257
59 91 93.812
59 95 49.055
59 99 0.212
60 66 19.502
60 67 63.135
60 70 63.636
60 71 0.471
60 75 17.78
60 77 1.711
60 82 50.849
60 83 83.651
61 63 20.302
61 64 14.822
61 70 0.344
61 76 5.567
61 78 64.568
61 83 15.274
61 84 40.002
61 86 96.908
61 88 97.173
61 89 84.683
61 96 18.501
62 64 54.047
62 68 73.742
62 81 75.104
62 89 42.658
62 98 94.007
63 64 98.28
63 66 4.754
63 71 86.335
63 75 57.679
63 87 3.774
63 93 41.83
64 66 41.244
64 69 75.185
64 70 36.202
64 72 19.002
64 95 47.095
65 69 43.145
65 75 28.571
65 80 41.657
66 68 88.588
66 71 29.271
66 78 20.057
66 79 55.107
66 99 44.761
67 68 46.434
67 82 19.57
67 83 39.44
67 87 75.559
67 97 43.763
68 72 98.888
68 82 38.653
68 85 7.243
68 87 62.575
68 90 72.62
68 93 16.609
69 78 13.393
69 81 32.925
69 84 91.696
69 95 32.01
70 85 65.939
70 90 83.007
71 76 93.154
72 76 47.717
72 78 58.824
72 84 39.112
72 93 79.846
73 88 45.421
73 93 75.629
73 97 73.999
74 79 30.526
74 85 93.979
74 91 22.787
74 98 92.244
75 89 89.608
75 91 18.933
75 99 87.135
76 85 29.652
76 86 42.336
76 87 98.203
76 88 6.842
76 92 38.253
77 86 16.678
77 90 65.935
77 99 89.661
78 82 68.579
78 88 64.332
79 81 71.174
79 86 94.402
80 93 0.277
80 94 13.4
80 95 88.617
80 97 42.587
81 89 41.189
81 98 16.443
81 99 93.113
82 83 64.088
82 87 59.722
82 91 61.463
82 93 85.329
83 91 78.655
83 92 81.607
83 94 1.11
83 95 75.361
83 96 87.871
83 99 84.135
84 90 13.671
84 93 41.017
85 87 4.2
85 95 62.708
85 97 78.235
86 87 4.869
86 98 27.875
86 99 13.473
87 89 32.471
87 92 12.388
87 95 93.172
87 97 4.257
89 93 21.903
89 96 24.345
90 92 44.473
90 95 97.163
90 97 8.102
90 98 18.445
91 93 35.847
92 95 74.827
92 99 13.082
93 96 35.575
94 97 86.312
96 99 94.922