63
0 1 89
0 2 75
1 2 71
1 3 7
1 62 21
2 3 29
2 4 34
3 4 27
3 5 35
4 5 60
4 6 66
5 6 98
5 7 14
6 7 41
6 8 82
7 8 83
7 9 70
8 9 36
8 10 54
9 10 65
9 11 49
10 11 56
10 12 55
11 12 53
11 13 5
12 13 73
12 14 38
13 14 46
13 15 24
14 15 32
14 16 70
15 16 78
15 17 54
16 17 20
16 18 60
17 18 69
17 19 91
18 19 20
18 20 35
19 20 15
19 21 38
20 21 43
20 22 68
21 22 43
21 23 68
22 23 1
22 24 33
23 24 94
23 25 76
24 25 87
24 26 76
25 26 65
25 27 60
26 27 39
26 28 75
27 28 62
27 29 9
28 29 12
28 30 68
29 30 11
29 31 86
30 31 7
30 32 93
31 32 76
31 33 20
32 33 36
32 34 53
33 34 28
33 35 8
34 35 32
34 36 26
35 36 20
35 37 69
36 37 67
36 38 28
37 38 27
37 39 16
38 39 20
38 40 23
39 40 44
39 41 63
40 41 33
40 42 63
41 42 58
41 43 76
42 43 40
42 44 45
43 44 96
43 45 16
44 45 44
44 46 19
45 46 14
45 47 71
46 47 62
46 48 31
47 48 37
47 49 95
48 49 53
48 50 26
49 50 25
49 51 98
50 51 7
50 52 68
51 52 19
51 53 43
52 53 37
52 54 30
53 54 91
53 55 26
54 55 24
54 56 28
55 56 35
55 57 97
56 57 37
56 58 94
57 58 81
57 59 65
58 59 59
58 60 72
59 60 61
59 61 14
60 61 72
60 62 49
61 62 7