56
0 1 74.51
0 2 11.73
0 3 99.29
0 4 81.9
0 5 61.72
0 6 54.35
0 7 21.7
0 8 27.68
0 9 73.17
0 10 29.02
0 11 21.99
0 12 53.23
0 13 57.87
0 14 18.21
0 15 94.22
0 16 43.48
0 17 8.01
0 18 56.63
0 19 47.66
0 20 11.1
0 21 38.26
0 22 15.39
0 23 90.53
0 24 76.45
0 25 83.56
0 26 12.7
0 27 36.11
0 28 5.39
0 29 42.12
0 30 24.53
0 31 51.01
0 32 52.55
0 33 58.52
0 34 24.59
0 35 61.47
0 36 7.85
0 37 21.95
0 38 1.46
0 39 79.89
0 40 17.73
0 41 68.21
0 42 65.4
0 43 67.67
0 44 16.98
0 45 90.43
0 46 86.28
0 47 86.72
0 48 47.41
0 49 65.07
1 2 35.24
1 3 61.04
1 4 38.55
1 5 10.46
1 6 89.49
1 7 71.05
1 8 17.26
1 9 60.59
1 10 17.54
1 11 73.76
1 12 47.68
1 13 76.51
1 14 44.19
1 15 61.24
1 16 25.73
1 17 1.01
1 18 18.58
1 19 49.79
1 20 68.51
1 21 28.63
1 22 33.19
1 23 52.82
1 24 16.67
1 25 65.83
1 26 34.73
1 27 63.62
1 28 36.92
1 29 17.91
1 30 32.84
1 31 27.17
1 32 28.01
1 33 40.96
1 34 81.52
1 35 27.89
1 36 38.32
1 37 61.57
1 38 51.08
1 39 74.17
1 40 8.38
1 41 90.15
1 42 3.77
1 43 73.99
1 44 28.67
1 45 67.19
1 46 55.55
1 47 19.65
1 48 10.29
1 49 43.96
2 3 94.01
2 4 34.25
2 5 85.46
2 6 83.05
2 7 99.08
2 8 25.64
2 9 25.68
2 10 43.44
2 11 42.28
2 12 31.23
2 13 70.5
2 14 2.12
2 15 84.66
2 16 36.24
2 17 19.43
2 18 98.44
2 19 2.35
2 20 55.77
2 21 81.19
2 22 69.11
2 23 20.14
2 24 59.93
2 25 23.75
2 26 74.64
2 27 50.92
2 28 73.11
2 29 91.3
2 30 82.38
2 31 81.84
2 32 7.41
2 33 66.33
2 34 94.6
2 35 91.69
2 36 61
2 37 65.41
2 38 81.21
2 39 26.98
2 40 5.32
2 41 98.65
2 42 80.25
2 43 3.09
2 44 97.85
2 45 21.69
2 46 44.36
2 47 29.47
2 48 2.23
2 49 32.21
3 4 42.34
3 5 11.57
3 6 35.78
3 7 9.66
3 8 60.07
3 9 82.12
3 10 77.07
3 11 70.09
3 12 63.31
3 13 87.58
3 14 93.2
3 15 99.59
3 16 70.78
3 17 4.08
3 18 80.1
3 19 85.47
3 20 31.96
3 21 95.78
3 22 93.06
3 23 16.56
3 24 37.14
3 25 34.69
3 26 77.24
3 27 14.61
3 28 68.18
3 29 50.99
3 30 36.19
3 31 0.95
3 32 71.95
3 33 90.29
3 34 91.93
3 35 15.68
3 36 52.25
3 37 70.38
3 38 62.52
3 39 95.19
3 40 13.57
3 41 28.81
3 42 15.42
3 43 36.86
3 44 61.32
3 45 53.02
3 46 92.81
3 47 31.43
3 48 85.1
3 49 87.64
4 5 66.06
4 6 67.32
4 7 39.32
4 8 50.63
4 9 59.25
4 10 85.38
4 11 76.05
4 12 84.38
4 13 52.05
4 14 60.27
4 15 40.06
4 16 82.64
4 17 74.93
4 18 41.99
4 19 1.83
4 20 2.51
4 21 40.21
4 22 87.78
4 23 81.15
4 24 44.69
4 25 64.1
4 26 31.78
4 27 13.35
4 28 95.25
4 29 69.88
4 30 31.59
4 31 39.78
4 32 83.1
4 33 12.56
4 34 39.36
4 35 55.4
4 36 15.28
4 37 66.85
4 38 51.69
4 39 95.21
4 40 47.29
4 41 13.93
4 42 55.01
4 43 49.71
4 44 57.43
4 45 42.68
4 46 70.27
4 47 47.48
4 48 3.56
4 49 37.69
5 6 93.39
5 7 0.99
5 8 92.35
5 9 52.07
5 10 43.83
5 11 25.06
5 12 51.03
5 13 51.97
5 14 4.12
5 15 1.46
5 16 72.73
5 17 31.96
5 18 70.38
5 19 32.48
5 20 54.03
5 21 33.66
5 22 57.28
5 23 69.1
5 24 89.47
5 25 39.96
5 26 71.33
5 27 63.08
5 28 50.76
5 29 22.59
5 30 97.3
5 31 85.89
5 32 37.16
5 33 48.54
5 34 74.04
5 35 98.59
5 36 48.88
5 37 75.31
5 38 16.86
5 39 1.3
5 40 34.8
5 41 84.92
5 42 34.21
5 43 7.87
5 44 30.44
5 45 59.35
5 46 95.79
5 47 77.21
5 48 27.75
6 49 16.95
6 7 7.41
6 8 87.09
6 9 70.61
6 10 58.35
6 11 52.08
6 12 43.37
6 13 4.41
6 14 39.42
6 15 27.98
6 16 74.72
6 17 21.03
6 18 79.6
6 19 64.22
6 20 1.1
6 21 84.67
6 22 73.51
6 23 58.66
6 24 37.7
6 25 0.13
6 26 26.57
6 27 8.84
6 28 29.86
6 29 36.2
6 30 46.99
6 31 1.76
6 32 49.18
6 33 54.07
6 34 99.22
6 35 2.7
6 36 11.78
6 37 30.43
6 38 46.76
6 39 42.5
6 40 78.6
6 41 46.4
6 42 92.44
6 43 34.8
6 44 82.19
6 45 28.69
6 46 68.96
6 47 21.67
6 48 37.5
6 49 9.54
7 8 79.92
7 9 48.92
7 10 67.33
7 11 73.18
7 12 32.58
7 13 47.22
7 14 81.77
7 15 54.3
7 16 38.24
7 17 78.2
7 18 75.01
7 19 76.67
7 20 88.13
7 21 64.67
7 22 47.24
7 23 94.65
7 24 50.09
7 25 40.87
7 26 65.74
7 27 13.91
7 28 97.87
7 29 77.09
7 30 21.06
7 31 3.9
7 32 53.81
7 33 12.78
7 34 92.13
7 35 45.78
7 36 72.68
7 37 65.78
7 38 93.08
7 39 19.79
7 40 93.57
7 41 33.17
7 42 20.46
7 43 84.85
7 44 93.07
7 45 39.22
7 46 39.15
7 47 6.44
7 48 10.25
7 49 0.88
8 9 25.67
8 10 68.37
8 11 35.84
8 12 60.34
8 13 37.44
8 14 52.81
8 15 37
8 16 2.42
8 17 23.03
8 18 17.58
8 19 70.78
8 20 60.05
8 21 93.67
8 22 66.14
8 23 26.33
8 24 64.76
8 25 65.19
8 26 74.4
8 27 44.07
8 28 4.24
8 29 37.64
8 30 28.08
8 31 25.65
8 32 52.44
8 33 32.18
8 34 11.57
8 35 91.99
8 36 19.15
8 37 87.15
8 38 92.82
8 39 23.29
8 40 44.84
8 41 63.22
8 42 18.94
8 43 79.15
8 44 4.56
8 45 93.2
8 46 26.2
8 47 27.67
8 48 39.95
8 49 25.93
9 10 1.57
9 11 22.32
9 12 1.13
9 13 94.75
9 14 57.32
9 15 26.59
9 16 67.88
9 17 90.01
9 18 17.74
9 19 54.82
9 20 31.08
9 21 83.38
9 22 75.85
9 23 51.51
9 24 56.92
9 25 82.73
9 26 96.05
9 27 87.21
9 28 40.46
9 29 51.13
9 30 12.11
9 31 35.95
9 32 51.15
9 33 14.3
9 34 48.14
9 35 22.78
9 36 69.25
9 37 66.57
9 38 60.6
9 39 28.78
9 40 0.5
9 41 12.33
9 42 7.46
9 43 35
9 44 25.04
9 45 42.2
9 46 0.83
9 47 38.62
9 48 45.47
9 49 5.1
10 11 81.82
10 12 90.75
10 13 64.6
10 14 25.97
10 15 43.82
10 16 6.44
10 17 71.12
10 18 31.77
10 19 81.61
10 20 58.06
10 21 50.41
10 22 11.31
10 23 23.14
10 24 86.56
10 25 59.99
10 26 92.2
10 27 71.91
10 28 87.01
10 29 39.66
10 30 58.65
10 31 65.54
10 32 81.97
10 33 10.64
10 34 44.98
10 35 76.61
10 36 45.88
10 37 37.25
10 38 60.19
10 39 26.33
10 40 3.81
10 41 3.82
10 42 52.48
10 43 71.17
10 44 80.89
10 45 82.29
10 46 51.32
10 47 1.79
10 48 77.48
10 49 77.13
11 12 11.79
11 13 22.69
11 14 28.49
11 15 93.65
11 16 95
11 17 18.04
11 18 0.39
11 19 78.92
11 20 30.55
11 21 97.24
11 22 80.47
11 23 67.43
11 24 12.55
11 25 82.09
11 26 34.72
11 27 89.82
11 28 47.99
11 29 32.5
11 30 90.02
11 31 85.13
11 32 23.45
11 33 91.03
11 34 99.03
11 35 23.05
11 36 19.24
11 37 84.29
11 38 84.38
11 39 61.59
11 40 39.78
11 41 84.48
11 42 33.55
11 43 69.73
11 44 61.99
11 45 82.78
11 46 52.58
11 47 52.96
11 48 47.76
11 49 37.2
12 13 86.43
12 14 88.03
12 15 31.65
12 16 38.72
12 17 69.33
12 18 14.26
12 19 30.81
12 20 85.79
12 21 97.97
12 22 56.33
12 23 0.17
12 24 37.02
12 25 11.36
12 26 16.14
12 27 36.53
12 28 79.33
12 29 58.61
12 30 41.9
12 31 86.35
12 32 0.74
12 33 51.32
12 34 47.07
12 35 24.27
12 36 74.54
12 37 49.59
12 38 96.81
12 39 31.93
12 40 32.28
12 41 99.96
12 42 71.88
12 43 24.39
12 44 20.98
12 45 15.95
12 46 5.21
12 47 66.77
12 48 67.98
12 49 84.55
13 14 95.46
13 15 61.08
13 16 47.68
13 17 4.86
13 18 23.48
13 19 43.53
13 20 15.72
13 21 31.72
13 22 39.91
13 23 2.45
13 24 21.35
13 25 53.89
13 26 54.5
13 27 63.08
13 28 75.87
13 29 73.17
13 30 11.77
13 31 78.3
13 32 80.59
13 33 24.35
13 34 56.98
13 35 54.9
13 36 17.74
13 37 32.24
13 38 32.08
13 39 93.33
13 40 90.2
13 41 6.26
13 42 99.7
13 43 10.43
13 44 26.62
13 45 69.44
13 46 15.41
13 47 21.93
13 48 59.42
13 49 52.96
14 15 2.85
14 16 63.57
14 17 88.78
14 18 16.15
14 19 1.17
14 20 13.9
14 21 72.26
14 22 36.34
14 23 4.52
14 24 64.09
14 25 27.03
14 26 8.57
14 27 20.72
14 28 30.32
14 29 45.57
14 30 22.39
14 31 76.68
14 32 61.77
14 33 92.36
14 34 9.87
14 35 74.03
14 36 43.7
14 37 4.51
14 38 27.98
14 39 32.72
14 40 75.39
14 41 47.53
14 42 2.42
14 43 99.7
14 44 54.81
14 45 57.89
14 46 41.25
14 47 64.41
14 48 20.33
14 49 1.63
15 16 56.91
15 17 55.52
15 18 9.27
15 19 91.74
15 20 86.19
15 21 89.98
15 22 67.23
15 23 53.92
15 24 19.46
15 25 96.55
15 26 79.75
15 27 42.82
15 28 98.43
15 29 82.06
15 30 74.52
15 31 10.51
15 32 29.48
15 33 14.46
15 34 47.19
15 35 50.79
15 36 26.05
15 37 86.45
15 38 79.63
15 39 90.5
15 40 2.01
15 41 61.78
15 42 79.79
15 43 57.82
15 44 50.51
15 45 64.82
15 46 87.51
15 47 67.65
15 48 20.16
15 49 66.45
16 17 15.6
16 18 1.03
16 19 37.64
16 20 85.73
16 21 28.33
16 22 82.64
16 23 23.81
16 24 79.55
16 25 55.41
16 26 62.33
16 27 93.06
16 28 68.2
16 29 12.78
16 30 46.53
16 31 21.29
16 32 11.31
16 33 97.89
16 34 36.54
16 35 57.8
16 36 57.25
16 37 85.89
16 38 66.02
16 39 86.24
16 40 59.28
16 41 54.3
16 42 68.29
16 43 80.24
16 44 57.03
16 45 48.1
16 46 24.8
16 47 40.25
16 48 62.4
16 49 5.85
17 18 72.9
17 19 49.53
17 20 28.52
17 21 66.57
17 22 7.99
17 23 49.41
17 24 33.75
17 25 99.58
17 26 48.73
17 27 3.66
17 28 92.54
17 29 8.14
17 30 38.12
17 31 14.77
17 32 2.75
17 33 25.28
17 34 87.09
17 35 55.84
17 36 56.97
17 37 61.51
17 38 15.98
17 39 85.78
17 40 52.05
17 41 50.52
17 42 79.62
17 43 85.3
17 44 71.2
17 45 51.91
17 46 6.02
17 47 14.44
17 48 46.1
17 49 89.52
18 19 91.47
18 20 91.33
18 21 25.63
18 22 75.63
18 23 59.15
18 24 88.65
18 25 14.12
18 26 88.84
18 27 46.93
18 28 86.66
18 29 24.47
18 30 17.96
18 31 98.51
18 32 98.22
18 33 49.98
18 34 62.06
18 35 63.46
18 36 5.12
18 37 18.13
18 38 3.05
18 39 42.92
18 40 27.9
18 41 59.68
18 42 75.59
18 43 70.69
18 44 67.63
18 45 60.22
18 46 2.06
18 47 2.49
18 48 65.29
18 49 56.51
19 20 60.75
19 21 44.93
19 22 14.64
19 23 86.53
19 24 32.04
19 25 11.79
19 26 12.1
19 27 98.25
19 28 59.07
19 29 35.07
19 30 63.51
19 31 5.26
19 32 25.28
19 33 11.39
19 34 48.44
19 35 75.79
19 36 80.67
19 37 14.86
19 38 50.39
19 39 38.83
19 40 76.21
19 41 42.18
19 42 3.41
19 43 1.39
19 44 60.76
19 45 13.95
19 46 69.49
19 47 50.96
19 48 59.88
19 49 75.4
20 21 96.8
20 22 25.89
20 23 77.24
20 24 76.53
20 25 54.13
20 26 53.46
20 27 72.25
20 28 49.59
20 29 32.94
20 30 65.1
20 31 48.7
20 32 60.96
20 33 18.43
20 34 23.99
20 35 61.32
20 36 63.6
20 37 26.14
20 38 38.39
20 39 53.47
20 40 22.29
20 41 47.47
20 42 68.9
20 43 93.05
20 44 0.82
20 45 0.6
20 46 65.67
20 47 76.35
20 48 26.72
20 49 4.04
21 22 18.5
21 23 34.97
21 24 28.47
21 25 74.62
21 26 61.48
21 27 59.06
21 28 84.4
21 29 22.32
21 30 59.5
21 31 76.03
21 32 42.12
21 33 41.11
21 34 44.88
21 35 14.05
21 36 18.36
21 37 94.33
21 38 81.8
21 39 38.11
21 40 92.62
21 41 24.19
21 42 40.3
21 43 94.71
21 44 51.57
21 45 64.14
21 46 53.14
21 47 97.29
21 48 11.19
21 49 86.9
22 23 28.69
22 24 24.49
22 25 3.68
22 26 67.5
22 27 38.61
22 28 92.68
22 29 79.85
22 30 1.96
22 31 65.2
22 32 8.9
22 33 50.33
22 34 70.3
22 35 32.97
22 36 16.78
22 37 85.4
22 38 0.98
22 39 38.55
22 40 80.39
22 41 11.41
22 42 37.46
22 43 42.54
22 44 82.78
22 45 7.06
22 46 96.41
22 47 93.17
22 48 64.25
22 49 5.17
23 24 25.84
23 25 6.74
23 26 78.34
23 27 37.11
23 28 3.35
23 29 12.76
23 30 11.37
23 31 4.52
23 32 32.59
23 33 72.04
23 34 52.8
23 35 60.79
23 36 71.62
23 37 30.41
23 38 64.77
23 39 10.3
23 40 28.74
23 41 57.47
23 42 85.66
23 43 42.93
23 44 47.44
23 45 48.06
23 46 72.56
23 47 32.19
23 48 57.55
23 49 92.38
24 25 66.4
24 26 16.74
24 27 76.66
24 28 7.96
24 29 34.73
24 30 3.29
24 31 23.57
24 32 4.7
24 33 86.26
24 34 1.5
24 35 41.83
24 36 48.57
24 37 1.4
24 38 42.97
24 39 6.29
24 40 7.94
24 41 42.88
24 42 22.84
24 43 90.33
24 44 82.5
24 45 20.52
24 46 47.27
24 47 58.87
24 48 24.54
24 49 88.57
25 26 59.07
25 27 56.11
25 28 56.92
25 29 46.61
25 30 76.73
25 31 22.37
25 32 20.14
25 33 95.16
25 34 64.92
25 35 76.48
25 36 13.93
25 37 79.68
25 38 49.3
25 39 80.4
25 40 40.41
25 41 80.37
25 42 95.1
25 43 16.71
25 44 69.1
25 45 74.78
25 46 20.62
25 47 91.44
25 48 78.35
25 49 48.75
26 27 32.66
26 28 0.32
26 29 63.55
26 30 62.97
26 31 74.63
26 32 40.11
26 33 72.69
26 34 30.99
26 35 70.36
26 36 9.35
26 37 86.63
26 38 13.73
26 39 10.36
26 40 62.62
26 41 41.8
26 42 71.9
26 43 51.25
26 44 33.36
26 45 78.29
26 46 29.88
26 47 72.78
26 48 62.2
26 49 74.19
27 28 57.65
27 29 26.9
27 30 22.07
27 31 93.39
27 32 54.95
27 33 72.11
27 34 51.62
27 35 96.12
27 36 38.25
27 37 52.8
27 38 21.74
27 39 27.04
27 40 98.11
27 41 69.72
27 42 55.77
27 43 15.28
27 44 62.79
27 45 12.25
27 46 29.42
27 47 85.89
27 48 30.04
27 49 23.46
28 29 81.58
28 30 64.32
28 31 75.98
28 32 89.12
28 33 14.49
28 34 61.41
28 35 44.03
28 36 94.94
28 37 32.66
28 38 41.2
28 39 88.69
28 40 5.92
28 41 1.12
28 42 0.78
28 43 78.07
28 44 90.74
28 45 51.83
28 46 15.6
28 47 23.08
28 48 83.92
28 49 28.64
29 30 7.39
29 31 77.07
29 32 35.58
29 33 38.2
29 34 3.58
29 35 85.6
29 36 74.82
29 37 8.85
29 38 10.53
29 39 59.18
29 40 62.72
29 41 0.26
29 42 13.94
29 43 11.02
29 44 39.21
29 45 24.99
29 46 83.02
29 47 10.43
29 48 41.5
29 49 90.32
30 31 3.68
30 32 73.59
30 33 17.12
30 34 58.83
30 35 11.85
30 36 85.85
30 37 39.71
30 38 38.31
30 39 82.23
30 40 41.18
30 41 59.91
30 42 58.5
30 43 28.26
30 44 11.25
30 45 92.05
30 46 94.16
30 47 92.8
30 48 63.26
30 49 96.09
31 32 53.93
31 33 44.08
31 34 75.2
31 35 95.35
31 36 49.34
31 37 9.95
31 38 32.84
31 39 56.68
31 40 64.4
31 41 52.94
31 42 6.16
31 43 75.62
31 44 13.21
31 45 96.82
31 46 68.03
31 47 95.08
31 48 89.59
31 49 32.8
32 33 36.71
32 34 97.19
32 35 32.49
32 36 41.22
32 37 59.41
32 38 80.41
32 39 69.74
32 40 74.8
32 41 97.77
32 42 51.54
32 43 32.5
32 44 65.62
32 45 20.83
32 46 20.77
32 47 82.6
32 48 70.18
32 49 91.45
33 34 89.06
33 35 95.95
33 36 1.07
33 37 11.59
33 38 44.65
33 39 16.37
33 40 96
33 41 70.51
33 42 78.73
33 43 88.05
33 44 7.49
33 45 96.95
33 46 39.84
33 47 59.55
33 48 29.15
33 49 4.48
34 35 27.48
34 36 56.14
34 37 57.52
34 38 21.79
34 39 18.46
34 40 43.24
34 41 92.1
34 42 48.02
34 43 45.51
34 44 57.98
34 45 7
34 46 6.73
34 47 47.12
34 48 38.26
34 49 74.36
35 36 25.14
35 37 21.88
35 38 76.07
35 39 81.26
35 40 52.97
35 41 89.43
35 42 50.2
35 43 35.86
35 44 72.9
35 45 14.04
35 46 34.17
35 47 38.63
35 48 60.34
35 49 99.58
36 37 80.85
36 38 86.26
36 39 96.24
36 40 85.95
36 41 24.75
36 42 55.24
36 43 27.02
36 44 51.37
36 45 83.05
36 46 0.32
36 47 67.74
36 48 73.17
36 49 83.28
37 38 81.5
37 39 91.45
37 40 94.74
37 41 72.72
37 42 20.08
37 43 55.65
37 44 1.41
37 45 5.06
37 46 98.02
37 47 21.46
37 48 53.96
37 49 92.22
38 39 90.7
38 40 84.72
38 41 39.69
38 42 43
38 43 26.79
38 44 91.76
38 45 75.85
38 46 39.92
38 47 54.46
38 48 97.68
38 49 1.51
39 40 33.26
39 41 68.16
39 42 22.94
39 43 75.76
39 44 0.89
39 45 22.93
39 46 32.69
39 47 21.56
39 48 38.23
39 49 52.81
40 41 57.76
40 42 43.54
40 43 48.84
40 44 55.29
40 45 49.13
40 46 14.72
40 47 32.39
40 48 11.66
40 49 40.37
41 42 12.67
41 43 41.67
41 44 20.18
41 45 58.77
41 46 26.25
41 47 72.18
41 48 3.32
41 49 1.57
42 43 6.04
42 44 89.37
42 45 7.54
42 46 41.69
42 47 3.83
42 48 12.17
42 49 10.15
43 44 88.19
43 45 82.75
43 46 36.45
43 47 90.08
43 48 69.42
43 49 78.36
44 45 31.83
44 46 76.98
44 47 51.31
44 48 33.79
44 49 56.56
45 46 75.79
45 47 40.12
45 48 80.16
45 49 95.65
46 47 51.95
46 48 25.4
46 49 92.11
47 48 81.77
47 49 58.52
48 49 74.5
49 50 16.95
51 50 28.38
52 50 67.3
53 50 17.51
54 55 12.66
51 52 0.79
52 53 15.92
53 55 91.04
54 51 23.88