100
0 1 82.53
0 2 61.662
0 3 27.261
0 4 44.471
0 5 49.526
0 6 16.606
0 7 55.846
0 8 79.056
0 9 19.763
0 10 98.881
0 11 72.882
0 12 22.763
0 13 44.245
0 14 70.801
0 15 30.85
0 16 65.334
0 17 13.022
0 18 3.295
0 19 42.458
0 20 88.382
0 21 54.875
0 22 51.407
0 23 30.66
0 24 45.813
0 25 11.416
0 26 1.34
0 27 67.843
0 28 96.442
0 29 18.738
0 30 91.543
0 31 68.649
0 32 45.488
0 33 20.853
0 34 39.313
0 35 82.761
0 36 65.117
0 37 97.991
0 38 6.074
0 39 51.922
0 40 43.589
0 41 16.434
0 42 88.253
0 43 77.191
0 44 41.982
0 45 31.773
0 46 19.85
0 47 13.154
0 48 54.292
0 49 10.912
0 50 33.867
0 51 56.338
0 52 17.514
0 53 65.766
0 54 58.088
0 55 2.095
0 56 98.183
0 57 75.727
0 58 67.186
0 59 82.458
0 60 9.906
0 61 79.557
0 62 10.854
0 63 7.078
0 64 79.133
0 65 32.369
0 66 57.341
0 67 48.167
0 68 15.312
0 69 4.492
0 70 44.019
0 71 75.241
0 72 79.899
0 73 49.996
0 74 72.782
0 75 66.947
0 76 4.664
0 77 19.606
0 78 5.736
0 79 95.711
0 80 29.925
0 81 62.454
0 82 91.543
0 83 5.269
0 84 24.033
0 85 97.465
0 86 35.469
0 87 12.844
0 88 61.443
0 89 64.171
0 90 40.759
0 91 75.651
0 92 11.31
0 93 83.953
0 94 42.432
0 95 54.775
0 96 59.788
0 97 96.377
0 98 53.257
0 99 5.39
1 2 18.298
1 3 33.609
1 4 20.091
1 5 58.472
1 6 99.013
1 7 1.385
1 8 56.776
1 9 28.361
1 10 84.347
1 11 24.057
1 12 54.672
1 13 3.659
1 14 56.523
1 15 39.799
1 16 7.097
1 17 78.654
1 18 81.385
1 19 20.851
1 20 19.538
1 21 70.426
1 22 95.685
1 23 79.916
1 24 44.708
1 25 2.351
1 26 84.087
1 27 57.544
1 28 97.126
1 29 45.947
1 30 30.684
1 31 19.862
1 32 99.879
1 33 7.009
1 34 86.068
1 35 90.77
1 36 91.591
1 37 71.283
1 38 73.563
1 39 88.618
1 40 2.047
1 41 32.233
1 42 27.523
1 43 87.264
1 44 55.345
1 45 63.445
1 46 30.537
1 47 28.356
1 48 81.412
1 49 7.485
1 50 84.351
1 51 89.763
1 52 21.352
1 53 76.206
1 54 14.908
1 55 84.022
1 56 8.142
1 57 4.708
1 58 50.526
1 59 75.665
1 60 23.768
1 61 30.251
1 62 15.318
1 63 22.94
1 64 98.28
1 65 79.655
1 66 62.363
1 67 13.153
1 68 50.392
1 69 95.786
1 70 98.199
1 71 49.258
1 72 98.503
1 73 11.257
1 74 52.655
1 75 55.304
1 76 93.304
1 77 44.272
1 78 17.751
1 79 1.902
1 80 70.652
1 81 97.484
1 82 74.649
1 83 35.492
1 84 72.306
1 85 80.537
1 86 91.954
1 87 11.233
1 88 34.425
1 89 18.512
1 90 66.692
1 91 25.666
1 92 66.301
1 93 44.818
1 94 74.654
1 95 22.479
1 96 42.191
1 97 43.169
1 98 64.198
1 99 63.327
2 3 90.118
2 4 92.216
2 5 26.31
2 6 89.999
2 7 43.498
2 8 79.978
2 9 42.33
2 10 96.769
2 11 66.994
2 12 7.056
2 13 72.048
2 14 3.656
2 15 10.036
2 16 97.328
2 17 22.465
2 18 41.931
2 19 94.857
2 20 87.047
2 21 55.468
2 22 45.183
2 23 1.666
2 24 51.385
2 25 63.37
2 26 55.062
2 27 76.264
2 28 79.694
2 29 30.942
2 30 73.068
2 31 62.607
2 32 13.416
2 33 49.645
2 34 50.305
2 35 6.775
2 36 64.885
2 37 36.01
2 38 94.896
2 39 71.811
2 40 76.003
2 41 36.928
2 42 29.156
2 43 8.195
2 44 76.096
2 45 76.191
2 46 37.256
2 47 20.578
2 48 56.519
2 49 82.044
2 50 85.513
2 51 45.631
2 52 39.967
2 53 65.236
2 54 77.616
2 55 42.186
2 56 72.854
2 57 60.371
2 58 95.157
2 59 40.23
2 60 50.455
2 61 84.323
2 62 11.301
2 63 7.741
2 64 78.779
2 65 40.053
2 66 92.224
2 67 39.758
2 68 10.93
2 69 17.708
2 70 80.399
2 71 30.649
2 72 8.126
2 73 52.859
2 74 13.678
2 75 25.411
2 76 32.384
2 77 63.107
2 78 88.594
2 79 34.89
2 80 5.94
2 81 37.502
2 82 77.14
2 83 45.717
2 84 58.129
2 85 18.886
2 86 36.066
2 87 12.712
2 88 93.021
2 89 83.681
2 90 12.191
2 91 52.768
2 92 46.211
2 93 69.417
2 94 20.461
2 95 28.364
2 96 60.873
2 97 25.535
2 98 20.373
2 99 19.121
3 4 18.645
3 5 9.651
3 6 39.924
3 7 19.002
3 8 96.741
3 9 82.225
3 10 39.87
3 11 1.861
3 12 65.473
3 13 44.766
3 14 28.995
3 15 79.974
3 16 8.43
3 17 50.459
3 18 58.231
3 19 88.93
3 20 75.826
3 21 88.486
3 22 63.334
3 23 82.486
3 24 68.323
3 25 43.96
3 26 80.157
3 27 83.341
3 28 6.196
3 29 60.536
3 30 29.243
3 31 24.158
3 32 40.759
3 33 70.929
3 34 57.86
3 35 62.59
3 36 14.344
3 37 30.273
3 38 13.294
3 39 77.156
3 40 84.744
3 41 29.956
3 42 3.452
3 43 28.063
3 44 42.319
3 45 37.645
3 46 99.836
3 47 67.737
3 48 49.722
3 49 8.371
3 50 15.251
3 51 54.103
3 52 51.28
3 53 53.981
3 54 19.201
3 55 94.51
3 56 22.333
3 57 98.749
3 58 96.141
3 59 31.79
3 60 65.964
3 61 49.867
3 62 74.949
3 63 52.972
3 64 64.508
3 65 17.758
3 66 69.89
3 67 23.824
3 68 92.873
3 69 99.921
3 70 18.401
3 71 39.167
3 72 25.765
3 73 27.006
3 74 49.733
3 75 86.545
3 76 86.794
3 77 22.506
3 78 59.634
3 79 96.967
3 80 11.867
3 81 20.197
3 82 47.599
3 83 1.411
3 84 20.497
3 85 26.008
3 86 11.423
3 87 87.115
3 88 31.258
3 89 1.893
3 90 14.451
3 91 7.874
3 92 38.012
3 93 69.482
3 94 11.944
3 95 77.844
3 96 12.359
3 97 81.23
3 98 36.401
3 99 82.018
4 5 77.439
4 6 7.539
4 7 92.276
4 8 75.426
4 9 78.477
4 10 37.097
4 11 80.429
4 12 12.125
4 13 93.788
4 14 73.664
4 15 80.431
4 16 17.116
4 17 4.656
4 18 5.717
4 19 14.292
4 20 93.383
4 21 19.353
4 22 55.801
4 23 11.119
4 24 9.003
4 25 65.211
4 26 81.138
4 27 29.941
4 28 50.803
4 29 19.743
4 30 30.395
4 31 94.251
4 32 57.071
4 33 86.762
4 34 97.925
4 35 12.902
4 36 77.553
4 37 95.824
4 38 21.71
4 39 0.515
4 40 28.133
4 41 79.301
4 42 65.149
4 43 47.37
4 44 18.436
4 45 30.343
4 46 84.562
4 47 8.746
4 48 24.063
4 49 29.478
4 50 56.675
4 51 28.916
4 52 52.172
4 53 1.184
4 54 19.881
4 55 32.744
4 56 29.931
4 57 99.26
4 58 1.119
4 59 40.601
4 60 36.69
4 61 74.781
4 62 95.064
4 63 32.067
4 64 28.336
4 65 94.582
4 66 27.233
4 67 5.497
4 68 18.014
4 69 64.285
4 70 91.508
4 71 21.701
4 72 9.702
4 73 64.39
4 74 27.342
4 75 82.886
4 76 33.014
4 77 21.651
4 78 49.825
4 79 55.155
4 80 27.73
4 81 93.875
4 82 82.458
4 83 87.685
4 84 41.716
4 85 86.329
4 86 98.633
4 87 99.204
4 88 73.197
4 89 85.617
4 90 83.673
4 91 69.98
4 92 11.45
4 93 1.33
4 94 78.624
4 95 84.829
4 96 40.784
4 97 71.728
4 98 86.352
4 99 78.378
5 6 62.153
5 7 32.429
5 8 51.134
5 9 36.71
5 10 37.88
5 11 7.726
5 12 6.81
5 13 32.933
5 14 13.582
5 15 67.306
5 16 40.216
5 17 22.557
5 18 57.123
5 19 11.236
5 20 90.885
5 21 17.016
5 22 3.567
5 23 27.716
5 24 48.469
5 25 57.844
5 26 2.783
5 27 45.249
5 28 86.552
5 29 88.563
5 30 86.316
5 31 10.132
5 32 13.736
5 33 12.83
5 34 12.026
5 35 38.712
5 36 49.368
5 37 28.163
5 38 15.426
5 39 15.22
5 40 52.541
5 41 34.543
5 42 23.234
5 43 5.372
5 44 84.275
5 45 57.465
5 46 67.714
5 47 8.519
5 48 65.167
5 49 92.707
5 50 50.952
5 51 28.831
5 52 29.982
5 53 2.411
5 54 94.507
5 55 64.149
5 56 33.39
5 57 66.177
5 58 67.557
5 59 79.062
5 60 33.719
5 61 95.82
5 62 40.845
5 63 40.331
5 64 59.918
5 65 1.572
5 66 31.962
5 67 46.838
5 68 46.964
5 69 71.127
5 70 45.119
5 71 53.235
5 72 18.12
5 73 88.557
5 74 92.062
5 75 21.153
5 76 57.375
5 77 39.87
5 78 51.594
5 79 37.401
5 80 72.63
5 81 66.04
5 82 30.847
5 83 26.02
5 84 51.401
5 85 18.237
5 86 23.884
5 87 24.277
5 88 38.187
5 89 78.059
5 90 94.732
5 91 40.983
5 92 20.928
5 93 85.167
5 94 25.359
5 95 27.251
5 96 18.735
5 97 56.627
5 98 89.59
5 99 54.188
6 7 31.945
6 8 1.132
6 9 24.305
6 10 96.826
6 11 51.107
6 12 74.338
6 13 33.548
6 14 40.576
6 15 76.508
6 16 93.982
6 17 49.564
6 18 82.944
6 19 45.095
6 20 60.606
6 21 75.43
6 22 4.417
6 23 96.277
6 24 34.0
6 25 7.513
6 26 59.946
6 27 64.242
6 28 48.043
6 29 83.783
6 30 59.591
6 31 11.931
6 32 29.526
6 33 96.116
6 34 28.637
6 35 33.943
6 36 27.945
6 37 51.596
6 38 5.773
6 39 27.097
6 40 91.849
6 41 42.438
6 42 95.674
6 43 92.341
6 44 25.355
6 45 48.958
6 46 38.103
6 47 93.395
6 48 90.184
6 49 21.498
6 50 49.149
6 51 48.594
6 52 96.023
6 53 89.766
6 54 72.534
6 55 4.199
6 56 25.913
6 57 61.059
6 58 79.06
6 59 34.588
6 60 25.875
6 61 50.092
6 62 85.71
6 63 39.361
6 64 32.661
6 65 72.283
6 66 85.356
6 67 38.64
6 68 42.681
6 69 68.141
6 70 27.521
6 71 55.618
6 72 25.521
6 73 30.284
6 74 57.773
6 75 20.856
6 76 50.322
6 77 54.655
6 78 15.18
6 79 76.298
6 80 33.942
6 81 27.985
6 82 51.038
6 83 88.891
6 84 86.167
6 85 27.645
6 86 82.011
6 87 17.279
6 88 92.305
6 89 80.448
6 90 14.273
6 91 43.118
6 92 43.596
6 93 92.981
6 94 11.739
6 95 29.22
6 96 81.284
6 97 71.545
6 98 94.088
6 99 39.447
7 8 61.685
7 9 41.313
7 10 33.835
7 11 4.55
7 12 52.129
7 13 64.351
7 14 74.852
7 15 87.533
7 16 93.097
7 17 12.948
7 18 28.036
7 19 52.921
7 20 65.233
7 21 63.799
7 22 58.324
7 23 0.233
7 24 11.283
7 25 16.991
7 26 15.043
7 27 48.462
7 28 25.013
7 29 52.33
7 30 24.051
7 31 44.891
7 32 31.779
7 33 33.371
7 34 0.349
7 35 48.509
7 36 43.889
7 37 38.259
7 38 24.18
7 39 29.963
7 40 41.061
7 41 2.744
7 42 68.8
7 43 90.757
7 44 77.221
7 45 99.273
7 46 45.222
7 47 64.301
7 48 83.529
7 49 28.999
7 50 21.576
7 51 79.245
7 52 50.785
7 53 12.151
7 54 15.889
7 55 79.845
7 56 33.879
7 57 84.201
7 58 53.715
7 59 2.468
7 60 92.798
7 61 42.229
7 62 59.564
7 63 34.198
7 64 86.291
7 65 84.948
7 66 5.15
7 67 69.603
7 68 99.206
7 69 79.393
7 70 56.765
7 71 13.938
7 72 7.858
7 73 96.122
7 74 75.052
7 75 68.587
7 76 26.207
7 77 37.615
7 78 22.994
7 79 65.866
7 80 67.906
7 81 9.547
7 82 95.993
7 83 96.226
7 84 14.697
7 85 47.772
7 86 86.369
7 87 40.334
7 88 13.21
7 89 90.908
7 90 65.832
7 91 19.882
7 92 58.376
7 93 56.849
7 94 95.033
7 95 83.106
7 96 8.41
7 97 25.928
7 98 22.306
7 99 28.899
8 9 98.598
8 10 57.323
8 11 30.5
8 12 8.128
8 13 32.655
8 14 47.966
8 15 93.766
8 16 29.597
8 17 48.384
8 18 41.66
8 19 3.788
8 20 45.395
8 21 43.956
8 22 69.667
8 23 88.032
8 24 69.233
8 25 37.061
8 26 20.146
8 27 14.79
8 28 59.419
8 29 64.38
8 30 27.545
8 31 47.031
8 32 73.448
8 33 39.213
8 34 21.481
8 35 89.08
8 36 19.457
8 37 92.077
8 38 91.344
8 39 60.467
8 40 51.43
8 41 38.084
8 42 79.08
8 43 4.792
8 44 3.772
8 45 62.911
8 46 36.334
8 47 29.909
8 48 95.68
8 49 75.453
8 50 65.367
8 51 1.068
8 52 37.398
8 53 9.505
8 54 77.846
8 55 36.42
8 56 53.63
8 57 84.27
8 58 33.337
8 59 37.241
8 60 81.51
8 61 93.407
8 62 65.951
8 63 75.003
8 64 83.794
8 65 72.945
8 66 99.361
8 67 1.702
8 68 55.925
8 69 92.242
8 70 90.332
8 71 85.515
8 72 14.3
8 73 91.553
8 74 63.133
8 75 6.447
8 76 70.12
8 77 94.839
8 78 47.218
8 79 82.454
8 80 30.329
8 81 89.714
8 82 57.729
8 83 99.37
8 84 22.903
8 85 94.006
8 86 46.204
8 87 52.232
8 88 14.859
8 89 51.735
8 90 67.118
8 91 44.473
8 92 31.769
8 93 7.435
8 94 40.938
8 95 95.899
8 96 69.367
8 97 16.546
8 98 35.554
8 99 91.588
9 10 52.728
9 11 59.686
9 12 74.595
9 13 2.95
9 14 52.143
9 15 82.615
9 16 38.786
9 17 58.289
9 18 83.914
9 19 58.08
9 20 88.965
9 21 98.047
9 22 79.437
9 23 34.395
9 24 1.342
9 25 88.8
9 26 98.042
9 27 83.942
9 28 2.663
9 29 16.066
9 30 0.044
9 31 32.088
9 32 41.341
9 33 20.268
9 34 81.118
9 35 78.629
9 36 39.879
9 37 18.345
9 38 74.192
9 39 18.695
9 40 50.548
9 41 8.3
9 42 47.903
9 43 3.909
9 44 20.576
9 45 82.387
9 46 71.763
9 47 61.045
9 48 46.625
9 49 56.785
9 50 93.15
9 51 66.218
9 52 77.378
9 53 79.382
9 54 4.243
9 55 84.48
9 56 71.528
9 57 27.58
9 58 26.703
9 59 95.928
9 60 91.383
9 61 89.163
9 62 61.875
9 63 42.518
9 64 54.818
9 65 66.188
9 66 96.871
9 67 55.889
9 68 12.818
9 69 35.41
9 70 5.37
9 71 60.838
9 72 38.507
9 73 8.905
9 74 65.362
9 75 68.37
9 76 70.208
9 77 35.249
9 78 97.16
9 79 6.79
9 80 65.399
9 81 84.582
9 82 15.249
9 83 50.785
9 84 25.794
9 85 99.477
9 86 86.033
9 87 90.618
9 88 37.799
9 89 28.236
9 90 60.158
9 91 29.448
9 92 70.15
9 93 65.462
9 94 10.287
9 95 14.505
9 96 34.623
9 97 36.856
9 98 98.475
9 99 78.086
10 11 5.754
10 12 23.441
10 13 74.201
10 14 9.485
10 15 82.815
10 16 5.725
10 17 68.677
10 18 35.047
10 19 14.019
10 20 83.698
10 21 36.748
10 22 98.78
10 23 57.439
10 24 59.06
10 25 71.128
10 26 80.501
10 27 78.97
10 28 39.511
10 29 97.83
10 30 91.792
10 31 83.021
10 32 23.046
10 33 1.444
10 34 11.693
10 35 35.414
10 36 96.571
10 37 11.883
10 38 0.531
10 39 72.795
10 40 65.181
10 41 69.954
10 42 7.168
10 43 64.01
10 44 55.735
10 45 94.362
10 46 20.904
10 47 43.183
10 48 51.831
10 49 7.962
10 50 83.592
10 51 10.168
10 52 39.881
10 53 77.764
10 54 10.992
10 55 88.615
10 56 50.871
10 57 97.068
10 58 58.555
10 59 0.551
10 60 26.341
10 61 4.314
10 62 77.063
10 63 36.392
10 64 45.716
10 65 60.578
10 66 43.608
10 67 81.441
10 68 3.217
10 69 82.267
10 70 92.152
10 71 43.845
10 72 76.978
10 73 3.368
10 74 74.603
10 75 41.285
10 76 85.232
10 77 71.796
10 78 72.131
10 79 80.514
10 80 92.338
10 81 93.146
10 82 90.289
10 83 80.852
10 84 41.317
10 85 39.681
10 86 52.876
10 87 94.551
10 88 95.567
10 89 58.72
10 90 15.09
10 91 95.953
10 92 12.855
10 93 6.148
10 94 26.357
10 95 77.132
10 96 30.55
10 97 74.059
10 98 13.538
10 99 32.782
11 12 76.0
11 13 95.603
11 14 52.208
11 15 24.706
11 16 54.606
11 17 79.168
11 18 55.671
11 19 33.774
11 20 56.427
11 21 45.777
11 22 63.209
11 23 15.876
11 24 73.693
11 25 17.081
11 26 76.171
11 27 66.066
11 28 76.998
11 29 46.587
11 30 63.985
11 31 13.767
11 32 39.735
11 33 51.374
11 34 4.864
11 35 65.557
11 36 26.367
11 37 37.733
11 38 99.689
11 39 1.595
11 40 72.107
11 41 91.3
11 42 46.192
11 43 70.514
11 44 90.42
11 45 44.61
11 46 24.685
11 47 67.547
11 48 84.059
11 49 55.706
11 50 19.536
11 51 80.776
11 52 6.407
11 53 63.498
11 54 27.199
11 55 17.947
11 56 13.131
11 57 96.822
11 58 2.111
11 59 6.153
11 60 48.447
11 61 73.856
11 62 51.086
11 63 51.084
11 64 0.22
11 65 71.617
11 66 94.013
11 67 92.773
11 68 26.561
11 69 60.282
11 70 39.323
11 71 78.304
11 72 49.776
11 73 6.425
11 74 43.227
11 75 94.535
11 76 93.904
11 77 73.197
11 78 90.228
11 79 0.148
11 80 95.063
11 81 69.363
11 82 80.441
11 83 3.697
11 84 51.034
11 85 47.501
11 86 0.169
11 87 61.964
11 88 36.968
11 89 5.533
11 90 6.752
11 91 82.969
11 92 38.762
11 93 92.719
11 94 53.489
11 95 12.279
11 96 70.657
11 97 19.732
11 98 18.805
11 99 50.734
12 13 98.877
12 14 97.548
12 15 54.982
12 16 37.998
12 17 29.013
12 18 10.134
12 19 49.489
12 20 97.328
12 21 92.175
12 22 65.128
12 23 77.328
12 24 66.848
12 25 6.233
12 26 49.942
12 27 12.66
12 28 94.472
12 29 82.659
12 30 40.179
12 31 34.901
12 32 38.152
12 33 13.41
12 34 50.675
12 35 84.144
12 36 57.361
12 37 94.39
12 38 51.764
12 39 71.519
12 40 68.198
12 41 72.06
12 42 88.313
12 43 21.696
12 44 4.952
12 45 63.196
12 46 30.893
12 47 70.796
12 48 86.228
12 49 11.993
12 50 23.748
12 51 3.616
12 52 3.739
12 53 74.649
12 54 66.374
12 55 24.995
12 56 83.192
12 57 42.187
12 58 13.943
12 59 53.233
12 60 48.895
12 61 5.821
12 62 20.553
12 63 51.609
12 64 77.803
12 65 79.57
12 66 35.79
12 67 97.503
12 68 28.699
12 69 25.597
12 70 10.834
12 71 95.3
12 72 42.866
12 73 59.01
12 74 18.531
12 75 71.418
12 76 73.613
12 77 15.205
12 78 95.437
12 79 92.903
12 80 17.483
12 81 63.666
12 82 89.149
12 83 70.782
12 84 94.809
12 85 27.169
12 86 73.257
12 87 60.033
12 88 30.783
12 89 55.123
12 90 7.277
12 91 43.381
12 92 20.623
12 93 65.93
12 94 61.128
12 95 66.435
12 96 9.858
12 97 81.31
12 98 45.173
12 99 96.243
13 14 74.615
13 15 94.05
13 16 50.95
13 17 88.279
13 18 5.294
13 19 32.288
13 20 74.994
13 21 9.614
13 22 19.263
13 23 73.779
13 24 95.168
13 25 18.626
13 26 95.673
13 27 79.011
13 28 50.562
13 29 58.741
13 30 15.298
13 31 58.114
13 32 92.628
13 33 86.614
13 34 79.244
13 35 3.137
13 36 49.216
13 37 54.023
13 38 68.401
13 39 39.134
13 40 74.001
13 41 45.233
13 42 59.517
13 43 97.815
13 44 17.999
13 45 84.823
13 46 21.097
13 47 89.044
13 48 71.773
13 49 15.701
13 50 11.287
13 51 0.17
13 52 84.742
13 53 81.768
13 54 18.115
13 55 91.007
13 56 98.088
13 57 21.839
13 58 84.366
13 59 50.818
13 60 15.538
13 61 37.165
13 62 41.048
13 63 75.878
13 64 74.803
13 65 53.07
13 66 19.636
13 67 16.78
13 68 65.344
13 69 69.386
13 70 41.476
13 71 0.668
13 72 45.571
13 73 34.929
13 74 76.178
13 75 39.714
13 76 51.896
13 77 63.528
13 78 21.928
13 79 41.36
13 80 79.111
13 81 7.871
13 82 52.571
13 83 17.421
13 84 70.555
13 85 13.506
13 86 99.475
13 87 72.794
13 88 62.109
13 89 75.303
13 90 62.153
13 91 50.915
13 92 14.564
13 93 89.866
13 94 70.038
13 95 76.432
13 96 52.486
13 97 45.709
13 98 91.613
13 99 16.472
14 15 54.956
14 16 8.315
14 17 63.003
14 18 32.12
14 19 84.827
14 20 86.225
14 21 8.152
14 22 30.334
14 23 40.972
14 24 0.344
14 25 36.947
14 26 41.148
14 27 43.25
14 28 27.161
14 29 7.815
14 30 45.564
14 31 87.703
14 32 93.47
14 33 37.836
14 34 80.595
14 35 46.7
14 36 20.798
14 37 68.027
14 38 51.343
14 39 20.196
14 40 12.044
14 41 77.839
14 42 15.014
14 43 94.339
14 44 71.265
14 45 64.282
14 46 28.498
14 47 48.765
14 48 68.721
14 49 30.881
14 50 81.559
14 51 65.851
14 52 23.985
14 53 0.677
14 54 86.943
14 55 26.521
14 56 45.025
14 57 5.96
14 58 35.895
14 59 18.06
14 60 23.903
14 61 74.252
14 62 70.104
14 63 95.681
14 64 51.149
14 65 6.241
14 66 49.361
14 67 11.285
14 68 10.851
14 69 53.5
14 70 33.271
14 71 56.553
14 72 79.137
14 73 69.926
14 74 89.235
14 75 87.53
14 76 16.341
14 77 14.762
14 78 44.625
14 79 74.313
14 80 19.706
14 81 7.857
14 82 46.318
14 83 29.342
14 84 42.619
14 85 30.482
14 86 91.999
14 87 15.014
14 88 2.229
14 89 82.846
14 90 42.283
14 91 29.765
14 92 75.867
14 93 70.909
14 94 38.122
14 95 24.139
14 96 59.624
14 97 88.368
14 98 71.297
14 99 38.634
15 16 63.404
15 17 85.612
15 18 34.891
15 19 5.869
15 20 60.067
15 21 63.289
15 22 79.59
15 23 23.356
15 24 48.685
15 25 13.802
15 26 6.058
15 27 15.336
15 28 10.26
15 29 62.93
15 30 21.372
15 31 39.941
15 32 5.393
15 33 77.146
15 34 84.125
15 35 30.146
15 36 42.988
15 37 96.76
15 38 4.991
15 39 11.341
15 40 73.958
15 41 21.699
15 42 87.691
15 43 0.372
15 44 38.563
15 45 37.462
15 46 95.679
15 47 68.535
15 48 60.027
15 49 35.136
15 50 12.894
15 51 76.908
15 52 91.095
15 53 61.721
15 54 89.678
15 55 51.979
15 56 12.882
15 57 6.036
15 58 78.835
15 59 14.568
15 60 82.428
15 61 52.679
15 62 55.298
15 63 21.933
15 64 11.769
15 65 78.527
15 66 98.225
15 67 74.51
15 68 18.572
15 69 57.873
15 70 50.406
15 71 43.195
15 72 50.455
15 73 46.665
15 74 24.149
15 75 54.654
15 76 31.358
15 77 7.788
15 78 82.091
15 79 42.09
15 80 68.538
15 81 83.892
15 82 38.946
15 83 78.492
15 84 75.671
15 85 84.012
15 86 92.323
15 87 35.619
15 88 37.118
15 89 38.249
15 90 95.368
15 91 87.033
15 92 89.06
15 93 76.142
15 94 26.71
15 95 31.705
15 96 24.505
15 97 56.131
15 98 80.497
15 99 38.461
16 17 57.048
16 18 97.912
16 19 44.876
16 20 58.701
16 21 81.749
16 22 83.217
16 23 5.222
16 24 37.707
16 25 74.555
16 26 24.659
16 27 81.748
16 28 0.76
16 29 47.736
16 30 61.201
16 31 82.646
16 32 37.858
16 33 38.083
16 34 44.502
16 35 51.699
16 36 0.45
16 37 35.023
16 38 42.801
16 39 47.202
16 40 49.247
16 41 39.286
16 42 46.378
16 43 12.554
16 44 91.151
16 45 4.452
16 46 91.286
16 47 61.242
16 48 58.855
16 49 73.305
16 50 43.221
16 51 17.149
16 52 29.382
16 53 37.067
16 54 97.511
16 55 67.801
16 56 90.643
16 57 48.777
16 58 57.492
16 59 97.433
16 60 72.378
16 61 42.303
16 62 8.081
16 63 12.389
16 64 91.14
16 65 90.229
16 66 99.601
16 67 9.662
16 68 42.617
16 69 98.918
16 70 74.78
16 71 75.264
16 72 37.793
16 73 11.335
16 74 72.849
16 75 47.492
16 76 52.484
16 77 36.171
16 78 82.242
16 79 43.188
16 80 58.441
16 81 45.174
16 82 59.917
16 83 17.733
16 84 3.143
16 85 60.255
16 86 5.51
16 87 38.774
16 88 43.036
16 89 59.329
16 90 82.508
16 91 47.846
16 92 36.946
16 93 89.301
16 94 17.815
16 95 56.74
16 96 46.902
16 97 62.137
16 98 18.559
16 99 45.167
17 18 36.991
17 19 89.58
17 20 52.911
17 21 64.662
17 22 32.22
17 23 3.476
17 24 14.822
17 25 53.617
17 26 74.774
17 27 60.814
17 28 71.457
17 29 35.302
17 30 68.18
17 31 2.973
17 32 62.104
17 33 34.103
17 34 3.708
17 35 88.796
17 36 21.479
17 37 24.553
17 38 37.082
17 39 49.824
17 40 98.227
17 41 53.29
17 42 14.693
17 43 55.9
17 44 31.385
17 45 87.311
17 46 59.0
17 47 25.278
17 48 51.937
17 49 66.032
17 50 53.936
17 51 97.386
17 52 45.779
17 53 59.819
17 54 55.499
17 55 26.943
17 56 97.869
17 57 46.518
17 58 71.943
17 59 85.995
17 60 34.467
17 61 62.796
17 62 86.124
17 63 67.397
17 64 39.194
17 65 60.525
17 66 13.115
17 67 32.168
17 68 89.804
17 69 1.597
17 70 38.229
17 71 59.391
17 72 67.623
17 73 7.41
17 74 57.254
17 75 32.053
17 76 78.977
17 77 73.4
17 78 27.92
17 79 83.461
17 80 45.913
17 81 61.862
17 82 77.946
17 83 74.168
17 84 47.563
17 85 56.729
17 86 67.317
17 87 91.427
17 88 42.17
17 89 81.848
17 90 83.773
17 91 17.777
17 92 56.088
17 93 46.724
17 94 24.474
17 95 64.134
17 96 0.609
17 97 38.068
17 98 80.196
17 99 30.425
18 19 55.124
18 20 79.9
18 21 91.833
18 22 83.2
18 23 65.786
18 24 47.011
18 25 7.687
18 26 55.77
18 27 94.559
18 28 76.521
18 29 19.938
18 30 88.35
18 31 71.854
18 32 64.581
18 33 7.538
18 34 14.779
18 35 36.676
18 36 28.731
18 37 49.76
18 38 1.929
18 39 98.022
18 40 41.604
18 41 55.753
18 42 56.198
18 43 64.239
18 44 52.892
18 45 27.519
18 46 57.056
18 47 60.811
18 48 65.438
18 49 47.865
18 50 50.756
18 51 76.058
18 52 93.257
18 53 40.116
18 54 60.219
18 55 11.124
18 56 46.421
18 57 19.927
18 58 74.291
18 59 31.498
18 60 65.826
18 61 4.687
18 62 56.658
18 63 2.625
18 64 73.034
18 65 85.888
18 66 84.545
18 67 52.051
18 68 12.604
18 69 18.455
18 70 15.588
18 71 54.904
18 72 91.746
18 73 56.021
18 74 54.324
18 75 68.419
18 76 48.623
18 77 40.228
18 78 64.969
18 79 31.901
18 80 87.384
18 81 17.307
18 82 84.548
18 83 21.939
18 84 5.958
18 85 71.216
18 86 60.317
18 87 33.824
18 88 95.931
18 89 82.185
18 90 12.621
18 91 0.014
18 92 82.476
18 93 99.564
18 94 7.135
18 95 99.723
18 96 52.725
18 97 87.132
18 98 33.81
18 99 45.717
19 20 20.41
19 21 58.779
19 22 49.869
19 23 38.236
19 24 1.694
19 25 9.538
19 26 81.799
19 27 0.504
19 28 81.769
19 29 74.332
19 30 31.366
19 31 86.966
19 32 30.155
19 33 70.626
19 34 40.264
19 35 37.352
19 36 38.491
19 37 31.858
19 38 16.694
19 39 26.897
19 40 37.071
19 41 33.31
19 42 47.937
19 43 9.372
19 44 50.238
19 45 41.165
19 46 74.641
19 47 39.817
19 48 16.981
19 49 68.854
19 50 58.306
19 51 64.504
19 52 68.611
19 53 56.246
19 54 48.868
19 55 41.241
19 56 66.97
19 57 5.965
19 58 96.408
19 59 61.59
19 60 43.852
19 61 96.376
19 62 59.618
19 63 57.32
19 64 43.357
19 65 68.478
19 66 81.285
19 67 2.048
19 68 55.541
19 69 26.95
19 70 10.791
19 71 83.83
19 72 67.427
19 73 0.35
19 74 94.179
19 75 46.271
19 76 88.391
19 77 96.753
19 78 42.2
19 79 43.701
19 80 88.738
19 81 82.272
19 82 39.296
19 83 70.707
19 84 96.456
19 85 15.288
19 86 66.982
19 87 44.667
19 88 86.692
19 89 41.015
19 90 31.416
19 91 15.076
19 92 6.824
19 93 7.486
19 94 99.114
19 95 9.266
19 96 79.692
19 97 52.378
19 98 84.138
19 99 33.925
20 21 45.353
20 22 47.891
20 23 70.94
20 24 3.858
20 25 31.299
20 26 20.667
20 27 41.444
20 28 99.535
20 29 29.79
20 30 99.624
20 31 99.442
20 32 18.791
20 33 69.98
20 34 40.138
20 35 12.888
20 36 58.624
20 37 13.002
20 38 9.517
20 39 86.329
20 40 58.971
20 41 46.705
20 42 53.687
20 43 32.348
20 44 14.834
20 45 27.638
20 46 97.189
20 47 89.324
20 48 15.411
20 49 30.011
20 50 12.581
20 51 55.752
20 52 14.024
20 53 58.225
20 54 42.929
20 55 59.766
20 56 11.448
20 57 3.966
20 58 1.948
20 59 18.654
20 60 36.883
20 61 22.804
20 62 54.667
20 63 99.857
20 64 1.854
20 65 5.223
20 66 15.746
20 67 84.331
20 68 8.865
20 69 13.304
20 70 41.195
20 71 99.355
20 72 7.484
20 73 88.732
20 74 59.869
20 75 99.145
20 76 16.445
20 77 5.062
20 78 78.697
20 79 32.337
20 80 98.607
20 81 5.918
20 82 67.038
20 83 18.714
20 84 71.68
20 85 26.804
20 86 2.598
20 87 5.021
20 88 45.757
20 89 98.821
20 90 74.31
20 91 75.196
20 92 85.774
20 93 21.348
20 94 70.828
20 95 82.427
20 96 64.146
20 97 5.388
20 98 99.754
20 99 2.276
21 22 97.715
21 23 38.891
21 24 71.569
21 25 9.657
21 26 92.433
21 27 84.677
21 28 35.658
21 29 5.374
21 30 56.321
21 31 78.777
21 32 4.481
21 33 39.959
21 34 64.033
21 35 28.43
21 36 96.364
21 37 32.995
21 38 70.904
21 39 77.103
21 40 97.556
21 41 20.888
21 42 78.63
21 43 44.531
21 44 12.258
21 45 87.05
21 46 83.592
21 47 82.754
21 48 67.995
21 49 79.71
21 50 47.044
21 51 40.947
21 52 13.725
21 53 84.479
21 54 13.675
21 55 34.842
21 56 23.544
21 57 26.494
21 58 18.346
21 59 48.142
21 60 79.496
21 61 53.726
21 62 4.179
21 63 17.679
21 64 94.945
21 65 34.759
21 66 58.652
21 67 41.115
21 68 46.663
21 69 55.639
21 70 55.462
21 71 99.265
21 72 39.973
21 73 42.016
21 74 62.233
21 75 65.962
21 76 96.488
21 77 22.731
21 78 73.984
21 79 84.042
21 80 19.239
21 81 29.685
21 82 45.99
21 83 85.261
21 84 42.872
21 85 75.078
21 86 28.031
21 87 1.247
21 88 82.761
21 89 56.258
21 90 99.622
21 91 28.858
21 92 37.833
21 93 57.266
21 94 97.808
21 95 32.591
21 96 9.771
21 97 92.616
21 98 97.988
21 99 54.037
22 23 25.523
22 24 43.551
22 25 0.5
22 26 61.424
22 27 72.1
22 28 24.596
22 29 95.499
22 30 30.494
22 31 4.254
22 32 13.726
22 33 75.903
22 34 87.191
22 35 52.147
22 36 66.415
22 37 48.891
22 38 73.272
22 39 17.318
22 40 56.636
22 41 32.018
22 42 84.705
22 43 42.607
22 44 85.671
22 45 3.961
22 46 58.878
22 47 5.23
22 48 39.135
22 49 13.544
22 50 70.316
22 51 75.57
22 52 54.195
22 53 37.304
22 54 23.412
22 55 26.652
22 56 24.264
22 57 73.401
22 58 17.453
22 59 81.9
22 60 95.568
22 61 87.725
22 62 82.494
22 63 10.096
22 64 22.457
22 65 82.832
22 66 47.248
22 67 42.473
22 68 37.45
22 69 15.059
22 70 29.017
22 71 7.014
22 72 36.521
22 73 5.432
22 74 85.601
22 75 6.894
22 76 34.214
22 77 71.018
22 78 17.96
22 79 58.417
22 80 86.394
22 81 40.868
22 82 17.63
22 83 30.825
22 84 77.44
22 85 99.753
22 86 32.239
22 87 68.524
22 88 35.907
22 89 3.769
22 90 58.904
22 91 8.082
22 92 83.784
22 93 4.165
22 94 49.704
22 95 77.227
22 96 56.24
22 97 18.501
22 98 83.201
22 99 36.397
23 24 52.355
23 25 27.162
23 26 97.507
23 27 20.702
23 28 0.039
23 29 13.529
23 30 6.299
23 31 57.756
23 32 70.657
23 33 67.361
23 34 1.809
23 35 39.395
23 36 33.653
23 37 3.443
23 38 39.858
23 39 13.139
23 40 54.779
23 41 52.219
23 42 65.76
23 43 92.618
23 44 44.131
23 45 61.822
23 46 55.683
23 47 67.637
23 48 45.027
23 49 9.856
23 50 56.063
23 51 27.341
23 52 32.872
23 53 81.183
23 54 41.245
23 55 99.069
23 56 3.874
23 57 29.123
23 58 82.086
23 59 65.236
23 60 63.264
23 61 6.03
23 62 97.409
23 63 72.658
23 64 98.846
23 65 58.863
23 66 64.166
23 67 69.878
23 68 0.647
23 69 19.21
23 70 23.863
23 71 52.605
23 72 74.549
23 73 90.316
23 74 17.882
23 75 54.688
23 76 47.972
23 77 31.326
23 78 77.717
23 79 34.867
23 80 12.08
23 81 53.851
23 82 6.81
23 83 11.201
23 84 10.382
23 85 51.675
23 86 31.193
23 87 11.358
23 88 35.716
23 89 95.76
23 90 11.817
23 91 14.304
23 92 83.951
23 93 76.69
23 94 77.068
23 95 16.249
23 96 8.58
23 97 49.014
23 98 63.243
23 99 56.71
24 25 56.635
24 26 91.577
24 27 31.985
24 28 58.148
24 29 86.202
24 30 56.384
24 31 20.57
24 32 12.929
24 33 3.353
24 34 10.25
24 35 82.65
24 36 40.005
24 37 27.635
24 38 99.578
24 39 95.798
24 40 40.473
24 41 18.353
24 42 18.781
24 43 22.622
24 44 59.434
24 45 77.105
24 46 91.368
24 47 64.629
24 48 94.534
24 49 9.73
24 50 88.966
24 51 24.257
24 52 56.985
24 53 26.52
24 54 88.623
24 55 63.026
24 56 3.946
24 57 79.402
24 58 67.62
24 59 79.117
24 60 27.718
24 61 70.226
24 62 71.604
24 63 17.05
24 64 88.074
24 65 27.455
24 66 96.386
24 67 98.279
24 68 20.117
24 69 7.929
24 70 73.242
24 71 13.417
24 72 71.458
24 73 35.651
24 74 80.602
24 75 3.858
24 76 50.229
24 77 78.129
24 78 97.569
24 79 2.646
24 80 3.826
24 81 35.918
24 82 80.918
24 83 71.47
24 84 95.46
24 85 15.376
24 86 2.116
24 87 96.604
24 88 63.762
24 89 76.802
24 90 9.445
24 91 23.315
24 92 27.336
24 93 53.335
24 94 37.171
24 95 13.206
24 96 15.155
24 97 94.679
24 98 80.137
24 99 88.326
25 26 8.846
25 27 19.207
25 28 80.378
25 29 52.412
25 30 65.086
25 31 53.411
25 32 69.317
25 33 15.001
25 34 27.452
25 35 85.926
25 36 77.647
25 37 36.605
25 38 68.42
25 39 45.32
25 40 93.583
25 41 51.632
25 42 42.884
25 43 0.679
25 44 1.661
25 45 38.999
25 46 79.078
25 47 0.53
25 48 4.185
25 49 15.04
25 50 24.27
25 51 34.4
25 52 0.175
25 53 46.227
25 54 10.433
25 55 29.744
25 56 71.544
25 57 9.35
25 58 64.083
25 59 55.177
25 60 64.525
25 61 24.68
25 62 92.607
25 63 55.316
25 64 93.234
25 65 93.895
25 66 65.403
25 67 26.829
25 68 10.356
25 69 11.799
25 70 88.239
25 71 79.255
25 72 45.204
25 73 40.213
25 74 20.504
25 75 57.982
25 76 66.843
25 77 96.276
25 78 26.337
25 79 63.253
25 80 20.458
25 81 38.547
25 82 65.827
25 83 62.423
25 84 97.839
25 85 37.603
25 86 96.52
25 87 3.563
25 88 3.855
25 89 88.851
25 90 58.739
25 91 24.469
25 92 5.786
25 93 94.488
25 94 43.621
25 95 2.868
25 96 55.479
25 97 19.81
25 98 55.068
25 99 48.888
26 27 1.505
26 28 33.658
26 29 7.212
26 30 51.704
26 31 95.206
26 32 86.783
26 33 13.736
26 34 68.885
26 35 22.574
26 36 7.925
26 37 59.798
26 38 55.411
26 39 37.32
26 40 60.373
26 41 19.5
26 42 90.29
26 43 69.735
26 44 38.337
26 45 88.292
26 46 85.305
26 47 29.129
26 48 76.792
26 49 37.973
26 50 56.808
26 51 45.287
26 52 18.728
26 53 68.189
26 54 26.672
26 55 57.801
26 56 1.462
26 57 93.599
26 58 72.383
26 59 83.52
26 60 27.602
26 61 81.532
26 62 33.931
26 63 6.051
26 64 0.007
26 65 0.26
26 66 65.433
26 67 60.833
26 68 76.572
26 69 56.116
26 70 93.287
26 71 36.658
26 72 27.685
26 73 0.176
26 74 8.39
26 75 41.01
26 76 50.552
26 77 99.903
26 78 47.889
26 79 46.626
26 80 67.89
26 81 99.425
26 82 63.794
26 83 36.681
26 84 99.022
26 85 6.42
26 86 88.386
26 87 92.931
26 88 43.246
26 89 75.066
26 90 2.639
26 91 85.858
26 92 28.245
26 93 83.243
26 94 37.533
26 95 81.214
26 96 24.176
26 97 73.986
26 98 19.531
26 99 62.642
27 28 93.395
27 29 87.876
27 30 2.347
27 31 56.632
27 32 84.483
27 33 43.509
27 34 46.251
27 35 94.707
27 36 36.281
27 37 53.518
27 38 50.786
27 39 95.24
27 40 56.05
27 41 60.876
27 42 95.962
27 43 47.881
27 44 80.974
27 45 64.609
27 46 66.526
27 47 4.386
27 48 3.912
27 49 12.742
27 50 73.506
27 51 49.636
27 52 41.104
27 53 91.509
27 54 15.724
27 55 91.86
27 56 4.66
27 57 94.863
27 58 7.266
27 59 94.405
27 60 9.63
27 61 65.364
27 62 17.767
27 63 48.281
27 64 6.314
27 65 24.3
27 66 93.908
27 67 78.91
27 68 49.313
27 69 66.554
27 70 23.431
27 71 76.576
27 72 67.934
27 73 85.343
27 74 93.421
27 75 25.798
27 76 41.446
27 77 66.069
27 78 24.913
27 79 44.047
27 80 53.618
27 81 79.135
27 82 94.913
27 83 58.483
27 84 6.167
27 85 77.043
27 86 40.655
27 87 56.658
27 88 44.517
27 89 78.045
27 90 49.043
27 91 31.045
27 92 26.68
27 93 26.161
27 94 10.504
27 95 93.982
27 96 46.22
27 97 47.488
27 98 36.463
27 99 73.608
28 29 42.294
28 30 24.342
28 31 98.559
28 32 72.351
28 33 39.028
28 34 9.92
28 35 65.835
28 36 42.005
28 37 12.826
28 38 96.314
28 39 43.081
28 40 7.023
28 41 33.864
28 42 64.809
28 43 72.281
28 44 17.178
28 45 74.002
28 46 61.453
28 47 79.142
28 48 46.809
28 49 1.879
28 50 98.761
28 51 29.052
28 52 18.415
28 53 61.816
28 54 72.159
28 55 86.63
28 56 50.05
28 57 71.575
28 58 94.716
28 59 91.409
28 60 12.449
28 61 94.777
28 62 47.984
28 63 62.319
28 64 81.607
28 65 51.572
28 66 31.362
28 67 16.442
28 68 77.872
28 69 82.242
28 70 11.675
28 71 51.801
28 72 4.348
28 73 88.784
28 74 77.287
28 75 49.728
28 76 1.58
28 77 36.917
28 78 46.771
28 79 1.632
28 80 39.414
28 81 71.862
28 82 43.56
28 83 36.641
28 84 94.982
28 85 40.731
28 86 7.036
28 87 47.277
28 88 2.457
28 89 44.763
28 90 68.866
28 91 85.483
28 92 16.634
28 93 23.492
28 94 29.866
28 95 20.902
28 96 78.388
28 97 64.404
28 98 76.934
28 99 9.47
29 30 80.818
29 31 98.036
29 32 79.399
29 33 46.346
29 34 70.574
29 35 88.481
29 36 32.51
29 37 27.957
29 38 8.771
29 39 44.893
29 40 20.117
29 41 43.875
29 42 94.545
29 43 81.576
29 44 68.851
29 45 57.814
29 46 32.477
29 47 21.949
29 48 3.849
29 49 53.916
29 50 48.379
29 51 72.977
29 52 45.822
29 53 85.876
29 54 0.149
29 55 15.055
29 56 14.108
29 57 90.79
29 58 89.841
29 59 74.882
29 60 86.214
29 61 6.373
29 62 33.953
29 63 47.818
29 64 89.354
29 65 90.559
29 66 33.395
29 67 15.679
29 68 13.237
29 69 45.516
29 70 98.352
29 71 90.833
29 72 81.06
29 73 26.655
29 74 59.809
29 75 74.101
29 76 15.06
29 77 98.564
29 78 61.013
29 79 62.427
29 80 41.576
29 81 82.908
29 82 63.065
29 83 72.834
29 84 96.245
29 85 50.966
29 86 59.384
29 87 44.682
29 88 99.219
29 89 43.197
29 90 8.987
29 91 75.864
29 92 10.15
29 93 25.537
29 94 69.168
29 95 59.677
29 96 57.436
29 97 82.921
29 98 4.425
29 99 97.159
30 31 26.815
30 32 76.033
30 33 11.787
30 34 20.877
30 35 93.182
30 36 67.035
30 37 29.625
30 38 46.399
30 39 41.655
30 40 59.55
30 41 86.983
30 42 83.379
30 43 60.004
30 44 25.953
30 45 52.434
30 46 75.378
30 47 60.336
30 48 53.745
30 49 24.02
30 50 35.65
30 51 2.763
30 52 24.932
30 53 17.879
30 54 47.363
30 55 46.64
30 56 45.311
30 57 40.346
30 58 10.32
30 59 75.997
30 60 76.503
30 61 35.897
30 62 59.445
30 63 92.684
30 64 66.805
30 65 31.323
30 66 83.596
30 67 72.467
30 68 2.161
30 69 1.601
30 70 80.568
30 71 79.083
30 72 31.63
30 73 15.253
30 74 54.274
30 75 7.632
30 76 3.114
30 77 55.537
30 78 88.994
30 79 25.833
30 80 89.392
30 81 16.085
30 82 19.898
30 83 79.818
30 84 87.773
30 85 44.395
30 86 13.171
30 87 26.931
30 88 0.439
30 89 30.145
30 90 24.183
30 91 4.45
30 92 87.918
30 93 72.225
30 94 7.251
30 95 16.471
30 96 45.665
30 97 43.847
30 98 71.088
30 99 49.357
31 32 59.014
31 33 17.099
31 34 83.364
31 35 86.086
31 36 67.943
31 37 24.186
31 38 18.521
31 39 98.665
31 40 96.896
31 41 40.942
31 42 63.711
31 43 79.372
31 44 2.318
31 45 45.959
31 46 42.53
31 47 80.839
31 48 26.391
31 49 74.824
31 50 75.931
31 51 56.829
31 52 92.17
31 53 58.622
31 54 2.235
31 55 73.479
31 56 81.062
31 57 52.096
31 58 51.612
31 59 18.771
31 60 62.274
31 61 85.801
31 62 63.408
31 63 9.004
31 64 77.76
31 65 84.2
31 66 55.855
31 67 2.218
31 68 39.646
31 69 45.181
31 70 3.783
31 71 12.762
31 72 51.964
31 73 20.249
31 74 11.33
31 75 35.556
31 76 14.449
31 77 78.824
31 78 5.935
31 79 69.826
31 80 81.331
31 81 58.764
31 82 72.418
31 83 65.921
31 84 30.846
31 85 21.449
31 86 0.928
31 87 44.899
31 88 38.734
31 89 86.794
31 90 97.028
31 91 56.099
31 92 79.411
31 93 4.435
31 94 81.261
31 95 26.211
31 96 82.879
31 97 39.068
31 98 68.899
31 99 27.349
32 33 51.858
32 34 4.296
32 35 87.1
32 36 58.515
32 37 20.793
32 38 13.612
32 39 20.396
32 40 67.973
32 41 48.837
32 42 44.984
32 43 57.952
32 44 31.349
32 45 97.84
32 46 1.609
32 47 28.966
32 48 9.598
32 49 34.766
32 50 25.207
32 51 80.512
32 52 8.752
32 53 35.998
32 54 92.586
32 55 30.963
32 56 50.411
32 57 85.957
32 58 28.101
32 59 89.837
32 60 98.57
32 61 44.309
32 62 44.724
32 63 15.109
32 64 4.058
32 65 49.412
32 66 61.779
32 67 34.432
32 68 88.935
32 69 91.817
32 70 50.824
32 71 26.815
32 72 63.847
32 73 54.287
32 74 89.307
32 75 16.798
32 76 81.062
32 77 58.361
32 78 86.39
32 79 70.402
32 80 30.126
32 81 34.525
32 82 35.045
32 83 62.589
32 84 37.951
32 85 45.234
32 86 77.898
32 87 15.897
32 88 20.455
32 89 17.684
32 90 29.846
32 91 88.001
32 92 51.519
32 93 65.801
32 94 56.031
32 95 39.56
32 96 58.403
32 97 95.559
32 98 38.24
32 99 55.994
33 34 74.578
33 35 50.784
33 36 95.949
33 37 41.05
33 38 82.484
33 39 32.01
33 40 90.463
33 41 27.05
33 42 78.86
33 43 72.297
33 44 79.307
33 45 98.41
33 46 33.796
33 47 40.299
33 48 27.16
33 49 47.041
33 50 98.946
33 51 75.582
33 52 42.18
33 53 68.34
33 54 74.68
33 55 15.465
33 56 42.836
33 57 19.543
33 58 65.185
33 59 31.614
33 60 41.623
33 61 71.401
33 62 55.99
33 63 36.211
33 64 26.75
33 65 13.118
33 66 55.371
33 67 8.908
33 68 18.908
33 69 88.646
33 70 64.385
33 71 46.664
33 72 72.355
33 73 58.372
33 74 89.943
33 75 41.319
33 76 47.338
33 77 87.133
33 78 86.703
33 79 0.074
33 80 28.611
33 81 60.813
33 82 54.691
33 83 54.451
33 84 41.801
33 85 10.223
33 86 73.35
33 87 2.593
33 88 34.155
33 89 99.317
33 90 26.05
33 91 30.02
33 92 82.417
33 93 24.092
33 94 12.711
33 95 80.693
33 96 18.674
33 97 62.994
33 98 49.775
33 99 47.013
34 35 10.129
34 36 73.6
34 37 84.332
34 38 39.927
34 39 42.664
34 40 50.39
34 41 47.794
34 42 68.114
34 43 20.333
34 44 11.884
34 45 94.625
34 46 92.479
34 47 94.299
34 48 28.452
34 49 86.131
34 50 74.935
34 51 98.903
34 52 20.426
34 53 71.521
34 54 34.772
34 55 75.246
34 56 9.948
34 57 24.625
34 58 23.102
34 59 34.705
34 60 93.337
34 61 48.32
34 62 85.923
34 63 86.549
34 64 77.856
34 65 59.71
34 66 5.597
34 67 24.621
34 68 79.676
34 69 68.006
34 70 42.103
34 71 17.841
34 72 1.394
34 73 40.035
34 74 47.119
34 75 82.375
34 76 57.508
34 77 80.91
34 78 64.499
34 79 39.042
34 80 91.641
34 81 56.3
34 82 82.804
34 83 88.076
34 84 91.156
34 85 99.785
34 86 15.965
34 87 97.91
34 88 34.469
34 89 80.886
34 90 8.132
34 91 30.994
34 92 29.708
34 93 64.184
34 94 16.72
34 95 77.955
34 96 53.932
34 97 98.063
34 98 27.361
34 99 49.694
35 36 3.495
35 37 91.274
35 38 53.232
35 39 31.065
35 40 4.992
35 41 53.319
35 42 78.249
35 43 65.03
35 44 13.462
35 45 79.638
35 46 78.778
35 47 11.56
35 48 44.979
35 49 15.413
35 50 16.413
35 51 44.403
35 52 31.401
35 53 38.684
35 54 88.184
35 55 35.226
35 56 35.908
35 57 84.251
35 58 21.495
35 59 68.869
35 60 80.451
35 61 26.571
35 62 85.458
35 63 21.174
35 64 73.898
35 65 84.675
35 66 33.18
35 67 3.05
35 68 42.79
35 69 87.108
35 70 80.832
35 71 50.878
35 72 11.494
35 73 8.759
35 74 60.258
35 75 75.864
35 76 41.513
35 77 52.015
35 78 2.416
35 79 19.327
35 80 43.18
35 81 54.506
35 82 49.514
35 83 54.92
35 84 89.887
35 85 15.16
35 86 54.321
35 87 61.285
35 88 76.759
35 89 50.715
35 90 90.125
35 91 26.764
35 92 83.623
35 93 67.684
35 94 32.528
35 95 58.283
35 96 44.33
35 97 98.707
35 98 99.32
35 99 78.588
36 37 15.498
36 38 38.34
36 39 77.569
36 40 28.133
36 41 60.995
36 42 16.53
36 43 81.14
36 44 64.548
36 45 38.206
36 46 29.508
36 47 29.937
36 48 39.2
36 49 50.837
36 50 84.37
36 51 0.642
36 52 8.248
36 53 63.729
36 54 32.474
36 55 82.751
36 56 94.793
36 57 88.719
36 58 19.655
36 59 35.181
36 60 55.753
36 61 96.977
36 62 58.078
36 63 45.176
36 64 72.994
36 65 63.967
36 66 25.714
36 67 41.642
36 68 69.591
36 69 74.173
36 70 40.458
36 71 10.234
36 72 26.247
36 73 55.507
36 74 99.973
36 75 95.429
36 76 89.576
36 77 27.339
36 78 25.226
36 79 0.018
36 80 0.583
36 81 41.337
36 82 77.408
36 83 92.32
36 84 89.976
36 85 27.196
36 86 77.464
36 87 46.124
36 88 3.458
36 89 8.312
36 90 36.17
36 91 30.379
36 92 81.564
36 93 47.345
36 94 32.485
36 95 43.861
36 96 1.524
36 97 3.717
36 98 36.511
36 99 57.913
37 38 0.855
37 39 44.716
37 40 31.078
37 41 4.849
37 42 89.038
37 43 88.002
37 44 81.893
37 45 81.849
37 46 81.702
37 47 98.532
37 48 88.007
37 49 22.941
37 50 13.978
37 51 20.716
37 52 50.986
37 53 65.573
37 54 54.492
37 55 21.168
37 56 89.708
37 57 44.543
37 58 16.023
37 59 92.901
37 60 40.628
37 61 1.18
37 62 16.995
37 63 85.823
37 64 80.933
37 65 96.534
37 66 27.152
37 67 85.981
37 68 1.966
37 69 55.318
37 70 53.495
37 71 97.929
37 72 89.864
37 73 33.22
37 74 10.893
37 75 56.408
37 76 38.27
37 77 11.841
37 78 32.739
37 79 43.717
37 80 12.614
37 81 12.046
37 82 32.88
37 83 53.679
37 84 23.804
37 85 94.962
37 86 39.52
37 87 21.359
37 88 51.622
37 89 96.629
37 90 95.596
37 91 90.594
37 92 6.771
37 93 97.966
37 94 99.874
37 95 97.824
37 96 95.438
37 97 34.633
37 98 3.064
37 99 75.715
38 39 4.439
38 40 77.844
38 41 78.03
38 42 42.482
38 43 14.004
38 44 99.897
38 45 61.136
38 46 85.153
38 47 96.986
38 48 39.907
38 49 68.196
38 50 81.074
38 51 68.241
38 52 54.419
38 53 54.943
38 54 38.777
38 55 24.302
38 56 3.824
38 57 30.149
38 58 80.706
38 59 30.096
38 60 63.282
38 61 71.719
38 62 61.183
38 63 59.541
38 64 24.194
38 65 68.856
38 66 7.813
38 67 85.464
38 68 32.158
38 69 41.401
38 70 61.708
38 71 31.427
38 72 59.03
38 73 79.651
38 74 73.415
38 75 20.312
38 76 40.292
38 77 41.925
38 78 27.737
38 79 99.49
38 80 10.548
38 81 58.271
38 82 24.117
38 83 43.676
38 84 18.534
38 85 91.136
38 86 63.067
38 87 74.777
38 88 6.523
38 89 18.858
38 90 83.435
38 91 88.771
38 92 62.647
38 93 72.792
38 94 98.313
38 95 21.536
38 96 23.955
38 97 54.618
38 98 86.988
38 99 16.053
39 40 78.957
39 41 26.976
39 42 23.49
39 43 69.868
39 44 0.748
39 45 56.237
39 46 61.564
39 47 22.588
39 48 63.301
39 49 69.341
39 50 4.627
39 51 73.927
39 52 58.375
39 53 58.044
39 54 13.118
39 55 9.134
39 56 7.21
39 57 0.148
39 58 65.446
39 59 34.687
39 60 9.802
39 61 36.181
39 62 83.057
39 63 61.227
39 64 51.332
39 65 67.617
39 66 4.061
39 67 79.972
39 68 54.542
39 69 15.399
39 70 94.35
39 71 62.548
39 72 94.052
39 73 9.886
39 74 94.155
39 75 2.487
39 76 60.231
39 77 67.7
39 78 52.92
39 79 52.13
39 80 36.6
39 81 2.872
39 82 47.241
39 83 15.575
39 84 79.004
39 85 47.498
39 86 88.991
39 87 16.752
39 88 54.702
39 89 76.389
39 90 93.082
39 91 62.751
39 92 61.173
39 93 75.759
39 94 8.577
39 95 48.329
39 96 98.461
39 97 94.372
39 98 76.729
39 99 67.824
40 41 84.815
40 42 61.797
40 43 21.307
40 44 62.376
40 45 18.487
40 46 61.331
40 47 53.018
40 48 73.389
40 49 37.46
40 50 31.052
40 51 63.07
40 52 35.858
40 53 15.719
40 54 48.917
40 55 7.467
40 56 32.901
40 57 9.941
40 58 26.887
40 59 19.808
40 60 72.668
40 61 94.572
40 62 4.278
40 63 39.53
40 64 39.771
40 65 71.415
40 66 19.339
40 67 67.21
40 68 99.836
40 69 81.007
40 70 70.588
40 71 26.341
40 72 4.34
40 73 87.022
40 74 46.097
40 75 57.584
40 76 64.722
40 77 22.058
40 78 76.603
40 79 23.411
40 80 30.912
40 81 73.282
40 82 16.605
40 83 26.099
40 84 94.468
40 85 83.969
40 86 19.407
40 87 50.553
40 88 66.612
40 89 1.328
40 90 55.286
40 91 13.769
40 92 86.89
40 93 11.394
40 94 99.038
40 95 97.572
40 96 19.532
40 97 84.937
40 98 96.728
40 99 99.084
41 42 84.385
41 43 9.291
41 44 56.579
41 45 30.054
41 46 22.674
41 47 8.631
41 48 78.636
41 49 37.551
41 50 23.802
41 51 38.265
41 52 73.174
41 53 7.346
41 54 62.157
41 55 30.595
41 56 87.863
41 57 71.033
41 58 9.686
41 59 5.657
41 60 99.743
41 61 68.815
41 62 68.61
41 63 12.443
41 64 83.023
41 65 70.911
41 66 7.736
41 67 66.083
41 68 41.405
41 69 45.693
41 70 97.25
41 71 62.541
41 72 21.055
41 73 67.373
41 74 42.173
41 75 31.738
41 76 97.905
41 77 34.886
41 78 18.555
41 79 52.317
41 80 18.027
41 81 87.263
41 82 99.925
41 83 42.775
41 84 68.007
41 85 50.468
41 86 31.856
41 87 90.384
41 88 10.632
41 89 43.137
41 90 92.946
41 91 58.242
41 92 66.927
41 93 18.976
41 94 62.944
41 95 94.899
41 96 18.796
41 97 90.358
41 98 38.958
41 99 20.08
42 43 53.911
42 44 56.38
42 45 44.728
42 46 14.733
42 47 37.161
42 48 51.897
42 49 90.683
42 50 26.198
42 51 46.311
42 52 30.571
42 53 2.889
42 54 31.329
42 55 38.484
42 56 29.272
42 57 55.662
42 58 70.38
42 59 67.183
42 60 74.588
42 61 8.069
42 62 51.604
42 63 29.053
42 64 46.009
42 65 48.953
42 66 22.756
42 67 39.042
42 68 64.732
42 69 81.424
42 70 18.687
42 71 92.809
42 72 44.255
42 73 46.352
42 74 27.455
42 75 10.304
42 76 26.316
42 77 25.048
42 78 39.347
42 79 83.643
42 80 71.811
42 81 29.144
42 82 36.927
42 83 8.84
42 84 81.066
42 85 61.222
42 86 97.355
42 87 59.833
42 88 81.556
42 89 5.872
42 90 45.219
42 91 51.903
42 92 8.252
42 93 15.856
42 94 90.067
42 95 15.685
42 96 87.229
42 97 17.778
42 98 25.463
42 99 23.596
43 44 95.025
43 45 30.776
43 46 30.817
43 47 60.56
43 48 69.167
43 49 46.628
43 50 89.17
43 51 57.332
43 52 36.343
43 53 21.634
43 54 29.015
43 55 22.298
43 56 27.032
43 57 12.669
43 58 68.949
43 59 91.783
43 60 28.539
43 61 13.888
43 62 84.556
43 63 30.784
43 64 45.035
43 65 34.453
43 66 45.538
43 67 98.502
43 68 93.374
43 69 53.847
43 70 85.174
43 71 57.541
43 72 24.493
43 73 74.933
43 74 62.534
43 75 95.043
43 76 3.256
43 77 44.946
43 78 62.729
43 79 62.289
43 80 79.74
43 81 86.336
43 82 67.979
43 83 31.698
43 84 33.144
43 85 38.094
43 86 85.943
43 87 18.938
43 88 20.505
43 89 36.106
43 90 25.927
43 91 51.907
43 92 34.559
43 93 85.777
43 94 65.174
43 95 16.623
43 96 30.98
43 97 66.818
43 98 48.97
43 99 97.857
44 45 46.81
44 46 62.445
44 47 93.313
44 48 50.244
44 49 54.981
44 50 91.289
44 51 86.903
44 52 70.686
44 53 78.344
44 54 55.147
44 55 93.8
44 56 40.519
44 57 38.653
44 58 18.827
44 59 81.744
44 60 36.202
44 61 62.142
44 62 36.454
44 63 29.725
44 64 66.795
44 65 48.013
44 66 42.366
44 67 69.969
44 68 33.207
44 69 9.757
44 70 25.759
44 71 35.081
44 72 74.787
44 73 90.433
44 74 39.353
44 75 44.458
44 76 36.419
44 77 22.291
44 78 53.841
44 79 92.667
44 80 16.913
44 81 5.059
44 82 68.318
44 83 74.985
44 84 53.586
44 85 90.264
44 86 33.155
44 87 15.839
44 88 85.049
44 89 51.13
44 90 37.162
44 91 82.577
44 92 12.575
44 93 17.424
44 94 99.977
44 95 31.523
44 96 3.155
44 97 11.887
44 98 37.014
44 99 96.616
45 46 65.873
45 47 87.74
45 48 14.812
45 49 12.704
45 50 19.099
45 51 80.701
45 52 56.527
45 53 39.979
45 54 2.154
45 55 57.972
45 56 33.358
45 57 78.62
45 58 69.321
45 59 73.91
45 60 37.09
45 61 71.382
45 62 0.293
45 63 12.871
45 64 25.798
45 65 27.67
45 66 21.541
45 67 24.837
45 68 16.831
45 69 66.551
45 70 1.153
45 71 30.69
45 72 78.229
45 73 82.338
45 74 53.664
45 75 5.885
45 76 41.785
45 77 19.374
45 78 20.289
45 79 80.22
45 80 14.658
45 81 42.26
45 82 35.264
45 83 15.812
45 84 44.718
45 85 79.557
45 86 5.305
45 87 0.572
45 88 7.969
45 89 97.206
45 90 33.228
45 91 39.998
45 92 76.993
45 93 19.608
45 94 77.572
45 95 64.153
45 96 31.534
45 97 96.211
45 98 92.319
45 99 73.614
46 47 70.824
46 48 38.39
46 49 13.117
46 50 46.182
46 51 34.919
46 52 41.42
46 53 89.161
46 54 31.214
46 55 70.791
46 56 73.05
46 57 17.5
46 58 30.565
46 59 66.796
46 60 9.73
46 61 31.207
46 62 92.815
46 63 89.491
46 64 72.549
46 65 94.586
46 66 5.834
46 67 36.038
46 68 18.724
46 69 78.906
46 70 62.537
46 71 63.11
46 72 50.784
46 73 1.53
46 74 76.532
46 75 38.93
46 76 79.893
46 77 63.405
46 78 16.332
46 79 50.213
46 80 38.854
46 81 74.844
46 82 1.65
46 83 54.762
46 84 92.427
46 85 21.314
46 86 72.577
46 87 88.849
46 88 11.563
46 89 29.374
46 90 74.009
46 91 61.386
46 92 96.916
46 93 39.038
46 94 9.458
46 95 45.618
46 96 9.605
46 97 14.292
46 98 20.132
46 99 84.664
47 48 27.837
47 49 66.002
47 50 81.323
47 51 70.289
47 52 50.681
47 53 28.127
47 54 74.932
47 55 66.505
47 56 15.149
47 57 77.402
47 58 77.711
47 59 33.762
47 60 52.361
47 61 45.693
47 62 58.451
47 63 51.746
47 64 38.797
47 65 4.158
47 66 91.343
47 67 54.018
47 68 17.288
47 69 25.246
47 70 92.943
47 71 47.528
47 72 46.446
47 73 23.763
47 74 93.852
47 75 24.849
47 76 63.733
47 77 41.039
47 78 82.302
47 79 38.33
47 80 34.862
47 81 36.898
47 82 70.536
47 83 57.118
47 84 2.322
47 85 19.815
47 86 40.182
47 87 16.671
47 88 60.507
47 89 89.457
47 90 91.949
47 91 38.318
47 92 39.077
47 93 41.331
47 94 2.954
47 95 81.953
47 96 89.42
47 97 16.623
47 98 46.771
47 99 87.367
48 49 18.184
48 50 12.517
48 51 94.61
48 52 96.398
48 53 81.001
48 54 29.577
48 55 36.938
48 56 61.377
48 57 61.48
48 58 1.517
48 59 71.486
48 60 52.747
48 61 5.707
48 62 28.031
48 63 85.516
48 64 81.707
48 65 16.713
48 66 83.13
48 67 96.021
48 68 79.828
48 69 6.961
48 70 67.413
48 71 93.822
48 72 11.863
48 73 78.216
48 74 1.49
48 75 57.498
48 76 60.456
48 77 29.224
48 78 76.02
48 79 84.938
48 80 18.458
48 81 45.917
48 82 53.077
48 83 38.627
48 84 61.536
48 85 45.404
48 86 45.594
48 87 55.786
48 88 77.547
48 89 9.904
48 90 5.057
48 91 13.533
48 92 37.334
48 93 2.32
48 94 74.19
48 95 2.563
48 96 21.221
48 97 85.324
48 98 4.778
48 99 17.786
49 50 82.457
49 51 57.111
49 52 44.787
49 53 76.654
49 54 71.67
49 55 94.223
49 56 5.699
49 57 67.711
49 58 51.752
49 59 1.692
49 60 51.608
49 61 3.928
49 62 31.245
49 63 74.567
49 64 75.652
49 65 31.395
49 66 88.267
49 67 92.391
49 68 21.634
49 69 28.458
49 70 82.741
49 71 34.627
49 72 2.609
49 73 86.96
49 74 28.692
49 75 56.449
49 76 99.264
49 77 97.823
49 78 43.79
49 79 64.985
49 80 17.437
49 81 26.058
49 82 67.638
49 83 39.497
49 84 82.762
49 85 24.44
49 86 59.424
49 87 38.056
49 88 32.149
49 89 8.438
49 90 27.054
49 91 20.209
49 92 29.406
49 93 56.12
49 94 63.91
49 95 80.738
49 96 53.9
49 97 9.676
49 98 86.682
49 99 63.763
50 51 30.774
50 52 0.562
50 53 22.019
50 54 19.975
50 55 18.047
50 56 96.64
50 57 7.358
50 58 92.045
50 59 71.973
50 60 18.875
50 61 21.801
50 62 75.423
50 63 54.571
50 64 54.054
50 65 36.01
50 66 48.969
50 67 17.52
50 68 81.357
50 69 94.602
50 70 96.587
50 71 93.545
50 72 21.17
50 73 84.27
50 74 88.717
50 75 62.435
50 76 14.754
50 77 76.828
50 78 34.303
50 79 93.27
50 80 98.518
50 81 58.646
50 82 0.369
50 83 89.093
50 84 35.62
50 85 92.114
50 86 99.99
50 87 29.802
50 88 97.304
50 89 4.733
50 90 93.005
50 91 49.083
50 92 24.036
50 93 62.43
50 94 72.57
50 95 16.562
50 96 5.013
50 97 19.05
50 98 96.259
50 99 62.89
51 52 34.375
51 53 74.423
51 54 14.554
51 55 57.897
51 56 13.038
51 57 41.306
51 58 51.956
51 59 51.073
51 60 11.385
51 61 34.643
51 62 75.803
51 63 71.352
51 64 10.026
51 65 82.052
51 66 52.936
51 67 63.118
51 68 97.349
51 69 57.266
51 70 76.662
51 71 61.328
51 72 57.769
51 73 48.568
51 74 19.827
51 75 86.433
51 76 89.257
51 77 79.713
51 78 42.112
51 79 33.889
51 80 14.304
51 81 1.027
51 82 83.364
51 83 83.645
51 84 91.68
51 85 15.224
51 86 74.506
51 87 82.93
51 88 12.639
51 89 59.429
51 90 87.094
51 91 9.408
51 92 5.454
51 93 70.865
51 94 47.793
51 95 82.24
51 96 90.265
51 97 80.396
51 98 88.948
51 99 47.375
52 53 89.72
52 54 54.359
52 55 49.351
52 56 54.051
52 57 57.833
52 58 20.93
52 59 85.735
52 60 47.951
52 61 91.053
52 62 20.24
52 63 72.44
52 64 96.962
52 65 72.903
52 66 68.046
52 67 79.827
52 68 40.247
52 69 62.308
52 70 37.064
52 71 48.164
52 72 83.913
52 73 71.692
52 74 41.757
52 75 93.273
52 76 39.391
52 77 68.399
52 78 51.697
52 79 81.997
52 80 70.078
52 81 15.659
52 82 25.59
52 83 88.397
52 84 10.822
52 85 42.887
52 86 21.516
52 87 61.356
52 88 27.022
52 89 84.952
52 90 70.831
52 91 19.981
52 92 59.658
52 93 19.432
52 94 24.506
52 95 1.405
52 96 31.318
52 97 48.741
52 98 71.43
52 99 12.125
53 54 13.809
53 55 53.538
53 56 21.012
53 57 82.525
53 58 3.699
53 59 87.055
53 60 44.177
53 61 5.417
53 62 61.979
53 63 80.11
53 64 62.413
53 65 55.167
53 66 11.804
53 67 46.221
53 68 25.373
53 69 50.57
53 70 20.886
53 71 45.309
53 72 62.325
53 73 15.272
53 74 68.334
53 75 22.026
53 76 84.903
53 77 74.706
53 78 90.795
53 79 1.166
53 80 9.831
53 81 14.519
53 82 32.269
53 83 10.286
53 84 72.711
53 85 8.45
53 86 73.985
53 87 6.977
53 88 35.761
53 89 57.126
53 90 12.076
53 91 21.773
53 92 55.473
53 93 16.578
53 94 82.173
53 95 89.747
53 96 72.49
53 97 85.816
53 98 24.768
53 99 46.556
54 55 22.19
54 56 54.385
54 57 99.503
54 58 86.246
54 59 91.963
54 60 51.207
54 61 0.78
54 62 70.079
54 63 35.623
54 64 0.751
54 65 61.84
54 66 91.116
54 67 6.294
54 68 53.822
54 69 69.56
54 70 19.913
54 71 96.146
54 72 81.128
54 73 5.387
54 74 74.264
54 75 7.126
54 76 34.952
54 77 0.195
54 78 26.886
54 79 53.467
54 80 13.267
54 81 13.547
54 82 67.168
54 83 65.733
54 84 36.446
54 85 34.92
54 86 8.624
54 87 37.429
54 88 68.811
54 89 88.332
54 90 11.828
54 91 41.897
54 92 60.025
54 93 75.155
54 94 83.209
54 95 81.951
54 96 30.81
54 97 76.672
54 98 53.505
54 99 7.087
55 56 80.194
55 57 3.653
55 58 27.918
55 59 41.782
55 60 17.931
55 61 4.817
55 62 48.151
55 63 4.061
55 64 75.278
55 65 30.596
55 66 60.21
55 67 98.031
55 68 45.868
55 69 84.866
55 70 56.289
55 71 51.275
55 72 83.492
55 73 12.097
55 74 67.166
55 75 0.693
55 76 25.797
55 77 45.529
55 78 87.788
55 79 13.031
55 80 0.047
55 81 41.109
55 82 15.136
55 83 0.289
55 84 52.931
55 85 98.413
55 86 52.794
55 87 61.355
55 88 14.514
55 89 8.175
55 90 95.517
55 91 17.176
55 92 33.017
55 93 89.836
55 94 89.828
55 95 97.951
55 96 88.844
55 97 39.159
55 98 65.719
55 99 83.86
56 57 67.871
56 58 31.19
56 59 36.456
56 60 41.993
56 61 38.941
56 62 17.274
56 63 92.444
56 64 80.147
56 65 24.635
56 66 50.399
56 67 29.632
56 68 82.608
56 69 67.108
56 70 35.214
56 71 11.499
56 72 94.971
56 73 99.618
56 74 27.611
56 75 96.08
56 76 76.56
56 77 39.709
56 78 65.39
56 79 26.801
56 80 26.39
56 81 77.991
56 82 26.636
56 83 81.54
56 84 89.907
56 85 39.217
56 86 1.72
56 87 21.427
56 88 92.702
56 89 26.523
56 90 78.844
56 91 35.112
56 92 79.059
56 93 57.838
56 94 37.904
56 95 25.328
56 96 63.43
56 97 35.636
56 98 34.543
56 99 93.667
57 58 51.165
57 59 32.242
57 60 73.892
57 61 65.147
57 62 49.191
57 63 75.667
57 64 46.234
57 65 78.086
57 66 37.677
57 67 69.714
57 68 75.326
57 69 66.08
57 70 82.742
57 71 95.48
57 72 67.215
57 73 59.652
57 74 23.455
57 75 25.488
57 76 32.031
57 77 79.401
57 78 48.223
57 79 64.748
57 80 43.775
57 81 99.841
57 82 95.019
57 83 97.588
57 84 32.018
57 85 44.628
57 86 61.001
57 87 37.479
57 88 32.646
57 89 1.051
57 90 18.071
57 91 67.778
57 92 2.037
57 93 60.261
57 94 85.081
57 95 9.742
57 96 66.712
57 97 59.404
57 98 0.934
57 99 13.484
58 59 72.581
58 60 41.169
58 61 40.587
58 62 50.499
58 63 14.402
58 64 90.507
58 65 94.887
58 66 83.488
58 67 31.161
58 68 93.355
58 69 64.919
58 70 25.57
58 71 38.433
58 72 86.283
58 73 34.189
58 74 25.026
58 75 74.255
58 76 37.342
58 77 9.564
58 78 45.491
58 79 9.069
58 80 34.655
58 81 29.085
58 82 21.374
58 83 80.89
58 84 48.463
58 85 39.701
58 86 56.462
58 87 67.944
58 88 14.179
58 89 59.583
58 90 8.295
58 91 71.495
58 92 90.835
58 93 17.649
58 94 69.225
58 95 41.462
58 96 18.112
58 97 99.265
58 98 54.027
58 99 36.819
59 60 63.612
59 61 54.965
59 62 48.943
59 63 1.126
59 64 38.471
59 65 11.628
59 66 65.128
59 67 16.211
59 68 78.64
59 69 33.502
59 70 94.743
59 71 31.567
59 72 54.632
59 73 62.727
59 74 19.899
59 75 72.295
59 76 2.638
59 77 57.883
59 78 95.89
59 79 16.859
59 80 89.254
59 81 71.074
59 82 8.334
59 83 76.743
59 84 78.846
59 85 1.587
59 86 92.111
59 87 87.961
59 88 31.958
59 89 25.065
59 90 5.947
59 91 79.975
59 92 20.44
59 93 64.694
59 94 90.923
59 95 83.962
59 96 61.468
59 97 43.606
59 98 21.169
59 99 40.043
60 61 56.749
60 62 6.739
60 63 80.811
60 64 91.869
60 65 66.278
60 66 96.118
60 67 71.876
60 68 80.744
60 69 65.275
60 70 81.949
60 71 71.17
60 72 5.757
60 73 31.745
60 74 36.985
60 75 26.681
60 76 1.888
60 77 23.618
60 78 5.501
60 79 90.889
60 80 60.582
60 81 51.223
60 82 62.879
60 83 30.012
60 84 94.932
60 85 42.131
60 86 44.217
60 87 26.01
60 88 14.453
60 89 37.218
60 90 77.503
60 91 59.744
60 92 82.465
60 93 53.874
60 94 71.437
60 95 87.232
60 96 92.06
60 97 40.054
60 98 3.685
60 99 91.445
61 62 88.996
61 63 52.401
61 64 61.709
61 65 30.687
61 66 89.997
61 67 20.591
61 68 61.219
61 69 48.85
61 70 26.845
61 71 75.873
61 72 86.342
61 73 97.186
61 74 42.043
61 75 68.553
61 76 10.541
61 77 33.786
61 78 89.748
61 79 17.727
61 80 9.803
61 81 34.251
61 82 31.768
61 83 74.938
61 84 79.754
61 85 24.436
61 86 62.647
61 87 48.654
61 88 44.353
61 89 33.426
61 90 68.227
61 91 87.984
61 92 23.692
61 93 67.652
61 94 58.946
61 95 30.258
61 96 28.145
61 97 84.064
61 98 45.987
61 99 54.89
62 63 2.519
62 64 46.773
62 65 82.635
62 66 89.232
62 67 48.819
62 68 53.113
62 69 68.472
62 70 82.304
62 71 59.124
62 72 57.866
62 73 30.022
62 74 58.387
62 75 88.665
62 76 20.544
62 77 41.178
62 78 30.297
62 79 80.929
62 80 44.467
62 81 50.848
62 82 42.576
62 83 37.415
62 84 83.304
62 85 68.99
62 86 47.662
62 87 16.996
62 88 29.783
62 89 79.218
62 90 33.549
62 91 77.218
62 92 81.099
62 93 4.037
62 94 71.655
62 95 72.621
62 96 92.79
62 97 22.686
62 98 19.386
62 99 89.358
63 64 86.078
63 65 74.197
63 66 85.923
63 67 43.28
63 68 51.283
63 69 61.452
63 70 14.118
63 71 18.271
63 72 13.574
63 73 89.237
63 74 41.283
63 75 54.585
63 76 2.765
63 77 6.033
63 78 79.54
63 79 56.999
63 80 89.684
63 81 88.657
63 82 83.455
63 83 76.715
63 84 50.513
63 85 86.537
63 86 94.173
63 87 39.894
63 88 5.311
63 89 21.357
63 90 38.338
63 91 1.249
63 92 0.288
63 93 71.949
63 94 75.065
63 95 89.484
63 96 58.969
63 97 20.992
63 98 68.452
63 99 66.737
64 65 71.305
64 66 70.726
64 67 71.781
64 68 69.853
64 69 44.905
64 70 35.462
64 71 26.025
64 72 97.102
64 73 90.705
64 74 21.456
64 75 64.279
64 76 9.401
64 77 18.961
64 78 15.862
64 79 7.553
64 80 78.763
64 81 64.64
64 82 37.108
64 83 27.661
64 84 9.329
64 85 25.639
64 86 72.231
64 87 19.816
64 88 89.203
64 89 29.042
64 90 13.399
64 91 15.809
64 92 80.318
64 93 85.592
64 94 93.094
64 95 47.858
64 96 97.711
64 97 89.844
64 98 83.481
64 99 56.513
65 66 85.823
65 67 68.284
65 68 49.187
65 69 18.007
65 70 8.35
65 71 45.315
65 72 54.288
65 73 69.902
65 74 75.825
65 75 96.431
65 76 84.254
65 77 7.892
65 78 78.964
65 79 6.015
65 80 1.22
65 81 86.247
65 82 1.561
65 83 86.919
65 84 74.895
65 85 21.042
65 86 35.653
65 87 5.199
65 88 80.163
65 89 14.099
65 90 89.394
65 91 83.548
65 92 10.366
65 93 3.753
65 94 94.482
65 95 99.822
65 96 1.722
65 97 91.138
65 98 40.403
65 99 5.962
66 67 8.099
66 68 42.203
66 69 89.697
66 70 67.244
66 71 40.129
66 72 18.305
66 73 82.398
66 74 42.044
66 75 11.697
66 76 68.23
66 77 92.346
66 78 58.239
66 79 14.716
66 80 25.913
66 81 15.242
66 82 47.164
66 83 66.822
66 84 20.225
66 85 82.978
66 86 95.269
66 87 5.075
66 88 75.581
66 89 84.359
66 90 35.855
66 91 46.48
66 92 3.951
66 93 5.284
66 94 95.449
66 95 84.919
66 96 83.509
66 97 84.728
66 98 62.509
66 99 18.534
67 68 69.808
67 69 95.011
67 70 0.468
67 71 41.693
67 72 95.046
67 73 35.966
67 74 30.193
67 75 91.814
67 76 59.986
67 77 77.256
67 78 57.73
67 79 83.014
67 80 48.8
67 81 28.443
67 82 94.86
67 83 99.769
67 84 98.023
67 85 79.975
67 86 30.438
67 87 94.017
67 88 27.852
67 89 52.887
67 90 43.679
67 91 42.204
67 92 7.787
67 93 98.663
67 94 68.155
67 95 34.202
67 96 16.086
67 97 75.222
67 98 21.742
67 99 84.265
68 69 44.706
68 70 40.04
68 71 82.141
68 72 19.093
68 73 34.81
68 74 6.211
68 75 45.687
68 76 87.362
68 77 94.836
68 78 50.277
68 79 36.726
68 80 78.219
68 81 56.622
68 82 83.628
68 83 91.731
68 84 54.707
68 85 50.169
68 86 55.186
68 87 38.148
68 88 61.244
68 89 20.355
68 90 67.803
68 91 20.591
68 92 65.551
68 93 22.01
68 94 40.528
68 95 65.265
68 96 35.401
68 97 53.689
68 98 84.99
68 99 8.328
69 70 28.032
69 71 61.012
69 72 33.026
69 73 30.239
69 74 66.209
69 75 13.822
69 76 1.916
69 77 69.537
69 78 22.279
69 79 51.425
69 80 17.457
69 81 86.908
69 82 98.66
69 83 33.742
69 84 96.424
69 85 49.237
69 86 48.891
69 87 2.358
69 88 32.949
69 89 61.956
69 90 30.236
69 91 56.852
69 92 28.91
69 93 93.376
69 94 2.4
69 95 14.476
69 96 67.87
69 97 9.972
69 98 36.243
69 99 1.095
70 71 19.161
70 72 68.141
70 73 19.338
70 74 29.47
70 75 5.287
70 76 71.839
70 77 24.373
70 78 22.604
70 79 64.572
70 80 87.077
70 81 69.724
70 82 44.16
70 83 63.576
70 84 92.179
70 85 16.573
70 86 76.518
70 87 81.973
70 88 95.749
70 89 22.787
70 90 97.094
70 91 53.985
70 92 70.234
70 93 3.606
70 94 19.978
70 95 59.337
70 96 99.754
70 97 7.924
70 98 20.741
70 99 85.383
71 72 25.11
71 73 89.051
71 74 24.606
71 75 24.809
71 76 73.27
71 77 73.695
71 78 11.945
71 79 11.744
71 80 77.724
71 81 47.389
71 82 99.054
71 83 24.176
71 84 44.782
71 85 19.906
71 86 0.339
71 87 90.418
71 88 30.531
71 89 59.192
71 90 16.124
71 91 51.858
71 92 71.317
71 93 2.203
71 94 22.472
71 95 40.785
71 96 64.483
71 97 45.076
71 98 75.676
71 99 42.602
72 73 83.308
72 74 75.792
72 75 40.228
72 76 64.357
72 77 20.986
72 78 42.872
72 79 87.395
72 80 92.632
72 81 43.332
72 82 83.437
72 83 35.702
72 84 94.397
72 85 95.482
72 86 99.358
72 87 86.586
72 88 48.317
72 89 82.197
72 90 78.067
72 91 56.413
72 92 59.899
72 93 7.838
72 94 44.944
72 95 12.859
72 96 56.762
72 97 16.778
72 98 48.173
72 99 32.259
73 74 72.687
73 75 57.451
73 76 20.231
73 77 63.334
73 78 0.849
73 79 83.03
73 80 76.496
73 81 90.421
73 82 35.418
73 83 99.928
73 84 89.474
73 85 12.272
73 86 71.662
73 87 29.516
73 88 53.62
73 89 83.189
73 90 73.934
73 91 53.264
73 92 22.711
73 93 62.533
73 94 18.425
73 95 38.027
73 96 26.207
73 97 89.976
73 98 7.316
73 99 36.614
74 75 68.567
74 76 6.327
74 77 62.489
74 78 55.802
74 79 43.164
74 80 86.958
74 81 49.954
74 82 64.205
74 83 80.929
74 84 49.467
74 85 72.775
74 86 11.022
74 87 61.996
74 88 8.049
74 89 92.205
74 90 52.683
74 91 59.016
74 92 72.871
74 93 69.178
74 94 90.831
74 95 31.891
74 96 46.051
74 97 83.187
74 98 0.774
74 99 71.444
75 76 22.196
75 77 2.885
75 78 28.328
75 79 95.351
75 80 37.144
75 81 92.064
75 82 58.499
75 83 22.229
75 84 31.009
75 85 61.672
75 86 37.324
75 87 99.752
75 88 21.842
75 89 66.583
75 90 4.79
75 91 31.917
75 92 50.408
75 93 77.946
75 94 99.417
75 95 62.041
75 96 39.67
75 97 5.301
75 98 77.873
75 99 61.78
76 77 66.486
76 78 18.369
76 79 8.383
76 80 62.018
76 81 46.783
76 82 56.806
76 83 39.699
76 84 41.694
76 85 32.433
76 86 52.204
76 87 46.88
76 88 93.378
76 89 6.185
76 90 67.487
76 91 33.355
76 92 45.661
76 93 53.09
76 94 2.844
76 95 34.797
76 96 64.464
76 97 3.305
76 98 20.326
76 99 33.75
77 78 23.985
77 79 17.025
77 80 80.993
77 81 1.989
77 82 82.09
77 83 80.188
77 84 63.894
77 85 68.59
77 86 48.619
77 87 92.739
77 88 28.955
77 89 82.379
77 90 37.257
77 91 10.969
77 92 14.503
77 93 48.056
77 94 50.784
77 95 49.874
77 96 69.48
77 97 70.182
77 98 98.405
77 99 13.288
78 79 37.508
78 80 52.09
78 81 20.01
78 82 63.446
78 83 95.998
78 84 69.014
78 85 52.09
78 86 53.707
78 87 54.206
78 88 82.917
78 89 19.013
78 90 20.676
78 91 55.868
78 92 53.977
78 93 36.612
78 94 25.982
78 95 73.564
78 96 65.943
78 97 60.947
78 98 95.136
78 99 38.355
79 80 19.244
79 81 16.546
79 82 35.638
79 83 22.546
79 84 77.006
79 85 60.969
79 86 4.287
79 87 56.162
79 88 66.054
79 89 82.175
79 90 51.649
79 91 66.118
79 92 73.77
79 93 98.74
79 94 59.548
79 95 95.034
79 96 96.72
79 97 61.759
79 98 6.989
79 99 98.252
80 81 41.845
80 82 3.519
80 83 77.204
80 84 87.454
80 85 46.867
80 86 58.203
80 87 55.595
80 88 5.438
80 89 32.251
80 90 52.747
80 91 81.892
80 92 40.507
80 93 89.175
80 94 97.392
80 95 1.019
80 96 32.735
80 97 28.446
80 98 71.952
80 99 35.757
81 82 29.764
81 83 89.488
81 84 73.8
81 85 43.951
81 86 91.189
81 87 65.961
81 88 2.032
81 89 86.807
81 90 4.209
81 91 40.069
81 92 7.998
81 93 21.685
81 94 82.141
81 95 65.194
81 96 6.692
81 97 64.468
81 98 0.465
81 99 81.325
82 83 56.184
82 84 69.812
82 85 94.619
82 86 99.22
82 87 73.85
82 88 93.524
82 89 45.965
82 90 10.313
82 91 32.204
82 92 32.292
82 93 9.64
82 94 50.268
82 95 56.137
82 96 7.45
82 97 69.803
82 98 5.809
82 99 63.956
83 84 74.301
83 85 82.108
83 86 91.764
83 87 14.537
83 88 51.995
83 89 5.564
83 90 43.67
83 91 77.181
83 92 4.302
83 93 65.993
83 94 40.763
83 95 33.867
83 96 91.771
83 97 64.579
83 98 93.741
83 99 32.013
84 85 0.372
84 86 75.502
84 87 82.369
84 88 12.004
84 89 11.651
84 90 34.487
84 91 77.963
84 92 73.619
84 93 96.178
84 94 45.258
84 95 35.608
84 96 16.247
84 97 83.56
84 98 10.138
84 99 14.395
85 86 64.395
85 87 22.591
85 88 89.221
85 89 89.645
85 90 67.616
85 91 0.648
85 92 11.635
85 93 71.06
85 94 79.419
85 95 76.207
85 96 17.794
85 97 67.244
85 98 52.29
85 99 93.633
86 87 63.785
86 88 75.151
86 89 58.073
86 90 20.723
86 91 61.199
86 92 63.929
86 93 67.241
86 94 27.987
86 95 62.04
86 96 57.82
86 97 41.111
86 98 1.765
86 99 49.794
87 88 91.343
87 89 76.448
87 90 5.916
87 91 29.971
87 92 29.932
87 93 56.065
87 94 7.087
87 95 10.628
87 96 69.904
87 97 66.856
87 98 18.484
87 99 20.604
88 89 19.276
88 90 23.191
88 91 11.951
88 92 91.463
88 93 74.269
88 94 72.136
88 95 92.77
88 96 22.875
88 97 12.765
88 98 96.056
88 99 71.053
89 90 27.527
89 91 21.106
89 92 84.35
89 93 38.857
89 94 25.156
89 95 52.129
89 96 74.042
89 97 45.496
89 98 95.692
89 99 29.827
90 91 50.96
90 92 93.142
90 93 5.332
90 94 81.142
90 95 14.759
90 96 61.687
90 97 87.284
90 98 50.621
90 99 10.316
91 92 82.159
91 93 22.024
91 94 51.133
91 95 0.918
91 96 79.72
91 97 78.25
91 98 3.011
91 99 59.556
92 93 56.063
92 94 32.435
92 95 80.603
92 96 71.776
92 97 26.843
92 98 82.048
92 99 21.065
93 94 90.686
93 95 73.415
93 96 63.898
93 97 37.568
93 98 10.634
93 99 95.738
94 95 65.912
94 96 56.9
94 97 0.312
94 98 62.497
94 99 63.037
95 96 7.364
95 97 57.767
95 98 49.64
95 99 36.533
96 97 66.717
96 98 30.692
96 99 9.402
97 98 46.858
97 99 65.757
98 99 70.014
