100
0 1 99.5
1 2 96.8
2 3 5.4
3 4 78.3
4 5 9.7
5 6 64.9
6 7 19.2
7 8 42.2
8 9 82.6
9 10 44.7
10 11 26.8
11 12 84.9
12 13 21.5
13 14 16.4
14 15 31.9
15 16 47.2
16 17 93.2
17 18 87.1
18 19 25.1
19 20 2.3
20 21 51.4
21 22 64.0
22 23 38.6
23 24 37.9
24 25 16.7
25 26 15.7
26 27 98.0
27 28 40.5
28 29 2.6
29 30 95.7
30 31 0.1
31 32 73.5
32 33 51.2
33 34 88.3
34 35 97.7
35 36 11.6
36 37 95.7
37 38 96.5
38 39 74.5
39 40 96.8
40 41 62.3
41 42 91.6
42 43 57.4
43 44 79.7
44 45 97.1
45 46 26.2
46 47 36.9
47 48 51.2
48 49 85.5
49 50 70.8
50 51 19.1
51 52 91.0
52 53 15.3
53 54 91.6
54 55 76.9
55 56 76.5
56 57 33.5
57 58 3.8
58 59 84.3
59 60 15.3
60 61 0.1
61 62 72.6
62 63 36.6
63 64 26.1
64 65 77.5
65 66 53.4
66 67 76.1
67 68 49.0
68 69 13.9
69 70 70.9
70 71 87.8
71 72 81.9
72 73 83.9
73 74 3.3
74 75 49.0
75 76 76.9
76 77 68.6
77 78 29.9
78 79 57.9
79 80 3.5
80 81 21.2
81 82 95.9
82 83 84.9
83 84 43.5
84 85 77.4
85 86 26.1
86 87 8.5
87 88 99.3
88 89 11.3
89 90 69.5
90 91 64.7
91 92 28.7
92 93 25.1
93 94 57.1
94 95 91.3
95 96 85.9
96 97 74.9
97 98 90.7
98 99 25.1
0 99 40.8