60
0 35 82.254
0 59 51.305
0 54 49.248
0 46 61.544
0 30 61.255
0 58 50.6
0 32 33.775
0 27 42.296
0 14 42.408
0 44 26.18
0 2 12.091
0 8 78.92
0 43 69.333
0 24 86.437
0 49 12.712
0 7 72.335
0 48 61.199
0 52 98.185
0 21 9.418
0 34 19.291
0 18 67.433
0 19 88.454
0 12 61.505
0 15 54.218
0 28 31.836
0 39 77.386
0 16 30.255
0 29 33.299
0 5 45.72
0 4 60.654
0 26 10.861
0 13 1.516
0 17 62.782
0 50 16.996
0 20 96.407
0 47 32.035
0 31 52.42
0 33 6.91
0 45 48.723
0 9 61.619
0 22 38.261
0 6 32.287
0 56 0.39
0 41 85.693
0 38 48.003
0 42 97.011
0 36 44.242
0 23 80.353
0 3 2.094
0 55 85.995
0 51 52.376
0 40 10.198
0 37 38.918
35 52 75.177
35 13 65.773
35 29 86.41
35 32 87.531
35 3 62.121
35 49 37.156
35 40 95.068
35 45 89.531
35 6 93.932
35 50 85.299
35 36 3.432
35 9 30.217
35 56 33.403
35 55 80.658
35 53 51.83
35 27 75.032
35 24 35.717
35 21 45.293
35 26 43.338
35 37 92.285
35 39 92.999
35 30 73.111
35 48 36.976
35 44 32.612
35 42 66.575
35 28 43.478
35 10 63.858
35 23 25.756
35 33 81.387
35 51 85.874
35 59 71.855
35 22 21.774
35 46 49.576
35 41 80.737
35 11 41.669
35 43 79.397
35 7 84.314
35 1 98.501
35 14 57.539
35 16 51.826
35 47 95.387
35 18 46.717
35 2 51.585
35 17 84.147
35 58 13.439
35 57 93.006
35 19 81.891
35 8 69.315
35 31 42.538
35 20 42.295
35 25 68.278
35 15 57.772
35 12 61.942
35 38 53.088
35 34 80.278
35 5 67.772
52 44 3.259
52 33 91.93
52 15 58.397
52 37 60.106
52 21 92.651
52 39 89.031
52 41 37.047
52 5 68.766
52 48 56.144
52 47 85.071
52 57 72.726
52 30 63.115
52 55 32.384
52 20 47.919
52 43 15.903
52 14 53.398
52 13 18.662
52 2 35.226
52 16 79.295
52 29 84.269
52 59 14.44
52 36 78.013
52 18 53.372
52 19 49.408
52 42 25.443
52 25 1.197
52 45 38.09
52 27 96.544
52 56 19.013
52 34 17.85
52 11 74.131
52 49 62.562
52 4 59.341
52 32 0.795
52 23 29.261
52 31 71.004
52 7 52.932
52 8 32.945
52 9 37.181
52 26 2.169
52 3 83.205
52 38 25.781
52 46 26.528
52 10 44.695
52 1 48.893
52 22 53.384
52 12 51.997
52 28 90.087
52 6 25.489
52 58 47.724
52 40 84.015
52 24 26.088
52 53 99.703
52 54 45.075
52 50 49.595
44 25 9.865
44 1 66.237
44 14 85.982
44 10 4.785
44 8 37.526
44 53 22.626
44 24 74.137
44 38 56.949
44 29 49.968
44 36 69.544
44 15 72.84
44 56 97.377
44 49 11.694
44 11 39.913
44 40 24.528
44 7 70.849
44 18 12.231
44 51 68.43
44 33 14.017
44 22 79.688
44 31 19.091
44 57 19.41
44 39 13.642
44 19 64.531
44 58 2.873
44 32 50.571
44 16 4.493
44 6 58.298
44 12 10.678
44 46 50.183
44 55 42.357
44 30 34.93
44 20 44.526
44 45 57.317
44 3 31.528
44 48 87.034
44 41 65.606
44 27 25.32
44 34 64.084
44 26 25.219
44 59 2.505
44 50 34.384
44 9 57.366
44 13 16.35
44 54 55.747
44 2 52.184
44 17 26.774
44 47 58.907
44 5 84.649
44 21 67.77
44 4 51.081
44 43 59.748
44 42 46.779
44 23 57.982
25 47 12.94
25 23 67.334
25 24 35.426
25 11 16.679
25 2 69.291
25 15 17.761
25 51 78.724
25 49 87.423
25 57 54.254
25 50 66.914
25 55 69.247
25 48 30.085
25 33 16.654
25 6 21.365
25 1 19.407
25 13 8.607
25 28 75.443
25 12 39.635
25 32 19.086
25 36 15.921
25 16 28.675
25 41 44.004
25 58 3.692
25 20 95.363
25 46 39.339
25 40 74.76
25 42 62.071
25 3 5.61
25 17 82.298
25 45 44.491
25 4 18.257
25 39 92.293
25 31 40.488
25 53 90.964
25 29 31.426
25 34 89.04
25 10 57.021
25 19 12.244
25 54 79.539
25 5 98.521
25 9 9.783
25 59 85.575
25 8 19.971
25 43 37.676
25 14 57.077
25 7 27.909
25 37 24.212
25 21 12.959
25 27 10.432
25 26 45.107
25 22 79.488
25 18 16.059
47 31 97.057
47 24 60.987
47 4 44.92
47 21 14.936
47 23 81.955
47 39 23.956
47 42 4.494
47 37 58.242
47 50 54.212
47 9 60.499
47 2 6.368
47 3 53.088
47 13 58.593
47 59 81.497
47 30 91.704
47 17 40.785
47 48 89.0
47 7 61.238
47 46 74.716
47 22 10.873
47 15 50.022
47 11 89.428
47 19 31.582
47 53 68.812
47 12 54.332
47 20 36.66
47 26 53.647
47 51 86.995
47 33 18.985
47 6 66.797
47 49 46.269
47 40 25.015
47 45 42.094
47 56 17.776
47 34 21.778
47 18 74.722
47 32 37.991
47 57 9.517
47 28 70.302
47 58 20.682
47 55 28.396
47 10 5.047
47 16 83.772
47 36 37.476
47 27 28.111
47 29 73.449
47 41 70.06
47 43 71.121
47 38 37.287
47 54 21.693
47 14 13.315
47 1 47.411
47 5 22.595
47 8 10.025
31 43 6.974
31 11 66.661
31 39 26.371
31 29 98.238
31 38 99.457
31 45 58.696
31 51 92.534
31 24 42.386
31 27 50.281
31 16 78.287
31 41 0.577
31 30 86.552
31 50 6.753
31 22 36.042
31 2 29.857
31 28 10.019
31 33 86.246
31 8 40.066
31 57 12.903
31 36 55.868
31 21 90.624
31 12 93.992
31 1 54.519
31 40 67.009
31 18 94.22
31 5 32.068
31 46 10.773
31 19 51.089
31 54 4.142
31 17 78.685
31 10 0.719
31 55 10.844
31 49 6.213
31 34 27.379
31 58 23.494
31 37 92.098
31 48 16.202
31 13 93.758
31 9 49.336
31 14 46.655
31 56 73.633
31 3 56.273
31 23 41.389
31 20 43.746
31 26 26.297
31 42 70.734
31 53 21.794
31 15 97.808
31 32 28.76
31 59 66.318
31 6 23.918
31 7 66.435
43 19 79.415
43 48 60.929
43 21 70.471
43 17 25.198
43 13 40.254
43 30 85.325
43 50 18.662
43 36 88.33
43 20 46.063
43 29 10.345
43 9 91.868
43 12 97.424
43 22 32.947
43 32 63.407
43 6 33.422
43 58 38.613
43 4 38.684
43 41 75.842
43 34 94.135
43 16 82.103
43 56 90.314
43 11 66.891
43 14 72.821
43 59 62.249
43 7 1.901
43 10 23.416
43 28 98.683
43 27 53.604
43 46 28.274
43 42 97.369
43 39 97.255
43 33 77.115
43 1 40.484
43 26 72.46
43 51 15.613
43 40 35.957
43 45 92.123
43 15 15.373
43 8 56.022
43 49 37.703
43 55 36.128
43 5 67.873
43 37 2.738
43 54 71.094
43 38 83.975
43 18 39.639
43 57 24.144
43 3 73.043
43 24 57.858
43 2 21.055
19 40 96.867
19 4 21.056
19 56 56.253
19 18 4.266
19 55 40.387
19 53 84.993
19 20 13.983
19 48 45.009
19 9 56.745
19 50 9.401
19 3 81.993
19 17 98.522
19 36 18.996
19 34 50.302
19 51 27.578
19 22 39.114
19 58 68.531
19 32 32.399
19 2 49.392
19 37 89.096
19 45 19.427
19 29 16.44
19 14 79.951
19 54 35.418
19 33 48.907
19 12 67.587
19 7 40.228
19 13 41.547
19 28 56.081
19 30 21.748
19 5 42.188
19 24 21.522
19 15 27.595
19 38 25.84
19 46 65.665
19 41 12.035
19 8 71.797
19 1 52.405
19 27 38.068
19 59 83.196
19 49 29.475
19 10 85.142
19 16 45.142
19 42 18.329
19 6 0.306
19 39 44.044
19 11 5.697
19 57 81.869
19 23 6.678
19 21 18.899
40 7 95.745
40 37 30.517
40 6 13.04
40 34 61.418
40 33 17.162
40 14 45.009
40 1 41.54
40 56 40.788
40 36 16.728
40 59 12.734
40 8 66.572
40 26 61.072
40 24 76.983
40 29 45.319
40 39 33.672
40 28 56.638
40 23 13.67
40 38 90.279
40 13 89.172
40 15 32.233
40 10 97.316
40 16 89.394
40 32 26.972
40 57 6.545
40 11 56.703
40 50 55.15
40 12 97.922
40 41 47.714
40 22 50.406
40 46 1.467
40 21 65.31
40 51 38.085
40 45 9.548
40 20 66.192
40 42 27.057
40 55 36.129
40 30 13.545
40 4 14.168
40 54 91.624
40 27 53.722
40 2 26.198
40 53 69.446
40 17 20.122
40 58 79.765
40 5 22.532
40 48 15.456
7 29 61.964
7 37 74.656
7 39 83.052
7 32 4.758
7 24 78.472
7 26 74.73
7 55 26.955
7 5 1.365
7 28 39.821
7 3 22.019
7 38 35.76
7 46 68.773
7 30 39.502
7 54 87.653
7 10 35.776
7 4 50.657
7 50 60.533
7 1 74.749
7 22 75.14
7 16 68.155
7 56 64.928
7 42 84.618
7 14 88.727
7 41 29.79
7 59 45.815
7 15 37.069
7 58 88.723
7 36 6.878
7 23 60.857
7 2 2.99
7 49 45.122
7 33 77.594
7 8 66.138
7 45 44.01
7 57 54.533
7 27 92.714
7 21 4.623
7 48 97.608
7 18 66.101
7 6 69.521
7 13 30.284
7 20 86.175
7 9 45.258
7 11 93.632
7 17 86.037
7 12 12.356
7 34 11.284
7 53 72.791
7 51 41.44
29 49 22.414
29 36 76.664
29 21 95.889
29 38 57.365
29 9 49.699
29 53 39.749
29 33 63.316
29 51 89.111
29 5 15.291
29 3 94.091
29 20 20.836
29 41 50.35
29 8 13.844
29 30 43.354
29 39 3.939
29 42 78.228
29 26 46.152
29 23 98.448
29 11 43.799
29 4 60.931
29 12 54.986
29 59 59.054
29 56 98.045
29 55 11.436
29 15 46.406
29 14 5.601
29 57 50.086
29 16 94.124
29 6 58.449
29 48 61.995
29 58 45.057
29 28 20.258
29 10 76.189
29 37 59.268
29 50 86.646
29 34 52.855
29 1 57.195
29 32 44.072
29 27 14.169
29 18 18.448
29 17 73.732
29 13 46.141
29 45 56.523
29 54 29.432
29 46 45.839
29 22 20.101
29 24 61.73
49 27 90.056
49 50 46.371
49 41 6.094
49 2 14.364
49 33 37.058
49 13 6.373
49 6 55.839
49 32 2.381
49 16 84.153
49 57 27.35
49 30 51.652
49 18 66.95
49 1 12.405
49 8 98.93
49 17 43.605
49 10 91.202
49 56 57.99
49 54 51.534
49 9 74.287
49 34 7.039
49 39 38.817
49 15 72.834
49 46 93.653
49 53 87.909
49 51 90.601
49 55 13.08
49 58 64.378
49 45 21.292
49 42 23.149
49 23 58.235
49 21 20.892
49 24 42.339
49 48 68.403
49 22 59.546
49 12 69.012
49 5 86.36
49 4 62.903
49 38 9.534
49 37 46.589
49 20 31.085
49 3 91.498
49 14 79.657
49 59 6.039
49 26 9.39
49 36 35.601
27 46 44.735
27 21 58.047
27 30 72.786
27 10 49.689
27 11 40.759
27 2 84.964
27 8 78.062
27 24 95.423
27 28 59.843
27 50 23.864
27 56 14.835
27 33 80.459
27 6 83.973
27 13 83.19
27 4 66.096
27 12 52.304
27 37 35.533
27 38 75.808
27 22 24.655
27 15 69.711
27 58 83.672
27 51 15.535
27 16 59.747
27 17 79.111
27 18 93.656
27 3 54.207
27 39 70.522
27 32 1.736
27 9 35.78
27 42 51.459
27 45 16.302
27 48 33.612
27 1 26.649
27 55 15.328
27 14 76.521
27 34 90.226
27 23 29.996
27 54 51.789
27 57 48.058
27 20 18.548
27 36 11.508
27 59 74.083
27 53 39.866
27 41 63.904
27 5 76.546
46 23 16.176
46 48 14.797
46 1 9.033
46 14 14.314
46 41 7.492
46 22 79.35
46 20 87.494
46 28 83.114
46 32 22.17
46 50 23.626
46 8 73.74
46 15 0.521
46 55 1.726
46 21 26.686
46 17 29.486
46 34 94.464
46 33 21.141
46 13 93.746
46 6 42.902
46 42 87.0
46 51 88.444
46 57 82.923
46 45 15.784
46 58 62.154
46 37 56.913
46 9 66.048
46 4 44.032
46 39 73.397
46 26 89.012
46 2 54.787
46 18 67.081
46 24 57.789
46 16 14.055
46 12 27.39
46 30 44.355
46 5 63.675
46 53 37.764
46 36 1.777
46 11 88.209
46 56 1.675
23 26 91.491
23 20 0.545
23 24 49.626
23 28 33.094
23 17 11.457
23 41 74.802
23 13 11.475
23 8 51.89
23 51 91.596
23 2 70.786
23 12 72.041
23 6 53.531
23 3 40.222
23 53 74.418
23 42 26.844
23 57 51.045
23 1 38.513
23 18 96.391
23 32 64.299
23 4 63.254
23 48 89.761
23 55 3.054
23 50 49.292
23 11 9.583
23 37 77.964
23 33 26.964
23 45 58.194
23 15 34.902
23 21 50.732
23 34 94.103
23 22 8.981
23 58 97.651
23 10 87.304
23 54 27.21
23 59 59.731
23 5 27.053
23 38 72.312
23 16 40.882
23 9 29.26
23 30 26.286
23 39 11.138
26 33 87.587
26 12 71.269
26 22 82.947
26 51 5.288
26 56 52.538
26 48 18.891
26 53 22.652
26 41 11.757
26 2 32.901
26 18 2.912
26 4 98.83
26 13 52.521
26 34 71.846
26 1 37.394
26 50 92.29
26 24 45.851
26 9 49.684
26 30 84.37
26 8 45.231
26 6 96.664
26 14 43.009
26 45 81.853
26 21 43.41
26 36 20.373
26 57 67.162
26 32 37.493
26 58 59.116
26 59 14.789
26 11 4.811
26 5 13.803
26 16 86.105
26 42 86.825
26 54 5.414
26 38 93.862
26 28 41.543
26 37 26.394
26 17 98.085
26 3 33.072
26 55 64.159
26 20 19.232
33 6 97.324
33 24 78.486
33 1 55.979
33 9 78.345
33 28 82.268
33 57 21.349
33 8 95.721
33 4 70.326
33 54 58.755
33 5 5.488
33 42 49.246
33 17 87.297
33 50 54.426
33 36 18.245
33 11 66.974
33 58 90.401
33 10 37.424
33 20 68.584
33 3 58.761
33 56 16.252
33 14 44.702
33 38 61.577
33 59 5.484
33 22 76.866
33 53 38.879
33 45 88.866
33 37 42.995
33 15 82.432
33 30 89.727
33 2 54.255
33 13 48.264
33 16 51.564
33 18 77.155
33 34 4.99
33 21 12.496
33 48 23.579
33 39 74.501
33 12 27.371
33 32 2.607
33 41 65.818
33 51 42.796
6 48 44.651
6 50 56.768
6 1 94.775
6 59 36.687
6 4 79.711
6 56 5.563
6 8 25.189
6 24 98.903
6 45 84.621
6 41 66.655
6 14 0.445
6 15 34.537
6 3 6.992
6 5 82.317
6 39 58.397
6 11 71.499
6 55 23.208
6 2 43.238
6 38 40.251
6 22 63.268
6 53 71.959
6 32 3.01
6 51 53.093
6 42 11.65
6 34 94.972
6 9 37.548
6 37 2.666
6 13 43.333
6 17 5.414
6 20 4.786
6 18 33.636
6 16 87.799
6 10 33.072
6 54 30.261
6 21 43.714
6 36 81.174
6 12 60.903
6 30 8.703
6 57 16.753
6 58 35.063
48 5 20.786
48 42 7.244
48 36 30.058
48 16 60.749
48 14 49.243
48 1 88.791
48 38 93.709
48 11 8.831
48 54 61.525
48 34 7.25
48 55 13.829
48 21 70.736
48 56 40.623
48 58 23.952
48 50 22.231
48 45 76.771
48 32 48.989
48 22 33.374
48 8 5.528
48 17 63.314
48 9 21.812
48 39 26.441
48 59 21.937
48 15 14.046
48 2 66.018
48 37 4.759
48 57 3.833
48 18 37.947
48 41 84.052
48 4 70.308
48 51 62.039
48 12 19.546
48 20 72.834
48 3 85.599
48 10 27.155
48 24 30.079
48 30 21.483
48 13 90.33
48 28 66.382
5 32 8.773
5 10 29.838
5 45 39.131
5 18 75.908
5 2 59.125
5 56 82.671
5 9 36.244
5 15 53.434
5 41 13.0
5 17 42.817
5 22 73.361
5 4 43.938
5 13 38.655
5 11 99.318
5 34 18.261
5 14 31.531
5 30 88.275
5 38 64.588
5 39 97.2
5 36 69.924
5 58 49.351
5 59 6.355
5 8 43.123
5 1 20.329
5 53 3.465
5 51 3.072
5 24 81.437
5 55 8.795
5 42 64.3
5 57 71.406
5 54 60.69
5 21 35.924
5 50 81.586
5 20 36.296
5 37 62.62
5 16 97.706
5 28 35.32
5 12 80.733
32 53 76.013
32 38 47.05
32 18 11.572
32 11 64.451
32 20 96.85
32 13 15.742
32 58 7.614
32 21 5.996
32 36 76.327
32 55 76.407
32 34 23.376
32 16 75.391
32 17 65.778
32 12 64.437
32 4 48.448
32 37 23.95
32 42 5.223
32 15 31.823
32 39 62.763
32 59 70.763
32 28 34.893
32 22 49.07
32 2 36.935
32 50 59.245
32 51 92.281
32 10 54.33
32 30 54.772
32 3 89.285
32 45 45.454
32 41 66.479
32 56 36.413
32 8 52.566
32 14 47.992
32 57 92.978
32 54 44.558
32 24 27.434
32 1 68.541
53 9 69.225
53 20 23.403
53 50 75.384
53 1 2.552
53 28 46.754
53 41 17.86
53 21 31.626
53 55 75.605
53 8 4.088
53 36 72.791
53 16 95.924
53 57 78.308
53 24 38.873
53 51 46.821
53 22 82.031
53 2 38.732
53 12 44.745
53 34 23.713
53 15 12.041
53 14 42.114
53 3 2.684
53 39 94.34
53 42 19.514
53 38 58.916
53 54 23.847
53 13 92.721
53 58 45.318
53 10 24.236
53 30 67.865
53 17 57.457
53 56 62.067
53 59 70.508
53 4 95.829
9 10 92.905
9 57 73.855
9 8 33.759
9 34 84.24
9 16 71.103
9 45 57.383
9 2 40.473
9 15 37.432
9 28 14.014
9 20 74.796
9 54 13.027
9 4 90.492
9 1 64.684
9 3 18.171
9 58 60.991
9 37 29.801
9 17 82.702
9 39 88.477
9 59 2.517
9 24 52.438
9 50 29.371
9 41 47.01
9 55 36.463
9 22 96.948
9 11 41.932
9 30 79.82
9 18 46.846
9 12 11.397
9 21 72.104
9 36 15.162
9 51 28.259
9 14 49.284
9 42 51.748
9 38 50.043
9 56 34.49
10 38 11.677
10 8 19.806
10 39 25.23
10 42 9.078
10 22 58.103
10 15 25.322
10 57 16.788
10 54 94.462
10 18 33.374
10 56 9.989
10 37 77.657
10 16 76.463
10 14 88.494
10 28 4.554
10 17 45.793
10 4 42.091
10 51 69.041
10 13 62.806
10 20 75.368
10 12 87.944
10 55 0.272
10 41 53.718
10 45 27.268
10 11 39.687
10 21 96.279
10 34 7.923
10 2 21.216
10 3 74.063
10 36 91.104
10 30 29.128
10 58 0.333
10 50 70.034
10 1 99.536
10 24 89.528
10 59 52.873
38 21 66.073
38 22 74.077
38 41 3.092
38 17 15.793
38 14 4.265
38 1 75.891
38 13 0.962
38 15 27.308
38 54 83.27
38 18 73.449
38 50 95.751
38 4 65.022
38 37 18.976
38 55 88.18
38 8 92.938
38 24 46.667
38 58 95.242
38 36 68.221
38 42 75.836
38 12 86.321
38 56 78.119
38 20 30.076
38 11 94.758
38 51 89.889
38 59 67.451
38 57 71.553
38 2 45.06
38 39 35.7
38 28 88.676
38 16 77.684
38 3 93.508
38 30 91.32
38 45 41.418
21 51 9.926
21 28 61.854
21 20 0.851
21 50 13.896
21 4 14.743
21 12 89.702
21 36 57.932
21 55 93.626
21 13 65.935
21 3 10.973
21 54 81.344
21 30 82.826
21 17 60.21
21 16 28.803
21 42 57.088
21 22 72.198
21 11 16.594
21 24 1.79
21 56 74.547
21 41 6.424
21 15 42.06
21 57 72.229
21 8 0.552
21 39 74.989
21 58 0.677
21 14 90.903
21 1 47.092
21 34 13.853
21 59 95.524
21 18 68.791
21 37 2.86
21 2 62.495
51 28 16.637
51 57 9.849
51 2 37.727
51 11 92.815
51 41 44.173
51 1 99.59
51 42 45.477
51 13 93.972
51 45 39.027
51 14 88.741
51 59 66.057
51 8 49.855
51 37 26.927
51 36 81.918
51 30 79.708
51 24 82.98
51 20 95.52
51 22 18.331
51 12 75.097
51 3 47.402
51 16 39.703
51 50 55.324
51 58 31.551
51 56 96.771
51 39 31.013
51 34 51.707
51 17 71.101
51 55 16.584
51 18 10.036
51 54 66.956
28 50 66.194
28 20 74.572
28 14 68.754
28 58 7.035
28 4 22.508
28 56 12.031
28 45 77.363
28 30 75.593
28 39 36.481
28 42 32.347
28 2 90.773
28 24 7.866
28 13 61.333
28 22 62.22
28 12 7.378
28 36 30.246
28 41 42.657
28 54 1.153
28 59 16.682
28 55 58.003
28 17 33.949
28 57 44.709
28 37 13.734
28 3 47.008
28 11 44.922
28 8 35.409
28 18 85.796
28 1 56.125
28 15 93.276
28 16 20.111
50 14 21.935
50 39 70.992
50 45 0.868
50 4 42.569
50 22 3.035
50 57 13.143
50 1 57.519
50 42 26.367
50 54 8.337
50 15 25.53
50 16 98.227
50 13 28.772
50 58 67.073
50 2 66.367
50 56 57.01
50 37 96.312
50 8 56.078
50 17 78.066
50 11 67.004
50 30 85.249
50 20 7.338
50 59 91.372
50 34 70.539
50 36 71.033
50 12 13.493
50 55 94.31
50 3 82.485
50 18 69.636
50 41 10.126
50 24 79.181
14 16 7.849
14 20 14.882
14 59 90.518
14 11 86.35
14 13 40.222
14 1 77.159
14 36 4.869
14 3 6.33
14 56 69.034
14 58 0.258
14 34 31.739
14 22 58.178
14 17 77.722
14 39 3.146
14 45 12.322
14 2 5.109
14 37 33.481
14 41 1.982
14 15 62.087
14 8 94.178
14 30 78.626
14 24 78.626
14 55 75.484
14 18 33.919
14 42 64.153
14 4 97.856
14 12 12.54
14 57 57.44
16 54 23.429
16 56 30.684
16 24 13.937
16 37 12.225
16 39 58.681
16 11 64.106
16 59 16.494
16 55 63.814
16 57 12.373
16 4 95.186
16 20 67.871
16 18 39.276
16 13 18.919
16 17 52.285
16 41 11.119
16 3 97.321
16 2 39.989
16 36 70.788
16 58 21.922
16 15 61.986
16 42 83.097
16 45 33.493
16 1 83.304
16 30 65.398
16 12 28.202
16 8 38.258
16 22 4.146
16 34 44.735
54 1 56.461
54 15 40.441
54 24 77.751
54 59 73.414
54 4 92.334
54 8 81.968
54 22 54.655
54 42 83.206
54 34 58.482
54 2 63.478
54 13 62.435
54 36 88.499
54 12 82.82
54 11 13.485
54 55 79.125
54 18 80.126
54 58 46.159
54 20 63.426
54 37 57.722
54 56 41.896
54 45 30.486
54 3 30.304
54 30 89.827
54 41 53.135
54 17 68.496
54 57 57.159
54 39 31.642
1 4 67.772
1 41 67.729
1 39 99.226
1 36 29.281
1 13 38.933
1 18 67.221
1 8 83.579
1 59 97.22
1 30 53.028
1 3 95.638
1 22 51.185
1 45 82.376
1 15 94.37
1 20 23.837
1 57 96.014
1 42 82.259
1 37 12.992
1 34 68.358
1 17 75.905
1 11 90.645
1 2 25.824
1 58 51.261
1 55 86.529
1 56 73.672
1 24 44.034
4 15 27.27
4 8 59.131
4 20 86.01
4 13 81.461
4 42 63.499
4 57 19.959
4 12 85.478
4 41 15.783
4 2 69.373
4 56 38.389
4 17 58.974
4 39 35.755
4 3 25.199
4 22 71.153
4 24 6.388
4 34 20.246
4 30 54.521
4 58 52.141
4 18 74.453
4 55 29.116
4 36 2.711
4 45 74.22
4 59 5.221
4 37 32.313
15 8 9.354
15 11 34.488
15 59 57.669
15 13 75.33
15 36 41.403
15 42 22.016
15 18 93.957
15 41 79.344
15 37 72.063
15 39 3.421
15 30 11.812
15 56 44.082
15 55 26.854
15 20 30.636
15 24 61.94
15 3 64.112
15 57 76.811
15 45 8.664
15 22 30.192
15 2 72.89
15 58 69.007
15 34 17.713
8 42 58.313
8 55 7.554
8 20 39.796
8 30 1.899
8 37 38.674
8 13 27.985
8 3 30.414
8 11 36.547
8 56 73.442
8 39 75.65
8 41 0.221
8 34 26.253
8 59 6.511
8 36 3.893
8 18 4.341
8 24 62.651
8 2 39.127
8 58 13.599
8 12 83.618
8 22 74.937
8 17 90.755
8 45 34.192
42 45 28.511
42 58 62.92
42 24 49.978
42 59 45.158
42 30 10.129
42 55 80.431
42 57 72.724
42 11 74.385
42 12 78.399
42 17 60.081
42 34 23.373
42 13 17.526
42 41 25.073
42 56 72.15
42 22 75.316
42 37 13.708
42 20 87.597
42 3 81.401
42 18 56.349
42 36 62.736
45 3 53.28
45 39 60.034
45 24 94.641
45 20 52.078
45 22 46.15
45 30 6.459
45 34 35.77
45 56 64.789
45 13 68.479
45 37 67.253
45 11 32.544
45 59 37.707
45 12 23.312
45 18 96.067
45 2 38.556
45 55 66.44
45 57 61.923
45 58 83.411
45 41 1.692
45 17 11.238
45 36 53.101
3 36 29.626
3 18 85.162
3 58 1.451
3 57 18.983
3 11 70.432
3 2 1.49
3 37 79.66
3 55 16.83
3 22 82.985
3 20 62.239
3 30 1.277
3 12 72.964
3 59 95.14
3 24 58.389
3 13 84.058
3 39 48.494
3 56 9.153
3 41 43.977
3 34 3.882
36 55 20.369
36 17 94.852
36 18 19.952
36 11 0.151
36 57 87.053
36 24 31.115
36 13 84.596
36 30 7.68
36 58 99.695
36 34 90.713
36 2 75.157
36 12 97.33
36 20 80.07
36 37 6.333
36 39 92.593
36 59 59.16
36 56 49.023
36 22 75.78
55 59 34.827
55 34 0.519
55 24 47.76
55 58 53.981
55 2 8.542
55 39 71.488
55 13 45.765
55 18 73.963
55 56 79.143
55 22 26.416
55 30 55.711
55 20 50.237
55 37 44.143
55 17 73.34
55 11 73.91
55 41 70.059
55 12 91.106
55 57 43.416
59 30 41.742
59 12 85.312
59 37 18.157
59 39 55.093
59 41 15.989
59 24 98.38
59 18 87.671
59 22 71.02
59 2 47.594
59 57 17.537
59 11 56.75
59 13 38.578
59 56 3.956
59 34 53.681
59 17 65.13
12 17 2.494
12 58 15.873
12 56 1.824
12 39 72.396
12 41 79.668
12 11 81.521
12 37 38.821
12 18 4.125
12 30 4.994
12 2 97.653
12 24 77.739
12 20 6.321
12 57 99.169
12 22 79.139
12 13 17.838
12 34 68.27
24 41 27.785
24 13 49.202
24 58 87.476
24 11 88.788
24 34 53.914
24 37 70.166
24 2 59.283
24 17 34.547
24 22 27.547
24 57 30.519
24 39 83.619
24 18 42.377
24 20 86.829
20 17 57.371
20 34 13.847
20 39 30.683
20 41 75.93
20 13 59.748
20 2 56.792
20 18 84.831
20 56 7.141
20 30 25.442
20 37 22.838
20 22 50.725
20 58 44.943
20 57 61.354
20 11 85.209
17 11 29.737
17 56 26.524
17 39 4.869
17 57 96.023
17 41 35.078
17 18 56.775
17 13 6.707
17 34 63.488
17 37 9.959
17 30 28.132
17 2 72.574
57 30 64.445
57 13 73.024
57 22 35.661
57 37 80.342
57 34 43.969
57 41 94.217
57 56 26.133
57 2 93.16
57 11 4.212
57 39 30.853
57 58 71.954
57 18 44.319
13 56 16.519
13 30 12.852
13 41 46.205
13 34 67.743
13 18 47.52
13 58 65.92
13 39 23.748
13 22 30.553
13 2 43.965
13 11 95.329
30 2 78.788
30 22 8.242
30 18 64.52
30 56 4.594
30 41 44.724
30 37 41.057
30 34 96.684
30 58 81.968
30 39 79.49
30 11 7.297
2 22 74.447
2 56 35.922
2 41 9.408
2 39 84.035
2 18 21.769
2 37 87.803
2 58 5.258
2 34 27.042
2 11 34.213
22 58 24.59
22 11 88.668
22 34 24.448
22 18 70.917
22 56 94.914
22 37 85.09
22 41 56.599
37 56 36.699
37 34 51.757
37 39 13.663
37 58 92.311
37 18 74.144
37 41 77.259
37 11 69.747
41 11 14.34
41 39 4.118
41 18 23.873
41 58 14.427
41 34 13.122
39 56 44.578
39 58 61.294
39 11 98.162
39 34 23.25
39 18 22.529
18 11 0.279
18 56 76.289
18 34 85.73
18 58 57.752
56 11 41.215
56 58 67.843
56 34 89.512
11 34 39.369
11 58 8.231
34 58 87.765