100
0 1 51.246
0 2 31.394
0 3 69.624
0 4 55.532
0 5 56.301
0 6 26.803
0 7 39.869
0 8 10.712
0 9 70.675
0 10 74.94
0 11 1.642
0 12 82.658
0 13 29.15
0 14 26.999
0 15 70.968
0 16 89.006
0 17 71.798
0 18 57.995
0 19 65.988
0 20 64.994
0 21 72.917
0 22 28.864
0 23 57.768
0 24 79.117
0 25 84.693
0 26 46.604
0 27 6.227
0 28 82.132
0 29 85.076
0 30 52.206
0 31 38.926
0 32 5.199
0 33 13.925
0 34 49.299
0 35 53.445
0 36 75.073
0 37 13.835
0 38 51.113
0 39 47.228
0 40 10.846
0 41 66.303
0 42 92.192
0 43 9.221
0 44 7.607
0 45 87.709
0 46 23.908
0 47 90.955
0 48 79.175
0 49 57.763
0 50 78.464
0 51 73.428
0 52 54.746
0 53 69.798
0 54 98.969
0 55 81.382
0 56 67.881
0 57 91.759
0 58 3.032
0 59 24.303
0 60 55.984
0 61 64.103
0 62 86.228
0 63 63.44
0 64 97.164
0 65 61.397
0 66 74.613
0 67 84.247
0 68 42.223
0 69 48.108
0 70 10.851
0 71 86.606
0 72 31.225
0 73 87.251
0 74 71.75
0 75 43.403
0 76 66.335
0 77 33.598
0 78 78.76
0 79 23.641
0 80 37.575
0 81 55.848
0 82 39.965
0 83 64.99
0 84 94.435
0 85 25.393
0 86 53.654
0 87 22.259
0 88 73.438
0 89 87.438
0 90 90.834
0 91 55.78
0 92 24.888
0 93 79.92
0 94 21.51
0 95 1.867
0 96 45.038
0 97 62.59
0 98 38.574
0 99 16.531
1 2 37.794
1 3 73.513
1 4 25.697
1 5 86.108
1 6 55.17
1 7 57.118
1 8 4.572
1 9 80.845
1 10 13.511
1 11 36.759
1 12 65.586
1 13 61.987
1 14 89.575
1 15 12.11
1 16 71.723
1 17 57.544
1 18 32.402
1 19 73.597
1 20 22.526
1 21 80.613
1 22 16.116
1 23 79.162
1 24 48.114
1 25 16.195
1 26 40.674
1 27 59.39
1 28 37.463
1 29 18.316
1 30 40.87
1 31 31.605
1 32 32.22
1 33 65.197
1 34 6.537
1 35 39.082
1 36 51.24
1 37 86.243
1 38 60.816
1 39 27.617
1 40 85.932
1 41 16.735
1 42 40.145
1 43 62.895
1 44 5.292
1 45 0.296
1 46 47.577
1 47 55.783
1 48 34.433
1 49 59.232
1 50 48.3
1 51 81.45
1 52 45.2
1 53 54.948
1 54 48.027
1 55 22.6
1 56 52.135
1 57 4.536
1 58 38.399
1 59 36.597
1 60 15.626
1 61 52.542
1 62 34.257
1 63 67.348
1 64 66.515
1 65 16.734
1 66 67.068
1 67 21.838
1 68 18.162
1 69 40.801
1 70 90.833
1 71 49.86
1 72 81.389
1 73 82.608
1 74 81.528
1 75 80.218
1 76 90.177
1 77 11.388
1 78 78.861
1 79 30.386
1 80 73.058
1 81 89.125
1 82 58.612
1 83 16.013
1 84 97.375
1 85 10.025
1 86 30.485
1 87 95.365
1 88 23.539
1 89 16.033
1 90 46.147
1 91 50.923
1 92 41.586
1 93 84.167
1 94 74.952
1 95 97.246
1 96 20.523
1 97 92.122
1 98 45.032
1 99 59.75
2 3 65.314
2 4 33.557
2 5 32.344
2 6 83.95
2 7 94.161
2 8 36.713
2 9 15.992
2 10 91.675
2 11 24.675
2 12 8.506
2 13 61.703
2 14 98.407
2 15 26.206
2 16 99.636
2 17 64.149
2 18 78.544
2 19 97.64
2 20 24.14
2 21 87.759
2 22 61.396
2 23 91.324
2 24 70.085
2 25 11.747
2 26 27.755
2 27 23.942
2 28 27.23
2 29 25.575
2 30 9.733
2 31 52.593
2 32 53.263
2 33 54.37
2 34 65.411
2 35 57.98
2 36 48.701
2 37 74.211
2 38 74.412
2 39 37.165
2 40 85.288
2 41 37.983
2 42 43.678
2 43 59.451
2 44 47.766
2 45 12.587
2 46 3.795
2 47 78.93
2 48 6.412
2 49 82.376
2 50 91.42
2 51 38.803
2 52 31.152
2 53 81.353
2 54 84.487
2 55 51.684
2 56 52.959
2 57 93.348
2 58 65.892
2 59 78.5
2 60 37.371
2 61 35.664
2 62 8.879
2 63 44.659
2 64 64.293
2 65 80.199
2 66 86.722
2 67 36.74
2 68 35.273
2 69 1.934
2 70 91.406
2 71 43.918
2 72 40.77
2 73 49.956
2 74 86.0
2 75 27.816
2 76 15.122
2 77 5.233
2 78 91.866
2 79 44.686
2 80 26.086
2 81 47.359
2 82 29.351
2 83 4.544
2 84 69.212
2 85 90.965
2 86 67.876
2 87 62.247
2 88 32.553
2 89 15.169
2 90 76.342
2 91 86.624
2 92 85.258
2 93 8.818
2 94 43.805
2 95 59.33
2 96 54.185
2 97 82.732
2 98 94.156
2 99 11.79
3 4 90.03
3 5 5.128
3 6 58.076
3 7 79.781
3 8 53.626
3 9 75.309
3 10 78.773
3 11 39.02
3 12 31.01
3 13 36.637
3 14 41.681
3 15 14.739
3 16 1.432
3 17 10.602
3 18 6.867
3 19 48.826
3 20 27.915
3 21 70.548
3 22 63.794
3 23 40.115
3 24 81.497
3 25 16.243
3 26 98.703
3 27 44.401
3 28 42.577
3 29 91.749
3 30 55.906
3 31 86.168
3 32 71.449
3 33 40.573
3 34 10.325
3 35 23.632
3 36 38.111
3 37 24.421
3 38 62.981
3 39 93.666
3 40 35.961
3 41 54.317
3 42 49.278
3 43 50.517
3 44 88.595
3 45 83.482
3 46 31.15
3 47 55.263
3 48 97.624
3 49 51.013
3 50 57.092
3 51 59.051
3 52 86.111
3 53 27.135
3 54 97.246
3 55 46.414
3 56 86.587
3 57 27.933
3 58 33.147
3 59 18.954
3 60 51.424
3 61 9.477
3 62 78.368
3 63 59.909
3 64 58.42
3 65 80.271
3 66 17.921
3 67 12.981
3 68 87.284
3 69 59.653
3 70 48.264
3 71 30.188
3 72 75.498
3 73 85.657
3 74 69.511
3 75 68.976
3 76 31.238
3 77 80.859
3 78 67.697
3 79 61.855
3 80 90.541
3 81 2.782
3 82 94.722
3 83 68.923
3 84 83.18
3 85 8.651
3 86 49.715
3 87 41.5
3 88 69.622
3 89 97.007
3 90 82.404
3 91 3.104
3 92 94.068
3 93 80.39
3 94 53.052
3 95 81.318
3 96 35.107
3 97 40.194
3 98 26.836
3 99 24.93
4 5 89.859
4 6 51.608
4 7 52.967
4 8 96.346
4 9 80.334
4 10 42.316
4 11 97.2
4 12 37.277
4 13 57.719
4 14 84.819
4 15 54.802
4 16 4.11
4 17 84.057
4 18 9.005
4 19 34.22
4 20 54.883
4 21 1.214
4 22 22.266
4 23 52.435
4 24 23.6
4 25 69.738
4 26 76.315
4 27 63.656
4 28 86.821
4 29 95.326
4 30 19.355
4 31 60.665
4 32 49.117
4 33 29.89
4 34 28.506
4 35 9.373
4 36 36.337
4 37 87.633
4 38 69.202
4 39 10.818
4 40 88.387
4 41 25.028
4 42 50.68
4 43 70.541
4 44 0.049
4 45 76.105
4 46 69.625
4 47 80.565
4 48 62.019
4 49 78.133
4 50 9.458
4 51 24.425
4 52 93.07
4 53 17.499
4 54 58.039
4 55 76.156
4 56 40.089
4 57 14.993
4 58 42.271
4 59 13.506
4 60 76.026
4 61 13.247
4 62 38.14
4 63 86.402
4 64 30.067
4 65 52.797
4 66 24.846
4 67 4.663
4 68 62.382
4 69 53.142
4 70 70.62
4 71 38.076
4 72 72.068
4 73 48.006
4 74 1.883
4 75 70.624
4 76 0.692
4 77 1.731
4 78 62.409
4 79 97.507
4 80 46.78
4 81 95.151
4 82 34.851
4 83 61.981
4 84 74.789
4 85 97.177
4 86 77.244
4 87 13.207
4 88 76.085
4 89 67.643
4 90 48.48
4 91 26.519
4 92 25.104
4 93 21.234
4 94 9.079
4 95 16.264
4 96 68.278
4 97 4.626
4 98 61.388
4 99 72.184
5 6 66.799
5 7 35.696
5 8 62.172
5 9 34.943
5 10 71.469
5 11 0.659
5 12 54.119
5 13 3.094
5 14 2.111
5 15 10.868
5 16 67.797
5 17 71.602
5 18 3.418
5 19 10.549
5 20 78.851
5 21 99.291
5 22 48.527
5 23 62.971
5 24 86.886
5 25 67.972
5 26 18.526
5 27 98.377
5 28 36.154
5 29 93.465
5 30 47.575
5 31 30.857
5 32 24.86
5 33 55.102
5 34 82.057
5 35 24.587
5 36 23.571
5 37 9.373
5 38 97.142
5 39 25.177
5 40 67.034
5 41 51.986
5 42 20.666
5 43 11.829
5 44 21.003
5 45 91.594
5 46 45.217
5 47 5.141
5 48 92.451
5 49 46.159
5 50 30.496
5 51 58.928
5 52 93.459
5 53 41.687
5 54 25.64
5 55 89.579
5 56 52.89
5 57 66.13
5 58 64.405
5 59 44.484
5 60 74.06
5 61 22.586
5 62 58.946
5 63 15.844
5 64 36.928
5 65 85.47
5 66 47.215
5 67 9.865
5 68 32.411
5 69 35.157
5 70 6.482
5 71 48.043
5 72 36.29
5 73 48.772
5 74 46.506
5 75 60.279
5 76 97.522
5 77 3.136
5 78 58.639
5 79 4.318
5 80 54.309
5 81 46.634
5 82 94.608
5 83 18.604
5 84 10.059
5 85 2.176
5 86 68.381
5 87 22.262
5 88 54.549
5 89 30.11
5 90 9.702
5 91 70.453
5 92 97.662
5 93 72.492
5 94 72.65
5 95 71.444
5 96 44.105
5 97 64.987
5 98 37.824
5 99 87.831
6 7 35.402
6 8 4.667
6 9 15.154
6 10 92.565
6 11 64.111
6 12 68.947
6 13 64.017
6 14 20.326
6 15 16.934
6 16 87.454
6 17 38.534
6 18 60.608
6 19 46.438
6 20 90.857
6 21 72.638
6 22 73.541
6 23 87.478
6 24 63.997
6 25 80.156
6 26 63.993
6 27 29.272
6 28 31.48
6 29 80.688
6 30 25.86
6 31 69.016
6 32 4.359
6 33 45.427
6 34 3.876
6 35 97.926
6 36 34.433
6 37 23.928
6 38 93.204
6 39 20.396
6 40 85.085
6 41 77.063
6 42 11.861
6 43 29.648
6 44 9.512
6 45 74.924
6 46 96.227
6 47 61.916
6 48 95.359
6 49 38.284
6 50 60.178
6 51 85.441
6 52 45.349
6 53 52.521
6 54 78.872
6 55 83.034
6 56 66.813
6 57 13.708
6 58 5.851
6 59 62.241
6 60 84.427
6 61 59.927
6 62 80.781
6 63 9.536
6 64 91.526
6 65 1.449
6 66 94.977
6 67 65.867
6 68 39.4
6 69 30.183
6 70 99.527
6 71 34.568
6 72 82.723
6 73 49.189
6 74 88.336
6 75 96.387
6 76 81.249
6 77 23.743
6 78 95.086
6 79 0.657
6 80 83.317
6 81 34.951
6 82 77.284
6 83 87.651
6 84 58.179
6 85 21.973
6 86 16.362
6 87 50.568
6 88 24.418
6 89 11.612
6 90 8.016
6 91 97.646
6 92 65.248
6 93 56.835
6 94 50.483
6 95 6.406
6 96 54.889
6 97 52.099
6 98 69.534
6 99 28.924
7 8 61.274
7 9 57.126
7 10 84.906
7 11 82.501
7 12 74.818
7 13 99.207
7 14 47.367
7 15 40.231
7 16 87.055
7 17 34.861
7 18 68.857
7 19 83.027
7 20 89.623
7 21 39.524
7 22 34.699
7 23 44.392
7 24 37.526
7 25 73.468
7 26 17.715
7 27 16.318
7 28 47.216
7 29 23.313
7 30 89.272
7 31 89.726
7 32 31.963
7 33 34.655
7 34 64.893
7 35 25.351
7 36 21.193
7 37 14.066
7 38 31.621
7 39 76.426
7 40 94.47
7 41 95.916
7 42 92.848
7 43 92.59
7 44 97.479
7 45 16.553
7 46 32.869
7 47 66.223
7 48 36.221
7 49 73.685
7 50 19.68
7 51 75.648
7 52 75.493
7 53 28.119
7 54 33.998
7 55 10.025
7 56 93.887
7 57 84.673
7 58 28.955
7 59 33.625
7 60 65.272
7 61 99.518
7 62 54.434
7 63 84.685
7 64 82.202
7 65 15.174
7 66 55.94
7 67 51.507
7 68 20.726
7 69 98.19
7 70 69.208
7 71 74.277
7 72 39.651
7 73 85.191
7 74 3.01
7 75 1.092
7 76 87.894
7 77 13.777
7 78 16.467
7 79 79.166
7 80 33.126
7 81 57.295
7 82 5.386
7 83 68.566
7 84 32.038
7 85 16.488
7 86 1.653
7 87 73.962
7 88 47.979
7 89 43.816
7 90 72.128
7 91 36.385
7 92 67.03
7 93 76.853
7 94 71.483
7 95 73.67
7 96 42.463
7 97 92.951
7 98 24.232
7 99 50.952
8 9 16.491
8 10 43.196
8 11 29.102
8 12 41.552
8 13 50.796
8 14 56.175
8 15 9.142
8 16 42.538
8 17 19.854
8 18 42.299
8 19 95.714
8 20 82.972
8 21 3.328
8 22 76.282
8 23 64.316
8 24 63.284
8 25 53.29
8 26 61.123
8 27 68.186
8 28 56.607
8 29 83.062
8 30 1.869
8 31 41.938
8 32 4.79
8 33 68.821
8 34 70.275
8 35 50.253
8 36 32.332
8 37 64.386
8 38 7.618
8 39 24.81
8 40 61.412
8 41 53.293
8 42 56.882
8 43 90.988
8 44 25.734
8 45 60.373
8 46 52.193
8 47 25.051
8 48 61.715
8 49 5.461
8 50 48.896
8 51 31.007
8 52 86.788
8 53 37.026
8 54 90.265
8 55 66.695
8 56 78.653
8 57 12.82
8 58 21.694
8 59 36.475
8 60 30.312
8 61 84.179
8 62 87.354
8 63 66.665
8 64 69.544
8 65 70.5
8 66 71.24
8 67 97.207
8 68 75.584
8 69 45.555
8 70 74.232
8 71 1.373
8 72 97.852
8 73 55.018
8 74 45.535
8 75 3.748
8 76 88.009
8 77 37.233
8 78 66.248
8 79 39.149
8 80 58.424
8 81 35.97
8 82 14.627
8 83 33.615
8 84 54.328
8 85 13.414
8 86 92.241
8 87 78.106
8 88 87.205
8 89 16.99
8 90 2.341
8 91 15.632
8 92 75.171
8 93 81.261
8 94 55.248
8 95 96.839
8 96 24.455
8 97 21.366
8 98 6.046
8 99 95.754
9 10 10.626
9 11 8.818
9 12 1.037
9 13 64.922
9 14 91.139
9 15 94.132
9 16 52.1
9 17 2.558
9 18 87.354
9 19 95.741
9 20 31.801
9 21 48.042
9 22 25.54
9 23 80.893
9 24 36.631
9 25 25.799
9 26 54.002
9 27 9.828
9 28 9.333
9 29 34.039
9 30 95.358
9 31 23.294
9 32 42.655
9 33 24.887
9 34 25.501
9 35 97.614
9 36 0.197
9 37 18.805
9 38 28.116
9 39 98.164
9 40 34.256
9 41 9.728
9 42 1.284
9 43 5.577
9 44 66.954
9 45 25.861
9 46 67.857
9 47 5.292
9 48 9.472
9 49 56.45
9 50 72.304
9 51 78.087
9 52 65.2
9 53 97.454
9 54 64.8
9 55 9.827
9 56 91.223
9 57 9.713
9 58 68.454
9 59 99.941
9 60 40.565
9 61 72.204
9 62 9.252
9 63 37.759
9 64 80.174
9 65 13.586
9 66 73.645
9 67 4.284
9 68 9.298
9 69 6.26
9 70 95.572
9 71 34.612
9 72 97.284
9 73 82.261
9 74 54.04
9 75 9.87
9 76 55.408
9 77 82.789
9 78 50.239
9 79 86.781
9 80 94.245
9 81 70.763
9 82 29.933
9 83 38.57
9 84 80.632
9 85 55.545
9 86 48.648
9 87 70.352
9 88 76.139
9 89 4.086
9 90 66.943
9 91 81.044
9 92 31.091
9 93 85.583
9 94 46.826
9 95 56.649
9 96 75.144
9 97 96.369
9 98 63.532
9 99 73.794
10 11 11.189
10 12 40.503
10 13 92.357
10 14 37.557
10 15 71.944
10 16 11.907
10 17 40.453
10 18 53.61
10 19 66.348
10 20 58.291
10 21 2.475
10 22 95.395
10 23 12.027
10 24 96.131
10 25 16.787
10 26 38.244
10 27 10.254
10 28 73.391
10 29 5.595
10 30 2.444
10 31 60.892
10 32 87.14
10 33 68.263
10 34 4.305
10 35 0.276
10 36 51.073
10 37 98.185
10 38 27.24
10 39 67.743
10 40 87.589
10 41 37.301
10 42 30.01
10 43 80.634
10 44 99.85
10 45 66.381
10 46 20.555
10 47 19.71
10 48 26.692
10 49 98.932
10 50 25.969
10 51 24.432
10 52 99.984
10 53 49.777
10 54 26.79
10 55 60.077
10 56 85.433
10 57 30.089
10 58 74.851
10 59 90.447
10 60 26.477
10 61 76.362
10 62 62.989
10 63 51.809
10 64 85.313
10 65 60.836
10 66 19.501
10 67 46.717
10 68 69.605
10 69 77.729
10 70 66.778
10 71 60.024
10 72 41.588
10 73 73.746
10 74 70.229
10 75 21.761
10 76 11.203
10 77 50.538
10 78 8.815
10 79 36.835
10 80 40.178
10 81 92.808
10 82 8.524
10 83 84.56
10 84 65.223
10 85 94.884
10 86 33.224
10 87 44.468
10 88 92.079
10 89 63.072
10 90 31.684
10 91 53.067
10 92 36.018
10 93 63.454
10 94 83.736
10 95 87.487
10 96 62.373
10 97 45.717
10 98 1.928
10 99 46.698
11 12 79.063
11 13 87.251
11 14 69.556
11 15 37.74
11 16 16.749
11 17 55.52
11 18 70.398
11 19 30.924
11 20 2.899
11 21 45.889
11 22 20.963
11 23 23.322
11 24 55.003
11 25 59.107
11 26 11.035
11 27 32.625
11 28 32.616
11 29 8.907
11 30 80.729
11 31 55.027
11 32 17.884
11 33 92.661
11 34 81.819
11 35 58.741
11 36 58.012
11 37 59.275
11 38 4.123
11 39 70.857
11 40 68.675
11 41 93.446
11 42 64.613
11 43 49.273
11 44 92.53
11 45 40.388
11 46 50.476
11 47 61.06
11 48 25.579
11 49 2.299
11 50 2.324
11 51 93.083
11 52 62.187
11 53 57.392
11 54 97.966
11 55 8.936
11 56 43.84
11 57 43.161
11 58 58.923
11 59 63.47
11 60 9.956
11 61 94.552
11 62 82.585
11 63 62.268
11 64 38.84
11 65 74.104
11 66 98.362
11 67 56.917
11 68 0.39
11 69 66.898
11 70 49.076
11 71 89.89
11 72 10.818
11 73 90.162
11 74 71.613
11 75 48.407
11 76 15.361
11 77 59.446
11 78 79.05
11 79 73.022
11 80 56.297
11 81 97.118
11 82 88.177
11 83 91.113
11 84 7.094
11 85 0.894
11 86 41.32
11 87 73.621
11 88 75.576
11 89 32.559
11 90 77.7
11 91 40.318
11 92 17.263
11 93 45.946
11 94 50.907
11 95 40.328
11 96 38.552
11 97 5.305
11 98 8.665
11 99 67.04
12 13 31.241
12 14 76.986
12 15 51.499
12 16 38.894
12 17 97.453
12 18 2.646
12 19 93.497
12 20 29.317
12 21 67.625
12 22 43.219
12 23 13.884
12 24 40.589
12 25 64.826
12 26 79.522
12 27 24.0
12 28 15.877
12 29 97.305
12 30 53.358
12 31 95.702
12 32 51.272
12 33 87.692
12 34 6.229
12 35 54.568
12 36 82.269
12 37 54.411
12 38 18.956
12 39 13.748
12 40 94.189
12 41 51.138
12 42 6.148
12 43 33.028
12 44 70.232
12 45 80.078
12 46 91.143
12 47 20.053
12 48 6.221
12 49 13.605
12 50 66.337
12 51 25.53
12 52 67.828
12 53 57.466
12 54 81.434
12 55 19.397
12 56 80.573
12 57 53.663
12 58 54.489
12 59 34.086
12 60 61.645
12 61 72.111
12 62 98.939
12 63 11.627
12 64 69.618
12 65 62.591
12 66 95.246
12 67 29.516
12 68 19.89
12 69 98.353
12 70 14.179
12 71 16.737
12 72 94.368
12 73 82.057
12 74 21.645
12 75 53.1
12 76 88.575
12 77 34.762
12 78 48.81
12 79 58.016
12 80 4.434
12 81 26.388
12 82 15.722
12 83 83.333
12 84 98.447
12 85 79.534
12 86 56.367
12 87 90.16
12 88 6.595
12 89 95.241
12 90 29.908
12 91 4.78
12 92 17.134
12 93 7.181
12 94 54.624
12 95 40.349
12 96 87.672
12 97 59.465
12 98 78.086
12 99 95.167
13 14 62.005
13 15 4.181
13 16 33.397
13 17 49.057
13 18 55.557
13 19 70.77
13 20 51.036
13 21 85.684
13 22 24.809
13 23 70.4
13 24 42.201
13 25 11.5
13 26 81.115
13 27 55.084
13 28 52.837
13 29 72.934
13 30 24.474
13 31 66.119
13 32 39.866
13 33 3.307
13 34 50.616
13 35 43.451
13 36 85.143
13 37 55.809
13 38 51.74
13 39 75.065
13 40 65.955
13 41 38.813
13 42 53.868
13 43 77.354
13 44 9.479
13 45 64.504
13 46 51.418
13 47 55.948
13 48 11.158
13 49 26.02
13 50 36.678
13 51 37.652
13 52 52.481
13 53 21.771
13 54 37.192
13 55 97.818
13 56 76.378
13 57 75.162
13 58 69.388
13 59 12.876
13 60 72.385
13 61 96.101
13 62 45.162
13 63 59.001
13 64 6.424
13 65 10.828
13 66 70.376
13 67 2.18
13 68 21.59
13 69 58.828
13 70 85.249
13 71 4.807
13 72 33.584
13 73 34.422
13 74 16.469
13 75 12.295
13 76 51.575
13 77 74.819
13 78 12.0
13 79 2.333
13 80 65.495
13 81 16.578
13 82 95.116
13 83 12.838
13 84 49.683
13 85 63.313
13 86 27.159
13 87 40.4
13 88 89.423
13 89 86.75
13 90 7.819
13 91 89.216
13 92 76.566
13 93 79.437
13 94 95.003
13 95 52.317
13 96 80.707
13 97 37.629
13 98 67.088
13 99 77.74
14 15 61.183
14 16 96.158
14 17 26.506
14 18 41.107
14 19 6.052
14 20 88.927
14 21 30.538
14 22 61.674
14 23 2.781
14 24 91.989
14 25 27.168
14 26 36.42
14 27 50.587
14 28 87.241
14 29 69.552
14 30 91.429
14 31 15.841
14 32 64.229
14 33 83.69
14 34 87.939
14 35 63.345
14 36 67.234
14 37 27.935
14 38 39.425
14 39 99.719
14 40 8.007
14 41 29.991
14 42 47.82
14 43 19.059
14 44 42.819
14 45 0.618
14 46 61.775
14 47 94.755
14 48 39.716
14 49 17.359
14 50 70.543
14 51 95.612
14 52 3.682
14 53 4.481
14 54 43.976
14 55 30.079
14 56 87.209
14 57 54.389
14 58 9.934
14 59 25.391
14 60 31.634
14 61 88.305
14 62 92.695
14 63 30.516
14 64 1.647
14 65 1.786
14 66 48.087
14 67 1.149
14 68 75.225
14 69 30.304
14 70 54.642
14 71 25.332
14 72 6.316
14 73 54.102
14 74 19.106
14 75 56.533
14 76 88.449
14 77 86.301
14 78 30.89
14 79 2.537
14 80 44.492
14 81 86.195
14 82 50.554
14 83 45.117
14 84 4.684
14 85 93.276
14 86 28.996
14 87 49.518
14 88 75.364
14 89 76.834
14 90 86.916
14 91 10.234
14 92 73.861
14 93 99.329
14 94 67.286
14 95 97.459
14 96 33.614
14 97 85.812
14 98 98.907
14 99 40.472
15 16 75.117
15 17 86.495
15 18 14.841
15 19 85.533
15 20 68.506
15 21 14.964
15 22 47.442
15 23 35.537
15 24 68.598
15 25 96.083
15 26 75.166
15 27 26.682
15 28 23.78
15 29 76.461
15 30 85.898
15 31 51.101
15 32 72.159
15 33 99.62
15 34 6.632
15 35 80.526
15 36 64.923
15 37 47.586
15 38 67.317
15 39 60.526
15 40 48.485
15 41 8.02
15 42 35.917
15 43 88.102
15 44 65.267
15 45 87.097
15 46 23.228
15 47 96.892
15 48 33.836
15 49 86.5
15 50 42.866
15 51 23.361
15 52 81.055
15 53 91.213
15 54 0.943
15 55 70.013
15 56 36.099
15 57 10.466
15 58 91.064
15 59 41.777
15 60 37.48
15 61 13.562
15 62 30.517
15 63 18.434
15 64 22.575
15 65 61.564
15 66 56.998
15 67 73.925
15 68 74.647
15 69 51.942
15 70 9.71
15 71 40.986
15 72 81.869
15 73 85.688
15 74 45.801
15 75 87.297
15 76 69.486
15 77 51.741
15 78 56.923
15 79 97.822
15 80 17.962
15 81 67.862
15 82 35.76
15 83 96.474
15 84 40.142
15 85 48.693
15 86 37.969
15 87 7.878
15 88 72.901
15 89 42.733
15 90 73.999
15 91 41.149
15 92 9.61
15 93 2.082
15 94 66.05
15 95 79.624
15 96 81.94
15 97 54.616
15 98 63.536
15 99 60.739
16 17 33.694
16 18 54.631
16 19 14.544
16 20 77.727
16 21 84.23
16 22 56.57
16 23 94.093
16 24 37.458
16 25 92.587
16 26 31.484
16 27 54.126
16 28 59.99
16 29 79.332
16 30 31.705
16 31 77.169
16 32 97.057
16 33 4.82
16 34 32.776
16 35 91.724
16 36 25.096
16 37 13.861
16 38 33.31
16 39 8.006
16 40 65.821
16 41 77.41
16 42 83.211
16 43 5.306
16 44 52.378
16 45 25.587
16 46 16.617
16 47 56.123
16 48 14.895
16 49 12.072
16 50 26.132
16 51 82.17
16 52 39.621
16 53 29.502
16 54 80.123
16 55 1.175
16 56 16.806
16 57 46.874
16 58 28.795
16 59 59.741
16 60 22.115
16 61 96.595
16 62 74.217
16 63 16.207
16 64 26.467
16 65 96.658
16 66 42.515
16 67 84.384
16 68 53.787
16 69 91.42
16 70 84.339
16 71 20.533
16 72 97.177
16 73 84.267
16 74 2.222
16 75 95.922
16 76 37.849
16 77 77.258
16 78 25.455
16 79 59.394
16 80 23.703
16 81 41.157
16 82 94.066
16 83 9.429
16 84 19.116
16 85 36.564
16 86 7.265
16 87 53.471
16 88 67.659
16 89 22.884
16 90 76.783
16 91 16.046
16 92 88.68
16 93 89.316
16 94 0.038
16 95 85.388
16 96 27.15
16 97 67.756
16 98 72.94
16 99 0.231
17 18 1.75
17 19 96.396
17 20 47.501
17 21 70.219
17 22 77.62
17 23 35.32
17 24 72.629
17 25 6.32
17 26 62.271
17 27 89.747
17 28 82.208
17 29 70.597
17 30 2.392
17 31 90.006
17 32 79.709
17 33 9.75
17 34 27.378
17 35 55.547
17 36 8.811
17 37 44.723
17 38 14.899
17 39 37.503
17 40 42.799
17 41 60.961
17 42 44.498
17 43 90.487
17 44 77.346
17 45 74.694
17 46 29.515
17 47 34.213
17 48 22.223
17 49 33.576
17 50 59.595
17 51 62.5
17 52 76.41
17 53 79.329
17 54 8.388
17 55 90.697
17 56 5.034
17 57 97.956
17 58 89.853
17 59 25.727
17 60 54.868
17 61 65.669
17 62 53.803
17 63 62.889
17 64 41.531
17 65 27.794
17 66 46.409
17 67 39.077
17 68 94.975
17 69 28.03
17 70 63.296
17 71 76.411
17 72 35.685
17 73 16.668
17 74 60.506
17 75 59.294
17 76 5.954
17 77 97.789
17 78 24.492
17 79 88.487
17 80 2.208
17 81 82.504
17 82 50.314
17 83 40.258
17 84 17.31
17 85 89.516
17 86 2.134
17 87 14.655
17 88 12.902
17 89 39.035
17 90 91.491
17 91 19.327
17 92 63.019
17 93 26.359
17 94 17.156
17 95 64.572
17 96 16.885
17 97 7.846
17 98 55.416
17 99 21.045
18 19 62.968
18 20 36.529
18 21 53.912
18 22 90.919
18 23 55.322
18 24 4.625
18 25 70.843
18 26 21.019
18 27 50.376
18 28 80.219
18 29 10.352
18 30 60.691
18 31 25.516
18 32 45.119
18 33 39.417
18 34 60.574
18 35 12.085
18 36 9.461
18 37 7.414
18 38 66.57
18 39 94.63
18 40 32.842
18 41 2.27
18 42 23.11
18 43 53.348
18 44 13.084
18 45 3.582
18 46 80.335
18 47 40.589
18 48 39.028
18 49 56.874
18 50 6.516
18 51 16.321
18 52 85.421
18 53 60.351
18 54 4.131
18 55 64.209
18 56 53.965
18 57 90.789
18 58 11.853
18 59 84.53
18 60 87.789
18 61 19.095
18 62 46.205
18 63 19.284
18 64 25.232
18 65 66.255
18 66 98.066
18 67 21.488
18 68 76.64
18 69 54.778
18 70 51.255
18 71 34.779
18 72 27.312
18 73 0.448
18 74 65.59
18 75 30.228
18 76 14.55
18 77 23.352
18 78 16.507
18 79 94.966
18 80 89.05
18 81 36.619
18 82 99.732
18 83 98.791
18 84 50.581
18 85 17.757
18 86 1.432
18 87 86.912
18 88 96.627
18 89 7.435
18 90 74.131
18 91 22.903
18 92 5.713
18 93 44.3
18 94 84.871
18 95 55.353
18 96 76.603
18 97 54.437
18 98 29.373
18 99 73.656
19 20 59.596
19 21 56.945
19 22 10.682
19 23 51.642
19 24 28.643
19 25 42.334
19 26 87.737
19 27 38.678
19 28 75.741
19 29 85.996
19 30 27.837
19 31 18.916
19 32 35.924
19 33 5.931
19 34 52.041
19 35 49.625
19 36 57.495
19 37 53.605
19 38 25.24
19 39 83.651
19 40 66.724
19 41 91.054
19 42 61.929
19 43 14.354
19 44 23.385
19 45 35.036
19 46 49.717
19 47 83.238
19 48 40.635
19 49 16.56
19 50 37.885
19 51 42.375
19 52 92.965
19 53 31.541
19 54 15.513
19 55 47.179
19 56 52.227
19 57 23.021
19 58 48.674
19 59 8.478
19 60 88.293
19 61 30.395
19 62 16.528
19 63 35.777
19 64 21.969
19 65 16.755
19 66 94.022
19 67 65.396
19 68 3.125
19 69 18.069
19 70 71.911
19 71 31.944
19 72 5.983
19 73 56.376
19 74 45.679
19 75 53.441
19 76 61.323
19 77 74.795
19 78 31.619
19 79 71.439
19 80 28.72
19 81 50.621
19 82 35.112
19 83 18.363
19 84 97.717
19 85 38.389
19 86 71.175
19 87 76.238
19 88 41.649
19 89 36.944
19 90 89.289
19 91 78.963
19 92 10.28
19 93 18.1
19 94 58.612
19 95 37.463
19 96 22.756
19 97 0.584
19 98 70.446
19 99 70.133
20 21 89.499
20 22 56.178
20 23 38.104
20 24 93.962
20 25 89.285
20 26 48.713
20 27 30.627
20 28 73.073
20 29 38.566
20 30 15.093
20 31 12.868
20 32 33.726
20 33 33.693
20 34 46.691
20 35 36.123
20 36 65.313
20 37 68.439
20 38 9.136
20 39 29.393
20 40 73.527
20 41 52.846
20 42 77.484
20 43 2.867
20 44 70.294
20 45 77.633
20 46 17.65
20 47 89.576
20 48 75.894
20 49 92.083
20 50 24.892
20 51 83.412
20 52 61.981
20 53 17.036
20 54 78.201
20 55 26.463
20 56 58.665
20 57 43.737
20 58 60.15
20 59 19.279
20 60 50.329
20 61 51.456
20 62 5.582
20 63 71.537
20 64 17.763
20 65 39.665
20 66 65.46
20 67 7.041
20 68 14.416
20 69 10.879
20 70 9.406
20 71 8.569
20 72 55.487
20 73 57.924
20 74 38.921
20 75 87.347
20 76 87.381
20 77 2.741
20 78 29.669
20 79 74.841
20 80 78.689
20 81 22.876
20 82 0.79
20 83 21.114
20 84 22.15
20 85 67.409
20 86 0.684
20 87 30.833
20 88 23.31
20 89 2.103
20 90 48.95
20 91 76.293
20 92 8.745
20 93 67.921
20 94 26.991
20 95 49.142
20 96 97.491
20 97 73.654
20 98 94.213
20 99 65.697
21 22 20.797
21 23 1.869
21 24 20.29
21 25 24.42
21 26 39.204
21 27 92.257
21 28 51.26
21 29 50.681
21 30 33.364
21 31 42.483
21 32 80.121
21 33 90.264
21 34 85.012
21 35 73.296
21 36 58.966
21 37 15.183
21 38 97.363
21 39 62.943
21 40 69.105
21 41 78.976
21 42 61.642
21 43 52.01
21 44 28.546
21 45 59.956
21 46 96.574
21 47 71.325
21 48 23.539
21 49 44.138
21 50 42.827
21 51 55.977
21 52 55.183
21 53 24.605
21 54 33.941
21 55 96.235
21 56 61.27
21 57 39.471
21 58 85.837
21 59 66.748
21 60 0.926
21 61 54.258
21 62 28.909
21 63 91.877
21 64 39.559
21 65 97.105
21 66 42.586
21 67 80.142
21 68 65.05
21 69 75.317
21 70 86.003
21 71 13.575
21 72 23.349
21 73 90.113
21 74 42.23
21 75 96.591
21 76 52.287
21 77 97.991
21 78 95.204
21 79 80.662
21 80 97.828
21 81 87.427
21 82 7.753
21 83 80.261
21 84 43.973
21 85 65.275
21 86 25.699
21 87 54.363
21 88 82.204
21 89 11.541
21 90 91.319
21 91 28.537
21 92 52.92
21 93 60.356
21 94 79.893
21 95 94.298
21 96 47.025
21 97 11.565
21 98 5.389
21 99 61.067
22 23 40.57
22 24 80.322
22 25 48.367
22 26 51.718
22 27 79.142
22 28 6.185
22 29 12.236
22 30 25.825
22 31 21.628
22 32 74.346
22 33 14.262
22 34 68.644
22 35 59.217
22 36 50.634
22 37 33.076
22 38 21.907
22 39 86.136
22 40 6.463
22 41 70.775
22 42 5.325
22 43 71.564
22 44 91.992
22 45 38.503
22 46 33.526
22 47 49.182
22 48 40.077
22 49 84.032
22 50 62.971
22 51 79.771
22 52 18.41
22 53 83.585
22 54 57.012
22 55 63.264
22 56 41.142
22 57 94.643
22 58 62.18
22 59 72.392
22 60 17.86
22 61 62.886
22 62 92.271
22 63 12.154
22 64 77.433
22 65 14.356
22 66 25.651
22 67 10.753
22 68 10.313
22 69 75.8
22 70 64.26
22 71 49.656
22 72 83.283
22 73 69.883
22 74 86.748
22 75 14.448
22 76 0.577
22 77 1.567
22 78 78.633
22 79 77.906
22 80 84.945
22 81 2.521
22 82 74.549
22 83 68.21
22 84 2.494
22 85 69.959
22 86 3.56
22 87 14.74
22 88 2.805
22 89 59.639
22 90 17.745
22 91 60.881
22 92 39.371
22 93 36.98
22 94 42.169
22 95 86.789
22 96 75.719
22 97 52.271
22 98 39.572
22 99 85.481
23 24 40.777
23 25 65.093
23 26 56.956
23 27 31.449
23 28 69.186
23 29 28.315
23 30 63.312
23 31 65.231
23 32 90.374
23 33 60.605
23 34 85.459
23 35 79.241
23 36 39.657
23 37 96.533
23 38 84.34
23 39 54.739
23 40 70.367
23 41 74.632
23 42 55.221
23 43 74.708
23 44 98.096
23 45 90.572
23 46 19.07
23 47 29.522
23 48 28.041
23 49 9.52
23 50 25.28
23 51 89.623
23 52 53.094
23 53 49.399
23 54 28.866
23 55 35.594
23 56 73.509
23 57 98.252
23 58 6.985
23 59 33.128
23 60 87.092
23 61 70.063
23 62 10.516
23 63 97.755
23 64 40.671
23 65 72.98
23 66 60.257
23 67 86.814
23 68 67.91
23 69 30.118
23 70 45.556
23 71 76.461
23 72 96.366
23 73 18.467
23 74 70.759
23 75 23.541
23 76 99.567
23 77 72.045
23 78 13.962
23 79 44.099
23 80 93.391
23 81 12.278
23 82 8.324
23 83 57.219
23 84 16.651
23 85 67.006
23 86 59.246
23 87 85.689
23 88 84.716
23 89 18.729
23 90 15.869
23 91 60.754
23 92 57.683
23 93 91.14
23 94 18.441
23 95 56.788
23 96 57.025
23 97 14.656
23 98 46.423
23 99 4.368
24 25 44.628
24 26 96.805
24 27 21.401
24 28 75.475
24 29 48.474
24 30 33.505
24 31 83.602
24 32 46.387
24 33 6.48
24 34 7.303
24 35 10.733
24 36 43.923
24 37 80.351
24 38 23.961
24 39 52.398
24 40 39.88
24 41 60.683
24 42 29.586
24 43 56.077
24 44 34.744
24 45 68.186
24 46 30.48
24 47 1.629
24 48 9.483
24 49 50.186
24 50 3.132
24 51 0.603
24 52 10.806
24 53 76.574
24 54 91.85
24 55 66.86
24 56 12.596
24 57 11.481
24 58 69.457
24 59 57.465
24 60 59.182
24 61 81.748
24 62 21.964
24 63 66.204
24 64 93.415
24 65 19.078
24 66 44.19
24 67 74.91
24 68 9.988
24 69 12.983
24 70 38.761
24 71 89.222
24 72 98.879
24 73 95.725
24 74 78.169
24 75 53.352
24 76 90.874
24 77 8.021
24 78 31.706
24 79 59.017
24 80 21.025
24 81 35.068
24 82 15.905
24 83 70.855
24 84 15.899
24 85 33.268
24 86 63.833
24 87 71.162
24 88 92.077
24 89 91.019
24 90 4.204
24 91 34.177
24 92 46.954
24 93 33.605
24 94 25.756
24 95 67.191
24 96 54.151
24 97 71.258
24 98 20.731
24 99 81.336
25 26 93.9
25 27 93.879
25 28 83.902
25 29 10.329
25 30 38.459
25 31 24.21
25 32 36.272
25 33 61.787
25 34 30.929
25 35 99.109
25 36 49.05
25 37 25.668
25 38 67.934
25 39 48.434
25 40 55.434
25 41 64.707
25 42 59.119
25 43 43.363
25 44 19.463
25 45 67.754
25 46 25.572
25 47 57.751
25 48 89.327
25 49 1.5
25 50 90.323
25 51 5.803
25 52 95.89
25 53 21.303
25 54 26.233
25 55 51.06
25 56 70.205
25 57 21.035
25 58 62.262
25 59 76.914
25 60 3.611
25 61 16.571
25 62 38.974
25 63 70.879
25 64 50.864
25 65 59.136
25 66 85.097
25 67 62.076
25 68 19.339
25 69 71.403
25 70 7.324
25 71 46.611
25 72 77.553
25 73 13.697
25 74 37.835
25 75 58.497
25 76 24.324
25 77 60.892
25 78 6.112
25 79 23.706
25 80 86.076
25 81 2.501
25 82 45.752
25 83 20.972
25 84 14.765
25 85 16.2
25 86 68.025
25 87 21.306
25 88 78.019
25 89 45.4
25 90 66.959
25 91 93.24
25 92 33.556
25 93 79.984
25 94 33.488
25 95 67.137
25 96 1.278
25 97 52.953
25 98 4.632
25 99 3.045
26 27 52.64
26 28 10.29
26 29 79.245
26 30 14.596
26 31 6.099
26 32 4.392
26 33 29.677
26 34 36.372
26 35 75.682
26 36 12.847
26 37 70.666
26 38 69.919
26 39 70.699
26 40 75.75
26 41 30.499
26 42 95.346
26 43 51.56
26 44 61.988
26 45 46.355
26 46 39.195
26 47 99.929
26 48 45.355
26 49 3.391
26 50 74.209
26 51 78.393
26 52 78.159
26 53 42.092
26 54 23.624
26 55 89.219
26 56 37.515
26 57 4.232
26 58 11.967
26 59 51.819
26 60 52.551
26 61 82.496
26 62 97.847
26 63 62.443
26 64 58.608
26 65 65.714
26 66 56.695
26 67 80.33
26 68 67.946
26 69 89.129
26 70 60.67
26 71 69.113
26 72 49.526
26 73 57.711
26 74 33.784
26 75 25.62
26 76 40.859
26 77 68.152
26 78 13.233
26 79 28.893
26 80 6.826
26 81 62.062
26 82 0.774
26 83 83.527
26 84 46.794
26 85 51.104
26 86 34.367
26 87 41.508
26 88 93.063
26 89 1.19
26 90 60.253
26 91 8.869
26 92 99.253
26 93 69.71
26 94 52.636
26 95 95.339
26 96 97.211
26 97 17.657
26 98 40.958
26 99 45.248
27 28 95.42
27 29 59.092
27 30 14.975
27 31 98.067
27 32 23.858
27 33 57.056
27 34 83.97
27 35 66.928
27 36 76.654
27 37 65.092
27 38 18.992
27 39 30.743
27 40 66.971
27 41 61.156
27 42 53.393
27 43 1.809
27 44 22.693
27 45 70.015
27 46 65.744
27 47 89.314
27 48 47.482
27 49 29.439
27 50 26.884
27 51 36.194
27 52 95.074
27 53 55.782
27 54 29.181
27 55 55.412
27 56 23.926
27 57 37.573
27 58 52.77
27 59 62.639
27 60 93.152
27 61 59.41
27 62 60.722
27 63 8.106
27 64 95.974
27 65 59.104
27 66 57.095
27 67 20.084
27 68 19.518
27 69 60.506
27 70 51.704
27 71 85.214
27 72 67.15
27 73 58.061
27 74 17.548
27 75 52.278
27 76 99.385
27 77 26.623
27 78 45.252
27 79 39.639
27 80 78.573
27 81 41.853
27 82 85.197
27 83 37.26
27 84 99.736
27 85 18.365
27 86 17.35
27 87 61.184
27 88 83.414
27 89 46.921
27 90 29.235
27 91 97.243
27 92 1.419
27 93 44.871
27 94 31.087
27 95 29.394
27 96 38.895
27 97 85.704
27 98 58.223
27 99 30.098
28 29 17.474
28 30 24.994
28 31 59.257
28 32 27.592
28 33 77.115
28 34 44.77
28 35 47.569
28 36 53.545
28 37 21.247
28 38 77.56
28 39 47.199
28 40 40.243
28 41 51.83
28 42 15.963
28 43 41.439
28 44 51.224
28 45 20.93
28 46 29.75
28 47 27.126
28 48 62.335
28 49 67.926
28 50 9.178
28 51 31.316
28 52 41.506
28 53 75.783
28 54 74.289
28 55 57.816
28 56 29.561
28 57 83.122
28 58 5.509
28 59 78.702
28 60 64.971
28 61 94.164
28 62 74.508
28 63 84.938
28 64 41.968
28 65 39.453
28 66 84.622
28 67 69.246
28 68 79.367
28 69 48.838
28 70 80.201
28 71 92.882
28 72 1.204
28 73 78.665
28 74 66.144
28 75 18.276
28 76 49.226
28 77 43.707
28 78 21.461
28 79 69.799
28 80 7.156
28 81 41.647
28 82 62.687
28 83 9.847
28 84 38.095
28 85 88.377
28 86 6.223
28 87 67.928
28 88 32.507
28 89 69.133
28 90 12.17
28 91 97.624
28 92 2.875
28 93 90.541
28 94 89.83
28 95 44.572
28 96 92.222
28 97 3.282
28 98 94.545
28 99 96.172
29 30 37.539
29 31 84.845
29 32 73.124
29 33 67.802
29 34 81.979
29 35 44.186
29 36 39.978
29 37 23.82
29 38 76.317
29 39 88.011
29 40 64.154
29 41 72.029
29 42 56.674
29 43 14.718
29 44 84.977
29 45 79.885
29 46 47.247
29 47 80.089
29 48 76.729
29 49 72.568
29 50 48.211
29 51 57.23
29 52 30.709
29 53 49.394
29 54 43.987
29 55 47.905
29 56 15.944
29 57 57.291
29 58 58.547
29 59 71.607
29 60 50.943
29 61 78.814
29 62 9.243
29 63 28.006
29 64 62.711
29 65 16.9
29 66 1.748
29 67 52.095
29 68 23.837
29 69 66.626
29 70 4.985
29 71 80.401
29 72 50.202
29 73 87.314
29 74 55.588
29 75 59.505
29 76 54.874
29 77 39.818
29 78 31.741
29 79 6.368
29 80 2.073
29 81 33.218
29 82 29.027
29 83 78.107
29 84 38.949
29 85 87.83
29 86 28.775
29 87 86.094
29 88 1.223
29 89 36.289
29 90 79.011
29 91 67.168
29 92 19.333
29 93 30.315
29 94 55.464
29 95 82.025
29 96 46.171
29 97 59.068
29 98 67.691
29 99 90.448
30 31 51.077
30 32 15.095
30 33 0.645
30 34 32.651
30 35 6.229
30 36 84.88
30 37 9.272
30 38 55.757
30 39 25.497
30 40 14.327
30 41 27.001
30 42 42.127
30 43 70.799
30 44 2.065
30 45 61.864
30 46 46.858
30 47 81.026
30 48 50.321
30 49 65.055
30 50 67.572
30 51 60.576
30 52 87.149
30 53 86.059
30 54 50.265
30 55 27.577
30 56 26.245
30 57 23.179
30 58 70.299
30 59 3.052
30 60 44.002
30 61 54.118
30 62 77.744
30 63 2.131
30 64 78.031
30 65 69.085
30 66 80.719
30 67 57.067
30 68 51.23
30 69 74.853
30 70 5.588
30 71 51.182
30 72 75.698
30 73 71.186
30 74 73.679
30 75 17.556
30 76 98.241
30 77 8.441
30 78 45.575
30 79 36.503
30 80 94.043
30 81 28.31
30 82 55.267
30 83 36.998
30 84 56.532
30 85 90.074
30 86 72.303
30 87 88.395
30 88 35.719
30 89 16.899
30 90 57.652
30 91 99.981
30 92 46.876
30 93 3.691
30 94 56.998
30 95 93.807
30 96 86.008
30 97 38.751
30 98 20.918
30 99 36.475
31 32 68.768
31 33 57.52
31 34 60.87
31 35 75.607
31 36 11.357
31 37 21.974
31 38 97.261
31 39 99.459
31 40 45.351
31 41 80.947
31 42 50.954
31 43 1.928
31 44 98.22
31 45 34.857
31 46 69.601
31 47 45.661
31 48 20.969
31 49 44.453
31 50 1.005
31 51 15.362
31 52 46.348
31 53 56.201
31 54 86.72
31 55 81.431
31 56 24.164
31 57 88.666
31 58 59.216
31 59 85.636
31 60 64.45
31 61 40.441
31 62 53.125
31 63 81.99
31 64 83.064
31 65 58.849
31 66 69.184
31 67 93.849
31 68 7.541
31 69 42.164
31 70 20.885
31 71 91.879
31 72 85.656
31 73 54.661
31 74 84.828
31 75 32.939
31 76 33.9
31 77 39.038
31 78 19.788
31 79 79.745
31 80 52.48
31 81 46.811
31 82 40.844
31 83 51.074
31 84 29.316
31 85 59.006
31 86 4.946
31 87 68.663
31 88 18.19
31 89 96.877
31 90 39.552
31 91 69.245
31 92 23.529
31 93 95.053
31 94 93.116
31 95 67.037
31 96 14.062
31 97 52.56
31 98 1.696
31 99 68.299
32 33 5.333
32 34 36.845
32 35 23.707
32 36 34.294
32 37 27.963
32 38 54.359
32 39 40.885
32 40 93.91
32 41 69.292
32 42 42.258
32 43 14.283
32 44 16.866
32 45 83.997
32 46 9.141
32 47 96.593
32 48 79.872
32 49 82.154
32 50 60.647
32 51 67.333
32 52 56.517
32 53 79.85
32 54 80.638
32 55 33.847
32 56 30.229
32 57 0.492
32 58 80.452
32 59 94.793
32 60 75.368
32 61 53.084
32 62 9.819
32 63 27.788
32 64 39.757
32 65 58.244
32 66 40.593
32 67 80.291
32 68 53.048
32 69 20.054
32 70 12.363
32 71 99.691
32 72 81.913
32 73 7.246
32 74 59.437
32 75 45.426
32 76 90.389
32 77 6.796
32 78 58.659
32 79 71.345
32 80 65.858
32 81 68.314
32 82 99.848
32 83 83.077
32 84 34.7
32 85 58.725
32 86 18.405
32 87 22.339
32 88 60.916
32 89 27.088
32 90 82.173
32 91 91.481
32 92 27.166
32 93 40.133
32 94 99.296
32 95 43.025
32 96 7.798
32 97 27.051
32 98 92.024
32 99 98.07
33 34 93.768
33 35 43.587
33 36 81.935
33 37 80.105
33 38 83.838
33 39 54.213
33 40 31.223
33 41 46.773
33 42 92.1
33 43 49.866
33 44 82.358
33 45 57.001
33 46 69.85
33 47 80.895
33 48 87.92
33 49 34.897
33 50 78.787
33 51 38.999
33 52 61.43
33 53 66.089
33 54 68.071
33 55 31.805
33 56 7.174
33 57 71.948
33 58 95.546
33 59 40.378
33 60 62.439
33 61 17.316
33 62 8.119
33 63 98.085
33 64 68.276
33 65 80.246
33 66 7.318
33 67 21.044
33 68 21.444
33 69 5.255
33 70 59.8
33 71 72.741
33 72 91.477
33 73 5.224
33 74 84.078
33 75 69.429
33 76 9.218
33 77 99.664
33 78 32.138
33 79 40.258
33 80 95.445
33 81 68.552
33 82 94.441
33 83 56.091
33 84 39.68
33 85 95.955
33 86 94.936
33 87 51.215
33 88 37.972
33 89 78.291
33 90 17.195
33 91 20.948
33 92 84.837
33 93 72.41
33 94 82.017
33 95 19.254
33 96 63.329
33 97 16.574
33 98 95.159
33 99 89.154
34 35 32.973
34 36 84.503
34 37 11.243
34 38 97.051
34 39 36.953
34 40 46.802
34 41 19.473
34 42 95.853
34 43 46.715
34 44 95.128
34 45 56.514
34 46 50.995
34 47 23.164
34 48 68.855
34 49 49.21
34 50 63.985
34 51 81.122
34 52 75.378
34 53 91.818
34 54 17.053
34 55 14.447
34 56 12.52
34 57 27.726
34 58 87.204
34 59 9.371
34 60 34.774
34 61 26.141
34 62 8.508
34 63 45.061
34 64 28.573
34 65 96.334
34 66 25.581
34 67 13.867
34 68 96.153
34 69 0.025
34 70 76.398
34 71 37.193
34 72 47.797
34 73 61.283
34 74 62.007
34 75 58.587
34 76 9.442
34 77 44.582
34 78 77.429
34 79 30.87
34 80 60.659
34 81 6.764
34 82 61.748
34 83 62.82
34 84 54.282
34 85 66.719
34 86 71.153
34 87 78.66
34 88 76.706
34 89 21.743
34 90 95.373
34 91 41.403
34 92 86.493
34 93 35.852
34 94 35.286
34 95 62.534
34 96 79.197
34 97 68.892
34 98 0.558
34 99 53.439
35 36 27.751
35 37 51.156
35 38 27.717
35 39 93.086
35 40 7.896
35 41 41.57
35 42 51.827
35 43 2.804
35 44 4.756
35 45 9.266
35 46 57.118
35 47 54.523
35 48 65.805
35 49 88.825
35 50 28.139
35 51 46.991
35 52 53.826
35 53 94.921
35 54 37.587
35 55 61.57
35 56 42.599
35 57 0.144
35 58 10.784
35 59 80.01
35 60 24.543
35 61 73.792
35 62 6.957
35 63 6.534
35 64 28.053
35 65 91.046
35 66 12.07
35 67 93.277
35 68 52.61
35 69 3.685
35 70 1.009
35 71 2.389
35 72 63.685
35 73 2.672
35 74 20.937
35 75 19.334
35 76 3.446
35 77 8.849
35 78 14.22
35 79 6.018
35 80 50.426
35 81 97.717
35 82 70.229
35 83 15.309
35 84 76.864
35 85 80.728
35 86 8.278
35 87 28.528
35 88 62.304
35 89 90.174
35 90 47.313
35 91 57.924
35 92 49.579
35 93 5.61
35 94 38.893
35 95 39.248
35 96 75.401
35 97 87.785
35 98 76.592
35 99 17.178
36 37 54.03
36 38 7.305
36 39 73.649
36 40 27.485
36 41 33.118
36 42 81.242
36 43 83.078
36 44 79.808
36 45 68.723
36 46 25.224
36 47 33.443
36 48 86.06
36 49 23.821
36 50 17.756
36 51 91.479
36 52 45.297
36 53 62.106
36 54 64.889
36 55 68.282
36 56 47.931
36 57 73.252
36 58 33.217
36 59 44.714
36 60 19.276
36 61 91.836
36 62 49.912
36 63 76.082
36 64 80.171
36 65 62.388
36 66 90.677
36 67 7.166
36 68 13.988
36 69 28.508
36 70 84.952
36 71 48.073
36 72 93.466
36 73 66.129
36 74 78.667
36 75 9.78
36 76 30.354
36 77 67.279
36 78 34.739
36 79 24.649
36 80 6.056
36 81 45.263
36 82 17.653
36 83 54.354
36 84 47.128
36 85 0.595
36 86 66.509
36 87 99.313
36 88 36.42
36 89 6.072
36 90 95.036
36 91 87.696
36 92 51.124
36 93 67.398
36 94 23.137
36 95 7.129
36 96 34.931
36 97 67.017
36 98 76.953
36 99 18.452
37 38 89.307
37 39 22.688
37 40 86.09
37 41 62.995
37 42 17.543
37 43 80.377
37 44 14.006
37 45 53.966
37 46 86.602
37 47 31.652
37 48 4.3
37 49 25.246
37 50 24.185
37 51 10.645
37 52 63.01
37 53 61.789
37 54 2.531
37 55 54.523
37 56 42.311
37 57 21.873
37 58 40.259
37 59 15.968
37 60 41.072
37 61 7.893
37 62 64.191
37 63 7.666
37 64 75.049
37 65 55.236
37 66 91.858
37 67 85.032
37 68 72.759
37 69 19.532
37 70 75.767
37 71 19.728
37 72 96.057
37 73 19.008
37 74 80.292
37 75 93.846
37 76 30.954
37 77 28.258
37 78 70.266
37 79 93.466
37 80 46.786
37 81 51.713
37 82 90.244
37 83 69.323
37 84 23.666
37 85 58.826
37 86 17.369
37 87 41.008
37 88 36.321
37 89 31.405
37 90 51.974
37 91 16.728
37 92 76.561
37 93 92.265
37 94 23.596
37 95 50.526
37 96 65.746
37 97 15.133
37 98 28.462
37 99 80.41
38 39 33.868
38 40 3.636
38 41 95.687
38 42 97.636
38 43 14.563
38 44 54.204
38 45 19.264
38 46 42.755
38 47 85.79
38 48 76.39
38 49 34.785
38 50 32.719
38 51 92.178
38 52 55.892
38 53 78.406
38 54 8.714
38 55 74.447
38 56 76.301
38 57 82.299
38 58 33.179
38 59 47.778
38 60 64.062
38 61 2.961
38 62 13.435
38 63 78.421
38 64 95.73
38 65 18.285
38 66 44.268
38 67 54.653
38 68 30.778
38 69 9.526
38 70 93.394
38 71 73.887
38 72 16.562
38 73 15.922
38 74 73.532
38 75 39.881
38 76 77.761
38 77 78.427
38 78 24.021
38 79 92.609
38 80 37.823
38 81 61.663
38 82 6.634
38 83 23.18
38 84 19.804
38 85 41.895
38 86 10.911
38 87 10.789
38 88 89.98
38 89 15.797
38 90 4.519
38 91 14.553
38 92 49.488
38 93 96.84
38 94 77.256
38 95 11.632
38 96 39.859
38 97 59.085
38 98 56.531
38 99 7.932
39 40 71.785
39 41 72.935
39 42 19.833
39 43 85.746
39 44 46.272
39 45 16.656
39 46 90.359
39 47 48.19
39 48 9.642
39 49 53.301
39 50 22.625
39 51 8.735
39 52 72.609
39 53 75.156
39 54 5.175
39 55 68.747
39 56 68.797
39 57 46.109
39 58 74.058
39 59 88.479
39 60 87.593
39 61 3.576
39 62 46.832
39 63 15.875
39 64 88.813
39 65 4.588
39 66 90.024
39 67 46.173
39 68 57.106
39 69 83.348
39 70 78.603
39 71 94.687
39 72 49.296
39 73 49.317
39 74 91.37
39 75 86.182
39 76 82.24
39 77 97.855
39 78 9.734
39 79 51.76
39 80 47.604
39 81 13.057
39 82 32.355
39 83 63.86
39 84 30.572
39 85 76.633
39 86 76.0
39 87 72.29
39 88 26.266
39 89 90.239
39 90 3.894
39 91 98.262
39 92 52.771
39 93 64.99
39 94 30.498
39 95 17.939
39 96 55.548
39 97 9.488
39 98 27.517
39 99 99.614
40 41 12.993
40 42 98.404
40 43 98.71
40 44 87.93
40 45 79.189
40 46 27.57
40 47 93.518
40 48 29.834
40 49 15.241
40 50 49.644
40 51 40.622
40 52 2.223
40 53 19.42
40 54 18.385
40 55 67.662
40 56 30.855
40 57 70.02
40 58 14.685
40 59 92.348
40 60 2.626
40 61 81.586
40 62 85.901
40 63 49.794
40 64 11.872
40 65 36.106
40 66 77.443
40 67 83.355
40 68 29.616
40 69 80.23
40 70 88.479
40 71 39.092
40 72 39.232
40 73 48.486
40 74 84.602
40 75 75.038
40 76 29.808
40 77 73.604
40 78 85.945
40 79 41.117
40 80 95.777
40 81 64.441
40 82 33.121
40 83 56.302
40 84 92.954
40 85 33.946
40 86 91.321
40 87 54.986
40 88 74.467
40 89 67.446
40 90 74.132
40 91 12.324
40 92 1.943
40 93 19.171
40 94 38.307
40 95 14.078
40 96 2.862
40 97 16.556
40 98 11.784
40 99 50.152
41 42 24.79
41 43 81.012
41 44 61.102
41 45 2.195
41 46 65.345
41 47 26.189
41 48 72.319
41 49 87.242
41 50 6.983
41 51 98.656
41 52 84.619
41 53 89.01
41 54 74.505
41 55 88.821
41 56 86.773
41 57 38.131
41 58 62.364
41 59 60.189
41 60 10.202
41 61 28.886
41 62 16.092
41 63 52.485
41 64 53.853
41 65 37.885
41 66 92.799
41 67 66.43
41 68 10.286
41 69 31.671
41 70 37.095
41 71 73.562
41 72 12.841
41 73 31.18
41 74 85.467
41 75 22.025
41 76 54.893
41 77 76.043
41 78 98.138
41 79 61.884
41 80 20.882
41 81 3.182
41 82 87.196
41 83 96.037
41 84 8.149
41 85 38.039
41 86 95.331
41 87 19.471
41 88 11.533
41 89 91.353
41 90 50.295
41 91 14.651
41 92 27.871
41 93 35.46
41 94 65.769
41 95 98.948
41 96 43.446
41 97 80.537
41 98 67.372
41 99 43.166
42 43 62.688
42 44 54.528
42 45 1.025
42 46 86.616
42 47 93.312
42 48 94.231
42 49 10.822
42 50 31.475
42 51 78.999
42 52 58.597
42 53 19.769
42 54 47.045
42 55 24.923
42 56 34.271
42 57 14.531
42 58 74.271
42 59 12.615
42 60 52.524
42 61 27.538
42 62 21.369
42 63 28.15
42 64 32.157
42 65 36.096
42 66 7.615
42 67 11.74
42 68 18.022
42 69 86.888
42 70 47.725
42 71 93.302
42 72 88.21
42 73 19.624
42 74 16.073
42 75 56.63
42 76 57.152
42 77 69.202
42 78 91.799
42 79 73.613
42 80 89.114
42 81 62.77
42 82 43.81
42 83 66.998
42 84 16.406
42 85 30.652
42 86 19.737
42 87 88.961
42 88 69.096
42 89 58.928
42 90 49.516
42 91 98.505
42 92 14.616
42 93 63.041
42 94 84.484
42 95 42.398
42 96 0.141
42 97 21.022
42 98 46.943
42 99 78.22
43 44 22.988
43 45 84.083
43 46 2.429
43 47 62.238
43 48 79.106
43 49 46.759
43 50 89.284
43 51 45.671
43 52 5.183
43 53 47.876
43 54 0.393
43 55 23.319
43 56 31.038
43 57 5.424
43 58 33.822
43 59 56.912
43 60 71.827
43 61 1.82
43 62 33.699
43 63 27.233
43 64 6.544
43 65 9.361
43 66 82.045
43 67 34.996
43 68 31.45
43 69 85.517
43 70 23.404
43 71 36.31
43 72 20.314
43 73 3.937
43 74 3.425
43 75 33.467
43 76 57.806
43 77 89.594
43 78 0.693
43 79 84.138
43 80 14.062
43 81 50.884
43 82 43.624
43 83 58.411
43 84 8.863
43 85 57.83
43 86 97.269
43 87 92.067
43 88 8.434
43 89 36.941
43 90 9.299
43 91 74.685
43 92 97.123
43 93 4.256
43 94 39.691
43 95 47.001
43 96 43.325
43 97 2.97
43 98 84.008
43 99 57.498
44 45 33.369
44 46 69.11
44 47 67.086
44 48 92.466
44 49 18.964
44 50 87.619
44 51 16.314
44 52 54.559
44 53 75.004
44 54 94.484
44 55 72.943
44 56 33.003
44 57 52.256
44 58 68.415
44 59 60.963
44 60 46.388
44 61 46.65
44 62 28.152
44 63 98.651
44 64 64.943
44 65 23.214
44 66 83.499
44 67 91.969
44 68 11.33
44 69 98.39
44 70 4.345
44 71 96.976
44 72 6.503
44 73 61.711
44 74 22.481
44 75 23.545
44 76 48.233
44 77 11.457
44 78 95.63
44 79 47.023
44 80 24.63
44 81 54.44
44 82 13.2
44 83 29.366
44 84 43.371
44 85 74.058
44 86 95.762
44 87 25.421
44 88 42.784
44 89 41.121
44 90 95.828
44 91 65.049
44 92 28.052
44 93 84.46
44 94 81.639
44 95 35.53
44 96 3.289
44 97 8.382
44 98 57.958
44 99 24.183
45 46 53.579
45 47 90.757
45 48 66.554
45 49 23.78
45 50 14.343
45 51 64.974
45 52 54.246
45 53 36.291
45 54 17.185
45 55 45.323
45 56 87.361
45 57 97.322
45 58 33.343
45 59 8.928
45 60 3.295
45 61 44.477
45 62 65.64
45 63 83.063
45 64 94.267
45 65 95.595
45 66 51.778
45 67 80.748
45 68 30.088
45 69 77.098
45 70 86.402
45 71 46.562
45 72 19.77
45 73 79.54
45 74 23.152
45 75 11.617
45 76 7.781
45 77 6.661
45 78 61.262
45 79 82.915
45 80 87.928
45 81 52.829
45 82 78.596
45 83 71.112
45 84 41.331
45 85 50.334
45 86 12.495
45 87 32.208
45 88 23.939
45 89 23.321
45 90 20.816
45 91 65.167
45 92 92.028
45 93 57.507
45 94 64.236
45 95 56.304
45 96 2.94
45 97 12.326
45 98 3.301
45 99 83.973
46 47 30.234
46 48 89.808
46 49 95.734
46 50 57.812
46 51 4.405
46 52 88.257
46 53 79.372
46 54 45.659
46 55 41.292
46 56 98.545
46 57 96.198
46 58 60.533
46 59 71.645
46 60 34.981
46 61 76.959
46 62 8.048
46 63 1.383
46 64 63.958
46 65 70.551
46 66 52.754
46 67 35.732
46 68 97.269
46 69 3.924
46 70 87.119
46 71 24.76
46 72 97.598
46 73 1.505
46 74 33.465
46 75 29.576
46 76 76.311
46 77 25.707
46 78 23.831
46 79 3.988
46 80 72.274
46 81 15.267
46 82 49.201
46 83 76.219
46 84 46.731
46 85 76.322
46 86 69.849
46 87 45.029
46 88 2.317
46 89 69.441
46 90 10.374
46 91 92.506
46 92 95.635
46 93 16.209
46 94 29.427
46 95 52.893
46 96 47.561
46 97 32.111
46 98 39.769
46 99 23.925
47 48 19.652
47 49 19.403
47 50 46.669
47 51 87.149
47 52 11.374
47 53 29.784
47 54 57.891
47 55 79.773
47 56 33.668
47 57 56.632
47 58 78.48
47 59 66.135
47 60 95.089
47 61 69.853
47 62 86.705
47 63 11.876
47 64 65.367
47 65 42.0
47 66 4.534
47 67 17.872
47 68 57.565
47 69 27.975
47 70 13.717
47 71 54.565
47 72 87.936
47 73 70.746
47 74 78.15
47 75 53.88
47 76 91.027
47 77 55.973
47 78 64.184
47 79 77.061
47 80 37.066
47 81 84.611
47 82 41.837
47 83 54.199
47 84 92.75
47 85 57.18
47 86 7.465
47 87 72.59
47 88 38.779
47 89 59.763
47 90 4.927
47 91 73.185
47 92 76.181
47 93 74.538
47 94 8.897
47 95 36.355
47 96 29.443
47 97 29.34
47 98 61.376
47 99 87.295
48 49 11.244
48 50 58.394
48 51 62.015
48 52 33.457
48 53 27.363
48 54 82.94
48 55 95.798
48 56 77.773
48 57 38.407
48 58 20.157
48 59 15.431
48 60 18.437
48 61 4.222
48 62 14.313
48 63 90.375
48 64 62.117
48 65 50.43
48 66 38.709
48 67 58.962
48 68 25.379
48 69 26.726
48 70 69.162
48 71 97.217
48 72 14.167
48 73 94.983
48 74 30.697
48 75 15.853
48 76 67.146
48 77 3.081
48 78 38.472
48 79 76.302
48 80 49.053
48 81 35.237
48 82 35.969
48 83 29.091
48 84 79.88
48 85 83.85
48 86 46.397
48 87 28.103
48 88 35.415
48 89 46.723
48 90 55.289
48 91 4.091
48 92 69.218
48 93 10.267
48 94 95.492
48 95 56.456
48 96 40.467
48 97 36.737
48 98 27.778
48 99 23.189
49 50 21.437
49 51 16.773
49 52 57.87
49 53 15.821
49 54 12.513
49 55 41.901
49 56 28.24
49 57 62.068
49 58 68.394
49 59 81.755
49 60 23.01
49 61 62.197
49 62 63.206
49 63 72.407
49 64 61.702
49 65 67.682
49 66 45.051
49 67 29.805
49 68 48.42
49 69 62.487
49 70 27.813
49 71 73.828
49 72 20.015
49 73 15.457
49 74 44.517
49 75 64.81
49 76 88.972
49 77 92.773
49 78 5.111
49 79 34.883
49 80 59.084
49 81 60.743
49 82 52.17
49 83 17.566
49 84 87.724
49 85 40.415
49 86 7.176
49 87 45.366
49 88 55.14
49 89 96.601
49 90 74.561
49 91 45.56
49 92 77.358
49 93 58.911
49 94 75.396
49 95 82.463
49 96 7.65
49 97 88.065
49 98 84.873
49 99 50.447
50 51 74.011
50 52 50.024
50 53 49.205
50 54 3.618
50 55 91.775
50 56 31.575
50 57 29.58
50 58 3.518
50 59 4.255
50 60 82.374
50 61 36.925
50 62 74.673
50 63 24.133
50 64 6.302
50 65 90.586
50 66 0.777
50 67 57.489
50 68 76.519
50 69 5.017
50 70 64.976
50 71 14.074
50 72 27.767
50 73 99.367
50 74 99.167
50 75 93.152
50 76 50.106
50 77 81.95
50 78 48.97
50 79 74.23
50 80 79.638
50 81 18.696
50 82 18.485
50 83 29.678
50 84 51.253
50 85 17.866
50 86 66.765
50 87 40.288
50 88 77.532
50 89 89.753
50 90 64.936
50 91 37.227
50 92 12.641
50 93 2.736
50 94 81.532
50 95 44.159
50 96 65.536
50 97 38.628
50 98 14.694
50 99 96.451
51 52 90.221
51 53 87.241
51 54 60.011
51 55 53.887
51 56 52.352
51 57 91.08
51 58 7.139
51 59 12.088
51 60 76.405
51 61 16.458
51 62 19.803
51 63 20.271
51 64 75.812
51 65 51.486
51 66 7.054
51 67 27.677
51 68 54.554
51 69 70.988
51 70 93.832
51 71 42.964
51 72 61.2
51 73 19.903
51 74 9.144
51 75 72.001
51 76 58.68
51 77 5.648
51 78 49.946
51 79 57.119
51 80 51.848
51 81 36.965
51 82 8.187
51 83 87.478
51 84 48.105
51 85 99.028
51 86 67.252
51 87 16.158
51 88 43.276
51 89 24.62
51 90 90.534
51 91 99.377
51 92 56.288
51 93 9.3
51 94 61.657
51 95 13.319
51 96 98.217
51 97 45.28
51 98 55.406
51 99 19.348
52 53 46.976
52 54 96.993
52 55 65.407
52 56 15.031
52 57 93.724
52 58 89.343
52 59 76.594
52 60 9.283
52 61 74.638
52 62 88.184
52 63 70.54
52 64 22.319
52 65 4.265
52 66 1.072
52 67 63.826
52 68 72.964
52 69 77.589
52 70 24.661
52 71 55.802
52 72 98.397
52 73 30.519
52 74 87.271
52 75 23.027
52 76 14.271
52 77 69.761
52 78 41.28
52 79 13.264
52 80 88.447
52 81 75.327
52 82 88.338
52 83 98.677
52 84 83.866
52 85 88.096
52 86 19.269
52 87 41.403
52 88 77.593
52 89 19.507
52 90 48.374
52 91 85.608
52 92 13.429
52 93 38.523
52 94 76.848
52 95 25.9
52 96 24.712
52 97 23.512
52 98 58.229
52 99 80.127
53 54 90.169
53 55 70.486
53 56 65.17
53 57 14.273
53 58 35.265
53 59 49.094
53 60 83.055
53 61 5.6
53 62 28.381
53 63 9.066
53 64 9.564
53 65 10.57
53 66 84.357
53 67 44.901
53 68 58.759
53 69 28.45
53 70 19.277
53 71 16.471
53 72 40.281
53 73 27.943
53 74 9.483
53 75 16.701
53 76 15.043
53 77 49.297
53 78 33.597
53 79 60.857
53 80 95.317
53 81 74.382
53 82 89.621
53 83 14.898
53 84 76.902
53 85 25.346
53 86 47.697
53 87 96.258
53 88 12.639
53 89 17.363
53 90 95.768
53 91 11.281
53 92 41.691
53 93 97.386
53 94 3.697
53 95 93.996
53 96 14.842
53 97 35.174
53 98 54.776
53 99 86.199
54 55 15.612
54 56 91.864
54 57 74.92
54 58 22.017
54 59 23.715
54 60 20.31
54 61 90.657
54 62 24.864
54 63 42.453
54 64 34.497
54 65 64.765
54 66 84.72
54 67 47.941
54 68 9.653
54 69 41.291
54 70 22.022
54 71 2.794
54 72 49.524
54 73 43.218
54 74 41.088
54 75 22.119
54 76 18.959
54 77 25.577
54 78 57.306
54 79 82.268
54 80 54.945
54 81 16.383
54 82 24.071
54 83 12.75
54 84 36.172
54 85 4.834
54 86 98.094
54 87 99.648
54 88 85.399
54 89 78.091
54 90 66.093
54 91 35.121
54 92 74.458
54 93 19.399
54 94 99.531
54 95 79.671
54 96 42.404
54 97 16.636
54 98 6.965
54 99 33.557
55 56 30.396
55 57 11.644
55 58 54.752
55 59 25.3
55 60 88.684
55 61 85.266
55 62 83.361
55 63 0.149
55 64 72.123
55 65 91.556
55 66 25.185
55 67 11.917
55 68 99.288
55 69 21.619
55 70 68.299
55 71 31.393
55 72 6.236
55 73 36.982
55 74 0.589
55 75 80.596
55 76 32.986
55 77 46.061
55 78 11.295
55 79 79.555
55 80 55.916
55 81 6.685
55 82 62.16
55 83 62.638
55 84 46.939
55 85 98.894
55 86 66.68
55 87 99.674
55 88 30.19
55 89 99.297
55 90 79.682
55 91 62.579
55 92 24.442
55 93 22.263
55 94 63.38
55 95 24.425
55 96 32.684
55 97 20.147
55 98 15.593
55 99 52.847
56 57 73.972
56 58 43.225
56 59 26.366
56 60 93.296
56 61 50.748
56 62 45.743
56 63 75.163
56 64 27.087
56 65 93.349
56 66 55.204
56 67 32.29
56 68 83.478
56 69 84.73
56 70 83.053
56 71 25.956
56 72 70.764
56 73 25.077
56 74 96.332
56 75 1.901
56 76 38.981
56 77 32.547
56 78 79.046
56 79 30.938
56 80 6.916
56 81 93.739
56 82 37.897
56 83 41.569
56 84 8.192
56 85 53.084
56 86 94.609
56 87 53.401
56 88 39.566
56 89 56.533
56 90 77.061
56 91 81.309
56 92 48.197
56 93 35.666
56 94 39.842
56 95 44.967
56 96 8.591
56 97 13.113
56 98 45.928
56 99 51.315
57 58 97.787
57 59 91.169
57 60 91.676
57 61 2.954
57 62 79.031
57 63 48.143
57 64 71.145
57 65 44.319
57 66 11.18
57 67 24.984
57 68 12.881
57 69 25.424
57 70 84.566
57 71 37.839
57 72 80.818
57 73 95.581
57 74 33.831
57 75 34.198
57 76 59.894
57 77 42.213
57 78 91.473
57 79 69.441
57 80 41.019
57 81 38.634
57 82 70.414
57 83 53.585
57 84 77.548
57 85 41.991
57 86 73.455
57 87 96.891
57 88 6.641
57 89 21.044
57 90 28.116
57 91 85.029
57 92 19.063
57 93 6.166
57 94 98.385
57 95 61.952
57 96 94.271
57 97 80.314
57 98 19.239
57 99 23.96
58 59 21.961
58 60 44.247
58 61 84.474
58 62 54.88
58 63 91.371
58 64 51.353
58 65 38.044
58 66 31.227
58 67 55.321
58 68 41.513
58 69 72.919
58 70 14.926
58 71 57.906
58 72 78.533
58 73 65.518
58 74 3.611
58 75 65.474
58 76 34.871
58 77 36.905
58 78 75.332
58 79 32.989
58 80 1.629
58 81 33.798
58 82 61.593
58 83 11.228
58 84 83.077
58 85 77.546
58 86 73.242
58 87 86.677
58 88 71.001
58 89 42.912
58 90 12.893
58 91 39.448
58 92 53.232
58 93 5.922
58 94 1.096
58 95 2.565
58 96 41.493
58 97 56.898
58 98 95.904
58 99 57.817
59 60 81.268
59 61 44.362
59 62 5.469
59 63 11.353
59 64 16.82
59 65 36.154
59 66 62.741
59 67 83.112
59 68 93.12
59 69 34.577
59 70 24.054
59 71 22.918
59 72 90.079
59 73 49.696
59 74 12.764
59 75 75.883
59 76 42.701
59 77 64.611
59 78 45.872
59 79 86.998
59 80 83.706
59 81 37.778
59 82 9.821
59 83 29.748
59 84 30.733
59 85 48.477
59 86 31.597
59 87 0.277
59 88 27.852
59 89 31.305
59 90 7.588
59 91 50.175
59 92 54.172
59 93 23.104
59 94 90.566
59 95 44.658
59 96 11.759
59 97 29.979
59 98 10.383
59 99 26.808
60 61 88.101
60 62 77.589
60 63 70.051
60 64 80.282
60 65 5.152
60 66 69.468
60 67 2.136
60 68 12.778
60 69 65.686
60 70 97.863
60 71 56.549
60 72 58.323
60 73 93.278
60 74 60.075
60 75 68.461
60 76 20.452
60 77 86.585
60 78 63.953
60 79 3.709
60 80 94.271
60 81 57.18
60 82 51.211
60 83 93.23
60 84 39.247
60 85 95.292
60 86 55.51
60 87 88.973
60 88 99.362
60 89 83.736
60 90 24.431
60 91 61.642
60 92 99.102
60 93 30.421
60 94 77.101
60 95 52.619
60 96 64.123
60 97 53.619
60 98 18.688
60 99 81.923
61 62 28.121
61 63 13.512
61 64 90.901
61 65 26.818
61 66 19.621
61 67 14.864
61 68 90.225
61 69 72.96
61 70 73.453
61 71 37.467
61 72 8.464
61 73 35.961
61 74 41.682
61 75 46.461
61 76 70.113
61 77 52.556
61 78 73.948
61 79 93.989
61 80 11.616
61 81 34.77
61 82 93.796
61 83 7.927
61 84 65.825
61 85 39.583
61 86 4.514
61 87 62.576
61 88 58.133
61 89 98.748
61 90 62.251
61 91 55.26
61 92 41.729
61 93 90.165
61 94 37.943
61 95 79.41
61 96 57.598
61 97 47.191
61 98 3.682
61 99 25.202
62 63 0.141
62 64 41.713
62 65 0.715
62 66 39.672
62 67 86.531
62 68 33.121
62 69 34.218
62 70 34.916
62 71 36.877
62 72 22.971
62 73 10.183
62 74 83.422
62 75 86.846
62 76 86.662
62 77 57.714
62 78 65.946
62 79 54.84
62 80 47.525
62 81 8.412
62 82 56.297
62 83 35.997
62 84 3.2
62 85 19.586
62 86 60.834
62 87 22.828
62 88 21.569
62 89 37.707
62 90 60.694
62 91 36.008
62 92 21.77
62 93 4.07
62 94 77.874
62 95 13.14
62 96 21.144
62 97 56.925
62 98 36.415
62 99 13.043
63 64 12.24
63 65 71.422
63 66 62.1
63 67 51.091
63 68 46.09
63 69 90.147
63 70 91.394
63 71 18.955
63 72 47.08
63 73 28.992
63 74 57.833
63 75 36.747
63 76 44.906
63 77 71.878
63 78 63.324
63 79 79.1
63 80 21.842
63 81 45.898
63 82 66.187
63 83 86.375
63 84 15.344
63 85 9.431
63 86 22.988
63 87 26.985
63 88 46.561
63 89 94.474
63 90 21.285
63 91 68.364
63 92 77.044
63 93 82.063
63 94 44.712
63 95 25.944
63 96 3.73
63 97 38.443
63 98 69.616
63 99 68.372
64 65 50.85
64 66 14.623
64 67 53.118
64 68 68.172
64 69 21.081
64 70 41.931
64 71 22.705
64 72 42.584
64 73 14.64
64 74 72.675
64 75 67.874
64 76 92.212
64 77 61.997
64 78 92.415
64 79 48.822
64 80 6.307
64 81 84.358
64 82 23.642
64 83 17.738
64 84 82.677
64 85 78.206
64 86 63.009
64 87 72.446
64 88 18.812
64 89 85.514
64 90 12.585
64 91 1.526
64 92 17.218
64 93 17.362
64 94 45.78
64 95 69.941
64 96 97.498
64 97 12.391
64 98 70.43
64 99 85.335
65 66 46.02
65 67 84.467
65 68 37.243
65 69 88.124
65 70 35.685
65 71 23.497
65 72 71.129
65 73 1.321
65 74 29.357
65 75 97.008
65 76 2.235
65 77 28.49
65 78 91.027
65 79 35.35
65 80 35.843
65 81 44.472
65 82 56.636
65 83 72.041
65 84 76.665
65 85 82.876
65 86 74.963
65 87 76.151
65 88 52.305
65 89 75.61
65 90 33.011
65 91 87.181
65 92 13.712
65 93 29.542
65 94 55.686
65 95 6.181
65 96 80.747
65 97 84.208
65 98 82.509
65 99 41.673
66 67 71.211
66 68 67.776
66 69 58.391
66 70 16.4
66 71 90.789
66 72 84.222
66 73 40.743
66 74 29.103
66 75 65.552
66 76 3.801
66 77 48.99
66 78 62.228
66 79 38.392
66 80 87.451
66 81 80.976
66 82 88.166
66 83 65.425
66 84 92.322
66 85 31.783
66 86 89.742
66 87 30.568
66 88 90.555
66 89 8.912
66 90 6.339
66 91 76.688
66 92 55.76
66 93 91.717
66 94 96.842
66 95 2.316
66 96 0.305
66 97 98.153
66 98 52.401
66 99 37.409
67 68 29.198
67 69 36.35
67 70 87.954
67 71 5.734
67 72 29.071
67 73 20.507
67 74 26.96
67 75 10.136
67 76 28.121
67 77 72.589
67 78 99.625
67 79 15.66
67 80 26.17
67 81 32.77
67 82 29.974
67 83 43.724
67 84 25.498
67 85 7.685
67 86 15.433
67 87 15.179
67 88 18.403
67 89 38.032
67 90 31.791
67 91 74.751
67 92 42.452
67 93 5.25
67 94 81.03
67 95 86.371
67 96 92.807
67 97 12.334
67 98 21.364
67 99 82.436
68 69 26.934
68 70 99.688
68 71 44.339
68 72 76.181
68 73 44.561
68 74 87.186
68 75 58.76
68 76 3.223
68 77 96.544
68 78 38.6
68 79 50.029
68 80 39.812
68 81 51.614
68 82 10.674
68 83 80.537
68 84 48.139
68 85 21.346
68 86 85.436
68 87 35.194
68 88 20.565
68 89 55.809
68 90 25.608
68 91 19.236
68 92 67.93
68 93 84.196
68 94 81.862
68 95 29.84
68 96 64.125
68 97 8.019
68 98 19.899
68 99 21.377
69 70 61.889
69 71 37.755
69 72 98.144
69 73 38.834
69 74 33.865
69 75 7.258
69 76 22.776
69 77 86.882
69 78 52.249
69 79 61.316
69 80 81.339
69 81 88.536
69 82 98.683
69 83 72.392
69 84 44.37
69 85 82.528
69 86 31.909
69 87 51.552
69 88 26.99
69 89 69.861
69 90 94.982
69 91 76.571
69 92 33.456
69 93 26.33
69 94 70.703
69 95 37.834
69 96 87.549
69 97 8.048
69 98 99.775
69 99 89.144
70 71 29.926
70 72 28.161
70 73 36.259
70 74 70.984
70 75 61.651
70 76 43.981
70 77 68.511
70 78 21.535
70 79 83.445
70 80 48.918
70 81 42.467
70 82 11.915
70 83 87.596
70 84 0.983
70 85 54.812
70 86 83.347
70 87 67.64
70 88 99.579
70 89 34.176
70 90 83.845
70 91 37.175
70 92 67.357
70 93 92.888
70 94 30.011
70 95 16.386
70 96 15.704
70 97 95.673
70 98 47.63
70 99 11.47
71 72 64.643
71 73 79.566
71 74 14.906
71 75 63.824
71 76 45.532
71 77 59.585
71 78 7.002
71 79 40.33
71 80 89.283
71 81 68.16
71 82 56.823
71 83 17.951
71 84 62.345
71 85 0.162
71 86 99.358
71 87 21.374
71 88 71.395
71 89 54.491
71 90 20.236
71 91 67.252
71 92 53.348
71 93 39.427
71 94 14.926
71 95 61.067
71 96 37.715
71 97 53.379
71 98 29.416
71 99 1.982
72 73 74.571
72 74 25.276
72 75 43.871
72 76 17.874
72 77 51.48
72 78 34.54
72 79 85.866
72 80 22.09
72 81 94.727
72 82 25.882
72 83 25.508
72 84 94.007
72 85 32.53
72 86 86.2
72 87 27.79
72 88 33.898
72 89 3.131
72 90 5.159
72 91 76.217
72 92 15.017
72 93 80.642
72 94 99.87
72 95 2.969
72 96 93.09
72 97 47.647
72 98 15.294
72 99 36.792
73 74 12.687
73 75 51.723
73 76 50.013
73 77 67.99
73 78 89.787
73 79 11.005
73 80 45.851
73 81 37.382
73 82 40.457
73 83 51.462
73 84 26.751
73 85 37.552
73 86 88.131
73 87 93.12
73 88 30.601
73 89 2.45
73 90 77.523
73 91 82.992
73 92 29.753
73 93 4.713
73 94 91.085
73 95 82.153
73 96 39.373
73 97 91.255
73 98 3.016
73 99 9.518
74 75 36.103
74 76 0.078
74 77 73.415
74 78 89.55
74 79 89.763
74 80 42.426
74 81 8.779
74 82 93.205
74 83 2.025
74 84 62.593
74 85 27.41
74 86 92.872
74 87 56.583
74 88 30.685
74 89 20.441
74 90 9.258
74 91 39.076
74 92 21.745
74 93 63.738
74 94 24.665
74 95 49.258
74 96 17.459
74 97 16.981
74 98 39.833
74 99 9.94
75 76 79.126
75 77 14.787
75 78 4.731
75 79 67.081
75 80 88.757
75 81 80.51
75 82 96.041
75 83 9.167
75 84 36.593
75 85 35.366
75 86 25.697
75 87 68.846
75 88 49.576
75 89 91.683
75 90 92.526
75 91 31.167
75 92 21.731
75 93 5.424
75 94 93.918
75 95 49.251
75 96 28.318
75 97 1.648
75 98 97.863
75 99 34.864
76 77 90.253
76 78 54.345
76 79 18.132
76 80 35.405
76 81 59.942
76 82 32.443
76 83 65.84
76 84 31.577
76 85 64.038
76 86 7.949
76 87 56.611
76 88 87.755
76 89 58.763
76 90 12.504
76 91 97.525
76 92 65.747
76 93 66.14
76 94 12.652
76 95 32.123
76 96 74.661
76 97 61.579
76 98 29.835
76 99 21.691
77 78 86.496
77 79 12.228
77 80 76.66
77 81 77.638
77 82 24.092
77 83 12.053
77 84 0.584
77 85 39.95
77 86 35.921
77 87 95.66
77 88 47.336
77 89 11.046
77 90 29.193
77 91 2.301
77 92 86.713
77 93 40.05
77 94 83.301
77 95 61.326
77 96 86.963
77 97 16.595
77 98 32.167
77 99 43.408
78 79 94.757
78 80 5.413
78 81 37.071
78 82 66.5
78 83 68.712
78 84 40.682
78 85 23.767
78 86 45.523
78 87 37.864
78 88 65.911
78 89 86.782
78 90 62.818
78 91 97.32
78 92 29.782
78 93 33.074
78 94 60.934
78 95 57.869
78 96 30.324
78 97 64.199
78 98 15.95
78 99 44.305
79 80 4.073
79 81 44.73
79 82 18.523
79 83 43.326
79 84 29.303
79 85 58.488
79 86 20.67
79 87 60.472
79 88 59.259
79 89 52.433
79 90 77.487
79 91 40.477
79 92 73.077
79 93 97.471
79 94 75.263
79 95 33.548
79 96 86.696
79 97 68.191
79 98 40.457
79 99 25.121
80 81 56.978
80 82 37.54
80 83 72.082
80 84 40.578
80 85 23.531
80 86 58.926
80 87 6.536
80 88 88.16
80 89 36.211
80 90 77.851
80 91 92.109
80 92 95.968
80 93 63.045
80 94 96.348
80 95 28.124
80 96 42.482
80 97 85.948
80 98 97.199
80 99 29.235
81 82 78.389
81 83 98.368
81 84 63.408
81 85 96.92
81 86 39.8
81 87 4.428
81 88 27.056
81 89 90.433
81 90 76.052
81 91 21.375
81 92 57.967
81 93 2.032
81 94 53.784
81 95 14.995
81 96 26.427
81 97 18.595
81 98 18.317
81 99 83.788
82 83 39.876
82 84 10.332
82 85 2.818
82 86 36.41
82 87 46.141
82 88 7.373
82 89 55.365
82 90 68.824
82 91 68.424
82 92 27.518
82 93 32.389
82 94 46.174
82 95 91.83
82 96 77.132
82 97 37.347
82 98 6.258
82 99 46.243
83 84 27.069
83 85 1.87
83 86 77.33
83 87 58.893
83 88 48.245
83 89 27.81
83 90 14.355
83 91 21.713
83 92 84.56
83 93 70.997
83 94 54.788
83 95 6.445
83 96 39.497
83 97 96.144
83 98 23.687
83 99 60.846
84 85 31.133
84 86 83.786
84 87 59.339
84 88 36.135
84 89 30.457
84 90 37.531
84 91 69.837
84 92 33.432
84 93 45.422
84 94 22.153
84 95 11.1
84 96 29.623
84 97 95.976
84 98 11.279
84 99 62.185
85 86 59.434
85 87 41.529
85 88 70.565
85 89 83.347
85 90 38.164
85 91 60.805
85 92 32.033
85 93 83.644
85 94 46.564
85 95 48.062
85 96 87.384
85 97 5.454
85 98 15.279
85 99 44.374
86 87 46.317
86 88 26.173
86 89 97.959
86 90 0.918
86 91 49.107
86 92 81.138
86 93 21.874
86 94 25.631
86 95 25.897
86 96 3.5
86 97 28.253
86 98 4.486
86 99 84.749
87 88 83.61
87 89 25.424
87 90 80.992
87 91 3.187
87 92 47.1
87 93 58.589
87 94 39.187
87 95 9.271
87 96 23.778
87 97 58.055
87 98 81.496
87 99 18.945
88 89 38.706
88 90 36.03
88 91 84.817
88 92 69.279
88 93 1.294
88 94 83.967
88 95 89.163
88 96 34.892
88 97 3.758
88 98 81.887
88 99 43.238
89 90 69.333
89 91 27.81
89 92 36.62
89 93 28.106
89 94 70.772
89 95 36.041
89 96 71.647
89 97 93.611
89 98 8.315
89 99 21.424
90 91 93.397
90 92 85.566
90 93 86.148
90 94 83.667
90 95 63.5
90 96 62.92
90 97 86.645
90 98 73.593
90 99 85.021
91 92 8.768
91 93 45.482
91 94 82.893
91 95 0.947
91 96 86.472
91 97 9.298
91 98 93.908
91 99 2.171
92 93 12.938
92 94 99.562
92 95 78.408
92 96 33.853
92 97 60.408
92 98 45.2
92 99 65.263
93 94 46.93
93 95 57.709
93 96 6.636
93 97 6.114
93 98 8.281
93 99 52.15
94 95 8.688
94 96 36.304
94 97 63.813
94 98 44.778
94 99 78.983
95 96 19.894
95 97 48.158
95 98 59.013
95 99 20.627
96 97 45.572
96 98 69.199
96 99 15.404
97 98 5.429
97 99 18.912
98 99 28.274
