100
0 1 89.626
1 2 60.524
2 3 90.847
3 4 99.988
4 5 23.005
5 6 11.045
6 7 43.48
7 8 1.344
8 9 45.575
9 10 13.39
10 11 46.486
11 12 35.962
12 13 59.045
13 14 16.005
14 15 0.732
15 16 43.515
16 17 49.952
17 18 51.321
18 19 94.36
19 20 81.464
20 21 72.268
21 22 33.094
22 23 41.975
23 24 87.848
24 25 66.684
25 26 41.068
26 27 36.55
27 28 86.879
28 29 74.663
29 30 87.844
30 31 96.669
31 32 27.435
32 33 16.681
33 34 5.133
34 35 69.778
35 36 7.417
36 37 49.115
37 38 32.674
38 39 26.279
39 40 40.232
40 41 58.485
41 42 66.353
42 43 46.051
43 44 74.508
44 45 48.13
45 46 70.507
46 47 62.36
47 48 19.646
48 49 75.578
49 50 68.682
50 51 45.154
51 52 17.596
52 53 18.352
53 54 11.205
54 55 90.32
55 56 82.068
56 57 66.481
57 58 56.21
58 59 15.857
59 60 94.75
60 61 23.331
61 62 50.168
62 63 90.289
63 64 27.157
64 65 32.748
65 66 48.72
66 67 7.0
67 68 85.355
68 69 67.159
69 70 32.718
70 71 88.841
71 72 76.8
72 73 6.297
73 74 7.335
74 75 1.337
75 76 64.903
76 77 93.501
77 78 41.011
78 79 11.364
79 80 4.714
80 81 87.392
81 82 49.391
82 83 73.0
83 84 21.912
84 85 1.207
85 86 12.856
86 87 94.244
87 88 12.539
88 89 67.209
89 90 42.054
90 91 31.125
91 92 33.534
92 93 42.327
93 94 94.013
94 95 92.187
95 96 56.064
96 97 99.895
97 98 25.427
98 99 94.404
28 64 36.814
10 86 87.134
65 29 71.378
35 84 8.008
31 65 85.571
61 66 50.599
87 3 41.608
23 70 91.913
67 75 8.962
38 14 18.809
69 6 16.66
46 13 29.031
20 84 69.475
60 44 49.54
32 83 92.326
13 66 12.518
36 42 39.596
37 10 64.759
47 38 30.691
29 68 28.237
70 94 40.005
75 87 54.159
83 8 75.208
77 73 30.649
59 46 24.98
60 23 82.298
98 73 86.144
69 57 68.947
33 84 30.983
73 50 29.731
38 33 25.227
3 34 58.245
66 27 80.492
55 45 66.423
69 59 62.604
22 40 26.26
91 33 90.476
43 38 22.454
13 87 80.383
12 50 20.786
6 4 39.348
61 2 58.105
31 64 15.32
83 20 35.426
11 2 94.032
9 53 79.752
95 20 81.797
10 4 3.715
77 39 98.516
74 92 76.053
97 77 34.823
63 97 9.913
16 75 47.058
83 39 71.279
69 29 88.218
25 89 36.303
47 14 29.149
16 50 81.879
51 86 68.444
2 23 2.646
7 78 28.156
64 27 18.124
1 39 47.163
81 48 46.891
24 74 9.056
83 71 69.162
71 2 42.294
1 85 33.864
85 71 79.765
55 18 54.602
72 51 12.41
85 82 96.077
8 71 44.75
33 11 79.772
29 78 15.674
43 64 40.596
94 87 41.664
21 87 94.088
25 48 33.75
33 86 82.968
23 38 60.193
4 70 10.417
99 87 75.005
76 62 53.182
89 67 47.39
82 87 13.97
3 95 76.465
30 60 32.996
14 48 51.039
4 56 58.067
50 36 54.78
22 15 78.227
70 49 71.369
31 18 72.022
33 55 32.801
16 70 43.544
9 4 51.275
20 67 43.963
15 20 81.028
10 18 84.675
8 78 58.724
5 16 50.075
91 95 77.166
99 78 41.495
3 10 71.058
1 46 35.731
91 21 89.219
60 63 61.509
39 56 61.506
53 64 94.52
43 61 8.225
74 62 85.742
74 99 38.705
92 29 8.407
68 46 10.056
92 19 99.672
40 17 13.35
80 7 35.701
30 9 84.131
33 36 60.603
98 17 91.481
57 61 52.311
40 78 75.685
20 24 19.617
17 82 98.759
37 23 46.806
27 77 2.412
97 87 32.013
67 99 4.855
39 5 59.104
9 56 23.282
99 51 76.63
31 85 80.681
9 87 45.162
86 50 18.906
0 3 31.416
