100
0 42 3
0 11 36
1 27 15
1 37 22
2 29 2
2 4 31
3 92 14
3 34 27
4 39 8
4 3 21
5 64 18
5 46 19
6 24 24
6 8 28
7 93 4
7 64 11
8 53 44
8 66 18
9 14 15
9 27 48
10 94 45
10 91 26
11 40 17
11 23 49
12 58 47
12 37 2
13 80 4
13 95 24
14 65 40
14 94 5
15 29 25
15 99 5
16 97 5
16 9 32
17 58 42
17 68 5
18 55 42
18 11 30
19 80 1
19 82 12
20 55 30
20 5 34
21 70 14
21 54 50
22 29 34
22 66 1
23 43 33
23 12 44
24 55 37
24 56 40
25 62 25
25 50 50
26 10 29
26 97 50
27 26 3
27 33 34
28 2 46
28 80 28
29 71 33
29 53 19
30 75 22
30 53 41
31 73 40
31 62 49
32 45 7
32 43 12
33 34 43
33 88 33
34 62 23
34 92 11
35 75 35
35 3 49
36 55 22
36 89 45
37 60 37
37 55 20
38 52 1
38 28 47
39 99 15
39 8 27
40 38 33
40 11 29
41 87 22
41 34 8
42 69 31
42 15 5
43 31 17
43 3 45
44 51 29
44 49 9
45 49 8
45 14 46
46 30 13
46 60 8
47 67 2
47 32 26
48 99 50
48 23 14
49 98 14
49 72 37
50 36 24
50 15 39
51 25 12
51 79 49
52 86 13
52 46 15
53 81 46
53 45 32
54 1 32
54 93 19
55 5 47
55 44 4
56 10 21
56 25 25
57 51 7
57 13 44
58 41 30
58 36 37
59 13 29
59 96 16
60 94 15
60 72 50
61 50 10
61 79 5
62 99 32
62 13 33
63 65 30
63 99 24
64 61 8
64 81 29
65 4 21
65 25 29
66 84 18
66 48 47
67 27 15
67 6 38
68 8 5
68 90 33
69 28 7
69 70 3
70 78 15
70 54 1
71 87 43
71 81 1
72 19 1
72 93 42
73 38 25
73 72 50
74 81 25
74 86 8
75 11 39
75 13 30
76 16 49
76 6 16
77 48 50
77 5 10
78 31 13
78 63 45
79 39 1
79 60 22
80 67 34
80 32 39
81 12 1
81 58 14
82 63 5
82 5 31
83 60 44
83 42 22
84 17 11
84 35 50
85 33 3
85 40 28
86 4 47
86 84 39
87 36 19
87 93 10
88 68 35
88 14 19
89 34 33
89 44 31
90 42 19
90 3 21
91 26 22
91 64 30
92 21 46
92 18 38
93 73 35
93 23 1
94 44 42
94 71 37
95 68 4
95 71 27
96 72 29
96 74 17
97 39 37
97 15 42
98 51 34
98 43 18
99 1 35
99 86 48