100
7 65 95.643
7 3 51.932
7 41 46.632
7 5 68.121
7 1 49.824
65 22 42.539
65 93 97.562
65 81 62.404
65 1 95.456
48 62 21.34
48 83 90.682
48 40 76.143
48 51 45.47
48 55 18.752
62 60 4.636
62 22 0.316
62 44 45.333
62 8 26.566
8 63 57.877
8 9 24.981
8 28 81.9
8 83 11.808
63 70 60.865
63 34 64.519
63 31 21.828
63 71 94.738
16 28 86.949
16 19 90.009
16 15 16.111
16 94 14.541
16 73 94.393
28 74 60.05
28 70 51.994
28 25 31.191
22 68 16.291
22 52 89.356
22 67 97.129
68 67 49.014
68 20 93.651
68 12 31.83
68 85 30.358
66 76 94.095
66 59 31.233
66 93 33.816
66 51 7.221
66 75 44.294
76 30 59.863
76 64 85.142
76 36 6.221
76 32 0.621
15 50 5.908
15 42 24.135
15 6 76.167
15 64 0.936
50 56 8.669
50 85 62.88
50 30 66.243
50 18 20.657
40 60 29.227
40 11 67.991
40 43 56.831
40 87 11.133
60 91 57.026
60 77 64.483
60 42 63.585
3 90 31.163
3 5 11.093
3 13 68.072
3 98 95.604
18 85 40.888
18 86 10.708
18 78 55.595
18 23 60.949
85 75 36.425
85 82 37.881
57 86 72.336
57 92 36.715
57 13 72.18
57 25 10.529
57 33 14.065
86 44 85.869
86 80 43.577
86 45 45.605
25 54 59.315
25 47 98.953
25 42 25.833
54 87 25.338
54 31 43.428
54 96 89.274
54 79 51.045
6 69 86.145
6 98 52.709
6 30 92.596
6 74 37.569
69 80 72.284
69 72 85.705
69 9 5.809
69 58 3.12
45 75 11.936
45 39 40.921
45 35 35.726
45 73 78.057
75 29 56.091
75 2 84.173
56 61 50.261
56 95 56.567
56 92 4.595
56 37 54.39
61 97 41.308
61 26 69.856
61 51 49.115
61 14 2.291
53 59 77.903
53 0 41.939
53 72 88.5
53 81 87.376
53 77 62.305
59 71 47.454
59 99 7.602
59 35 1.83
39 19 92.388
39 32 64.865
39 47 49.321
39 52 61.898
98 27 95.166
98 41 98.602
98 35 19.296
36 89 39.889
36 17 16.414
36 21 2.344
36 5 57.316
89 38 79.116
89 58 98.467
89 33 83.541
89 9 10.403
41 95 97.335
41 52 57.647
41 94 64.101
95 2 59.51
95 49 11.008
95 11 10.981
83 24 39.979
83 97 9.1
83 2 14.153
44 91 52.437
44 26 21.068
44 34 68.595
23 82 29.699
23 31 45.14
23 43 39.586
23 70 92.05
82 30 60.682
82 33 36.811
82 0 76.933
17 24 71.027
17 38 85.742
17 47 7.357
17 30 27.023
92 73 40.439
92 1 37.725
92 70 88.983
32 90 56.366
32 10 32.39
32 29 75.848
90 71 59.304
90 81 52.228
90 79 24.031
52 49 12.908
52 27 16.014
19 64 52.441
19 38 83.939
19 2 64.552
49 94 76.311
49 93 80.023
49 37 43.088
94 43 75.08
94 31 61.485
71 9 89.226
71 43 32.51
4 35 45.145
4 42 48.155
4 47 75.836
4 27 85.511
4 88 80.204
35 51 25.491
37 91 38.973
37 5 32.514
37 64 48.767
91 96 23.648
91 93 69.704
5 87 81.894
87 21 45.274
87 81 6.695
70 34 24.18
80 88 37.366
80 96 92.225
80 13 95.369
1 78 91.173
1 43 26.705
78 10 79.32
78 29 73.539
78 34 28.058
97 74 51.375
97 27 79.351
97 0 5.12
67 99 79.447
67 46 70.336
67 9 44.831
11 77 21.775
11 46 18.674
11 96 96.525
77 20 83.508
77 10 58.975
20 21 42.396
20 84 43.373
20 79 99.121
93 24 73.329
33 99 30.342
33 0 72.96
99 46 67.701
99 64 56.74
24 34 51.397
24 58 82.863
2 58 39.882
21 74 98.842
21 10 86.578
26 73 79.29
26 55 21.838
26 31 64.83
73 46 76.741
38 58 69.838
38 79 31.91
51 81 26.642
47 84 10.36
88 84 40.471
88 72 45.291
88 74 93.627
42 12 49.788
46 12 6.593
0 12 14.859
96 10 79.003
13 72 67.484
13 27 30.747
84 79 7.922
84 55 13.633
72 14 94.206
12 14 86.129
55 29 23.267
55 14 68.288
29 14 70.272