99
0 31 88.181
0 86 52.109
0 23 28.025
0 64 81.343
0 17 88.147
0 37 58.9
0 70 40.589
0 19 7.342
0 50 25.097
0 57 11.781
0 79 17.363
0 4 55.536
0 39 52.962
0 24 87.273
0 7 86.446
0 33 54.772
0 54 54.719
0 92 3.373
0 60 83.09
0 27 76.04
0 55 92.061
0 5 60.993
0 40 53.774
0 66 55.652
0 15 86.384
0 84 78.262
0 9 37.205
0 10 11.555
0 13 31.974
0 14 87.326
0 25 45.51
0 26 53.351
0 28 38.645
0 29 61.605
0 34 27.939
0 35 73.129
0 43 76.681
0 45 67.381
0 46 48.894
0 47 88.344
0 49 83.611
0 53 17.247
0 56 6.802
0 58 41.634
0 62 78.544
0 65 46.743
0 69 29.261
0 73 62.255
0 75 37.636
0 80 24.963
0 82 13.299
0 87 52.011
0 88 37.095
0 90 6.403
0 93 64.619
0 94 15.837
0 97 61.705
1 36 24.023
1 2 69.286
1 10 95.32
1 32 29.049
1 97 77.17
1 85 95.801
1 17 48.239
1 48 61.596
1 64 69.337
1 55 48.156
1 37 92.147
1 12 29.536
1 52 19.52
1 9 47.415
1 89 49.539
1 38 46.932
1 47 90.399
1 42 62.763
1 6 2.35
1 50 81.075
1 18 45.462
1 8 53.033
1 31 19.202
1 65 40.848
1 96 74.643
1 92 8.588
1 41 73.334
1 77 61.093
1 7 67.017
1 57 39.471
1 62 54.96
1 81 89.852
1 13 91.231
1 20 71.183
1 15 12.392
1 25 10.692
1 22 62.691
1 19 50.904
1 27 72.109
1 4 53.285
1 5 21.107
1 11 16.543
1 16 54.67
1 21 54.964
1 26 5.91
1 28 45.868
1 29 57.904
1 35 75.878
1 40 67.721
1 43 62.754
1 46 5.59
1 49 77.377
1 60 12.434
1 66 92.644
1 67 29.033
1 69 45.214
1 70 17.525
1 72 9.933
1 80 63.69
1 88 52.215
1 91 72.014
1 94 54.016
2 78 9.489
2 76 82.711
2 21 36.371
2 17 61.044
2 96 1.066
2 97 13.013
2 80 46.731
2 12 15.25
2 13 27.583
2 15 26.058
2 18 56.22
2 19 70.673
2 26 84.647
2 29 96.188
2 31 35.244
2 32 46.699
2 35 96.45
2 39 79.712
2 40 97.147
2 41 30.632
2 42 32.682
2 43 58.187
2 44 39.063
2 46 10.551
2 47 27.242
2 49 23.322
2 54 68.533
2 55 77.06
2 56 29.58
2 58 27.864
2 62 6.578
2 65 15.943
2 66 76.051
2 67 49.551
2 69 23.635
2 70 92.499
2 72 71.907
2 84 95.676
2 85 86.549
2 87 11.635
2 91 40.324
2 92 86.571
2 93 34.355
2 94 72.009
2 95 38.111
2 98 33.919
3 89 82.078
3 25 19.428
3 9 17.791
3 68 65.545
3 14 43.978
3 31 67.002
3 82 67.214
3 7 93.334
3 13 66.821
3 17 52.442
3 22 70.307
3 24 77.896
3 26 46.714
3 27 92.553
3 30 85.223
3 32 14.032
3 34 30.608
3 36 94.477
3 37 4.613
3 40 13.086
3 43 86.408
3 46 27.742
3 47 29.255
3 50 98.925
3 61 40.845
3 63 84.097
3 67 59.837
3 76 23.677
3 78 66.909
3 81 47.896
3 85 52.755
3 86 37.868
3 90 84.976
3 91 31.751
3 92 62.434
3 93 90.797
3 94 8.639
3 97 29.268
3 98 2.285
4 35 47.088
4 26 2.66
4 54 54.38
4 75 43.143
4 40 25.84
4 69 8.286
4 6 38.126
4 8 17.982
4 10 10.506
4 11 88.156
4 12 53.825
4 13 59.636
4 14 35.148
4 19 92.003
4 21 57.69
4 24 13.473
4 28 80.862
4 30 19.727
4 32 85.31
4 37 58.331
4 38 69.354
4 42 41.933
4 49 20.113
4 53 51.436
4 55 26.798
4 56 7.132
4 58 17.905
4 60 16.542
4 62 97.365
4 67 30.925
4 79 78.056
4 83 26.117
4 85 68.273
4 86 88.134
4 88 65.218
4 89 73.568
4 90 17.382
4 91 27.229
4 92 56.443
4 93 3.162
4 94 75.194
5 50 19.797
5 53 53.175
5 48 74.708
5 98 74.327
5 51 11.76
5 17 57.164
5 66 34.575
5 34 14.424
5 23 73.635
5 81 60.735
5 89 97.643
5 63 21.651
5 13 90.066
5 9 93.82
5 61 38.032
5 64 67.687
5 44 67.853
5 85 58.041
5 55 34.569
5 30 45.727
5 10 8.525
5 12 28.143
5 15 76.279
5 18 61.281
5 25 73.716
5 26 45.606
5 27 72.786
5 29 15.59
5 32 39.82
5 35 33.86
5 38 21.941
5 42 16.46
5 43 95.183
5 46 23.207
5 47 73.071
5 58 32.576
5 60 73.354
5 65 63.87
5 67 42.487
5 68 26.937
5 69 80.626
5 70 13.057
5 80 81.268
5 82 65.409
5 86 35.292
5 87 15.186
5 88 32.198
5 91 27.278
5 94 54.597
6 44 77.637
6 28 53.979
6 41 83.804
6 60 60.456
6 47 77.672
6 10 3.638
6 21 1.248
6 68 97.553
6 84 82.479
6 96 5.744
6 13 46.597
6 53 74.714
6 94 11.432
6 42 80.931
6 20 13.186
6 93 44.502
6 78 53.215
6 69 11.006
6 7 93.949
6 8 22.625
6 11 82.236
6 17 28.202
6 24 42.727
6 25 34.323
6 30 88.702
6 32 86.81
6 34 27.497
6 35 18.962
6 46 30.317
6 49 92.024
6 54 8.017
6 55 41.163
6 59 58.307
6 62 30.429
6 70 30.52
6 82 37.802
6 85 59.196
6 86 23.863
6 88 51.363
6 91 76.647
6 92 4.982
6 95 16.586
7 67 53.689
7 39 15.114
7 95 48.025
7 75 4.186
7 83 62.459
7 97 26.655
7 78 25.093
7 76 89.312
7 65 20.485
7 17 91.513
7 46 18.478
7 29 48.571
7 10 50.656
7 72 33.779
7 37 39.656
7 89 47.132
7 20 27.859
7 34 35.788
7 44 54.238
7 30 6.374
7 54 53.034
7 15 10.912
7 22 28.296
7 25 45.109
7 26 47.652
7 36 85.167
7 40 47.549
7 41 15.562
7 43 80.666
7 47 18.425
7 55 5.026
7 58 50.688
7 63 53.206
7 68 50.263
7 69 57.862
7 81 97.721
7 84 18.204
7 85 14.984
7 86 53.019
7 87 65.251
7 93 46.45
8 37 58.992
8 69 68.663
8 44 11.198
8 56 41.022
8 57 3.488
8 58 38.892
8 81 23.404
8 96 24.791
8 41 66.563
8 83 21.242
8 51 87.398
8 34 69.553
8 17 95.621
8 22 12.849
8 82 60.044
8 50 44.664
8 10 39.062
8 12 18.727
8 18 76.195
8 25 27.68
8 27 79.978
8 32 96.282
8 39 80.136
8 46 3.259
8 47 66.104
8 49 69.264
8 53 10.595
8 54 96.824
8 55 32.818
8 60 65.578
8 65 85.322
8 66 78.509
8 67 33.072
8 68 67.597
8 70 17.224
8 71 18.761
8 72 6.173
8 73 64.921
8 74 34.746
8 80 40.817
8 84 62.807
8 85 81.357
8 86 32.264
8 90 23.257
8 91 31.223
8 93 31.423
8 94 31.179
8 97 9.704
9 46 51.956
9 88 9.596
9 67 94.696
9 74 39.677
9 66 39.334
9 80 51.233
9 70 49.692
9 72 65.71
9 83 41.29
9 34 55.369
9 87 38.22
9 76 92.485
9 45 45.561
9 75 19.593
9 26 22.789
9 62 63.213
9 14 86.608
9 38 49.602
9 32 87.394
9 59 28.068
9 10 30.19
9 13 46.631
9 17 98.645
9 20 25.343
9 22 23.64
9 24 83.464
9 31 77.503
9 35 6.104
9 42 86.291
9 52 34.53
9 55 33.93
9 58 61.415
9 61 17.954
9 65 69.476
9 68 40.828
9 69 32.828
9 77 2.033
9 82 88.705
9 84 17.95
9 86 85.322
9 93 5.037
9 94 51.738
10 70 79.291
10 66 18.98
10 76 97.131
10 55 81.018
10 31 42.936
10 43 92.596
10 89 3.835
10 60 15.56
10 14 56.458
10 33 64.239
10 86 11.872
10 59 9.21
10 96 21.329
10 75 68.336
10 36 61.336
10 54 9.737
10 62 10.596
10 72 21.569
10 93 16.298
10 29 61.088
10 94 63.972
10 52 29.711
10 68 82.012
10 32 1.574
10 23 25.821
10 47 55.734
10 65 17.3
10 27 79.29
10 13 37.982
10 15 55.427
10 28 83.742
10 71 83.346
10 12 65.942
10 18 95.004
10 26 80.496
10 35 85.91
10 39 72.504
10 40 54.109
10 49 2.368
10 58 13.731
10 67 65.913
10 69 13.618
10 73 29.622
10 83 45.036
10 84 36.179
11 88 89.621
11 93 71.978
11 84 3.779
11 21 42.033
11 70 64.325
11 40 75.103
11 56 89.584
11 27 33.493
11 23 97.08
11 69 10.775
11 73 82.547
11 79 6.205
11 54 74.51
11 26 71.595
11 31 31.265
11 66 21.209
11 65 82.987
11 72 27.068
11 80 3.377
11 67 9.542
11 47 51.294
11 14 1.872
11 15 76.311
11 16 34.792
11 17 55.409
11 18 14.09
11 22 4.98
11 25 45.643
11 28 78.636
11 33 63.051
11 37 74.809
11 42 93.938
11 43 92.507
11 50 18.164
11 59 60.245
11 63 95.591
11 68 48.898
11 74 97.595
11 82 29.686
11 85 20.765
11 90 34.994
11 91 67.052
12 50 73.329
12 20 60.266
12 28 34.398
12 48 85.564
12 63 9.85
12 22 76.368
12 81 9.246
12 68 59.578
12 41 29.635
12 87 43.559
12 93 8.027
12 29 45.737
12 77 49.479
12 13 41.863
12 24 23.719
12 33 15.135
12 72 66.97
12 79 57.945
12 43 73.532
12 70 52.339
12 88 16.338
12 19 42.8
12 30 89.722
12 56 88.566
12 83 15.588
12 95 91.183
12 38 69.344
12 51 79.531
12 97 64.225
12 61 96.12
12 80 22.321
12 49 22.109
12 25 89.814
12 17 33.996
12 35 34.012
12 39 95.833
12 47 66.731
12 53 14.699
12 58 69.706
12 60 79.418
12 65 56.495
12 73 62.354
12 82 63.68
12 85 69.676
12 90 57.608
12 91 51.867
13 41 92.457
13 59 9.201
13 36 75.72
13 57 28.502
13 22 30.093
13 33 8.005
13 78 92.997
13 43 29.489
13 54 15.937
13 87 6.664
13 82 20.285
13 21 54.776
13 40 66.344
13 74 13.969
13 80 97.575
13 72 83.552
13 32 37.641
13 66 53.147
13 89 52.554
13 63 70.209
13 65 60.746
13 86 15.618
13 75 8.11
13 30 39.183
13 70 18.895
13 52 16.94
13 68 44.339
13 34 68.702
13 83 43.655
13 23 38.348
13 88 39.946
13 19 58.53
13 25 75.514
13 28 43.646
13 29 59.99
13 37 81.979
13 42 51.949
13 46 69.519
13 47 14.867
13 49 69.213
13 56 24.34
13 58 86.587
13 64 75.479
13 67 38.011
13 84 5.039
13 85 83.976
13 91 87.949
13 93 36.653
13 94 2.539
14 55 74.142
14 36 82.665
14 42 56.227
14 62 88.295
14 45 56.164
14 38 29.618
14 15 90.342
14 64 33.112
14 23 95.436
14 65 71.306
14 18 72.687
14 50 52.417
14 52 92.471
14 95 44.342
14 59 87.054
14 43 8.352
14 77 13.807
14 97 68.182
14 81 73.626
14 58 84.904
14 47 63.273
14 70 56.063
14 54 17.11
14 16 56.016
14 20 46.861
14 24 22.989
14 25 56.885
14 26 46.788
14 28 73.019
14 29 88.118
14 31 81.081
14 41 57.564
14 46 32.538
14 66 5.441
14 76 37.22
14 80 19.546
14 85 95.228
14 87 91.362
14 88 91.737
14 89 47.285
14 90 46.012
14 91 32.977
14 93 20.57
14 94 54.63
14 98 91.749
15 42 37.895
15 80 7.23
15 55 58.5
15 18 39.631
15 35 30.651
15 37 53.914
15 94 1.358
15 45 41.424
15 78 90.817
15 68 58.561
15 64 44.788
15 34 82.186
15 82 22.843
15 22 59.913
15 40 86.682
15 72 28.032
15 31 1.39
15 44 72.963
15 77 16.103
15 57 91.608
15 30 89.465
15 67 60.356
15 24 61.488
15 38 7.052
15 56 59.994
15 17 80.345
15 19 55.043
15 26 38.037
15 43 40.322
15 46 74.581
15 47 22.982
15 50 37.395
15 58 7.074
15 61 80.595
15 66 23.274
15 70 88.948
15 75 98.269
15 79 90.793
15 85 68.09
15 87 2.352
15 91 12.415
15 93 70.423
15 96 94.898
15 97 7.447
15 98 16.646
16 70 17.835
16 19 56.906
16 52 90.234
16 32 30.059
16 35 17.664
16 87 82.022
16 82 75.84
16 62 52.685
16 17 13.756
16 18 7.604
16 21 52.551
16 23 67.872
16 26 63.134
16 31 73.857
16 33 89.531
16 34 60.744
16 40 10.054
16 42 88.953
16 46 7.509
16 47 40.694
16 53 84.414
16 58 29.668
16 61 20.663
16 65 61.818
16 67 39.601
16 69 36.478
16 73 65.692
16 78 78.711
16 79 68.639
16 80 64.417
16 81 60.512
16 84 63.119
16 85 68.23
16 86 91.247
16 90 70.042
16 91 65.176
16 93 95.827
16 94 67.645
16 97 25.16
16 98 12.704
17 54 90.475
17 48 59.475
17 95 20.385
17 96 76.689
17 42 98.875
17 58 92.873
17 30 55.023
17 21 68.026
17 77 2.794
17 62 63.777
17 33 64.724
17 69 8.415
17 61 36.594
17 91 40.525
17 45 27.437
17 24 82.251
17 60 5.18
17 98 88.212
17 70 71.762
17 82 29.582
17 64 90.624
17 83 6.867
17 68 71.692
17 22 11.23
17 81 29.716
17 71 81.108
17 79 94.366
17 76 89.126
17 32 32.348
17 31 97.089
17 88 76.606
17 35 82.028
17 93 37.931
17 92 97.276
17 90 75.864
17 52 9.361
17 36 92.902
17 63 15.447
17 57 82.805
17 59 18.626
17 39 87.195
17 18 86.591
17 19 30.291
17 26 63.472
17 27 62.47
17 29 40.358
17 43 61.817
17 44 41.198
17 47 43.74
17 49 7.789
17 53 41.246
17 65 81.285
17 66 26.339
17 67 74.593
17 85 43.514
17 87 49.958
17 94 5.285
18 32 13.348
18 45 29.726
18 83 94.905
18 72 4.279
18 31 52.24
18 86 15.417
18 73 92.564
18 90 19.711
18 69 49.564
18 78 61.701
18 58 37.126
18 30 93.372
18 57 57.308
18 44 17.109
18 37 21.152
18 70 41.97
18 63 18.25
18 53 29.686
18 89 36.938
18 62 89.757
18 61 86.579
18 36 50.757
18 64 84.353
18 48 33.855
18 67 11.181
18 27 18.707
18 98 64.309
18 41 46.586
18 77 19.847
18 49 51.187
18 28 63.792
18 85 73.769
18 93 68.586
18 95 5.344
18 35 51.295
18 47 77.563
18 68 75.299
18 88 53.242
18 20 91.395
18 24 22.198
18 26 5.445
18 29 6.293
18 46 35.368
18 55 71.94
18 59 71.171
18 65 82.85
18 66 19.207
18 92 12.968
18 97 64.902
19 20 33.771
19 32 60.489
19 21 67.344
19 23 26.521
19 34 49.7
19 77 3.761
19 35 35.744
19 85 17.335
19 52 29.172
19 91 66.585
19 93 2.314
19 58 24.317
19 83 1.325
19 69 41.004
19 43 3.655
19 41 13.66
19 88 16.555
19 62 45.72
19 31 78.061
19 38 30.608
19 75 63.233
19 36 69.48
19 48 4.814
19 94 36.174
19 87 50.666
19 92 24.892
19 59 71.907
19 44 52.067
19 79 11.906
19 22 92.363
19 24 20.488
19 25 92.954
19 28 69.841
19 37 81.431
19 39 38.406
19 40 22.47
19 45 33.241
19 46 23.16
19 47 69.57
19 53 58.675
19 54 67.614
19 55 80.415
19 56 83.118
19 65 69.338
19 66 11.979
19 68 93.083
19 78 18.755
19 82 32.688
19 90 22.692
19 97 42.351
20 55 15.658
20 95 31.067
20 69 77.919
20 81 25.077
20 83 30.378
20 36 89.591
20 85 92.073
20 49 90.131
20 63 96.876
20 37 85.11
20 82 49.492
20 61 70.949
20 51 19.712
20 35 14.388
20 73 26.108
20 21 53.055
20 23 45.511
20 26 3.359
20 28 88.769
20 29 66.619
20 30 9.942
20 32 55.274
20 39 96.891
20 41 37.843
20 42 72.321
20 43 29.852
20 45 61.609
20 47 96.304
20 56 74.454
20 58 1.148
20 60 91.088
20 65 31.969
20 66 23.884
20 72 9.991
20 79 48.046
20 86 84.402
20 89 23.671
20 91 69.091
20 92 48.997
20 94 69.133
20 96 26.502
20 97 94.047
21 96 37.274
21 60 89.493
21 40 5.291
21 82 73.281
21 23 98.606
21 92 53.333
21 46 27.47
21 73 47.322
21 68 62.535
21 50 53.097
21 80 7.921
21 62 91.822
21 51 35.629
21 45 95.624
21 57 28.364
21 72 8.784
21 88 32.431
21 87 10.415
21 41 20.838
21 39 96.486
21 63 7.818
21 49 93.53
21 79 19.38
21 64 95.955
21 28 72.609
21 30 1.531
21 35 80.831
21 36 8.469
21 38 97.447
21 48 11.12
21 52 32.493
21 55 18.992
21 59 44.024
21 66 94.322
21 71 49.866
21 83 81.759
21 85 83.117
21 86 62.158
21 91 9.887
21 93 6.87
21 94 5.049
21 97 62.409
22 65 68.387
22 87 29.812
22 90 82.625
22 55 42.148
22 74 96.147
22 71 48.544
22 46 46.247
22 98 63.097
22 77 73.72
22 25 72.149
22 80 71.986
22 78 34.984
22 24 20.844
22 48 73.159
22 67 17.776
22 69 10.981
22 45 18.074
22 33 20.61
22 35 51.848
22 93 92.505
22 39 33.906
22 66 38.768
22 57 87.336
22 84 10.939
22 28 16.944
22 79 14.519
22 63 52.445
22 88 18.487
22 85 89.633
22 60 12.163
22 56 34.155
22 36 96.996
22 51 16.488
22 89 70.929
22 68 73.204
22 73 47.487
22 37 53.364
22 27 52.544
22 23 11.559
22 26 48.057
22 29 52.112
22 34 83.668
22 38 66.329
22 40 36.289
22 42 31.246
22 49 35.066
22 50 39.75
22 54 98.031
22 58 1.043
22 59 61.727
22 64 35.8
22 76 70.259
22 81 63.247
22 82 23.758
22 91 51.487
22 92 21.671
22 94 75.167
22 96 21.285
22 97 8.351
23 46 65.474
23 68 56.696
23 82 39.658
23 63 60.248
23 52 49.919
23 54 22.376
23 70 44.413
23 42 71.883
23 88 5.413
23 93 15.188
23 72 18.275
23 98 91.35
23 30 15.646
23 84 2.023
23 92 80.838
23 73 9.738
23 50 43.576
23 26 1.273
23 39 68.462
23 78 94.653
23 71 42.798
23 49 89.109
23 45 10.346
23 55 12.709
23 41 69.471
23 36 61.443
23 83 27.417
23 29 50.58
23 37 28.487
23 91 82.063
23 31 1.139
23 43 84.315
23 47 58.984
23 48 95.665
23 58 39.528
23 64 16.682
23 65 70.571
23 66 89.179
23 69 4.551
23 79 54.083
23 85 38.806
23 94 93.201
24 42 4.731
24 53 2.552
24 44 61.919
24 25 45.9
24 98 34.974
24 62 87.633
24 67 20.979
24 47 41.631
24 35 30.987
24 41 34.703
24 61 79.644
24 56 47.564
24 90 94.679
24 96 74.907
24 50 34.568
24 78 85.783
24 39 57.768
24 26 82.067
24 28 48.839
24 30 4.301
24 31 25.171
24 38 71.923
24 43 96.558
24 46 88.782
24 54 4.533
24 58 4.876
24 59 49.642
24 65 73.294
24 66 15.925
24 69 82.733
24 73 72.206
24 80 71.921
24 86 78.323
24 87 63.607
24 88 7.445
24 91 98.946
24 95 48.684
25 38 21.336
25 74 71.547
25 59 68.78
25 88 92.419
25 40 43.433
25 44 87.385
25 67 12.468
25 84 1.953
25 62 14.688
25 95 18.829
25 36 37.066
25 55 84.329
25 31 34.015
25 87 11.867
25 97 82.339
25 54 81.185
25 58 9.148
25 35 43.15
25 66 67.17
25 68 58.087
25 86 53.539
25 93 40.451
25 26 48.701
25 50 49.308
25 83 47.338
25 75 68.493
25 47 8.095
25 37 70.947
25 27 68.865
25 52 27.125
25 46 35.418
25 33 92.726
25 30 17.579
25 78 43.99
25 69 89.361
25 77 67.567
25 73 62.938
25 48 57.197
25 51 85.734
25 56 32.939
25 57 20.384
25 60 91.99
25 63 29.275
25 70 35.55
25 72 25.611
25 80 33.955
25 82 32.679
25 89 70.98
25 90 28.887
25 91 29.685
25 92 90.648
25 94 34.121
25 96 16.462
26 53 89.899
26 42 22.452
26 46 90.762
26 51 50.85
26 28 66.316
26 64 95.772
26 69 64.192
26 92 25.433
26 87 26.482
26 84 8.084
26 73 2.743
26 79 80.863
26 71 11.206
26 74 4.783
26 82 50.249
26 35 57.057
26 40 86.661
26 48 95.073
26 63 15.932
26 93 34.416
26 72 57.268
26 41 84.254
26 89 75.607
26 33 31.244
26 61 43.61
26 77 26.835
26 43 92.091
26 60 94.184
26 68 41.42
26 36 46.028
26 88 95.918
26 91 70.686
26 55 90.279
26 94 74.142
26 31 96.776
26 47 11.223
26 50 88.304
26 56 4.184
26 57 18.498
26 65 15.953
26 67 19.968
26 76 57.194
26 83 56.42
26 97 28.86
26 98 12.561
27 47 25.456
27 56 56.82
27 29 30.021
27 88 97.593
27 28 26.586
27 49 56.554
27 72 32.28
27 67 21.431
27 53 4.765
27 52 40.057
27 42 52.09
27 84 81.089
27 80 40.461
27 32 82.946
27 39 76.089
27 36 85.847
27 34 95.574
27 35 17.665
27 38 98.584
27 41 90.046
27 43 28.426
27 50 11.477
27 55 92.709
27 58 6.38
27 59 72.703
27 61 94.208
27 63 37.034
27 64 35.145
27 65 79.841
27 66 85.812
27 70 39.104
27 76 2.038
27 79 93.444
27 82 87.668
27 83 54.229
27 86 58.354
27 91 39.342
27 93 13.219
27 94 85.978
28 34 98.332
28 66 89.505
28 65 80.59
28 54 63.452
28 98 52.896
28 86 47.639
28 59 19.264
28 49 54.245
28 83 29.317
28 62 30.433
28 29 23.057
28 68 19.991
28 40 98.76
28 84 1.012
28 64 5.384
28 77 69.859
28 30 83.95
28 44 41.053
28 57 62.75
28 72 46.663
28 74 15.005
28 73 80.751
28 38 7.713
28 94 9.811
28 51 51.719
28 31 51.596
28 32 81.537
28 35 77.074
28 41 36.336
28 46 39.414
28 53 93.818
28 56 62.138
28 60 58.983
28 63 5.626
28 71 68.227
28 80 85.689
28 85 45.911
28 91 30.535
28 93 59.072
28 97 70.897
29 98 80.155
29 30 19.229
29 61 36.055
29 56 72.814
29 32 95.663
29 71 95.198
29 72 55.683
29 84 43.141
29 46 97.936
29 47 71.573
29 92 68.912
29 31 58.634
29 70 92.63
29 93 35.784
29 86 43.302
29 55 53.803
29 85 48.963
29 95 76.188
29 36 40.349
29 87 40.459
29 89 63.183
29 97 47.92
29 44 84.37
29 33 50.406
29 35 57.597
29 37 13.294
29 40 66.798
29 49 54.648
29 58 53.127
29 59 76.432
29 64 2.676
29 69 96.918
29 82 1.19
29 88 22.547
29 90 53.262
29 91 97.773
29 94 39.18
30 35 42.133
30 70 75.117
30 90 43.124
30 74 23.648
30 46 40.975
30 82 41.968
30 69 94.081
30 89 63.896
30 96 3.324
30 66 92.587
30 32 16.952
30 48 90.435
30 81 6.362
30 40 32.754
30 31 18.82
30 39 14.965
30 41 81.526
30 50 39.53
30 53 89.818
30 56 74.756
30 59 78.489
30 65 64.215
30 71 19.868
30 72 21.335
30 83 36.389
30 86 47.658
30 87 62.596
30 88 54.788
30 94 72.956
30 97 32.758
31 33 89.476
31 55 32.436
31 63 50.409
31 84 29.603
31 66 14.743
31 91 77.331
31 92 64.609
31 48 14.288
31 90 95.834
31 77 33.768
31 35 59.267
31 46 68.181
31 49 75.913
31 79 19.402
31 51 37.308
31 45 21.011
31 32 84.943
31 57 71.848
31 38 67.652
31 82 11.902
31 41 93.587
31 81 68.832
31 39 29.96
31 97 62.238
31 61 63.364
31 50 45.129
31 71 39.092
31 40 24.366
31 37 35.841
31 58 74.936
31 65 95.364
31 68 98.285
31 69 5.774
31 72 13.129
31 76 97.863
31 80 88.689
31 85 19.19
31 87 56.1
31 88 84.348
31 93 18.622
31 94 65.378
32 76 41.265
32 49 81.861
32 62 78.194
32 78 12.887
32 95 22.383
32 52 56.445
32 55 85.933
32 56 30.82
32 36 2.795
32 98 8.01
32 35 81.686
32 48 42.467
32 61 8.636
32 64 82.337
32 63 14.562
32 77 17.086
32 71 42.452
32 33 62.811
32 83 5.579
32 74 30.639
32 43 52.062
32 41 11.63
32 59 98.086
32 37 98.51
32 79 87.969
32 42 75.091
32 47 67.868
32 66 43.174
32 67 64.231
32 69 12.803
32 70 93.211
32 72 28.94
32 80 30.352
32 82 21.622
32 84 70.458
32 85 45.607
32 86 5.595
32 88 52.36
32 91 71.33
32 92 18.852
32 93 84.291
33 62 91.902
33 92 93.937
33 34 62.535
33 65 84.061
33 35 64.243
33 37 74.246
33 41 35.829
33 42 88.218
33 43 98.317
33 46 97.987
33 47 71.232
33 50 68.828
33 53 72.961
33 55 36.304
33 59 46.097
33 61 39.03
33 63 40.304
33 67 5.712
33 71 96.909
33 73 65.223
33 76 32.727
33 79 83.242
33 80 91.751
33 83 38.852
33 93 26.078
33 97 70.26
34 58 33.944
34 48 88.698
34 91 18.897
34 38 41.94
34 77 31.846
34 87 36.415
34 74 64.469
34 68 98.846
34 93 78.458
34 41 83.813
34 47 70.216
34 66 61.751
34 35 48.82
34 37 95.361
34 40 62.78
34 49 32.793
34 50 88.855
34 51 35.012
34 54 58.226
34 55 5.04
34 63 34.727
34 69 38.32
34 70 36.466
34 71 4.806
34 72 7.285
34 73 39.945
34 75 82.005
34 76 14.649
34 82 6.809
34 85 78.444
34 86 3.326
34 94 60.547
35 93 9.856
35 63 71.705
35 96 20.887
35 37 60.095
35 40 88.817
35 38 27.975
35 85 69.695
35 90 21.823
35 83 58.273
35 61 59.986
35 48 76.765
35 51 84.201
35 68 44.756
35 36 58.39
35 57 86.715
35 80 67.442
35 92 22.571
35 79 29.795
35 56 49.855
35 41 49.249
35 69 39.278
35 84 4.321
35 75 49.494
35 62 42.916
35 71 63.268
35 98 39.953
35 76 50.05
35 67 98.157
35 70 21.108
35 97 70.905
35 64 49.377
35 55 16.652
35 45 80.136
35 66 44.884
35 86 18.762
35 39 41.825
35 42 40.093
35 46 41.835
35 52 96.839
35 59 92.376
35 60 40.899
35 65 2.279
35 73 56.325
35 82 54.286
35 88 70.229
35 91 86.591
35 94 20.862
36 90 19.237
36 84 22.164
36 51 13.196
36 52 29.046
36 91 49.82
36 56 20.057
36 92 84.165
36 81 91.755
36 67 68.316
36 87 91.992
36 71 45.688
36 50 12.11
36 37 94.489
36 40 2.493
36 43 6.932
36 46 2.813
36 55 56.482
36 58 72.056
36 59 79.031
36 62 48.296
36 63 57.001
36 65 1.185
36 66 16.498
36 68 1.089
36 70 1.982
36 72 23.241
36 76 11.964
36 80 48.179
36 85 80.549
36 86 25.81
36 93 39.803
36 97 18.578
37 63 18.46
37 97 88.076
37 62 40.693
37 87 94.829
37 61 56.926
37 81 25.006
37 49 78.987
37 38 93.203
37 77 42.153
37 52 3.327
37 69 53.335
37 89 60.677
37 51 20.863
37 68 36.099
37 66 47.298
37 67 65.498
37 44 40.561
37 60 27.847
37 70 71.005
37 84 98.127
37 43 89.816
37 91 96.07
37 94 24.228
37 90 41.647
37 98 75.21
37 39 91.825
37 40 59.343
37 42 81.901
37 58 87.275
37 59 73.804
37 71 63.314
37 72 59.493
37 76 65.321
37 82 13.32
37 83 21.68
37 86 62.807
37 93 19.705
37 95 1.293
38 52 5.881
38 92 51.565
38 91 93.367
38 50 66.043
38 42 70.471
38 78 86.467
38 44 42.495
38 56 98.891
38 82 18.223
38 87 50.047
38 63 22.08
38 77 59.66
38 48 61.812
38 41 4.954
38 79 6.809
38 73 65.376
38 74 10.957
38 97 20.641
38 57 38.043
38 84 73.588
38 72 45.497
38 47 14.927
38 88 76.376
38 59 30.504
38 39 38.394
38 43 2.043
38 46 60.907
38 58 57.435
38 61 89.674
38 66 55.541
38 67 94.926
38 70 70.78
38 76 48.203
38 85 59.855
38 90 51.836
38 93 38.11
38 94 26.267
38 95 55.07
38 96 88.03
38 98 1.837
39 98 56.87
39 59 60.229
39 70 8.001
39 52 92.111
39 69 64.247
39 55 33.199
39 51 82.47
39 90 24.538
39 95 58.181
39 73 89.797
39 74 5.396
39 54 63.403
39 72 90.454
39 76 42.199
39 57 68.727
39 86 87.299
39 93 90.61
39 77 61.026
39 85 98.615
39 84 59.258
39 97 3.92
39 64 17.954
39 40 36.409
39 41 63.672
39 49 64.685
39 58 62.023
39 60 64.468
39 62 2.82
39 87 56.173
39 88 92.584
39 92 54.83
39 94 17.765
40 55 88.546
40 42 98.466
40 77 30.529
40 78 41.643
40 51 52.046
40 48 92.605
40 80 29.363
40 92 91.926
40 53 12.065
40 83 89.131
40 94 55.007
40 96 84.429
40 47 69.474
40 98 14.121
40 73 13.318
40 79 62.076
40 49 88.7
40 75 40.163
40 46 58.846
40 58 32.592
40 64 6.912
40 82 52.376
40 74 78.932
40 81 39.787
40 41 87.203
40 43 76.121
40 50 15.933
40 52 81.605
40 59 87.977
40 60 46.824
40 62 68.595
40 63 6.003
40 65 8.793
40 69 68.486
40 72 86.8
40 85 64.214
40 86 40.189
40 87 23.337
40 88 55.215
40 93 23.754
40 97 86.138
41 85 2.118
41 46 69.107
41 82 34.597
41 93 58.813
41 94 40.543
41 54 54.366
41 55 47.553
41 76 88.56
41 42 83.269
41 84 13.8
41 44 64.201
41 80 76.614
41 89 91.355
41 65 18.136
41 51 38.129
41 43 80.238
41 86 46.528
41 87 26.577
41 77 50.743
41 78 49.822
41 69 68.207
41 50 83.867
41 56 70.651
41 58 74.923
41 60 81.701
41 63 25.729
41 67 67.763
41 70 48.905
41 72 67.46
41 73 14.492
41 83 7.265
41 90 75.533
41 97 40.95
42 47 5.362
42 95 69.729
42 89 62.989
42 78 14.068
42 92 7.656
42 91 19.929
42 85 89.574
42 84 32.237
42 90 69.669
42 53 64.319
42 58 42.883
42 61 84.63
42 77 96.328
42 51 19.031
42 57 85.005
42 70 27.454
42 52 14.945
42 62 76.577
42 69 82.317
42 94 80.927
42 87 65.724
42 74 61.925
42 48 37.161
42 97 96.779
42 79 16.739
42 65 51.887
42 83 97.594
42 49 87.139
42 50 78.874
42 54 18.564
42 55 35.434
42 59 26.62
42 67 5.731
42 76 85.238
42 80 64.415
42 82 12.008
42 86 75.919
42 88 17.226
42 93 31.989
42 98 27.097
43 63 16.644
43 49 75.971
43 58 62.793
43 86 24.773
43 81 76.888
43 44 50.455
43 55 74.197
43 80 62.188
43 61 49.406
43 97 2.813
43 95 18.768
43 46 55.218
43 65 86.799
43 93 19.903
43 90 44.912
43 73 46.05
43 47 77.7
43 50 50.109
43 67 52.91
43 53 70.343
43 66 63.574
43 69 18.153
43 70 54.611
43 83 89.379
43 88 62.061
43 94 48.776
43 96 41.21
44 85 40.071
44 88 2.693
44 80 79.07
44 93 44.944
44 60 85.655
44 45 3.47
44 48 93.931
44 51 94.381
44 52 6.216
44 55 48.762
44 59 59.024
44 61 22.484
44 64 91.881
44 65 27.5
44 67 72.795
44 69 39.145
44 70 16.766
44 73 45.346
44 74 47.154
44 81 85.593
44 82 37.51
44 91 25.188
44 92 79.094
44 94 14.929
45 98 27.816
45 54 92.705
45 80 86.55
45 93 3.538
45 60 7.403
45 63 81.381
45 51 2.069
45 56 24.722
45 77 70.495
45 46 70.637
45 47 14.211
45 55 97.26
45 58 29.68
45 59 30.188
45 62 53.447
45 65 78.752
45 69 71.975
45 70 9.429
45 72 17.021
45 75 89.33
45 82 54.733
45 85 8.756
45 89 44.66
45 90 94.64
45 94 42.061
46 51 73.181
46 66 65.935
46 88 70.577
46 92 78.106
46 54 30.231
46 87 73.801
46 61 61.554
46 64 67.417
46 93 6.574
46 84 94.452
46 70 77.313
46 83 11.459
46 71 80.324
46 81 22.367
46 94 39.143
46 49 80.475
46 52 77.292
46 97 93.503
46 80 76.533
46 85 45.81
46 48 53.152
46 69 42.598
46 79 40.158
46 55 77.902
46 77 33.359
46 90 7.269
46 98 36.504
46 65 17.031
46 53 15.656
46 50 84.327
46 58 66.583
46 59 18.224
46 63 91.704
46 68 66.952
46 91 33.849
47 94 29.611
47 62 34.155
47 89 43.332
47 70 32.888
47 83 63.61
47 95 92.472
47 84 88.014
47 64 20.7
47 55 32.287
47 53 32.994
47 60 19.737
47 54 84.871
47 63 10.732
47 98 4.058
47 68 83.246
47 92 7.91
47 79 91.368
47 86 79.537
47 80 20.628
47 71 50.16
47 81 29.578
47 74 63.323
47 66 63.026
47 73 13.611
47 88 59.799
47 78 79.238
47 69 29.074
47 77 10.373
47 49 97.697
47 50 23.908
47 82 75.827
47 56 71.755
47 57 20.776
47 72 50.236
47 91 16.331
47 93 88.453
47 96 97.557
48 62 26.618
48 85 79.927
48 87 35.239
48 80 66.617
48 90 58.416
48 53 14.28
48 55 55.795
48 56 33.336
48 59 93.233
48 63 32.904
48 65 2.164
48 68 63.94
48 69 95.414
48 71 33.892
48 76 96.53
48 78 1.429
48 81 8.655
48 82 5.431
48 83 75.964
48 86 85.507
48 88 28.393
48 92 62.387
48 93 6.225
48 94 45.52
48 95 89.562
49 89 75.966
49 56 3.868
49 64 87.987
49 53 18.406
49 68 53.561
49 97 13.638
49 96 37.79
49 73 57.539
49 54 39.307
49 76 75.693
49 60 60.417
49 67 5.432
49 81 8.585
49 77 70.849
49 55 4.061
49 90 74.279
49 71 67.121
49 59 22.531
49 51 49.031
49 57 69.463
49 80 41.665
49 50 73.148
49 52 68.204
49 61 46.272
49 65 75.958
49 66 58.174
49 72 48.855
49 82 98.036
49 83 71.832
49 85 53.517
49 86 48.314
49 88 34.93
49 92 6.645
50 94 11.849
50 54 71.932
50 52 8.444
50 93 44.331
50 96 88.206
50 63 10.848
50 80 18.76
50 84 59.191
50 86 82.069
50 57 63.19
50 66 6.092
50 59 87.198
50 61 69.205
50 87 53.325
50 97 98.384
50 62 21.655
50 91 66.135
50 75 70.49
50 90 29.664
50 89 71.105
50 53 55.139
50 95 51.255
50 55 72.412
50 56 91.649
50 60 83.596
50 64 42.421
50 65 54.212
50 67 71.985
50 69 66.325
50 70 7.568
50 72 48.23
50 85 14.171
50 92 71.949
51 70 11.81
51 84 26.974
51 66 56.233
51 68 44.578
51 80 39.417
51 64 60.005
51 65 13.052
51 72 11.917
51 73 70.353
51 79 6.39
51 85 12.707
51 86 91.484
51 89 32.654
51 90 90.903
51 91 13.791
51 97 62.901
52 72 29.879
52 89 19.896
52 59 83.463
52 63 2.311
52 66 58.722
52 70 8.828
52 76 31.424
52 78 95.865
52 84 58.155
52 88 15.75
52 90 57.362
52 91 53.767
52 93 52.551
52 96 21.796
52 98 50.026
53 77 91.79
53 82 44.637
53 95 11.519
53 80 51.021
53 87 63.337
53 65 58.545
53 84 85.814
53 70 44.375
53 83 34.214
53 57 6.597
53 69 55.581
53 60 52.947
53 74 81.007
53 90 64.429
53 55 96.826
53 63 98.648
53 88 28.821
53 96 66.241
53 81 18.95
53 66 93.435
53 92 24.302
53 73 15.662
53 75 82.716
53 86 50.338
53 89 84.707
53 93 22.949
53 94 78.296
53 97 70.521
54 59 5.232
54 68 61.324
54 85 51.286
54 67 45.742
54 55 74.143
54 60 75.402
54 64 56.533
54 94 56.869
54 77 13.186
54 92 35.9
54 56 9.072
54 57 87.822
54 69 42.516
54 70 3.771
54 71 63.164
54 72 66.227
54 73 94.324
54 80 40.442
54 84 66.341
54 86 58.693
54 87 79.259
54 88 3.033
54 98 66.344
55 66 73.882
55 64 2.215
55 94 8.569
55 79 97.244
55 74 52.861
55 78 90.008
55 83 64.913
55 91 55.835
55 87 58.846
55 96 16.361
55 70 92.047
55 62 88.224
55 67 53.564
55 56 98.145
55 84 71.617
55 95 63.068
55 82 24.77
55 85 63.118
55 80 38.924
55 98 65.453
55 86 71.085
55 90 11.623
55 69 13.87
55 60 51.291
55 58 88.838
55 63 21.692
55 59 83.219
55 68 59.745
55 71 24.224
55 72 76.766
55 75 39.285
55 81 69.485
55 92 76.745
55 93 87.708
55 97 54.422
56 94 22.479
56 92 97.367
56 73 98.923
56 68 10.484
56 93 63.454
56 70 31.142
56 75 7.783
56 81 60.306
56 83 81.957
56 74 38.861
56 62 9.669
56 64 74.623
56 58 37.957
56 63 75.212
56 66 90.424
56 69 51.929
56 72 21.407
56 78 88.306
56 85 68.248
56 86 70.804
56 88 60.817
56 90 94.05
56 91 63.528
56 97 47.31
56 98 4.936
57 90 49.35
57 74 49.003
57 98 32.536
57 79 70.194
57 59 54.768
57 65 35.463
57 66 97.38
57 67 91.137
57 72 59.586
57 80 54.442
57 91 23.795
57 93 63.115
57 94 23.156
57 97 95.126
58 97 66.015
58 69 16.243
58 94 5.786
58 72 94.371
58 64 40.352
58 74 3.138
58 87 63.293
58 61 4.138
58 82 37.71
58 65 59.843
58 93 21.515
58 80 7.634
58 95 71.578
58 59 49.843
58 98 15.397
58 77 69.015
58 84 41.765
58 85 76.241
58 71 8.043
58 76 7.026
58 73 30.701
58 81 95.876
58 83 14.222
58 86 22.064
58 88 19.706
58 89 14.822
58 91 91.514
59 82 95.558
59 60 39.153
59 67 87.743
59 86 54.483
59 65 41.617
59 81 42.117
59 83 32.41
59 91 3.465
59 62 8.62
59 88 39.233
59 64 80.105
59 66 16.066
59 70 51.829
59 71 37.844
59 72 56.413
59 73 18.511
59 76 84.572
59 77 66.907
59 85 93.182
59 87 80.451
59 92 32.589
59 93 47.73
59 94 6.421
60 81 33.949
60 62 53.517
60 68 52.557
60 63 82.109
60 77 61.986
60 71 41.962
60 93 10.367
60 70 50.776
60 61 59.711
60 66 13.502
60 67 38.987
60 69 42.652
60 72 6.992
60 73 96.076
60 75 46.783
60 86 69.815
60 87 13.776
60 88 90.622
60 91 6.37
60 92 61.155
60 94 33.621
60 97 67.335
61 98 44.668
61 97 13.215
61 64 64.854
61 86 12.978
61 94 85.172
61 96 93.718
61 66 96.182
61 85 13.488
61 79 63.204
61 72 72.302
61 90 46.426
61 89 57.753
61 68 93.232
61 65 17.83
61 67 18.977
61 87 95.983
61 88 75.502
61 91 72.788
61 93 16.119
62 64 28.005
62 68 38.401
62 81 90.585
62 86 63.091
62 94 65.487
62 72 93.053
62 63 81.719
62 65 9.405
62 67 63.222
62 69 37.895
62 70 24.282
62 75 65.376
62 78 4.491
62 80 14.08
62 82 95.42
62 83 98.165
62 89 73.417
62 91 88.73
63 93 71.695
63 78 18.173
63 68 2.559
63 66 24.709
63 96 86.972
63 85 4.912
63 98 20.09
63 69 3.623
63 90 41.064
63 73 87.994
63 65 60.082
63 87 10.48
63 84 86.451
63 67 70.88
63 70 74.563
63 75 12.305
63 80 46.643
63 86 21.651
63 88 52.996
63 89 60.303
63 97 57.833
64 95 81.4
64 81 63.371
64 79 92.291
64 74 64.558
64 86 29.601
64 82 11.778
64 71 28.814
64 65 42.898
64 67 19.862
64 70 66.47
64 76 25.326
64 80 94.639
64 89 46.503
64 91 21.718
64 93 3.805
64 94 81.002
65 90 79.54
65 80 81.219
65 92 93.319
65 93 6.497
65 70 61.639
65 68 89.061
65 83 73.63
65 87 79.794
65 73 63.057
65 91 57.452
65 95 88.374
65 72 71.413
65 71 58.506
65 79 55.31
65 98 95.631
65 94 71.674
65 97 94.418
65 84 61.211
65 85 57.391
65 86 14.091
65 88 13.417
66 80 30.861
66 91 2.728
66 78 47.613
66 72 93.253
66 81 7.464
66 67 79.323
66 74 27.883
66 95 3.338
66 83 22.254
66 87 44.717
66 85 82.579
66 73 88.836
66 92 71.28
66 77 40.601
66 86 68.455
66 70 68.748
66 93 76.833
66 82 56.152
66 71 6.819
66 94 30.651
66 69 94.534
66 76 75.145
66 84 47.161
66 68 30.906
66 89 49.695
66 96 77.021
66 97 82.496
67 88 77.278
67 79 26.168
67 84 67.309
67 86 57.431
67 71 75.435
67 93 72.268
67 89 97.129
67 87 85.758
67 94 91.248
67 91 51.82
67 77 35.488
67 97 43.386
67 73 16.564
67 68 36.701
67 76 23.062
67 70 81.768
67 72 58.484
67 82 78.612
67 85 55.911
67 78 25.791
67 80 32.736
67 92 79.462
67 98 98.96
68 96 87.14
68 94 54.131
68 86 28.305
68 91 84.425
68 74 20.839
68 90 26.036
68 73 68.777
68 69 59.384
68 72 97.122
68 80 50.707
68 81 35.658
68 82 9.52
68 88 83.77
68 93 68.531
69 82 22.88
69 74 14.116
69 73 42.765
69 92 83.882
69 70 18.472
69 91 48.901
69 94 20.125
69 89 17.922
69 95 2.768
69 96 77.707
69 81 55.668
69 80 92.271
69 86 94.757
69 87 79.808
69 93 91.627
69 77 57.082
69 78 83.492
69 84 13.743
69 88 14.155
69 97 18.452
70 80 3.046
70 87 5.508
70 77 77.845
70 72 86.4
70 74 40.675
70 76 34.854
70 92 98.78
70 81 1.891
70 94 88.447
70 84 80.784
70 83 67.08
70 95 97.349
70 90 12.737
70 86 11.941
70 75 36.308
70 78 17.937
70 79 49.893
70 85 73.254
70 89 12.142
70 93 20.175
70 97 96.441
70 98 84.603
71 83 85.677
71 75 11.548
71 80 83.01
71 79 32.753
71 94 94.962
71 89 84.832
71 84 11.88
71 72 52.38
71 73 24.798
71 78 50.6
71 85 23.909
71 88 80.982
71 90 43.087
71 93 89.291
71 95 11.107
71 97 78.041
72 87 21.85
72 76 2.065
72 77 5.604
72 80 25.155
72 86 12.036
72 94 19.274
72 73 2.809
72 81 58.722
72 93 25.431
72 85 9.492
72 92 62.241
72 90 17.636
72 75 73.83
72 79 65.02
72 82 70.833
72 88 59.55
72 89 93.486
72 97 61.424
73 93 31.527
73 79 45.469
73 77 56.372
73 74 76.177
73 81 89.526
73 78 44.188
73 75 69.79
73 76 17.327
73 82 55.824
73 96 12.881
73 97 8.728
73 91 17.769
73 85 28.83
73 83 29.436
73 89 27.493
73 87 25.532
74 76 73.816
74 98 78.064
74 77 50.509
74 82 56.562
74 83 72.344
74 84 82.744
74 85 10.221
74 90 26.556
74 92 3.74
74 94 29.647
74 97 55.791
75 85 73.396
75 92 56.495
75 81 31.634
75 98 14.661
75 94 74.177
75 93 74.469
75 96 51.056
75 76 91.164
75 80 9.051
75 82 97.872
75 83 93.025
75 88 62.563
76 90 6.766
76 88 27.421
76 98 98.086
76 87 76.136
76 80 32.964
76 93 19.746
76 81 7.211
76 92 91.473
76 85 83.098
76 86 91.116
76 89 3.709
77 85 71.269
77 79 69.264
77 88 26.462
77 78 82.012
77 82 9.614
77 83 27.452
77 86 82.076
77 87 90.095
77 90 48.534
77 94 22.015
78 79 54.193
78 86 71.22
78 89 64.621
78 85 10.669
78 82 45.416
78 83 26.702
78 90 69.725
78 93 77.174
78 94 41.473
78 95 82.051
78 98 26.885
79 88 16.91
79 80 32.445
79 82 81.44
79 83 78.369
79 84 61.431
79 86 58.531
79 87 11.605
79 91 72.741
79 93 58.652
79 94 10.409
79 95 31.258
79 97 29.778
80 82 38.5
80 93 10.102
80 85 6.916
80 96 42.597
80 89 69.514
80 95 53.915
80 87 46.857
80 97 70.873
80 83 11.255
80 90 10.517
80 91 19.222
80 92 24.024
81 93 91.305
81 85 66.27
81 91 23.918
81 94 9.806
81 97 35.931
82 89 79.35
82 93 23.992
82 94 53.278
82 88 78.946
82 83 40.985
82 97 8.994
82 90 28.197
82 92 75.093
82 85 10.457
82 87 51.782
82 91 96.139
82 95 88.489
82 98 28.552
83 84 15.965
83 95 64.215
83 97 34.37
83 92 82.682
83 93 39.645
83 87 64.327
83 96 32.379
83 88 79.757
83 89 38.263
83 90 21.032
83 91 3.033
83 94 4.846
84 91 74.048
84 96 68.549
84 95 47.45
84 85 2.68
84 86 31.143
84 88 6.995
84 90 29.544
84 94 49.814
85 94 31.51
85 89 53.411
85 92 86.533
85 96 53.446
85 86 39.421
85 98 82.383
85 91 84.097
85 93 92.645
85 97 79.623
86 88 10.371
86 96 52.734
86 87 6.733
86 94 85.634
86 95 23.361
86 90 20.855
86 92 53.6
86 93 56.827
86 91 2.172
86 97 95.106
87 95 54.623
87 91 93.469
87 98 11.53
87 89 58.422
87 92 1.12
87 93 37.44
87 94 58.355
87 96 62.071
88 95 30.168
88 94 47.607
88 91 9.374
88 97 14.621
88 92 91.138
88 96 96.917
88 93 26.328
88 98 40.01
89 94 58.016
89 97 65.192
89 91 60.378
89 98 1.463
89 96 84.872
89 95 70.689
90 92 68.813
90 93 72.355
90 91 25.741
90 95 36.411
90 96 97.66
90 97 39.004
91 93 52.394
91 97 46.286
91 98 53.784
91 96 60.598
91 95 14.33
91 92 32.52
91 94 11.234
92 97 59.369
92 93 66.773
92 95 44.071
92 94 86.922
92 98 7.078
93 97 19.073
93 94 47.32
93 95 97.094
93 98 73.203
93 96 26.764
94 95 49.214
94 97 71.775
95 97 3.495
95 98 49.744
96 98 46.344
