92
0 1 87
0 2 34
0 3 67
0 4 22
0 5 50
0 6 95
0 7 95
0 8 58
0 9 26
0 10 93
0 11 33
0 12 61
0 13 38
0 14 87
0 15 87
0 16 92
0 17 1
0 18 74
0 19 4
0 20 11
0 21 69
0 22 38
0 23 41
0 24 83
0 25 84
0 26 64
0 27 38
0 28 48
0 29 94
0 30 95
0 31 31
0 32 44
0 33 83
0 34 6
0 35 37
0 36 73
0 37 12
0 38 55
0 39 66
0 40 15
0 41 78
0 42 40
0 43 60
0 44 40
0 45 53
0 46 22
0 47 28
0 48 49
0 49 15
0 50 41
0 51 86
0 52 83
0 53 53
0 54 42
0 55 64
0 56 23
0 57 3
0 58 99
0 59 75
0 60 65
0 61 67
0 62 41
0 63 12
0 64 96
0 65 22
0 66 76
0 67 47
0 68 76
0 69 47
0 70 1
0 71 40
0 72 22
0 73 12
0 74 90
0 75 59
0 76 51
0 77 79
0 78 90
0 79 40
0 80 3
0 81 42
0 82 92
0 83 69
0 84 50
0 85 41
0 86 45
0 87 53
0 88 14
0 89 20
0 90 35
0 91 49
1 2 56
1 3 75
1 4 96
1 5 63
1 6 46
1 7 80
1 8 45
1 9 82
1 10 14
1 11 69
1 12 65
1 13 5
1 14 74
1 15 23
1 16 76
1 17 11
1 18 59
1 19 28
1 20 5
1 21 80
1 22 66
1 23 82
1 24 12
1 25 46
1 26 65
1 27 3
1 28 32
1 29 78
1 30 87
1 31 78
1 32 9
1 33 73
1 34 16
1 35 10
1 36 62
1 37 89
1 38 99
1 39 77
1 40 56
1 41 96
1 42 37
1 43 80
1 44 5
1 45 11
1 46 78
1 47 42
1 48 11
1 49 67
1 50 99
1 51 25
1 52 74
1 53 22
1 54 93
1 55 74
1 56 99
1 57 95
1 58 57
1 59 89
1 60 3
1 61 49
1 62 23
1 63 63
1 64 87
1 65 57
1 66 13
1 67 4
1 68 82
1 69 33
1 70 21
1 71 27
1 72 75
1 73 23
1 74 89
1 75 71
1 76 33
1 77 18
1 78 57
1 79 54
1 80 42
1 81 89
1 82 69
1 83 91
1 84 26
1 85 20
1 86 31
1 87 6
1 88 99
1 89 5
1 90 19
1 91 50
2 3 22
2 4 96
2 5 93
2 6 59
2 7 17
2 8 16
2 9 84
2 10 91
2 11 12
2 12 93
2 13 48
2 14 5
2 15 3
2 16 51
2 17 47
2 18 29
2 19 35
2 20 25
2 21 95
2 22 51
2 23 61
2 24 99
2 25 96
2 26 75
2 27 89
2 28 70
2 29 5
2 30 12
2 31 52
2 32 93
2 33 99
2 34 85
2 35 27
2 36 53
2 37 48
2 38 93
2 39 62
2 40 29
2 41 36
2 42 50
2 43 2
2 44 96
2 45 2
2 46 4
2 47 27
2 48 95
2 49 82
2 50 70
2 51 54
2 52 13
2 53 35
2 54 91
2 55 8
2 56 70
2 57 35
2 58 88
2 59 73
2 60 39
2 61 40
2 62 76
2 63 48
2 64 34
2 65 91
2 66 23
2 67 51
2 68 70
2 69 7
2 70 98
2 71 32
2 72 4
2 73 61
2 74 4
2 75 41
2 76 9
2 77 99
2 78 51
2 79 10
2 80 37
2 81 50
2 82 44
2 83 94
2 84 42
2 85 76
2 86 86
2 87 68
2 88 57
2 89 44
2 90 6
2 91 59
3 4 69
3 5 38
3 6 63
3 7 74
3 8 87
3 9 48
3 10 43
3 11 21
3 12 3
3 13 53
3 14 46
3 15 43
3 16 99
3 17 25
3 18 92
3 19 88
3 20 83
3 21 65
3 22 9
3 23 51
3 24 70
3 25 44
3 26 46
3 27 85
3 28 96
3 29 96
3 30 41
3 31 64
3 32 43
3 33 8
3 34 15
3 35 10
3 36 87
3 37 80
3 38 99
3 39 83
3 40 90
3 41 92
3 42 28
3 43 75
3 44 93
3 45 75
3 46 51
3 47 51
3 48 62
3 49 73
3 50 72
3 51 70
3 52 81
3 53 41
3 54 63
3 55 4
3 56 91
3 57 34
3 58 2
3 59 50
3 60 70
3 61 56
3 62 6
3 63 50
3 64 31
3 65 31
3 66 76
3 67 73
3 68 25
3 69 66
3 70 15
3 71 85
3 72 53
3 73 83
3 74 34
3 75 47
3 76 15
3 77 50
3 78 4
3 79 44
3 80 12
3 81 93
3 82 88
3 83 26
3 84 1
3 85 68
3 86 63
3 87 85
3 88 91
3 89 88
3 90 55
3 91 75
4 5 88
4 6 10
4 7 49
4 8 49
4 9 28
4 10 4
4 11 34
4 12 80
4 13 64
4 14 87
4 15 17
4 16 64
4 17 13
4 18 21
4 19 35
4 20 60
4 21 73
4 22 42
4 23 49
4 24 3
4 25 5
4 26 69
4 27 77
4 28 44
4 29 30
4 30 31
4 31 81
4 32 11
4 33 54
4 34 24
4 35 15
4 36 80
4 37 30
4 38 61
4 39 67
4 40 96
4 41 60
4 42 72
4 43 12
4 44 24
4 45 87
4 46 48
4 47 67
4 48 48
4 49 19
4 50 65
4 51 13
4 52 81
4 53 93
4 54 36
4 55 19
4 56 40
4 57 96
4 58 73
4 59 86
4 60 49
4 61 67
4 62 52
4 63 8
4 64 87
4 65 72
4 66 16
4 67 20
4 68 85
4 69 64
4 70 58
4 71 67
4 72 79
4 73 11
4 74 19
4 75 9
4 76 23
4 77 77
4 78 79
4 79 6
4 80 76
4 81 10
4 82 78
4 83 84
4 84 28
4 85 92
4 86 51
4 87 40
4 88 67
4 89 97
4 90 38
4 91 58
5 6 95
5 7 57
5 8 47
5 9 35
5 10 72
5 11 81
5 12 48
5 13 53
5 14 1
5 15 60
5 16 86
5 17 77
5 18 76
5 19 72
5 20 37
5 21 39
5 22 3
5 23 62
5 24 92
5 25 59
5 26 83
5 27 71
5 28 96
5 29 22
5 30 64
5 31 31
5 32 49
5 33 25
5 34 33
5 35 14
5 36 82
5 37 53
5 38 53
5 39 18
5 40 26
5 41 11
5 42 54
5 43 2
5 44 98
5 45 22
5 46 83
5 47 92
5 48 59
5 49 22
5 50 67
5 51 78
5 52 33
5 53 47
5 54 87
5 55 26
5 56 26
5 57 36
5 58 47
5 59 34
5 60 76
5 61 22
5 62 16
5 63 43
5 64 41
5 65 38
5 66 13
5 67 82
5 68 64
5 69 6
5 70 86
5 71 35
5 72 10
5 73 18
5 74 51
5 75 57
5 76 85
5 77 6
5 78 40
5 79 87
5 80 18
5 81 10
5 82 65
5 83 77
5 84 38
5 85 32
5 86 16
5 87 87
5 88 49
5 89 87
5 90 44
5 91 92
6 7 86
6 8 9
6 9 62
6 10 5
6 11 32
6 12 21
6 13 97
6 14 4
6 15 19
6 16 57
6 17 30
6 18 16
6 19 99
6 20 82
6 21 79
6 22 70
6 23 86
6 24 96
6 25 91
6 26 20
6 27 52
6 28 2
6 29 71
6 30 85
6 31 70
6 32 48
6 33 40
6 34 67
6 35 57
6 36 30
6 37 53
6 38 40
6 39 26
6 40 7
6 41 22
6 42 79
6 43 57
6 44 43
6 45 65
6 46 58
6 47 92
6 48 42
6 49 9
6 50 33
6 51 68
6 52 93
6 53 57
6 54 6
6 55 57
6 56 2
6 57 13
6 58 69
6 59 81
6 60 24
6 61 13
6 62 76
6 63 95
6 64 54
6 65 87
6 66 63
6 67 38
6 68 45
6 69 39
6 70 86
6 71 36
6 72 37
6 73 52
6 74 19
6 75 62
6 76 1
6 77 45
6 78 82
6 79 44
6 80 62
6 81 41
6 82 57
6 83 34
6 84 17
6 85 54
6 86 10
6 87 73
6 88 77
6 89 57
6 90 28
6 91 80
7 8 50
7 9 24
7 10 49
7 11 55
7 12 53
7 13 37
7 14 55
7 15 16
7 16 3
7 17 66
7 18 66
7 19 46
7 20 80
7 21 47
7 22 88
7 23 5
7 24 46
7 25 81
7 26 90
7 27 42
7 28 28
7 29 21
7 30 85
7 31 39
7 32 21
7 33 39
7 34 69
7 35 64
7 36 47
7 37 43
7 38 3
7 39 80
7 40 26
7 41 28
7 42 41
7 43 36
7 44 86
7 45 9
7 46 29
7 47 2
7 48 1
7 49 40
7 50 28
7 51 35
7 52 84
7 53 3
7 54 28
7 55 68
7 56 3
7 57 96
7 58 37
7 59 97
7 60 77
7 61 12
7 62 62
7 63 21
7 64 75
7 65 71
7 66 91
7 67 31
7 68 78
7 69 70
7 70 9
7 71 12
7 72 95
7 73 69
7 74 86
7 75 50
7 76 25
7 77 74
7 78 14
7 79 14
7 80 40
7 81 25
7 82 74
7 83 54
7 84 17
7 85 87
7 86 42
7 87 66
7 88 38
7 89 33
7 90 98
7 91 29
8 9 78
8 10 20
8 11 27
8 12 18
8 13 64
8 14 65
8 15 47
8 16 23
8 17 33
8 18 38
8 19 39
8 20 26
8 21 73
8 22 46
8 23 31
8 24 85
8 25 79
8 26 26
8 27 68
8 28 49
8 29 91
8 30 50
8 31 96
8 32 61
8 33 1
8 34 75
8 35 92
8 36 54
8 37 90
8 38 39
8 39 29
8 40 27
8 41 86
8 42 55
8 43 75
8 44 30
8 45 20
8 46 44
8 47 93
8 48 79
8 49 82
8 50 25
8 51 19
8 52 36
8 53 64
8 54 27
8 55 42
8 56 9
8 57 13
8 58 1
8 59 87
8 60 80
8 61 1
8 62 51
8 63 1
8 64 89
8 65 2
8 66 92
8 67 52
8 68 42
8 69 50
8 70 3
8 71 70
8 72 13
8 73 62
8 74 20
8 75 10
8 76 23
8 77 59
8 78 69
8 79 18
8 80 13
8 81 75
8 82 88
8 83 54
8 84 1
8 85 40
8 86 1
8 87 2
8 88 90
8 89 70
8 90 80
8 91 28
9 10 27
9 11 22
9 12 13
9 13 47
9 14 32
9 15 95
9 16 79
9 17 58
9 18 99
9 19 99
9 20 48
9 21 73
9 22 59
9 23 53
9 24 82
9 25 4
9 26 73
9 27 1
9 28 78
9 29 93
9 30 92
9 31 56
9 32 31
9 33 83
9 34 31
9 35 41
9 36 4
9 37 90
9 38 65
9 39 97
9 40 78
9 41 42
9 42 51
9 43 39
9 44 82
9 45 15
9 46 15
9 47 4
9 48 83
9 49 24
9 50 30
9 51 91
9 52 84
9 53 4
9 54 1
9 55 40
9 56 23
9 57 64
9 58 53
9 59 26
9 60 50
9 61 62
9 62 50
9 63 13
9 64 93
9 65 1
9 66 60
9 67 64
9 68 61
9 69 41
9 70 52
9 71 6
9 72 29
9 73 61
9 74 67
9 75 90
9 76 80
9 77 25
9 78 67
9 79 75
9 80 79
9 81 18
9 82 35
9 83 46
9 84 5
9 85 33
9 86 36
9 87 93
9 88 46
9 89 1
9 90 49
9 91 26
10 11 46
10 12 14
10 13 18
10 14 89
10 15 23
10 16 99
10 17 15
10 18 10
10 19 30
10 20 68
10 21 48
10 22 64
10 23 57
10 24 92
10 25 15
10 26 60
10 27 20
10 28 88
10 29 70
10 30 10
10 31 12
10 32 29
10 33 11
10 34 36
10 35 13
10 36 28
10 37 54
10 38 79
10 39 46
10 40 38
10 41 82
10 42 48
10 43 1
10 44 47
10 45 17
10 46 5
10 47 64
10 48 69
10 49 54
10 50 35
10 51 51
10 52 60
10 53 93
10 54 33
10 55 5
10 56 1
10 57 97
10 58 67
10 59 56
10 60 41
10 61 22
10 62 74
10 63 15
10 64 11
10 65 73
10 66 16
10 67 9
10 68 43
10 69 79
10 70 75
10 71 19
10 72 37
10 73 43
10 74 57
10 75 16
10 76 10
10 77 77
10 78 14
10 79 16
10 80 13
10 81 5
10 82 16
10 83 16
10 84 53
10 85 95
10 86 98
10 87 46
10 88 52
10 89 9
10 90 36
10 91 81
11 12 17
11 13 5
11 14 18
11 15 83
11 16 93
11 17 26
11 18 95
11 19 48
11 20 15
11 21 68
11 22 89
11 23 24
11 24 5
11 25 7
11 26 1
11 27 73
11 28 14
11 29 35
11 30 24
11 31 98
11 32 22
11 33 66
11 34 80
11 35 97
11 36 95
11 37 57
11 38 72
11 39 86
11 40 5
11 41 29
11 42 73
11 43 35
11 44 18
11 45 35
11 46 24
11 47 41
11 48 41
11 49 2
11 50 75
11 51 78
11 52 69
11 53 27
11 54 60
11 55 75
11 56 11
11 57 51
11 58 3
11 59 29
11 60 98
11 61 48
11 62 83
11 63 87
11 64 52
11 65 57
11 66 34
11 67 3
11 68 58
11 69 74
11 70 45
11 71 58
11 72 51
11 73 3
11 74 43
11 75 95
11 76 88
11 77 56
11 78 34
11 79 36
11 80 84
11 81 33
11 82 90
11 83 38
11 84 49
11 85 35
11 86 16
11 87 70
11 88 94
11 89 5
11 90 63
11 91 19
12 13 72
12 14 53
12 15 18
12 16 42
12 17 99
12 18 3
12 19 71
12 20 94
12 21 64
12 22 95
12 23 18
12 24 39
12 25 55
12 26 52
12 27 19
12 28 43
12 29 72
12 30 67
12 31 74
12 32 38
12 33 98
12 34 31
12 35 98
12 36 87
12 37 59
12 38 43
12 39 27
12 40 29
12 41 51
12 42 77
12 43 41
12 44 65
12 45 98
12 46 99
12 47 84
12 48 38
12 49 30
12 50 86
12 51 86
12 52 42
12 53 38
12 54 3
12 55 60
12 56 93
12 57 46
12 58 98
12 59 72
12 60 54
12 61 70
12 62 72
12 63 42
12 64 86
12 65 53
12 66 12
12 67 24
12 68 56
12 69 91
12 70 65
12 71 43
12 72 63
12 73 12
12 74 51
12 75 21
12 76 70
12 77 58
12 78 15
12 79 1
12 80 92
12 81 45
12 82 36
12 83 79
12 84 2
12 85 46
12 86 16
12 87 14
12 88 26
12 89 49
12 90 50
12 91 99
13 14 38
13 15 13
13 16 92
13 17 11
13 18 39
13 19 90
13 20 41
13 21 70
13 22 78
13 23 10
13 24 40
13 25 38
13 26 97
13 27 78
13 28 45
13 29 17
13 30 40
13 31 88
13 32 80
13 33 90
13 34 37
13 35 18
13 36 3
13 37 26
13 38 84
13 39 7
13 40 4
13 41 93
13 42 41
13 43 87
13 44 36
13 45 88
13 46 50
13 47 67
13 48 80
13 49 83
13 50 28
13 51 83
13 52 3
13 53 62
13 54 52
13 55 36
13 56 44
13 57 98
13 58 3
13 59 48
13 60 46
13 61 54
13 62 37
13 63 1
13 64 14
13 65 81
13 66 76
13 67 92
13 68 50
13 69 32
13 70 76
13 71 80
13 72 40
13 73 82
13 74 82
13 75 59
13 76 97
13 77 68
13 78 73
13 79 30
13 80 16
13 81 87
13 82 15
13 83 21
13 84 87
13 85 49
13 86 42
13 87 66
13 88 62
13 89 46
13 90 87
13 91 89
14 15 49
14 16 6
14 17 12
14 18 28
14 19 27
14 20 42
14 21 83
14 22 35
14 23 66
14 24 57
14 25 18
14 26 8
14 27 15
14 28 19
14 29 39
14 30 42
14 31 18
14 32 3
14 33 96
14 34 58
14 35 96
14 36 45
14 37 91
14 38 56
14 39 32
14 40 82
14 41 19
14 42 38
14 43 94
14 44 50
14 45 75
14 46 24
14 47 11
14 48 34
14 49 48
14 50 84
14 51 32
14 52 7
14 53 33
14 54 13
14 55 18
14 56 1
14 57 75
14 58 10
14 59 15
14 60 47
14 61 45
14 62 26
14 63 33
14 64 54
14 65 51
14 66 83
14 67 8
14 68 3
14 69 99
14 70 84
14 71 55
14 72 43
14 73 84
14 74 38
14 75 64
14 76 70
14 77 73
14 78 25
14 79 37
14 80 15
14 81 11
14 82 66
14 83 64
14 84 46
14 85 31
14 86 55
14 87 73
14 88 97
14 89 93
14 90 48
14 91 46
15 16 90
15 17 81
15 18 92
15 19 74
15 20 89
15 21 57
15 22 17
15 23 88
15 24 1
15 25 82
15 26 52
15 27 26
15 28 74
15 29 92
15 30 33
15 31 99
15 32 21
15 33 83
15 34 99
15 35 65
15 36 23
15 37 69
15 38 31
15 39 27
15 40 54
15 41 61
15 42 18
15 43 80
15 44 93
15 45 86
15 46 43
15 47 49
15 48 85
15 49 82
15 50 83
15 51 57
15 52 65
15 53 18
15 54 99
15 55 84
15 56 2
15 57 41
15 58 7
15 59 14
15 60 75
15 61 16
15 62 38
15 63 21
15 64 82
15 65 6
15 66 41
15 67 93
15 68 25
15 69 24
15 70 52
15 71 25
15 72 60
15 73 48
15 74 27
15 75 30
15 76 39
15 77 40
15 78 86
15 79 64
15 80 54
15 81 4
15 82 89
15 83 9
15 84 27
15 85 76
15 86 97
15 87 99
15 88 16
15 89 83
15 90 11
15 91 40
16 17 95
16 18 55
16 19 43
16 20 21
16 21 25
16 22 15
16 23 90
16 24 39
16 25 99
16 26 94
16 27 21
16 28 23
16 29 81
16 30 74
16 31 8
16 32 48
16 33 64
16 34 84
16 35 98
16 36 49
16 37 68
16 38 45
16 39 88
16 40 50
16 41 81
16 42 54
16 43 75
16 44 8
16 45 19
16 46 99
16 47 21
16 48 41
16 49 97
16 50 28
16 51 34
16 52 86
16 53 49
16 54 25
16 55 75
16 56 81
16 57 58
16 58 91
16 59 19
16 60 29
16 61 26
16 62 73
16 63 80
16 64 45
16 65 10
16 66 32
16 67 25
16 68 63
16 69 95
16 70 61
16 71 5
16 72 69
16 73 38
16 74 37
16 75 86
16 76 34
16 77 13
16 78 6
16 79 72
16 80 58
16 81 57
16 82 28
16 83 57
16 84 82
16 85 66
16 86 61
16 87 38
16 88 81
16 89 14
16 90 94
16 91 15
17 18 79
17 19 37
17 20 81
17 21 4
17 22 31
17 23 14
17 24 74
17 25 38
17 26 71
17 27 54
17 28 19
17 29 40
17 30 35
17 31 94
17 32 6
17 33 78
17 34 11
17 35 54
17 36 38
17 37 6
17 38 30
17 39 46
17 40 57
17 41 14
17 42 80
17 43 16
17 44 20
17 45 99
17 46 38
17 47 27
17 48 7
17 49 33
17 50 56
17 51 2
17 52 8
17 53 5
17 54 56
17 55 35
17 56 68
17 57 64
17 58 86
17 59 59
17 60 62
17 61 21
17 62 14
17 63 26
17 64 20
17 65 34
17 66 56
17 67 9
17 68 51
17 69 18
17 70 48
17 71 53
17 72 16
17 73 28
17 74 61
17 75 5
17 76 65
17 77 15
17 78 81
17 79 55
17 80 26
17 81 16
17 82 68
17 83 47
17 84 75
17 85 85
17 86 25
17 87 38
17 88 27
17 89 37
17 90 87
17 91 46
18 19 56
18 20 31
18 21 9
18 22 45
18 23 31
18 24 42
18 25 24
18 26 69
18 27 21
18 28 98
18 29 36
18 30 84
18 31 4
18 32 7
18 33 90
18 34 18
18 35 82
18 36 49
18 37 59
18 38 45
18 39 70
18 40 77
18 41 13
18 42 61
18 43 98
18 44 78
18 45 44
18 46 34
18 47 50
18 48 42
18 49 96
18 50 2
18 51 41
18 52 43
18 53 31
18 54 53
18 55 30
18 56 78
18 57 56
18 58 33
18 59 9
18 60 46
18 61 54
18 62 6
18 63 2
18 64 39
18 65 43
18 66 94
18 67 89
18 68 93
18 69 37
18 70 12
18 71 14
18 72 87
18 73 6
18 74 51
18 75 53
18 76 56
18 77 62
18 78 57
18 79 60
18 80 52
18 81 72
18 82 84
18 83 32
18 84 79
18 85 56
18 86 95
18 87 20
18 88 27
18 89 9
18 90 64
18 91 11
19 20 96
19 21 49
19 22 18
19 23 88
19 24 40
19 25 1
19 26 85
19 27 4
19 28 40
19 29 85
19 30 14
19 31 45
19 32 80
19 33 24
19 34 12
19 35 75
19 36 55
19 37 71
19 38 14
19 39 49
19 40 10
19 41 16
19 42 5
19 43 69
19 44 64
19 45 92
19 46 39
19 47 45
19 48 9
19 49 34
19 50 5
19 51 23
19 52 64
19 53 88
19 54 73
19 55 48
19 56 3
19 57 73
19 58 95
19 59 28
19 60 24
19 61 65
19 62 21
19 63 99
19 64 48
19 65 13
19 66 64
19 67 20
19 68 80
19 69 4
19 70 14
19 71 39
19 72 39
19 73 49
19 74 79
19 75 60
19 76 48
19 77 22
19 78 58
19 79 99
19 80 20
19 81 56
19 82 57
19 83 85
19 84 51
19 85 95
19 86 30
19 87 4
19 88 15
19 89 9
19 90 36
19 91 23
20 21 74
20 22 1
20 23 52
20 24 6
20 25 30
20 26 45
20 27 64
20 28 85
20 29 14
20 30 18
20 31 86
20 32 3
20 33 11
20 34 88
20 35 57
20 36 20
20 37 61
20 38 12
20 39 40
20 40 66
20 41 15
20 42 34
20 43 20
20 44 64
20 45 22
20 46 6
20 47 17
20 48 86
20 49 73
20 50 6
20 51 79
20 52 49
20 53 84
20 54 41
20 55 94
20 56 31
20 57 1
20 58 56
20 59 73
20 60 75
20 61 73
20 62 2
20 63 35
20 64 18
20 65 68
20 66 4
20 67 99
20 68 32
20 69 1
20 70 20
20 71 74
20 72 94
20 73 68
20 74 43
20 75 38
20 76 27
20 77 77
20 78 29
20 79 82
20 80 31
20 81 46
20 82 20
20 83 23
20 84 21
20 85 49
20 86 60
20 87 81
20 88 36
20 89 2
20 90 78
20 91 54
21 22 81
21 23 11
21 24 10
21 25 56
21 26 37
21 27 29
21 28 54
21 29 43
21 30 83
21 31 61
21 32 49
21 33 59
21 34 81
21 35 90
21 36 22
21 37 27
21 38 19
21 39 23
21 40 7
21 41 14
21 42 69
21 43 26
21 44 78
21 45 93
21 46 70
21 47 15
21 48 83
21 49 27
21 50 55
21 51 83
21 52 41
21 53 64
21 54 12
21 55 92
21 56 43
21 57 51
21 58 31
21 59 21
21 60 63
21 61 46
21 62 12
21 63 26
21 64 12
21 65 42
21 66 47
21 67 77
21 68 88
21 69 70
21 70 96
21 71 76
21 72 67
21 73 45
21 74 55
21 75 89
21 76 51
21 77 37
21 78 18
21 79 4
21 80 65
21 81 43
21 82 51
21 83 57
21 84 14
21 85 44
21 86 91
21 87 76
21 88 77
21 89 80
21 90 34
21 91 23
22 23 65
22 24 81
22 25 65
22 26 63
22 27 81
22 28 26
22 29 41
22 30 99
22 31 28
22 32 13
22 33 83
22 34 34
22 35 42
22 36 68
22 37 83
22 38 5
22 39 65
22 40 41
22 41 89
22 42 60
22 43 15
22 44 45
22 45 97
22 46 15
22 47 71
22 48 44
22 49 10
22 50 3
22 51 53
22 52 81
22 53 64
22 54 84
22 55 47
22 56 36
22 57 2
22 58 87
22 59 73
22 60 42
22 61 28
22 62 53
22 63 8
22 64 28
22 65 42
22 66 35
22 67 55
22 68 66
22 69 86
22 70 91
22 71 54
22 72 51
22 73 53
22 74 77
22 75 81
22 76 13
22 77 74
22 78 51
22 79 16
22 80 15
22 81 77
22 82 42
22 83 53
22 84 80
22 85 68
22 86 44
22 87 92
22 88 62
22 89 46
22 90 27
22 91 82
23 24 62
23 25 45
23 26 40
23 27 29
23 28 3
23 29 9
23 30 63
23 31 37
23 32 23
23 33 18
23 34 21
23 35 82
23 36 77
23 37 94
23 38 83
23 39 92
23 40 83
23 41 11
23 42 21
23 43 99
23 44 40
23 45 83
23 46 94
23 47 67
23 48 59
23 49 92
23 50 93
23 51 15
23 52 78
23 53 76
23 54 24
23 55 20
23 56 46
23 57 22
23 58 14
23 59 76
23 60 58
23 61 14
23 62 64
23 63 84
23 64 49
23 65 93
23 66 70
23 67 42
23 68 73
23 69 26
23 70 16
23 71 58
23 72 80
23 73 25
23 74 48
23 75 35
23 76 50
23 77 14
23 78 26
23 79 73
23 80 43
23 81 71
23 82 44
23 83 28
23 84 96
23 85 85
23 86 25
23 87 75
23 88 36
23 89 26
23 90 77
23 91 99
24 25 79
24 26 94
24 27 57
24 28 60
24 29 80
24 30 4
24 31 1
24 32 49
24 33 74
24 34 64
24 35 31
24 36 10
24 37 43
24 38 3
24 39 38
24 40 23
24 41 13
24 42 95
24 43 81
24 44 32
24 45 78
24 46 16
24 47 99
24 48 8
24 49 12
24 50 51
24 51 31
24 52 70
24 53 38
24 54 24
24 55 14
24 56 14
24 57 71
24 58 94
24 59 83
24 60 20
24 61 78
24 62 89
24 63 4
24 64 70
24 65 47
24 66 41
24 67 87
24 68 7
24 69 26
24 70 40
24 71 61
24 72 57
24 73 47
24 74 10
24 75 47
24 76 20
24 77 74
24 78 31
24 79 34
24 80 30
24 81 87
24 82 83
24 83 67
24 84 47
24 85 22
24 86 99
24 87 92
24 88 53
24 89 29
24 90 20
24 91 54
25 26 2
25 27 1
25 28 8
25 29 69
25 30 48
25 31 48
25 32 72
25 33 69
25 34 10
25 35 21
25 36 16
25 37 9
25 38 2
25 39 98
25 40 14
25 41 82
25 42 98
25 43 72
25 44 12
25 45 39
25 46 24
25 47 95
25 48 94
25 49 42
25 50 10
25 51 76
25 52 14
25 53 21
25 54 36
25 55 15
25 56 73
25 57 29
25 58 2
25 59 63
25 60 68
25 61 22
25 62 80
25 63 49
25 64 47
25 65 18
25 66 20
25 67 35
25 68 96
25 69 31
25 70 98
25 71 10
25 72 23
25 73 41
25 74 34
25 75 67
25 76 38
25 77 90
25 78 64
25 79 88
25 80 67
25 81 71
25 82 74
25 83 14
25 84 21
25 85 38
25 86 97
25 87 52
25 88 67
25 89 60
25 90 3
25 91 62
26 27 2
26 28 56
26 29 80
26 30 84
26 31 91
26 32 3
26 33 38
26 34 37
26 35 10
26 36 96
26 37 94
26 38 83
26 39 36
26 40 66
26 41 24
26 42 6
26 43 28
26 44 26
26 45 12
26 46 63
26 47 74
26 48 76
26 49 43
26 50 44
26 51 42
26 52 38
26 53 92
26 54 34
26 55 43
26 56 56
26 57 32
26 58 23
26 59 19
26 60 89
26 61 53
26 62 17
26 63 11
26 64 56
26 65 37
26 66 88
26 67 27
26 68 59
26 69 77
26 70 54
26 71 33
26 72 54
26 73 16
26 74 39
26 75 74
26 76 58
26 77 64
26 78 43
26 79 4
26 80 42
26 81 14
26 82 90
26 83 85
26 84 27
26 85 75
26 86 74
26 87 66
26 88 73
26 89 28
26 90 43
26 91 33
27 28 3
27 29 88
27 30 13
27 31 68
27 32 91
27 33 42
27 34 87
27 35 66
27 36 7
27 37 35
27 38 37
27 39 25
27 40 83
27 41 16
27 42 28
27 43 46
27 44 15
27 45 64
27 46 21
27 47 81
27 48 38
27 49 45
27 50 65
27 51 53
27 52 11
27 53 55
27 54 91
27 55 75
27 56 52
27 57 35
27 58 17
27 59 24
27 60 42
27 61 63
27 62 30
27 63 29
27 64 24
27 65 54
27 66 32
27 67 78
27 68 16
27 69 56
27 70 17
27 71 64
27 72 6
27 73 22
27 74 95
27 75 57
27 76 88
27 77 42
27 78 49
27 79 14
27 80 1
27 81 58
27 82 41
27 83 76
27 84 95
27 85 8
27 86 32
27 87 2
27 88 43
27 89 50
27 90 37
27 91 92
28 29 40
28 30 79
28 31 21
28 32 22
28 33 85
28 34 44
28 35 54
28 36 65
28 37 80
28 38 34
28 39 42
28 40 96
28 41 94
28 42 61
28 43 67
28 44 81
28 45 52
28 46 20
28 47 53
28 48 93
28 49 99
28 50 4
28 51 35
28 52 99
28 53 41
28 54 23
28 55 91
28 56 54
28 57 90
28 58 56
28 59 94
28 60 37
28 61 83
28 62 49
28 63 4
28 64 6
28 65 66
28 66 1
28 67 82
28 68 13
28 69 71
28 70 99
28 71 41
28 72 60
28 73 61
28 74 88
28 75 31
28 76 2
28 77 68
28 78 8
28 79 6
28 80 7
28 81 5
28 82 76
28 83 37
28 84 71
28 85 64
28 86 75
28 87 29
28 88 49
28 89 92
28 90 78
28 91 21
29 30 90
29 31 2
29 32 39
29 33 94
29 34 61
29 35 42
29 36 76
29 37 4
29 38 4
29 39 61
29 40 29
29 41 56
29 42 11
29 43 47
29 44 68
29 45 85
29 46 65
29 47 13
29 48 63
29 49 61
29 50 24
29 51 51
29 52 76
29 53 77
29 54 51
29 55 37
29 56 81
29 57 4
29 58 84
29 59 99
29 60 32
29 61 50
29 62 1
29 63 92
29 64 59
29 65 16
29 66 86
29 67 60
29 68 22
29 69 56
29 70 48
29 71 98
29 72 43
29 73 6
29 74 11
29 75 8
29 76 9
29 77 41
29 78 58
29 79 80
29 80 34
29 81 67
29 82 31
29 83 17
29 84 40
29 85 27
29 86 13
29 87 82
29 88 11
29 89 21
29 90 88
29 91 88
30 31 94
30 32 72
30 33 57
30 34 50
30 35 62
30 36 35
30 37 87
30 38 22
30 39 54
30 40 21
30 41 94
30 42 7
30 43 50
30 44 27
30 45 66
30 46 74
30 47 3
30 48 41
30 49 29
30 50 7
30 51 57
30 52 97
30 53 82
30 54 9
30 55 31
30 56 90
30 57 84
30 58 55
30 59 52
30 60 54
30 61 74
30 62 97
30 63 58
30 64 61
30 65 21
30 66 73
30 67 90
30 68 68
30 69 37
30 70 83
30 71 39
30 72 88
30 73 25
30 74 18
30 75 30
30 76 60
30 77 48
30 78 80
30 79 10
30 80 76
30 81 51
30 82 67
30 83 11
30 84 78
30 85 19
30 86 78
30 87 94
30 88 71
30 89 80
30 90 37
30 91 20
31 32 3
31 33 99
31 34 99
31 35 36
31 36 61
31 37 95
31 38 10
31 39 77
31 40 67
31 41 27
31 42 53
31 43 14
31 44 33
31 45 93
31 46 11
31 47 90
31 48 76
31 49 71
31 50 72
31 51 91
31 52 91
31 53 16
31 54 71
31 55 71
31 56 89
31 57 11
31 58 93
31 59 24
31 60 27
31 61 79
31 62 22
31 63 40
31 64 14
31 65 70
31 66 42
31 67 41
31 68 4
31 69 77
31 70 56
31 71 17
31 72 95
31 73 56
31 74 13
31 75 19
31 76 92
31 77 86
31 78 2
31 79 49
31 80 83
31 81 3
31 82 60
31 83 73
31 84 23
31 85 70
31 86 99
31 87 30
31 88 58
31 89 83
31 90 31
31 91 25
32 33 77
32 34 7
32 35 53
32 36 45
32 37 9
32 38 81
32 39 18
32 40 4
32 41 12
32 42 75
32 43 70
32 44 44
32 45 17
32 46 13
32 47 17
32 48 68
32 49 24
32 50 62
32 51 52
32 52 55
32 53 28
32 54 31
32 55 21
32 56 70
32 57 51
32 58 45
32 59 61
32 60 30
32 61 6
32 62 20
32 63 27
32 64 48
32 65 43
32 66 30
32 67 92
32 68 60
32 69 26
32 70 84
32 71 36
32 72 40
32 73 72
32 74 70
32 75 88
32 76 13
32 77 97
32 78 16
32 79 10
32 80 46
32 81 47
32 82 3
32 83 47
32 84 62
32 85 83
32 86 65
32 87 48
32 88 5
32 89 89
32 90 96
32 91 2
33 34 23
33 35 91
33 36 81
33 37 79
33 38 52
33 39 53
33 40 32
33 41 70
33 42 17
33 43 97
33 44 44
33 45 71
33 46 1
33 47 31
33 48 2
33 49 62
33 50 8
33 51 31
33 52 96
33 53 10
33 54 2
33 55 1
33 56 51
33 57 70
33 58 95
33 59 12
33 60 57
33 61 6
33 62 46
33 63 62
33 64 5
33 65 67
33 66 37
33 67 9
33 68 72
33 69 20
33 70 13
33 71 22
33 72 68
33 73 49
33 74 59
33 75 57
33 76 25
33 77 93
33 78 59
33 79 42
33 80 13
33 81 49
33 82 49
33 83 8
33 84 25
33 85 4
33 86 25
33 87 43
33 88 51
33 89 50
33 90 81
33 91 6
34 35 19
34 36 44
34 37 26
34 38 24
34 39 86
34 40 90
34 41 2
34 42 29
34 43 58
34 44 1
34 45 4
34 46 46
34 47 22
34 48 25
34 49 76
34 50 72
34 51 28
34 52 6
34 53 67
34 54 79
34 55 20
34 56 91
34 57 77
34 58 31
34 59 52
34 60 35
34 61 52
34 62 33
34 63 15
34 64 45
34 65 23
34 66 46
34 67 24
34 68 39
34 69 2
34 70 25
34 71 14
34 72 38
34 73 77
34 74 58
34 75 87
34 76 66
34 77 80
34 78 63
34 79 22
34 80 28
34 81 53
34 82 6
34 83 24
34 84 66
34 85 99
34 86 76
34 87 31
34 88 35
34 89 25
34 90 17
34 91 32
35 36 89
35 37 99
35 38 68
35 39 57
35 40 48
35 41 10
35 42 56
35 43 32
35 44 99
35 45 87
35 46 37
35 47 65
35 48 36
35 49 88
35 50 74
35 51 59
35 52 26
35 53 84
35 54 93
35 55 10
35 56 73
35 57 34
35 58 26
35 59 1
35 60 70
35 61 79
35 62 9
35 63 7
35 64 67
35 65 42
35 66 96
35 67 89
35 68 54
35 69 38
35 70 45
35 71 11
35 72 98
35 73 32
35 74 9
35 75 44
35 76 54
35 77 70
35 78 46
35 79 3
35 80 89
35 81 28
35 82 63
35 83 71
35 84 55
35 85 5
35 86 78
35 87 41
35 88 24
35 89 55
35 90 27
35 91 53
36 37 4
36 38 34
36 39 5
36 40 75
36 41 11
36 42 7
36 43 50
36 44 75
36 45 11
36 46 58
36 47 8
36 48 81
36 49 51
36 50 28
36 51 16
36 52 10
36 53 93
36 54 81
36 55 89
36 56 64
36 57 63
36 58 24
36 59 62
36 60 40
36 61 26
36 62 1
36 63 68
36 64 71
36 65 38
36 66 49
36 67 1
36 68 35
36 69 10
36 70 73
36 71 78
36 72 52
36 73 72
36 74 23
36 75 59
36 76 87
36 77 22
36 78 70
36 79 82
36 80 65
36 81 53
36 82 99
36 83 15
36 84 23
36 85 39
36 86 97
36 87 10
36 88 34
36 89 38
36 90 56
36 91 4
37 38 18
37 39 10
37 40 24
37 41 16
37 42 10
37 43 46
37 44 62
37 45 7
37 46 59
37 47 24
37 48 88
37 49 83
37 50 76
37 51 60
37 52 82
37 53 15
37 54 21
37 55 5
37 56 2
37 57 34
37 58 29
37 59 61
37 60 35
37 61 95
37 62 63
37 63 88
37 64 10
37 65 82
37 66 62
37 67 31
37 68 71
37 69 4
37 70 98
37 71 26
37 72 54
37 73 10
37 74 52
37 75 50
37 76 28
37 77 51
37 78 34
37 79 93
37 80 80
37 81 90
37 82 82
37 83 84
37 84 34
37 85 67
37 86 83
37 87 51
37 88 42
37 89 53
37 90 40
37 91 38
38 39 60
38 40 71
38 41 75
38 42 46
38 43 74
38 44 58
38 45 61
38 46 90
38 47 65
38 48 60
38 49 47
38 50 71
38 51 76
38 52 87
38 53 12
38 54 27
38 55 72
38 56 72
38 57 15
38 58 18
38 59 63
38 60 69
38 61 16
38 62 88
38 63 67
38 64 34
38 65 85
38 66 3
38 67 1
38 68 14
38 69 56
38 70 49
38 71 88
38 72 80
38 73 74
38 74 16
38 75 35
38 76 48
38 77 27
38 78 64
38 79 82
38 80 46
38 81 4
38 82 23
38 83 92
38 84 75
38 85 55
38 86 47
38 87 79
38 88 2
38 89 37
38 90 49
38 91 77
39 40 89
39 41 37
39 42 42
39 43 23
39 44 10
39 45 84
39 46 61
39 47 83
39 48 3
39 49 44
39 50 37
39 51 87
39 52 65
39 53 56
39 54 84
39 55 98
39 56 51
39 57 42
39 58 35
39 59 83
39 60 45
39 61 62
39 62 57
39 63 93
39 64 8
39 65 94
39 66 84
39 67 77
39 68 21
39 69 43
39 70 45
39 71 92
39 72 60
39 73 61
39 74 96
39 75 35
39 76 62
39 77 38
39 78 41
39 79 99
39 80 88
39 81 48
39 82 30
39 83 4
39 84 60
39 85 75
39 86 73
39 87 35
39 88 40
39 89 74
39 90 65
39 91 18
40 41 20
40 42 83
40 43 13
40 44 32
40 45 42
40 46 13
40 47 14
40 48 93
40 49 25
40 50 51
40 51 79
40 52 71
40 53 6
40 54 54
40 55 73
40 56 54
40 57 14
40 58 89
40 59 32
40 60 31
40 61 49
40 62 92
40 63 11
40 64 27
40 65 61
40 66 18
40 67 52
40 68 60
40 69 50
40 70 24
40 71 73
40 72 2
40 73 47
40 74 53
40 75 53
40 76 18
40 77 77
40 78 61
40 79 59
40 80 74
40 81 84
40 82 43
40 83 93
40 84 92
40 85 38
40 86 17
40 87 76
40 88 75
40 89 53
40 90 29
40 91 7
41 42 79
41 43 15
41 44 41
41 45 56
41 46 45
41 47 30
41 48 19
41 49 75
41 50 45
41 51 81
41 52 78
41 53 54
41 54 79
41 55 90
41 56 20
41 57 68
41 58 91
41 59 47
41 60 73
41 61 42
41 62 89
41 63 73
41 64 75
41 65 1
41 66 95
41 67 62
41 68 51
41 69 35
41 70 20
41 71 92
41 72 37
41 73 42
41 74 88
41 75 61
41 76 92
41 77 57
41 78 3
41 79 89
41 80 14
41 81 28
41 82 81
41 83 6
41 84 81
41 85 65
41 86 3
41 87 6
41 88 17
41 89 69
41 90 19
41 91 4
42 43 65
42 44 23
42 45 93
42 46 46
42 47 79
42 48 10
42 49 49
42 50 70
42 51 44
42 52 99
42 53 83
42 54 90
42 55 76
42 56 19
42 57 77
42 58 49
42 59 79
42 60 29
42 61 27
42 62 94
42 63 79
42 64 5
42 65 60
42 66 68
42 67 93
42 68 18
42 69 21
42 70 6
42 71 14
42 72 2
42 73 88
42 74 3
42 75 66
42 76 78
42 77 98
42 78 44
42 79 18
42 80 16
42 81 35
42 82 53
42 83 24
42 84 15
42 85 57
42 86 65
42 87 64
42 88 8
42 89 72
42 90 34
42 91 26
43 44 46
43 45 20
43 46 34
43 47 22
43 48 23
43 49 62
43 50 51
43 51 27
43 52 24
43 53 75
43 54 29
43 55 46
43 56 2
43 57 11
43 58 79
43 59 5
43 60 3
43 61 58
43 62 98
43 63 83
43 64 77
43 65 49
43 66 63
43 67 30
43 68 36
43 69 66
43 70 83
43 71 64
43 72 27
43 73 59
43 74 44
43 75 47
43 76 69
43 77 34
43 78 68
43 79 51
43 80 41
43 81 51
43 82 70
43 83 95
43 84 71
43 85 86
43 86 14
43 87 8
43 88 69
43 89 24
43 90 9
43 91 46
44 45 96
44 46 86
44 47 83
44 48 28
44 49 44
44 50 52
44 51 45
44 52 33
44 53 25
44 54 62
44 55 22
44 56 15
44 57 76
44 58 9
44 59 50
44 60 5
44 61 80
44 62 45
44 63 4
44 64 69
44 65 15
44 66 78
44 67 16
44 68 69
44 69 17
44 70 59
44 71 36
44 72 53
44 73 29
44 74 81
44 75 66
44 76 8
44 77 57
44 78 37
44 79 19
44 80 15
44 81 34
44 82 16
44 83 2
44 84 53
44 85 87
44 86 68
44 87 25
44 88 20
44 89 32
44 90 93
44 91 89
45 46 39
45 47 35
45 48 33
45 49 71
45 50 43
45 51 75
45 52 82
45 53 18
45 54 92
45 55 9
45 56 72
45 57 88
45 58 13
45 59 69
45 60 37
45 61 61
45 62 99
45 63 57
45 64 63
45 65 72
45 66 65
45 67 2
45 68 87
45 69 24
45 70 80
45 71 3
45 72 13
45 73 88
45 74 97
45 75 27
45 76 80
45 77 37
45 78 58
45 79 33
45 80 7
45 81 2
45 82 47
45 83 26
45 84 84
45 85 43
45 86 17
45 87 35
45 88 10
45 89 39
45 90 25
45 91 72
46 47 87
46 48 17
46 49 44
46 50 5
46 51 99
46 52 15
46 53 61
46 54 84
46 55 15
46 56 50
46 57 79
46 58 59
46 59 53
46 60 24
46 61 1
46 62 2
46 63 78
46 64 29
46 65 72
46 66 78
46 67 46
46 68 90
46 69 99
46 70 42
46 71 48
46 72 15
46 73 76
46 74 40
46 75 62
46 76 8
46 77 19
46 78 18
46 79 59
46 80 79
46 81 25
46 82 87
46 83 68
46 84 68
46 85 83
46 86 87
46 87 81
46 88 78
46 89 39
46 90 60
46 91 67
47 48 71
47 49 92
47 50 54
47 51 34
47 52 80
47 53 30
47 54 57
47 55 51
47 56 41
47 57 57
47 58 80
47 59 58
47 60 15
47 61 60
47 62 93
47 63 98
47 64 13
47 65 5
47 66 55
47 67 59
47 68 87
47 69 51
47 70 63
47 71 93
47 72 22
47 73 55
47 74 93
47 75 77
47 76 17
47 77 5
47 78 36
47 79 77
47 80 92
47 81 7
47 82 24
47 83 4
47 84 22
47 85 5
47 86 41
47 87 47
47 88 18
47 89 28
47 90 40
47 91 76
48 49 92
48 50 71
48 51 14
48 52 60
48 53 28
48 54 91
48 55 4
48 56 92
48 57 58
48 58 53
48 59 99
48 60 60
48 61 46
48 62 84
48 63 57
48 64 91
48 65 13
48 66 38
48 67 43
48 68 76
48 69 11
48 70 58
48 71 57
48 72 43
48 73 88
48 74 72
48 75 41
48 76 3
48 77 10
48 78 49
48 79 39
48 80 99
48 81 88
48 82 29
48 83 54
48 84 15
48 85 25
48 86 83
48 87 77
48 88 41
48 89 21
48 90 21
48 91 27
49 50 67
49 51 73
49 52 10
49 53 10
49 54 21
49 55 25
49 56 66
49 57 16
49 58 4
49 59 11
49 60 55
49 61 84
49 62 16
49 63 40
49 64 80
49 65 97
49 66 76
49 67 23
49 68 64
49 69 85
49 70 65
49 71 14
49 72 77
49 73 33
49 74 27
49 75 52
49 76 11
49 77 22
49 78 33
49 79 20
49 80 21
49 81 34
49 82 72
49 83 12
49 84 65
49 85 37
49 86 4
49 87 60
49 88 61
49 89 19
49 90 32
49 91 87
50 51 8
50 52 60
50 53 64
50 54 2
50 55 18
50 56 50
50 57 56
50 58 71
50 59 50
50 60 54
50 61 74
50 62 68
50 63 33
50 64 34
50 65 53
50 66 9
50 67 88
50 68 37
50 69 69
50 70 78
50 71 49
50 72 89
50 73 74
50 74 71
50 75 77
50 76 75
50 77 40
50 78 59
50 79 36
50 80 97
50 81 85
50 82 40
50 83 46
50 84 18
50 85 21
50 86 33
50 87 3
50 88 48
50 89 27
50 90 29
50 91 19
51 52 20
51 53 90
51 54 3
51 55 90
51 56 66
51 57 67
51 58 61
51 59 25
51 60 25
51 61 10
51 62 20
51 63 75
51 64 68
51 65 29
51 66 42
51 67 2
51 68 49
51 69 25
51 70 97
51 71 18
51 72 68
51 73 92
51 74 50
51 75 99
51 76 36
51 77 73
51 78 24
51 79 53
51 80 6
51 81 56
51 82 9
51 83 40
51 84 13
51 85 37
51 86 37
51 87 68
51 88 37
51 89 19
51 90 83
51 91 88
52 53 31
52 54 65
52 55 24
52 56 7
52 57 78
52 58 2
52 59 44
52 60 47
52 61 51
52 62 30
52 63 49
52 64 53
52 65 46
52 66 89
52 67 51
52 68 50
52 69 82
52 70 70
52 71 3
52 72 69
52 73 8
52 74 31
52 75 74
52 76 72
52 77 14
52 78 64
52 79 13
52 80 35
52 81 15
52 82 85
52 83 19
52 84 55
52 85 90
52 86 63
52 87 33
52 88 52
52 89 24
52 90 75
52 91 77
53 54 12
53 55 55
53 56 8
53 57 94
53 58 75
53 59 45
53 60 29
53 61 21
53 62 36
53 63 57
53 64 80
53 65 86
53 66 3
53 67 55
53 68 3
53 69 84
53 70 81
53 71 77
53 72 29
53 73 5
53 74 14
53 75 69
53 76 36
53 77 80
53 78 79
53 79 25
53 80 37
53 81 98
53 82 74
53 83 93
53 84 9
53 85 63
53 86 38
53 87 66
53 88 57
53 89 81
53 90 19
53 91 62
54 55 40
54 56 75
54 57 24
54 58 7
54 59 61
54 60 48
54 61 30
54 62 86
54 63 6
54 64 95
54 65 91
54 66 31
54 67 18
54 68 26
54 69 27
54 70 52
54 71 91
54 72 89
54 73 42
54 74 36
54 75 21
54 76 80
54 77 3
54 78 49
54 79 15
54 80 53
54 81 80
54 82 35
54 83 66
54 84 21
54 85 5
54 86 35
54 87 98
54 88 12
54 89 74
54 90 2
54 91 71
55 56 56
55 57 11
55 58 56
55 59 88
55 60 27
55 61 49
55 62 13
55 63 63
55 64 62
55 65 60
55 66 2
55 67 73
55 68 22
55 69 59
55 70 37
55 71 15
55 72 52
55 73 81
55 74 26
55 75 29
55 76 60
55 77 20
55 78 87
55 79 20
55 80 11
55 81 96
55 82 37
55 83 90
55 84 23
55 85 13
55 86 72
55 87 37
55 88 23
55 89 58
55 90 88
55 91 75
56 57 71
56 58 94
56 59 32
56 60 14
56 61 28
56 62 52
56 63 50
56 64 55
56 65 11
56 66 84
56 67 61
56 68 8
56 69 32
56 70 6
56 71 31
56 72 10
56 73 87
56 74 50
56 75 60
56 76 49
56 77 58
56 78 75
56 79 28
56 80 3
56 81 20
56 82 67
56 83 11
56 84 19
56 85 20
56 86 36
56 87 22
56 88 95
56 89 78
56 90 16
56 91 35
57 58 28
57 59 89
57 60 29
57 61 70
57 62 44
57 63 69
57 64 38
57 65 73
57 66 59
57 67 44
57 68 28
57 69 34
57 70 34
57 71 99
57 72 17
57 73 97
57 74 79
57 75 46
57 76 45
57 77 73
57 78 79
57 79 74
57 80 80
57 81 79
57 82 75
57 83 50
57 84 17
57 85 73
57 86 19
57 87 42
57 88 41
57 89 98
57 90 99
57 91 6
58 59 88
58 60 39
58 61 29
58 62 46
58 63 50
58 64 83
58 65 85
58 66 93
58 67 63
58 68 40
58 69 16
58 70 34
58 71 2
58 72 38
58 73 54
58 74 34
58 75 67
58 76 26
58 77 95
58 78 4
58 79 38
58 80 25
58 81 46
58 82 42
58 83 15
58 84 68
58 85 91
58 86 83
58 87 13
58 88 11
58 89 57
58 90 93
58 91 62
59 60 50
59 61 95
59 62 89
59 63 46
59 64 81
59 65 31
59 66 71
59 67 56
59 68 20
59 69 73
59 70 4
59 71 24
59 72 77
59 73 41
59 74 98
59 75 52
59 76 30
59 77 99
59 78 20
59 79 28
59 80 86
59 81 88
59 82 44
59 83 54
59 84 43
59 85 83
59 86 83
59 87 78
59 88 17
59 89 47
59 90 41
59 91 60
60 61 5
60 62 56
60 63 42
60 64 33
60 65 64
60 66 26
60 67 6
60 68 94
60 69 66
60 70 31
60 71 81
60 72 54
60 73 50
60 74 53
60 75 89
60 76 27
60 77 15
60 78 84
60 79 48
60 80 24
60 81 23
60 82 55
60 83 99
60 84 3
60 85 83
60 86 2
60 87 94
60 88 71
60 89 89
60 90 60
60 91 95
61 62 91
61 63 23
61 64 48
61 65 51
61 66 26
61 67 39
61 68 99
61 69 42
61 70 48
61 71 19
61 72 39
61 73 11
61 74 20
61 75 44
61 76 99
61 77 6
61 78 93
61 79 65
61 80 77
61 81 96
61 82 38
61 83 50
61 84 45
61 85 92
61 86 25
61 87 14
61 88 80
61 89 29
61 90 27
61 91 93
62 63 99
62 64 47
62 65 84
62 66 93
62 67 68
62 68 58
62 69 15
62 70 33
62 71 18
62 72 68
62 73 12
62 74 93
62 75 5
62 76 54
62 77 79
62 78 18
62 79 16
62 80 1
62 81 75
62 82 81
62 83 32
62 84 80
62 85 15
62 86 42
62 87 15
62 88 28
62 89 65
62 90 31
62 91 95
63 64 52
63 65 63
63 66 56
63 67 66
63 68 52
63 69 42
63 70 16
63 71 77
63 72 21
63 73 83
63 74 2
63 75 57
63 76 55
63 77 77
63 78 6
63 79 53
63 80 63
63 81 11
63 82 52
63 83 17
63 84 20
63 85 98
63 86 96
63 87 79
63 88 60
63 89 8
63 90 57
63 91 50
64 65 23
64 66 57
64 67 50
64 68 58
64 69 24
64 70 85
64 71 5
64 72 41
64 73 94
64 74 39
64 75 35
64 76 80
64 77 67
64 78 94
64 79 99
64 80 56
64 81 4
64 82 75
64 83 15
64 84 6
64 85 4
64 86 97
64 87 47
64 88 47
64 89 5
64 90 66
64 91 12
65 66 77
65 67 54
65 68 7
65 69 47
65 70 37
65 71 30
65 72 95
65 73 28
65 74 99
65 75 75
65 76 63
65 77 19
65 78 19
65 79 71
65 80 71
65 81 58
65 82 48
65 83 90
65 84 73
65 85 92
65 86 75
65 87 2
65 88 58
65 89 72
65 90 31
65 91 74
66 67 20
66 68 14
66 69 94
66 70 25
66 71 3
66 72 89
66 73 7
66 74 3
66 75 95
66 76 89
66 77 71
66 78 44
66 79 35
66 80 90
66 81 76
66 82 84
66 83 91
66 84 70
66 85 37
66 86 18
66 87 45
66 88 22
66 89 87
66 90 25
66 91 67
67 68 82
67 69 45
67 70 31
67 71 28
67 72 18
67 73 12
67 74 19
67 75 70
67 76 52
67 77 33
67 78 70
67 79 64
67 80 4
67 81 68
67 82 88
67 83 25
67 84 4
67 85 85
67 86 38
67 87 30
67 88 48
67 89 13
67 90 65
67 91 39
68 69 18
68 70 51
68 71 73
68 72 50
68 73 23
68 74 27
68 75 52
68 76 9
68 77 55
68 78 64
68 79 54
68 80 74
68 81 72
68 82 93
68 83 42
68 84 24
68 85 60
68 86 23
68 87 58
68 88 65
68 89 81
68 90 77
68 91 57
69 70 16
69 71 48
69 72 46
69 73 51
69 74 58
69 75 63
69 76 55
69 77 28
69 78 39
69 79 34
69 80 6
69 81 24
69 82 38
69 83 40
69 84 78
69 85 69
69 86 50
69 87 70
69 88 8
69 89 22
69 90 12
69 91 67
70 71 56
70 72 93
70 73 73
70 74 24
70 75 10
70 76 78
70 77 62
70 78 6
70 79 24
70 80 11
70 81 41
70 82 47
70 83 23
70 84 85
70 85 90
70 86 67
70 87 71
70 88 78
70 89 8
70 90 19
70 91 21
71 72 9
71 73 73
71 74 95
71 75 18
71 76 76
71 77 38
71 78 53
71 79 3
71 80 14
71 81 74
71 82 71
71 83 74
71 84 5
71 85 19
71 86 66
71 87 29
71 88 53
71 89 7
71 90 38
71 91 71
72 73 15
72 74 62
72 75 46
72 76 23
72 77 94
72 78 33
72 79 78
72 80 36
72 81 42
72 82 96
72 83 42
72 84 36
72 85 93
72 86 81
72 87 41
72 88 58
72 89 62
72 90 37
72 91 57
73 74 47
73 75 58
73 76 25
73 77 42
73 78 60
73 79 87
73 80 60
73 81 55
73 82 71
73 83 15
73 84 40
73 85 75
73 86 25
73 87 74
73 88 8
73 89 70
73 90 15
73 91 72
74 75 39
74 76 47
74 77 94
74 78 70
74 79 12
74 80 34
74 81 21
74 82 41
74 83 46
74 84 24
74 85 80
74 86 12
74 87 16
74 88 30
74 89 35
74 90 65
74 91 47
75 76 83
75 77 13
75 78 63
75 79 52
75 80 67
75 81 97
75 82 20
75 83 31
75 84 33
75 85 81
75 86 13
75 87 16
75 88 51
75 89 28
75 90 60
75 91 49
76 77 50
76 78 52
76 79 2
76 80 33
76 81 66
76 82 26
76 83 40
76 84 76
76 85 19
76 86 2
76 87 96
76 88 75
76 89 94
76 90 5
76 91 97
77 78 3
77 79 59
77 80 78
77 81 47
77 82 19
77 83 53
77 84 89
77 85 70
77 86 67
77 87 93
77 88 35
77 89 52
77 90 72
77 91 40
78 79 99
78 80 26
78 81 77
78 82 79
78 83 27
78 84 31
78 85 12
78 86 10
78 87 76
78 88 21
78 89 50
78 90 52
78 91 59
79 80 31
79 81 88
79 82 36
79 83 52
79 84 21
79 85 18
79 86 3
79 87 23
79 88 96
79 89 88
79 90 32
79 91 86
80 81 40
80 82 26
80 83 42
80 84 9
80 85 29
80 86 73
80 87 12
80 88 61
80 89 65
80 90 95
80 91 68
81 82 16
81 83 70
81 84 51
81 85 32
81 86 11
81 87 36
81 88 21
81 89 33
81 90 27
81 91 31
82 83 8
82 84 83
82 85 29
82 86 64
82 87 54
82 88 45
82 89 63
82 90 75
82 91 29
83 84 18
83 85 11
83 86 10
83 87 4
83 88 28
83 89 74
83 90 94
83 91 20
84 85 71
84 86 87
84 87 79
84 88 3
84 89 3
84 90 89
84 91 90
85 86 28
85 87 6
85 88 94
85 89 69
85 90 3
85 91 24
86 87 31
86 88 43
86 89 6
86 90 27
86 91 42
87 88 26
87 89 74
87 90 41
87 91 83
88 89 58
88 90 65
88 91 21
89 90 63
89 91 27
90 91 22