100
0 1 98
0 2 33
0 3 65
0 4 13
0 5 6
0 6 41
0 7 57
0 8 30
0 9 51
0 10 66
0 11 53
0 12 12
0 13 84
0 14 60
0 15 96
0 16 2
0 17 16
0 18 70
0 19 43
0 20 34
0 21 8
0 22 35
0 23 16
0 24 89
0 25 72
0 26 50
0 27 88
0 28 84
0 29 38
0 30 92
0 31 94
0 32 35
0 33 14
0 34 72
0 35 49
0 36 75
0 37 31
0 38 67
0 39 22
0 40 57
0 41 72
0 42 78
0 43 50
0 44 52
0 45 76
0 46 94
0 47 30
0 48 15
0 49 30
0 50 84
0 51 81
0 52 79
0 53 53
0 54 68
0 55 51
0 56 58
0 57 82
0 58 21
0 59 54
0 60 72
0 61 9
0 62 18
0 63 27
0 64 36
0 65 43
0 66 8
0 67 79
0 68 18
0 69 15
0 70 11
0 71 97
0 72 59
0 73 65
0 74 6
0 75 34
0 76 78
0 77 79
0 78 15
0 79 6
0 80 22
0 81 19
0 82 70
0 83 78
0 84 71
0 85 54
0 86 57
0 87 32
0 88 39
0 89 31
0 90 90
0 91 32
0 92 18
0 93 70
0 94 87
0 95 11
0 96 26
0 97 67
0 98 13
0 99 20
1 2 51
1 3 78
1 4 47
1 5 38
1 6 71
1 7 62
1 8 92
1 9 97
1 10 65
1 11 43
1 12 22
1 13 34
1 14 68
1 15 16
1 16 92
1 17 18
1 18 85
1 19 57
1 20 14
1 21 44
1 22 9
1 23 15
1 24 39
1 25 66
1 26 79
1 27 87
1 28 88
1 29 23
1 30 46
1 31 90
1 32 66
1 33 48
1 34 97
1 35 21
1 36 5
1 37 44
1 38 95
1 39 58
1 40 61
1 41 84
1 42 24
1 43 47
1 44 51
1 45 41
1 46 79
1 47 33
1 48 41
1 49 58
1 50 58
1 51 24
1 52 3
1 53 28
1 54 97
1 55 67
1 56 89
1 57 23
1 58 88
1 59 71
1 60 93
1 61 27
1 62 30
1 63 42
1 64 4
1 65 30
1 66 69
1 67 8
1 68 79
1 69 23
1 70 7
1 71 48
1 72 48
1 73 87
1 74 68
1 75 71
1 76 53
1 77 94
1 78 80
1 79 21
1 80 20
1 81 22
1 82 79
1 83 55
1 84 46
1 85 34
1 86 63
1 87 96
1 88 60
1 89 24
1 90 93
1 91 74
1 92 59
1 93 19
1 94 94
1 95 23
1 96 31
1 97 17
1 98 6
1 99 25
2 3 90
2 4 84
2 5 42
2 6 98
2 7 33
2 8 2
2 9 63
2 10 37
2 11 75
2 12 65
2 13 13
2 14 35
2 15 97
2 16 60
2 17 82
2 18 57
2 19 11
2 20 84
2 21 35
2 22 30
2 23 23
2 24 47
2 25 67
2 26 3
2 27 16
2 28 47
2 29 83
2 30 14
2 31 95
2 32 63
2 33 22
2 34 28
2 35 61
2 36 40
2 37 95
2 38 14
2 39 39
2 40 26
2 41 78
2 42 72
2 43 67
2 44 7
2 45 80
2 46 98
2 47 81
2 48 53
2 49 98
2 50 23
2 51 27
2 52 3
2 53 17
2 54 39
2 55 38
2 56 8
2 57 5
2 58 56
2 59 34
2 60 9
2 61 15
2 62 85
2 63 48
2 64 57
2 65 32
2 66 35
2 67 69
2 68 7
2 69 6
2 70 6
2 71 69
2 72 17
2 73 61
2 74 49
2 75 65
2 76 26
2 77 27
2 78 92
2 79 54
2 80 38
2 81 75
2 82 73
2 83 75
2 84 98
2 85 46
2 86 35
2 87 90
2 88 42
2 89 25
2 90 33
2 91 81
2 92 19
2 93 28
2 94 4
2 95 12
2 96 49
2 97 7
2 98 29
2 99 63
3 4 32
3 5 43
3 6 22
3 7 50
3 8 93
3 9 46
3 10 41
3 11 88
3 12 5
3 13 44
3 14 43
3 15 16
3 16 83
3 17 83
3 18 32
3 19 6
3 20 90
3 21 30
3 22 28
3 23 53
3 24 93
3 25 81
3 26 36
3 27 71
3 28 40
3 29 70
3 30 13
3 31 71
3 32 9
3 33 43
3 34 92
3 35 58
3 36 81
3 37 8
3 38 61
3 39 49
3 40 11
3 41 70
3 42 5
3 43 36
3 44 4
3 45 3
3 46 86
3 47 72
3 48 72
3 49 27
3 50 4
3 51 25
3 52 11
3 53 67
3 54 38
3 55 97
3 56 96
3 57 27
3 58 77
3 59 48
3 60 83
3 61 74
3 62 6
3 63 68
3 64 43
3 65 16
3 66 55
3 67 62
3 68 46
3 69 47
3 70 68
3 71 29
3 72 64
3 73 89
3 74 23
3 75 55
3 76 97
3 77 27
3 78 7
3 79 22
3 80 70
3 81 10
3 82 64
3 83 48
3 84 76
3 85 47
3 86 19
3 87 42
3 88 30
3 89 66
3 90 60
3 91 66
3 92 48
3 93 20
3 94 8
3 95 12
3 96 34
3 97 94
3 98 92
3 99 54
4 5 42
4 6 55
4 7 3
4 8 18
4 9 34
4 10 58
4 11 66
4 12 43
4 13 45
4 14 25
4 15 52
4 16 26
4 17 15
4 18 24
4 19 57
4 20 20
4 21 42
4 22 25
4 23 32
4 24 29
4 25 66
4 26 31
4 27 79
4 28 35
4 29 38
4 30 86
4 31 14
4 32 51
4 33 38
4 34 83
4 35 72
4 36 75
4 37 54
4 38 89
4 39 48
4 40 75
4 41 91
4 42 23
4 43 63
4 44 49
4 45 23
4 46 80
4 47 40
4 48 22
4 49 20
4 50 16
4 51 35
4 52 39
4 53 30
4 54 7
4 55 95
4 56 14
4 57 68
4 58 56
4 59 73
4 60 27
4 61 67
4 62 5
4 63 7
4 64 11
4 65 75
4 66 38
4 67 21
4 68 35
4 69 74
4 70 79
4 71 7
4 72 18
4 73 72
4 74 43
4 75 79
4 76 82
4 77 44
4 78 37
4 79 85
4 80 25
4 81 87
4 82 30
4 83 57
4 84 11
4 85 11
4 86 15
4 87 23
4 88 43
4 89 45
4 90 30
4 91 29
4 92 97
4 93 48
4 94 67
4 95 41
4 96 71
4 97 88
4 98 58
4 99 35
5 6 87
5 7 20
5 8 48
5 9 78
5 10 70
5 11 44
5 12 53
5 13 21
5 14 81
5 15 63
5 16 96
5 17 51
5 18 3
5 19 78
5 20 22
5 21 92
5 22 80
5 23 86
5 24 23
5 25 56
5 26 2
5 27 24
5 28 77
5 29 57
5 30 22
5 31 20
5 32 94
5 33 74
5 34 64
5 35 5
5 36 18
5 37 7
5 38 95
5 39 20
5 40 18
5 41 73
5 42 49
5 43 85
5 44 11
5 45 70
5 46 15
5 47 30
5 48 9
5 49 90
5 50 46
5 51 56
5 52 2
5 53 85
5 54 34
5 55 46
5 56 37
5 57 42
5 58 44
5 59 68
5 60 84
5 61 71
5 62 77
5 63 48
5 64 18
5 65 35
5 66 83
5 67 22
5 68 94
5 69 42
5 70 15
5 71 38
5 72 77
5 73 98
5 74 83
5 75 23
5 76 72
5 77 15
5 78 63
5 79 10
5 80 39
5 81 98
5 82 90
5 83 47
5 84 42
5 85 62
5 86 67
5 87 51
5 88 73
5 89 2
5 90 48
5 91 15
5 92 49
5 93 27
5 94 53
5 95 91
5 96 56
5 97 53
5 98 98
5 99 86
6 7 64
6 8 70
6 9 51
6 10 86
6 11 54
6 12 61
6 13 58
6 14 96
6 15 30
6 16 49
6 17 52
6 18 31
6 19 60
6 20 56
6 21 63
6 22 54
6 23 8
6 24 59
6 25 75
6 26 50
6 27 82
6 28 6
6 29 98
6 30 86
6 31 91
6 32 43
6 33 2
6 34 60
6 35 70
6 36 32
6 37 28
6 38 69
6 39 56
6 40 63
6 41 61
6 42 8
6 43 93
6 44 66
6 45 45
6 46 7
6 47 22
6 48 52
6 49 95
6 50 65
6 51 10
6 52 7
6 53 79
6 54 38
6 55 58
6 56 45
6 57 44
6 58 31
6 59 92
6 60 82
6 61 79
6 62 30
6 63 10
6 64 16
6 65 79
6 66 61
6 67 30
6 68 60
6 69 11
6 70 91
6 71 47
6 72 69
6 73 63
6 74 54
6 75 38
6 76 97
6 77 49
6 78 65
6 79 37
6 80 14
6 81 95
6 82 93
6 83 72
6 84 47
6 85 78
6 86 9
6 87 19
6 88 98
6 89 55
6 90 40
6 91 83
6 92 6
6 93 47
6 94 34
6 95 73
6 96 5
6 97 36
6 98 85
6 99 54
7 8 67
7 9 36
7 10 46
7 11 62
7 12 77
7 13 45
7 14 67
7 15 2
7 16 37
7 17 37
7 18 13
7 19 80
7 20 15
7 21 26
7 22 56
7 23 69
7 24 87
7 25 81
7 26 63
7 27 15
7 28 58
7 29 88
7 30 9
7 31 5
7 32 95
7 33 54
7 34 79
7 35 66
7 36 71
7 37 17
7 38 9
7 39 53
7 40 25
7 41 39
7 42 85
7 43 20
7 44 94
7 45 47
7 46 71
7 47 92
7 48 85
7 49 88
7 50 43
7 51 32
7 52 71
7 53 43
7 54 25
7 55 62
7 56 61
7 57 65
7 58 56
7 59 42
7 60 47
7 61 22
7 62 70
7 63 24
7 64 10
7 65 66
7 66 22
7 67 68
7 68 37
7 69 14
7 70 40
7 71 26
7 72 11
7 73 79
7 74 3
7 75 72
7 76 47
7 77 76
7 78 69
7 79 47
7 80 36
7 81 78
7 82 38
7 83 50
7 84 81
7 85 6
7 86 15
7 87 59
7 88 65
7 89 2
7 90 46
7 91 62
7 92 95
7 93 67
7 94 39
7 95 77
7 96 18
7 97 39
7 98 94
7 99 79
8 9 90
8 10 83
8 11 37
8 12 6
8 13 95
8 14 70
8 15 32
8 16 4
8 17 47
8 18 6
8 19 74
8 20 78
8 21 34
8 22 74
8 23 61
8 24 57
8 25 81
8 26 85
8 27 27
8 28 76
8 29 75
8 30 39
8 31 76
8 32 39
8 33 84
8 34 7
8 35 31
8 36 76
8 37 36
8 38 20
8 39 20
8 40 92
8 41 23
8 42 65
8 43 82
8 44 16
8 45 17
8 46 86
8 47 91
8 48 83
8 49 83
8 50 25
8 51 63
8 52 17
8 53 18
8 54 68
8 55 52
8 56 83
8 57 57
8 58 46
8 59 72
8 60 15
8 61 75
8 62 82
8 63 42
8 64 57
8 65 12
8 66 4
8 67 83
8 68 56
8 69 93
8 70 56
8 71 69
8 72 36
8 73 54
8 74 72
8 75 19
8 76 32
8 77 40
8 78 17
8 79 39
8 80 58
8 81 17
8 82 27
8 83 29
8 84 81
8 85 50
8 86 96
8 87 79
8 88 59
8 89 21
8 90 73
8 91 79
8 92 46
8 93 48
8 94 98
8 95 67
8 96 2
8 97 85
8 98 11
8 99 53
9 10 3
9 11 60
9 12 32
9 13 43
9 14 90
9 15 54
9 16 19
9 17 73
9 18 67
9 19 93
9 20 17
9 21 48
9 22 54
9 23 89
9 24 25
9 25 32
9 26 97
9 27 95
9 28 39
9 29 90
9 30 52
9 31 31
9 32 56
9 33 75
9 34 33
9 35 8
9 36 10
9 37 14
9 38 89
9 39 14
9 40 12
9 41 82
9 42 63
9 43 40
9 44 2
9 45 64
9 46 19
9 47 50
9 48 32
9 49 46
9 50 97
9 51 48
9 52 16
9 53 74
9 54 89
9 55 49
9 56 19
9 57 59
9 58 21
9 59 93
9 60 15
9 61 75
9 62 87
9 63 6
9 64 8
9 65 92
9 66 49
9 67 47
9 68 16
9 69 52
9 70 46
9 71 21
9 72 12
9 73 23
9 74 71
9 75 88
9 76 37
9 77 52
9 78 87
9 79 6
9 80 53
9 81 58
9 82 24
9 83 75
9 84 29
9 85 19
9 86 53
9 87 18
9 88 79
9 89 16
9 90 20
9 91 87
9 92 93
9 93 50
9 94 63
9 95 70
9 96 11
9 97 70
9 98 80
9 99 22
10 11 46
10 12 96
10 13 42
10 14 23
10 15 36
10 16 88
10 17 19
10 18 16
10 19 24
10 20 92
10 21 55
10 22 22
10 23 39
10 24 18
10 25 6
10 26 85
10 27 81
10 28 9
10 29 78
10 30 53
10 31 59
10 32 73
10 33 40
10 34 38
10 35 71
10 36 2
10 37 61
10 38 42
10 39 83
10 40 2
10 41 91
10 42 88
10 43 80
10 44 60
10 45 80
10 46 69
10 47 25
10 48 85
10 49 66
10 50 44
10 51 56
10 52 3
10 53 9
10 54 32
10 55 94
10 56 47
10 57 67
10 58 54
10 59 63
10 60 98
10 61 29
10 62 16
10 63 6
10 64 46
10 65 13
10 66 74
10 67 59
10 68 14
10 69 98
10 70 85
10 71 90
10 72 23
10 73 25
10 74 46
10 75 72
10 76 48
10 77 76
10 78 17
10 79 97
10 80 17
10 81 88
10 82 21
10 83 10
10 84 73
10 85 43
10 86 44
10 87 49
10 88 63
10 89 59
10 90 44
10 91 45
10 92 84
10 93 70
10 94 63
10 95 29
10 96 92
10 97 29
10 98 62
10 99 54
11 12 63
11 13 53
11 14 64
11 15 14
11 16 13
11 17 68
11 18 8
11 19 21
11 20 4
11 21 26
11 22 49
11 23 34
11 24 69
11 25 96
11 26 30
11 27 20
11 28 13
11 29 11
11 30 33
11 31 36
11 32 3
11 33 61
11 34 48
11 35 10
11 36 44
11 37 16
11 38 88
11 39 50
11 40 87
11 41 34
11 42 69
11 43 74
11 44 48
11 45 34
11 46 43
11 47 86
11 48 68
11 49 86
11 50 21
11 51 72
11 52 52
11 53 57
11 54 33
11 55 54
11 56 3
11 57 41
11 58 50
11 59 27
11 60 46
11 61 91
11 62 17
11 63 15
11 64 47
11 65 3
11 66 15
11 67 49
11 68 83
11 69 49
11 70 4
11 71 73
11 72 84
11 73 13
11 74 81
11 75 15
11 76 86
11 77 52
11 78 46
11 79 70
11 80 74
11 81 94
11 82 55
11 83 12
11 84 22
11 85 76
11 86 66
11 87 16
11 88 33
11 89 29
11 90 58
11 91 86
11 92 32
11 93 36
11 94 9
11 95 20
11 96 26
11 97 62
11 98 65
11 99 45
12 13 88
12 14 5
12 15 77
12 16 68
12 17 20
12 18 4
12 19 51
12 20 33
12 21 60
12 22 9
12 23 84
12 24 63
12 25 8
12 26 22
12 27 58
12 28 2
12 29 52
12 30 67
12 31 82
12 32 89
12 33 22
12 34 58
12 35 62
12 36 27
12 37 68
12 38 53
12 39 72
12 40 54
12 41 96
12 42 22
12 43 47
12 44 56
12 45 79
12 46 58
12 47 57
12 48 27
12 49 56
12 50 64
12 51 38
12 52 56
12 53 51
12 54 20
12 55 84
12 56 29
12 57 87
12 58 31
12 59 48
12 60 86
12 61 96
12 62 92
12 63 4
12 64 73
12 65 89
12 66 6
12 67 30
12 68 93
12 69 13
12 70 45
12 71 7
12 72 30
12 73 71
12 74 42
12 75 47
12 76 89
12 77 13
12 78 34
12 79 45
12 80 29
12 81 95
12 82 30
12 83 43
12 84 90
12 85 62
12 86 19
12 87 20
12 88 2
12 89 63
12 90 60
12 91 67
12 92 82
12 93 90
12 94 93
12 95 78
12 96 33
12 97 94
12 98 6
12 99 43
13 14 98
13 15 44
13 16 69
13 17 11
13 18 22
13 19 37
13 20 58
13 21 98
13 22 64
13 23 50
13 24 39
13 25 80
13 26 81
13 27 63
13 28 60
13 29 62
13 30 31
13 31 58
13 32 47
13 33 90
13 34 22
13 35 28
13 36 60
13 37 78
13 38 98
13 39 97
13 40 37
13 41 97
13 42 59
13 43 25
13 44 76
13 45 51
13 46 6
13 47 70
13 48 25
13 49 16
13 50 40
13 51 62
13 52 15
13 53 21
13 54 10
13 55 64
13 56 76
13 57 40
13 58 7
13 59 39
13 60 27
13 61 59
13 62 33
13 63 47
13 64 73
13 65 88
13 66 84
13 67 29
13 68 35
13 69 29
13 70 91
13 71 61
13 72 95
13 73 56
13 74 95
13 75 94
13 76 44
13 77 30
13 78 34
13 79 96
13 80 81
13 81 33
13 82 26
13 83 4
13 84 95
13 85 41
13 86 90
13 87 72
13 88 16
13 89 12
13 90 92
13 91 34
13 92 67
13 93 85
13 94 22
13 95 60
13 96 96
13 97 54
13 98 56
13 99 18
14 15 72
14 16 43
14 17 27
14 18 63
14 19 20
14 20 6
14 21 83
14 22 25
14 23 49
14 24 61
14 25 20
14 26 81
14 27 85
14 28 36
14 29 14
14 30 92
14 31 52
14 32 4
14 33 18
14 34 54
14 35 2
14 36 46
14 37 3
14 38 46
14 39 32
14 40 45
14 41 98
14 42 10
14 43 43
14 44 37
14 45 11
14 46 98
14 47 30
14 48 51
14 49 90
14 50 66
14 51 93
14 52 54
14 53 16
14 54 6
14 55 56
14 56 84
14 57 98
14 58 4
14 59 90
14 60 91
14 61 36
14 62 46
14 63 15
14 64 7
14 65 43
14 66 16
14 67 32
14 68 88
14 69 7
14 70 73
14 71 95
14 72 47
14 73 7
14 74 95
14 75 21
14 76 38
14 77 15
14 78 32
14 79 18
14 80 38
14 81 78
14 82 33
14 83 32
14 84 86
14 85 92
14 86 31
14 87 61
14 88 62
14 89 59
14 90 72
14 91 51
14 92 65
14 93 9
14 94 59
14 95 28
14 96 81
14 97 56
14 98 23
14 99 7
15 16 96
15 17 72
15 18 84
15 19 6
15 20 46
15 21 90
15 22 95
15 23 9
15 24 48
15 25 47
15 26 10
15 27 41
15 28 16
15 29 84
15 30 36
15 31 61
15 32 60
15 33 60
15 34 41
15 35 12
15 36 49
15 37 92
15 38 83
15 39 45
15 40 3
15 41 46
15 42 82
15 43 12
15 44 31
15 45 69
15 46 63
15 47 67
15 48 24
15 49 4
15 50 41
15 51 62
15 52 53
15 53 82
15 54 2
15 55 51
15 56 14
15 57 18
15 58 45
15 59 9
15 60 60
15 61 88
15 62 32
15 63 79
15 64 57
15 65 98
15 66 76
15 67 21
15 68 90
15 69 55
15 70 98
15 71 20
15 72 85
15 73 64
15 74 72
15 75 7
15 76 75
15 77 89
15 78 37
15 79 17
15 80 67
15 81 28
15 82 88
15 83 52
15 84 54
15 85 20
15 86 23
15 87 4
15 88 89
15 89 5
15 90 73
15 91 19
15 92 61
15 93 14
15 94 41
15 95 39
15 96 97
15 97 14
15 98 9
15 99 85
16 17 98
16 18 8
16 19 60
16 20 77
16 21 72
16 22 93
16 23 57
16 24 82
16 25 64
16 26 19
16 27 95
16 28 50
16 29 76
16 30 92
16 31 90
16 32 32
16 33 62
16 34 56
16 35 59
16 36 63
16 37 41
16 38 37
16 39 21
16 40 62
16 41 75
16 42 77
16 43 20
16 44 52
16 45 68
16 46 93
16 47 96
16 48 24
16 49 24
16 50 95
16 51 82
16 52 21
16 53 97
16 54 87
16 55 9
16 56 60
16 57 7
16 58 90
16 59 97
16 60 59
16 61 65
16 62 95
16 63 81
16 64 6
16 65 19
16 66 95
16 67 77
16 68 21
16 69 52
16 70 22
16 71 95
16 72 3
16 73 24
16 74 37
16 75 71
16 76 3
16 77 7
16 78 61
16 79 67
16 80 11
16 81 61
16 82 54
16 83 54
16 84 7
16 85 26
16 86 89
16 87 49
16 88 74
16 89 12
16 90 32
16 91 39
16 92 90
16 93 87
16 94 58
16 95 98
16 96 52
16 97 77
16 98 67
16 99 66
17 18 2
17 19 61
17 20 34
17 21 57
17 22 69
17 23 14
17 24 78
17 25 62
17 26 44
17 27 22
17 28 50
17 29 93
17 30 65
17 31 27
17 32 92
17 33 34
17 34 43
17 35 58
17 36 86
17 37 63
17 38 58
17 39 76
17 40 13
17 41 85
17 42 23
17 43 38
17 44 3
17 45 95
17 46 92
17 47 52
17 48 15
17 49 54
17 50 67
17 51 63
17 52 77
17 53 34
17 54 75
17 55 97
17 56 44
17 57 40
17 58 13
17 59 40
17 60 65
17 61 75
17 62 76
17 63 96
17 64 66
17 65 75
17 66 30
17 67 3
17 68 85
17 69 41
17 70 22
17 71 29
17 72 5
17 73 27
17 74 69
17 75 97
17 76 76
17 77 51
17 78 61
17 79 79
17 80 22
17 81 10
17 82 65
17 83 28
17 84 25
17 85 79
17 86 37
17 87 85
17 88 72
17 89 18
17 90 16
17 91 35
17 92 75
17 93 15
17 94 41
17 95 22
17 96 17
17 97 15
17 98 59
17 99 48
18 19 27
18 20 6
18 21 42
18 22 15
18 23 65
18 24 83
18 25 77
18 26 47
18 27 87
18 28 89
18 29 71
18 30 21
18 31 65
18 32 14
18 33 97
18 34 78
18 35 10
18 36 47
18 37 42
18 38 19
18 39 97
18 40 80
18 41 43
18 42 4
18 43 54
18 44 97
18 45 53
18 46 55
18 47 29
18 48 45
18 49 47
18 50 10
18 51 14
18 52 17
18 53 50
18 54 50
18 55 28
18 56 30
18 57 81
18 58 84
18 59 73
18 60 31
18 61 67
18 62 84
18 63 72
18 64 39
18 65 81
18 66 18
18 67 6
18 68 7
18 69 72
18 70 65
18 71 3
18 72 69
18 73 23
18 74 66
18 75 27
18 76 63
18 77 40
18 78 25
18 79 35
18 80 30
18 81 29
18 82 24
18 83 18
18 84 50
18 85 84
18 86 26
18 87 96
18 88 95
18 89 68
18 90 50
18 91 64
18 92 74
18 93 53
18 94 14
18 95 69
18 96 20
18 97 62
18 98 45
18 99 53
19 20 90
19 21 63
19 22 30
19 23 44
19 24 40
19 25 78
19 26 92
19 27 53
19 28 13
19 29 10
19 30 88
19 31 6
19 32 54
19 33 16
19 34 62
19 35 78
19 36 45
19 37 64
19 38 49
19 39 38
19 40 11
19 41 15
19 42 42
19 43 32
19 44 71
19 45 84
19 46 21
19 47 50
19 48 87
19 49 3
19 50 86
19 51 91
19 52 91
19 53 85
19 54 46
19 55 92
19 56 35
19 57 72
19 58 47
19 59 54
19 60 19
19 61 74
19 62 46
19 63 6
19 64 7
19 65 55
19 66 49
19 67 9
19 68 55
19 69 27
19 70 81
19 71 16
19 72 79
19 73 59
19 74 51
19 75 59
19 76 35
19 77 13
19 78 5
19 79 69
19 80 7
19 81 23
19 82 83
19 83 90
19 84 79
19 85 86
19 86 42
19 87 10
19 88 59
19 89 8
19 90 88
19 91 14
19 92 83
19 93 22
19 94 44
19 95 15
19 96 2
19 97 97
19 98 11
19 99 81
20 21 12
20 22 84
20 23 57
20 24 6
20 25 60
20 26 59
20 27 57
20 28 32
20 29 71
20 30 30
20 31 3
20 32 78
20 33 2
20 34 57
20 35 15
20 36 88
20 37 36
20 38 78
20 39 72
20 40 32
20 41 14
20 42 29
20 43 25
20 44 85
20 45 58
20 46 45
20 47 51
20 48 73
20 49 98
20 50 15
20 51 89
20 52 18
20 53 55
20 54 16
20 55 25
20 56 84
20 57 52
20 58 56
20 59 87
20 60 68
20 61 95
20 62 32
20 63 49
20 64 35
20 65 20
20 66 25
20 67 14
20 68 75
20 69 87
20 70 69
20 71 9
20 72 17
20 73 34
20 74 34
20 75 49
20 76 81
20 77 6
20 78 69
20 79 66
20 80 79
20 81 50
20 82 29
20 83 52
20 84 57
20 85 40
20 86 81
20 87 40
20 88 31
20 89 39
20 90 82
20 91 36
20 92 14
20 93 84
20 94 89
20 95 73
20 96 68
20 97 10
20 98 22
20 99 92
21 22 20
21 23 39
21 24 71
21 25 90
21 26 89
21 27 5
21 28 97
21 29 17
21 30 25
21 31 14
21 32 61
21 33 57
21 34 6
21 35 55
21 36 78
21 37 70
21 38 52
21 39 42
21 40 28
21 41 72
21 42 65
21 43 21
21 44 31
21 45 60
21 46 93
21 47 75
21 48 22
21 49 95
21 50 82
21 51 63
21 52 67
21 53 85
21 54 52
21 55 69
21 56 12
21 57 12
21 58 6
21 59 46
21 60 6
21 61 4
21 62 4
21 63 89
21 64 52
21 65 78
21 66 7
21 67 85
21 68 81
21 69 22
21 70 81
21 71 55
21 72 24
21 73 4
21 74 94
21 75 97
21 76 95
21 77 92
21 78 3
21 79 34
21 80 52
21 81 60
21 82 31
21 83 39
21 84 79
21 85 83
21 86 30
21 87 61
21 88 22
21 89 6
21 90 69
21 91 48
21 92 30
21 93 89
21 94 34
21 95 70
21 96 23
21 97 15
21 98 79
21 99 14
22 23 55
22 24 55
22 25 70
22 26 7
22 27 73
22 28 8
22 29 61
22 30 9
22 31 88
22 32 94
22 33 57
22 34 84
22 35 46
22 36 19
22 37 53
22 38 34
22 39 92
22 40 16
22 41 47
22 42 23
22 43 89
22 44 12
22 45 89
22 46 77
22 47 95
22 48 4
22 49 55
22 50 40
22 51 75
22 52 31
22 53 42
22 54 81
22 55 87
22 56 55
22 57 43
22 58 66
22 59 38
22 60 80
22 61 60
22 62 53
22 63 84
22 64 37
22 65 40
22 66 41
22 67 17
22 68 22
22 69 42
22 70 46
22 71 60
22 72 37
22 73 62
22 74 2
22 75 92
22 76 63
22 77 52
22 78 91
22 79 98
22 80 75
22 81 61
22 82 28
22 83 44
22 84 29
22 85 71
22 86 4
22 87 76
22 88 96
22 89 87
22 90 90
22 91 75
22 92 37
22 93 47
22 94 37
22 95 11
22 96 19
22 97 57
22 98 62
22 99 37
23 24 80
23 25 25
23 26 61
23 27 20
23 28 57
23 29 97
23 30 30
23 31 77
23 32 69
23 33 46
23 34 47
23 35 28
23 36 27
23 37 37
23 38 64
23 39 25
23 40 86
23 41 11
23 42 71
23 43 15
23 44 32
23 45 19
23 46 97
23 47 66
23 48 84
23 49 70
23 50 80
23 51 54
23 52 33
23 53 45
23 54 47
23 55 7
23 56 33
23 57 35
23 58 37
23 59 2
23 60 82
23 61 90
23 62 53
23 63 7
23 64 64
23 65 36
23 66 2
23 67 75
23 68 32
23 69 74
23 70 29
23 71 26
23 72 73
23 73 43
23 74 31
23 75 33
23 76 56
23 77 13
23 78 79
23 79 82
23 80 13
23 81 47
23 82 74
23 83 34
23 84 70
23 85 96
23 86 16
23 87 9
23 88 53
23 89 82
23 90 34
23 91 70
23 92 70
23 93 83
23 94 54
23 95 53
23 96 15
23 97 87
23 98 81
23 99 14
24 25 92
24 26 53
24 27 54
24 28 47
24 29 15
24 30 3
24 31 82
24 32 2
24 33 61
24 34 25
24 35 59
24 36 42
24 37 21
24 38 53
24 39 91
24 40 63
24 41 40
24 42 52
24 43 45
24 44 13
24 45 76
24 46 23
24 47 28
24 48 96
24 49 71
24 50 15
24 51 92
24 52 9
24 53 15
24 54 71
24 55 10
24 56 63
24 57 54
24 58 88
24 59 54
24 60 13
24 61 52
24 62 98
24 63 12
24 64 7
24 65 9
24 66 59
24 67 24
24 68 63
24 69 51
24 70 75
24 71 77
24 72 31
24 73 56
24 74 94
24 75 89
24 76 10
24 77 22
24 78 75
24 79 79
24 80 69
24 81 2
24 82 82
24 83 10
24 84 49
24 85 38
24 86 16
24 87 92
24 88 2
24 89 56
24 90 77
24 91 94
24 92 83
24 93 62
24 94 16
24 95 5
24 96 9
24 97 16
24 98 92
24 99 58
25 26 44
25 27 39
25 28 92
25 29 67
25 30 40
25 31 34
25 32 97
25 33 88
25 34 42
25 35 93
25 36 26
25 37 10
25 38 60
25 39 7
25 40 16
25 41 71
25 42 6
25 43 21
25 44 60
25 45 74
25 46 19
25 47 13
25 48 32
25 49 21
25 50 85
25 51 95
25 52 35
25 53 8
25 54 95
25 55 62
25 56 34
25 57 47
25 58 36
25 59 19
25 60 6
25 61 58
25 62 72
25 63 60
25 64 81
25 65 16
25 66 29
25 67 33
25 68 10
25 69 51
25 70 19
25 71 53
25 72 85
25 73 29
25 74 64
25 75 47
25 76 6
25 77 77
25 78 54
25 79 52
25 80 66
25 81 59
25 82 25
25 83 35
25 84 25
25 85 90
25 86 74
25 87 38
25 88 59
25 89 52
25 90 57
25 91 96
25 92 33
25 93 96
25 94 10
25 95 42
25 96 89
25 97 44
25 98 16
25 99 48
26 27 73
26 28 81
26 29 36
26 30 15
26 31 87
26 32 7
26 33 25
26 34 98
26 35 73
26 36 4
26 37 30
26 38 42
26 39 83
26 40 53
26 41 29
26 42 59
26 43 82
26 44 11
26 45 98
26 46 9
26 47 74
26 48 80
26 49 82
26 50 36
26 51 48
26 52 48
26 53 22
26 54 69
26 55 25
26 56 41
26 57 25
26 58 34
26 59 56
26 60 9
26 61 16
26 62 44
26 63 27
26 64 54
26 65 56
26 66 79
26 67 81
26 68 77
26 69 65
26 70 26
26 71 59
26 72 39
26 73 32
26 74 38
26 75 34
26 76 12
26 77 31
26 78 60
26 79 69
26 80 56
26 81 8
26 82 21
26 83 29
26 84 93
26 85 26
26 86 41
26 87 50
26 88 24
26 89 29
26 90 7
26 91 74
26 92 19
26 93 7
26 94 4
26 95 91
26 96 88
26 97 82
26 98 72
26 99 94
27 28 33
27 29 5
27 30 81
27 31 15
27 32 41
27 33 41
27 34 52
27 35 82
27 36 59
27 37 32
27 38 80
27 39 6
27 40 93
27 41 73
27 42 47
27 43 62
27 44 93
27 45 21
27 46 39
27 47 55
27 48 15
27 49 85
27 50 73
27 51 87
27 52 55
27 53 34
27 54 42
27 55 81
27 56 79
27 57 54
27 58 23
27 59 88
27 60 83
27 61 85
27 62 38
27 63 81
27 64 57
27 65 55
27 66 93
27 67 79
27 68 24
27 69 96
27 70 2
27 71 65
27 72 97
27 73 85
27 74 23
27 75 55
27 76 30
27 77 59
27 78 37
27 79 92
27 80 24
27 81 58
27 82 7
27 83 44
27 84 28
27 85 81
27 86 80
27 87 69
27 88 15
27 89 19
27 90 87
27 91 76
27 92 8
27 93 17
27 94 90
27 95 20
27 96 39
27 97 87
27 98 70
27 99 85
28 29 59
28 30 93
28 31 56
28 32 68
28 33 75
28 34 85
28 35 37
28 36 21
28 37 7
28 38 25
28 39 3
28 40 86
28 41 68
28 42 84
28 43 38
28 44 80
28 45 28
28 46 55
28 47 27
28 48 20
28 49 57
28 50 24
28 51 63
28 52 49
28 53 36
28 54 64
28 55 91
28 56 13
28 57 13
28 58 90
28 59 79
28 60 25
28 61 78
28 62 34
28 63 66
28 64 11
28 65 91
28 66 26
28 67 35
28 68 41
28 69 33
28 70 20
28 71 97
28 72 79
28 73 94
28 74 47
28 75 94
28 76 40
28 77 63
28 78 87
28 79 65
28 80 22
28 81 60
28 82 73
28 83 92
28 84 70
28 85 87
28 86 47
28 87 68
28 88 68
28 89 44
28 90 77
28 91 29
28 92 90
28 93 38
28 94 60
28 95 13
28 96 49
28 97 58
28 98 74
28 99 20
29 30 50
29 31 14
29 32 8
29 33 21
29 34 53
29 35 83
29 36 37
29 37 2
29 38 55
29 39 58
29 40 70
29 41 88
29 42 50
29 43 18
29 44 94
29 45 94
29 46 69
29 47 31
29 48 39
29 49 67
29 50 57
29 51 27
29 52 81
29 53 91
29 54 63
29 55 9
29 56 2
29 57 45
29 58 38
29 59 86
29 60 58
29 61 9
29 62 50
29 63 96
29 64 78
29 65 92
29 66 43
29 67 47
29 68 39
29 69 79
29 70 86
29 71 33
29 72 35
29 73 13
29 74 43
29 75 52
29 76 48
29 77 19
29 78 5
29 79 38
29 80 50
29 81 67
29 82 42
29 83 48
29 84 4
29 85 71
29 86 97
29 87 38
29 88 56
29 89 70
29 90 41
29 91 42
29 92 96
29 93 21
29 94 91
29 95 97
29 96 3
29 97 35
29 98 65
29 99 24
30 31 63
30 32 32
30 33 43
30 34 14
30 35 72
30 36 28
30 37 68
30 38 47
30 39 10
30 40 69
30 41 47
30 42 58
30 43 16
30 44 30
30 45 89
30 46 21
30 47 49
30 48 9
30 49 49
30 50 2
30 51 8
30 52 84
30 53 72
30 54 67
30 55 68
30 56 17
30 57 78
30 58 47
30 59 25
30 60 72
30 61 96
30 62 15
30 63 64
30 64 70
30 65 62
30 66 41
30 67 29
30 68 95
30 69 43
30 70 11
30 71 94
30 72 10
30 73 93
30 74 33
30 75 39
30 76 22
30 77 63
30 78 71
30 79 76
30 80 8
30 81 16
30 82 95
30 83 30
30 84 58
30 85 67
30 86 80
30 87 85
30 88 95
30 89 53
30 90 48
30 91 71
30 92 21
30 93 75
30 94 23
30 95 44
30 96 36
30 97 81
30 98 86
30 99 80
31 32 49
31 33 87
31 34 51
31 35 16
31 36 22
31 37 63
31 38 78
31 39 85
31 40 65
31 41 52
31 42 50
31 43 58
31 44 65
31 45 19
31 46 28
31 47 6
31 48 96
31 49 77
31 50 94
31 51 90
31 52 2
31 53 29
31 54 39
31 55 60
31 56 50
31 57 82
31 58 34
31 59 87
31 60 33
31 61 51
31 62 32
31 63 71
31 64 61
31 65 73
31 66 5
31 67 84
31 68 47
31 69 21
31 70 43
31 71 36
31 72 36
31 73 46
31 74 45
31 75 70
31 76 60
31 77 52
31 78 38
31 79 17
31 80 34
31 81 2
31 82 11
31 83 39
31 84 60
31 85 90
31 86 28
31 87 69
31 88 18
31 89 78
31 90 4
31 91 22
31 92 73
31 93 10
31 94 55
31 95 32
31 96 40
31 97 38
31 98 90
31 99 87
32 33 20
32 34 42
32 35 48
32 36 40
32 37 96
32 38 24
32 39 37
32 40 56
32 41 43
32 42 97
32 43 21
32 44 85
32 45 81
32 46 77
32 47 4
32 48 42
32 49 88
32 50 88
32 51 83
32 52 53
32 53 67
32 54 28
32 55 60
32 56 70
32 57 45
32 58 48
32 59 82
32 60 24
32 61 11
32 62 94
32 63 61
32 64 31
32 65 58
32 66 20
32 67 13
32 68 5
32 69 82
32 70 85
32 71 84
32 72 71
32 73 51
32 74 91
32 75 24
32 76 29
32 77 48
32 78 69
32 79 97
32 80 87
32 81 44
32 82 22
32 83 16
32 84 89
32 85 25
32 86 81
32 87 96
32 88 77
32 89 83
32 90 94
32 91 24
32 92 96
32 93 36
32 94 35
32 95 53
32 96 61
32 97 18
32 98 18
32 99 72
33 34 91
33 35 23
33 36 13
33 37 95
33 38 42
33 39 28
33 40 90
33 41 21
33 42 88
33 43 96
33 44 46
33 45 57
33 46 37
33 47 80
33 48 59
33 49 11
33 50 63
33 51 21
33 52 6
33 53 58
33 54 77
33 55 46
33 56 45
33 57 17
33 58 44
33 59 79
33 60 3
33 61 10
33 62 53
33 63 85
33 64 16
33 65 76
33 66 14
33 67 82
33 68 8
33 69 73
33 70 4
33 71 8
33 72 14
33 73 45
33 74 95
33 75 82
33 76 46
33 77 31
33 78 85
33 79 38
33 80 34
33 81 13
33 82 34
33 83 61
33 84 78
33 85 19
33 86 42
33 87 35
33 88 17
33 89 74
33 90 7
33 91 40
33 92 18
33 93 58
33 94 77
33 95 2
33 96 20
33 97 95
33 98 65
33 99 7
34 35 95
34 36 30
34 37 44
34 38 40
34 39 3
34 40 23
34 41 79
34 42 71
34 43 76
34 44 61
34 45 31
34 46 93
34 47 97
34 48 15
34 49 82
34 50 42
34 51 88
34 52 32
34 53 85
34 54 47
34 55 95
34 56 61
34 57 31
34 58 37
34 59 29
34 60 42
34 61 38
34 62 33
34 63 57
34 64 22
34 65 50
34 66 34
34 67 67
34 68 27
34 69 15
34 70 29
34 71 11
34 72 70
34 73 78
34 74 13
34 75 20
34 76 71
34 77 48
34 78 98
34 79 79
34 80 34
34 81 92
34 82 86
34 83 31
34 84 19
34 85 85
34 86 33
34 87 3
34 88 83
34 89 14
34 90 2
34 91 34
34 92 25
34 93 85
34 94 63
34 95 62
34 96 3
34 97 86
34 98 6
34 99 71
35 36 98
35 37 91
35 38 83
35 39 61
35 40 42
35 41 68
35 42 87
35 43 56
35 44 55
35 45 68
35 46 97
35 47 98
35 48 49
35 49 63
35 50 45
35 51 12
35 52 16
35 53 23
35 54 90
35 55 54
35 56 13
35 57 88
35 58 35
35 59 82
35 60 6
35 61 91
35 62 75
35 63 40
35 64 55
35 65 77
35 66 62
35 67 92
35 68 69
35 69 7
35 70 15
35 71 90
35 72 82
35 73 41
35 74 70
35 75 39
35 76 50
35 77 21
35 78 27
35 79 3
35 80 54
35 81 2
35 82 35
35 83 61
35 84 42
35 85 8
35 86 25
35 87 65
35 88 51
35 89 81
35 90 89
35 91 35
35 92 5
35 93 61
35 94 96
35 95 17
35 96 4
35 97 77
35 98 89
35 99 97
36 37 32
36 38 6
36 39 53
36 40 28
36 41 8
36 42 49
36 43 20
36 44 14
36 45 37
36 46 90
36 47 63
36 48 66
36 49 76
36 50 25
36 51 21
36 52 9
36 53 61
36 54 71
36 55 88
36 56 72
36 57 51
36 58 2
36 59 28
36 60 56
36 61 71
36 62 96
36 63 37
36 64 74
36 65 24
36 66 17
36 67 47
36 68 88
36 69 15
36 70 41
36 71 81
36 72 54
36 73 56
36 74 96
36 75 41
36 76 17
36 77 97
36 78 86
36 79 14
36 80 6
36 81 94
36 82 24
36 83 43
36 84 92
36 85 33
36 86 88
36 87 12
36 88 68
36 89 3
36 90 79
36 91 93
36 92 80
36 93 81
36 94 12
36 95 96
36 96 54
36 97 17
36 98 63
36 99 85
37 38 2
37 39 32
37 40 65
37 41 52
37 42 72
37 43 13
37 44 93
37 45 67
37 46 20
37 47 69
37 48 65
37 49 88
37 50 66
37 51 18
37 52 57
37 53 22
37 54 11
37 55 38
37 56 13
37 57 84
37 58 13
37 59 3
37 60 73
37 61 62
37 62 40
37 63 72
37 64 88
37 65 38
37 66 74
37 67 64
37 68 95
37 69 62
37 70 26
37 71 8
37 72 32
37 73 45
37 74 37
37 75 33
37 76 94
37 77 89
37 78 14
37 79 54
37 80 91
37 81 67
37 82 38
37 83 50
37 84 14
37 85 28
37 86 18
37 87 93
37 88 49
37 89 29
37 90 11
37 91 52
37 92 79
37 93 87
37 94 90
37 95 90
37 96 21
37 97 3
37 98 21
37 99 11
38 39 97
38 40 84
38 41 20
38 42 8
38 43 15
38 44 85
38 45 59
38 46 16
38 47 97
38 48 67
38 49 17
38 50 43
38 51 5
38 52 92
38 53 24
38 54 91
38 55 36
38 56 78
38 57 22
38 58 66
38 59 41
38 60 62
38 61 92
38 62 3
38 63 70
38 64 25
38 65 91
38 66 20
38 67 5
38 68 87
38 69 21
38 70 96
38 71 71
38 72 2
38 73 3
38 74 64
38 75 37
38 76 8
38 77 11
38 78 64
38 79 50
38 80 27
38 81 24
38 82 73
38 83 13
38 84 40
38 85 41
38 86 47
38 87 3
38 88 97
38 89 90
38 90 40
38 91 78
38 92 74
38 93 20
38 94 70
38 95 58
38 96 78
38 97 16
38 98 97
38 99 5
39 40 23
39 41 27
39 42 79
39 43 88
39 44 96
39 45 95
39 46 63
39 47 97
39 48 73
39 49 64
39 50 70
39 51 36
39 52 44
39 53 22
39 54 93
39 55 16
39 56 34
39 57 83
39 58 54
39 59 31
39 60 88
39 61 12
39 62 84
39 63 5
39 64 63
39 65 6
39 66 16
39 67 43
39 68 64
39 69 96
39 70 15
39 71 88
39 72 11
39 73 38
39 74 35
39 75 50
39 76 24
39 77 61
39 78 11
39 79 93
39 80 36
39 81 82
39 82 87
39 83 10
39 84 63
39 85 29
39 86 71
39 87 97
39 88 92
39 89 4
39 90 40
39 91 48
39 92 66
39 93 35
39 94 27
39 95 38
39 96 40
39 97 37
39 98 60
39 99 96
40 41 58
40 42 15
40 43 29
40 44 81
40 45 13
40 46 94
40 47 69
40 48 67
40 49 22
40 50 92
40 51 4
40 52 71
40 53 27
40 54 7
40 55 70
40 56 48
40 57 67
40 58 27
40 59 47
40 60 62
40 61 59
40 62 92
40 63 98
40 64 64
40 65 93
40 66 47
40 67 23
40 68 31
40 69 19
40 70 16
40 71 48
40 72 4
40 73 62
40 74 58
40 75 66
40 76 69
40 77 37
40 78 65
40 79 16
40 80 38
40 81 59
40 82 94
40 83 64
40 84 93
40 85 75
40 86 97
40 87 38
40 88 33
40 89 33
40 90 10
40 91 97
40 92 8
40 93 69
40 94 17
40 95 94
40 96 22
40 97 62
40 98 76
40 99 97
41 42 54
41 43 82
41 44 59
41 45 49
41 46 91
41 47 71
41 48 16
41 49 47
41 50 96
41 51 80
41 52 87
41 53 22
41 54 9
41 55 96
41 56 38
41 57 86
41 58 35
41 59 60
41 60 60
41 61 78
41 62 76
41 63 63
41 64 28
41 65 25
41 66 88
41 67 94
41 68 24
41 69 4
41 70 80
41 71 28
41 72 20
41 73 11
41 74 51
41 75 46
41 76 9
41 77 39
41 78 45
41 79 98
41 80 95
41 81 23
41 82 87
41 83 48
41 84 93
41 85 67
41 86 17
41 87 84
41 88 12
41 89 14
41 90 90
41 91 73
41 92 49
41 93 58
41 94 53
41 95 23
41 96 7
41 97 7
41 98 82
41 99 22
42 43 43
42 44 27
42 45 88
42 46 22
42 47 84
42 48 45
42 49 66
42 50 89
42 51 10
42 52 39
42 53 73
42 54 5
42 55 5
42 56 64
42 57 87
42 58 16
42 59 30
42 60 41
42 61 35
42 62 61
42 63 76
42 64 65
42 65 35
42 66 6
42 67 56
42 68 4
42 69 91
42 70 35
42 71 38
42 72 19
42 73 81
42 74 83
42 75 27
42 76 29
42 77 66
42 78 21
42 79 34
42 80 79
42 81 49
42 82 21
42 83 92
42 84 39
42 85 89
42 86 82
42 87 15
42 88 52
42 89 22
42 90 15
42 91 84
42 92 11
42 93 57
42 94 56
42 95 6
42 96 36
42 97 31
42 98 15
42 99 75
43 44 2
43 45 66
43 46 57
43 47 26
43 48 90
43 49 74
43 50 7
43 51 86
43 52 45
43 53 86
43 54 85
43 55 51
43 56 50
43 57 30
43 58 16
43 59 43
43 60 80
43 61 46
43 62 24
43 63 21
43 64 90
43 65 62
43 66 50
43 67 17
43 68 21
43 69 42
43 70 32
43 71 94
43 72 90
43 73 32
43 74 57
43 75 95
43 76 73
43 77 97
43 78 9
43 79 67
43 80 74
43 81 61
43 82 50
43 83 71
43 84 79
43 85 38
43 86 82
43 87 35
43 88 42
43 89 49
43 90 61
43 91 57
43 92 8
43 93 51
43 94 2
43 95 82
43 96 83
43 97 45
43 98 87
43 99 28
44 45 32
44 46 73
44 47 64
44 48 98
44 49 64
44 50 58
44 51 42
44 52 95
44 53 43
44 54 9
44 55 5
44 56 65
44 57 14
44 58 30
44 59 71
44 60 47
44 61 70
44 62 12
44 63 93
44 64 91
44 65 72
44 66 92
44 67 30
44 68 29
44 69 58
44 70 83
44 71 50
44 72 10
44 73 83
44 74 95
44 75 72
44 76 84
44 77 73
44 78 17
44 79 24
44 80 35
44 81 37
44 82 21
44 83 38
44 84 3
44 85 71
44 86 24
44 87 11
44 88 35
44 89 20
44 90 66
44 91 59
44 92 71
44 93 74
44 94 29
44 95 95
44 96 20
44 97 41
44 98 21
44 99 70
45 46 58
45 47 82
45 48 62
45 49 86
45 50 86
45 51 90
45 52 10
45 53 30
45 54 76
45 55 26
45 56 48
45 57 51
45 58 16
45 59 15
45 60 61
45 61 59
45 62 65
45 63 41
45 64 35
45 65 28
45 66 40
45 67 46
45 68 22
45 69 91
45 70 69
45 71 41
45 72 30
45 73 72
45 74 81
45 75 84
45 76 54
45 77 59
45 78 12
45 79 65
45 80 12
45 81 18
45 82 87
45 83 39
45 84 3
45 85 98
45 86 37
45 87 84
45 88 63
45 89 73
45 90 15
45 91 97
45 92 27
45 93 51
45 94 42
45 95 24
45 96 27
45 97 83
45 98 27
45 99 68
46 47 6
46 48 92
46 49 55
46 50 98
46 51 17
46 52 58
46 53 54
46 54 77
46 55 40
46 56 52
46 57 70
46 58 64
46 59 45
46 60 50
46 61 3
46 62 94
46 63 89
46 64 73
46 65 18
46 66 59
46 67 57
46 68 5
46 69 55
46 70 76
46 71 76
46 72 94
46 73 66
46 74 85
46 75 55
46 76 28
46 77 9
46 78 16
46 79 12
46 80 19
46 81 25
46 82 32
46 83 55
46 84 98
46 85 32
46 86 22
46 87 81
46 88 93
46 89 67
46 90 72
46 91 48
46 92 48
46 93 22
46 94 60
46 95 77
46 96 93
46 97 4
46 98 93
46 99 73
47 48 77
47 49 73
47 50 41
47 51 69
47 52 57
47 53 84
47 54 4
47 55 81
47 56 59
47 57 2
47 58 31
47 59 75
47 60 10
47 61 65
47 62 59
47 63 45
47 64 33
47 65 25
47 66 83
47 67 10
47 68 98
47 69 24
47 70 93
47 71 96
47 72 91
47 73 18
47 74 8
47 75 78
47 76 52
47 77 19
47 78 6
47 79 83
47 80 65
47 81 66
47 82 37
47 83 82
47 84 72
47 85 85
47 86 86
47 87 13
47 88 94
47 89 70
47 90 96
47 91 30
47 92 91
47 93 34
47 94 68
47 95 43
47 96 62
47 97 45
47 98 53
47 99 50
48 49 63
48 50 42
48 51 19
48 52 83
48 53 3
48 54 55
48 55 45
48 56 32
48 57 73
48 58 42
48 59 77
48 60 40
48 61 85
48 62 85
48 63 24
48 64 97
48 65 67
48 66 26
48 67 81
48 68 39
48 69 36
48 70 83
48 71 24
48 72 64
48 73 10
48 74 45
48 75 25
48 76 82
48 77 8
48 78 47
48 79 53
48 80 30
48 81 21
48 82 9
48 83 35
48 84 86
48 85 54
48 86 40
48 87 38
48 88 77
48 89 70
48 90 12
48 91 14
48 92 90
48 93 68
48 94 92
48 95 58
48 96 71
48 97 46
48 98 60
48 99 24
49 50 19
49 51 35
49 52 70
49 53 26
49 54 73
49 55 62
49 56 82
49 57 95
49 58 83
49 59 51
49 60 42
49 61 16
49 62 96
49 63 59
49 64 81
49 65 88
49 66 35
49 67 32
49 68 7
49 69 67
49 70 79
49 71 21
49 72 78
49 73 42
49 74 12
49 75 63
49 76 71
49 77 19
49 78 73
49 79 86
49 80 86
49 81 37
49 82 25
49 83 22
49 84 52
49 85 54
49 86 54
49 87 73
49 88 37
49 89 68
49 90 82
49 91 73
49 92 58
49 93 30
49 94 17
49 95 6
49 96 48
49 97 60
49 98 82
49 99 60
50 51 65
50 52 67
50 53 60
50 54 77
50 55 80
50 56 68
50 57 70
50 58 37
50 59 15
50 60 83
50 61 59
50 62 35
50 63 8
50 64 93
50 65 34
50 66 29
50 67 51
50 68 31
50 69 25
50 70 83
50 71 88
50 72 26
50 73 32
50 74 27
50 75 62
50 76 54
50 77 44
50 78 65
50 79 66
50 80 98
50 81 51
50 82 67
50 83 33
50 84 37
50 85 78
50 86 46
50 87 73
50 88 78
50 89 6
50 90 32
50 91 2
50 92 3
50 93 28
50 94 96
50 95 39
50 96 55
50 97 21
50 98 7
50 99 90
51 52 26
51 53 82
51 54 92
51 55 64
51 56 14
51 57 11
51 58 18
51 59 16
51 60 53
51 61 73
51 62 82
51 63 9
51 64 54
51 65 69
51 66 75
51 67 3
51 68 45
51 69 97
51 70 89
51 71 83
51 72 53
51 73 58
51 74 66
51 75 66
51 76 52
51 77 20
51 78 72
51 79 4
51 80 25
51 81 36
51 82 42
51 83 55
51 84 80
51 85 47
51 86 66
51 87 96
51 88 48
51 89 74
51 90 27
51 91 37
51 92 76
51 93 5
51 94 47
51 95 88
51 96 27
51 97 62
51 98 45
51 99 33
52 53 9
52 54 39
52 55 6
52 56 37
52 57 97
52 58 6
52 59 44
52 60 2
52 61 68
52 62 85
52 63 18
52 64 73
52 65 51
52 66 90
52 67 39
52 68 23
52 69 12
52 70 78
52 71 94
52 72 9
52 73 84
52 74 86
52 75 71
52 76 60
52 77 27
52 78 20
52 79 38
52 80 27
52 81 45
52 82 20
52 83 66
52 84 8
52 85 85
52 86 69
52 87 47
52 88 56
52 89 49
52 90 16
52 91 32
52 92 5
52 93 50
52 94 58
52 95 63
52 96 58
52 97 18
52 98 54
52 99 72
53 54 54
53 55 90
53 56 64
53 57 3
53 58 42
53 59 67
53 60 29
53 61 60
53 62 68
53 63 94
53 64 19
53 65 84
53 66 53
53 67 55
53 68 17
53 69 49
53 70 3
53 71 13
53 72 6
53 73 51
53 74 36
53 75 19
53 76 84
53 77 42
53 78 42
53 79 61
53 80 95
53 81 52
53 82 69
53 83 89
53 84 36
53 85 76
53 86 73
53 87 43
53 88 54
53 89 66
53 90 17
53 91 32
53 92 59
53 93 61
53 94 13
53 95 85
53 96 41
53 97 63
53 98 51
53 99 7
54 55 7
54 56 70
54 57 58
54 58 59
54 59 6
54 60 88
54 61 34
54 62 36
54 63 66
54 64 25
54 65 63
54 66 63
54 67 5
54 68 79
54 69 12
54 70 33
54 71 48
54 72 36
54 73 65
54 74 30
54 75 39
54 76 92
54 77 10
54 78 90
54 79 50
54 80 5
54 81 69
54 82 47
54 83 83
54 84 2
54 85 35
54 86 38
54 87 4
54 88 67
54 89 86
54 90 84
54 91 41
54 92 85
54 93 51
54 94 61
54 95 86
54 96 30
54 97 91
54 98 49
54 99 74
55 56 32
55 57 33
55 58 8
55 59 33
55 60 67
55 61 94
55 62 60
55 63 98
55 64 7
55 65 16
55 66 48
55 67 62
55 68 35
55 69 23
55 70 87
55 71 17
55 72 7
55 73 33
55 74 29
55 75 95
55 76 84
55 77 68
55 78 3
55 79 30
55 80 4
55 81 89
55 82 76
55 83 39
55 84 66
55 85 28
55 86 90
55 87 78
55 88 62
55 89 41
55 90 8
55 91 58
55 92 62
55 93 95
55 94 37
55 95 90
55 96 16
55 97 97
55 98 35
55 99 51
56 57 20
56 58 50
56 59 80
56 60 36
56 61 83
56 62 12
56 63 48
56 64 78
56 65 96
56 66 55
56 67 12
56 68 97
56 69 13
56 70 5
56 71 95
56 72 20
56 73 32
56 74 84
56 75 80
56 76 31
56 77 64
56 78 69
56 79 33
56 80 87
56 81 3
56 82 89
56 83 26
56 84 62
56 85 78
56 86 81
56 87 51
56 88 26
56 89 15
56 90 40
56 91 56
56 92 84
56 93 61
56 94 65
56 95 36
56 96 72
56 97 23
56 98 29
56 99 76
57 58 82
57 59 87
57 60 36
57 61 78
57 62 50
57 63 76
57 64 48
57 65 73
57 66 94
57 67 58
57 68 76
57 69 92
57 70 70
57 71 46
57 72 41
57 73 89
57 74 14
57 75 60
57 76 83
57 77 88
57 78 9
57 79 42
57 80 98
57 81 90
57 82 4
57 83 91
57 84 28
57 85 46
57 86 15
57 87 85
57 88 65
57 89 37
57 90 48
57 91 60
57 92 46
57 93 21
57 94 40
57 95 90
57 96 91
57 97 44
57 98 42
57 99 92
58 59 11
58 60 42
58 61 9
58 62 18
58 63 3
58 64 18
58 65 81
58 66 88
58 67 97
58 68 32
58 69 25
58 70 40
58 71 28
58 72 81
58 73 40
58 74 53
58 75 32
58 76 58
58 77 95
58 78 46
58 79 30
58 80 41
58 81 65
58 82 97
58 83 25
58 84 14
58 85 45
58 86 4
58 87 79
58 88 71
58 89 61
58 90 18
58 91 75
58 92 10
58 93 29
58 94 95
58 95 86
58 96 59
58 97 51
58 98 29
58 99 28
59 60 59
59 61 74
59 62 89
59 63 39
59 64 85
59 65 78
59 66 94
59 67 64
59 68 86
59 69 43
59 70 11
59 71 18
59 72 83
59 73 25
59 74 50
59 75 47
59 76 2
59 77 52
59 78 37
59 79 78
59 80 81
59 81 67
59 82 42
59 83 3
59 84 79
59 85 20
59 86 40
59 87 77
59 88 98
59 89 16
59 90 65
59 91 55
59 92 53
59 93 85
59 94 26
59 95 53
59 96 7
59 97 4
59 98 67
59 99 23
60 61 82
60 62 9
60 63 22
60 64 64
60 65 27
60 66 25
60 67 57
60 68 6
60 69 48
60 70 58
60 71 77
60 72 77
60 73 57
60 74 6
60 75 55
60 76 92
60 77 83
60 78 42
60 79 64
60 80 48
60 81 66
60 82 76
60 83 61
60 84 72
60 85 68
60 86 68
60 87 20
60 88 70
60 89 93
60 90 30
60 91 87
60 92 98
60 93 8
60 94 47
60 95 89
60 96 32
60 97 31
60 98 98
60 99 9
61 62 82
61 63 56
61 64 45
61 65 16
61 66 5
61 67 86
61 68 76
61 69 80
61 70 32
61 71 71
61 72 78
61 73 14
61 74 21
61 75 65
61 76 11
61 77 85
61 78 59
61 79 8
61 80 38
61 81 93
61 82 5
61 83 3
61 84 48
61 85 47
61 86 64
61 87 65
61 88 58
61 89 78
61 90 6
61 91 80
61 92 12
61 93 88
61 94 2
61 95 41
61 96 96
61 97 6
61 98 88
61 99 54
62 63 53
62 64 57
62 65 42
62 66 38
62 67 26
62 68 62
62 69 88
62 70 16
62 71 11
62 72 18
62 73 6
62 74 86
62 75 65
62 76 37
62 77 89
62 78 90
62 79 36
62 80 3
62 81 47
62 82 64
62 83 27
62 84 65
62 85 60
62 86 92
62 87 88
62 88 3
62 89 35
62 90 96
62 91 22
62 92 39
62 93 44
62 94 70
62 95 59
62 96 37
62 97 57
62 98 38
62 99 79
63 64 63
63 65 47
63 66 50
63 67 77
63 68 3
63 69 39
63 70 53
63 71 16
63 72 44
63 73 77
63 74 54
63 75 2
63 76 64
63 77 7
63 78 72
63 79 66
63 80 23
63 81 44
63 82 56
63 83 73
63 84 43
63 85 18
63 86 3
63 87 46
63 88 24
63 89 59
63 90 80
63 91 61
63 92 30
63 93 84
63 94 79
63 95 50
63 96 24
63 97 3
63 98 26
63 99 15
64 65 37
64 66 62
64 67 21
64 68 64
64 69 49
64 70 22
64 71 81
64 72 65
64 73 50
64 74 61
64 75 34
64 76 13
64 77 37
64 78 70
64 79 6
64 80 44
64 81 61
64 82 62
64 83 73
64 84 89
64 85 17
64 86 59
64 87 70
64 88 86
64 89 82
64 90 75
64 91 97
64 92 95
64 93 53
64 94 36
64 95 83
64 96 21
64 97 24
64 98 52
64 99 93
65 66 64
65 67 51
65 68 19
65 69 90
65 70 69
65 71 73
65 72 89
65 73 21
65 74 49
65 75 77
65 76 98
65 77 40
65 78 22
65 79 2
65 80 58
65 81 34
65 82 56
65 83 37
65 84 61
65 85 59
65 86 71
65 87 41
65 88 9
65 89 98
65 90 47
65 91 42
65 92 17
65 93 83
65 94 60
65 95 45
65 96 51
65 97 88
65 98 22
65 99 19
66 67 16
66 68 36
66 69 79
66 70 23
66 71 36
66 72 93
66 73 41
66 74 75
66 75 88
66 76 77
66 77 17
66 78 58
66 79 44
66 80 35
66 81 66
66 82 7
66 83 49
66 84 37
66 85 53
66 86 6
66 87 5
66 88 74
66 89 70
66 90 87
66 91 42
66 92 15
66 93 97
66 94 10
66 95 5
66 96 89
66 97 18
66 98 77
66 99 42
67 68 16
67 69 78
67 70 89
67 71 84
67 72 76
67 73 60
67 74 75
67 75 65
67 76 84
67 77 30
67 78 61
67 79 77
67 80 3
67 81 53
67 82 14
67 83 78
67 84 80
67 85 23
67 86 54
67 87 71
67 88 73
67 89 13
67 90 58
67 91 69
67 92 35
67 93 88
67 94 63
67 95 75
67 96 47
67 97 82
67 98 71
67 99 64
68 69 14
68 70 24
68 71 78
68 72 28
68 73 24
68 74 39
68 75 98
68 76 74
68 77 64
68 78 32
68 79 44
68 80 9
68 81 46
68 82 80
68 83 60
68 84 41
68 85 13
68 86 20
68 87 5
68 88 92
68 89 95
68 90 39
68 91 25
68 92 24
68 93 91
68 94 84
68 95 95
68 96 61
68 97 46
68 98 83
68 99 46
69 70 11
69 71 28
69 72 80
69 73 3
69 74 15
69 75 36
69 76 95
69 77 49
69 78 87
69 79 41
69 80 44
69 81 75
69 82 14
69 83 14
69 84 51
69 85 96
69 86 41
69 87 75
69 88 98
69 89 59
69 90 53
69 91 18
69 92 50
69 93 48
69 94 8
69 95 60
69 96 17
69 97 4
69 98 73
69 99 49
70 71 90
70 72 20
70 73 50
70 74 14
70 75 29
70 76 91
70 77 84
70 78 3
70 79 62
70 80 72
70 81 65
70 82 2
70 83 79
70 84 11
70 85 60
70 86 62
70 87 83
70 88 24
70 89 24
70 90 38
70 91 66
70 92 76
70 93 3
70 94 81
70 95 34
70 96 50
70 97 41
70 98 5
70 99 91
71 72 17
71 73 53
71 74 40
71 75 51
71 76 86
71 77 36
71 78 29
71 79 86
71 80 61
71 81 96
71 82 74
71 83 11
71 84 32
71 85 56
71 86 27
71 87 15
71 88 52
71 89 94
71 90 59
71 91 78
71 92 11
71 93 67
71 94 72
71 95 28
71 96 87
71 97 76
71 98 55
71 99 86
72 73 3
72 74 46
72 75 56
72 76 35
72 77 85
72 78 66
72 79 86
72 80 19
72 81 2
72 82 98
72 83 34
72 84 70
72 85 73
72 86 11
72 87 7
72 88 21
72 89 79
72 90 75
72 91 65
72 92 97
72 93 76
72 94 19
72 95 65
72 96 23
72 97 26
72 98 54
72 99 45
73 74 40
73 75 49
73 76 70
73 77 89
73 78 49
73 79 62
73 80 59
73 81 64
73 82 78
73 83 72
73 84 66
73 85 11
73 86 34
73 87 96
73 88 33
73 89 17
73 90 71
73 91 51
73 92 46
73 93 13
73 94 98
73 95 91
73 96 77
73 97 38
73 98 96
73 99 61
74 75 95
74 76 91
74 77 54
74 78 97
74 79 77
74 80 44
74 81 41
74 82 91
74 83 13
74 84 44
74 85 16
74 86 49
74 87 57
74 88 72
74 89 91
74 90 89
74 91 34
74 92 69
74 93 48
74 94 73
74 95 70
74 96 46
74 97 98
74 98 38
74 99 33
75 76 14
75 77 65
75 78 69
75 79 34
75 80 71
75 81 45
75 82 27
75 83 3
75 84 76
75 85 71
75 86 75
75 87 34
75 88 20
75 89 9
75 90 14
75 91 30
75 92 59
75 93 83
75 94 15
75 95 30
75 96 15
75 97 66
75 98 23
75 99 69
76 77 24
76 78 40
76 79 53
76 80 72
76 81 11
76 82 88
76 83 83
76 84 34
76 85 76
76 86 6
76 87 92
76 88 12
76 89 47
76 90 81
76 91 50
76 92 26
76 93 28
76 94 51
76 95 50
76 96 82
76 97 12
76 98 23
76 99 58
77 78 28
77 79 92
77 80 67
77 81 62
77 82 72
77 83 5
77 84 29
77 85 65
77 86 12
77 87 70
77 88 43
77 89 86
77 90 24
77 91 92
77 92 74
77 93 54
77 94 52
77 95 56
77 96 35
77 97 26
77 98 94
77 99 45
78 79 10
78 80 32
78 81 43
78 82 38
78 83 55
78 84 65
78 85 29
78 86 34
78 87 28
78 88 87
78 89 57
78 90 5
78 91 95
78 92 77
78 93 70
78 94 52
78 95 52
78 96 37
78 97 17
78 98 83
78 99 83
79 80 87
79 81 37
79 82 87
79 83 56
79 84 82
79 85 30
79 86 94
79 87 6
79 88 7
79 89 90
79 90 10
79 91 8
79 92 42
79 93 5
79 94 94
79 95 80
79 96 71
79 97 58
79 98 32
79 99 66
80 81 40
80 82 29
80 83 10
80 84 24
80 85 8
80 86 84
80 87 88
80 88 3
80 89 71
80 90 23
80 91 41
80 92 45
80 93 87
80 94 44
80 95 23
80 96 12
80 97 62
80 98 71
80 99 34
81 82 64
81 83 28
81 84 86
81 85 90
81 86 70
81 87 37
81 88 12
81 89 55
81 90 91
81 91 33
81 92 16
81 93 61
81 94 45
81 95 41
81 96 52
81 97 41
81 98 92
81 99 38
82 83 57
82 84 83
82 85 14
82 86 85
82 87 77
82 88 37
82 89 16
82 90 87
82 91 79
82 92 88
82 93 37
82 94 60
82 95 92
82 96 92
82 97 98
82 98 88
82 99 39
83 84 95
83 85 65
83 86 73
83 87 48
83 88 57
83 89 91
83 90 41
83 91 53
83 92 95
83 93 67
83 94 73
83 95 50
83 96 88
83 97 73
83 98 20
83 99 77
84 85 44
84 86 13
84 87 72
84 88 33
84 89 37
84 90 29
84 91 54
84 92 39
84 93 72
84 94 70
84 95 15
84 96 16
84 97 53
84 98 73
84 99 95
85 86 48
85 87 19
85 88 54
85 89 32
85 90 69
85 91 13
85 92 77
85 93 51
85 94 81
85 95 9
85 96 97
85 97 8
85 98 80
85 99 36
86 87 10
86 88 60
86 89 27
86 90 89
86 91 50
86 92 98
86 93 7
86 94 96
86 95 51
86 96 55
86 97 68
86 98 98
86 99 81
87 88 56
87 89 36
87 90 45
87 91 20
87 92 81
87 93 35
87 94 21
87 95 23
87 96 6
87 97 25
87 98 48
87 99 20
88 89 10
88 90 77
88 91 39
88 92 37
88 93 36
88 94 75
88 95 79
88 96 11
88 97 6
88 98 28
88 99 26
89 90 16
89 91 27
89 92 56
89 93 98
89 94 52
89 95 68
89 96 29
89 97 60
89 98 61
89 99 73
90 91 25
90 92 59
90 93 58
90 94 27
90 95 95
90 96 93
90 97 11
90 98 60
90 99 50
91 92 93
91 93 32
91 94 8
91 95 86
91 96 77
91 97 45
91 98 5
91 99 71
92 93 84
92 94 79
92 95 73
92 96 12
92 97 13
92 98 38
92 99 49
93 94 52
93 95 33
93 96 26
93 97 40
93 98 15
93 99 21
94 95 70
94 96 51
94 97 5
94 98 61
94 99 37
95 96 58
95 97 80
95 98 2
95 99 79
96 97 2
96 98 65
96 99 94
97 98 76
97 99 35
98 99 11