100
0 86 16
0 19 34
0 48 68
86 78 8
86 27 59
14 17 97
14 94 53
14 15 62
17 6 75
17 59 84
21 47 53
21 77 18
21 88 47
47 89 79
47 27 64
61 95 24
61 56 26
61 54 50
95 91 87
95 28 62
42 82 41
42 9 23
42 45 94
82 97 22
82 60 9
60 97 22
60 75 84
97 20 34
4 66 47
4 32 90
4 56 91
66 31 11
66 69 30
69 87 29
69 64 8
87 76 27
87 2 53
9 51 97
9 71 23
51 98 97
51 20 30
78 6 64
78 31 70
11 48 79
11 34 84
11 43 69
48 25 2
56 5 96
53 59 61
53 92 44
53 22 75
59 38 78
10 80 79
10 92 58
10 16 25
80 36 50
80 1 19
23 54 31
23 93 88
23 83 3
54 90 44
55 93 12
55 26 29
55 72 56
93 50 26
37 85 88
37 65 67
37 58 88
85 41 37
85 36 99
16 25 5
16 29 29
25 33 32
94 39 18
94 68 88
40 76 4
40 27 71
40 24 34
76 45 38
18 46 34
18 2 54
18 13 29
46 71 23
46 58 82
38 96 73
38 77 49
96 45 90
96 44 85
15 39 1
15 12 46
64 26 90
64 67 31
91 3 76
91 5 48
8 12 33
8 84 85
8 13 8
12 26 75
92 81 65
90 79 24
90 68 48
35 52 34
35 1 63
35 63 83
52 31 80
52 71 7
84 39 4
84 81 62
2 99 62
99 79 71
99 89 12
33 49 92
33 62 1
65 28 49
65 44 70
32 75 67
32 43 82
24 83 42
24 67 66
83 41 19
41 70 13
22 62 92
22 30 67
62 19 48
5 67 74
81 13 17
89 19 38
79 98 75
29 88 34
29 75 3
72 74 18
72 34 46
74 44 44
74 68 63
36 20 24
63 88 12
63 73 56
3 6 32
3 57 73
50 98 33
50 30 27
49 57 18
49 7 12
57 73 85
77 30 35
34 43 38
58 73 71
7 70 55
7 1 6
70 28 46