100
0 64 92.092
0 43 20.172
0 29 77.01
0 63 94.797
0 16 53.984
0 10 90.879
0 30 29.759
0 59 51.093
0 74 82.707
0 6 73.757
0 32 33.873
0 54 50.426
1 28 87.525
1 19 73.685
1 11 22.359
1 64 64.582
1 15 63.509
1 59 71.756
1 45 38.65
1 71 98.769
1 91 80.843
1 58 29.179
1 54 47.653
1 20 72.389
1 39 83.726
1 56 28.767
2 27 5.383
2 98 19.885
2 12 71.906
2 23 72.564
2 30 27.192
2 50 96.876
2 39 6.557
2 51 51.378
2 66 4.903
2 34 24.324
3 55 99.696
3 88 66.467
3 71 5.594
3 70 19.201
3 38 86.005
3 48 56.967
3 9 7.549
3 98 93.476
3 29 41.822
4 9 21.937
4 53 4.288
4 13 82.826
4 5 96.204
4 93 69.883
4 68 11.935
4 51 40.711
4 33 11.404
4 84 66.349
4 35 8.189
4 89 24.214
4 24 91.073
4 94 20.288
4 57 20.597
4 96 70.04
4 70 37.073
5 14 16.897
5 39 22.29
5 64 29.935
5 13 97.477
5 59 31.848
5 83 23.65
5 18 4.966
5 44 92.814
5 40 16.964
6 87 92.437
6 61 8.228
6 33 59.746
6 84 62.63
6 80 63.175
6 92 97.224
6 90 73.083
6 32 79.011
6 63 95.164
6 44 52.455
7 39 21.147
7 88 43.969
7 23 77.912
7 8 28.942
7 32 76.751
7 82 12.553
7 34 78.447
7 33 20.64
7 93 47.758
7 40 52.163
7 24 77.661
7 31 32.312
8 55 63.428
8 89 23.796
8 61 8.739
8 26 36.199
8 39 76.088
8 56 50.24
8 47 7.444
8 91 89.889
8 62 77.55
9 67 42.871
9 95 30.799
9 72 72.061
9 97 94.725
9 14 97.373
9 76 38.062
9 37 88.008
9 23 19.098
9 82 49.895
9 32 86.085
10 75 86.041
10 41 39.19
10 44 57.459
10 55 72.166
10 51 10.595
10 12 89.868
10 68 21.832
10 48 82.363
10 15 51.438
10 42 0.369
10 38 14.633
10 27 89.391
11 63 92.067
11 53 45.845
11 79 17.7
11 23 99.739
11 27 19.314
12 91 41.581
12 51 64.502
12 58 82.422
12 67 18.002
12 29 37.481
12 25 36.4
12 62 91.43
12 28 49.657
12 75 29.002
13 87 34.134
13 55 57.16
13 95 97.816
13 17 66.915
13 15 8.593
13 92 16.746
13 25 24.409
13 44 26.867
13 73 40.307
13 41 97.179
13 89 21.297
13 59 4.998
13 33 38.629
14 75 66.35
14 58 93.091
14 48 47.351
14 21 20.442
14 45 19.608
14 68 15.036
14 87 95.088
14 50 19.593
15 29 66.429
15 53 50.324
15 56 36.322
15 66 47.038
15 15 86.832
16 74 45.41
16 87 66.541
16 60 55.757
16 22 66.546
16 71 31.717
16 20 0.365
16 26 17.164
16 48 10.312
16 52 9.44
16 77 93.448
16 34 48.569
16 24 41.119
17 63 85.382
17 48 31.2
17 51 20.241
17 59 70.833
17 32 96.115
18 98 98.023
18 48 53.849
18 30 87.645
18 28 83.051
18 40 76.978
18 72 92.201
19 28 23.331
19 51 16.159
19 49 68.145
19 80 77.46
19 72 84.036
19 39 55.267
19 47 96.318
19 22 51.681
19 82 45.889
19 21 99.995
19 86 52.243
20 40 52.611
20 36 39.786
20 28 67.757
20 27 20.064
20 67 73.867
20 91 99.558
21 93 94.629
21 59 86.715
21 58 80.113
22 97 38.359
22 60 25.318
22 39 15.222
22 56 57.228
22 84 39.634
22 46 57.281
22 45 24.468
23 79 32.53
23 87 96.288
23 60 91.298
23 75 12.192
23 90 56.226
24 40 50.365
24 33 45.997
24 35 14.404
24 36 68.188
24 67 48.464
24 47 77.965
24 58 68.717
24 39 69.189
24 65 18.367
24 94 43.706
25 93 79.968
25 39 60.89
25 27 52.272
25 51 94.013
25 94 99.721
25 28 20.882
26 54 75.926
26 80 55.901
26 61 38.209
27 47 30.55
27 58 0.423
27 28 28.279
27 38 5.536
27 97 15.304
27 40 69.99
28 64 64.746
28 63 16.05
28 90 76.17
29 52 26.258
29 96 86.361
29 71 10.942
29 90 14.007
29 66 97.57
30 41 13.014
30 75 45.635
30 43 83.598
30 72 12.337
30 90 80.179
31 53 43.13
31 96 89.77
31 34 35.752
31 71 95.4
31 42 88.79
31 72 9.136
32 56 7.664
32 94 12.2
32 83 45.507
32 93 12.397
33 61 96.862
33 73 79.506
33 70 16.704
33 67 79.788
33 83 56.889
33 89 58.679
33 95 41.176
33 35 87.116
33 94 81.703
33 77 0.981
34 78 42.25
34 63 51.012
35 67 46.668
35 37 12.074
35 59 36.445
36 39 57.442
36 40 0.655
36 58 52.876
36 38 1.059
36 72 23.924
36 69 56.045
36 84 97.568
37 79 92.066
37 44 91.515
37 62 80.019
37 57 12.85
38 56 56.314
38 93 52.968
38 55 80.851
38 78 86.273
39 42 4.71
39 95 75.75
39 52 39.225
39 50 54.457
40 72 46.505
40 40 1.888
40 49 25.576
40 62 1.833
40 46 36.799
40 41 73.512
40 99 0.647
40 84 4.558
40 60 93.92
41 55 63.72
41 90 19.561
41 89 79.934
41 77 34.966
41 63 70.377
41 82 96.134
41 52 57.789
41 48 9.05
42 52 3.741
42 98 96.633
42 44 76.861
42 88 59.273
42 75 39.468
42 50 4.41
42 89 78.728
43 76 55.747
43 74 42.28
43 75 65.551
44 55 53.743
44 48 70.852
44 63 24.359
44 50 70.576
45 87 22.585
45 61 85.169
45 97 55.375
45 85 45.549
46 50 46.378
46 74 20.345
46 51 24.359
46 57 61.878
46 97 19.647
47 50 73.6
47 98 78.092
47 87 93.683
48 69 83.976
48 92 82.535
48 88 90.802
48 76 16.765
48 64 78.884
48 60 1.828
48 97 93.46
48 73 9.737
48 61 45.323
49 59 52.731
49 74 1.96
49 87 37.442
49 90 33.647
50 67 52.075
50 84 67.875
50 80 43.868
50 83 13.833
51 62 20.642
51 82 99.554
51 98 94.153
51 77 33.908
51 58 42.415
51 85 64.276
52 79 38.404
52 91 67.826
52 85 4.43
52 70 76.378
52 78 60.897
52 73 64.031
53 54 15.284
53 79 79.159
53 87 48.723
53 66 87.073
54 73 1.61
54 92 88.263
54 80 0.666
54 77 95.334
54 84 81.901
54 70 29.207
55 82 41.414
55 56 80.484
55 79 63.448
55 97 48.293
55 88 9.573
55 63 77.395
56 67 26.294
56 76 21.897
56 66 29.696
56 65 82.711
57 98 7.289
57 69 14.302
58 80 11.836
58 59 97.851
58 79 1.458
58 84 48.365
59 99 74.434
59 81 19.387
59 69 79.713
59 86 88.974
60 95 69.213
60 71 45.69
60 79 74.718
60 66 62.085
61 65 84.65
61 97 57.065
62 81 52.524
62 95 98.106
63 89 37.627
63 91 42.555
63 70 0.319
63 75 62.728
63 88 68.986
63 86 98.718
64 68 34.23
64 82 42.589
64 72 86.935
64 90 21.87
66 95 67.467
66 84 78.66
66 76 5.56
67 77 32.078
67 75 38.075
67 79 15.695
67 87 55.34
68 97 92.285
68 74 84.114
68 93 5.135
68 83 95.683
68 92 51.765
68 80 14.639
69 73 39.454
69 84 55.249
69 96 74.89
69 85 78.714
69 77 90.61
71 72 49.112
72 86 92.852
72 76 49.696
73 82 48.024
74 90 53.577
74 91 9.071
75 94 86.588
77 80 28.09
77 82 71.328
78 82 12.705
78 94 84.071
79 89 78.767
79 94 88.681
80 85 1.694
81 96 96.26
81 86 98.765
81 88 7.795
82 89 33.789
83 97 99.835
83 87 97.669
83 99 48.014
84 97 80.051
85 99 64.741
86 98 11.185
86 91 40.683
87 99 4.417
87 92 70.292
88 97 19.334
88 99 51.004
89 94 54.335
89 98 60.928
94 96 3.806
98 99 41.516