100
0 66 51.21
0 3 91.21
1 78 22.06
1 14 70.08
2 38 98.44
2 29 36.07
3 42 50.17
3 40 53.76
4 0 70.02
4 20 54.29
5 74 44.44
5 45 73.25
6 72 97.98
6 53 40.3
7 65 54.99
7 51 78.95
8 97 63.91
8 63 63.99
9 28 25.74
9 3 32.91
10 7 99.14
10 41 34.25
11 90 87.77
11 14 81.2
12 48 22.71
12 50 92.84
13 78 58.86
13 8 28.09
14 53 80.12
14 20 50.09
15 20 79.96
15 54 30.7
16 15 56.58
16 92 95.05
17 83 2.29
17 71 47.48
18 77 91.91
18 69 86.61
19 80 90.54
19 0 81.96
20 89 58.85
20 8 68.73
21 20 19.65
21 95 48.54
22 54 7.24
22 66 57.81
23 99 34.26
23 43 85.88
24 85 89.13
24 61 59.25
25 80 66.9
25 72 37.89
26 84 64.14
26 39 80.01
27 69 82.14
27 37 80.27
28 88 21.67
28 16 74.84
29 46 59.86
29 69 90.26
30 96 82.51
30 57 89.07
31 45 68.36
31 27 17.33
32 53 21.64
32 52 16.57
33 65 66.02
33 78 1.91
34 66 37.64
34 2 89.61
35 34 84.81
35 54 40.8
36 45 21.18
36 90 53.09
37 76 52.13
37 14 86.63
38 84 37.02
38 90 29.02
39 78 72.9
39 74 6.41
40 79 80.8
40 33 39.05
41 8 86.36
41 23 57.21
42 62 92.02
42 63 98.1
43 55 91.76
43 93 53.12
44 32 57.23
44 67 43.56
45 87 87.79
45 59 87.92
46 68 49.16
46 7 31.87
47 88 25.67
47 85 69.27
48 73 83.09
48 2 50.96
49 79 62.91
49 8 11.76
50 39 51.9
50 90 93.38
51 96 59.48
51 28 92.58
52 93 77.2
52 50 81.78
53 51 37.34
53 48 69.58
54 41 51.49
54 31 67.33
55 26 5.97
55 74 10.3
56 65 54.95
56 64 50.07
57 61 42.53
57 45 55.01
58 78 3.14
58 19 53.18
59 65 11.96
59 5 33.02
60 11 20.65
60 52 38.35
61 66 58.29
61 46 26.77
62 59 22.17
62 78 38.33
63 57 96.88
63 76 54.13
64 44 19.29
64 84 60.84
65 63 91.21
65 95 4.07
66 36 69.14
66 7 16.76
67 5 63.88
67 36 19.82
68 19 61.72
68 24 39.43
69 54 7.92
69 50 70.36
70 75 38.97
70 4 65.68
71 94 19.37
71 19 11.76
72 21 59.34
72 28 76.33
73 60 1.46
73 53 37.28
74 2 20.49
74 0 61.47
75 91 47.19
75 84 54.3
76 18 58.74
76 81 55.15
77 65 49.62
77 66 45.44
78 59 30.73
78 31 22.28
79 62 68.29
79 71 33.35
80 70 2.05
80 79 49.51
81 93 12.35
81 5 75.74
82 49 64.79
82 35 7.41
83 18 61.93
83 78 36.86
84 46 2.3
84 80 44.45
85 28 53.22
85 72 99.34
86 62 55.41
86 84 22.12
87 52 6.16
87 92 55.49
88 27 18.4
88 50 83.46
89 43 60.81
89 14 25.52
90 74 49.59
90 20 14.09
91 84 22.31
91 62 49.1
92 25 56.75
92 11 68.49
93 89 36.88
93 50 35.25
94 92 50.75
94 14 82.86
95 66 24.95
95 9 3.68
96 83 78.57
96 33 44.71
97 83 69.06
97 13 22.08
98 71 45.73
98 10 80.6
99 75 19.67
99 41 54.28
77 94 35.85
11 48 77.96
98 97 4.12
21 66 42.39
29 89 31.0
71 86 73.41
84 56 95.76
27 17 8.4
11 12 56.56
12 97 78.94
95 44 20.9
18 14 4.8
75 97 87.74
51 6 39.37
95 87 47.57
56 39 91.21
10 38 87.44
11 87 16.66
46 55 34.39
15 11 65.89
28 23 55.18
25 85 2.26
5 39 14.34
35 81 53.75
22 32 70.38
27 68 13.2
30 8 63.38
76 99 69.48
75 21 30.81
21 61 42.07
2 76 2.5
5 73 63.3
87 0 77.53
95 97 87.36
45 0 47.32
15 35 68.36
46 59 6.22
94 50 7.01
36 11 82.87
66 35 29.29
21 78 57.11
51 8 54.23
81 14 69.55
29 53 55.29
95 20 11.44
45 76 80.15
72 94 63.28
91 37 18.76
68 84 42.41
18 87 8.38
84 25 11.86
98 20 91.06
65 71 91.0
48 63 43.17
14 60 24.14
32 34 84.4
63 24 74.74
59 49 40.72
67 54 85.28
56 67 24.71
53 92 22.72
31 65 18.09
20 82 85.39
40 29 75.59
67 11 4.09
76 96 9.72
84 17 37.7
38 51 17.04
10 83 68.94
29 88 52.98
97 66 53.33
65 82 44.83
19 43 35.61
58 66 10.27
69 12 63.03
64 48 14.89
93 65 38.83
72 8 38.61
99 79 44.67
43 27 25.38
2 55 74.2
86 44 80.6
50 76 86.06
50 59 38.81
73 2 40.15
9 49 99.86
90 85 66.7
52 35 27.65
13 56 67.98
47 21 76.65
18 62 57.15
29 0 1.1
53 3 74.65
31 64 74.54
25 83 76.0
83 68 15.84
28 61 52.08
19 85 89.35
74 72 14.94
26 14 88.85
42 70 24.07
10 31 26.56
75 47 10.59
63 11 39.83
38 55 19.78
56 80 11.29
83 72 13.15
28 38 98.48
34 33 56.48
34 91 49.89
5 20 14.26
35 20 39.29
46 15 5.7
93 72 43.69
0 99 76.34
69 2 85.37
66 32 65.33
46 95 76.7
57 39 45.99
84 65 29.29
18 25 64.03
64 77 35.82
48 28 94.31
20 2 87.25
63 30 76.89
78 24 47.47
4 86 20.93
47 79 28.35
63 73 2.16
35 12 75.81
59 31 92.8
13 15 39.08
30 36 91.15
73 68 85.72
75 4 29.74
18 36 92.12
77 31 97.96
85 74 93.48
89 84 95.99
24 3 6.69
43 59 27.94
62 58 84.13
44 85 40.84
35 62 39.22
37 72 99.08
13 23 16.21
90 46 23.33
12 17 97.15
15 30 79.49
18 24 10.85
98 82 74.43
49 48 15.6
11 49 44.31
54 44 17.77
21 35 1.83
77 29 57.79
61 56 2.51
5 18 41.01
33 12 52.78
4 98 24.92
64 67 25.82
91 0 26.32
65 60 6.34
98 48 14.82
75 76 47.65
90 59 25.75
96 0 26.73
65 28 37.31
83 88 1.88
69 97 33.02
47 73 88.53
46 16 3.49
70 61 32.43
17 29 67.72
86 0 97.03
30 16 12.07
33 88 33.1
61 8 72.09
11 2 35.05
61 53 20.77
15 47 40.48
89 3 32.73
94 13 25.61
57 9 69.17
88 23 38.65
51 40 33.96
6 32 41.84
13 34 22.33
48 94 11.27
64 62 62.66
54 25 76.5
67 90 49.99
80 39 27.93
52 88 65.99
69 44 9.62
16 37 57.47
52 44 12.71
78 43 78.56
63 64 74.9
32 75 6.51
7 77 47.15
38 26 22.03
14 25 27.16
74 52 33.22
9 35 6.55
43 42 96.25
59 38 52.3
90 10 77.3
5 34 4.46
57 56 34.64
87 19 89.9
74 82 33.79
78 96 98.56
88 62 14.95
51 24 92.0
18 68 84.94
17 19 67.85
57 22 70.26
43 8 46.34
96 32 10.74
22 96 4.44
57 96 94.67
44 42 94.9
69 7 71.54
35 46 30.58
55 20 30.91
47 45 22.6
36 22 27.27
78 89 23.91
98 16 75.57
14 91 26.07
40 75 15.87
29 33 89.13
67 40 83.98
60 76 6.29
85 68 92.79
20 83 23.98
10 63 59.94
75 78 50.31
41 43 93.17
60 50 61.97
44 25 46.76
99 63 68.4
19 82 33.6
50 44 75.71
20 68 11.58
61 74 62.17
75 31 68.83
75 7 2.29
37 86 36.47
70 34 75.42
87 82 48.14
7 3 57.29
25 9 76.88
15 17 54.42
47 5 58.99
28 68 95.27
55 57 5.55
20 0 54.18
62 30 99.77
81 54 21.54
60 55 85.01
52 85 69.48
98 33 33.84
76 36 63.92
24 37 28.1
10 25 68.18
41 76 66.37
49 91 15.72
92 79 33.69
81 25 3.52
67 75 99.49
94 40 54.73
16 10 38.22
19 89 72.44
12 2 11.55
92 12 70.38
50 62 7.65
8 44 31.54
53 84 74.51
29 9 79.84
67 80 5.85
75 82 94.22
47 8 23.07
11 50 21.63
65 42 90.33
58 36 56.78
79 37 42.2
3 47 62.17
71 10 41.53
78 90 97.05
42 35 57.21
1 29 41.44
18 29 58.95
87 32 81.44
62 41 60.49
59 28 47.58
76 10 28.22
28 4 55.05
92 68 19.27
46 57 61.13
55 21 98.31
49 27 36.02
45 9 99.04
81 63 12.28
13 64 13.9
4 72 29.3
55 50 90.77
31 34 71.17
29 62 37.41
58 91 16.67
53 89 38.66
6 13 9.52
53 44 19.27
91 83 31.95
19 12 86.06
92 44 28.25
73 40 42.82
10 79 28.85
20 93 36.13
92 0 89.99
54 0 88.67
54 96 92.83
54 60 84.98
80 96 25.93
22 1 77.67
74 42 82.35
39 86 20.08
36 96 6.17
94 81 83.01
37 59 95.72
57 62 15.0
22 91 62.39
92 76 20.9
57 32 96.44
95 73 6.09
68 45 69.47
64 69 84.45
55 7 63.61
59 33 29.14
43 79 88.57
52 41 61.8
53 91 89.75
47 55 95.67
94 61 28.22
80 12 38.39
35 69 42.39
97 23 82.18
22 94 44.06
11 21 56.26
86 15 88.88
69 33 46.59
4 54 75.47
54 36 44.92
47 28 81.32
94 76 8.64
24 8 11.58
25 73 69.98
8 21 78.87
33 6 63.27
51 59 35.82
77 44 45.32
85 17 8.53
99 91 69.3
84 30 88.12
32 17 7.53
10 69 88.93
53 63 75.38
7 71 15.7
89 28 15.22
57 80 24.83
38 81 12.49
45 13 15.8
66 51 62.29
19 18 73.12
17 23 84.21
67 58 12.03
34 93 15.97
28 41 59.16
49 62 77.08
16 49 18.03
22 8 48.01
21 37 25.45
96 58 87.64
89 9 73.8
65 62 44.38
81 77 14.97
25 19 36.01
63 90 89.51
33 50 72.48
45 88 30.0
86 2 4.4
49 72 80.09
33 55 46.82
22 19 51.94
40 57 32.28
66 89 79.09
39 19 50.29
59 25 85.58
18 37 16.05
85 11 44.18
67 26 91.58
82 55 65.05
51 15 38.63
52 12 20.32
25 71 47.95
21 4 15.78
74 1 40.88
47 72 81.92
42 91 94.58
81 6 50.44
10 58 76.08
91 23 29.5
61 22 39.62
25 6 30.1
63 77 59.83
11 70 62.03
99 70 12.89
72 23 3.8
35 72 97.89
45 20 66.06
74 62 37.78
57 0 79.76
9 4 8.86
93 55 71.51
62 17 71.89
61 84 82.5
96 59 39.53
80 15 97.69
12 89 88.65
47 42 78.09
45 22 26.14
61 7 15.1
99 2 22.82
86 49 78.09
79 74 82.14
42 39 52.65
40 47 62.5
88 12 46.85
1 62 17.52
14 4 25.66
69 91 46.94
84 73 8.52
47 16 42.22
37 23 18.27
59 17 38.07
44 28 18.16
0 8 34.14
8 76 19.3
23 18 59.4
98 99 90.6
80 76 23.28
41 70 71.68
19 54 42.78
41 22 95.08
56 53 8.28
67 57 32.28
45 70 92.55
54 12 16.05
49 0 15.6
34 55 38.92
42 18 66.47
65 0 90.89
37 11 72.21
91 50 92.2
95 35 40.72
99 10 46.53
88 40 49.99
64 76 47.03
69 79 36.47
71 73 98.53
95 98 10.94
4 65 33.02
7 12 26.39
81 3 53.87
32 36 52.62
30 64 20.21
51 39 11.39
12 1 71.96
95 49 59.27
50 71 26.57
27 98 61.78
66 5 27.75
76 39 36.14
54 8 33.86
63 3 88.89
90 57 30.88
38 48 2.53
92 19 80.81
47 6 46.38
19 53 89.57
15 68 23.06
85 18 13.78
58 29 87.05
92 13 64.5
29 11 20.98
91 3 9.36
23 31 92.53
21 31 57.98
91 16 5.73
