80
0 2 51.556
0 6 35.862
0 5 23.460
0 12 48.199
0 14 73.287
0 18 48.592
0 15 87.567
0 24 1.000
1 11 65.641
1 2 83.877
1 18 49.866
1 16 46.107
1 13 81.244
1 5 52.920
1 19 27.069
2 17 15.363
2 18 29.835
2 16 54.468
2 7 70.955
3 4 12.429
3 16 14.350
3 10 63.469
3 17 29.048
3 11 54.723
3 19 13.097
3 18 85.248
3 14 22.358
4 18 13.298
4 17 20.562
4 19 43.183
4 12 77.013
4 13 45.680
4 8 49.110
4 5 66.355
5 11 13.360
5 16 33.905
5 12 38.984
5 7 43.016
5 8 53.840
5 14 37.736
5 18 37.257
6 12 60.330
6 8 70.252
6 9 27.018
6 11 73.610
6 19 73.041
7 17 24.860
7 12 10.903
7 14 24.047
8 16 75.123
8 9 38.175
9 16 36.399
9 10 12.051
10 18 68.850
11 17 70.623
11 14 44.104
12 19 76.541
12 17 42.728
13 18 11.293
14 15 26.232
14 19 86.881
14 17 24.668
16 19 28.120
17 18 74.686
17 19 57.302
20 23 58.153
20 32 61.651
20 36 77.330
20 28 22.619
20 34 23.816
21 25 43.351
21 31 41.169
21 33 87.465
21 24 46.199
22 24 79.483
22 32 35.344
22 26 33.868
22 23 27.064
22 29 26.898
22 27 20.359
23 34 88.821
23 30 71.669
23 27 50.899
23 37 32.197
24 34 18.383
24 39 37.444
24 30 32.548
24 37 16.492
25 33 14.443
25 27 75.693
25 35 70.655
26 39 50.766
26 38 49.493
26 31 16.748
26 28 18.111
27 39 26.179
28 39 66.868
28 34 53.007
29 38 73.656
30 31 65.775
31 39 63.387
31 32 13.653
32 33 43.022
32 37 75.318
33 36 81.399
35 38 35.782
36 38 51.946
36 39 53.954
38 39 69.654
38 45 1.000
40 43 76.748
40 59 15.849
40 54 10.841
40 52 47.995
40 46 61.166
40 48 67.273
40 57 47.331
41 46 71.755
41 58 37.521
41 51 14.161
42 45 39.030
42 47 24.127
42 54 69.045
42 51 84.379
42 72 1.000
43 51 65.555
43 49 52.883
43 54 15.532
43 52 39.765
44 49 10.140
44 46 81.707
44 53 23.686
44 48 75.462
45 58 66.047
45 59 22.374
46 47 62.325
46 48 85.106
48 49 77.562
48 57 76.676
48 50 83.269
49 58 69.178
49 50 50.796
49 56 14.439
49 52 51.099
50 56 20.785
52 56 63.852
52 53 55.741
54 55 40.641
55 59 52.321
60 79 11.578
60 71 76.910
60 62 77.224
60 78 13.238
60 72 18.193
60 64 55.401
60 77 78.530
60 61 12.821
61 66 12.387
61 67 44.840
61 75 20.845
61 72 35.455
61 79 49.737
61 62 44.060
62 70 78.738
62 64 84.628
62 72 49.676
62 78 70.597
62 77 37.678
62 74 11.767
63 71 57.200
63 79 22.562
63 73 10.418
63 77 89.194
63 76 34.419
63 65 50.954
64 65 70.498
64 70 81.907
64 77 67.977
64 74 60.448
64 76 26.664
64 69 71.370
64 79 34.607
65 77 89.058
65 71 59.956
65 75 80.686
65 72 60.251
66 71 21.848
66 72 59.761
66 76 17.700
66 79 15.537
66 69 36.563
66 70 74.918
66 77 40.339
67 69 84.701
67 74 14.689
67 70 70.402
67 72 74.531
68 78 16.585
68 74 17.856
69 79 77.124
69 74 74.609
69 77 51.191
69 71 27.635
70 76 21.451
70 73 21.789
70 74 12.747
71 74 42.090
71 79 52.752
72 78 28.611
72 75 89.690
72 76 13.356
73 77 85.155
73 78 61.338
75 79 31.933
76 78 11.150
76 79 46.605
78 79 62.340
