100
0 4 57.665
0 6 53.929
0 7 57.603
0 9 49.063
0 11 82.797
0 12 54.886
0 13 14.118
0 14 86.962
0 16 93.526
0 17 71.931
0 19 66.974
0 20 20.702
0 22 69.882
0 23 4.222
0 24 38.848
0 25 57.096
0 26 6.601
0 28 9.819
0 29 45.699
0 31 93.003
0 32 42.890
0 33 43.326
0 37 35.456
0 38 64.458
0 39 41.825
0 40 98.081
0 41 41.231
0 43 16.106
0 44 77.195
0 48 29.680
0 51 30.128
0 52 28.466
0 55 88.169
0 57 99.678
0 58 70.003
0 64 34.013
0 67 42.151
0 68 47.240
0 71 81.637
0 72 6.482
0 75 77.912
0 76 64.711
0 77 94.213
0 78 7.377
0 82 32.450
0 83 83.662
0 85 4.318
0 86 17.911
0 87 9.707
0 89 58.324
0 91 77.242
0 92 52.640
0 94 61.166
0 98 22.491
0 99 3.709
1 3 53.596
1 9 63.956
1 13 26.057
1 14 49.807
1 16 2.496
1 17 5.636
1 21 60.608
1 22 41.203
1 23 8.394
1 24 73.984
1 27 95.953
1 29 73.128
1 34 71.945
1 38 42.866
1 42 14.300
1 43 73.972
1 44 49.242
1 47 7.571
1 50 5.394
1 51 47.763
1 52 5.374
1 53 51.157
1 59 2.817
1 64 59.634
1 65 11.737
1 71 89.812
1 74 11.580
1 77 13.397
1 79 98.853
1 80 33.115
1 81 42.719
1 82 45.973
1 83 65.392
1 84 18.153
1 85 38.845
1 86 19.055
1 94 51.078
1 95 60.124
1 96 5.853
2 4 89.973
2 12 19.823
2 13 46.064
2 14 59.316
2 22 91.543
2 24 4.865
2 25 53.971
2 26 78.810
2 28 87.360
2 31 59.515
2 32 25.431
2 33 63.699
2 38 55.350
2 40 98.811
2 42 49.704
2 43 93.441
2 44 81.472
2 50 94.191
2 55 21.738
2 57 46.507
2 58 17.659
2 59 39.493
2 61 88.253
2 63 29.432
2 65 29.164
2 66 13.280
2 67 47.665
2 69 13.105
2 71 13.354
2 72 64.963
2 73 85.096
2 74 44.454
2 77 91.659
2 81 25.709
2 82 27.728
2 83 8.793
2 84 72.195
2 85 73.395
2 90 63.289
2 93 52.517
2 98 50.552
2 99 66.941
3 6 96.693
3 9 1.448
3 12 52.666
3 16 76.822
3 17 93.109
3 21 7.676
3 23 80.135
3 24 65.080
3 25 74.929
3 26 20.043
3 28 98.969
3 29 43.119
3 33 73.374
3 35 83.275
3 36 37.078
3 37 39.534
3 39 50.374
3 41 89.551
3 42 32.255
3 46 57.793
3 49 41.885
3 50 19.123
3 53 9.232
3 56 16.150
3 57 25.082
3 60 54.621
3 61 35.502
3 62 63.126
3 63 94.375
3 65 99.844
3 67 34.764
3 69 86.391
3 72 87.947
3 73 6.370
3 74 49.831
3 76 50.488
3 77 68.965
3 79 53.413
3 81 25.502
3 82 67.751
3 85 74.481
3 86 49.432
3 87 22.683
3 89 93.284
3 91 26.704
3 92 76.555
3 96 96.203
3 97 73.894
3 98 60.631
3 99 24.838
4 7 96.563
4 8 57.969
4 9 23.805
4 10 79.957
4 11 94.018
4 12 62.637
4 13 20.154
4 14 96.497
4 15 69.913
4 16 37.540
4 17 47.323
4 18 58.388
4 19 72.008
4 23 75.936
4 24 85.916
4 27 58.571
4 28 3.556
4 29 40.417
4 30 22.186
4 31 21.377
4 34 29.514
4 37 61.376
4 38 95.811
4 41 99.675
4 43 13.371
4 44 83.353
4 46 88.782
4 50 72.440
4 51 65.961
4 52 78.228
4 54 62.473
4 57 66.214
4 59 81.191
4 60 70.904
4 61 17.089
4 62 12.168
4 63 47.665
4 65 35.487
4 66 41.277
4 67 8.722
4 68 46.896
4 69 37.137
4 72 41.201
4 73 63.397
4 74 95.547
4 75 66.702
4 76 62.754
4 79 36.932
4 80 40.552
4 81 50.868
4 82 49.337
4 88 56.769
4 95 11.736
4 97 37.469
4 98 16.148
5 8 86.754
5 9 11.791
5 10 3.284
5 13 99.787
5 15 25.945
5 17 92.341
5 20 51.367
5 24 9.144
5 26 56.499
5 27 6.517
5 30 27.267
5 32 53.905
5 33 94.045
5 36 60.201
5 38 56.544
5 41 99.633
5 44 84.155
5 47 79.240
5 48 66.953
5 50 54.883
5 52 81.481
5 54 54.634
5 55 22.025
5 57 72.135
5 59 42.994
5 60 99.047
5 61 74.271
5 62 58.529
5 65 78.157
5 68 69.391
5 70 95.049
5 71 25.409
5 73 99.631
5 75 71.080
5 76 92.131
5 77 99.641
5 80 39.643
5 84 84.899
5 86 76.633
5 87 45.813
5 88 33.148
5 89 52.465
5 90 52.522
5 91 15.696
5 93 91.163
5 94 74.791
5 96 45.364
5 98 15.262
6 7 65.401
6 8 11.630
6 11 5.784
6 12 25.232
6 13 80.555
6 14 78.146
6 15 63.247
6 20 31.628
6 22 80.313
6 28 18.996
6 32 94.005
6 33 60.402
6 34 63.021
6 40 83.236
6 48 32.458
6 49 3.243
6 50 74.708
6 52 68.818
6 55 23.136
6 59 75.262
6 60 57.828
6 62 6.247
6 63 39.162
6 65 35.876
6 66 11.985
6 67 53.489
6 68 96.401
6 69 15.198
6 70 70.244
6 71 88.557
6 72 84.184
6 75 19.248
6 79 59.640
6 83 30.488
6 84 36.973
6 85 29.323
6 87 83.555
6 88 57.477
6 91 4.292
6 94 56.635
6 96 60.316
6 97 42.645
7 8 33.938
7 16 19.634
7 17 54.000
7 18 93.509
7 19 8.903
7 20 35.157
7 24 67.442
7 26 76.213
7 28 53.305
7 33 91.841
7 36 4.017
7 38 28.512
7 40 75.798
7 42 44.034
7 44 12.525
7 47 66.842
7 50 4.437
7 52 5.088
7 57 52.191
7 58 21.796
7 60 37.658
7 61 94.138
7 65 81.564
7 67 42.176
7 68 91.632
7 71 70.742
7 72 73.097
7 80 54.906
7 81 84.618
7 82 86.080
7 87 59.330
7 89 35.808
7 90 24.599
7 93 46.416
7 94 92.214
7 95 61.338
7 96 19.455
7 97 26.753
7 98 88.902
7 99 71.602
8 9 44.834
8 10 12.297
8 11 32.900
8 13 84.396
8 14 35.240
8 16 83.009
8 18 83.150
8 19 19.746
8 21 56.707
8 22 21.171
8 24 26.618
8 26 82.609
8 28 53.225
8 29 19.787
8 33 6.187
8 34 85.247
8 36 34.461
8 37 81.516
8 38 46.156
8 40 63.178
8 43 17.768
8 44 85.110
8 46 18.782
8 47 59.486
8 48 8.702
8 54 1.150
8 57 13.802
8 58 35.642
8 59 30.954
8 60 11.131
8 63 82.249
8 66 68.790
8 71 79.997
8 73 30.432
8 74 43.264
8 75 32.914
8 77 39.373
8 78 4.870
8 80 30.488
8 81 35.425
8 82 79.851
8 88 85.872
8 89 94.567
8 90 35.116
8 93 94.896
8 94 73.246
8 96 93.480
8 97 40.859
8 98 51.073
9 11 0.279
9 12 96.940
9 14 73.778
9 16 6.499
9 19 2.876
9 20 21.411
9 22 95.157
9 24 21.621
9 27 26.154
9 28 35.823
9 30 75.352
9 31 11.238
9 34 50.160
9 36 29.110
9 38 24.444
9 40 37.012
9 45 61.132
9 46 34.576
9 48 85.769
9 49 92.253
9 50 52.397
9 51 88.002
9 54 42.668
9 59 84.236
9 61 17.468
9 68 22.573
9 71 57.717
9 73 39.235
9 74 76.105
9 75 34.870
9 77 27.116
9 78 34.722
9 80 28.932
9 81 15.250
9 82 96.610
9 86 87.171
9 87 28.563
9 89 44.425
9 90 39.730
9 91 74.921
9 95 21.175
9 96 47.736
9 98 74.511
9 99 87.017
10 12 78.344
10 14 55.293
10 16 0.070
10 19 59.524
10 20 89.863
10 21 70.062
10 22 48.883
10 24 16.967
10 28 65.528
10 31 85.677
10 32 17.053
10 33 77.450
10 34 81.886
10 36 26.254
10 37 1.772
10 40 79.027
10 45 94.610
10 46 62.571
10 48 63.680
10 52 31.108
10 59 53.483
10 60 44.288
10 63 97.265
10 67 40.751
10 72 0.037
10 73 32.120
10 76 2.021
10 79 17.655
10 80 43.415
10 84 7.694
10 88 12.469
10 92 18.310
10 94 28.613
10 98 58.104
11 13 12.294
11 14 55.815
11 16 42.091
11 18 50.315
11 26 23.208
11 27 11.572
11 30 77.757
11 33 57.752
11 34 65.967
11 35 38.411
11 37 92.318
11 41 21.101
11 46 15.458
11 51 27.281
11 53 21.793
11 54 12.304
11 56 17.464
11 61 22.325
11 62 39.664
11 63 87.323
11 64 66.603
11 66 25.688
11 67 33.791
11 71 80.537
11 74 1.756
11 75 0.511
11 76 86.261
11 77 92.178
11 82 1.211
11 87 42.007
11 88 52.208
11 89 30.862
11 91 69.007
11 92 6.195
11 95 20.477
11 96 89.180
12 15 1.175
12 17 32.675
12 18 10.534
12 20 79.461
12 21 75.635
12 22 40.470
12 27 4.397
12 28 33.225
12 29 35.033
12 30 58.346
12 31 98.938
12 32 45.108
12 34 28.472
12 36 30.481
12 40 23.029
12 42 44.312
12 46 78.144
12 48 0.935
12 49 11.828
12 51 4.743
12 52 41.929
12 54 65.227
12 55 82.821
12 56 53.580
12 57 44.884
12 60 37.630
12 66 6.265
12 69 63.843
12 70 59.311
12 71 70.678
12 73 84.276
12 74 38.410
12 75 66.418
12 76 10.369
12 81 70.588
12 83 39.950
12 84 82.290
12 85 33.856
12 87 35.913
12 91 95.674
12 93 63.745
12 95 54.116
12 97 76.365
12 98 17.385
12 99 53.697
13 14 28.023
13 20 49.825
13 23 10.646
13 24 39.408
13 26 63.947
13 28 64.768
13 29 10.658
13 31 8.083
13 35 56.587
13 36 90.841
13 39 65.549
13 40 51.018
13 41 5.697
13 42 3.366
13 43 57.425
13 45 35.511
13 46 60.632
13 47 99.393
13 48 80.198
13 53 49.863
13 56 40.072
13 58 21.114
13 59 14.955
13 61 9.364
13 62 99.494
13 63 64.679
13 64 12.411
13 67 31.720
13 68 26.824
13 69 91.769
13 71 8.125
13 73 69.588
13 74 54.040
13 75 92.791
13 78 31.640
13 79 20.768
13 82 68.710
13 83 42.417
13 84 26.756
13 85 68.422
13 86 74.787
13 89 10.722
13 91 43.590
13 95 30.563
13 99 50.660
14 15 13.423
14 16 75.155
14 17 96.169
14 18 67.428
14 20 7.008
14 21 11.162
14 24 73.648
14 26 19.839
14 27 58.801
14 28 65.679
14 29 88.998
14 35 80.032
14 36 5.241
14 37 31.165
14 38 91.799
14 39 54.193
14 40 9.375
14 42 6.757
14 45 39.550
14 46 96.744
14 49 30.805
14 50 24.599
14 54 62.387
14 56 11.374
14 60 72.556
14 61 62.779
14 62 69.019
14 63 19.918
14 64 74.831
14 66 77.478
14 68 22.905
14 70 11.077
14 72 34.356
14 73 81.636
14 74 72.530
14 79 81.277
14 80 70.130
14 83 87.429
14 87 91.226
14 88 80.951
14 89 67.422
14 91 11.789
14 92 8.985
14 93 34.908
14 97 92.511
14 98 24.512
14 99 29.452
15 16 53.850
15 20 85.263
15 21 7.285
15 22 97.716
15 23 61.831
15 26 19.844
15 29 76.679
15 30 51.022
15 33 0.924
15 34 53.158
15 35 59.938
15 37 48.850
15 38 20.958
15 40 73.931
15 41 67.708
15 44 97.970
15 45 50.113
15 46 55.531
15 50 84.447
15 52 96.110
15 53 63.344
15 54 69.142
15 56 11.101
15 58 8.938
15 59 19.693
15 60 77.858
15 61 51.280
15 64 0.293
15 67 63.938
15 70 14.266
15 71 1.361
15 73 93.241
15 74 27.436
15 78 65.783
15 81 20.555
15 83 64.161
15 84 17.544
15 85 69.706
15 87 80.634
15 88 86.943
15 90 72.438
15 91 23.843
15 93 34.739
15 96 87.759
15 97 91.468
15 98 51.901
15 99 92.980
16 18 98.701
16 19 59.082
16 20 48.341
16 24 8.071
16 26 69.746
16 28 67.458
16 29 3.626
16 31 42.956
16 32 62.530
16 33 66.030
16 37 97.179
16 40 58.824
16 41 68.617
16 42 61.540
16 45 0.304
16 48 29.946
16 50 28.401
16 51 43.365
16 53 30.472
16 55 93.947
16 56 0.804
16 57 6.580
16 59 39.084
16 60 68.335
16 63 95.431
16 64 80.921
16 65 33.553
16 68 77.845
16 71 10.130
16 76 18.108
16 78 34.744
16 80 17.462
16 82 34.230
16 84 31.799
16 85 43.157
16 92 80.013
16 93 33.757
16 95 82.171
16 96 47.660
16 97 95.861
17 18 68.072
17 20 7.942
17 21 96.253
17 24 36.908
17 27 89.649
17 28 32.311
17 29 22.814
17 30 1.517
17 31 48.724
17 34 27.805
17 36 11.729
17 38 72.737
17 39 27.056
17 40 95.043
17 41 90.425
17 44 74.077
17 46 42.177
17 47 79.328
17 49 65.362
17 51 24.046
17 52 65.042
17 53 90.796
17 55 1.321
17 58 12.445
17 59 51.440
17 60 73.479
17 61 92.787
17 68 61.795
17 69 91.434
17 70 13.621
17 71 87.095
17 72 76.897
17 73 80.373
17 74 34.654
17 75 71.563
17 82 60.334
17 85 24.379
17 89 67.657
17 92 19.825
17 94 92.183
17 95 26.784
17 99 6.180
18 19 84.828
18 24 31.995
18 25 7.624
18 26 71.704
18 27 5.865
18 31 95.699
18 32 49.298
18 37 1.124
18 38 87.612
18 39 13.893
18 41 68.119
18 43 27.098
18 44 94.228
18 45 16.046
18 46 6.748
18 49 30.173
18 50 15.478
18 51 63.386
18 56 44.804
18 61 15.474
18 63 26.636
18 65 24.059
18 67 25.099
18 71 18.301
18 73 83.975
18 75 16.803
18 76 72.439
18 78 97.676
18 81 93.885
18 83 98.688
18 84 32.641
18 85 56.900
18 86 5.057
18 87 49.930
18 88 31.549
18 89 24.947
18 92 39.986
18 94 87.413
18 96 60.931
19 25 19.716
19 27 3.302
19 28 9.992
19 29 60.826
19 31 82.660
19 32 8.146
19 33 63.596
19 36 6.364
19 40 97.038
19 42 51.374
19 43 3.525
19 44 70.252
19 45 38.629
19 46 82.110
19 47 44.143
19 50 57.655
19 53 28.489
19 54 11.941
19 55 28.270
19 59 39.270
19 62 30.919
19 64 20.973
19 66 65.933
19 67 62.828
19 69 56.043
19 71 75.464
19 72 66.506
19 73 20.482
19 74 80.267
19 77 81.994
19 78 32.677
19 81 18.404
19 83 83.311
19 84 69.594
19 85 50.799
19 88 57.524
19 89 45.674
19 90 0.881
19 92 11.498
19 93 44.367
19 94 89.155
19 95 15.073
19 96 44.766
20 21 59.836
20 22 25.429
20 24 9.157
20 25 52.978
20 26 84.909
20 27 39.239
20 29 36.574
20 31 38.342
20 34 46.187
20 35 84.569
20 40 58.829
20 44 59.416
20 48 44.167
20 51 93.344
20 52 5.324
20 54 1.241
20 56 72.135
20 59 8.066
20 60 37.360
20 63 66.808
20 64 25.437
20 65 99.086
20 68 65.391
20 71 4.013
20 76 11.006
20 80 65.218
20 84 26.449
20 87 50.115
20 90 61.543
20 91 19.408
20 92 67.291
20 95 39.499
20 96 92.028
20 97 28.057
20 99 3.335
21 27 97.003
21 29 20.295
21 32 26.831
21 37 61.240
21 41 54.660
21 42 97.903
21 43 32.361
21 46 43.613
21 47 19.996
21 48 8.013
21 49 26.329
21 50 71.542
21 51 42.697
21 53 43.861
21 56 85.355
21 57 33.475
21 59 72.932
21 61 85.486
21 64 47.870
21 65 61.447
21 67 53.946
21 68 4.653
21 72 74.310
21 78 30.029
21 84 34.019
21 85 21.268
21 89 35.280
21 94 67.740
21 95 14.239
21 97 42.077
21 98 24.189
22 25 86.558
22 27 48.919
22 29 81.799
22 31 47.076
22 33 10.680
22 34 6.006
22 35 67.498
22 36 10.097
22 39 64.643
22 40 85.828
22 41 11.238
22 42 38.342
22 44 30.456
22 47 82.288
22 48 89.284
22 49 21.460
22 50 45.811
22 52 41.586
22 54 49.517
22 55 35.411
22 56 27.914
22 57 70.295
22 60 93.522
22 63 80.012
22 71 26.028
22 73 83.447
22 74 87.307
22 75 34.870
22 77 90.749
22 79 41.466
22 80 12.019
22 83 46.428
22 84 73.454
22 85 44.260
22 88 97.417
22 90 87.220
22 91 40.536
22 92 3.966
22 93 21.063
22 94 55.183
22 99 59.032
23 27 72.161
23 29 37.240
23 32 52.138
23 33 69.324
23 37 26.211
23 38 39.146
23 40 18.278
23 41 99.206
23 42 96.778
23 43 29.620
23 44 23.065
23 47 74.384
23 50 44.318
23 51 49.643
23 52 9.332
23 54 53.566
23 57 89.803
23 58 27.411
23 61 31.973
23 62 96.000
23 71 23.530
23 72 23.141
23 74 21.889
23 75 60.804
23 76 92.630
23 79 66.105
23 81 16.499
23 86 35.497
23 89 56.531
23 92 7.787
23 97 46.462
23 98 13.807
24 29 37.262
24 31 92.758
24 32 77.637
24 35 6.646
24 42 80.747
24 44 14.476
24 45 82.746
24 47 58.234
24 48 74.606
24 52 39.377
24 54 20.346
24 55 28.784
24 57 99.315
24 59 12.736
24 61 12.431
24 63 19.826
24 64 24.621
24 65 37.854
24 66 2.261
24 67 5.241
24 68 13.901
24 70 68.140
24 72 19.712
24 74 32.760
24 75 36.423
24 80 47.078
24 83 81.514
24 84 38.183
24 85 86.624
24 86 31.641
24 89 88.897
24 90 58.443
24 92 97.793
24 95 68.122
24 99 54.114
25 28 8.082
25 29 83.147
25 32 4.422
25 37 8.208
25 38 99.204
25 40 54.095
25 41 84.026
25 42 49.878
25 45 53.704
25 52 52.617
25 53 7.941
25 54 1.416
25 56 60.756
25 58 1.040
25 59 60.732
25 61 96.082
25 63 49.650
25 64 12.153
25 71 13.419
25 72 94.794
25 73 66.590
25 74 63.794
25 75 0.197
25 77 20.988
25 79 54.118
25 80 83.699
25 83 62.252
25 84 30.569
25 85 71.332
25 87 19.133
25 89 99.625
25 90 92.689
25 91 78.663
25 92 84.212
25 93 2.212
25 96 60.347
25 98 21.067
25 99 41.626
26 27 3.882
26 30 57.161
26 33 69.210
26 34 80.818
26 38 64.463
26 39 44.592
26 41 84.797
26 45 12.403
26 51 83.601
26 52 84.260
26 53 67.867
26 56 43.818
26 58 94.819
26 61 48.119
26 62 79.479
26 66 74.264
26 68 73.911
26 71 86.636
26 74 63.221
26 77 44.252
26 78 2.003
26 79 75.785
26 82 76.813
26 83 6.631
26 84 48.998
26 87 63.565
26 88 49.539
26 90 2.919
26 91 44.337
26 92 95.042
26 93 15.300
26 95 81.398
26 96 14.276
26 97 17.288
26 98 93.972
26 99 64.990
27 28 38.347
27 29 98.585
27 30 1.468
27 32 4.185
27 34 30.833
27 36 17.137
27 40 17.262
27 41 34.807
27 44 85.856
27 45 37.049
27 46 40.614
27 48 98.650
27 52 31.534
27 53 18.083
27 56 85.631
27 59 14.970
27 61 78.996
27 62 51.310
27 64 22.051
27 65 66.666
27 66 1.184
27 68 10.170
27 70 59.317
27 72 12.426
27 73 52.751
27 74 70.732
27 78 7.786
27 81 76.529
27 90 77.376
27 91 46.676
27 92 67.081
27 94 23.855
27 95 33.364
27 96 97.087
27 97 30.221
27 98 4.261
28 30 8.317
28 36 19.865
28 37 28.542
28 38 3.923
28 41 2.265
28 43 97.647
28 46 64.720
28 47 75.705
28 50 33.920
28 51 3.653
28 52 31.516
28 53 93.473
28 57 55.315
28 59 31.131
28 61 82.919
28 65 98.337
28 66 59.129
28 67 58.966
28 68 19.369
28 69 11.045
28 70 49.971
28 73 14.078
28 77 13.457
28 79 80.614
28 81 60.330
28 84 34.060
28 86 95.051
28 90 37.828
28 92 92.825
28 93 9.167
28 94 42.031
28 95 87.696
28 96 44.681
28 97 13.640
28 99 40.039
29 31 32.605
29 32 4.662
29 34 10.017
29 35 9.432
29 36 39.017
29 39 30.567
29 40 32.192
29 41 44.446
29 42 24.191
29 43 43.894
29 44 27.765
29 46 19.604
29 47 39.375
29 49 29.848
29 51 72.512
29 53 24.509
29 55 83.518
29 58 0.426
29 59 38.493
29 60 80.573
29 62 73.028
29 70 50.849
29 71 33.878
29 72 86.928
29 73 35.295
29 77 70.529
29 79 7.624
29 81 31.571
29 82 73.270
29 83 22.987
29 86 40.666
29 87 91.252
29 90 38.359
29 93 49.032
29 94 33.374
29 95 80.593
29 98 57.076
30 32 15.258
30 34 0.803
30 35 98.547
30 36 14.479
30 38 15.742
30 40 3.552
30 43 82.037
30 45 92.953
30 46 25.175
30 48 77.357
30 50 6.585
30 52 36.390
30 55 10.024
30 58 44.409
30 59 54.721
30 62 52.030
30 63 66.303
30 64 91.228
30 65 67.873
30 66 96.182
30 67 79.019
30 68 60.749
30 69 90.901
30 70 48.820
30 72 2.983
30 74 62.056
30 75 79.414
30 76 74.467
30 80 17.140
30 81 10.656
30 82 73.817
30 83 34.751
30 84 56.219
30 85 10.587
30 87 13.416
30 89 66.741
30 90 88.703
30 91 41.046
30 92 43.033
30 93 56.079
30 97 34.128
30 99 96.285
31 32 86.500
31 35 85.249
31 38 8.981
31 40 0.735
31 41 73.001
31 43 0.870
31 45 22.542
31 46 75.761
31 47 53.933
31 48 9.828
31 50 82.607
31 51 5.391
31 53 99.836
31 54 33.624
31 55 16.231
31 56 83.036
31 57 85.155
31 59 82.358
31 62 75.522
31 66 29.204
31 67 81.705
31 71 79.896
31 73 84.181
31 75 11.219
31 78 2.351
31 79 98.894
31 80 12.520
31 81 99.152
31 83 96.873
31 84 79.794
31 86 47.229
31 87 46.434
31 88 24.141
31 89 73.386
31 90 47.930
31 92 90.954
31 93 50.770
31 95 14.944
31 96 64.598
31 97 53.398
31 98 35.467
32 34 7.408
32 35 57.384
32 36 80.676
32 37 15.872
32 40 46.570
32 43 74.264
32 48 22.859
32 54 34.535
32 56 12.264
32 57 11.126
32 59 46.880
32 62 17.216
32 64 56.619
32 65 53.798
32 68 96.930
32 72 41.942
32 73 51.362
32 75 7.235
32 76 22.421
32 78 32.762
32 80 43.174
32 81 25.056
32 82 14.014
32 83 56.815
32 85 77.209
32 87 5.165
32 89 46.695
32 90 38.930
32 94 91.357
32 95 28.196
32 97 92.008
32 99 25.890
33 35 54.320
33 36 96.855
33 37 48.499
33 38 98.924
33 40 36.415
33 41 42.277
33 44 56.402
33 48 8.444
33 50 31.173
33 52 36.654
33 54 5.087
33 55 98.200
33 56 51.387
33 57 49.537
33 62 34.593
33 63 71.363
33 64 83.038
33 66 79.426
33 69 81.696
33 70 63.391
33 71 67.617
33 74 89.834
33 76 58.387
33 79 60.313
33 80 72.406
33 81 8.528
33 83 40.955
33 84 16.197
33 85 91.130
33 86 41.374
33 89 16.620
33 91 29.471
33 93 92.657
33 94 2.091
33 95 66.427
33 98 69.456
33 99 0.727
34 35 37.787
34 40 29.685
34 41 71.401
34 42 14.081
34 48 58.258
34 51 16.219
34 52 74.751
34 55 80.918
34 63 45.237
34 71 27.229
34 75 43.119
34 76 69.972
34 78 23.461
34 79 50.447
34 81 15.622
34 83 31.953
34 85 61.056
34 86 63.562
34 88 76.634
34 90 88.937
34 93 74.303
34 94 46.468
34 95 65.082
34 97 83.045
35 39 72.149
35 41 40.588
35 42 67.225
35 46 50.185
35 47 49.197
35 49 3.412
35 50 28.411
35 58 92.291
35 66 50.862
35 68 76.416
35 70 31.646
35 71 33.162
35 79 1.744
35 81 78.382
35 82 67.266
35 84 61.900
35 89 64.150
35 90 84.859
35 92 39.599
35 94 11.587
35 96 75.895
35 98 18.944
35 99 19.349
36 37 32.303
36 38 99.474
36 41 71.082
36 42 86.331
36 44 93.093
36 48 48.877
36 49 74.115
36 51 53.769
36 52 42.485
36 55 9.061
36 57 8.385
36 61 64.637
36 62 53.769
36 63 33.762
36 65 51.876
36 67 80.183
36 68 93.440
36 69 3.051
36 70 10.321
36 73 63.162
36 75 11.068
36 76 67.448
36 77 90.872
36 78 41.458
36 82 1.650
36 86 36.225
36 88 98.081
36 91 95.159
36 92 46.300
36 94 69.143
36 95 81.678
36 96 91.870
37 38 71.613
37 41 76.890
37 42 27.502
37 43 75.411
37 44 92.558
37 45 73.343
37 47 93.213
37 48 25.559
37 52 98.001
37 53 73.911
37 56 68.452
37 57 73.939
37 59 23.700
37 61 97.957
37 63 42.138
37 64 38.485
37 65 26.043
37 66 10.854
37 67 29.179
37 68 99.090
37 69 82.496
37 72 49.458
37 73 39.780
37 75 13.209
37 76 70.465
37 78 75.953
37 79 37.175
37 80 31.198
37 82 48.097
37 84 87.574
37 86 68.422
37 87 52.071
37 88 58.618
37 89 99.366
37 90 58.616
37 92 33.486
37 96 74.424
38 39 8.392
38 40 56.054
38 42 19.540
38 43 39.919
38 44 49.194
38 45 91.706
38 46 40.852
38 48 63.118
38 50 28.771
38 52 63.830
38 53 18.666
38 54 69.256
38 56 10.001
38 58 94.603
38 59 64.786
38 63 61.654
38 66 13.378
38 67 90.672
38 69 59.342
38 77 95.262
38 79 93.900
38 80 48.590
38 81 95.392
38 82 38.872
38 83 47.270
38 85 55.464
38 89 50.390
38 92 51.912
38 93 22.386
38 94 42.461
38 95 84.506
38 96 8.518
39 42 38.942
39 43 92.883
39 44 57.697
39 45 43.031
39 47 96.737
39 49 81.156
39 52 84.048
39 53 83.418
39 54 57.673
39 55 4.047
39 62 52.396
39 64 3.261
39 67 61.628
39 68 74.695
39 69 47.944
39 73 12.375
39 76 6.634
39 77 45.487
39 78 43.207
39 79 5.788
39 81 74.500
39 84 4.347
39 85 96.655
39 86 55.161
39 88 65.385
39 89 96.686
39 90 42.237
39 91 6.219
39 93 20.153
39 94 19.649
39 96 99.837
39 98 94.623
40 42 26.716
40 43 64.290
40 47 57.860
40 50 80.895
40 53 83.623
40 58 57.134
40 59 99.911
40 60 14.276
40 62 26.938
40 63 91.994
40 65 16.753
40 69 9.379
40 70 84.855
40 71 38.529
40 72 66.635
40 73 75.083
40 74 33.441
40 77 47.164
40 78 27.885
40 79 8.486
40 81 44.037
40 82 44.128
40 85 60.999
40 86 37.931
40 87 41.171
40 88 48.500
40 89 14.687
40 90 54.681
40 92 68.816
40 93 48.644
40 94 58.097
40 96 1.410
40 97 27.693
40 99 66.881
41 42 49.716
41 44 2.264
41 51 14.119
41 52 91.958
41 54 77.581
41 55 45.865
41 57 17.006
41 59 80.161
41 60 67.983
41 61 13.666
41 62 34.351
41 64 25.418
41 71 96.285
41 73 34.937
41 75 67.931
41 76 11.196
41 78 52.383
41 79 27.553
41 80 32.200
41 83 39.597
41 84 34.288
41 88 58.179
41 91 22.863
41 92 76.734
41 95 89.638
42 46 52.830
42 50 92.178
42 51 78.042
42 53 58.196
42 56 70.265
42 63 34.449
42 64 81.176
42 65 81.877
42 69 23.588
42 70 82.783
42 75 2.781
42 78 59.631
42 79 60.922
42 81 22.088
42 89 29.943
42 91 55.428
42 94 85.326
42 96 11.799
43 44 6.984
43 45 45.017
43 51 14.951
43 53 55.222
43 58 75.707
43 59 28.766
43 65 56.272
43 66 5.125
43 68 82.637
43 69 35.811
43 70 29.521
43 71 51.633
43 72 1.286
43 76 98.966
43 78 1.935
43 81 84.534
43 92 93.748
43 93 86.503
43 95 29.881
43 97 68.808
43 99 61.588
44 45 35.966
44 46 88.162
44 49 59.279
44 50 7.280
44 51 74.820
44 53 12.937
44 56 81.095
44 57 96.820
44 58 85.047
44 59 51.301
44 61 86.020
44 66 32.169
44 67 21.407
44 68 22.401
44 70 22.512
44 72 3.740
44 73 7.377
44 76 44.662
44 77 85.142
44 78 67.584
44 81 11.094
44 83 95.431
44 84 13.930
44 85 52.733
44 86 23.431
44 90 82.677
44 93 22.058
44 95 42.387
44 98 45.390
45 47 23.039
45 48 61.335
45 49 36.440
45 57 75.388
45 60 94.380
45 63 26.235
45 64 79.725
45 65 70.546
45 68 13.979
45 70 79.388
45 72 61.912
45 74 60.054
45 75 41.784
45 78 46.561
45 81 90.500
45 82 1.483
45 83 17.260
45 88 70.811
45 90 27.509
45 91 84.518
45 92 18.916
45 94 3.339
45 96 9.504
45 97 53.934
45 99 75.647
46 48 68.286
46 53 22.001
46 54 28.386
46 57 98.746
46 59 49.569
46 60 83.629
46 62 52.239
46 63 42.029
46 66 22.480
46 67 54.504
46 69 69.098
46 70 71.195
46 71 52.548
46 74 93.031
46 75 10.144
46 76 77.716
46 77 0.322
46 80 38.680
46 81 0.383
46 82 19.192
46 83 81.346
46 85 34.904
46 86 48.572
46 87 51.297
46 91 65.525
46 93 4.959
46 94 48.187
46 95 15.503
46 99 4.791
47 50 6.973
47 51 93.733
47 52 1.993
47 54 22.543
47 55 53.675
47 56 95.557
47 63 67.207
47 67 94.471
47 71 22.312
47 72 21.504
47 73 73.497
47 74 3.838
47 76 53.190
47 77 10.161
47 78 73.885
47 80 85.772
47 81 71.816
47 83 48.570
47 84 77.804
47 89 32.275
47 92 25.524
47 93 9.429
47 94 51.765
47 95 85.488
47 98 99.208
47 99 9.794
48 50 64.045
48 54 56.444
48 55 48.340
48 56 31.424
48 57 67.256
48 58 43.403
48 59 41.470
48 60 10.754
48 61 77.348
48 62 92.635
48 63 51.269
48 65 62.241
48 66 39.809
48 68 74.529
48 70 9.537
48 74 14.976
48 76 68.575
48 77 83.684
48 79 1.756
48 81 79.070
48 82 20.858
48 83 38.413
48 86 23.262
48 87 83.146
48 88 35.570
48 90 12.945
48 91 65.029
48 94 75.875
48 96 8.590
48 97 72.916
48 99 58.176
49 50 83.831
49 53 35.846
49 55 82.806
49 57 64.737
49 58 46.040
49 62 45.536
49 63 42.810
49 65 55.346
49 66 50.196
49 68 86.411
49 69 71.823
49 71 48.730
49 73 49.883
49 74 8.907
49 76 81.645
49 78 37.897
49 79 57.815
49 80 87.492
49 82 17.009
49 83 37.687
49 86 5.467
49 87 27.901
49 88 79.243
49 89 79.978
49 91 95.644
49 96 40.021
49 97 47.174
49 99 9.765
50 52 50.240
50 53 70.728
50 54 29.655
50 55 10.780
50 61 65.677
50 66 72.423
50 68 60.576
50 69 8.630
50 72 17.164
50 73 9.819
50 74 3.277
50 76 91.953
50 79 15.672
50 80 21.267
50 81 25.375
50 82 78.366
50 83 23.576
50 85 47.839
50 87 44.240
50 88 35.544
50 89 96.143
50 92 6.777
50 94 44.150
50 95 93.128
50 96 65.433
50 97 39.543
50 99 43.682
51 53 88.940
51 56 66.741
51 57 95.895
51 60 32.466
51 65 98.704
51 67 80.669
51 69 88.076
51 72 89.932
51 74 48.697
51 75 50.917
51 77 42.509
51 80 18.529
51 82 96.336
51 84 8.360
51 88 23.068
51 89 17.154
51 93 57.886
51 94 30.487
51 96 13.734
51 97 38.050
51 99 47.987
52 54 68.217
52 55 5.850
52 56 69.244
52 57 37.860
52 58 33.611
52 62 68.800
52 64 31.711
52 65 95.977
52 67 8.318
52 68 67.233
52 77 83.576
52 78 3.978
52 81 62.600
52 82 92.046
52 85 15.165
52 86 8.205
52 88 35.710
52 89 64.079
52 90 59.203
52 91 9.909
52 93 61.920
52 94 84.449
52 95 63.915
52 96 57.988
52 97 40.479
52 98 61.556
53 54 0.063
53 55 97.199
53 56 16.261
53 59 3.557
53 60 76.313
53 61 77.351
53 62 15.390
53 64 55.439
53 65 34.477
53 67 62.604
53 68 91.403
53 69 15.993
53 71 73.791
53 73 15.076
53 74 23.135
53 81 45.499
53 82 69.278
53 85 57.938
53 86 64.467
53 90 72.668
53 91 52.814
53 93 65.253
53 95 42.364
53 97 5.096
53 98 85.606
54 56 7.609
54 62 69.812
54 63 34.457
54 64 69.180
54 67 66.007
54 68 72.996
54 69 60.549
54 70 22.558
54 74 10.284
54 75 93.741
54 76 26.600
54 77 49.404
54 79 79.206
54 80 74.123
54 83 17.006
54 84 75.814
54 85 56.633
54 86 14.941
54 91 10.373
54 93 14.711
54 94 82.571
54 96 69.289
54 97 46.189
55 57 20.630
55 61 7.267
55 63 62.764
55 64 33.856
55 65 35.691
55 67 51.147
55 68 60.638
55 74 21.045
55 75 55.769
55 76 83.833
55 77 11.327
55 80 60.261
55 82 17.309
55 83 74.917
55 84 4.375
55 91 39.774
55 93 49.915
55 96 90.345
55 97 11.892
55 98 40.543
55 99 32.968
56 59 42.096
56 61 72.141
56 62 75.575
56 64 87.454
56 67 71.050
56 69 79.447
56 70 43.566
56 71 44.150
56 72 21.631
56 73 58.297
56 75 5.916
56 76 78.419
56 77 59.701
56 79 77.521
56 82 84.599
56 85 63.617
56 87 81.812
56 88 42.493
56 90 95.233
56 93 45.643
56 95 78.233
56 96 34.433
56 99 63.302
57 58 31.079
57 62 39.306
57 65 24.737
57 66 70.175
57 68 16.423
57 69 89.687
57 71 39.421
57 72 39.424
57 74 0.311
57 75 50.118
57 76 47.844
57 77 89.563
57 80 76.006
57 82 8.229
57 84 95.931
57 86 7.117
57 87 82.190
57 91 12.854
57 93 52.243
57 94 48.670
57 95 78.379
57 97 51.723
57 98 3.280
57 99 62.157
58 65 88.707
58 66 1.874
58 67 14.397
58 68 84.907
58 69 84.596
58 70 29.982
58 71 97.927
58 73 42.767
58 74 73.347
58 79 72.402
58 82 82.007
58 85 88.688
58 87 79.473
58 88 66.107
58 89 34.112
58 91 61.285
58 92 74.281
58 94 51.828
58 96 97.523
59 60 53.914
59 62 17.036
59 63 66.789
59 68 63.968
59 71 9.291
59 72 39.175
59 74 97.231
59 77 95.132
59 78 65.247
59 79 22.141
59 80 14.931
59 81 63.721
59 84 82.197
59 85 94.188
59 87 45.035
59 88 83.475
59 89 15.443
59 90 97.727
59 93 64.304
59 95 75.456
59 98 50.297
59 99 73.705
60 61 90.136
60 63 27.302
60 66 13.627
60 69 30.632
60 71 95.034
60 72 23.900
60 76 50.666
60 78 30.932
60 79 57.874
60 80 81.982
60 81 0.636
60 82 7.292
60 84 37.836
60 85 17.865
60 86 30.473
60 87 93.410
60 93 48.978
60 96 54.363
60 99 15.252
61 62 27.756
61 64 40.408
61 65 64.308
61 67 56.209
61 69 54.326
61 70 90.518
61 74 51.529
61 78 72.960
61 80 48.004
61 82 3.197
61 88 79.132
61 90 27.269
61 91 49.600
61 92 23.052
61 93 90.565
61 95 19.730
61 96 31.695
61 97 1.256
62 64 47.116
62 67 44.647
62 68 30.588
62 70 81.092
62 72 0.893
62 73 48.143
62 74 0.025
62 75 30.013
62 76 47.118
62 79 69.073
62 80 6.965
62 82 48.063
62 85 31.671
62 88 30.453
62 92 82.605
62 98 80.506
63 65 15.941
63 66 55.599
63 67 27.558
63 68 31.511
63 69 8.008
63 70 18.535
63 71 23.709
63 72 55.829
63 73 68.657
63 74 33.745
63 75 81.597
63 76 38.056
63 77 54.458
63 82 55.740
63 83 65.255
63 85 27.326
63 86 62.257
63 88 92.128
63 89 33.487
63 94 60.483
63 95 13.165
63 98 11.398
64 66 65.727
64 67 59.114
64 68 57.648
64 69 32.732
64 73 67.726
64 77 50.266
64 81 83.191
64 82 65.292
64 87 64.557
64 89 53.523
64 94 75.695
64 96 38.186
64 97 80.246
65 68 33.696
65 70 70.055
65 71 59.804
65 74 44.531
65 75 75.156
65 77 97.566
65 78 46.245
65 79 42.214
65 81 84.817
65 83 29.009
65 85 98.281
65 86 93.969
65 89 57.278
65 96 51.640
65 99 74.413
66 67 89.359
66 68 94.504
66 71 42.046
66 72 24.591
66 78 23.239
66 79 22.650
66 80 1.206
66 83 61.445
66 86 2.267
66 88 57.715
66 90 24.682
66 91 58.826
66 92 69.945
66 93 98.934
66 94 14.745
66 97 22.433
66 99 17.676
67 69 36.986
67 71 85.534
67 72 6.389
67 73 8.184
67 75 78.722
67 76 34.183
67 78 84.544
67 80 33.163
67 85 34.198
67 87 63.017
67 88 90.082
67 89 33.876
67 90 93.461
67 91 27.216
67 92 13.462
67 94 38.176
67 98 10.312
68 69 18.162
68 70 25.148
68 73 47.733
68 74 66.829
68 75 36.449
68 77 37.256
68 81 86.399
68 82 35.655
68 92 14.777
68 93 36.255
68 94 78.791
68 97 76.492
69 72 38.257
69 73 17.903
69 75 50.039
69 76 26.380
69 77 63.399
69 79 13.058
69 80 13.047
69 81 66.376
69 82 80.997
69 85 32.422
69 87 1.878
69 90 54.970
69 92 99.453
69 93 81.318
69 94 31.955
69 98 82.239
70 71 27.382
70 74 63.254
70 75 41.167
70 76 91.806
70 78 94.848
70 81 32.247
70 85 43.818
70 86 62.724
70 88 92.035
70 89 21.967
70 90 54.858
70 91 5.134
70 92 64.923
70 95 77.202
70 96 65.268
71 72 25.184
71 74 29.323
71 77 81.550
71 78 91.983
71 80 19.348
71 82 61.797
71 84 92.516
71 89 98.085
71 90 88.661
71 91 42.352
71 93 86.792
71 94 48.686
71 95 32.971
72 74 43.462
72 76 43.843
72 77 45.857
72 78 50.226
72 79 71.647
72 84 74.707
72 88 20.178
72 89 16.215
72 92 54.493
72 93 66.083
72 94 99.454
72 95 96.833
72 96 77.118
72 97 30.989
72 98 78.798
73 76 38.632
73 77 28.703
73 78 94.971
73 80 14.258
73 81 58.459
73 84 55.693
73 85 26.850
73 87 39.977
73 89 90.622
73 92 15.818
73 95 30.097
73 99 38.357
74 75 54.419
74 76 57.542
74 77 56.840
74 80 50.138
74 81 16.446
74 82 2.627
74 83 66.751
74 84 45.066
74 88 88.866
74 91 8.348
74 93 24.773
74 95 58.766
74 96 65.839
75 82 76.653
75 83 79.356
75 86 21.643
75 87 35.318
75 88 34.044
75 95 27.771
75 96 7.026
75 97 95.613
76 77 2.259
76 82 32.454
76 84 8.016
76 89 93.603
76 91 43.173
76 92 57.251
76 93 10.316
76 94 17.945
76 95 43.614
76 96 81.491
76 97 2.007
77 83 31.076
77 88 87.287
77 90 7.421
77 93 74.468
77 97 17.857
77 98 42.690
77 99 80.255
78 85 53.193
78 86 28.085
78 87 40.373
78 89 35.639
78 90 26.319
78 91 4.089
78 93 2.614
78 94 45.956
78 96 96.186
78 99 91.052
79 81 59.530
79 82 57.407
79 83 30.641
79 85 62.698
79 86 36.703
79 88 48.541
79 89 16.918
79 91 43.708
79 92 77.700
79 94 86.255
80 81 4.504
80 87 78.006
80 89 65.689
80 91 98.109
80 93 81.305
80 94 85.890
80 95 46.657
80 96 83.098
81 82 58.331
81 84 0.156
81 86 38.319
81 87 21.911
81 90 39.678
81 91 93.615
81 93 38.053
81 96 19.844
81 99 8.553
82 83 12.836
82 86 8.038
82 90 50.140
82 96 12.107
82 99 55.982
83 84 8.297
83 86 66.452
83 87 27.581
83 90 37.194
83 92 27.724
83 96 15.325
83 97 5.892
83 98 36.808
84 85 89.650
84 88 43.570
84 91 42.192
84 93 14.990
84 94 7.010
84 95 12.335
84 96 97.853
84 98 52.848
84 99 96.131
85 86 8.237
85 95 39.474
85 96 53.123
85 97 50.030
86 94 31.268
86 95 48.226
86 97 91.919
86 99 32.131
87 91 69.932
87 97 0.947
87 98 14.733
88 89 67.750
88 93 62.156
88 94 25.964
88 95 6.495
88 96 51.553
88 97 2.164
88 98 32.505
89 91 78.829
89 92 67.029
89 96 61.879
89 97 8.037
89 99 35.659
90 93 95.142
90 95 38.327
90 96 91.130
90 98 12.535
91 92 13.431
91 93 49.967
91 94 26.904
91 95 76.984
92 93 59.797
92 94 19.516
92 97 42.148
93 96 26.576
93 97 19.848
93 98 41.707
94 95 48.491
94 97 88.699
95 98 61.154
96 99 62.248
97 98 65.665
98 99 46.296
