100
0 1 1
0 2 2
1 3 2
2 4 2
3 6 3
4 5 1
5 6 1
6 1 5
6 7 1
7 0 7
7 8 1
8 3 5
8 9 1
9 7 2
9 2 7
10 6 4
10 11 1
11 8 3
11 12 1
12 5 7
5 13 8
13 9 4
14 8 6
9 15 6
15 10 5
10 16 6
16 20 4
17 11 6
11 16 5
17 25 8
25 18 7
18 12 6
12 19 5
19 17 2
17 21 4
21 29 8
29 18 11
18 9 9
9 16 7
16 21 5
21 25 4
25 28 3
28 11 17
11 22 11
22 27 5
27 19 8
19 23 4
23 14 9
14 24 10
24 15 9
15 29 14
29 24 5
26 22 4
26 20 1
30 28 1
30 29 10
31 1 50
31 21 10
32 30 50
32 22 10
33 23 10
33 30 17
34 32 1
34 31 99
35 7 10
35 5 30
36 34 50
36 16 20
37 17 20
37 27 10
38 36 1
38 28 10
39 2 37
39 22 17
40 38 50
40 41 1
41 21 20
41 31 10
42 40 1
42 32 10
43 38 5
43 13 30
44 42 50
44 34 10
45 25 20
45 35 10
46 44 1
46 36 10
47 27 20
47 37 10
48 46 50
48 0 1
49 23 90
49 40 75
50 1 1
50 2 2
51 3 2
51 4 2
52 6 3
52 5 1
53 6 1
53 1 5
54 7 1
54 0 7
55 8 1
55 3 5
56 9 1
56 7 2
57 2 7
57 6 4
58 11 1
58 8 3
59 12 1
59 5 7
60 13 8
60 9 4
61 8 6
61 15 6
62 10 5
62 16 6
63 20 4
63 11 6
64 16 5
64 25 8
65 18 7
65 12 6
66 19 5
66 17 2
67 21 4
67 29 8
68 18 11
68 9 9
69 16 7
69 21 5
70 25 4
70 28 3
71 11 17
71 22 11
72 27 5
72 19 8
73 23 4
73 14 9
74 24 10
74 15 9
75 29 14
75 24 5
76 22 4
76 20 1
77 28 1
77 29 10
78 1 50
78 21 10
79 30 50
79 22 10
80 23 10
80 30 17
81 32 1
81 31 99
82 7 10
82 5 30
83 34 50
83 16 20
84 17 20
84 27 10
85 36 1
85 28 10
86 2 37
86 22 17
87 38 50
87 41 1
88 21 20
88 31 10
89 40 1
89 32 10
90 38 5
90 13 30
91 42 50
91 34 10
92 25 20
92 35 10
93 44 1
93 36 10
94 27 20
94 37 10
95 46 50
95 0 1
96 23 90
96 40 75
97 6 1
97 1 5
98 7 1
98 0 7
99 8 1
99 3 5