91
0 2 56.488
0 3 35.37
0 4 47.82
0 5 17.134
0 6 90.0
0 9 89.5
0 11 1.084
0 12 50.4
0 13 69.2
0 14 94.004
0 17 62.5
0 18 84.0
0 19 42.716
0 20 77.0
0 21 52.0
0 23 47.8
0 24 65.0
0 25 80.0
0 26 81.057
0 28 50.0
0 29 4.08
0 30 27.0
0 31 80.9
0 32 82.1
0 34 74.88
0 35 41.46
0 36 61.0
0 38 71.41
0 39 6.3
0 42 58.93
0 43 33.4
0 44 1.7
0 45 56.191
0 46 88.671
0 47 94.0
0 49 36.89
0 51 85.48
0 53 59.27
0 54 58.0
0 55 19.0
0 56 19.0
0 57 59.89
0 58 93.0
0 59 34.0
0 61 15.433
0 62 22.6
0 63 1.177
0 64 5.7
0 65 40.327
0 66 68.762
0 67 79.18
0 68 72.713
0 69 2.85
0 70 5.0
0 73 45.86
0 74 42.82
0 75 12.0
0 76 30.0
0 77 64.79
0 78 47.6
0 79 1.5
0 80 65.739
0 81 96.702
0 82 82.12
0 83 6.15
0 84 95.856
0 85 76.0
0 86 94.9
0 87 29.78
0 89 98.4
0 90 54.03
1 2 48.0
1 3 7.3
1 4 37.7
1 5 36.0
1 10 71.399
1 11 17.0
1 12 37.198
1 13 35.487
1 14 33.598
1 18 89.91
1 19 35.0
1 21 94.66
1 22 3.72
1 24 40.0
1 25 65.0
1 26 78.32
1 27 19.96
1 28 86.0
1 29 57.73
1 30 90.0
1 31 12.0
1 32 64.877
1 34 27.272
1 36 77.9
1 37 61.34
1 39 36.38
1 40 33.855
1 41 84.18
1 43 19.3
1 44 30.0
1 45 54.354
1 46 84.9
1 47 65.8
1 48 72.564
1 49 67.7
1 50 36.0
1 51 30.61
1 52 43.02
1 53 38.5
1 54 57.0
1 55 86.0
1 56 99.0
1 57 21.86
1 58 55.6
1 61 20.6
1 62 43.0
1 63 86.0
1 65 73.9
1 66 13.0
1 67 75.78
1 68 75.1
1 69 68.6
1 71 15.24
1 73 6.0
1 74 7.2
1 75 75.48
1 76 81.53
1 78 92.2
1 81 9.6
1 82 25.462
1 83 31.0
1 84 44.87
1 85 56.78
1 86 94.02
1 87 20.9
1 88 62.0
1 90 43.02
2 4 64.604
2 5 93.7
2 6 81.7
2 7 22.78
2 8 15.755
2 9 8.1
2 10 95.13
2 11 75.28
2 13 21.0
2 14 60.155
2 17 80.882
2 18 87.0
2 19 3.0
2 20 33.38
2 22 79.0
2 23 96.0
2 24 13.888
2 26 5.0
2 27 3.9
2 30 64.0
2 31 36.0
2 33 67.129
2 37 40.44
2 38 84.96
2 39 72.4
2 41 8.0
2 44 53.0
2 45 94.35
2 47 66.28
2 48 93.49
2 49 91.0
2 50 89.3
2 51 88.67
2 52 38.9
2 53 41.011
2 54 91.864
2 55 42.0
2 56 58.34
2 57 97.0
2 58 44.723
2 60 59.8
2 62 98.29
2 63 22.38
2 64 38.237
2 65 93.999
2 66 27.83
2 67 44.0
2 69 71.27
2 70 72.8
2 72 57.073
2 73 46.0
2 74 16.173
2 78 39.78
2 80 94.54
2 81 1.3
2 82 39.9
2 83 98.0
2 84 66.1
2 85 84.883
2 86 26.0
2 87 14.936
2 90 63.0
3 4 46.29
3 6 41.5
3 9 49.9
3 10 65.289
3 11 69.5
3 12 79.684
3 13 33.0
3 14 73.0
3 15 9.0
3 16 88.7
3 17 77.8
3 19 95.0
3 20 77.0
3 21 75.451
3 22 31.0
3 23 93.1
3 24 30.9
3 25 47.8
3 28 92.4
3 29 54.8
3 31 70.0
3 32 79.0
3 33 18.42
3 34 33.247
3 35 33.0
3 38 3.82
3 42 12.0
3 44 12.0
3 45 2.7
3 46 59.15
3 48 63.26
3 49 85.7
3 50 67.493
3 51 92.0
3 52 68.13
3 53 97.81
3 54 66.1
3 55 17.6
3 56 41.7
3 57 98.96
3 59 51.814
3 61 92.6
3 62 83.22
3 63 5.82
3 65 18.0
3 66 32.383
3 67 72.1
3 68 24.0
3 70 89.15
3 71 3.114
3 75 83.5
3 76 24.3
3 77 30.829
3 78 12.37
3 80 76.011
3 81 90.7
3 83 30.0
3 85 96.43
3 86 18.9
3 87 43.77
3 88 59.5
3 90 60.04
4 6 61.0
4 7 29.67
4 8 25.12
4 9 82.08
4 10 51.23
4 11 18.35
4 13 84.8
4 15 36.0
4 17 35.7
4 18 95.17
4 19 31.0
4 20 42.0
4 21 76.089
4 22 22.0
4 23 12.0
4 24 5.283
4 25 48.81
4 27 9.61
4 28 61.03
4 29 71.94
4 30 91.2
4 31 67.2
4 32 83.5
4 34 46.769
4 35 60.355
4 36 74.334
4 37 72.698
4 38 92.09
4 39 78.518
4 40 76.79
4 41 32.0
4 42 98.571
4 43 13.193
4 44 85.0
4 45 90.5
4 46 91.8
4 47 9.59
4 48 23.863
4 49 21.489
4 50 54.044
4 51 25.096
4 53 84.2
4 54 35.0
4 55 87.4
4 56 37.65
4 57 72.0
4 58 23.979
4 60 78.0
4 63 50.4
4 66 31.498
4 68 15.0
4 69 83.388
4 70 67.0
4 71 40.739
4 73 4.0
4 75 72.47
4 76 40.0
4 78 26.62
4 79 75.9
4 81 61.4
4 82 82.4
4 83 51.98
4 84 40.32
4 85 6.0
4 88 16.4
4 89 2.07
4 90 37.4
5 6 40.624
5 8 91.97
5 9 56.725
5 11 87.182
5 12 82.41
5 13 81.4
5 14 85.0
5 15 14.8
5 17 72.81
5 19 39.98
5 22 75.0
5 23 49.0
5 24 59.36
5 26 99.0
5 27 63.0
5 28 23.85
5 30 44.953
5 32 83.2
5 33 57.0
5 35 96.001
5 36 20.424
5 37 52.7
5 39 54.0
5 41 25.65
5 42 92.58
5 43 67.329
5 44 94.4
5 46 10.4
5 49 93.0
5 51 32.0
5 52 42.9
5 53 21.5
5 56 65.42
5 57 98.331
5 59 74.9
5 60 27.5
5 62 51.79
5 63 58.69
5 64 8.106
5 65 19.05
5 66 64.779
5 67 50.0
5 68 32.0
5 71 22.0
5 72 33.0
5 75 82.0
5 76 27.63
5 77 42.81
5 78 77.88
5 80 20.696
5 81 60.0
5 85 82.0
5 87 25.779
5 88 21.07
5 89 44.1
5 90 67.96
6 7 41.4
6 10 9.25
6 11 13.71
6 12 23.0
6 13 85.0
6 14 6.83
6 15 50.12
6 17 84.0
6 19 25.718
6 21 93.5
6 22 30.0
6 23 51.688
6 24 7.527
6 25 7.806
6 27 78.0
6 29 12.405
6 30 51.0
6 31 12.0
6 32 90.7
6 33 11.33
6 34 4.858
6 36 19.902
6 37 81.3
6 38 56.0
6 39 66.176
6 40 11.686
6 41 45.0
6 42 32.0
6 43 54.0
6 44 90.076
6 45 7.0
6 46 22.8
6 47 38.0
6 50 41.983
6 51 67.8
6 54 30.9
6 55 54.0
6 56 73.2
6 57 45.5
6 58 18.5
6 59 5.0
6 60 30.9
6 61 62.9
6 62 31.0
6 63 61.0
6 64 26.4
6 65 82.28
6 66 68.0
6 67 82.74
6 69 39.4
6 70 32.621
6 71 44.7
6 72 87.7
6 73 21.166
6 74 5.4
6 75 90.5
6 76 73.972
6 77 49.3
6 78 88.0
6 79 72.58
6 80 54.5
6 81 31.551
6 83 81.93
6 84 41.99
6 85 48.65
6 87 22.8
6 88 47.36
6 89 65.8
6 90 19.5
7 8 87.79
7 10 22.4
7 11 79.22
7 12 10.36
7 14 66.0
7 15 14.82
7 16 70.99
7 17 36.0
7 20 54.0
7 21 4.94
7 22 27.511
7 24 23.9
7 25 14.3
7 27 94.89
7 29 57.49
7 31 39.723
7 32 78.0
7 33 16.0
7 36 2.8
7 37 7.104
7 38 35.6
7 40 78.0
7 41 90.14
7 42 18.48
7 43 28.0
7 45 5.3
7 47 70.433
7 48 8.871
7 49 54.0
7 50 94.959
7 51 33.25
7 52 25.15
7 55 44.02
7 56 12.73
7 57 91.0
7 58 6.83
7 59 1.77
7 60 9.0
7 61 13.35
7 62 59.7
7 64 86.066
7 65 83.7
7 66 26.75
7 67 87.7
7 69 21.0
7 72 62.0
7 75 57.35
7 76 97.46
7 77 87.64
7 78 38.31
7 80 92.6
7 81 70.0
7 84 93.5
7 85 96.3
7 87 41.8
7 89 17.3
7 90 45.85
8 10 71.32
8 11 13.754
8 12 38.0
8 13 92.3
8 15 75.624
8 16 24.4
8 17 1.606
8 18 54.0
8 19 89.0
8 20 44.8
8 21 23.07
8 22 85.6
8 23 77.428
8 24 52.9
8 25 59.62
8 26 44.0
8 27 38.0
8 28 78.0
8 29 68.05
8 30 56.79
8 31 92.0
8 32 3.63
8 33 73.0
8 36 97.0
8 39 49.0
8 40 31.99
8 41 91.0
8 42 87.394
8 43 88.23
8 44 51.5
8 45 80.104
8 46 11.7
8 47 41.089
8 48 3.24
8 49 80.9
8 50 93.6
8 51 21.82
8 52 25.84
8 53 39.0
8 54 60.88
8 55 3.9
8 57 44.4
8 58 49.0
8 59 61.0
8 61 8.7
8 62 85.0
8 63 96.87
8 65 74.3
8 66 64.0
8 68 89.0
8 69 96.9
8 71 8.0
8 72 83.57
8 73 15.313
8 74 50.6
8 76 28.8
8 78 14.4
8 79 53.6
8 80 61.3
8 81 76.0
8 82 20.5
8 83 47.0
8 84 48.0
8 85 89.0
8 88 37.0
8 90 30.5
9 10 6.0
9 12 26.117
9 16 20.692
9 17 39.0
9 18 45.139
9 21 30.25
9 22 28.7
9 23 89.825
9 24 21.97
9 25 36.0
9 26 96.28
9 27 18.23
9 28 71.0
9 29 72.3
9 30 17.6
9 32 7.0
9 33 19.87
9 35 78.37
9 36 32.0
9 38 68.0
9 39 97.431
9 40 14.8
9 41 1.0
9 42 73.44
9 43 22.088
9 44 58.83
9 45 41.471
9 46 52.533
9 47 64.1
9 49 58.6
9 50 68.0
9 52 46.506
9 53 31.3
9 55 47.435
9 56 32.2
9 58 27.6
9 59 27.0
9 61 32.0
9 62 49.498
9 63 4.491
9 65 6.15
9 68 96.97
9 69 2.02
9 70 13.3
9 71 22.0
9 72 30.477
9 73 67.053
9 74 41.93
9 76 91.28
9 77 19.0
9 79 82.585
9 80 56.6
9 83 48.9
9 84 24.677
9 85 69.82
9 86 81.194
9 87 70.7
9 88 77.91
9 89 4.458
9 90 48.0
10 11 86.882
10 12 8.0
10 13 33.0
10 14 25.321
10 15 19.42
10 16 14.19
10 19 34.865
10 20 85.0
10 21 3.174
10 22 40.2
10 23 2.8
10 25 62.0
10 27 26.639
10 28 66.058
10 30 87.0
10 31 2.873
10 32 42.86
10 33 64.674
10 37 79.0
10 38 61.01
10 39 84.2
10 40 76.4
10 43 81.25
10 44 74.5
10 45 77.0
10 46 41.79
10 47 89.436
10 48 24.564
10 50 82.512
10 51 73.85
10 52 44.63
10 53 10.15
10 54 86.31
10 56 46.61
10 57 23.0
10 58 48.0
10 60 16.4
10 62 43.0
10 63 70.0
10 64 26.1
10 69 56.31
10 71 87.68
10 72 53.6
10 73 30.885
10 74 53.446
10 75 20.07
10 76 9.0
10 77 49.0
10 78 51.62
10 79 83.8
10 80 96.97
10 81 58.0
10 82 79.87
10 83 72.754
10 84 25.0
10 85 20.0
10 86 12.5
10 87 68.0
10 88 1.0
10 89 34.5
10 90 62.897
11 12 4.31
11 15 19.356
11 16 90.0
11 17 94.1
11 18 1.0
11 19 23.991
11 20 79.8
11 21 30.151
11 22 19.7
11 24 8.618
11 25 59.84
11 26 59.589
11 28 77.4
11 29 2.97
11 30 31.0
11 33 61.29
11 34 58.813
11 35 9.0
11 36 18.0
11 37 98.02
11 39 32.54
11 40 67.0
11 41 47.56
11 42 19.95
11 43 40.0
11 44 89.49
11 45 10.1
11 46 11.0
11 47 66.0
11 48 51.0
11 51 33.7
11 52 62.788
11 53 15.2
11 56 20.5
11 57 75.4
11 58 84.49
11 59 91.0
11 60 57.244
11 61 41.23
11 62 59.0
11 63 18.5
11 64 41.78
11 65 50.9
11 66 90.1
11 67 36.4
11 70 33.0
11 71 9.0
11 72 93.8
11 74 75.0
11 78 18.7
11 79 35.573
11 80 35.2
11 81 48.02
11 82 57.5
11 83 65.09
11 84 89.4
11 86 61.332
11 87 57.13
11 88 22.7
11 90 59.0
12 13 42.514
12 16 49.2
12 17 63.1
12 18 95.39
12 19 71.968
12 21 55.03
12 23 14.0
12 24 4.1
12 25 15.9
12 26 96.3
12 28 41.5
12 29 44.2
12 30 33.22
12 31 86.59
12 33 59.3
12 34 16.4
12 35 87.2
12 36 34.8
12 38 56.056
12 39 41.84
12 42 22.88
12 43 25.01
12 44 5.7
12 45 12.54
12 46 80.6
12 48 5.0
12 51 87.367
12 54 79.932
12 55 45.066
12 57 30.8
12 59 93.0
12 60 7.0
12 62 2.0
12 63 73.35
12 64 15.0
12 65 13.0
12 66 42.859
12 68 15.5
12 69 38.0
12 70 17.3
12 71 15.632
12 72 55.0
12 73 31.0
12 74 90.0
12 75 50.7
12 76 67.86
12 77 44.099
12 79 45.0
12 82 19.64
12 84 12.6
12 85 43.82
12 86 16.2
12 87 59.388
12 88 42.65
12 89 12.0
12 90 23.84
13 15 54.527
13 16 36.7
13 17 15.76
13 18 75.0
13 23 87.467
13 25 61.124
13 26 90.43
13 27 67.1
13 28 74.95
13 30 29.954
13 31 70.0
13 33 77.64
13 34 30.831
13 35 33.82
13 36 22.0
13 38 3.0
13 39 79.207
13 40 46.0
13 41 5.542
13 44 22.313
13 45 27.03
13 46 66.14
13 47 41.0
13 48 63.2
13 49 20.43
13 50 40.63
13 57 57.0
13 61 5.7
13 62 63.148
13 63 73.0
13 65 20.0
13 66 94.0
13 67 98.829
13 68 54.461
13 69 83.0
13 70 24.0
13 71 85.0
13 72 51.871
13 73 76.38
13 74 2.21
13 77 69.6
13 78 45.0
13 79 80.5
13 80 84.2
13 81 47.275
13 82 28.512
13 83 77.0
13 84 43.2
13 86 49.231
13 88 95.244
13 89 71.0
13 90 94.382
14 16 84.69
14 17 26.7
14 18 40.7
14 19 25.43
14 20 78.0
14 21 25.164
14 22 90.0
14 24 67.0
14 25 78.87
14 26 59.3
14 27 90.5
14 28 96.987
14 29 46.69
14 30 93.452
14 31 23.0
14 32 72.0
14 33 10.0
14 35 48.497
14 36 90.0
14 37 66.0
14 38 2.991
14 39 83.0
14 40 43.89
14 41 40.3
14 42 72.3
14 43 86.7
14 45 43.01
14 46 65.95
14 48 46.1
14 50 43.7
14 51 26.592
14 52 66.3
14 53 51.557
14 56 14.0
14 57 37.0
14 58 83.978
14 60 77.82
14 63 4.0
14 64 26.8
14 67 61.0
14 69 13.0
14 70 49.0
14 71 84.03
14 72 78.0
14 74 55.063
14 75 10.65
14 78 73.5
14 79 79.0
14 80 74.0
14 81 77.27
14 82 14.9
14 83 9.0
14 84 41.7
14 87 60.0
14 88 39.0
14 89 39.624
14 90 64.42
15 17 35.08
15 20 83.83
15 21 35.435
15 22 3.0
15 23 82.45
15 24 23.7
15 25 65.7
15 26 64.873
15 27 42.81
15 28 72.32
15 29 22.826
15 30 38.51
15 31 58.98
15 33 71.55
15 34 36.1
15 35 23.222
15 38 75.351
15 39 54.9
15 40 65.3
15 42 52.04
15 44 24.0
15 45 97.636
15 46 7.66
15 48 92.72
15 50 53.7
15 51 18.0
15 54 56.474
15 55 2.1
15 56 94.9
15 57 6.2
15 58 75.1
15 59 16.0
15 60 87.506
15 62 11.54
15 63 4.0
15 65 30.894
15 67 61.0
15 68 78.0
15 69 3.1
15 70 34.2
15 71 73.8
15 73 7.24
15 74 29.1
15 75 36.23
15 77 63.0
15 79 4.934
15 80 28.63
15 84 46.0
15 86 87.6
15 87 48.57
15 88 30.403
15 90 61.647
16 17 56.0
16 19 25.0
16 20 31.0
16 21 18.0
16 22 51.0
16 23 92.1
16 24 38.475
16 26 41.687
16 27 89.972
16 29 1.075
16 30 95.45
16 32 2.0
16 34 57.402
16 36 55.964
16 37 36.9
16 39 12.0
16 42 47.6
16 43 97.214
16 44 61.0
16 46 5.05
16 48 51.0
16 49 73.443
16 51 69.556
16 52 48.022
16 53 35.67
16 54 77.972
16 55 72.0
16 56 15.775
16 58 61.0
16 59 85.1
16 60 66.26
16 61 56.0
16 62 64.0
16 63 90.0
16 64 50.272
16 66 39.37
16 68 21.3
16 69 75.897
16 70 38.56
16 71 22.1
16 72 78.6
16 73 6.28
16 74 51.0
16 75 56.0
16 77 74.94
16 79 6.63
16 81 77.3
16 82 73.339
16 83 32.4
16 86 30.3
16 87 59.0
16 88 21.0
16 89 74.0
16 90 10.0
17 18 40.0
17 20 72.0
17 21 81.608
17 22 76.0
17 23 28.26
17 24 51.1
17 25 73.409
17 26 85.936
17 27 23.4
17 28 72.78
17 29 63.0
17 30 58.834
17 31 87.0
17 32 2.33
17 36 35.3
17 38 76.0
17 39 95.02
17 40 44.321
17 41 1.13
17 42 72.773
17 43 97.0
17 44 97.6
17 45 77.745
17 46 59.67
17 47 53.872
17 48 60.0
17 49 14.834
17 50 38.0
17 51 92.0
17 52 69.0
17 53 80.15
17 54 85.0
17 55 14.7
17 56 23.0
17 58 14.68
17 59 18.0
17 60 4.49
17 61 84.0
17 62 18.4
17 63 37.2
17 64 69.35
17 65 93.47
17 66 34.0
17 68 94.751
17 69 20.0
17 72 86.27
17 73 80.293
17 74 92.543
17 75 98.127
17 76 68.0
17 77 1.8
17 78 4.2
17 79 4.0
17 80 82.349
17 81 85.51
17 82 80.7
17 84 44.5
17 85 36.9
17 86 7.15
17 87 2.0
17 88 44.007
18 19 91.951
18 21 68.47
18 22 51.0
18 23 27.0
18 24 81.0
18 25 74.0
18 26 62.0
18 27 92.958
18 28 29.0
18 29 78.347
18 31 91.14
18 32 92.0
18 33 54.803
18 34 97.02
18 35 34.677
18 38 87.623
18 39 92.0
18 40 12.0
18 41 40.819
18 42 88.6
18 43 76.0
18 44 50.0
18 46 73.29
18 47 79.51
18 48 22.699
18 49 71.8
18 50 35.0
18 51 67.52
18 52 37.686
18 53 76.0
18 54 7.0
18 55 22.73
18 56 67.2
18 57 47.27
18 58 94.828
18 59 54.315
18 60 13.177
18 62 74.0
18 63 32.31
18 64 24.844
18 65 43.7
18 66 33.571
18 67 20.0
18 68 79.717
18 69 9.0
18 70 37.12
18 71 28.0
18 72 35.8
18 73 38.0
18 74 7.7
18 75 73.0
18 76 17.1
18 78 86.0
18 79 43.394
18 81 85.2
18 83 32.351
18 84 7.4
18 85 80.262
18 86 65.0
18 87 10.5
18 88 81.3
18 89 48.06
18 90 66.0
19 21 26.9
19 22 5.0
19 23 15.0
19 24 12.864
19 25 37.0
19 27 55.0
19 28 32.0
19 29 7.776
19 30 3.1
19 31 54.51
19 32 55.2
19 34 55.166
19 35 59.25
19 36 70.088
19 37 14.0
19 38 4.7
19 39 25.0
19 40 51.0
19 42 59.0
19 43 16.0
19 45 82.6
19 46 90.0
19 47 22.0
19 50 90.3
19 51 85.6
19 52 49.0
19 53 22.46
19 54 52.3
19 56 96.98
19 57 3.0
19 58 13.0
19 59 39.321
19 60 30.8
19 61 66.0
19 62 5.01
19 63 82.931
19 65 42.549
19 66 32.668
19 67 57.3
19 68 8.88
19 70 33.909
19 75 13.998
19 77 84.99
19 78 24.26
19 79 24.0
19 80 2.02
19 81 17.0
19 82 66.0
19 83 61.5
19 84 15.0
19 85 60.9
19 86 43.3
19 87 90.441
19 88 27.25
19 89 70.163
19 90 77.0
20 24 83.955
20 25 58.85
20 26 95.3
20 27 12.508
20 28 47.1
20 29 25.17
20 30 21.41
20 31 50.1
20 32 74.0
20 33 44.8
20 34 71.8
20 35 3.26
20 36 13.0
20 37 67.86
20 38 57.331
20 39 95.0
20 40 87.57
20 41 59.5
20 42 69.7
20 43 15.437
20 44 95.6
20 46 94.9
20 47 85.88
20 48 10.317
20 49 27.6
20 50 19.29
20 53 90.0
20 55 97.6
20 57 79.2
20 58 40.58
20 61 38.0
20 62 15.79
20 65 92.047
20 66 11.0
20 68 68.6
20 69 75.195
20 72 85.45
20 73 83.0
20 75 11.0
20 79 43.105
20 81 13.0
20 84 19.135
20 87 38.683
20 88 27.0
21 22 56.0
21 23 49.8
21 24 55.8
21 25 86.3
21 26 25.0
21 27 54.0
21 28 13.0
21 29 11.0
21 30 66.0
21 31 65.0
21 32 63.0
21 33 2.7
21 36 1.8
21 37 39.4
21 38 83.526
21 43 58.95
21 44 11.0
21 45 19.0
21 46 94.641
21 47 64.38
21 49 81.0
21 51 5.275
21 53 36.64
21 54 88.3
21 55 76.0
21 56 7.616
21 57 18.77
21 58 40.865
21 59 16.6
21 60 29.7
21 61 19.75
21 62 12.9
21 63 94.52
21 64 78.0
21 65 89.7
21 66 54.7
21 67 7.5
21 68 32.73
21 69 32.028
21 70 19.8
21 71 94.804
21 72 48.3
21 74 93.456
21 75 88.0
21 76 95.879
21 77 45.4
21 78 79.737
21 80 59.0
21 81 14.595
21 82 38.15
21 83 64.821
21 86 5.5
21 88 78.0
21 89 39.0
21 90 31.224
22 24 92.08
22 25 50.19
22 26 55.57
22 27 53.65
22 28 54.0
22 29 37.762
22 30 31.0
22 31 36.924
22 32 27.3
22 33 2.18
22 34 17.0
22 35 66.6
22 36 18.14
22 37 30.0
22 38 11.27
22 39 49.1
22 41 36.3
22 42 18.3
22 44 91.307
22 45 44.0
22 46 59.0
22 49 29.44
22 50 54.669
22 52 82.9
22 53 28.426
22 54 21.4
22 55 34.751
22 56 47.8
22 57 91.1
22 58 25.4
22 59 65.127
22 60 14.03
22 61 23.5
22 62 26.1
22 63 23.43
22 64 35.0
22 65 78.3
22 67 27.0
22 68 77.0
22 69 10.0
22 72 78.5
22 73 91.813
22 76 91.0
22 78 69.5
22 81 38.1
22 85 30.725
22 86 48.715
22 87 76.1
22 88 4.82
22 89 68.0
22 90 35.63
23 24 53.3
23 27 19.0
23 28 3.7
23 29 82.7
23 31 29.3
23 32 70.7
23 33 23.0
23 34 11.69
23 35 75.07
23 37 6.0
23 39 71.492
23 40 85.8
23 41 87.966
23 42 57.0
23 43 95.036
23 44 17.57
23 47 77.6
23 49 29.31
23 51 97.8
23 52 92.3
23 53 3.0
23 54 89.8
23 55 26.4
23 56 45.36
23 57 37.394
23 58 61.6
23 59 69.45
23 60 62.09
23 61 37.77
23 64 57.0
23 65 97.52
23 67 13.0
23 68 86.6
23 69 43.1
23 70 8.0
23 71 43.3
23 72 84.485
23 73 22.3
23 74 27.0
23 75 40.0
23 76 42.873
23 77 13.3
23 78 34.0
23 80 93.441
23 81 38.713
23 82 12.594
23 83 45.53
23 84 4.683
23 85 65.272
23 86 43.34
23 87 14.064
23 88 69.35
23 89 3.8
23 90 57.69
24 26 79.604
24 27 15.019
24 28 98.0
24 30 79.7
24 31 45.0
24 33 1.508
24 34 3.181
24 35 56.8
24 36 97.3
24 37 69.21
24 38 55.6
24 39 79.0
24 41 30.65
24 42 65.6
24 43 8.98
24 45 69.511
24 46 72.9
24 47 3.6
24 48 35.1
24 49 37.07
24 50 28.76
24 51 97.27
24 52 98.0
24 54 96.63
24 55 50.31
24 56 2.71
24 57 8.19
24 58 54.2
24 60 54.0
24 61 39.76
24 62 46.067
24 63 35.106
24 64 96.0
24 65 74.66
24 66 65.0
24 67 42.521
24 68 75.14
24 69 84.323
24 70 24.0
24 71 87.3
24 72 21.693
24 75 14.46
24 76 33.3
24 77 93.0
24 78 35.918
24 79 73.0
24 80 23.0
24 81 97.0
24 83 24.1
24 84 67.29
24 85 25.0
24 86 20.0
24 87 39.2
24 88 71.7
24 89 40.84
25 26 5.53
25 27 12.9
25 28 98.933
25 29 2.0
25 30 76.3
25 34 81.0
25 35 32.15
25 37 98.0
25 38 47.02
25 39 83.0
25 41 85.0
25 42 97.95
25 44 34.606
25 45 25.8
25 46 65.0
25 47 2.0
25 48 39.178
25 52 37.8
25 53 38.1
25 54 98.0
25 55 9.1
25 57 4.9
25 58 95.399
25 59 80.8
25 62 89.0
25 65 65.266
25 66 20.312
25 71 35.9
25 72 67.327
25 74 61.0
25 75 82.46
25 76 56.0
25 77 36.0
25 80 95.5
25 81 8.0
25 84 98.9
25 85 40.0
25 87 94.1
25 88 8.8
25 89 43.598
25 90 95.82
26 27 14.59
26 28 7.0
26 31 4.501
26 32 15.98
26 33 43.0
26 34 57.13
26 35 16.532
26 36 35.0
26 37 66.85
26 38 76.493
26 39 44.0
26 40 23.69
26 41 23.8
26 42 89.871
26 44 27.18
26 45 9.0
26 47 79.2
26 48 32.0
26 49 97.1
26 51 17.5
26 52 68.0
26 53 64.0
26 55 86.806
26 56 96.18
26 57 55.899
26 58 47.783
26 59 9.91
26 61 55.918
26 62 65.53
26 63 12.6
26 65 8.84
26 66 18.313
26 67 40.503
26 68 54.1
26 69 66.17
26 70 63.44
26 71 55.1
26 72 72.159
26 74 30.0
26 77 19.72
26 79 76.46
26 82 39.0
26 83 47.008
26 84 63.0
26 85 61.0
26 87 84.06
26 88 94.418
27 28 35.0
27 30 6.7
27 31 33.0
27 33 3.236
27 34 28.0
27 36 7.1
27 37 2.5
27 38 12.8
27 39 22.305
27 41 3.237
27 43 53.433
27 44 37.3
27 45 69.206
27 46 54.0
27 47 91.0
27 48 78.19
27 49 82.146
27 51 26.31
27 53 10.872
27 56 98.4
27 57 48.16
27 58 19.78
27 61 15.0
27 62 90.0
27 63 6.0
27 64 61.9
27 66 19.3
27 67 43.388
27 68 94.88
27 69 40.0
27 71 22.3
27 72 78.359
27 74 47.09
27 75 81.96
27 76 44.103
27 79 70.9
27 80 28.809
27 81 97.98
27 82 78.8
27 83 37.26
27 84 22.0
27 85 12.0
27 86 13.6
27 87 21.858
27 88 25.423
27 89 74.0
27 90 58.6
28 30 64.607
28 31 29.681
28 32 7.0
28 33 67.851
28 35 19.1
28 37 50.55
28 38 98.477
28 40 65.99
28 41 75.2
28 43 15.7
28 45 89.53
28 47 42.5
28 48 71.5
28 49 63.88
28 51 41.1
28 52 73.01
28 53 81.0
28 54 45.551
28 55 2.0
28 57 90.7
28 59 72.4
28 61 36.243
28 62 65.38
28 63 11.204
28 64 96.261
28 66 94.2
28 67 28.67
28 70 22.9
28 71 27.0
28 72 45.7
28 73 69.25
28 74 52.218
28 75 22.873
28 76 67.84
28 77 36.93
28 79 50.675
28 80 47.3
28 83 7.0
28 84 45.2
28 85 4.0
28 86 3.234
28 87 86.89
28 88 94.84
28 90 4.0
29 30 40.35
29 31 92.898
29 32 26.609
29 33 48.475
29 34 50.28
29 35 60.0
29 36 80.33
29 37 39.1
29 38 32.0
29 41 98.239
29 42 69.14
29 43 12.0
29 44 8.86
29 45 35.0
29 47 28.0
29 48 59.249
29 49 48.9
29 50 56.0
29 52 69.0
29 54 85.0
29 55 44.127
29 56 23.0
29 57 59.0
29 58 86.6
29 59 9.0
29 60 51.915
29 62 56.032
29 64 83.659
29 65 63.203
29 68 33.0
29 69 39.199
29 70 64.0
29 71 70.155
29 74 51.0
29 75 57.462
29 76 98.702
29 77 33.91
29 79 37.0
29 80 6.093
29 81 41.0
29 82 1.1
29 84 53.6
29 85 63.0
29 87 76.531
29 88 49.1
29 89 60.0
30 31 65.27
30 32 38.68
30 33 47.77
30 34 93.0
30 36 86.57
30 38 34.2
30 39 14.574
30 40 82.2
30 41 15.2
30 42 8.9
30 43 60.0
30 44 86.0
30 46 44.34
30 47 73.278
30 48 24.312
30 50 1.04
30 51 63.0
30 52 72.1
30 53 90.5
30 54 21.59
30 55 53.23
30 56 90.0
30 57 86.2
30 58 78.976
30 59 85.0
30 60 15.4
30 64 17.0
30 67 75.6
30 68 79.33
30 69 39.96
30 70 66.91
30 71 25.618
30 73 12.7
30 74 34.022
30 76 48.7
30 77 84.47
30 78 87.9
30 79 85.76
30 80 5.29
30 81 74.295
30 83 37.257
30 84 71.5
30 85 5.04
30 86 84.595
30 87 60.101
30 88 74.422
30 89 56.0
30 90 8.58
31 33 13.189
31 34 23.8
31 37 90.0
31 38 45.0
31 42 64.51
31 43 29.0
31 44 16.632
31 46 75.64
31 47 31.0
31 48 31.8
31 49 24.879
31 50 49.0
31 51 17.961
31 52 35.0
31 53 40.3
31 54 87.47
31 56 85.422
31 57 75.414
31 59 75.0
31 60 82.0
31 61 61.0
31 62 7.452
31 63 15.996
31 64 18.74
31 65 51.01
31 67 56.0
31 69 47.7
31 74 82.531
31 75 14.8
31 76 46.4
31 78 75.24
31 79 64.46
31 80 40.0
31 81 42.544
31 83 40.456
31 84 48.0
31 86 22.0
31 87 5.8
31 88 39.412
31 90 76.07
32 33 28.1
32 34 98.3
32 35 2.155
32 36 61.693
32 37 82.0
32 39 45.83
32 40 15.95
32 42 87.0
32 43 26.0
32 44 48.82
32 46 91.0
32 47 93.112
32 48 75.0
32 49 63.295
32 50 23.7
32 53 52.2
32 54 46.0
32 55 31.888
32 56 73.211
32 57 2.66
32 58 97.0
32 59 81.632
32 60 70.0
32 61 47.0
32 63 88.0
32 64 15.5
32 65 42.0
32 66 84.0
32 67 8.5
32 69 24.981
32 71 21.719
32 72 1.08
32 73 53.0
32 74 66.0
32 75 73.28
32 76 4.305
32 78 22.599
32 79 24.0
32 80 29.799
32 81 81.835
32 82 17.59
32 83 27.9
32 84 29.6
32 85 55.958
32 86 62.191
32 87 71.79
32 88 67.0
32 89 22.14
32 90 50.9
33 34 8.0
33 35 41.021
33 37 91.0
33 38 39.182
33 39 26.908
33 40 51.12
33 41 35.83
33 42 8.447
33 44 86.199
33 47 70.901
33 48 1.5
33 50 29.606
33 51 16.0
33 52 21.0
33 53 21.0
33 54 3.3
33 55 52.612
33 56 4.13
33 57 9.1
33 58 62.41
33 61 44.012
33 62 25.5
33 63 17.9
33 64 54.227
33 65 77.21
33 66 68.0
33 67 55.23
33 68 3.34
33 69 22.602
33 71 3.0
33 72 23.0
33 73 43.32
33 74 90.03
33 75 70.602
33 76 53.0
33 77 56.0
33 78 94.0
33 80 82.302
33 82 49.7
33 83 10.0
33 84 53.9
33 85 97.41
33 86 1.43
33 87 34.79
33 88 6.787
34 35 25.0
34 36 50.9
34 38 89.3
34 39 27.007
34 40 4.0
34 42 2.8
34 43 39.0
34 44 14.927
34 46 75.0
34 47 40.0
34 49 33.0
34 50 26.16
34 51 3.92
34 52 39.634
34 53 22.0
34 54 85.18
34 55 64.0
34 57 42.175
34 59 78.0
34 60 19.1
34 61 79.4
34 62 23.28
34 66 52.0
34 67 71.0
34 68 65.675
34 70 9.26
34 71 43.025
34 73 13.161
34 74 80.0
34 75 92.4
34 77 55.1
34 78 82.6
34 79 88.3
34 80 40.0
34 81 45.0
34 82 75.6
34 83 20.0
34 84 23.84
34 86 35.0
34 88 59.5
34 89 30.03
34 90 9.3
35 37 87.952
35 38 68.1
35 39 66.0
35 40 61.7
35 41 41.69
35 42 13.382
35 43 96.0
35 45 27.8
35 46 39.89
35 47 17.0
35 48 31.0
35 49 90.44
35 50 36.62
35 52 82.624
35 53 4.382
35 55 76.318
35 56 55.0
35 57 73.4
35 58 22.201
35 59 12.0
35 60 51.812
35 61 41.1
35 62 19.52
35 63 82.0
35 65 22.14
35 67 96.0
35 68 83.25
35 69 35.03
35 70 73.46
35 72 64.825
35 73 72.0
35 74 58.41
35 75 79.43
35 78 28.092
35 80 72.0
35 81 15.913
35 82 75.037
35 83 40.0
35 85 85.0
35 86 86.084
35 88 62.262
35 89 36.9
35 90 20.594
36 37 3.0
36 38 76.0
36 39 80.38
36 41 15.641
36 42 97.0
36 45 24.89
36 47 31.0
36 49 25.95
36 50 38.35
36 51 63.0
36 52 69.04
36 53 1.1
36 54 53.0
36 55 89.73
36 56 93.25
36 57 78.73
36 58 97.55
36 61 59.354
36 62 87.0
36 63 57.0
36 64 12.0
36 65 86.5
36 66 82.0
36 67 27.0
36 70 20.0
36 71 57.0
36 72 92.776
36 73 15.334
36 74 54.78
36 77 26.39
36 78 32.41
36 79 60.0
36 81 51.417
36 82 98.658
36 84 16.01
36 85 73.04
36 88 16.87
36 89 46.34
36 90 95.743
37 38 93.4
37 39 36.341
37 40 8.061
37 41 8.35
37 44 16.2
37 46 95.844
37 48 97.856
37 49 94.301
37 50 57.67
37 52 84.93
37 56 30.39
37 57 49.5
37 58 79.0
37 61 28.18
37 62 39.7
37 63 87.91
37 65 66.02
37 67 48.0
37 68 68.0
37 71 46.1
37 72 77.987
37 73 82.9
37 74 36.0
37 75 25.3
37 76 37.118
37 77 94.0
37 78 15.29
37 79 46.0
37 80 88.0
37 81 65.2
37 82 42.679
37 83 71.0
37 84 7.6
37 85 83.559
37 86 52.637
37 87 14.73
38 43 95.72
38 45 37.3
38 46 95.0
38 48 80.0
38 49 69.7
38 50 73.3
38 51 10.0
38 52 47.762
38 53 75.3
38 55 60.42
38 56 83.0
38 57 54.758
38 58 91.37
38 59 30.0
38 60 73.0
38 63 50.5
38 64 95.7
38 65 31.896
38 66 27.0
38 67 14.26
38 68 92.17
38 69 22.0
38 71 70.8
38 74 53.005
38 75 89.758
38 79 20.0
38 81 4.045
38 82 95.0
38 83 45.45
38 84 28.9
38 86 23.23
38 90 24.0
39 40 8.16
39 41 81.0
39 42 75.9
39 44 15.51
39 45 96.0
39 46 16.0
39 48 33.0
39 49 41.955
39 50 26.888
39 51 43.5
39 52 34.65
39 53 48.3
39 54 67.26
39 55 21.7
39 56 57.744
39 58 68.13
39 59 82.281
39 60 69.0
39 61 56.7
39 62 33.13
39 63 84.804
39 64 7.54
39 65 83.766
39 66 32.508
39 67 63.3
39 68 2.33
39 70 61.0
39 71 28.59
39 74 95.96
39 75 38.6
39 76 40.201
39 77 93.5
39 78 67.0
39 79 84.17
39 81 83.2
39 82 59.0
39 83 91.0
39 84 60.0
39 85 58.0
39 86 28.05
39 87 93.9
39 88 94.1
39 90 77.856
40 41 2.0
40 42 84.0
40 43 85.7
40 44 77.027
40 46 13.133
40 48 46.878
40 50 91.98
40 51 30.258
40 52 21.79
40 53 44.0
40 55 2.0
40 56 18.34
40 58 71.01
40 61 84.0
40 62 2.37
40 65 17.99
40 66 56.0
40 67 53.93
40 68 93.0
40 69 24.7
40 71 52.63
40 72 99.0
40 73 15.43
40 75 23.182
40 76 48.03
40 77 78.8
40 79 18.67
40 80 30.0
40 81 6.7
40 83 15.846
40 85 84.03
40 86 58.2
40 87 59.06
40 88 17.63
40 89 76.108
40 90 76.98
41 43 38.4
41 44 71.403
41 45 66.517
41 48 90.0
41 49 84.9
41 50 59.401
41 51 88.3
41 52 19.0
41 54 94.0
41 55 39.625
41 57 90.698
41 58 38.066
41 59 9.3
41 60 26.79
41 62 16.164
41 64 69.0
41 65 15.7
41 66 17.0
41 67 65.0
41 69 54.246
41 70 95.406
41 71 80.0
41 72 38.0
41 73 86.22
41 74 14.0
41 75 83.72
41 76 52.9
41 77 35.9
41 78 55.042
41 79 47.24
41 80 69.0
41 81 91.0
41 82 84.43
41 83 8.8
41 84 83.0
41 86 41.0
41 87 58.938
41 89 13.67
41 90 83.0
42 43 91.935
42 44 83.0
42 45 46.83
42 46 90.0
42 47 27.49
42 48 42.0
42 49 76.0
42 50 70.9
42 51 84.0
42 52 77.4
42 53 31.0
42 54 13.0
42 55 99.0
42 57 25.378
42 58 93.0
42 59 41.864
42 60 43.57
42 63 70.72
42 64 78.556
42 65 50.086
42 66 3.061
42 67 51.654
42 68 40.591
42 69 3.22
42 70 95.758
42 72 10.0
42 73 62.65
42 74 51.11
42 76 24.0
42 77 29.0
42 79 70.4
42 80 5.9
42 81 12.7
42 83 14.9
42 84 66.0
42 86 85.0
42 87 24.0
42 88 94.0
42 89 46.4
42 90 72.821
43 44 70.4
43 45 92.3
43 47 21.939
43 48 11.94
43 49 5.93
43 50 30.09
43 51 51.0
43 54 29.0
43 55 51.9
43 57 36.032
43 58 38.2
43 59 45.5
43 60 93.14
43 61 52.7
43 62 84.0
43 63 19.911
43 64 10.0
43 65 68.53
43 67 13.66
43 68 70.1
43 70 84.0
43 71 11.484
43 73 14.156
43 74 96.0
43 75 54.0
43 76 7.9
43 77 58.6
43 78 18.0
43 80 25.4
43 81 21.2
43 82 53.7
43 83 90.5
43 86 46.0
43 87 69.0
43 90 59.139
44 46 78.32
44 47 76.29
44 49 22.84
44 51 6.1
44 54 35.0
44 55 98.0
44 56 53.36
44 57 24.4
44 59 73.11
44 60 9.559
44 61 81.8
44 63 68.8
44 65 44.19
44 67 32.57
44 69 75.0
44 70 22.0
44 71 76.01
44 73 36.686
44 75 42.4
44 76 42.0
44 77 96.7
44 78 12.59
44 79 58.49
44 80 67.3
44 81 65.92
44 82 86.0
44 84 54.6
44 85 92.73
44 86 41.0
44 87 11.0
45 47 93.0
45 48 37.9
45 49 88.683
45 51 97.649
45 56 5.467
45 57 60.0
45 58 81.52
45 59 56.8
45 60 60.43
45 61 98.82
45 62 43.0
45 63 37.418
45 66 83.63
45 68 52.56
45 69 62.0
45 70 7.197
45 71 76.602
45 72 88.0
45 73 62.2
45 74 30.075
45 76 4.717
45 77 34.0
45 78 55.41
45 80 96.38
45 81 58.074
45 82 67.06
45 83 46.0
45 84 70.0
45 86 6.21
45 87 28.55
45 88 85.0
45 89 51.0
45 90 56.17
46 47 45.383
46 51 5.6
46 52 94.6
46 54 24.0
46 55 72.7
46 56 22.9
46 59 59.556
46 60 56.633
46 62 92.209
46 63 40.166
46 65 47.0
46 66 29.0
46 67 68.888
46 68 97.05
46 69 61.65
46 71 45.0
46 72 93.0
46 73 21.29
46 77 91.0
46 81 63.0
46 83 46.5
46 84 41.0
46 85 17.37
46 86 42.9
46 87 68.0
46 88 67.0
46 89 78.3
46 90 29.4
47 49 47.27
47 51 90.49
47 52 21.004
47 55 76.0
47 56 33.3
47 57 82.5
47 58 53.0
47 59 88.47
47 60 93.4
47 61 19.0
47 62 86.2
47 63 45.0
47 64 70.102
47 65 41.0
47 66 14.0
47 68 82.57
47 69 27.0
47 70 8.8
47 71 37.112
47 72 2.4
47 74 55.93
47 76 2.36
47 77 48.0
47 78 38.905
47 79 43.0
47 81 68.955
47 82 4.0
47 83 86.936
47 84 5.623
47 86 79.8
47 88 89.95
47 89 74.051
48 49 37.34
48 50 36.7
48 51 8.37
48 52 12.8
48 54 69.77
48 55 33.05
48 56 50.174
48 57 56.64
48 58 82.6
48 60 60.0
48 61 76.468
48 62 68.225
48 63 44.0
48 64 25.3
48 65 44.209
48 66 35.26
48 70 8.0
48 71 49.0
48 73 18.0
48 76 69.15
48 77 44.0
48 79 21.778
48 81 67.0
48 82 77.56
48 85 76.0
48 88 92.368
48 89 30.0
48 90 45.31
49 50 93.0
49 51 52.7
49 53 40.17
49 54 65.702
49 56 64.16
49 57 75.3
49 58 93.5
49 60 79.0
49 61 51.55
49 62 55.44
49 63 93.0
49 67 74.0
49 68 53.451
49 69 36.96
49 70 24.625
49 71 80.0
49 72 27.5
49 73 84.097
49 75 24.917
49 76 13.2
49 77 31.712
49 78 65.76
49 79 29.21
49 80 93.64
49 82 31.0
49 83 47.22
49 84 45.86
49 85 2.46
49 86 63.13
49 87 14.028
49 89 16.283
49 90 22.0
50 51 36.0
50 52 62.5
50 53 76.93
50 54 21.95
50 55 17.1
50 56 34.6
50 57 30.9
50 58 70.48
50 59 65.701
50 61 7.0
50 62 15.689
50 63 71.0
50 65 90.42
50 66 50.621
50 68 75.4
50 69 33.6
50 70 67.777
50 72 38.72
50 73 40.4
50 75 12.129
50 76 7.398
50 77 87.0
50 78 72.51
50 79 17.0
50 81 9.537
50 82 68.3
50 83 41.82
50 85 1.537
50 86 92.7
50 88 85.0
50 90 45.57
51 52 73.68
51 54 47.522
51 55 51.1
51 58 27.9
51 59 61.79
51 60 54.46
51 61 2.168
51 63 60.2
51 64 37.0
51 65 9.0
51 70 70.0
51 72 24.653
51 73 70.7
51 75 46.6
51 76 86.0
51 77 73.0
51 78 70.978
51 79 30.186
51 80 22.67
51 81 50.72
51 82 80.0
51 83 77.07
51 84 34.3
51 85 69.0
51 89 20.2
51 90 81.02
52 53 26.66
52 54 69.34
52 56 87.9
52 57 69.6
52 58 27.5
52 59 13.892
52 62 65.128
52 63 2.2
52 65 87.186
52 67 52.296
52 68 28.186
52 69 11.409
52 72 9.0
52 73 78.2
52 74 7.734
52 76 70.225
52 77 11.05
52 78 64.013
52 79 49.412
52 80 59.0
52 83 82.067
52 85 18.0
52 86 60.72
52 87 91.49
52 88 79.0
52 90 57.268
53 54 80.87
53 55 43.5
53 59 49.0
53 60 68.98
53 61 45.22
53 62 27.7
53 65 20.54
53 67 15.7
53 68 15.8
53 69 63.737
53 70 87.0
53 71 13.0
53 72 96.2
53 74 69.0
53 75 80.6
53 77 4.12
53 78 50.661
53 79 90.926
53 80 3.44
53 81 30.644
53 82 90.933
53 84 45.5
53 87 65.2
53 88 49.6
54 55 73.445
54 56 15.0
54 57 55.684
54 58 27.568
54 59 3.498
54 61 72.305
54 64 81.08
54 65 3.8
54 66 47.643
54 67 68.26
54 68 88.0
54 70 7.99
54 71 31.3
54 72 5.0
54 73 31.7
54 74 59.6
54 75 18.02
54 76 80.754
54 77 3.89
54 79 17.17
54 81 62.64
54 82 82.7
54 83 7.2
54 84 30.68
54 85 29.9
54 86 22.0
54 87 18.1
54 88 8.0
54 89 36.871
54 90 5.746
55 56 88.8
55 57 43.0
55 58 65.267
55 59 50.0
55 60 21.508
55 61 24.0
55 62 57.0
55 63 25.607
55 64 56.2
55 65 18.88
55 67 66.324
55 68 59.1
55 69 59.14
55 70 17.36
55 72 90.767
55 74 75.125
55 75 95.7
55 76 90.0
55 77 17.0
55 78 71.043
55 79 54.04
55 80 68.852
55 81 92.76
55 82 41.0
55 84 8.5
55 85 10.16
55 86 69.0
55 89 11.432
56 58 83.82
56 59 22.9
56 60 26.216
56 61 38.0
56 62 12.0
56 63 98.673
56 66 53.226
56 67 26.81
56 69 85.75
56 70 2.1
56 71 24.2
56 72 10.8
56 77 96.041
56 78 8.02
56 79 73.7
56 80 34.367
56 81 45.966
56 82 71.38
56 83 73.1
56 84 75.73
56 85 74.0
56 86 60.4
56 87 26.7
56 88 56.7
56 89 22.0
56 90 78.0
57 59 39.38
57 60 80.4
57 62 42.89
57 63 39.829
57 64 67.0
57 67 81.242
57 68 31.091
57 70 55.98
57 71 74.0
57 73 66.438
57 74 60.0
57 75 90.03
57 76 92.151
57 77 58.0
57 78 81.6
57 79 77.0
57 80 26.9
57 82 9.89
57 83 64.79
57 84 7.8
57 85 44.0
57 87 55.0
57 88 32.8
57 89 36.8
58 59 45.0
58 61 68.22
58 62 78.95
58 64 81.6
58 66 91.04
58 67 32.63
58 69 28.38
58 70 14.498
58 72 69.1
58 73 88.0
58 74 75.0
58 75 40.78
58 76 1.842
58 77 74.172
58 78 1.8
58 79 80.9
58 80 50.498
58 81 50.5
58 82 62.09
58 83 14.1
58 85 55.0
58 86 89.0
58 87 59.4
58 88 52.36
58 89 93.7
58 90 17.424
59 61 50.0
59 63 80.429
59 65 2.689
59 67 17.07
59 68 46.9
59 69 78.6
59 70 1.1
59 72 14.983
59 73 88.8
59 74 97.5
59 75 50.0
59 77 73.0
59 78 90.0
59 80 95.0
59 85 73.613
59 86 9.25
59 89 26.7
60 61 10.0
60 62 47.014
60 63 44.0
60 64 29.771
60 65 1.96
60 66 17.4
60 67 63.3
60 68 78.0
60 70 63.0
60 71 61.07
60 74 68.512
60 75 92.567
60 78 47.026
60 79 72.426
60 81 40.9
60 83 35.6
60 85 88.4
60 87 96.7
60 88 22.9
60 90 92.253
61 65 15.668
61 67 89.08
61 68 57.46
61 69 33.991
61 70 29.0
61 71 91.0
61 72 63.43
61 74 31.0
61 76 76.0
61 77 61.641
61 78 31.753
61 79 63.0
61 80 33.94
61 81 92.617
61 82 31.6
61 83 23.0
61 84 61.0
61 86 33.76
61 87 18.232
61 89 44.1
61 90 11.0
62 63 48.0
62 64 17.0
62 65 29.86
62 66 56.476
62 67 4.43
62 68 79.0
62 69 56.793
62 70 73.67
62 72 15.88
62 73 4.1
62 75 83.07
62 76 18.4
62 80 55.0
62 81 53.527
62 83 20.562
62 84 28.372
62 86 75.0
62 88 47.9
62 89 51.598
62 90 52.36
63 64 59.0
63 65 53.291
63 67 83.52
63 68 48.2
63 69 42.8
63 70 42.329
63 71 69.55
63 73 87.0
63 74 82.872
63 75 82.0
63 76 90.511
63 77 17.9
63 78 96.0
63 79 12.0
63 80 79.2
63 81 74.0
63 82 59.1
63 83 39.34
63 84 50.0
63 85 13.977
63 87 64.7
63 88 43.0
63 89 94.952
64 65 29.0
64 66 80.851
64 67 89.45
64 69 19.78
64 70 21.0
64 71 31.2
64 72 93.9
64 73 31.0
64 76 1.9
64 77 61.0
64 78 12.5
64 79 82.6
64 80 61.0
64 83 75.0
64 85 7.9
64 86 91.33
64 89 40.263
64 90 54.0
65 66 4.69
65 67 50.22
65 69 12.0
65 70 41.6
65 71 23.231
65 72 67.71
65 74 95.11
65 75 71.193
65 77 51.4
65 78 33.1
65 80 1.9
65 84 53.6
65 86 74.2
65 87 38.204
65 88 13.9
65 89 97.6
65 90 8.162
66 67 43.3
66 68 46.3
66 71 87.2
66 73 61.323
66 76 6.921
66 77 9.1
66 80 22.31
66 83 61.52
66 85 96.815
66 86 59.9
66 87 53.456
66 88 20.9
67 68 2.88
67 70 50.2
67 71 38.2
67 72 67.1
67 74 49.0
67 75 48.8
67 76 95.608
67 78 84.5
67 81 9.2
67 82 70.0
67 84 70.4
67 86 92.2
67 87 18.118
67 88 79.0
67 89 26.012
67 90 31.065
68 69 68.72
68 72 28.6
68 73 92.186
68 74 93.04
68 75 56.272
68 76 68.967
68 77 76.8
68 78 28.0
68 81 48.145
68 82 37.2
68 84 84.15
68 85 82.7
68 88 40.1
68 89 39.0
68 90 80.626
69 70 12.0
69 71 45.1
69 73 49.521
69 74 69.445
69 75 71.1
69 77 26.49
69 79 54.0
69 80 85.61
69 81 87.6
69 82 16.0
69 84 46.385
69 86 17.887
69 87 3.0
69 88 46.9
69 89 41.0
69 90 5.1
70 71 36.2
70 72 22.37
70 75 41.14
70 76 41.64
70 77 26.0
70 79 81.0
70 80 11.5
70 81 62.402
70 85 45.12
70 86 57.221
70 87 26.0
70 88 9.0
70 89 83.3
70 90 1.14
71 72 71.444
71 73 66.099
71 74 96.1
71 75 30.38
71 77 67.675
71 79 67.0
71 81 44.971
71 82 89.42
71 85 9.7
71 86 21.0
71 87 76.0
71 88 15.0
71 89 25.37
71 90 17.63
72 73 2.58
72 75 54.9
72 76 58.0
72 77 48.64
72 78 44.0
72 80 10.088
72 81 29.89
72 82 11.909
72 83 1.76
72 84 48.1
72 85 12.7
72 86 51.0
72 88 69.0
72 90 27.0
73 74 67.8
73 75 37.97
73 76 80.86
73 77 3.2
73 79 76.043
73 80 5.0
73 81 89.387
73 82 11.9
73 83 86.842
73 84 64.4
73 86 67.99
73 87 6.02
73 88 96.009
73 90 83.33
74 75 38.7
74 76 44.93
74 78 2.0
74 79 46.942
74 80 82.67
74 81 62.8
74 82 44.6
74 83 92.263
74 84 45.74
74 86 5.263
74 87 95.0
74 88 47.0
74 89 49.1
74 90 27.2
75 78 11.205
75 80 27.0
75 81 56.0
75 82 94.5
75 83 11.6
75 84 53.0
75 85 56.69
75 86 96.0
75 87 40.6
75 89 37.0
76 77 31.1
76 78 52.14
76 79 16.6
76 80 96.0
76 82 3.0
76 83 4.98
76 85 98.35
76 87 8.826
76 90 38.416
77 78 53.31
77 80 3.4
77 81 44.336
77 82 84.56
77 85 58.0
77 87 94.5
77 88 81.404
77 89 70.0
77 90 71.976
78 80 88.5
78 81 79.13
78 82 97.46
78 83 3.3
78 84 7.12
78 85 82.0
78 86 71.907
78 87 65.0
78 88 4.0
78 89 94.7
78 90 86.0
79 80 33.078
79 82 15.637
79 83 80.525
79 84 10.9
79 85 38.0
79 87 51.282
79 88 39.0
79 89 58.2
79 90 55.35
80 81 74.0
80 82 82.498
80 83 46.0
80 84 9.589
80 85 88.268
80 86 28.0
80 87 39.46
80 89 12.4
80 90 38.5
81 82 33.34
81 83 31.0
81 84 64.0
81 85 70.0
81 87 34.0
81 88 18.0
81 89 98.73
81 90 7.9
82 83 18.23
82 84 15.3
82 86 90.5
82 87 6.0
82 88 62.5
82 89 27.1
82 90 85.39
83 84 11.76
83 85 84.0
83 86 97.5
83 87 77.408
83 88 83.0
83 89 11.0
84 87 60.9
84 89 50.5
85 86 74.1
85 87 58.1
85 88 20.974
85 89 57.0
85 90 98.0
86 87 14.93
86 89 4.73
86 90 46.8
87 88 22.9
87 90 3.098
88 89 38.1
88 90 79.0
89 90 37.0