97
0 11 45
0 14 6
0 24 65
0 30 31
0 33 7
0 34 82
0 36 35
0 46 31
0 53 44
0 54 12
0 56 14
0 61 31
0 63 49
0 67 69
0 82 39
0 84 68
0 86 74
0 88 88
0 89 34
0 94 22
1 22 62
1 24 11
1 25 17
1 26 61
1 29 24
1 30 30
1 42 2
1 46 40
1 51 95
1 53 45
1 54 53
1 55 16
1 58 71
1 63 83
1 66 78
1 68 49
1 71 19
1 72 41
1 77 71
1 80 58
1 91 96
1 92 24
1 94 9
2 3 47
2 6 66
2 7 74
2 9 99
2 10 41
2 11 57
2 13 36
2 14 71
2 33 90
2 35 78
2 37 22
2 39 77
2 43 32
2 44 5
2 50 67
2 53 26
2 55 28
2 64 63
2 66 34
2 67 96
2 68 5
2 77 38
2 79 50
2 81 48
2 82 37
2 85 23
2 89 55
2 92 53
2 93 18
2 94 42
3 5 54
3 14 87
3 18 6
3 25 30
3 29 48
3 30 51
3 31 84
3 32 90
3 34 28
3 41 55
3 44 73
3 46 13
3 49 32
3 51 32
3 53 42
3 54 20
3 59 89
3 60 81
3 61 77
3 65 76
3 66 38
3 69 6
3 72 96
3 80 59
3 83 15
3 84 9
3 86 75
3 92 85
3 96 49
4 5 88
4 6 88
4 10 29
4 11 56
4 13 2
4 14 84
4 15 32
4 16 18
4 20 72
4 21 19
4 26 26
4 28 21
4 31 12
4 33 12
4 34 58
4 44 45
4 52 8
4 54 30
4 57 18
4 58 92
4 63 87
4 66 73
4 81 15
4 94 39
5 8 81
5 10 23
5 14 15
5 22 20
5 23 33
5 25 85
5 26 45
5 33 59
5 36 25
5 37 40
5 39 30
5 42 34
5 43 32
5 44 30
5 45 27
5 53 64
5 56 76
5 59 62
5 63 49
5 65 13
5 68 42
5 74 23
5 76 63
5 77 14
5 78 20
5 79 31
5 80 73
5 81 86
5 90 35
5 91 4
5 93 48
5 95 59
6 7 92
6 8 36
6 13 82
6 14 71
6 15 32
6 17 25
6 24 71
6 25 53
6 26 20
6 27 42
6 30 55
6 32 9
6 36 69
6 37 36
6 39 84
6 53 26
6 56 76
6 63 90
6 64 24
6 70 34
6 77 31
6 85 97
6 88 21
6 89 37
6 94 28
6 95 8
7 13 61
7 14 2
7 15 98
7 19 45
7 21 26
7 22 63
7 23 39
7 24 99
7 33 74
7 48 19
7 52 98
7 53 44
7 59 74
7 64 20
7 65 81
7 66 73
7 67 61
7 69 52
7 72 14
7 79 31
7 85 79
7 87 53
7 89 40
7 91 64
7 93 13
7 95 21
8 11 27
8 20 52
8 27 20
8 30 49
8 39 47
8 43 93
8 51 13
8 56 22
8 59 90
8 61 97
8 62 32
8 68 82
8 69 95
8 74 19
8 78 57
8 83 56
8 84 67
8 86 31
8 87 71
8 96 46
9 17 8
9 21 11
9 26 14
9 28 4
9 36 87
9 41 75
9 46 77
9 49 21
9 51 84
9 62 17
9 64 34
9 71 73
9 72 25
9 76 29
9 77 14
9 79 51
9 82 38
9 84 20
9 89 44
9 91 55
9 92 50
10 12 9
10 18 72
10 19 38
10 20 3
10 24 73
10 26 61
10 36 88
10 38 88
10 40 43
10 42 66
10 47 13
10 51 65
10 55 22
10 59 45
10 61 52
10 70 74
10 72 87
10 73 65
10 74 73
10 75 36
10 78 1
10 80 84
10 82 66
10 83 40
10 89 18
11 15 80
11 29 26
11 32 24
11 35 12
11 37 12
11 40 97
11 45 6
11 48 48
11 54 42
11 55 85
11 57 34
11 59 78
11 60 81
11 63 35
11 67 14
11 68 22
11 71 59
11 78 46
11 83 82
11 86 70
11 89 46
11 90 60
11 92 85
12 17 44
12 18 99
12 19 71
12 21 97
12 22 93
12 25 7
12 31 26
12 35 59
12 37 39
12 42 32
12 45 34
12 46 8
12 52 56
12 63 21
12 69 31
12 71 97
12 78 16
12 79 44
12 80 58
12 81 40
12 84 11
12 86 64
12 91 40
12 94 3
13 14 2
13 16 17
13 22 15
13 26 9
13 27 54
13 35 25
13 36 79
13 37 95
13 41 17
13 45 72
13 46 81
13 51 22
13 55 41
13 57 16
13 64 22
13 66 42
13 67 68
13 69 50
13 73 59
13 84 71
13 87 98
13 88 14
13 92 25
13 93 39
13 95 41
14 16 37
14 18 72
14 24 23
14 26 13
14 36 65
14 38 54
14 41 23
14 51 93
14 52 7
14 57 55
14 62 60
14 64 92
14 68 66
14 71 65
14 73 27
14 74 2
14 80 69
14 87 90
15 18 70
15 29 75
15 32 46
15 34 38
15 36 55
15 37 26
15 46 98
15 52 13
15 56 79
15 67 52
15 76 88
15 78 59
15 80 66
15 82 62
15 84 8
15 86 44
15 88 17
16 18 76
16 21 71
16 25 46
16 29 88
16 33 22
16 42 41
16 43 82
16 56 68
16 66 33
16 79 28
16 82 47
17 18 28
17 19 28
17 20 83
17 21 1
17 23 2
17 26 5
17 31 33
17 33 73
17 46 13
17 51 51
17 53 4
17 55 9
17 56 25
17 59 39
17 60 24
17 64 28
17 74 43
17 84 60
17 94 97
18 19 89
18 25 26
18 29 44
18 31 14
18 33 49
18 35 51
18 40 7
18 50 6
18 61 83
18 63 58
18 67 46
18 75 43
18 79 21
18 80 25
18 82 16
18 84 60
18 86 31
18 87 63
18 89 81
19 20 86
19 22 14
19 23 12
19 27 4
19 29 72
19 36 97
19 37 52
19 42 54
19 43 58
19 46 68
19 54 67
19 57 10
19 59 42
19 66 46
19 67 23
19 72 89
19 73 43
19 74 31
19 78 1
19 80 63
19 81 5
19 85 17
19 86 37
19 90 14
19 91 43
19 93 64
19 95 23
20 25 59
20 26 34
20 29 78
20 34 4
20 42 64
20 49 94
20 50 69
20 54 32
20 59 3
20 61 5
20 70 66
20 75 95
20 76 93
20 80 9
20 81 23
20 83 60
20 85 15
20 87 76
21 24 96
21 26 37
21 27 77
21 28 52
21 30 25
21 31 9
21 32 84
21 35 39
21 36 54
21 39 6
21 41 31
21 46 84
21 49 7
21 50 23
21 58 22
21 62 10
21 66 96
21 68 93
21 71 17
21 76 44
21 85 86
21 87 39
21 88 90
21 90 68
21 91 69
21 93 28
22 23 91
22 24 36
22 25 87
22 26 55
22 27 88
22 28 39
22 29 24
22 30 12
22 32 66
22 41 21
22 46 50
22 48 45
22 50 19
22 59 35
22 61 57
22 62 82
22 64 5
22 73 92
22 74 64
22 80 43
22 81 20
22 85 97
22 93 87
22 94 66
23 26 24
23 28 32
23 34 30
23 35 6
23 39 20
23 45 67
23 46 47
23 50 44
23 56 9
23 57 73
23 58 18
23 60 82
23 62 20
23 65 32
23 70 86
23 75 22
23 76 97
23 91 9
23 92 71
24 34 66
24 43 54
24 44 6
24 46 3
24 51 37
24 52 6
24 55 61
24 56 79
24 58 51
24 59 53
24 64 59
24 72 13
24 76 68
24 84 65
24 87 47
24 88 64
24 96 69
25 32 41
25 33 2
25 37 9
25 39 56
25 42 33
25 44 97
25 45 83
25 46 85
25 52 36
25 54 50
25 55 95
25 60 31
25 63 41
25 64 1
25 66 69
25 67 39
25 73 35
25 74 97
25 76 67
25 79 1
25 81 24
25 82 63
25 83 85
25 87 44
25 93 24
26 30 33
26 35 65
26 38 17
26 40 12
26 47 5
26 52 14
26 53 61
26 54 39
26 56 52
26 59 54
26 69 6
26 70 41
26 71 35
26 77 28
26 82 34
26 85 52
26 87 54
26 90 33
26 94 96
26 96 1
27 32 6
27 37 74
27 39 8
27 46 80
27 47 23
27 52 86
27 56 6
27 59 59
27 60 27
27 67 44
27 71 71
27 77 99
27 78 76
27 87 96
27 90 40
27 92 56
28 33 16
28 35 28
28 36 61
28 43 89
28 45 96
28 51 91
28 54 69
28 58 3
28 63 83
28 69 93
28 71 60
28 73 52
28 75 84
28 76 17
28 79 22
28 80 54
28 83 90
28 91 51
28 92 10
28 93 17
29 32 48
29 38 4
29 40 81
29 45 73
29 48 40
29 50 95
29 59 50
29 63 13
29 64 15
29 65 46
29 67 91
29 71 72
29 78 83
29 79 91
29 82 51
29 83 27
29 84 5
29 89 51
29 94 67
30 38 28
30 39 6
30 41 71
30 44 8
30 56 97
30 59 87
30 62 41
30 64 30
30 65 24
30 78 4
30 81 87
30 84 16
30 90 19
30 91 87
30 92 88
31 34 39
31 37 82
31 40 48
31 41 53
31 42 15
31 43 45
31 45 10
31 48 11
31 50 60
31 51 93
31 57 33
31 62 13
31 63 92
31 68 76
31 70 15
31 77 11
31 80 77
31 81 96
31 85 46
31 86 93
31 88 38
31 89 4
31 92 29
31 94 12
31 96 35
32 40 46
32 41 60
32 42 6
32 46 27
32 48 66
32 58 8
32 65 88
32 67 38
32 68 50
32 70 27
32 74 95
32 80 77
32 82 12
32 89 21
32 92 28
32 96 6
33 34 85
33 44 5
33 47 5
33 49 88
33 52 69
33 58 34
33 59 82
33 68 88
33 69 52
33 71 99
33 72 47
33 75 88
33 83 22
33 88 84
33 91 14
33 92 41
34 39 79
34 40 25
34 45 44
34 49 99
34 52 91
34 54 60
34 56 24
34 57 89
34 60 45
34 61 50
34 63 96
34 64 76
34 68 53
34 72 18
34 76 46
34 80 28
34 86 48
34 88 26
34 89 78
34 90 34
34 92 23
34 93 19
34 94 60
34 95 32
35 41 30
35 45 97
35 46 17
35 49 18
35 52 79
35 54 79
35 55 35
35 64 7
35 67 48
35 73 99
35 80 85
35 83 30
35 84 20
35 89 22
35 91 78
35 95 32
35 96 83
36 37 7
36 47 81
36 52 33
36 53 63
36 58 52
36 63 73
36 65 54
36 73 71
36 74 3
36 76 35
36 77 19
36 80 32
36 83 43
36 89 12
36 93 81
37 39 97
37 44 53
37 47 28
37 50 90
37 51 8
37 62 50
37 64 95
37 65 5
37 67 89
37 68 86
37 70 22
37 74 99
37 76 15
37 83 54
37 84 92
37 89 52
37 92 5
38 44 97
38 46 69
38 51 88
38 58 87
38 59 24
38 62 43
38 65 98
38 68 83
38 69 90
38 77 50
38 80 46
38 82 18
38 83 45
38 86 21
38 90 34
38 93 73
38 94 59
39 47 92
39 59 7
39 67 43
39 69 48
39 70 26
39 71 99
39 72 11
39 81 33
39 82 32
39 87 48
39 91 75
39 94 56
39 95 31
40 48 77
40 54 91
40 64 93
40 66 97
40 68 95
40 70 96
40 83 42
40 87 30
40 89 38
40 90 28
40 92 67
41 44 77
41 45 56
41 48 77
41 53 23
41 65 68
41 70 30
41 75 35
41 77 72
41 78 9
41 80 42
41 84 71
41 86 70
41 92 6
41 93 92
41 95 26
42 49 99
42 51 43
42 52 1
42 58 59
42 63 23
42 74 31
42 76 97
42 78 48
42 85 23
42 90 70
42 93 35
42 95 1
43 53 18
43 54 96
43 56 87
43 67 53
43 73 8
43 74 5
43 77 19
43 81 62
43 84 7
43 86 6
43 88 93
44 48 9
44 50 62
44 51 43
44 54 71
44 57 82
44 61 10
44 64 12
44 65 25
44 67 10
44 68 84
44 70 67
44 74 76
44 82 25
44 85 50
44 86 68
44 88 8
44 89 69
45 50 50
45 52 33
45 53 60
45 55 41
45 59 22
45 60 39
45 63 13
45 66 32
45 69 99
45 77 59
45 78 33
45 87 65
45 93 22
45 94 70
45 95 31
46 47 83
46 48 47
46 49 13
46 50 40
46 52 15
46 53 5
46 57 74
46 63 64
46 65 27
46 71 25
46 73 80
46 74 78
46 81 73
46 82 69
46 84 30
46 91 21
46 92 41
46 93 21
46 95 62
47 54 76
47 65 24
47 79 55
47 83 63
47 89 29
47 91 59
48 49 8
48 50 18
48 54 66
48 56 91
48 63 76
48 67 10
48 70 36
48 77 10
48 78 93
48 82 27
48 84 43
48 88 48
48 91 39
48 92 96
48 94 91
48 96 37
49 53 12
49 65 86
49 69 68
49 80 4
49 83 17
49 89 94
49 93 3
49 94 61
50 55 92
50 60 62
50 61 82
50 66 40
50 75 98
50 76 42
50 79 9
50 81 90
50 86 60
50 96 55
51 54 6
51 61 83
51 62 86
51 63 1
51 70 42
51 72 54
51 73 63
51 77 41
51 84 74
51 87 51
51 91 46
51 95 84
52 53 14
52 56 11
52 62 89
52 71 38
52 72 27
52 73 84
52 82 16
52 83 95
52 90 16
52 91 29
52 96 11
53 54 93
53 55 97
53 56 37
53 59 81
53 60 63
53 62 10
53 66 95
53 67 56
53 70 54
53 75 92
53 81 18
53 83 23
53 86 49
53 90 50
54 57 36
54 58 80
54 60 68
54 62 24
54 75 31
54 82 17
54 89 2
54 91 89
54 94 54
54 96 82
55 59 44
55 69 72
55 72 14
55 73 72
55 78 27
55 81 18
55 82 88
55 83 40
55 88 36
55 89 94
55 95 73
56 68 64
56 71 6
56 77 43
56 81 95
56 93 98
56 94 97
56 95 20
57 64 82
57 66 23
57 69 88
57 78 8
57 81 55
57 90 57
57 92 15
57 93 64
58 60 5
58 67 96
58 68 7
58 70 23
58 72 58
58 75 3
58 77 63
58 78 61
58 81 10
58 82 41
58 84 21
58 91 73
58 96 74
59 60 97
59 67 15
59 69 22
59 72 12
59 73 84
59 76 71
59 81 8
59 84 5
59 89 78
60 62 65
60 63 47
60 76 23
60 80 25
60 84 36
60 93 79
60 94 88
61 65 75
61 68 4
61 69 30
61 70 95
61 73 51
61 78 53
61 85 75
61 86 50
61 89 28
61 90 86
61 91 11
61 96 91
62 67 2
62 70 97
62 73 70
62 75 61
62 77 98
62 79 27
62 84 90
62 86 34
62 92 99
63 64 3
63 65 42
63 70 17
63 72 87
63 76 23
63 77 9
63 80 86
63 81 54
63 85 76
63 87 1
63 89 98
63 91 6
64 67 25
64 79 79
64 80 44
64 82 29
64 89 58
64 90 9
64 92 67
65 69 86
65 70 11
65 71 21
65 73 32
65 76 99
65 80 86
65 81 70
65 82 10
65 89 74
66 70 6
66 73 44
66 77 82
66 79 58
66 82 3
66 87 23
66 92 76
66 93 23
66 95 18
66 96 75
67 69 98
67 70 44
67 72 96
67 73 70
67 75 72
67 76 85
67 79 10
67 84 22
67 87 25
67 88 14
68 70 76
68 72 72
68 73 7
68 74 28
68 78 3
68 81 46
68 82 84
68 90 69
68 93 76
69 70 95
69 72 26
69 73 66
69 74 48
69 76 10
69 78 78
69 79 43
69 83 89
69 92 75
70 71 12
70 76 42
70 81 19
70 90 46
70 94 86
70 96 99
71 73 99
71 80 92
71 87 31
72 83 48
72 84 28
72 87 21
72 92 77
72 93 95
72 96 59
73 79 28
73 84 61
74 75 67
74 78 5
74 81 39
74 82 29
74 86 27
74 87 39
74 88 69
74 89 23
74 90 19
74 93 12
74 95 78
75 76 21
75 83 3
75 86 58
75 87 63
75 89 26
75 90 19
75 93 18
75 94 11
76 83 43
76 89 29
76 92 69
76 95 7
77 79 70
77 84 10
77 86 29
77 91 40
77 92 58
78 86 58
78 87 58
78 88 78
78 95 72
78 96 95
79 80 89
79 90 84
79 94 15
80 83 83
80 85 19
80 87 24
80 90 75
80 91 80
80 94 13
81 87 78
81 88 84
81 89 31
81 90 61
81 93 16
82 83 95
82 84 53
82 88 80
82 90 75
82 92 24
83 89 46
83 91 6
83 95 22
84 87 54
84 89 24
84 91 22
84 95 3
85 87 27
85 93 92
85 94 59
86 87 3
86 88 24
86 96 8
87 93 76
88 91 81
88 92 72
88 94 95
88 95 39
89 90 25
89 92 31
90 91 27
90 95 76
91 93 45
92 94 39
93 94 57
93 95 57
94 95 78