100
0 1 79.19
0 2 55.79
0 99 69.18
1 2 18.29
1 3 6.38
2 3 96.43
2 4 36.32
3 4 46.72
3 5 13.98
4 5 24.69
4 6 78.13
5 6 30.51
5 7 76.14
6 7 94.86
6 8 35.1
7 8 17.93
7 9 0.29
8 9 62.62
8 10 22.52
9 10 23.03
9 11 31.15
10 11 66.93
10 12 51.08
11 12 56.47
11 13 64.92
12 13 33.91
12 14 2.65
13 14 19.95
13 15 26.71
14 15 66.75
14 16 46.29
15 16 71.88
15 17 51.7
16 17 90.56
16 18 62.59
17 18 75.04
17 19 54.4
18 19 22.43
18 20 32.84
19 20 84.11
19 21 28.3
20 21 74.09
20 22 29.63
21 22 98.69
21 23 64.2
22 23 30.87
22 24 4.48
23 24 54.86
23 25 53.84
24 25 70.02
24 26 34.21
25 26 46.31
25 27 62.61
26 27 93.28
26 28 36.48
27 28 62.1
27 29 15.8
28 29 21.35
28 30 55.53
29 30 19.19
29 31 35.59
30 31 22.17
30 32 10.97
31 32 40.13
31 33 99.35
32 33 73.49
32 34 35.93
33 34 74.45
33 35 55.6
34 35 66.34
34 36 81.03
35 36 10.47
35 37 94.83
36 37 99.96
36 38 40.73
37 38 59.7
37 39 90.09
38 39 89.39
38 40 64.93
39 40 89.67
39 41 61.02
40 41 2.39
40 42 79.92
41 42 43.98
41 43 45.85
42 43 77.8
42 44 88.16
43 44 81.99
43 45 50.99
44 45 85.14
44 46 57.03
45 46 28.29
45 47 2.51
46 47 90.38
46 48 75.16
47 48 62.23
47 49 38.16
48 49 75.44
48 50 62.42
49 50 56.26
49 51 97.24
50 51 68.46
50 52 52.87
51 52 25.41
51 53 69.45
52 53 4.55
52 54 70.97
53 54 20.26
53 55 52.69
54 55 76.68
54 56 56.76
55 56 66.57
55 57 79.85
56 57 6.7
56 58 50.75
57 58 81.92
57 59 38.76
58 59 97.68
58 60 79.88
59 60 34.17
59 61 12.2
60 61 30.23
60 62 21.26
61 62 10.26
61 63 68.22
62 63 67.56
62 64 5.7
63 64 40.95
63 65 37.96
64 65 25.69
64 66 4.51
65 66 41.46
65 67 67.56
66 67 85.32
66 68 65.02
67 68 70.25
67 69 89.91
68 69 74.2
68 70 40.89
69 70 61.78
69 71 97.68
70 71 52.59
70 72 80.51
71 72 21.04
71 73 23.3
72 73 54.56
72 74 49.04
73 74 84.05
73 75 3.98
74 75 63.58
74 76 18.14
75 76 27.92
75 77 72.58
76 77 26.16
76 78 57.82
77 78 37.24
77 79 23.69
78 79 53.8
78 80 62.93
79 80 96.56
79 81 88.76
80 81 10.23
80 82 87.16
81 82 92.89
81 83 31.92
82 83 46.9
82 84 43.5
83 84 62.62
83 85 44.3
84 85 74.22
84 86 85.33
85 86 38.31
85 87 43.87
86 87 55.27
86 88 39.53
87 88 67.15
87 89 36.64
88 89 15.87
88 90 32.59
89 90 53.9
89 91 66.86
90 91 48.58
90 92 73.41
91 92 49.14
91 93 66.24
92 93 88.94
92 94 18.26
93 94 10.38
93 95 35.47
94 95 50.47
94 96 13.36
95 96 62.69
95 97 58.52
96 97 71.58
96 98 3.97
97 98 47.37
97 99 61.02
