100
0 43 56.288
0 95 35.428
0 5 95.622
0 86 35.46
0 87 33.271
0 40 35.091
0 17 19.609
0 68 79.706
0 65 40.379
0 22 71.203
0 15 20.232
0 60 49.441
0 84 89.455
0 94 86.446
0 36 17.93
0 20 48.605
0 58 67.157
0 82 86.671
0 77 25.489
0 66 19.912
0 49 69.772
0 38 35.367
0 23 95.116
0 78 74.359
0 98 55.836
0 76 11.405
0 45 58.765
0 57 72.494
0 89 73.263
0 6 89.537
0 50 73.448
0 16 60.646
0 37 72.657
0 31 85.327
0 54 86.579
0 96 16.586
0 25 76.983
0 42 8.949
0 18 27.606
0 19 42.89
0 32 82.423
0 48 49.103
0 4 88.407
0 93 46.556
0 34 86.559
0 92 44.547
0 44 2.07
0 52 66.119
0 28 90.251
0 62 43.297
0 9 43.337
0 10 59.289
0 24 41.376
0 26 66.954
0 30 50.673
0 35 72.24
0 39 26.73
0 47 86.564
0 53 76.308
0 56 13.846
0 59 72.078
0 63 24.8
0 64 87.747
0 71 79.863
0 73 42.006
0 74 24.953
0 80 45.394
0 97 76.539
0 99 67.031
99 2 35.203
99 6 8.987
99 8 95.027
99 9 31.101
99 10 10.998
99 11 1.113
99 12 95.206
99 13 66.823
99 14 90.268
99 17 7.926
99 18 56.475
99 21 20.172
99 22 81.709
99 28 65.082
99 35 73.508
99 37 64.132
99 41 19.482
99 48 31.942
99 50 80.845
99 53 34.379
99 55 12.334
99 56 24.823
99 62 70.728
99 64 35.129
99 65 22.428
99 67 77.203
99 68 16.39
99 69 77.418
99 71 14.833
99 73 21.308
99 74 16.976
99 75 13.996
99 79 19.733
99 82 76.848
99 83 97.721
99 84 12.229
99 85 68.276
99 87 23.691
99 88 73.731
99 90 6.885
99 91 74.015
99 92 75.382
99 93 85.873
99 94 8.795
99 66 10.124
99 30 22.794
99 29 47.807
99 43 99.388
99 76 73.886
99 78 54.541
99 7 68.926
99 98 15.9
99 63 17.5
99 58 82.52
99 60 24.23
99 19 32.716
99 5 69.069
99 34 21.472
99 86 27.072
99 32 22.987
99 26 78.459
99 1 40.317
99 25 85.494
99 16 52.144
99 47 53.623
99 40 58.086
99 38 2.234
43 3 32.367
43 4 11.51
43 5 71.783
43 6 24.694
43 9 48.901
43 14 27.836
43 16 2.046
43 19 65.864
43 21 87.529
43 24 16.344
43 25 40.123
43 26 18.042
43 28 45.951
43 31 1.438
43 32 29.697
43 34 98.452
43 37 24.947
43 38 44.269
43 39 37.773
43 41 97.615
43 42 77.216
43 56 71.247
43 71 9.137
43 86 83.967
43 47 18.738
43 73 36.418
43 69 42.962
43 8 19.585
43 93 56.929
43 97 95.801
43 1 2.398
43 87 98.59
43 55 96.536
43 91 33.503
43 11 63.47
43 90 70.179
43 92 63.43
43 96 19.381
43 64 90.412
43 29 44.273
43 40 54.299
43 46 27.696
43 22 80.591
43 80 48.31
43 30 82.529
43 95 84.89
43 94 76.76
43 61 66.625
43 65 26.276
43 89 83.218
43 74 75.5
43 59 81.772
43 23 34.018
43 54 37.954
43 79 57.057
43 60 29.994
43 52 26.321
43 18 51.714
43 53 12.975
43 68 61.207
43 44 8.976
43 45 2.428
43 48 81.201
43 49 3.036
43 50 93.208
43 51 49.678
43 57 92.816
43 62 89.86
43 63 98.096
43 66 25.394
43 72 10.313
43 75 30.093
43 76 90.444
43 77 34.094
43 81 5.214
43 84 77.949
95 1 94.395
95 2 99.808
95 3 1.115
95 6 0.826
95 7 80.772
95 8 80.758
95 12 65.828
95 13 65.519
95 14 72.812
95 17 20.528
95 19 14.698
95 21 34.632
95 23 93.182
95 24 58.788
95 26 21.764
95 27 50.687
95 30 16.638
95 35 47.673
95 36 58.906
95 38 31.147
95 39 3.119
95 42 4.793
95 44 89.542
95 45 77.12
95 46 67.121
95 47 67.094
95 48 37.648
95 49 71.626
95 51 92.852
95 54 42.455
95 55 6.866
95 56 91.918
95 57 87.774
95 58 83.205
95 59 0.584
95 61 84.806
95 64 27.569
95 65 55.705
95 66 47.641
95 68 89.581
95 69 59.46
95 70 39.983
95 71 34.941
95 72 84.276
95 73 4.458
95 74 40.553
95 78 15.712
95 79 29.32
95 80 41.923
95 81 86.439
95 83 98.881
95 88 19.333
95 94 65.433
95 85 94.219
95 4 29.853
95 28 75.829
95 25 89.185
95 89 51.79
95 60 41.482
95 34 28.131
95 62 74.626
95 29 57.184
95 41 70.863
95 87 97.767
95 63 18.312
95 93 41.463
95 40 70.788
95 86 92.739
95 16 72.333
95 5 83.091
95 67 1.635
95 77 4.305
95 9 5.322
95 10 79.109
5 87 20.276
5 17 38.004
5 33 95.977
5 50 32.782
5 57 80.45
5 31 10.009
5 24 90.094
5 52 18.546
5 71 63.837
5 92 48.764
5 39 74.828
5 62 23.562
5 40 56.286
5 4 37.363
5 55 83.834
5 36 6.661
5 35 61.163
5 68 21.985
5 94 32.786
5 58 46.859
5 13 74.912
5 64 25.914
5 89 31.303
5 42 18.761
5 96 65.405
5 77 28.632
5 53 39.812
5 93 73.352
5 67 50.216
5 27 51.854
5 28 7.611
5 70 49.389
5 97 25.374
5 98 62.291
5 61 26.091
5 25 6.596
5 66 38.903
5 16 95.156
5 26 99.462
5 51 74.428
5 46 36.881
5 48 51.996
5 69 15.247
5 44 7.359
5 78 58.541
5 12 24.82
5 60 35.454
5 9 51.533
5 73 75.022
5 7 16.761
5 18 6.079
5 21 74.717
5 22 38.883
5 23 21.074
5 30 85.975
5 34 45.149
5 47 52.086
5 54 42.928
5 56 31.627
5 63 32.908
5 65 1.013
5 72 82.472
5 81 84.487
5 84 61.56
5 86 72.189
5 88 26.595
5 90 68.97
86 4 64.863
86 7 2.493
86 12 83.121
86 17 28.285
86 18 23.851
86 20 67.109
86 21 29.72
86 22 93.3
86 24 9.973
86 26 50.854
86 30 15.76
86 33 10.442
86 35 0.007
86 40 46.927
86 42 20.602
86 44 29.039
86 45 75.405
86 46 25.518
86 49 98.325
86 50 88.22
86 53 9.408
86 54 17.027
86 56 96.983
86 59 92.317
86 60 90.037
86 61 99.37
86 62 61.954
86 63 39.358
86 65 52.352
86 67 80.91
86 68 38.636
86 69 64.78
86 72 66.173
86 73 1.659
86 75 19.894
86 76 54.745
86 77 20.108
86 78 48.414
86 82 98.788
86 47 31.012
86 8 70.422
86 2 52.499
86 84 44.416
86 91 71.985
86 1 88.5
86 37 18.995
86 74 6.578
86 80 99.651
86 16 22.421
86 31 55.887
86 71 36.891
86 87 37.834
86 11 55.281
86 34 23.747
86 29 5.095
86 58 98.834
86 66 21.965
86 38 4.346
86 51 81.554
86 92 98.13
86 89 18.803
86 85 14.513
86 32 45.459
86 81 98.967
86 19 4.189
86 90 68.45
87 1 39.573
87 2 14.264
87 3 83.562
87 4 48.832
87 6 29.589
87 8 44.45
87 10 76.331
87 11 89.22
87 14 22.568
87 15 66.743
87 17 12.852
87 19 26.913
87 25 89.542
87 26 67.459
87 28 59.468
87 29 81.526
87 31 26.838
87 32 7.198
87 33 47.278
87 34 69.637
87 35 82.853
87 36 60.82
87 37 84.801
87 38 85.499
87 39 15.733
87 42 12.574
87 45 37.51
87 46 72.011
87 50 20.237
87 51 57.712
87 59 84.276
87 60 43.69
87 61 83.666
87 62 32.668
87 64 49.076
87 66 83.631
87 70 68.954
87 72 94.019
87 73 75.663
87 75 27.833
87 77 36.302
87 78 24.434
87 79 2.063
87 80 85.927
87 81 50.333
87 82 50.654
87 83 37.076
87 84 45.159
87 52 90.573
87 23 96.447
87 53 93.717
87 85 13.121
87 24 30.286
87 89 77.295
87 92 6.37
87 91 13.189
87 41 77.404
87 12 80.639
87 13 60.838
87 16 62.653
87 54 44.632
87 55 74.386
87 30 70.115
87 88 98.458
87 93 0.876
87 90 69.73
87 69 61.099
87 63 96.472
87 96 85.072
87 98 4.986
40 1 79.609
40 3 25.884
40 7 95.647
40 8 56.218
40 9 45.228
40 11 16.836
40 12 86.195
40 14 15.711
40 15 46.517
40 16 58.738
40 20 53.814
40 23 1.492
40 25 47.272
40 27 93.156
40 28 34.065
40 29 82.073
40 34 24.975
40 36 36.997
40 38 82.674
40 39 90.597
40 93 38.488
40 10 54.403
40 83 84.263
40 79 35.529
40 90 98.932
40 33 51.471
40 72 50.752
40 88 18.46
40 89 23.877
40 37 77.222
40 55 20.555
40 42 16.826
40 50 43.776
40 97 71.797
40 84 99.256
40 35 18.794
40 82 75.814
40 19 9.911
40 17 45.965
40 73 13.566
40 62 87.741
40 53 2.946
40 75 62.849
40 71 1.535
40 76 11.446
40 45 26.85
40 47 49.022
40 48 59.166
40 2 83.594
40 32 35.57
40 54 36.727
40 68 96.266
40 67 77.476
40 78 22.967
40 18 2.019
40 94 3.712
40 41 53.659
40 52 40.02
40 56 95.197
40 57 88.018
40 59 69.147
40 65 10.569
40 70 84.929
40 80 28.027
40 81 80.41
40 85 74.803
40 91 43.039
40 92 16.462
40 96 35.398
40 98 10.933
17 1 24.217
17 6 46.362
17 9 5.627
17 10 54.908
17 11 78.283
17 13 3.647
17 65 53.654
17 29 20.639
17 88 46.92
17 61 48.423
17 47 20.518
17 77 99.347
17 81 9.917
17 60 21.649
17 26 73.432
17 21 14.442
17 85 23.592
17 24 45.18
17 96 71.43
17 67 96.894
17 38 71.563
17 91 30.677
17 92 96.85
17 64 17.253
17 32 43.746
17 55 60.228
17 30 95.931
17 63 0.788
17 93 32.753
17 80 22.349
17 31 35.187
17 76 80.649
17 70 74.795
17 4 29.17
17 36 57.797
17 28 40.376
17 45 10.831
17 83 84.356
17 54 10.749
17 94 77.658
17 19 99.879
17 68 97.241
17 62 90.998
17 74 82.851
17 44 50.007
17 49 54.729
17 39 84.077
17 79 27.76
17 7 7.339
17 18 75.349
17 20 76.9
17 22 94.227
17 23 17.034
17 25 45.201
17 27 35.85
17 52 25.488
17 53 94.114
17 56 93.202
17 59 81.875
17 73 49.734
17 78 23.033
17 89 44.619
68 1 80.727
68 4 52.882
68 6 54.185
68 8 25.707
68 10 34.57
68 11 33.453
68 12 48.44
68 14 10.929
68 15 28.674
68 19 63.707
68 20 80.976
68 21 61.297
68 24 64.027
68 25 8.339
68 26 47.946
68 27 90.54
68 30 73.345
68 32 41.19
68 34 44.107
68 35 74.706
68 37 28.783
68 38 42.623
68 41 87.887
68 44 18.417
68 47 43.281
68 54 27.068
68 55 19.426
68 60 93.212
68 61 21.487
68 62 44.237
68 65 47.954
68 67 27.546
68 45 52.883
68 90 68.577
68 63 90.556
68 3 21.417
68 94 39.434
68 79 55.928
68 72 74.126
68 91 16.484
68 9 33.912
68 98 88.811
68 96 84.141
68 77 98.416
68 75 1.854
68 83 4.787
68 64 82.318
68 89 95.728
68 85 72.407
68 18 11.748
68 48 3.589
68 74 49.198
68 73 37.825
68 81 87.987
68 2 16.86
68 33 99.459
68 23 21.421
68 69 50.277
68 70 42.823
68 78 73.68
68 80 86.986
68 84 10.418
68 92 33.462
65 1 96.333
65 2 77.638
65 4 57.482
65 7 15.824
65 8 18.92
65 9 77.086
65 11 82.045
65 14 87.615
65 15 67.342
65 16 53.576
65 19 17.419
65 22 24.614
65 23 71.263
65 24 2.164
65 25 8.833
65 27 70.243
65 29 95.109
65 32 20.154
65 33 3.483
65 34 82.677
65 35 4.735
65 37 70.149
65 41 51.526
65 44 26.547
65 45 2.519
65 46 51.97
65 50 30.916
65 51 34.34
65 52 31.72
65 53 42.401
65 58 87.691
65 62 76.818
65 64 3.514
65 75 29.944
65 30 70.229
65 69 38.521
65 76 51.404
65 20 23.466
65 47 57.481
65 55 67.454
65 39 10.416
65 56 45.403
65 84 37.222
65 54 54.654
65 49 48.857
65 77 96.814
65 66 21.567
65 73 37.263
65 67 14.472
65 18 1.505
65 80 21.771
65 82 55.959
65 48 11.541
65 78 85.05
65 60 62.542
65 31 3.663
65 89 99.018
65 63 37.092
65 6 63.825
65 10 77.882
65 85 71.753
65 3 68.967
65 91 80.47
65 72 23.36
65 93 47.534
65 94 25.342
65 97 25.567
22 2 60.202
22 3 32.859
22 7 29.36
22 9 38.39
22 11 47.359
22 12 0.857
22 19 35.304
22 21 67.641
22 6 17.918
22 74 59.745
22 94 31.2
22 81 25.984
22 51 30.227
22 76 50.327
22 16 17.501
22 66 3.203
22 75 40.254
22 89 80.315
22 4 95.409
22 97 58.26
22 15 50.861
22 98 65.722
22 91 56.551
22 88 24.426
22 84 51.423
22 62 22.953
22 55 62.665
22 54 58.786
22 26 78.854
22 42 83.66
22 32 35.061
22 34 56.155
22 41 80.706
22 56 38.219
22 35 40.161
22 78 71.766
22 1 14.921
22 49 82.914
22 57 59.911
22 70 46.121
22 46 91.677
22 63 50.01
22 72 75.097
22 25 41.56
22 36 6.934
22 37 9.755
22 13 26.767
22 82 39.956
22 44 99.958
22 23 18.516
22 24 98.851
22 28 55.762
22 31 31.856
22 33 94.467
22 38 76.164
22 45 79.785
22 47 78.452
22 53 16.465
22 61 69.852
22 64 35.589
22 69 35.592
22 73 38.304
22 77 28.627
22 80 37.303
22 85 87.379
22 93 89.801
15 2 63.297
15 6 57.308
15 7 86.445
15 8 46.904
15 9 22.173
15 14 21.954
15 24 14.319
15 90 95.958
15 70 56.981
15 34 59.064
15 57 80.484
15 50 68.113
15 45 14.643
15 92 29.972
15 16 26.776
15 10 87.923
15 81 96.604
15 58 13.558
15 36 42.379
15 73 88.285
15 61 76.355
15 1 88.749
15 26 52.099
15 84 18.731
15 72 44.785
15 91 31.666
15 41 42.045
15 88 84.235
15 42 26.81
15 31 33.84
15 89 15.635
15 13 93.235
15 55 10.01
15 59 85.614
15 76 54.409
15 71 42.896
15 97 32.908
15 54 7.309
15 56 50.308
15 74 61.288
15 83 68.499
15 12 51.176
15 69 22.073
15 96 39.997
15 78 16.108
15 37 7.375
15 25 90.203
15 94 11.085
15 23 91.812
15 29 42.991
15 30 47.914
15 32 8.941
15 33 43.14
15 38 12.959
15 39 89.776
15 44 22.732
15 48 47.948
15 49 14.758
15 62 7.203
15 63 35.413
15 64 50.428
15 66 78.3
15 75 89.418
15 77 60.961
15 80 1.485
15 82 90.262
15 85 32.176
15 93 26.981
15 98 46.404
60 4 57.136
60 7 95.053
60 10 26.775
60 11 96.672
60 14 72.123
60 18 80.08
60 23 86.094
60 24 3.654
60 28 99.349
60 30 18.457
60 31 55.643
60 32 61.622
60 35 77.082
60 37 47.717
60 41 67.462
60 47 72.413
60 49 99.588
60 50 34.367
60 53 28.716
60 54 50.177
60 55 1.038
60 56 38.184
60 57 18.196
60 58 43.792
60 59 35.208
60 21 22.462
60 20 77.528
60 46 60.55
60 88 36.557
60 16 58.687
60 34 97.451
60 71 76.402
60 38 56.793
60 29 48.021
60 79 92.781
60 61 32.468
60 64 88.724
60 81 90.949
60 9 56.069
60 73 77.969
60 36 19.511
60 19 58.503
60 48 60.356
60 70 29.244
60 69 74.724
60 42 65.744
60 74 15.613
60 94 32.107
60 8 80.205
60 3 76.216
60 80 79.174
60 98 36.641
60 97 15.113
60 66 18.56
60 27 77.915
60 76 67.542
60 12 21.047
60 45 28.492
60 62 68.581
60 72 88.344
60 75 12.74
60 77 38.522
60 82 3.514
60 84 24.078
60 85 61.046
60 89 72.669
60 90 68.096
60 91 8.515
60 93 92.467
84 1 29.204
84 2 78.147
84 3 63.974
84 7 47.729
84 9 91.321
84 11 15.558
84 14 13.341
84 16 57.79
84 18 32.874
84 19 20.373
84 20 56.404
84 24 9.626
84 25 33.883
84 26 10.032
84 28 56.128
84 29 94.209
84 30 7.875
84 31 82.149
84 32 18.033
84 33 39.722
84 34 42.133
84 36 61.27
84 37 50.716
84 38 79.3
84 39 38.991
84 45 7.331
84 48 5.089
84 49 35.349
84 50 39.976
84 53 2.016
84 58 49.099
84 59 55.181
84 61 28.773
84 67 11.462
84 69 99.688
84 71 18.289
84 76 56.977
84 78 47.758
84 81 18.937
84 83 94.941
84 62 59.266
84 13 48.849
84 8 42.477
84 64 41.308
84 96 99.138
84 66 71.394
84 54 71.764
84 21 18.389
84 35 20.037
84 77 37.422
84 75 80.731
84 4 30.619
84 63 25.006
84 42 98.603
84 56 0.257
84 93 26.091
84 72 47.115
84 44 15.627
84 94 6.7
84 73 61.018
84 97 76.674
84 46 36.099
84 57 75.042
84 89 62.922
84 85 85.318
84 91 45.642
94 3 77.081
94 4 38.303
94 6 86.793
94 7 80.196
94 8 15.201
94 10 98.228
94 13 68.085
94 14 57.508
94 19 68.649
94 23 15.891
94 24 49.882
94 26 17.235
94 28 80.475
94 33 18.73
94 38 38.07
94 39 29.418
94 41 52.778
94 42 0.285
94 45 0.273
94 47 84.111
94 48 43.498
94 49 85.179
94 53 32.589
94 54 10.664
94 57 7.255
94 58 84.978
94 62 27.217
94 67 27.967
94 69 53.668
94 70 93.803
94 71 44.017
94 72 16.588
94 73 79.027
94 75 51.959
94 76 32.114
94 80 85.936
94 83 19.613
94 85 55.896
94 89 39.752
94 91 64.721
94 93 49.283
94 29 53.835
94 32 69.3
94 9 22.368
94 36 21.562
94 30 96.208
94 18 53.667
94 51 76.479
94 81 90.443
94 37 85.715
94 97 42.524
94 44 27.486
94 92 34.905
94 25 92.015
94 31 97.222
94 46 82.693
94 90 95.99
94 82 14.024
94 27 47.034
94 21 2.575
94 66 28.877
94 79 16.868
94 64 58.132
94 78 27.595
94 61 95.252
94 98 12.294
36 2 30.409
36 3 81.284
36 6 35.046
36 7 37.906
36 8 19.19
36 9 57.437
36 10 10.456
36 11 52.695
36 12 84.779
36 13 75.005
36 16 48.397
36 18 28.009
36 21 23.9
36 25 66.63
36 26 94.612
36 27 28.263
36 29 83.699
36 30 25.909
36 31 49.38
36 35 73.516
36 48 42.65
36 32 30.951
36 58 12.465
36 20 59.097
36 78 30.169
36 67 9.064
36 64 3.964
36 97 13.753
36 79 45.383
36 72 53.677
36 92 10.639
36 80 97.681
36 76 11.349
36 77 3.796
36 39 12.928
36 1 3.327
36 52 39.884
36 55 27.27
36 57 10.049
36 51 18.668
36 54 7.653
36 41 78.334
36 62 5.771
36 38 6.748
36 81 48.578
36 37 70.59
36 91 49.5
36 53 66.228
36 71 49.396
36 4 0.877
36 88 8.683
36 82 36.553
36 59 9.58
36 42 99.867
36 46 89.45
36 66 78.688
36 75 39.378
36 89 10.4
36 93 27.697
20 2 99.35
20 3 77.018
20 4 72.043
20 8 33.093
20 10 26.212
20 11 29.033
20 13 55.434
20 78 18.728
20 89 67.32
20 42 34.674
20 55 13.393
20 48 22.157
20 67 49.188
20 96 33.115
20 47 35.616
20 9 24.936
20 32 12.23
20 21 89.996
20 71 27.754
20 53 19.732
20 6 13.03
20 51 2.162
20 64 67.475
20 39 74.022
20 57 0.879
20 85 85.881
20 66 60.228
20 16 80.71
20 26 34.918
20 79 52.984
20 88 0.013
20 61 99.98
20 92 12.404
20 83 25.56
20 30 97.218
20 80 71.294
20 35 42.184
20 63 12.05
20 46 90.445
20 12 51.937
20 25 1.999
20 74 59.817
20 54 29.593
20 93 11.347
20 27 18.805
20 62 62.654
20 97 25.612
20 49 94.365
20 28 59.151
20 18 82.385
20 23 47.277
20 24 80.641
20 29 35.783
20 33 41.509
20 37 2.17
20 38 20.019
20 41 66.722
20 45 58.065
20 50 12.85
20 52 74.524
20 56 39.377
20 58 4.311
20 59 36.193
20 69 16.653
20 70 42.026
20 75 13.001
20 77 90.368
20 82 50.916
58 1 89.998
58 2 55.953
58 4 5.966
58 7 38.835
58 10 91.241
58 13 33.218
58 14 12.592
58 18 26.914
58 19 83.711
58 21 89.071
58 23 75.492
58 25 56.548
58 26 98.542
58 27 41.789
58 28 10.437
58 29 89.051
58 31 84.676
58 32 47.373
58 33 75.985
58 35 72.553
58 38 91.24
58 41 11.82
58 44 37.631
58 46 42.19
58 49 3.768
58 50 94.744
58 51 69.345
58 52 41.89
58 56 74.343
58 57 96.44
58 92 98.111
58 3 33.979
58 89 69.59
58 54 98.316
58 73 89.394
58 24 78.347
58 98 21.32
58 55 41.009
58 66 60.489
58 45 68.741
58 34 17.508
58 16 58.001
58 88 32.603
58 30 86.862
58 53 39.04
58 82 82.056
58 80 77.116
58 85 5.66
58 42 8.414
58 75 91.866
58 8 0.549
58 78 78.745
58 81 48.774
58 77 64.803
58 63 50.553
58 64 92.129
58 69 22.419
58 71 84.328
58 72 56.227
58 76 65.803
58 79 22.15
58 90 29.041
58 91 78.438
58 93 23.297
58 96 70.782
82 1 64.963
82 6 2.014
82 7 29.407
82 11 51.451
82 14 6.872
82 18 80.08
82 19 32.336
82 21 40.809
82 23 82.556
82 24 24.766
82 25 97.851
82 29 1.964
82 30 87.256
82 31 96.216
82 32 1.113
82 33 82.258
82 38 43.065
82 39 8.019
82 41 75.846
82 42 74.235
82 49 8.945
82 52 53.599
82 53 91.759
82 54 58.445
82 55 19.794
82 56 87.59
82 59 26.36
82 62 35.215
82 63 50.71
82 64 17.05
82 67 85.725
82 70 96.457
82 74 9.507
82 76 47.278
82 79 43.054
82 48 43.996
82 81 66.727
82 35 52.943
82 45 14.439
82 26 59.833
82 66 19.61
82 46 7.595
82 73 34.269
82 75 66.495
82 27 84.936
82 47 5.007
82 88 10.983
82 72 68.007
82 57 63.062
82 51 58.812
82 97 45.511
82 8 63.924
82 78 39.542
82 28 29.953
82 71 97.441
82 96 56.942
82 10 82.791
82 16 14.098
82 77 10.902
82 9 96.861
82 80 7.94
82 44 7.372
82 83 60.846
82 85 59.021
82 90 68.45
82 91 67.269
82 93 75.111
82 98 18.172
77 3 83.701
77 6 17.931
77 7 7.647
77 12 78.658
77 16 87.624
77 24 18.266
77 26 41.024
77 33 80.389
77 34 62.314
77 39 30.28
77 45 54.531
77 47 78.466
77 48 14.792
77 49 84.215
77 51 3.449
77 53 62.875
77 56 37.184
77 62 13.715
77 63 23.911
77 67 26.631
77 69 41.216
77 71 29.802
77 72 99.622
77 73 56.372
77 88 27.101
77 10 16.303
77 11 71.645
77 96 13.453
77 70 90.424
77 14 22.404
77 93 29.138
77 64 60.19
77 31 35.167
77 19 24.689
77 42 86.719
77 61 3.398
77 66 57.529
77 35 67.447
77 83 86.247
77 97 89.144
77 25 92.224
77 98 5.329
77 1 97.493
77 23 89.574
77 37 95.456
77 75 89.165
77 2 87.661
77 21 42.31
77 92 38.532
77 13 60.985
77 78 72.301
77 59 17.416
77 55 78.686
77 80 81.789
77 81 88.631
77 85 12.417
77 90 4.106
77 91 68.779
66 2 47.699
66 4 0.216
66 6 99.841
66 7 51.746
66 8 43.521
66 10 89.928
66 11 18.095
66 16 11.005
66 25 30.971
66 26 99.011
66 29 88.547
66 32 35.007
66 33 93.299
66 34 40.817
66 39 57.445
66 41 50.552
66 44 22.015
66 45 13.846
66 47 74.874
66 49 20.315
66 55 29.286
66 56 38.865
66 57 62.787
66 63 47.875
66 42 56.265
66 78 36.191
66 23 88.402
66 50 64.186
66 19 43.11
66 1 68.74
66 76 27.129
66 73 81.558
66 48 90.219
66 74 6.735
66 61 27.96
66 12 53.377
66 85 75.928
66 91 67.751
66 13 19.773
66 3 26.27
66 64 44.576
66 53 10.983
66 51 72.983
66 89 19.88
66 62 57.547
66 27 33.339
66 30 94.909
66 75 77.158
66 18 89.722
66 9 15.251
66 72 69.874
66 71 74.454
66 90 26.973
66 31 40.146
66 69 64.954
66 70 95.255
66 79 48.367
66 81 61.179
66 83 81.312
66 92 85.631
66 93 53.416
66 96 19.628
66 97 45.159
66 98 68.811
49 1 66.358
49 6 10.845
49 7 20.366
49 10 0.041
49 12 89.741
49 13 44.721
49 16 97.634
49 18 8.905
49 21 57.556
49 24 99.109
49 26 72.196
49 27 48.008
49 28 10.984
49 30 91.738
49 34 13.698
49 37 76.591
49 39 81.048
49 41 72.236
49 44 15.628
49 45 32.748
49 46 64.515
49 47 43.744
49 79 69.223
49 70 97.174
49 35 49.966
49 19 73.652
49 74 11.489
49 52 93.46
49 51 45.99
49 14 13.778
49 91 26.259
49 38 64.077
49 48 64.09
49 50 29.009
49 67 27.947
49 72 9.915
49 55 88.579
49 85 87.058
49 92 73.436
49 81 1.18
49 88 55.099
49 61 29.919
49 31 83.685
49 2 76.753
49 54 92.3
49 71 15.359
49 33 20.399
49 3 33.999
49 80 63.84
49 83 6.593
49 23 55.212
49 59 56.26
49 63 80.763
49 73 15.905
49 75 4.666
49 76 13.843
49 78 16.331
49 90 94.936
49 98 39.113
38 1 30.896
38 4 12.8
38 7 34.883
38 8 99.927
38 13 25.002
38 14 49.283
38 16 83.929
38 21 89.98
38 23 13.878
38 27 16.427
38 28 33.024
38 31 67.874
38 33 99.572
38 34 77.002
38 35 93.505
38 37 17.914
38 53 96.253
38 96 20.296
38 78 83.3
38 2 7.716
38 24 33.899
38 46 80.906
38 54 52.892
38 83 83.372
38 10 21.527
38 81 71.75
38 11 5.703
38 42 0.768
38 32 94.324
38 71 23.559
38 63 38.356
38 85 76.804
38 19 38.474
38 52 61.366
38 76 96.204
38 74 82.432
38 6 17.35
38 29 84.272
38 72 62.059
38 89 85.214
38 51 94.834
38 9 74.379
38 44 4.565
38 50 93.25
38 47 16.861
38 30 76.005
38 39 71.477
38 41 49.553
38 45 67.797
38 64 52.976
38 67 33.061
38 69 61.989
38 70 24.611
38 75 16.521
38 79 74.331
38 80 89.11
38 90 27.541
38 91 84.635
38 93 98.167
23 2 62.554
23 3 67.13
23 4 30.276
23 6 80.771
23 7 39.136
23 8 66.114
23 9 63.852
23 13 88.533
23 18 55.102
23 70 83.691
23 69 56.39
23 97 23.434
23 59 51.253
23 73 35.08
23 48 90.934
23 50 65.29
23 12 40.762
23 42 35.164
23 41 74.233
23 64 19.984
23 51 9.526
23 55 57.258
23 89 4.918
23 85 29.926
23 25 0.329
23 24 16.555
23 31 21.86
23 19 57.494
23 21 63.888
23 62 39.359
23 33 24.601
23 47 4.562
23 28 40.95
23 16 74.618
23 46 67.098
23 26 98.023
23 39 76.178
23 98 59.983
23 83 95.38
23 61 19.798
23 37 1.9
23 27 29.429
23 29 86.192
23 44 86.35
23 45 51.124
23 52 82.821
23 63 10.637
23 67 2.859
23 71 32.488
23 79 25.037
23 80 56.183
23 90 95.116
23 93 20.005
78 1 57.489
78 2 34.907
78 4 83.856
78 6 45.579
78 8 4.891
78 9 82.575
78 12 68.778
78 14 32.346
78 16 51.842
78 24 96.097
78 27 47.997
78 28 53.9
78 29 22.634
78 30 88.11
78 34 99.986
78 35 55.252
78 37 7.238
78 51 7.652
78 52 55.25
78 55 32.826
78 56 31.74
78 57 14.482
78 61 69.265
78 64 61.079
78 69 86.028
78 70 32.698
78 71 41.054
78 73 14.968
78 75 20.036
78 48 26.098
78 18 27.892
78 80 38.19
78 13 38.476
78 74 69.871
78 44 21.288
78 81 94.803
78 7 81.872
78 97 84.643
78 98 24.798
78 21 46.977
78 3 51.393
78 46 74.225
78 79 60.817
78 93 93.931
78 41 58.836
78 92 56.943
78 53 64.933
78 96 38.634
78 32 24.403
78 19 75.066
78 50 38.337
78 72 15.09
78 83 82.752
78 90 63.998
98 2 91.12
98 4 76.644
98 6 68.344
98 8 0.879
98 18 92.657
98 21 27.049
98 28 4.487
98 29 54.078
98 30 79.352
98 34 49.887
98 35 37.339
98 37 56.458
98 45 34.761
98 46 13.397
98 48 29.632
98 51 92.412
98 54 47.95
98 55 44.036
98 59 86.556
98 62 22.875
98 63 81.584
98 67 62.0
98 70 62.9
98 71 35.834
98 72 37.51
98 73 41.703
98 80 96.386
98 81 77.35
98 83 25.387
98 85 90.836
98 89 14.61
98 90 8.373
98 91 0.14
98 93 63.6
98 96 1.342
98 97 82.192
98 12 70.752
98 64 7.654
98 3 49.504
98 57 86.629
98 88 83.57
98 69 60.042
98 13 38.234
98 47 93.153
98 1 12.721
98 53 76.449
98 56 71.765
98 74 59.801
98 9 97.144
98 79 55.052
98 14 73.222
98 61 22.3
76 4 99.739
76 6 64.167
76 9 55.826
76 12 97.681
76 14 40.533
76 16 35.844
76 18 14.802
76 19 89.002
76 21 62.197
76 24 19.917
76 28 48.334
76 31 84.515
76 32 95.627
76 34 27.02
76 35 45.286
76 39 8.891
76 44 52.42
76 45 95.337
76 46 76.961
76 48 82.894
76 54 85.089
76 57 14.876
76 62 84.841
76 63 48.191
76 67 46.799
76 69 89.367
76 73 56.234
76 55 73.188
76 80 56.9
76 26 29.241
76 51 29.74
76 25 0.753
76 64 27.398
76 70 19.184
76 88 72.844
76 10 34.148
76 47 20.578
76 52 89.891
76 50 64.194
76 27 76.31
76 90 25.892
76 89 8.081
76 79 71.857
76 56 96.878
76 11 72.349
76 97 42.074
76 30 93.907
76 2 51.782
76 42 78.136
76 1 21.83
76 71 26.348
76 33 89.832
76 81 8.153
76 92 93.927
45 3 60.986
45 4 3.335
45 9 17.776
45 16 30.176
45 18 63.301
45 19 78.477
45 24 35.823
45 28 29.364
45 29 67.041
45 30 52.784
45 31 55.41
45 33 36.209
45 34 78.132
45 35 61.608
45 42 84.45
45 52 54.424
45 89 21.323
45 26 86.787
45 6 86.416
45 90 78.354
45 27 15.555
45 73 16.893
45 37 37.513
45 74 24.86
45 8 40.792
45 93 16.344
45 61 66.467
45 62 73.757
45 50 76.591
45 81 99.003
45 80 31.462
45 55 74.953
45 13 27.644
45 57 39.817
45 75 74.072
45 56 35.603
45 63 23.06
45 47 99.537
45 1 90.838
45 46 6.589
45 48 32.012
45 53 5.842
45 64 62.92
45 70 60.651
45 71 35.371
45 79 12.462
45 83 34.129
45 88 83.464
45 91 35.643
45 92 56.23
45 96 67.106
45 97 28.411
57 4 58.68
57 8 82.596
57 9 29.367
57 11 40.09
57 13 49.045
57 16 72.249
57 18 48.547
57 19 20.18
57 29 17.115
57 31 73.693
57 32 22.445
57 33 87.716
57 35 39.511
57 39 85.311
57 42 96.521
57 47 75.248
57 48 73.231
57 51 69.884
57 52 55.658
57 54 79.18
57 55 57.116
57 10 19.123
57 97 98.485
57 53 75.496
57 70 31.145
57 72 43.863
57 90 22.704
57 6 19.44
57 30 59.526
57 26 40.871
57 50 79.933
57 27 33.689
57 88 51.237
57 56 95.79
57 41 91.383
57 81 30.926
57 37 17.138
57 69 39.583
57 89 48.789
57 59 42.717
57 61 96.632
57 63 50.894
57 92 96.952
57 91 18.493
57 83 78.776
57 80 61.757
57 62 73.316
57 64 91.092
57 74 59.281
57 85 5.425
57 93 83.167
57 96 66.617
89 2 2.953
89 3 34.82
89 7 79.195
89 13 26.414
89 14 2.814
89 18 39.798
89 21 96.037
89 27 79.722
89 28 48.522
89 29 50.423
89 32 6.037
89 39 63.058
89 41 97.259
89 42 18.213
89 46 19.673
89 47 6.043
89 53 57.803
89 54 59.371
89 56 11.227
89 59 10.077
89 61 83.929
89 62 86.955
89 63 79.903
89 64 28.679
89 70 52.486
89 71 11.066
89 73 44.542
89 74 78.595
89 75 29.744
89 79 42.65
89 80 38.556
89 81 43.171
89 85 8.426
89 88 32.319
89 72 9.597
89 35 91.759
89 1 41.854
89 8 58.574
89 16 50.252
89 26 26.049
89 4 82.151
89 52 67.065
89 34 0.352
89 33 6.228
89 48 67.639
89 30 67.884
89 93 79.127
89 10 93.14
89 69 33.948
89 96 54.128
89 97 37.99
89 91 12.08
89 50 58.685
6 1 53.621
6 2 24.541
6 3 39.719
6 56 95.464
6 52 41.334
6 8 81.118
6 71 52.817
6 11 92.158
6 26 40.018
6 31 0.003
6 30 86.728
6 29 34.221
6 21 23.535
6 16 18.124
6 37 27.538
6 18 13.43
6 83 60.997
6 25 28.881
6 69 75.236
6 19 65.141
6 50 99.303
6 35 52.522
6 47 64.835
6 32 99.977
6 88 89.803
6 10 76.155
6 90 66.119
6 72 10.233
6 42 2.987
6 33 14.846
6 39 19.411
6 48 99.64
6 51 81.272
6 12 67.514
6 13 83.488
6 24 68.799
6 44 13.579
6 46 97.046
6 53 7.875
6 55 23.78
6 62 84.831
6 63 61.621
6 64 56.885
6 75 44.491
6 85 68.056
6 92 87.983
6 93 67.3
6 96 10.385
50 2 85.509
50 3 59.356
50 4 18.079
50 9 91.432
50 10 99.773
50 12 9.359
50 19 50.789
50 24 69.019
50 25 56.852
50 26 44.907
50 27 72.091
50 28 70.029
50 31 91.904
50 41 97.018
50 42 10.034
50 44 88.425
50 11 27.594
50 70 8.527
50 64 21.975
50 63 73.293
50 75 8.787
50 67 73.864
50 72 95.171
50 55 86.979
50 18 71.322
50 97 42.975
50 48 18.141
50 14 29.045
50 71 83.412
50 56 17.178
50 93 51.903
50 52 53.371
50 69 65.79
50 1 4.455
50 61 29.668
50 53 73.014
50 34 78.941
50 88 36.882
50 81 44.537
50 54 34.216
50 90 64.407
50 46 88.724
50 7 29.222
50 92 18.41
50 33 17.426
50 51 7.012
50 59 5.479
50 62 65.835
50 85 88.92
50 91 85.93
50 96 95.542
16 3 26.637
16 4 82.541
16 7 88.288
16 8 87.4
16 10 59.686
16 11 75.961
16 12 8.171
16 27 22.232
16 83 33.999
16 18 41.867
16 69 46.961
16 30 50.713
16 59 85.892
16 63 95.958
16 56 81.076
16 72 1.489
16 34 17.692
16 2 66.262
16 97 55.829
16 96 65.418
16 47 46.517
16 33 48.524
16 81 62.421
16 26 94.418
16 64 6.734
16 1 25.898
16 32 90.109
16 91 74.801
16 53 99.461
16 92 4.007
16 93 20.188
16 54 30.72
16 21 1.114
16 13 53.008
16 90 33.534
16 79 56.19
16 44 40.796
16 71 58.364
16 55 72.895
16 19 0.984
16 25 74.728
16 28 47.835
16 29 67.007
16 31 50.095
16 39 79.16
16 41 40.638
16 46 85.528
16 48 32.222
16 51 21.029
16 67 50.332
16 70 78.345
16 80 95.913
37 2 31.112
37 12 58.474
37 14 29.403
37 29 85.682
37 30 90.007
37 31 54.867
37 34 30.087
37 35 46.403
37 92 14.576
37 27 64.844
37 42 41.92
37 13 83.279
37 64 19.521
37 47 0.73
37 97 42.252
37 28 70.084
37 69 82.961
37 63 13.122
37 4 50.534
37 67 66.299
37 75 88.08
37 44 10.823
37 71 21.093
37 73 95.129
37 53 67.352
37 81 27.718
37 26 99.431
37 59 47.956
37 83 0.083
37 19 14.515
37 41 8.027
37 79 46.699
37 55 77.288
37 80 91.622
37 9 65.302
37 51 40.368
37 32 36.325
37 39 23.269
37 48 51.142
37 46 23.493
37 52 47.212
37 54 87.012
37 61 44.513
37 70 18.765
37 74 70.068
37 85 73.842
37 90 51.741
37 91 25.408
37 96 62.856
31 2 46.773
31 3 11.38
31 8 58.241
31 9 34.648
31 13 92.774
31 25 78.175
31 26 41.108
31 27 60.602
31 29 78.384
31 11 39.773
31 35 74.844
31 74 47.05
31 71 88.079
31 62 47.894
31 91 84.954
31 12 25.377
31 55 74.888
31 73 75.451
31 96 53.262
31 85 53.364
31 39 98.867
31 30 32.708
31 63 32.127
31 42 40.156
31 64 57.054
31 88 7.176
31 14 35.855
31 79 11.227
31 69 16.35
31 52 67.544
31 48 47.84
31 10 68.279
31 75 49.749
31 56 76.462
31 59 13.145
31 53 22.585
31 44 15.194
31 97 59.715
31 1 66.777
31 32 87.791
31 34 58.94
31 51 87.204
31 54 36.93
31 70 51.774
31 80 58.07
31 81 97.909
54 1 69.779
54 7 43.215
54 10 85.341
54 13 46.384
54 14 46.387
54 18 90.668
54 24 24.136
54 26 58.138
54 27 44.928
54 28 13.538
54 29 91.129
54 30 22.346
54 39 63.822
54 41 84.232
54 44 62.89
54 46 99.338
54 47 33.296
54 52 76.968
54 85 42.951
54 2 80.881
54 67 9.062
54 19 83.706
54 90 36.743
54 62 31.712
54 3 73.101
54 55 50.145
54 12 25.831
54 91 2.864
54 63 30.787
54 92 84.319
54 11 59.193
54 8 63.722
54 75 50.417
54 51 91.265
54 35 48.711
54 97 34.787
54 32 45.902
54 88 51.111
54 83 60.982
54 9 65.354
54 34 34.324
54 56 58.867
54 59 43.047
54 61 23.807
54 64 11.821
54 69 19.533
54 70 67.179
54 71 89.231
54 79 13.501
54 80 57.938
54 81 15.051
54 93 23.756
54 96 44.554
96 2 53.427
96 3 45.033
96 4 82.749
96 9 76.936
96 12 56.513
96 13 84.172
96 19 69.454
96 24 69.212
96 26 85.674
96 29 97.05
96 33 97.267
96 34 85.468
96 35 39.131
96 41 49.723
96 42 54.756
96 44 28.259
96 46 49.829
96 48 45.777
96 51 87.677
96 52 12.773
96 56 83.751
96 61 73.635
96 64 26.406
96 67 66.507
96 70 50.687
96 71 0.437
96 72 57.759
96 73 32.898
96 88 31.506
96 91 80.193
96 92 99.43
96 93 35.932
96 18 66.428
96 97 61.773
96 28 79.754
96 79 51.434
96 74 14.543
96 1 92.499
96 85 5.423
96 14 74.907
96 75 52.155
96 81 57.934
96 69 30.03
96 59 48.28
96 25 26.146
96 8 81.433
96 55 27.465
25 3 59.218
25 7 90.329
25 8 24.768
25 9 80.832
25 11 18.655
25 12 25.007
25 14 19.247
25 18 47.754
25 19 95.109
25 24 59.459
25 55 23.06
25 83 8.191
25 56 46.9
25 26 11.483
25 41 9.09
25 79 63.841
25 88 86.059
25 33 25.484
25 75 58.947
25 90 2.826
25 97 95.566
25 71 87.639
25 92 8.615
25 29 78.914
25 85 86.123
25 64 68.229
25 53 83.545
25 34 19.526
25 74 84.025
25 27 19.741
25 4 29.575
25 51 66.495
25 28 54.116
25 80 87.519
25 10 78.311
25 13 83.139
25 44 80.409
25 42 63.913
25 67 57.047
25 52 18.49
25 32 43.743
25 35 2.373
25 39 15.428
25 46 89.405
25 47 60.716
25 61 95.217
25 62 40.623
25 63 6.714
25 73 26.578
25 91 19.258
42 1 79.732
42 2 22.774
42 3 44.408
42 4 90.535
42 8 30.015
42 9 53.351
42 10 4.628
42 12 43.093
42 18 62.724
42 24 45.034
42 30 85.206
42 32 51.168
42 39 58.347
42 41 64.782
42 52 46.886
42 56 82.078
42 11 28.464
42 74 17.468
42 97 67.087
42 48 56.712
42 59 75.796
42 73 99.23
42 70 54.511
42 64 96.246
42 46 2.777
42 35 8.924
42 29 95.214
42 91 40.534
42 72 2.492
42 27 19.208
42 85 82.551
42 93 97.668
42 33 98.891
42 28 27.132
42 61 24.206
42 71 98.698
42 62 87.49
42 34 42.245
42 44 42.459
42 63 64.897
42 75 58.462
42 79 83.792
42 81 28.031
42 83 24.83
42 88 65.162
18 1 88.842
18 4 40.264
18 10 4.384
18 13 78.247
18 30 78.426
18 92 31.669
18 75 48.942
18 29 21.326
18 52 37.672
18 14 70.688
18 2 34.086
18 3 28.804
18 63 53.715
18 39 25.207
18 28 59.747
18 51 15.601
18 47 33.039
18 71 4.375
18 32 97.462
18 73 94.136
18 64 62.823
18 88 27.959
18 9 41.902
18 41 14.482
18 56 24.322
18 33 0.752
18 59 69.619
18 97 84.051
18 19 63.746
18 46 59.591
18 62 79.882
18 11 24.43
18 34 72.428
18 93 34.545
18 21 93.741
18 24 76.241
18 26 12.161
18 27 50.263
18 35 76.19
18 44 60.167
18 48 77.248
18 53 91.976
18 55 96.248
18 61 72.205
18 72 24.0
18 74 77.409
18 79 12.292
18 80 48.392
18 83 46.056
18 90 41.913
18 91 65.561
19 1 82.033
19 3 69.311
19 4 70.594
19 9 43.545
19 10 24.409
19 11 62.303
19 12 60.056
19 39 51.423
19 90 3.14
19 26 51.279
19 30 30.359
19 71 99.556
19 47 0.317
19 41 53.921
19 69 93.257
19 2 89.946
19 91 85.313
19 27 47.322
19 92 93.902
19 73 52.565
19 93 78.229
19 74 50.533
19 32 20.225
19 61 38.994
19 51 18.683
19 75 87.93
19 81 28.235
19 14 79.749
19 29 84.659
19 56 75.93
19 88 42.258
19 7 92.442
19 53 45.87
19 24 67.949
19 21 12.083
19 28 72.889
19 33 16.761
19 44 29.401
19 48 7.152
19 52 80.152
19 63 51.488
19 79 49.928
19 97 40.278
32 1 30.935
32 3 32.817
32 8 81.959
32 9 25.068
32 12 78.274
32 13 85.489
32 21 18.121
32 26 52.365
32 27 13.892
32 28 9.214
32 4 0.205
32 39 30.473
32 73 55.627
32 81 29.564
32 47 44.872
32 85 53.053
32 10 15.768
32 91 21.076
32 75 63.168
32 93 8.191
32 46 79.443
32 63 40.593
32 30 47.535
32 88 32.197
32 2 81.948
32 62 96.863
32 97 41.002
32 41 14.763
32 52 67.875
32 72 91.4
32 55 7.846
32 74 37.425
32 11 1.905
32 59 17.34
32 64 9.679
32 34 24.731
32 51 12.471
32 53 31.937
32 61 35.512
32 70 89.039
32 71 42.207
32 79 74.517
32 80 49.351
32 83 79.414
32 90 23.134
48 1 57.259
48 2 41.774
48 3 51.805
48 4 44.752
48 7 27.197
48 9 55.534
48 11 84.625
48 14 24.623
48 21 24.764
48 26 1.719
48 27 6.743
48 30 41.643
48 35 36.152
48 41 70.375
48 46 0.697
48 47 73.056
48 39 27.213
48 97 13.773
48 79 37.096
48 92 96.753
48 51 58.906
48 34 32.356
48 44 99.417
48 88 83.902
48 61 26.907
48 83 58.418
48 81 68.881
48 75 24.374
48 10 68.334
48 53 10.636
48 13 34.572
48 56 68.173
48 69 57.728
48 12 45.502
48 63 33.11
48 71 38.433
48 64 11.225
48 55 91.421
48 59 20.095
48 62 41.64
48 67 74.098
48 70 15.478
48 72 46.866
48 74 69.988
48 80 52.477
48 91 79.702
4 3 42.773
4 88 40.47
4 59 52.777
4 52 51.369
4 83 21.176
4 30 85.886
4 62 68.354
4 80 55.698
4 72 83.562
4 55 70.741
4 1 34.303
4 61 2.106
4 12 38.18
4 44 37.879
4 74 79.04
4 28 9.673
4 13 44.105
4 70 61.864
4 39 16.474
4 75 53.581
4 79 4.521
4 90 99.289
4 21 14.248
4 67 77.067
4 26 30.825
4 8 33.528
4 14 34.632
4 24 43.237
4 29 62.998
4 41 53.965
4 47 31.888
4 51 11.913
4 63 32.79
4 81 38.626
4 85 44.691
4 91 79.79
4 92 88.975
93 2 73.923
93 3 74.732
93 8 26.668
93 9 98.352
93 12 34.026
93 13 75.223
93 14 56.225
93 24 75.672
93 29 89.066
93 39 37.474
93 44 23.552
93 47 99.521
93 52 62.576
93 55 30.599
93 56 46.357
93 61 28.891
93 67 39.913
93 71 90.383
93 72 96.576
93 73 21.042
93 74 65.598
93 79 61.05
93 81 75.292
93 88 94.802
93 90 30.959
93 91 80.689
93 33 42.665
93 27 43.264
93 30 50.56
93 21 72.002
93 97 89.605
93 83 20.137
93 80 29.093
93 62 30.43
93 10 73.302
93 26 77.836
93 92 40.903
93 7 36.877
93 70 9.859
34 1 23.211
34 2 31.381
34 7 92.554
34 8 85.114
34 10 45.857
34 11 86.522
34 13 99.546
34 21 60.81
34 26 39.442
34 27 6.396
34 33 18.134
34 51 44.991
34 9 21.401
34 44 26.483
34 69 11.967
34 92 17.904
34 35 89.656
34 97 93.819
34 70 51.208
34 46 95.138
34 73 36.211
34 28 37.252
34 3 63.152
34 67 98.757
34 56 46.313
34 72 31.552
34 71 73.853
34 79 42.189
34 53 3.17
34 80 75.568
34 59 82.925
34 61 29.532
34 62 74.248
34 63 69.652
34 64 36.407
34 74 81.851
34 81 42.766
34 83 61.277
34 85 1.864
34 90 66.32
34 91 42.499
92 3 18.075
92 7 68.84
92 9 26.183
92 11 27.581
92 12 83.775
92 13 96.126
92 30 88.411
92 33 78.881
92 35 72.737
92 39 85.865
92 46 79.651
92 47 6.967
92 52 62.182
92 53 88.011
92 56 40.57
92 61 52.093
92 63 40.831
92 64 47.785
92 70 14.557
92 73 69.471
92 79 53.093
92 80 24.675
92 83 90.361
92 91 88.137
92 28 0.667
92 1 44.23
92 14 6.476
92 29 66.346
92 62 28.672
92 51 4.239
92 69 32.242
92 71 64.678
92 59 16.367
92 44 96.276
92 10 41.481
92 55 74.109
92 67 65.898
92 2 7.938
92 81 85.068
92 27 41.46
44 1 89.728
44 2 6.544
44 3 90.916
44 7 91.037
44 8 34.624
44 9 63.279
44 11 24.982
44 12 48.221
44 13 55.617
44 21 35.21
44 27 10.562
44 28 43.334
44 30 94.089
44 33 84.531
44 35 58.217
44 39 37.463
44 41 83.322
44 53 26.645
44 74 17.94
44 51 74.98
44 47 91.625
44 56 54.179
44 64 82.817
44 61 43.312
44 70 55.179
44 26 23.521
44 46 60.268
44 69 11.804
44 81 87.079
44 63 57.519
44 52 33.27
44 55 6.44
44 29 25.503
44 85 75.993
44 67 10.956
44 62 92.711
44 59 16.226
44 83 75.025
44 88 34.855
44 97 38.73
52 1 57.923
52 3 79.798
52 8 44.501
52 10 10.024
52 11 13.932
52 30 50.094
52 46 65.216
52 47 42.378
52 67 73.103
52 39 32.408
52 13 76.745
52 75 44.532
52 14 69.519
52 56 66.734
52 55 35.06
52 9 59.888
52 73 93.78
52 28 11.861
52 53 53.658
52 71 10.351
52 70 74.938
52 59 15.235
52 24 74.586
52 21 6.529
52 61 85.804
52 90 10.203
52 29 48.808
52 7 98.284
52 62 81.784
52 72 26.007
52 79 51.953
52 80 73.477
52 81 50.112
52 97 37.551
28 2 43.66
28 8 29.021
28 13 7.077
28 14 91.02
28 21 1.537
28 24 62.102
28 26 11.157
28 46 72.478
28 1 8.541
28 71 17.138
28 7 86.657
28 80 83.505
28 59 20.553
28 53 58.359
28 9 8.166
28 90 99.44
28 56 86.555
28 63 85.504
28 69 73.031
28 81 55.12
28 61 82.163
28 11 71.107
28 29 86.123
28 30 94.051
28 73 85.492
28 88 31.151
28 33 32.121
28 47 62.909
28 55 27.002
28 62 64.621
28 64 9.641
28 72 90.658
28 79 2.456
28 85 12.127
62 1 24.034
62 3 51.955
62 8 29.817
62 9 66.298
62 13 65.791
62 14 73.28
62 21 7.853
62 24 77.36
62 26 38.942
62 27 75.249
62 29 43.73
62 30 17.803
62 33 28.274
62 35 2.317
62 39 52.459
62 46 90.072
62 51 26.072
62 55 46.405
62 56 58.409
62 61 37.359
62 75 65.178
62 63 45.147
62 90 67.188
62 12 2.87
62 64 17.825
62 69 56.554
62 67 31.574
62 10 48.874
62 72 40.585
62 83 48.618
62 97 79.032
62 79 17.038
62 91 71.122
62 70 79.074
62 73 32.925
62 80 45.699
62 81 43.471
62 85 44.61
1 29 30.136
1 27 87.488
1 2 61.871
1 30 18.154
1 83 68.012
1 88 28.707
1 3 83.177
1 67 28.46
1 9 81.842
1 24 21.279
1 13 13.265
1 53 50.735
1 26 35.066
1 75 41.751
1 55 80.218
1 39 36.696
1 90 67.914
1 21 72.858
1 79 72.891
1 80 30.66
1 74 76.083
1 56 56.963
1 8 79.914
1 69 76.948
1 7 67.175
1 61 82.696
1 51 91.224
1 11 95.762
1 12 13.142
1 14 49.567
1 35 2.331
1 41 11.978
1 46 45.39
1 47 57.752
1 63 53.254
1 64 8.667
1 71 55.098
1 81 64.274
1 91 20.611
29 2 19.687
29 9 26.712
29 10 70.775
29 12 7.71
29 21 50.1
29 26 45.199
29 27 53.82
29 80 53.022
29 83 18.213
29 41 8.667
29 13 93.318
29 3 2.948
29 63 57.011
29 91 31.536
29 61 14.162
29 67 26.901
29 90 25.782
29 11 5.982
29 39 50.647
29 97 78.874
29 56 88.295
29 14 6.087
29 7 35.648
29 85 62.829
29 47 86.768
29 30 40.717
29 33 30.443
29 46 9.283
29 53 22.544
29 64 12.918
29 69 20.74
29 74 11.674
29 75 71.621
29 79 32.289
29 81 37.701
27 2 65.139
27 7 10.614
27 9 30.017
27 11 7.523
27 12 50.829
27 35 64.566
27 74 7.869
27 83 91.996
27 8 12.223
27 67 0.829
27 24 93.344
27 33 58.956
27 53 56.068
27 91 48.451
27 80 43.008
27 46 10.792
27 47 71.439
27 21 73.507
27 88 31.268
27 81 68.043
27 75 89.664
27 61 7.286
27 39 71.052
27 26 76.604
27 72 45.604
27 13 32.777
27 55 5.648
27 59 91.707
27 63 16.919
27 71 74.783
27 79 43.703
2 14 87.129
2 35 53.657
2 41 42.368
2 56 29.611
2 88 29.634
2 81 25.562
2 72 27.06
2 70 49.069
2 75 86.43
2 47 36.24
2 71 21.775
2 91 13.038
2 73 47.687
2 26 9.741
2 83 66.313
2 55 47.339
2 80 75.528
2 33 13.505
2 51 31.75
2 61 81.252
2 10 83.621
2 7 74.083
2 21 87.514
2 53 67.81
2 63 32.491
2 64 20.752
2 67 44.754
2 74 75.962
30 3 51.44
30 7 68.049
30 11 69.742
30 97 84.358
30 85 8.432
30 72 83.559
30 39 30.54
30 90 34.878
30 33 90.26
30 56 21.286
30 91 64.667
30 80 77.24
30 74 13.443
30 41 93.466
30 63 36.842
30 55 15.039
30 47 92.745
30 13 12.983
30 69 74.379
30 14 52.701
30 12 8.944
30 10 40.929
30 9 92.552
30 53 32.339
30 61 71.298
30 67 98.687
30 70 74.488
30 71 80.84
30 75 9.407
30 79 37.594
30 88 16.599
83 8 36.786
83 9 15.187
83 11 0.119
83 12 70.584
83 14 17.208
83 21 88.914
83 24 62.203
83 35 48.708
83 39 4.235
83 47 2.225
83 53 0.637
83 55 8.519
83 56 94.965
83 61 2.419
83 63 16.774
83 69 44.745
83 72 44.186
83 73 69.775
83 75 20.849
83 79 2.78
83 81 80.868
83 91 37.909
83 90 64.315
83 41 41.329
83 97 46.141
83 3 78.841
83 67 96.815
83 26 96.908
83 88 44.911
88 3 4.785
88 9 19.519
88 10 10.064
88 11 25.741
88 13 42.85
88 14 21.525
88 21 88.494
88 26 49.992
88 33 36.184
88 35 92.208
88 39 25.65
88 46 29.119
88 47 40.309
88 61 99.33
88 63 35.536
88 64 78.163
88 69 86.962
88 70 40.451
88 74 53.49
88 75 31.316
88 79 3.708
88 8 27.751
88 71 6.905
88 67 48.883
88 90 70.888
88 24 94.868
88 51 91.072
88 81 45.12
88 55 70.894
88 72 27.686
88 91 48.099
3 53 39.969
3 24 81.583
3 56 57.739
3 13 1.161
3 46 12.568
3 81 42.313
3 75 69.812
3 41 20.257
3 85 32.19
3 90 39.045
3 9 99.954
3 80 44.17
3 14 77.725
3 8 0.192
3 51 12.286
3 72 28.702
3 7 54.168
3 97 6.169
3 12 13.02
3 21 93.919
3 59 64.636
3 61 12.957
3 63 29.165
3 64 40.57
3 67 5.427
3 69 3.369
3 74 29.861
3 79 32.955
67 9 34.314
67 10 33.338
67 12 13.427
67 13 39.118
67 14 40.238
67 26 60.583
67 33 34.473
67 39 11.54
67 41 32.552
67 46 66.415
67 47 57.571
67 53 76.35
67 55 29.503
67 59 30.808
67 64 26.64
67 8 27.626
67 61 43.148
67 90 88.645
67 73 37.172
67 72 97.553
67 56 93.889
67 24 58.467
67 91 60.445
67 21 24.647
67 85 15.278
67 51 45.768
67 69 89.025
67 74 19.986
9 8 66.089
9 12 37.709
9 56 61.67
9 63 27.233
9 64 95.978
9 7 44.912
9 74 2.564
9 13 93.643
9 55 94.876
9 59 20.407
9 24 46.697
9 81 91.485
9 21 22.567
9 47 52.96
9 41 21.904
9 97 64.826
9 79 70.829
9 26 35.666
9 10 14.137
9 11 38.111
9 14 48.136
9 35 37.04
9 39 24.902
9 51 11.448
9 53 83.645
9 69 13.876
9 90 87.242
9 91 22.792
24 7 11.275
24 10 7.418
24 13 24.948
24 14 60.481
24 41 54.546
24 35 81.572
24 63 89.481
24 26 50.883
24 80 90.025
24 81 65.766
24 39 75.794
24 72 66.818
24 12 41.858
24 74 25.424
24 70 27.58
24 69 42.215
24 79 59.253
24 56 94.987
24 8 4.03
24 75 55.554
24 53 1.864
24 47 7.582
24 46 19.817
24 51 86.897
24 59 77.792
24 71 30.123
24 73 35.889
24 85 43.566
24 91 45.777
24 97 12.53
13 8 83.546
13 10 70.998
13 11 37.079
13 12 27.255
13 64 9.296
13 39 5.98
13 79 38.467
13 56 24.958
13 71 31.916
13 61 27.631
13 91 28.51
13 53 54.115
13 69 78.49
13 75 11.034
13 70 50.492
13 51 2.362
13 14 54.2
13 63 83.788
13 35 77.256
13 80 24.753
13 73 89.74
13 81 97.574
13 21 26.457
13 26 41.567
13 59 24.193
13 72 59.623
13 74 16.093
13 97 37.047
53 7 77.84
53 8 35.838
53 10 94.659
53 11 27.207
53 12 91.421
53 41 94.364
53 51 84.57
53 33 44.989
53 47 46.611
53 70 56.237
53 21 7.022
53 72 26.743
53 80 67.168
53 91 3.516
53 97 92.966
53 63 20.305
53 79 73.907
53 61 9.836
53 55 48.274
53 74 53.283
53 81 54.035
53 46 92.977
53 59 32.327
53 64 78.848
53 69 93.764
53 75 81.125
53 90 52.892
26 7 87.979
26 10 72.997
26 12 75.682
26 51 9.74
26 61 45.748
26 21 59.93
26 69 12.894
26 46 2.618
26 85 46.53
26 90 81.832
26 14 64.647
26 79 73.473
26 47 58.435
26 11 59.395
26 55 85.336
26 97 3.382
26 63 82.15
26 39 72.906
26 64 81.407
26 70 82.883
26 71 95.997
26 73 24.599
26 74 89.637
26 81 75.397
26 91 57.225
75 14 15.728
75 21 52.279
75 41 50.089
75 55 26.952
75 56 44.226
75 59 19.191
75 61 37.151
75 69 50.517
75 71 16.324
75 80 63.418
75 90 94.314
75 46 15.846
75 39 49.817
75 63 25.422
75 79 90.025
75 70 88.818
75 97 47.829
75 72 80.129
75 51 33.128
75 91 31.548
75 73 2.847
75 74 86.081
75 85 26.066
75 64 9.181
75 81 46.507
55 8 17.573
55 10 75.139
55 21 28.97
55 35 10.681
55 41 32.412
55 51 24.166
55 7 69.989
55 90 37.165
55 69 25.773
55 56 16.718
55 33 53.678
55 59 66.189
55 79 73.447
55 61 80.374
55 14 18.138
55 85 75.247
55 39 77.006
55 64 83.639
55 72 78.689
55 70 86.366
55 71 98.354
55 63 79.592
55 73 56.881
55 74 55.358
39 7 9.413
39 8 33.376
39 10 55.909
39 11 5.821
39 12 21.144
39 21 40.364
39 33 61.874
39 35 59.007
39 64 78.358
39 97 70.293
39 47 13.863
39 56 81.557
39 51 53.878
39 14 59.02
39 91 11.299
39 90 13.752
39 79 54.122
39 61 2.985
39 59 62.758
39 71 83.936
39 73 0.652
39 74 61.112
39 80 99.55
39 81 25.252
39 85 74.881
90 8 93.644
90 10 58.778
90 11 93.724
90 12 84.383
90 14 59.528
90 21 1.509
90 47 60.791
90 51 38.62
90 56 12.725
90 69 19.149
90 70 1.796
90 74 96.954
90 72 8.283
90 85 96.623
90 97 82.167
90 73 37.435
90 46 77.273
90 59 1.003
90 71 52.9
90 7 18.885
90 33 75.796
90 91 75.514
21 8 14.977
21 10 49.162
21 11 61.775
21 14 65.058
21 7 17.187
21 85 30.212
21 56 49.018
21 51 81.377
21 74 85.469
21 71 50.911
21 79 82.648
21 35 52.548
21 91 14.747
21 46 46.97
21 72 10.552
21 33 92.115
21 41 65.276
21 47 49.046
21 59 17.364
21 61 81.904
21 63 92.783
21 70 25.723
21 80 68.11
79 7 3.964
79 11 31.732
79 14 63.666
79 41 16.233
79 46 78.986
79 47 82.169
79 51 60.532
79 59 8.51
79 64 87.977
79 72 10.602
79 74 34.978
79 91 92.981
79 73 74.089
79 69 15.99
79 8 31.252
79 85 79.439
79 70 71.323
79 80 16.148
79 81 74.239
79 97 90.097
80 7 58.186
80 8 96.669
80 12 32.564
80 35 10.639
80 46 81.591
80 47 66.853
80 56 42.563
80 59 24.178
80 64 58.376
80 72 49.43
80 73 58.724
80 91 10.726
80 61 53.924
80 69 99.978
80 74 48.517
80 85 82.058
80 97 57.663
74 7 59.178
74 10 51.561
74 11 65.261
74 12 41.795
74 14 94.143
74 33 77.506
74 46 17.322
74 47 89.026
74 51 25.514
74 56 82.069
74 61 35.724
74 69 29.478
74 72 21.323
74 73 1.29
74 41 0.596
74 8 86.116
74 91 86.072
74 35 39.575
74 81 62.954
74 85 59.638
74 97 12.118
56 12 13.819
56 33 70.986
56 41 65.011
56 51 98.362
56 7 11.469
56 61 53.864
56 11 84.034
56 73 75.991
56 71 39.283
56 63 37.371
56 8 1.526
56 97 40.802
56 64 25.472
56 85 95.417
56 69 1.809
56 59 16.201
56 70 17.68
56 81 38.793
56 91 19.203
8 7 23.594
8 11 80.688
8 71 73.85
8 12 55.305
8 63 50.463
8 47 28.72
8 41 38.015
8 97 45.974
8 73 80.86
8 81 93.477
8 33 92.029
8 10 24.168
8 35 77.009
8 51 21.998
8 61 98.0
8 64 15.24
8 69 56.434
8 85 82.898
69 11 17.063
69 12 41.07
69 33 86.52
69 41 43.241
69 61 66.782
69 46 62.798
69 70 52.698
69 63 49.995
69 72 44.985
69 47 17.813
69 73 95.679
69 71 29.896
69 81 12.786
7 51 43.506
7 73 78.556
7 47 46.236
7 41 72.397
7 14 7.375
7 63 21.323
7 97 53.768
7 33 21.044
7 71 15.472
7 12 45.59
7 85 75.349
7 59 33.044
7 35 25.836
7 61 70.733
7 64 29.867
7 70 91.997
7 81 74.721
7 91 93.154
61 10 80.764
61 12 73.711
61 14 94.89
61 33 42.992
61 35 11.106
61 46 50.453
61 51 36.148
61 47 98.884
61 70 84.834
61 11 37.769
61 85 74.06
61 91 91.536
61 63 98.42
61 71 78.493
61 81 27.205
61 64 44.042
61 97 16.454
51 11 20.161
51 14 26.797
51 41 38.622
51 46 84.337
51 63 91.056
51 59 87.592
51 12 88.932
51 64 28.954
51 97 60.052
51 70 67.074
51 10 67.504
51 85 37.425
51 91 88.646
14 11 31.44
14 12 60.55
14 70 80.01
14 72 30.421
14 97 56.4
14 46 28.743
14 63 83.325
14 47 79.312
14 73 97.099
14 10 28.34
14 41 17.663
14 33 17.567
14 35 16.382
14 59 82.232
14 64 18.609
14 85 72.524
14 91 52.517
35 11 20.163
35 12 82.715
35 81 14.931
35 70 57.975
35 71 21.039
35 10 54.44
35 91 22.195
35 41 47.986
35 46 74.532
35 47 69.562
35 59 83.701
35 63 20.741
35 72 64.091
35 97 29.67
41 10 93.885
41 11 98.781
41 12 56.949
41 33 36.964
41 64 86.2
41 59 43.917
41 70 36.859
41 81 59.928
41 47 18.657
41 73 81.161
41 63 53.389
41 71 68.126
41 72 86.414
41 97 92.894
81 10 26.73
81 46 88.989
81 59 90.094
81 64 81.297
81 70 19.292
81 71 76.689
81 72 54.875
81 11 49.86
81 47 63.445
81 91 26.986
81 12 29.467
81 33 95.869
81 97 48.755
72 10 80.523
72 11 87.735
72 46 14.737
72 47 32.593
72 63 60.091
72 71 55.04
72 33 31.41
72 12 70.435
72 59 39.387
72 97 88.938
72 64 84.417
72 73 1.448
72 91 84.604
70 10 72.146
70 11 79.7
70 33 46.29
70 47 81.95
70 59 83.879
70 63 19.971
70 73 29.806
70 71 12.896
70 12 8.944
70 85 21.747
70 91 40.627
47 10 84.889
47 33 55.14
47 46 68.09
47 71 42.344
47 91 91.76
47 12 65.95
47 73 84.179
47 59 55.841
47 64 88.449
47 85 8.707
47 97 58.747
71 10 48.177
71 33 22.229
71 46 84.753
71 64 97.324
71 12 97.344
71 91 67.418
71 63 83.548
71 97 14.727
71 59 45.974
71 73 93.953
71 85 72.851
91 10 35.447
91 12 21.508
91 33 37.951
91 59 68.494
91 64 87.791
91 63 49.199
91 11 88.088
91 97 91.504
73 10 14.131
73 11 20.905
73 33 35.45
73 46 38.001
73 59 68.844
73 63 88.839
73 64 29.588
73 97 47.722
73 12 8.385
73 85 6.513
33 97 99.691
33 46 37.214
33 12 13.535
33 85 57.043
33 59 13.603
33 64 80.647
33 63 7.624
10 46 93.76
10 97 57.92
10 11 11.984
10 64 43.2
10 63 18.115
10 85 15.224
10 59 99.793
46 11 78.934
46 12 23.994
46 85 14.205
46 63 27.629
46 97 91.9
85 11 63.797
85 59 83.04
85 64 6.952
85 12 55.915
85 97 69.677
97 12 85.453
59 11 71.647
59 63 20.105
12 11 57.44
12 64 27.837
11 63 87.174