100
0 14 14.205
0 89 69.712
0 68 8.159
0 66 95.755
0 45 80.747
0 59 47.524
1 32 46.07
1 92 50.151
1 24 27.124
1 10 95.615
1 85 65.46
1 84 46.575
2 5 56.894
2 91 29.668
2 6 33.829
2 41 72.68
2 25 72.365
2 47 90.66
3 78 81.992
3 74 92.967
3 70 24.088
3 7 76.323
3 35 14.62
3 67 39.993
4 89 14.73
4 86 4.202
4 12 28.647
4 22 69.395
4 64 27.985
4 1 44.161
5 0 48.137
5 65 18.711
5 76 21.097
5 19 63.353
5 11 11.784
5 34 72.615
6 40 99.728
6 18 44.472
6 29 9.432
6 16 74.996
6 80 50.479
6 64 6.957
7 41 37.036
7 83 31.093
7 17 40.684
7 99 92.257
7 64 29.135
7 97 25.042
8 30 43.834
8 51 55.909
8 94 5.638
8 5 24.771
8 33 63.873
8 7 88.835
9 54 56.013
9 56 44.897
9 29 24.274
9 51 59.018
9 90 36.819
9 7 9.942
10 18 79.756
10 98 42.76
10 45 64.467
10 31 18.806
10 43 53.188
10 70 34.93
11 65 74.531
11 23 84.872
11 95 5.747
11 41 92.609
11 0 55.21
11 56 49.855
12 40 82.442
12 25 26.372
12 47 6.527
12 8 13.9
12 87 75.622
12 31 47.345
13 9 29.267
13 51 21.028
13 68 78.425
13 61 71.384
13 91 6.792
13 60 48.366
14 29 29.047
14 70 18.179
14 24 59.87
14 81 80.077
14 76 70.908
14 41 43.557
15 90 38.463
15 70 65.655
15 63 37.348
15 77 25.117
15 67 88.638
15 73 50.901
16 60 25.039
16 5 45.303
16 12 95.567
16 24 31.686
16 48 44.858
16 21 71.042
17 67 81.162
17 52 94.531
17 50 73.627
17 0 2.655
17 30 85.76
17 96 91.772
18 8 78.639
18 77 64.699
18 5 6.019
18 60 3.761
18 57 65.071
18 59 84.162
19 93 69.88
19 59 88.728
19 12 70.875
19 87 26.15
19 37 44.524
19 38 27.963
20 53 78.492
20 69 16.326
20 80 1.514
20 50 70.273
20 3 33.886
20 31 85.844
21 9 14.015
21 20 81.264
21 15 56.002
21 7 75.341
21 19 97.032
21 8 1.423
22 75 10.067
22 46 62.906
22 57 48.672
22 36 82.035
22 41 34.68
22 1 53.434
23 1 92.665
23 29 37.921
23 31 81.423
23 81 95.85
23 36 35.627
23 6 58.792
24 20 47.125
24 25 27.898
24 1 16.729
24 93 81.698
24 26 14.722
24 29 11.569
25 96 66.298
25 74 78.375
25 79 71.344
25 0 88.967
25 59 59.513
25 63 79.52
26 37 48.432
26 49 48.495
26 7 19.576
26 79 83.682
26 86 11.159
26 24 96.754
27 54 19.825
27 84 42.593
27 47 21.326
27 13 42.315
27 95 28.844
27 42 2.388
28 44 70.57
28 65 29.163
28 69 31.806
28 41 75.907
28 7 5.604
28 89 20.943
29 9 99.869
29 63 49.524
29 83 29.291
29 14 38.888
29 22 0.389
29 51 61.487
30 38 59.719
30 41 50.418
30 99 43.276
30 20 43.294
30 39 9.441
30 75 54.406
31 85 92.065
31 72 5.086
31 41 78.554
31 24 28.622
31 78 25.651
31 17 84.082
32 85 97.839
32 42 10.851
32 96 32.462
32 19 95.175
32 87 54.479
32 62 45.658
33 50 45.987
33 8 46.019
33 92 25.411
33 20 38.156
33 70 11.757
33 57 3.263
34 17 62.513
34 46 69.088
34 15 50.028
34 13 35.798
34 58 65.773
34 24 53.84
35 60 95.006
35 82 25.78
35 70 9.845
35 45 19.139
35 96 61.676
35 11 1.455
36 51 64.792
36 99 57.248
36 35 67.279
36 6 41.006
36 60 67.723
36 2 59.313
37 70 40.704
37 36 49.037
37 51 16.178
37 1 16.631
37 5 6.579
37 96 95.89
38 71 29.278
38 29 83.254
38 84 80.794
38 90 61.137
38 10 65.525
38 55 83.904
39 86 52.813
39 56 7.151
39 8 60.761
39 33 5.196
39 38 23.101
39 72 96.45
40 77 6.995
40 23 79.066
40 81 38.692
40 98 96.975
40 12 82.843
40 78 45.528
41 67 72.524
41 82 1.918
41 52 39.935
41 48 10.768
41 76 22.389
41 84 77.382
42 20 14.224
42 30 76.856
42 28 12.053
42 0 74.04
42 63 68.252
42 84 48.145
43 6 79.675
43 20 9.983
43 11 35.216
43 25 55.745
43 90 88.533
43 79 33.1
44 7 12.624
44 41 8.995
44 17 97.596
44 19 20.902
44 51 4.248
44 73 74.412
45 32 57.557
45 22 91.47
45 65 46.471
45 19 92.414
45 57 92.273
45 38 14.616
46 60 67.048
46 43 8.163
46 59 97.799
46 62 98.585
46 54 60.435
46 63 81.593
47 39 6.259
47 1 49.071
47 16 7.917
47 32 1.094
47 73 95.443
47 44 11.743
48 44 81.963
48 92 7.513
48 90 49.868
48 31 13.901
48 67 97.145
48 47 81.022
49 30 13.753
49 29 12.968
49 39 84.698
49 79 52.992
49 72 76.274
49 68 82.097
50 64 56.44
50 56 19.57
50 11 82.754
50 72 34.398
50 51 14.244
50 10 53.109
51 9 94.61
51 98 53.303
51 84 88.551
51 63 68.524
51 44 98.074
51 33 80.175
52 32 93.63
52 33 70.512
52 74 46.385
52 93 45.048
52 40 51.804
52 84 64.02
53 31 19.946
53 15 88.125
53 94 69.376
53 14 27.619
53 46 23.829
53 9 81.918
54 42 77.815
54 9 50.2
54 20 88.961
54 48 44.728
54 75 80.118
54 73 76.476
55 86 17.817
55 48 30.141
55 87 75.806
55 9 15.08
55 22 95.955
55 89 36.223
56 34 85.705
56 72 81.297
56 67 6.795
56 77 60.463
56 31 96.755
56 54 31.289
57 24 89.268
57 40 56.989
57 83 37.227
57 56 30.265
57 84 97.145
57 13 49.243
58 82 45.18
58 94 86.949
58 0 65.529
58 18 32.27
58 79 97.233
58 39 9.226
59 16 46.552
59 28 80.036
59 79 89.554
59 69 59.665
59 87 89.905
59 77 7.029
60 73 46.343
60 40 30.287
60 16 81.335
60 43 82.435
60 90 9.711
60 55 51.222
61 72 66.074
61 35 34.569
61 46 62.163
61 24 60.402
61 16 21.209
61 48 93.823
62 65 35.593
62 1 21.329
62 31 3.947
62 30 5.919
62 57 16.176
62 42 90.595
63 6 8.192
63 28 1.994
63 74 16.152
63 21 2.015
63 19 97.109
63 50 32.578
64 92 22.765
64 54 97.089
64 9 79.083
64 30 73.732
64 82 77.612
64 37 2.991
65 58 55.408
65 95 5.737
65 99 69.941
65 50 97.251
65 46 96.653
65 9 51.789
66 13 43.649
66 61 56.567
66 19 30.065
66 52 17.742
66 85 63.506
66 29 62.255
67 98 19.008
67 8 64.2
67 82 70.69
67 46 60.543
67 18 97.998
67 87 6.507
68 91 69.195
68 46 86.581
68 0 12.869
68 10 24.407
68 31 81.91
68 79 35.629
69 50 57.899
69 48 98.136
69 90 4.323
69 13 11.22
69 57 88.192
69 81 96.454
70 78 49.249
70 97 8.655
70 1 73.997
70 47 75.978
70 92 85.174
70 50 57.566
71 86 67.022
71 95 33.873
71 34 71.533
71 23 54.41
71 40 24.39
71 57 48.116
72 73 5.596
72 38 1.62
72 11 80.824
72 88 14.205
72 18 81.694
72 93 80.564
73 10 53.481
73 76 6.577
73 94 58.996
73 75 26.221
73 55 79.622
73 77 36.043
74 67 39.026
74 52 3.001
74 21 67.098
74 46 13.783
74 25 35.485
74 48 70.85
75 90 8.846
75 79 66.919
75 93 49.093
75 97 77.327
75 74 31.846
75 69 1.363
76 1 87.136
76 46 71.163
76 21 9.434
76 83 7.502
76 59 62.053
76 54 69.066
77 12 71.705
77 68 83.282
77 45 45.331
77 95 57.57
77 24 7.472
77 72 49.387
78 39 48.864
78 33 47.495
78 77 36.721
78 79 97.757
78 15 83.308
78 47 48.923
79 25 46.346
79 96 14.378
79 20 19.803
79 87 2.625
79 77 50.401
79 94 31.633
80 40 34.866
80 31 33.393
80 92 45.782
80 55 90.615
80 28 92.868
80 70 97.205
81 44 52.926
81 19 91.031
81 45 42.534
81 98 79.918
81 95 34.952
81 88 57.654
82 29 7.108
82 15 74.395
82 97 36.479
82 28 51.005
82 30 1.663
82 4 75.331
83 61 27.013
83 95 49.718
83 10 40.715
83 77 80.367
83 63 38.595
83 56 32.304
84 92 7.458
84 91 92.145
84 63 9.759
84 38 93.238
84 73 90.036
84 81 52.314
85 83 89.013
85 4 16.921
85 56 93.69
85 48 71.957
85 68 18.414
85 33 37.635
86 11 46.937
86 16 82.491
86 72 82.302
86 88 67.899
86 17 89.415
86 94 49.922
87 82 85.57
87 99 90.551
87 8 39.342
87 46 52.881
87 35 75.894
87 63 99.212
88 62 27.652
88 9 30.744
88 32 0.877
88 61 12.986
88 8 3.315
88 58 3.956
89 92 65.747
89 70 72.204
89 33 77.885
89 18 14.714
89 40 8.16
89 87 35.889
90 36 9.839
90 49 12.915
90 57 52.545
90 84 64.164
90 34 34.067
90 22 99.474
91 77 12.432
91 61 67.017
91 83 1.096
91 15 20.071
91 51 9.416
91 54 3.802
92 94 67.63
92 51 95.105
92 16 55.176
92 35 92.399
92 1 54.29
92 39 84.937
93 42 83.754
93 66 0.665
93 97 54.282
93 26 10.199
93 16 23.82
93 67 85.648
94 5 21.923
94 65 15.404
94 63 21.795
94 74 39.701
94 73 56.188
94 52 10.448
95 31 31.234
95 26 49.113
95 17 93.995
95 21 49.482
95 5 88.243
95 70 4.597
96 72 91.479
96 70 80.159
96 2 28.733
96 30 4.246
96 4 32.981
96 79 34.679
97 80 26.435
97 57 14.069
97 17 83.405
97 48 56.227
97 69 55.557
97 73 86.777
98 25 26.964
98 79 46.259
98 85 2.552
98 19 49.09
98 39 48.14
98 59 1.261
99 15 84.401
99 9 89.333
99 88 24.225
99 30 86.937
99 26 61.555
99 66 91.892