100
0 1 14.203
0 2 27.434
0 3 81.117
0 4 83.495
0 5 84.451
0 6 79.359
0 7 36.97
0 8 83.952
0 9 59.49
0 10 7.912
0 11 37.894
0 12 87.21
0 13 8.709
0 14 37.39
0 15 85.176
0 16 74.325
0 17 38.561
0 18 31.499
0 19 40.589
0 20 47.527
0 21 1.327
0 22 4.901
0 23 77.353
0 24 66.68
0 25 20.67
0 26 10.287
0 27 57.292
0 28 79.547
0 29 58.868
0 30 35.609
0 31 53.939
0 32 60.572
0 33 37.143
0 34 19.241
0 35 38.692
0 36 74.88
0 37 65.706
0 38 61.851
0 39 56.114
0 40 86.243
0 41 81.373
0 42 67.549
0 43 18.431
0 44 17.835
0 45 90.33
0 46 40.016
0 47 79.885
0 48 15.941
0 49 54.54
0 50 44.043
0 51 64.996
0 52 23.956
0 53 24.064
0 54 82.821
0 55 24.499
0 56 64.808
0 57 66.474
0 58 71.027
0 59 73.438
0 60 3.548
0 61 37.3
0 62 52.738
0 63 61.366
0 64 50.382
0 65 73.615
0 66 96.759
0 67 57.715
0 68 42.758
0 69 62.852
0 70 38.614
0 71 17.092
0 72 22.031
0 73 51.267
0 74 15.721
0 75 86.513
0 76 10.191
0 77 58.775
0 78 17.769
0 79 11.948
0 80 41.351
0 81 55.253
0 82 63.732
0 83 55.128
0 84 6.408
0 85 97.135
0 86 83.237
0 87 35.563
0 88 94.575
0 89 55.887
0 90 88.792
0 91 18.877
0 92 53.874
0 93 63.782
0 94 89.011
0 95 45.154
0 96 19.555
0 97 57.722
0 98 25.082
0 99 39.008
1 2 34.645
1 3 11.035
1 4 5.527
1 5 4.59
1 6 27.498
1 7 47.331
1 8 96.193
1 9 10.507
1 10 51.032
1 11 33.726
1 12 48.548
1 13 43.979
1 14 59.476
1 15 14.113
1 16 8.707
1 17 36.364
1 18 95.222
1 19 51.23
1 20 90.77
1 21 46.669
1 22 34.505
1 23 55.142
1 24 46.09
1 25 64.998
1 26 96.115
1 27 60.916
1 28 77.019
1 29 68.029
1 30 15.528
1 31 23.839
1 32 13.23
1 33 64.662
1 34 47.335
1 35 53.646
1 36 16.497
1 37 92.621
1 38 39.149
1 39 76.358
1 40 33.598
1 41 47.925
1 42 4.283
1 43 56.079
1 44 9.442
1 45 31.722
1 46 14.582
1 47 21.204
1 48 80.484
1 49 29.943
1 50 64.156
1 51 64.331
1 52 19.064
1 53 39.265
1 54 79.169
1 55 98.235
1 56 66.251
1 57 18.478
1 58 68.158
1 59 28.666
1 60 20.212
1 61 54.693
1 62 68.096
1 63 73.119
1 64 70.262
1 65 6.405
1 66 20.345
1 67 19.111
1 68 73.861
1 69 78.922
1 70 97.184
1 71 24.784
1 72 73.912
1 73 53.368
1 74 61.405
1 75 3.412
1 76 43.516
1 77 87.599
1 78 70.614
1 79 82.905
1 80 40.072
1 81 6.792
1 82 92.281
1 83 55.456
1 84 15.495
1 85 7.927
1 86 87.621
1 87 76.356
1 88 24.806
1 89 68.788
1 90 86.054
1 91 5.913
1 92 37.068
1 93 45.215
1 94 51.542
1 95 61.018
1 96 9.104
1 97 70.275
1 98 44.057
1 99 86.145
2 3 49.91
2 4 34.422
2 5 78.179
2 6 45.386
2 7 15.522
2 8 60.445
2 9 71.037
2 10 11.656
2 11 48.571
2 12 30.945
2 13 39.14
2 14 17.991
2 15 62.64
2 16 47.79
2 17 76.812
2 18 91.389
2 19 9.144
2 20 65.626
2 21 95.184
2 22 60.178
2 23 29.447
2 24 57.57
2 25 69.42
2 26 3.469
2 27 99.552
2 28 51.397
2 29 76.412
2 30 67.008
2 31 47.18
2 32 71.505
2 33 33.494
2 34 3.465
2 35 34.019
2 36 5.445
2 37 88.16
2 38 34.674
2 39 55.23
2 40 77.116
2 41 26.204
2 42 22.994
2 43 28.436
2 44 5.038
2 45 47.929
2 46 97.797
2 47 74.314
2 48 56.524
2 49 66.82
2 50 19.52
2 51 52.984
2 52 42.833
2 53 46.433
2 54 34.578
2 55 84.734
2 56 11.368
2 57 13.662
2 58 27.039
2 59 93.4
2 60 54.58
2 61 4.489
2 62 10.232
2 63 72.687
2 64 90.425
2 65 93.199
2 66 18.482
2 67 33.068
2 68 39.906
2 69 94.096
2 70 76.045
2 71 11.764
2 72 8.132
2 73 76.403
2 74 86.423
2 75 57.267
2 76 21.125
2 77 17.308
2 78 87.539
2 79 35.9
2 80 36.565
2 81 97.989
2 82 8.635
2 83 48.78
2 84 31.568
2 85 8.485
2 86 16.747
2 87 31.408
2 88 94.076
2 89 71.403
2 90 20.6
2 91 88.347
2 92 36.312
2 93 52.303
2 94 69.851
2 95 33.307
2 96 80.067
2 97 73.465
2 98 1.265
2 99 6.946
3 4 2.951
3 5 50.691
3 6 30.39
3 7 27.155
3 8 47.838
3 9 90.869
3 10 30.197
3 11 42.745
3 12 89.531
3 13 43.109
3 14 83.98
3 15 35.241
3 16 21.927
3 17 68.589
3 18 36.86
3 19 39.692
3 20 61.359
3 21 89.936
3 22 62.747
3 23 68.61
3 24 29.631
3 25 19.546
3 26 93.164
3 27 29.583
3 28 58.765
3 29 5.517
3 30 65.756
3 31 25.629
3 32 26.429
3 33 75.018
3 34 37.166
3 35 28.427
3 36 62.744
3 37 75.813
3 38 79.035
3 39 3.011
3 40 25.476
3 41 35.835
3 42 43.863
3 43 95.691
3 44 43.451
3 45 33.184
3 46 62.608
3 47 52.744
3 48 40.366
3 49 18.364
3 50 93.615
3 51 89.441
3 52 15.109
3 53 89.259
3 54 72.409
3 55 92.198
3 56 61.85
3 57 76.915
3 58 41.286
3 59 22.671
3 60 62.668
3 61 72.794
3 62 19.2
3 63 23.793
3 64 38.988
3 65 7.433
3 66 54.236
3 67 92.402
3 68 51.756
3 69 96.868
3 70 34.437
3 71 24.621
3 72 85.257
3 73 27.984
3 74 99.611
3 75 53.141
3 76 27.081
3 77 58.253
3 78 77.128
3 79 24.077
3 80 93.144
3 81 50.598
3 82 41.021
3 83 64.957
3 84 47.145
3 85 44.81
3 86 48.593
3 87 99.097
3 88 46.408
3 89 47.03
3 90 78.78
3 91 88.954
3 92 71.818
3 93 67.447
3 94 51.522
3 95 12.396
3 96 23.329
3 97 9.605
3 98 99.011
3 99 66.851
4 5 54.687
4 6 99.01
4 7 44.087
4 8 48.7
4 9 42.15
4 10 9.325
4 11 63.841
4 12 88.183
4 13 21.899
4 14 16.726
4 15 57.136
4 16 2.462
4 17 58.047
4 18 43.255
4 19 50.569
4 20 58.923
4 21 60.113
4 22 9.898
4 23 86.509
4 24 84.974
4 25 17.276
4 26 48.28
4 27 2.53
4 28 8.282
4 29 4.602
4 30 31.495
4 31 77.168
4 32 49.129
4 33 70.317
4 34 9.583
4 35 9.229
4 36 88.802
4 37 92.859
4 38 95.586
4 39 29.196
4 40 68.255
4 41 10.927
4 42 71.939
4 43 17.703
4 44 22.174
4 45 28.178
4 46 70.303
4 47 81.203
4 48 87.178
4 49 44.613
4 50 29.581
4 51 1.9
4 52 41.192
4 53 6.062
4 54 57.688
4 55 71.922
4 56 40.848
4 57 50.551
4 58 86.626
4 59 87.774
4 60 48.675
4 61 15.469
4 62 48.594
4 63 10.254
4 64 88.163
4 65 49.19
4 66 27.356
4 67 91.321
4 68 25.505
4 69 95.508
4 70 72.696
4 71 86.68
4 72 39.1
4 73 87.59
4 74 92.932
4 75 23.116
4 76 10.441
4 77 23.817
4 78 27.108
4 79 3.051
4 80 96.873
4 81 30.405
4 82 83.206
4 83 72.944
4 84 75.95
4 85 51.393
4 86 94.404
4 87 57.484
4 88 82.941
4 89 76.36
4 90 62.363
4 91 49.903
4 92 62.561
4 93 17.945
4 94 48.853
4 95 23.281
4 96 81.875
4 97 28.593
4 98 77.443
4 99 14.317
5 6 1.693
5 7 49.48
5 8 14.172
5 9 98.316
5 10 84.974
5 11 2.717
5 12 65.737
5 13 6.221
5 14 29.618
5 15 79.318
5 16 42.252
5 17 95.408
5 18 57.39
5 19 42.178
5 20 44.289
5 21 34.286
5 22 73.92
5 23 47.641
5 24 75.681
5 25 19.663
5 26 83.927
5 27 84.126
5 28 32.191
5 29 48.552
5 30 60.706
5 31 63.897
5 32 38.843
5 33 87.476
5 34 5.54
5 35 14.706
5 36 64.19
5 37 66.878
5 38 52.761
5 39 94.533
5 40 52.671
5 41 60.475
5 42 35.289
5 43 80.913
5 44 32.857
5 45 58.012
5 46 68.001
5 47 68.811
5 48 17.026
5 49 74.438
5 50 63.746
5 51 38.733
5 52 87.445
5 53 26.686
5 54 26.956
5 55 2.564
5 56 75.982
5 57 23.756
5 58 34.404
5 59 49.637
5 60 18.173
5 61 57.003
5 62 35.361
5 63 72.357
5 64 28.451
5 65 7.14
5 66 89.268
5 67 22.822
5 68 97.967
5 69 25.103
5 70 55.652
5 71 56.168
5 72 60.639
5 73 49.348
5 74 33.683
5 75 78.111
5 76 65.719
5 77 77.516
5 78 11.873
5 79 68.543
5 80 24.067
5 81 22.572
5 82 66.131
5 83 17.019
5 84 33.644
5 85 66.207
5 86 42.568
5 87 98.144
5 88 65.684
5 89 86.113
5 90 92.957
5 91 11.894
5 92 75.252
5 93 54.299
5 94 68.735
5 95 10.837
5 96 25.047
5 97 61.406
5 98 28.184
5 99 14.674
6 7 99.568
6 8 84.092
6 9 25.15
6 10 29.284
6 11 32.795
6 12 69.93
6 13 20.489
6 14 87.157
6 15 58.83
6 16 63.388
6 17 92.751
6 18 21.431
6 19 97.987
6 20 90.708
6 21 69.079
6 22 59.652
6 23 79.947
6 24 47.84
6 25 5.936
6 26 38.102
6 27 31.244
6 28 97.814
6 29 28.591
6 30 31.126
6 31 15.013
6 32 60.486
6 33 89.775
6 34 24.509
6 35 92.463
6 36 28.942
6 37 95.582
6 38 15.325
6 39 6.254
6 40 60.504
6 41 14.863
6 42 85.65
6 43 97.359
6 44 53.48
6 45 60.226
6 46 76.592
6 47 94.569
6 48 94.19
6 49 89.857
6 50 64.23
6 51 18.621
6 52 91.456
6 53 97.475
6 54 3.258
6 55 62.984
6 56 26.296
6 57 23.951
6 58 28.591
6 59 99.605
6 60 51.297
6 61 17.225
6 62 85.623
6 63 13.229
6 64 50.269
6 65 3.099
6 66 7.496
6 67 14.69
6 68 70.459
6 69 66.521
6 70 27.965
6 71 1.668
6 72 62.612
6 73 63.247
6 74 96.825
6 75 76.544
6 76 97.146
6 77 30.053
6 78 53.987
6 79 51.657
6 80 52.99
6 81 6.612
6 82 29.679
6 83 48.852
6 84 41.466
6 85 82.927
6 86 37.473
6 87 36.128
6 88 70.278
6 89 28.927
6 90 33.821
6 91 11.797
6 92 90.559
6 93 34.095
6 94 42.307
6 95 66.52
6 96 61.447
6 97 48.905
6 98 8.11
6 99 29.562
7 8 68.51
7 9 80.057
7 10 39.138
7 11 71.554
7 12 47.185
7 13 23.339
7 14 54.326
7 15 15.037
7 16 67.323
7 17 35.774
7 18 81.304
7 19 4.689
7 20 90.63
7 21 82.44
7 22 79.957
7 23 41.817
7 24 79.1
7 25 16.169
7 26 74.931
7 27 67.928
7 28 70.844
7 29 54.213
7 30 11.229
7 31 5.741
7 32 89.884
7 33 55.522
7 34 80.212
7 35 58.102
7 36 44.871
7 37 29.002
7 38 38.335
7 39 40.13
7 40 15.116
7 41 59.659
7 42 94.444
7 43 63.921
7 44 84.576
7 45 7.162
7 46 27.865
7 47 5.574
7 48 12.118
7 49 45.063
7 50 23.758
7 51 77.349
7 52 89.08
7 53 1.203
7 54 25.576
7 55 59.083
7 56 73.799
7 57 62.337
7 58 63.597
7 59 27.849
7 60 5.416
7 61 13.728
7 62 6.207
7 63 87.028
7 64 93.419
7 65 6.732
7 66 23.055
7 67 92.969
7 68 62.846
7 69 38.533
7 70 3.138
7 71 2.195
7 72 71.13
7 73 55.994
7 74 58.093
7 75 69.079
7 76 26.317
7 77 36.174
7 78 83.041
7 79 20.059
7 80 90.043
7 81 84.002
7 82 46.742
7 83 99.345
7 84 83.853
7 85 52.583
7 86 58.862
7 87 55.68
7 88 29.053
7 89 17.885
7 90 73.723
7 91 47.991
7 92 2.932
7 93 98.913
7 94 75.142
7 95 5.735
7 96 58.228
7 97 92.367
7 98 83.344
7 99 30.473
8 9 11.281
8 10 71.03
8 11 26.921
8 12 96.151
8 13 31.781
8 14 11.545
8 15 14.117
8 16 9.073
8 17 43.91
8 18 51.92
8 19 53.323
8 20 49.501
8 21 23.491
8 22 89.576
8 23 75.486
8 24 37.99
8 25 82.576
8 26 2.755
8 27 93.602
8 28 7.978
8 29 89.586
8 30 76.456
8 31 42.314
8 32 29.348
8 33 24.772
8 34 33.325
8 35 94.57
8 36 98.409
8 37 42.967
8 38 55.33
8 39 48.226
8 40 79.633
8 41 76.237
8 42 14.143
8 43 95.291
8 44 71.68
8 45 43.199
8 46 82.457
8 47 72.591
8 48 4.963
8 49 93.489
8 50 28.851
8 51 78.344
8 52 38.897
8 53 68.631
8 54 86.797
8 55 94.712
8 56 25.725
8 57 74.224
8 58 87.215
8 59 70.948
8 60 91.985
8 61 67.23
8 62 80.217
8 63 15.067
8 64 30.012
8 65 25.703
8 66 26.734
8 67 83.12
8 68 59.485
8 69 37.574
8 70 61.376
8 71 64.998
8 72 58.344
8 73 94.837
8 74 88.149
8 75 98.577
8 76 76.059
8 77 9.947
8 78 17.771
8 79 56.779
8 80 77.579
8 81 38.219
8 82 44.881
8 83 34.817
8 84 58.244
8 85 52.092
8 86 33.869
8 87 52.063
8 88 49.783
8 89 88.404
8 90 67.045
8 91 70.113
8 92 66.675
8 93 27.622
8 94 92.946
8 95 12.403
8 96 67.634
8 97 11.516
8 98 86.769
8 99 80.043
9 10 73.701
9 11 61.41
9 12 50.622
9 13 58.487
9 14 64.882
9 15 29.557
9 16 60.549
9 17 55.211
9 18 14.121
9 19 66.077
9 20 95.605
9 21 3.257
9 22 80.353
9 23 37.416
9 24 50.142
9 25 27.748
9 26 97.514
9 27 89.683
9 28 65.306
9 29 4.561
9 30 6.503
9 31 85.335
9 32 64.855
9 33 65.131
9 34 55.579
9 35 61.99
9 36 42.026
9 37 87.658
9 38 11.042
9 39 42.881
9 40 55.254
9 41 14.372
9 42 48.177
9 43 45.715
9 44 73.626
9 45 45.602
9 46 95.194
9 47 78.945
9 48 42.399
9 49 18.595
9 50 3.608
9 51 51.86
9 52 8.985
9 53 46.611
9 54 96.765
9 55 99.658
9 56 6.284
9 57 81.723
9 58 4.778
9 59 20.663
9 60 13.08
9 61 77.425
9 62 65.122
9 63 29.062
9 64 93.902
9 65 57.933
9 66 64.068
9 67 5.264
9 68 42.776
9 69 95.123
9 70 82.077
9 71 64.064
9 72 45.942
9 73 21.617
9 74 52.523
9 75 81.415
9 76 60.183
9 77 19.124
9 78 94.863
9 79 18.259
9 80 62.544
9 81 23.532
9 82 38.74
9 83 64.993
9 84 48.865
9 85 2.589
9 86 15.898
9 87 95.98
9 88 7.729
9 89 15.661
9 90 94.119
9 91 68.189
9 92 6.145
9 93 19.002
9 94 4.063
9 95 40.763
9 96 80.835
9 97 93.918
9 98 87.594
9 99 48.044
10 11 43.95
10 12 77.58
10 13 73.699
10 14 28.61
10 15 91.983
10 16 73.931
10 17 62.415
10 18 44.558
10 19 59.587
10 20 57.332
10 21 46.526
10 22 74.189
10 23 1.882
10 24 88.745
10 25 39.186
10 26 8.4
10 27 61.389
10 28 32.575
10 29 45.964
10 30 72.225
10 31 28.823
10 32 22.918
10 33 93.755
10 34 58.697
10 35 52.635
10 36 90.054
10 37 12.556
10 38 7.89
10 39 15.758
10 40 84.564
10 41 36.418
10 42 47.615
10 43 39.721
10 44 33.233
10 45 82.691
10 46 98.576
10 47 96.035
10 48 7.289
10 49 93.39
10 50 48.051
10 51 1.534
10 52 91.034
10 53 12.772
10 54 88.824
10 55 11.676
10 56 85.146
10 57 96.011
10 58 71.253
10 59 26.762
10 60 6.449
10 61 38.218
10 62 96.77
10 63 72.787
10 64 47.62
10 65 15.14
10 66 90.699
10 67 19.926
10 68 42.519
10 69 6.725
10 70 49.936
10 71 99.803
10 72 15.133
10 73 25.13
10 74 94.935
10 75 27.236
10 76 5.617
10 77 32.576
10 78 79.838
10 79 94.649
10 80 2.329
10 81 38.318
10 82 96.056
10 83 83.662
10 84 88.139
10 85 1.537
10 86 84.041
10 87 8.042
10 88 41.423
10 89 90.901
10 90 89.642
10 91 84.685
10 92 53.44
10 93 20.209
10 94 52.692
10 95 87.282
10 96 66.77
10 97 98.853
10 98 51.224
10 99 62.294
11 12 29.269
11 13 79.946
11 14 62.418
11 15 35.57
11 16 30.828
11 17 60.201
11 18 43.781
11 19 34.448
11 20 51.611
11 21 60.324
11 22 52.462
11 23 60.276
11 24 30.243
11 25 31.515
11 26 41.903
11 27 44.232
11 28 71.742
11 29 58.27
11 30 49.154
11 31 34.532
11 32 7.157
11 33 11.385
11 34 87.338
11 35 54.9
11 36 82.333
11 37 68.283
11 38 57.794
11 39 85.07
11 40 87.137
11 41 43.73
11 42 52.006
11 43 49.018
11 44 39.982
11 45 7.881
11 46 83.036
11 47 51.306
11 48 7.64
11 49 62.191
11 50 68.809
11 51 53.13
11 52 5.342
11 53 72.03
11 54 3.816
11 55 53.287
11 56 21.936
11 57 35.057
11 58 20.297
11 59 68.539
11 60 65.981
11 61 53.842
11 62 68.985
11 63 81.357
11 64 51.693
11 65 62.226
11 66 4.205
11 67 89.164
11 68 48.499
11 69 61.311
11 70 47.578
11 71 19.686
11 72 54.861
11 73 4.736
11 74 60.647
11 75 69.014
11 76 58.053
11 77 75.092
11 78 44.993
11 79 89.553
11 80 8.808
11 81 2.491
11 82 25.784
11 83 94.083
11 84 2.334
11 85 96.799
11 86 89.725
11 87 94.104
11 88 63.393
11 89 42.371
11 90 21.146
11 91 21.816
11 92 13.884
11 93 59.302
11 94 16.323
11 95 72.359
11 96 5.673
11 97 34.713
11 98 82.768
11 99 49.256
12 13 83.518
12 14 69.311
12 15 77.805
12 16 43.001
12 17 69.943
12 18 99.712
12 19 28.535
12 20 22.063
12 21 7.221
12 22 72.764
12 23 16.146
12 24 91.179
12 25 55.104
12 26 5.35
12 27 49.839
12 28 94.692
12 29 10.204
12 30 56.569
12 31 38.348
12 32 88.965
12 33 68.369
12 34 26.516
12 35 78.848
12 36 59.3
12 37 32.854
12 38 96.731
12 39 17.434
12 40 78.337
12 41 62.859
12 42 66.677
12 43 73.884
12 44 45.04
12 45 39.518
12 46 20.665
12 47 12.801
12 48 34.686
12 49 59.449
12 50 92.889
12 51 30.385
12 52 47.202
12 53 93.012
12 54 45.446
12 55 64.947
12 56 89.474
12 57 2.126
12 58 64.359
12 59 63.16
12 60 74.203
12 61 45.917
12 62 91.856
12 63 28.21
12 64 26.401
12 65 18.731
12 66 57.313
12 67 49.789
12 68 46.798
12 69 51.524
12 70 38.292
12 71 21.055
12 72 46.435
12 73 86.899
12 74 9.964
12 75 43.938
12 76 14.709
12 77 98.033
12 78 94.53
12 79 56.947
12 80 46.137
12 81 33.628
12 82 33.564
12 83 57.03
12 84 47.804
12 85 18.048
12 86 23.391
12 87 73.04
12 88 55.709
12 89 88.256
12 90 38.491
12 91 64.622
12 92 33.273
12 93 70.319
12 94 50.264
12 95 97.01
12 96 34.825
12 97 36.408
12 98 5.948
12 99 12.792
13 14 89.098
13 15 14.338
13 16 82.567
13 17 40.01
13 18 25.566
13 19 14.868
13 20 65.733
13 21 54.715
13 22 61.563
13 23 57.955
13 24 6.279
13 25 47.698
13 26 1.102
13 27 85.41
13 28 12.139
13 29 22.25
13 30 44.187
13 31 24.965
13 32 27.136
13 33 12.051
13 34 70.602
13 35 30.626
13 36 22.557
13 37 57.394
13 38 19.467
13 39 93.717
13 40 18.398
13 41 3.816
13 42 9.425
13 43 49.975
13 44 78.109
13 45 27.596
13 46 98.778
13 47 95.568
13 48 23.255
13 49 95.694
13 50 23.171
13 51 28.947
13 52 84.199
13 53 97.518
13 54 67.922
13 55 9.784
13 56 70.601
13 57 60.779
13 58 33.908
13 59 56.555
13 60 92.343
13 61 33.136
13 62 59.206
13 63 17.061
13 64 67.466
13 65 31.16
13 66 49.658
13 67 43.143
13 68 44.794
13 69 12.94
13 70 44.596
13 71 60.147
13 72 18.5
13 73 35.156
13 74 34.266
13 75 54.327
13 76 7.244
13 77 65.559
13 78 71.581
13 79 71.705
13 80 14.822
13 81 4.826
13 82 33.648
13 83 80.519
13 84 9.029
13 85 33.285
13 86 9.439
13 87 76.621
13 88 69.596
13 89 4.551
13 90 51.787
13 91 81.44
13 92 88.061
13 93 98.185
13 94 18.311
13 95 45.401
13 96 31.26
13 97 57.71
13 98 9.321
13 99 27.059
14 15 59.386
14 16 36.289
14 17 83.607
14 18 6.908
14 19 85.228
14 20 60.748
14 21 83.724
14 22 42.152
14 23 14.567
14 24 60.284
14 25 49.997
14 26 39.584
14 27 8.084
14 28 72.942
14 29 86.137
14 30 91.144
14 31 22.678
14 32 91.379
14 33 46.31
14 34 40.198
14 35 97.966
14 36 77.212
14 37 78.266
14 38 46.928
14 39 83.541
14 40 41.425
14 41 93.671
14 42 92.705
14 43 88.23
14 44 20.448
14 45 88.229
14 46 87.897
14 47 68.213
14 48 42.483
14 49 96.189
14 50 44.705
14 51 92.218
14 52 85.26
14 53 49.536
14 54 36.056
14 55 69.178
14 56 98.02
14 57 24.82
14 58 71.352
14 59 9.571
14 60 15.29
14 61 98.353
14 62 33.827
14 63 53.834
14 64 1.27
14 65 2.926
14 66 89.423
14 67 96.856
14 68 97.28
14 69 64.625
14 70 24.375
14 71 15.226
14 72 51.808
14 73 66.759
14 74 71.455
14 75 8.975
14 76 18.006
14 77 8.098
14 78 10.547
14 79 70.828
14 80 1.109
14 81 81.483
14 82 68.773
14 83 66.377
14 84 52.595
14 85 9.58
14 86 81.214
14 87 39.921
14 88 40.34
14 89 31.459
14 90 75.902
14 91 40.873
14 92 85.832
14 93 20.086
14 94 77.823
14 95 54.408
14 96 79.597
14 97 59.538
14 98 42.822
14 99 77.718
15 16 38.927
15 17 79.599
15 18 31.328
15 19 7.369
15 20 15.476
15 21 49.276
15 22 51.86
15 23 69.807
15 24 27.945
15 25 49.405
15 26 77.273
15 27 55.397
15 28 2.839
15 29 44.782
15 30 81.665
15 31 75.235
15 32 2.147
15 33 49.657
15 34 34.64
15 35 94.023
15 36 92.62
15 37 32.442
15 38 11.206
15 39 30.893
15 40 88.218
15 41 80.874
15 42 59.205
15 43 34.113
15 44 46.384
15 45 69.871
15 46 99.494
15 47 85.388
15 48 91.119
15 49 78.104
15 50 75.505
15 51 26.658
15 52 45.69
15 53 97.237
15 54 63.818
15 55 46.85
15 56 10.813
15 57 20.707
15 58 65.944
15 59 89.187
15 60 30.809
15 61 36.001
15 62 20.713
15 63 81.963
15 64 67.279
15 65 7.152
15 66 85.496
15 67 64.928
15 68 68.096
15 69 30.137
15 70 11.136
15 71 13.651
15 72 16.281
15 73 41.082
15 74 26.312
15 75 48.459
15 76 69.868
15 77 52.298
15 78 84.065
15 79 67.157
15 80 16.709
15 81 1.731
15 82 56.459
15 83 54.038
15 84 34.658
15 85 55.474
15 86 57.11
15 87 92.119
15 88 99.661
15 89 49.928
15 90 64.119
15 91 38.61
15 92 22.42
15 93 46.014
15 94 79.118
15 95 19.972
15 96 65.751
15 97 63.881
15 98 41.73
15 99 35.265
16 17 51.004
16 18 89.977
16 19 13.888
16 20 4.446
16 21 24.41
16 22 70.21
16 23 69.849
16 24 76.005
16 25 21.621
16 26 91.802
16 27 32.754
16 28 63.656
16 29 1.908
16 30 18.953
16 31 75.831
16 32 35.733
16 33 48.861
16 34 52.224
16 35 67.472
16 36 30.004
16 37 96.155
16 38 65.127
16 39 74.532
16 40 51.271
16 41 69.495
16 42 5.253
16 43 3.8
16 44 89.807
16 45 49.281
16 46 96.283
16 47 43.275
16 48 20.383
16 49 5.643
16 50 56.925
16 51 34.858
16 52 81.994
16 53 93.448
16 54 12.296
16 55 3.218
16 56 80.089
16 57 41.424
16 58 83.445
16 59 8.549
16 60 58.969
16 61 57.155
16 62 47.014
16 63 1.479
16 64 92.537
16 65 43.046
16 66 62.609
16 67 91.216
16 68 65.974
16 69 95.077
16 70 27.541
16 71 9.899
16 72 37.768
16 73 83.29
16 74 3.752
16 75 78.869
16 76 28.514
16 77 83.178
16 78 94.562
16 79 14.48
16 80 70.482
16 81 47.083
16 82 43.222
16 83 62.58
16 84 33.087
16 85 75.807
16 86 49.461
16 87 58.192
16 88 2.69
16 89 13.929
16 90 60.026
16 91 31.697
16 92 78.246
16 93 50.719
16 94 82.035
16 95 71.536
16 96 29.344
16 97 7.826
16 98 15.923
16 99 93.762
17 18 54.848
17 19 20.413
17 20 34.753
17 21 20.299
17 22 87.716
17 23 89.919
17 24 81.914
17 25 12.595
17 26 30.534
17 27 81.437
17 28 33.23
17 29 17.32
17 30 73.893
17 31 49.062
17 32 64.202
17 33 94.41
17 34 28.119
17 35 61.708
17 36 94.379
17 37 25.801
17 38 49.123
17 39 14.619
17 40 89.909
17 41 57.443
17 42 69.482
17 43 92.783
17 44 28.895
17 45 66.996
17 46 19.143
17 47 23.566
17 48 11.583
17 49 67.377
17 50 68.784
17 51 8.047
17 52 15.486
17 53 88.174
17 54 6.493
17 55 57.836
17 56 35.46
17 57 39.643
17 58 73.525
17 59 50.066
17 60 57.617
17 61 42.762
17 62 50.201
17 63 3.574
17 64 95.083
17 65 61.937
17 66 91.454
17 67 26.686
17 68 32.086
17 69 55.055
17 70 59.613
17 71 5.134
17 72 86.588
17 73 29.896
17 74 67.186
17 75 5.188
17 76 33.273
17 77 70.366
17 78 46.73
17 79 31.443
17 80 76.724
17 81 14.97
17 82 68.89
17 83 24.906
17 84 61.512
17 85 66.138
17 86 30.451
17 87 30.069
17 88 37.176
17 89 61.758
17 90 93.571
17 91 73.409
17 92 28.657
17 93 5.26
17 94 94.362
17 95 64.124
17 96 88.013
17 97 47.488
17 98 73.974
17 99 27.284
18 19 9.173
18 20 20.928
18 21 64.17
18 22 81.31
18 23 23.172
18 24 7.129
18 25 19.044
18 26 58.477
18 27 16.551
18 28 32.738
18 29 85.782
18 30 51.486
18 31 52.705
18 32 94.564
18 33 36.11
18 34 24.953
18 35 42.23
18 36 19.193
18 37 97.895
18 38 97.16
18 39 67.798
18 40 64.269
18 41 30.42
18 42 34.683
18 43 41.487
18 44 14.205
18 45 62.905
18 46 74.285
18 47 9.417
18 48 80.8
18 49 56.593
18 50 79.636
18 51 96.686
18 52 26.127
18 53 67.617
18 54 15.423
18 55 8.537
18 56 68.376
18 57 5.12
18 58 72.111
18 59 47.682
18 60 99.516
18 61 56.268
18 62 68.727
18 63 76.191
18 64 88.009
18 65 10.529
18 66 56.339
18 67 50.874
18 68 11.321
18 69 31.68
18 70 78.84
18 71 86.484
18 72 26.232
18 73 35.496
18 74 24.908
18 75 35.197
18 76 64.082
18 77 42.307
18 78 13.625
18 79 68.145
18 80 72.713
18 81 23.168
18 82 80.872
18 83 20.235
18 84 32.591
18 85 1.36
18 86 70.877
18 87 9.577
18 88 53.314
18 89 30.125
18 90 35.662
18 91 62.988
18 92 73.651
18 93 58.306
18 94 48.55
18 95 48.764
18 96 9.316
18 97 37.194
18 98 63.631
18 99 4.102
19 20 33.047
19 21 24.277
19 22 54.538
19 23 44.163
19 24 50.366
19 25 63.039
19 26 16.173
19 27 11.32
19 28 40.166
19 29 60.601
19 30 85.466
19 31 40.94
19 32 36.653
19 33 76.044
19 34 47.785
19 35 16.194
19 36 60.707
19 37 90.019
19 38 11.657
19 39 33.616
19 40 47.727
19 41 6.26
19 42 35.221
19 43 85.032
19 44 43.935
19 45 57.036
19 46 31.196
19 47 16.197
19 48 48.884
19 49 14.818
19 50 2.509
19 51 47.609
19 52 54.466
19 53 69.907
19 54 89.846
19 55 18.924
19 56 75.632
19 57 81.039
19 58 14.25
19 59 42.097
19 60 53.186
19 61 27.134
19 62 31.198
19 63 16.362
19 64 32.945
19 65 84.431
19 66 47.222
19 67 26.54
19 68 47.243
19 69 46.447
19 70 94.615
19 71 13.259
19 72 35.246
19 73 29.875
19 74 36.964
19 75 45.637
19 76 84.985
19 77 98.069
19 78 11.532
19 79 50.757
19 80 54.405
19 81 78.393
19 82 38.689
19 83 92.639
19 84 68.401
19 85 17.287
19 86 61.201
19 87 25.672
19 88 21.371
19 89 14.358
19 90 78.097
19 91 76.904
19 92 30.542
19 93 14.013
19 94 63.458
19 95 42.488
19 96 71.843
19 97 98.723
19 98 25.334
19 99 68.319
20 21 39.164
20 22 74.627
20 23 37.195
20 24 86.969
20 25 59.78
20 26 85.021
20 27 94.156
20 28 56.673
20 29 28.788
20 30 14.142
20 31 86.79
20 32 48.006
20 33 60.397
20 34 84.272
20 35 64.834
20 36 3.17
20 37 42.045
20 38 62.193
20 39 78.209
20 40 65.132
20 41 24.855
20 42 80.347
20 43 18.705
20 44 76.047
20 45 97.557
20 46 99.863
20 47 9.069
20 48 37.854
20 49 26.184
20 50 46.291
20 51 52.407
20 52 67.875
20 53 9.804
20 54 64.205
20 55 2.65
20 56 93.55
20 57 72.292
20 58 28.842
20 59 43.428
20 60 80.61
20 61 56.409
20 62 87.22
20 63 55.863
20 64 12.45
20 65 37.329
20 66 74.63
20 67 20.964
20 68 55.421
20 69 23.035
20 70 28.713
20 71 77.06
20 72 47.987
20 73 99.0
20 74 50.505
20 75 45.901
20 76 42.456
20 77 61.882
20 78 13.71
20 79 72.418
20 80 45.978
20 81 32.292
20 82 96.322
20 83 38.976
20 84 38.129
20 85 98.568
20 86 20.751
20 87 94.66
20 88 67.618
20 89 50.343
20 90 34.051
20 91 67.984
20 92 33.033
20 93 91.449
20 94 51.765
20 95 64.749
20 96 70.57
20 97 35.616
20 98 45.566
20 99 9.19
21 22 65.722
21 23 6.144
21 24 98.466
21 25 38.736
21 26 6.082
21 27 83.809
21 28 97.162
21 29 85.817
21 30 58.851
21 31 1.943
21 32 83.445
21 33 25.438
21 34 60.319
21 35 88.94
21 36 42.496
21 37 39.087
21 38 83.404
21 39 5.683
21 40 80.352
21 41 93.234
21 42 63.063
21 43 12.344
21 44 76.227
21 45 20.522
21 46 17.226
21 47 51.115
21 48 57.025
21 49 12.656
21 50 96.552
21 51 99.452
21 52 76.633
21 53 7.201
21 54 58.019
21 55 9.981
21 56 62.242
21 57 17.545
21 58 22.287
21 59 4.496
21 60 69.921
21 61 83.305
21 62 63.733
21 63 63.191
21 64 5.85
21 65 19.914
21 66 27.063
21 67 78.011
21 68 9.9
21 69 40.961
21 70 98.355
21 71 27.456
21 72 35.952
21 73 48.52
21 74 76.532
21 75 49.994
21 76 29.393
21 77 40.316
21 78 12.704
21 79 75.038
21 80 24.496
21 81 16.49
21 82 45.02
21 83 20.55
21 84 9.596
21 85 9.74
21 86 30.508
21 87 57.586
21 88 89.229
21 89 63.997
21 90 77.439
21 91 35.955
21 92 79.146
21 93 58.59
21 94 21.504
21 95 33.923
21 96 46.897
21 97 38.622
21 98 3.063
21 99 68.308
22 23 86.877
22 24 5.787
22 25 20.185
22 26 12.846
22 27 72.045
22 28 4.447
22 29 76.626
22 30 25.203
22 31 86.707
22 32 28.08
22 33 80.128
22 34 85.522
22 35 64.512
22 36 73.932
22 37 27.638
22 38 91.471
22 39 43.66
22 40 84.078
22 41 34.083
22 42 84.524
22 43 40.495
22 44 57.449
22 45 4.762
22 46 23.962
22 47 78.948
22 48 27.909
22 49 21.464
22 50 31.213
22 51 36.709
22 52 47.532
22 53 72.825
22 54 89.78
22 55 19.084
22 56 48.906
22 57 74.34
22 58 28.657
22 59 35.347
22 60 63.753
22 61 95.814
22 62 56.866
22 63 70.749
22 64 28.028
22 65 22.107
22 66 13.355
22 67 76.106
22 68 73.743
22 69 37.603
22 70 66.303
22 71 81.689
22 72 7.163
22 73 31.451
22 74 92.276
22 75 61.385
22 76 14.883
22 77 81.878
22 78 23.167
22 79 61.269
22 80 46.273
22 81 76.48
22 82 81.325
22 83 3.054
22 84 71.945
22 85 23.44
22 86 53.334
22 87 24.625
22 88 11.19
22 89 84.682
22 90 34.466
22 91 41.915
22 92 91.736
22 93 13.418
22 94 78.264
22 95 5.778
22 96 41.246
22 97 18.281
22 98 22.797
22 99 27.388
23 24 88.942
23 25 36.44
23 26 94.246
23 27 19.599
23 28 2.491
23 29 92.693
23 30 73.289
23 31 6.697
23 32 75.459
23 33 32.105
23 34 55.995
23 35 34.186
23 36 9.651
23 37 60.282
23 38 77.458
23 39 21.848
23 40 66.854
23 41 65.879
23 42 35.704
23 43 51.847
23 44 27.835
23 45 79.987
23 46 93.366
23 47 92.728
23 48 46.519
23 49 32.9
23 50 36.058
23 51 54.03
23 52 42.519
23 53 68.079
23 54 18.445
23 55 39.806
23 56 88.116
23 57 82.34
23 58 24.418
23 59 96.643
23 60 17.119
23 61 56.102
23 62 40.988
23 63 1.682
23 64 13.427
23 65 1.59
23 66 52.574
23 67 28.106
23 68 38.729
23 69 69.633
23 70 17.624
23 71 1.966
23 72 51.052
23 73 30.798
23 74 60.405
23 75 57.671
23 76 19.002
23 77 56.565
23 78 3.14
23 79 45.669
23 80 66.609
23 81 37.304
23 82 26.533
23 83 7.042
23 84 41.138
23 85 6.662
23 86 17.212
23 87 10.758
23 88 29.757
23 89 84.193
23 90 62.661
23 91 89.726
23 92 52.266
23 93 63.611
23 94 30.8
23 95 25.971
23 96 58.545
23 97 9.023
23 98 38.657
23 99 5.514
24 25 77.928
24 26 5.196
24 27 22.264
24 28 99.435
24 29 58.607
24 30 30.468
24 31 91.107
24 32 22.753
24 33 22.047
24 34 67.535
24 35 10.738
24 36 35.706
24 37 95.162
24 38 54.168
24 39 46.63
24 40 26.158
24 41 19.165
24 42 88.297
24 43 81.113
24 44 55.978
24 45 21.073
24 46 4.742
24 47 25.562
24 48 18.187
24 49 19.746
24 50 12.794
24 51 76.343
24 52 37.654
24 53 33.901
24 54 91.028
24 55 29.5
24 56 70.643
24 57 35.973
24 58 30.654
24 59 76.909
24 60 64.087
24 61 73.661
24 62 7.338
24 63 15.798
24 64 53.202
24 65 11.564
24 66 18.247
24 67 73.101
24 68 18.694
24 69 1.103
24 70 89.901
24 71 34.436
24 72 54.324
24 73 53.42
24 74 57.307
24 75 2.212
24 76 11.988
24 77 30.173
24 78 25.599
24 79 9.492
24 80 89.304
24 81 43.902
24 82 40.749
24 83 26.464
24 84 42.566
24 85 70.695
24 86 33.561
24 87 11.289
24 88 19.4
24 89 9.08
24 90 68.907
24 91 63.043
24 92 49.871
24 93 4.496
24 94 97.203
24 95 49.96
24 96 35.475
24 97 83.79
24 98 3.334
24 99 79.363
25 26 36.123
25 27 10.4
25 28 37.751
25 29 21.816
25 30 96.033
25 31 84.441
25 32 79.027
25 33 1.361
25 34 69.431
25 35 65.437
25 36 83.092
25 37 52.654
25 38 26.587
25 39 87.852
25 40 52.393
25 41 4.221
25 42 5.532
25 43 69.484
25 44 73.563
25 45 71.855
25 46 66.629
25 47 50.353
25 48 88.452
25 49 80.007
25 50 87.173
25 51 86.406
25 52 47.682
25 53 64.566
25 54 81.083
25 55 10.484
25 56 22.325
25 57 29.433
25 58 34.055
25 59 92.267
25 60 94.615
25 61 86.422
25 62 34.395
25 63 63.414
25 64 6.826
25 65 81.929
25 66 90.16
25 67 76.381
25 68 13.64
25 69 67.27
25 70 92.215
25 71 94.089
25 72 67.112
25 73 11.469
25 74 8.584
25 75 68.374
25 76 58.088
25 77 18.34
25 78 85.158
25 79 7.391
25 80 37.02
25 81 81.072
25 82 56.408
25 83 27.596
25 84 11.298
25 85 11.318
25 86 69.956
25 87 17.497
25 88 40.455
25 89 65.052
25 90 58.926
25 91 86.098
25 92 37.689
25 93 80.518
25 94 59.353
25 95 22.313
25 96 59.08
25 97 62.364
25 98 17.923
25 99 13.074
26 27 9.588
26 28 34.33
26 29 49.432
26 30 16.713
26 31 5.822
26 32 88.992
26 33 59.842
26 34 39.371
26 35 52.122
26 36 57.219
26 37 30.283
26 38 50.224
26 39 66.834
26 40 85.557
26 41 1.857
26 42 82.771
26 43 55.864
26 44 66.093
26 45 10.454
26 46 82.285
26 47 16.586
26 48 58.487
26 49 44.985
26 50 12.323
26 51 15.644
26 52 2.468
26 53 52.901
26 54 44.506
26 55 38.434
26 56 51.441
26 57 37.798
26 58 88.166
26 59 73.699
26 60 89.7
26 61 55.23
26 62 93.976
26 63 21.673
26 64 53.977
26 65 94.355
26 66 65.932
26 67 16.824
26 68 9.376
26 69 90.518
26 70 96.652
26 71 10.569
26 72 19.746
26 73 67.067
26 74 57.731
26 75 29.681
26 76 45.454
26 77 79.548
26 78 81.404
26 79 12.357
26 80 77.293
26 81 96.211
26 82 49.244
26 83 92.103
26 84 66.58
26 85 30.66
26 86 7.712
26 87 80.975
26 88 97.639
26 89 58.99
26 90 70.097
26 91 3.659
26 92 3.607
26 93 2.562
26 94 63.682
26 95 15.129
26 96 6.461
26 97 54.409
26 98 95.765
26 99 59.669
27 28 70.779
27 29 31.257
27 30 44.704
27 31 58.177
27 32 40.131
27 33 78.08
27 34 21.586
27 35 76.207
27 36 31.327
27 37 13.493
27 38 47.371
27 39 93.63
27 40 45.395
27 41 48.073
27 42 70.806
27 43 97.076
27 44 33.625
27 45 43.82
27 46 85.641
27 47 30.39
27 48 49.126
27 49 47.738
27 50 70.629
27 51 28.792
27 52 48.376
27 53 91.703
27 54 28.125
27 55 46.004
27 56 52.76
27 57 62.557
27 58 85.01
27 59 4.268
27 60 62.456
27 61 5.356
27 62 56.028
27 63 46.282
27 64 58.662
27 65 67.091
27 66 94.254
27 67 82.062
27 68 17.398
27 69 90.278
27 70 15.382
27 71 71.503
27 72 81.046
27 73 90.263
27 74 68.643
27 75 98.34
27 76 40.717
27 77 88.286
27 78 61.731
27 79 14.222
27 80 66.657
27 81 31.016
27 82 29.461
27 83 57.432
27 84 91.783
27 85 8.385
27 86 87.835
27 87 58.008
27 88 39.873
27 89 46.03
27 90 61.353
27 91 25.432
27 92 97.334
27 93 67.57
27 94 85.4
27 95 60.448
27 96 35.956
27 97 2.758
27 98 84.437
27 99 93.648
28 29 53.625
28 30 4.746
28 31 12.252
28 32 71.746
28 33 13.583
28 34 21.957
28 35 2.003
28 36 80.545
28 37 14.342
28 38 13.754
28 39 71.904
28 40 68.008
28 41 47.58
28 42 10.177
28 43 47.729
28 44 66.374
28 45 92.777
28 46 46.885
28 47 23.972
28 48 91.343
28 49 92.663
28 50 13.949
28 51 22.478
28 52 61.517
28 53 72.876
28 54 6.399
28 55 46.237
28 56 29.294
28 57 44.843
28 58 76.569
28 59 57.066
28 60 7.465
28 61 89.864
28 62 90.262
28 63 73.541
28 64 64.247
28 65 50.436
28 66 50.12
28 67 22.754
28 68 96.135
28 69 76.968
28 70 93.823
28 71 72.009
28 72 64.349
28 73 86.219
28 74 84.394
28 75 45.301
28 76 38.904
28 77 34.969
28 78 91.186
28 79 64.411
28 80 70.142
28 81 30.26
28 82 55.402
28 83 72.61
28 84 73.044
28 85 83.993
28 86 43.589
28 87 99.152
28 88 22.941
28 89 68.035
28 90 16.249
28 91 3.32
28 92 99.518
28 93 82.514
28 94 16.399
28 95 26.666
28 96 65.309
28 97 1.343
28 98 77.129
28 99 25.039
29 30 92.171
29 31 93.257
29 32 68.025
29 33 37.991
29 34 17.093
29 35 94.902
29 36 5.04
29 37 72.049
29 38 41.572
29 39 16.735
29 40 98.181
29 41 77.042
29 42 7.605
29 43 74.822
29 44 74.523
29 45 81.994
29 46 73.471
29 47 10.084
29 48 97.128
29 49 87.337
29 50 58.97
29 51 26.157
29 52 85.62
29 53 25.706
29 54 28.456
29 55 34.649
29 56 37.455
29 57 17.651
29 58 51.28
29 59 14.948
29 60 84.503
29 61 44.504
29 62 90.211
29 63 55.862
29 64 52.121
29 65 49.546
29 66 76.707
29 67 84.982
29 68 50.972
29 69 48.457
29 70 62.412
29 71 32.913
29 72 95.046
29 73 60.976
29 74 57.598
29 75 76.044
29 76 83.691
29 77 35.442
29 78 16.508
29 79 81.583
29 80 44.278
29 81 20.788
29 82 83.826
29 83 27.719
29 84 2.868
29 85 50.975
29 86 73.786
29 87 54.489
29 88 23.434
29 89 37.595
29 90 38.747
29 91 34.233
29 92 95.125
29 93 14.13
29 94 30.177
29 95 96.142
29 96 92.375
29 97 1.525
29 98 85.793
29 99 13.267
30 31 16.395
30 32 46.374
30 33 66.601
30 34 46.378
30 35 41.364
30 36 42.911
30 37 82.884
30 38 74.459
30 39 62.186
30 40 74.13
30 41 55.824
30 42 42.902
30 43 90.025
30 44 29.493
30 45 77.154
30 46 53.488
30 47 86.423
30 48 65.063
30 49 57.097
30 50 73.624
30 51 45.696
30 52 15.21
30 53 3.59
30 54 74.832
30 55 57.355
30 56 17.388
30 57 12.291
30 58 57.715
30 59 63.518
30 60 26.704
30 61 74.39
30 62 59.179
30 63 75.912
30 64 41.593
30 65 64.979
30 66 39.632
30 67 61.843
30 68 11.805
30 69 21.009
30 70 15.083
30 71 24.54
30 72 34.594
30 73 37.476
30 74 78.272
30 75 47.973
30 76 82.619
30 77 60.329
30 78 11.901
30 79 58.494
30 80 81.91
30 81 50.153
30 82 59.202
30 83 65.012
30 84 90.837
30 85 22.546
30 86 49.424
30 87 9.533
30 88 19.318
30 89 9.84
30 90 13.899
30 91 92.172
30 92 26.356
30 93 66.807
30 94 59.277
30 95 87.082
30 96 98.918
30 97 33.119
30 98 84.842
30 99 74.975
31 32 61.342
31 33 71.706
31 34 81.528
31 35 57.633
31 36 19.375
31 37 67.797
31 38 36.564
31 39 83.05
31 40 51.186
31 41 95.893
31 42 65.566
31 43 76.693
31 44 1.062
31 45 5.584
31 46 38.77
31 47 86.444
31 48 29.506
31 49 71.418
31 50 6.646
31 51 62.221
31 52 66.221
31 53 37.798
31 54 97.014
31 55 25.962
31 56 36.318
31 57 3.35
31 58 68.199
31 59 59.265
31 60 57.953
31 61 26.042
31 62 61.999
31 63 70.293
31 64 99.381
31 65 40.272
31 66 35.286
31 67 16.043
31 68 77.128
31 69 84.824
31 70 62.171
31 71 21.043
31 72 26.555
31 73 59.289
31 74 65.787
31 75 40.514
31 76 63.729
31 77 30.726
31 78 17.357
31 79 52.51
31 80 51.97
31 81 76.204
31 82 91.016
31 83 29.417
31 84 37.155
31 85 14.448
31 86 83.545
31 87 7.999
31 88 78.156
31 89 3.976
31 90 10.623
31 91 28.564
31 92 87.101
31 93 87.976
31 94 6.158
31 95 58.491
31 96 60.215
31 97 74.889
31 98 73.182
31 99 38.908
32 33 57.654
32 34 88.918
32 35 43.496
32 36 98.494
32 37 4.85
32 38 88.56
32 39 45.572
32 40 58.399
32 41 56.342
32 42 44.491
32 43 57.68
32 44 33.605
32 45 51.369
32 46 15.74
32 47 60.798
32 48 62.675
32 49 33.412
32 50 45.424
32 51 68.638
32 52 83.438
32 53 16.231
32 54 53.483
32 55 99.106
32 56 91.936
32 57 96.476
32 58 66.56
32 59 56.742
32 60 1.406
32 61 62.169
32 62 2.402
32 63 3.236
32 64 54.389
32 65 62.498
32 66 81.475
32 67 25.637
32 68 43.911
32 69 47.211
32 70 21.664
32 71 27.842
32 72 36.1
32 73 1.651
32 74 34.5
32 75 75.389
32 76 53.894
32 77 37.812
32 78 3.663
32 79 14.321
32 80 66.662
32 81 42.124
32 82 57.278
32 83 44.558
32 84 40.585
32 85 4.058
32 86 88.778
32 87 64.831
32 88 9.341
32 89 15.766
32 90 11.291
32 91 66.348
32 92 44.389
32 93 44.964
32 94 10.25
32 95 76.547
32 96 51.595
32 97 34.256
32 98 64.944
32 99 78.24
33 34 75.962
33 35 42.737
33 36 70.273
33 37 54.964
33 38 12.372
33 39 85.495
33 40 79.974
33 41 59.158
33 42 6.35
33 43 26.255
33 44 97.673
33 45 78.366
33 46 1.717
33 47 86.299
33 48 61.414
33 49 56.963
33 50 11.755
33 51 88.884
33 52 9.575
33 53 34.274
33 54 60.019
33 55 95.675
33 56 18.211
33 57 65.547
33 58 71.603
33 59 9.473
33 60 38.428
33 61 18.739
33 62 52.518
33 63 53.718
33 64 63.088
33 65 78.769
33 66 69.369
33 67 42.883
33 68 94.651
33 69 53.601
33 70 72.207
33 71 44.628
33 72 27.566
33 73 32.246
33 74 37.656
33 75 60.672
33 76 55.165
33 77 17.669
33 78 5.734
33 79 6.134
33 80 32.889
33 81 39.779
33 82 94.147
33 83 73.476
33 84 16.955
33 85 45.036
33 86 98.511
33 87 74.313
33 88 64.734
33 89 98.119
33 90 91.809
33 91 80.919
33 92 43.147
33 93 48.02
33 94 17.578
33 95 6.191
33 96 55.25
33 97 14.292
33 98 64.848
33 99 63.408
34 35 35.523
34 36 10.865
34 37 68.739
34 38 93.09
34 39 39.21
34 40 62.276
34 41 7.729
34 42 41.083
34 43 37.19
34 44 83.394
34 45 25.36
34 46 93.025
34 47 31.169
34 48 77.1
34 49 62.838
34 50 89.244
34 51 41.663
34 52 43.157
34 53 31.182
34 54 61.559
34 55 69.939
34 56 1.693
34 57 22.924
34 58 72.609
34 59 66.941
34 60 64.693
34 61 93.46
34 62 61.756
34 63 86.225
34 64 29.59
34 65 93.28
34 66 57.271
34 67 50.855
34 68 36.724
34 69 34.221
34 70 70.247
34 71 89.044
34 72 22.983
34 73 23.825
34 74 77.424
34 75 32.3
34 76 48.593
34 77 93.039
34 78 90.57
34 79 51.697
34 80 90.519
34 81 37.513
34 82 83.637
34 83 80.185
34 84 94.899
34 85 87.285
34 86 24.546
34 87 99.484
34 88 41.629
34 89 51.699
34 90 22.905
34 91 65.766
34 92 37.157
34 93 73.035
34 94 63.186
34 95 79.215
34 96 46.445
34 97 65.026
34 98 14.871
34 99 9.15
35 36 13.733
35 37 99.135
35 38 85.801
35 39 10.467
35 40 87.109
35 41 35.491
35 42 88.989
35 43 11.482
35 44 42.15
35 45 28.732
35 46 74.533
35 47 36.108
35 48 82.701
35 49 78.974
35 50 68.833
35 51 74.735
35 52 59.631
35 53 75.886
35 54 79.557
35 55 24.147
35 56 58.866
35 57 74.733
35 58 95.456
35 59 35.461
35 60 39.906
35 61 23.08
35 62 44.539
35 63 96.326
35 64 66.498
35 65 15.626
35 66 37.635
35 67 13.048
35 68 51.144
35 69 81.113
35 70 73.463
35 71 18.792
35 72 60.063
35 73 16.461
35 74 45.764
35 75 76.36
35 76 12.955
35 77 70.481
35 78 57.72
35 79 49.647
35 80 84.939
35 81 85.807
35 82 89.27
35 83 38.416
35 84 30.933
35 85 15.273
35 86 61.977
35 87 62.412
35 88 63.386
35 89 43.724
35 90 58.124
35 91 60.531
35 92 9.893
35 93 36.513
35 94 55.195
35 95 9.596
35 96 3.981
35 97 36.821
35 98 29.002
35 99 35.378
36 37 15.365
36 38 98.832
36 39 58.769
36 40 35.931
36 41 94.196
36 42 69.72
36 43 90.221
36 44 41.801
36 45 29.69
36 46 67.726
36 47 45.909
36 48 38.116
36 49 43.993
36 50 27.384
36 51 89.143
36 52 51.159
36 53 40.236
36 54 42.112
36 55 44.678
36 56 97.809
36 57 45.483
36 58 46.48
36 59 36.841
36 60 60.655
36 61 17.816
36 62 95.793
36 63 62.594
36 64 17.154
36 65 16.246
36 66 64.55
36 67 63.642
36 68 67.168
36 69 40.804
36 70 89.432
36 71 5.054
36 72 28.748
36 73 20.541
36 74 22.188
36 75 9.682
36 76 67.848
36 77 17.287
36 78 69.896
36 79 37.013
36 80 56.771
36 81 97.009
36 82 98.772
36 83 20.752
36 84 82.676
36 85 20.445
36 86 1.672
36 87 33.407
36 88 64.593
36 89 71.663
36 90 11.817
36 91 15.991
36 92 84.31
36 93 11.371
36 94 71.616
36 95 37.694
36 96 40.776
36 97 26.621
36 98 36.513
36 99 8.538
37 38 51.898
37 39 22.749
37 40 58.616
37 41 85.822
37 42 47.55
37 43 69.783
37 44 67.058
37 45 62.412
37 46 54.372
37 47 8.895
37 48 51.993
37 49 33.455
37 50 39.264
37 51 48.783
37 52 42.828
37 53 92.895
37 54 57.718
37 55 87.701
37 56 81.111
37 57 41.972
37 58 68.197
37 59 76.65
37 60 59.173
37 61 62.908
37 62 54.543
37 63 53.395
37 64 76.599
37 65 88.89
37 66 36.06
37 67 15.595
37 68 12.294
37 69 95.023
37 70 50.102
37 71 80.149
37 72 36.256
37 73 34.808
37 74 85.776
37 75 73.154
37 76 48.062
37 77 8.974
37 78 9.935
37 79 77.269
37 80 9.441
37 81 72.113
37 82 93.101
37 83 67.992
37 84 56.071
37 85 87.252
37 86 39.457
37 87 93.198
37 88 75.46
37 89 32.166
37 90 40.45
37 91 88.788
37 92 79.226
37 93 47.407
37 94 11.602
37 95 83.222
37 96 44.956
37 97 84.916
37 98 55.883
37 99 79.755
38 39 53.999
38 40 33.685
38 41 3.696
38 42 41.294
38 43 75.481
38 44 24.559
38 45 5.889
38 46 76.921
38 47 46.791
38 48 57.645
38 49 46.168
38 50 51.058
38 51 91.375
38 52 45.953
38 53 78.105
38 54 21.464
38 55 13.212
38 56 21.886
38 57 87.785
38 58 85.286
38 59 58.132
38 60 10.952
38 61 28.651
38 62 29.041
38 63 21.569
38 64 24.298
38 65 80.009
38 66 61.345
38 67 45.586
38 68 45.818
38 69 2.002
38 70 59.512
38 71 52.31
38 72 10.15
38 73 89.875
38 74 4.708
38 75 21.064
38 76 10.999
38 77 22.218
38 78 69.941
38 79 44.586
38 80 64.626
38 81 35.976
38 82 7.157
38 83 48.497
38 84 24.176
38 85 38.845
38 86 7.735
38 87 44.697
38 88 61.486
38 89 46.396
38 90 54.525
38 91 5.859
38 92 26.798
38 93 75.822
38 94 88.405
38 95 33.347
38 96 54.939
38 97 38.994
38 98 16.858
38 99 82.572
39 40 70.445
39 41 83.644
39 42 56.378
39 43 48.353
39 44 60.381
39 45 76.808
39 46 9.689
39 47 35.026
39 48 63.537
39 49 17.814
39 50 95.507
39 51 27.571
39 52 50.724
39 53 50.015
39 54 19.102
39 55 52.049
39 56 15.429
39 57 57.637
39 58 75.438
39 59 68.438
39 60 94.778
39 61 35.763
39 62 62.405
39 63 64.823
39 64 87.659
39 65 79.553
39 66 72.882
39 67 84.586
39 68 81.796
39 69 98.849
39 70 44.872
39 71 65.171
39 72 59.211
39 73 8.592
39 74 82.481
39 75 48.482
39 76 89.734
39 77 68.543
39 78 90.811
39 79 51.581
39 80 52.013
39 81 12.944
39 82 85.649
39 83 42.814
39 84 87.639
39 85 57.468
39 86 54.866
39 87 95.712
39 88 21.726
39 89 32.493
39 90 72.52
39 91 12.05
39 92 15.569
39 93 7.416
39 94 69.836
39 95 39.795
39 96 4.819
39 97 35.541
39 98 41.188
39 99 94.593
40 41 84.16
40 42 78.038
40 43 62.217
40 44 61.47
40 45 22.824
40 46 76.762
40 47 37.682
40 48 24.699
40 49 49.723
40 50 38.522
40 51 98.473
40 52 21.643
40 53 74.73
40 54 90.6
40 55 37.779
40 56 91.771
40 57 82.143
40 58 37.409
40 59 19.927
40 60 2.104
40 61 99.361
40 62 4.232
40 63 6.575
40 64 12.31
40 65 42.06
40 66 54.425
40 67 33.838
40 68 4.347
40 69 9.266
40 70 21.177
40 71 70.242
40 72 40.437
40 73 99.009
40 74 71.155
40 75 85.289
40 76 8.73
40 77 29.111
40 78 48.087
40 79 59.501
40 80 28.308
40 81 29.893
40 82 10.791
40 83 61.891
40 84 16.708
40 85 51.605
40 86 93.694
40 87 49.075
40 88 36.75
40 89 10.978
40 90 83.986
40 91 50.058
40 92 92.648
40 93 87.125
40 94 24.811
40 95 88.251
40 96 2.318
40 97 5.049
40 98 96.582
40 99 63.306
41 42 75.341
41 43 63.957
41 44 87.087
41 45 95.443
41 46 60.789
41 47 3.289
41 48 33.464
41 49 16.931
41 50 4.054
41 51 64.826
41 52 78.465
41 53 96.518
41 54 70.569
41 55 20.027
41 56 63.166
41 57 22.98
41 58 20.339
41 59 21.907
41 60 23.155
41 61 70.951
41 62 40.185
41 63 30.691
41 64 22.24
41 65 81.363
41 66 95.873
41 67 81.258
41 68 41.289
41 69 24.436
41 70 18.383
41 71 31.087
41 72 12.699
41 73 33.596
41 74 3.224
41 75 35.909
41 76 9.703
41 77 45.971
41 78 65.904
41 79 94.301
41 80 91.03
41 81 54.625
41 82 19.371
41 83 17.432
41 84 45.171
41 85 94.649
41 86 46.161
41 87 43.272
41 88 12.226
41 89 37.411
41 90 60.346
41 91 78.58
41 92 91.827
41 93 45.791
41 94 57.354
41 95 28.283
41 96 18.782
41 97 8.626
41 98 15.917
41 99 85.982
42 43 50.551
42 44 84.132
42 45 90.818
42 46 91.207
42 47 89.109
42 48 72.809
42 49 39.291
42 50 59.043
42 51 40.738
42 52 45.858
42 53 76.474
42 54 72.986
42 55 93.766
42 56 21.091
42 57 80.013
42 58 51.727
42 59 7.486
42 60 98.961
42 61 44.338
42 62 83.265
42 63 69.681
42 64 7.218
42 65 33.666
42 66 28.572
42 67 49.136
42 68 16.649
42 69 7.299
42 70 36.938
42 71 70.382
42 72 41.814
42 73 38.145
42 74 98.549
42 75 26.629
42 76 55.691
42 77 81.077
42 78 65.308
42 79 25.067
42 80 60.086
42 81 9.199
42 82 75.2
42 83 18.709
42 84 48.222
42 85 46.18
42 86 77.645
42 87 82.597
42 88 33.324
42 89 64.9
42 90 77.715
42 91 38.368
42 92 79.714
42 93 36.06
42 94 70.223
42 95 42.922
42 96 42.036
42 97 87.071
42 98 13.87
42 99 58.64
43 44 32.341
43 45 8.788
43 46 4.27
43 47 73.885
43 48 38.981
43 49 80.053
43 50 83.881
43 51 51.559
43 52 97.188
43 53 45.125
43 54 34.571
43 55 65.919
43 56 40.817
43 57 21.73
43 58 72.15
43 59 73.273
43 60 63.945
43 61 29.733
43 62 54.987
43 63 50.281
43 64 15.295
43 65 95.662
43 66 52.657
43 67 96.035
43 68 7.771
43 69 75.372
43 70 77.96
43 71 80.724
43 72 59.564
43 73 98.244
43 74 68.122
43 75 49.75
43 76 98.991
43 77 2.162
43 78 76.326
43 79 79.194
43 80 88.098
43 81 65.407
43 82 17.79
43 83 35.758
43 84 87.389
43 85 45.631
43 86 80.722
43 87 45.444
43 88 55.879
43 89 93.397
43 90 34.111
43 91 42.435
43 92 21.279
43 93 12.325
43 94 21.601
43 95 29.59
43 96 38.71
43 97 1.259
43 98 20.426
43 99 10.596
44 45 57.872
44 46 89.911
44 47 36.439
44 48 53.71
44 49 59.214
44 50 67.285
44 51 69.764
44 52 96.155
44 53 4.635
44 54 10.433
44 55 42.467
44 56 2.088
44 57 95.385
44 58 10.274
44 59 8.037
44 60 73.638
44 61 58.383
44 62 72.856
44 63 70.091
44 64 51.067
44 65 66.607
44 66 88.697
44 67 63.658
44 68 18.202
44 69 27.775
44 70 87.058
44 71 11.97
44 72 31.987
44 73 97.614
44 74 24.638
44 75 93.21
44 76 2.989
44 77 26.607
44 78 28.537
44 79 98.111
44 80 11.511
44 81 35.575
44 82 82.115
44 83 64.933
44 84 25.261
44 85 71.512
44 86 11.856
44 87 37.956
44 88 97.501
44 89 97.214
44 90 38.259
44 91 28.342
44 92 14.399
44 93 76.348
44 94 18.301
44 95 93.471
44 96 81.671
44 97 2.703
44 98 44.646
44 99 48.152
45 46 68.43
45 47 89.952
45 48 53.256
45 49 5.67
45 50 83.441
45 51 2.299
45 52 57.547
45 53 46.673
45 54 20.237
45 55 6.16
45 56 59.687
45 57 55.847
45 58 24.776
45 59 54.22
45 60 71.916
45 61 48.098
45 62 23.626
45 63 13.53
45 64 81.868
45 65 71.143
45 66 80.904
45 67 90.793
45 68 37.535
45 69 44.31
45 70 80.168
45 71 29.565
45 72 34.07
45 73 95.592
45 74 71.425
45 75 66.505
45 76 15.588
45 77 20.798
45 78 99.268
45 79 45.348
45 80 74.992
45 81 35.938
45 82 77.742
45 83 21.87
45 84 4.259
45 85 12.856
45 86 92.177
45 87 40.295
45 88 72.847
45 89 40.933
45 90 79.631
45 91 31.44
45 92 22.909
45 93 3.628
45 94 74.544
45 95 57.602
45 96 40.29
45 97 42.841
45 98 24.047
45 99 69.26
46 47 4.075
46 48 23.883
46 49 63.329
46 50 13.211
46 51 20.227
46 52 31.046
46 53 91.835
46 54 21.583
46 55 44.372
46 56 43.44
46 57 50.908
46 58 42.961
46 59 1.361
46 60 87.639
46 61 81.947
46 62 89.361
46 63 5.84
46 64 8.076
46 65 51.981
46 66 16.501
46 67 26.376
46 68 42.634
46 69 24.005
46 70 77.577
46 71 29.479
46 72 48.484
46 73 64.048
46 74 45.591
46 75 76.757
46 76 51.634
46 77 85.1
46 78 71.214
46 79 78.739
46 80 6.198
46 81 62.968
46 82 36.074
46 83 70.487
46 84 94.01
46 85 60.869
46 86 27.522
46 87 70.278
46 88 29.215
46 89 62.279
46 90 68.945
46 91 79.896
46 92 18.914
46 93 59.171
46 94 65.938
46 95 99.509
46 96 66.222
46 97 43.287
46 98 70.405
46 99 78.717
47 48 79.262
47 49 55.801
47 50 12.014
47 51 70.361
47 52 90.298
47 53 53.189
47 54 57.637
47 55 93.796
47 56 37.386
47 57 39.04
47 58 28.102
47 59 15.031
47 60 98.123
47 61 56.742
47 62 55.176
47 63 58.978
47 64 14.78
47 65 51.691
47 66 18.589
47 67 6.349
47 68 35.134
47 69 43.296
47 70 22.234
47 71 66.569
47 72 23.902
47 73 4.887
47 74 19.962
47 75 76.434
47 76 22.554
47 77 99.448
47 78 85.794
47 79 35.544
47 80 65.616
47 81 1.605
47 82 3.169
47 83 22.323
47 84 99.642
47 85 21.276
47 86 46.306
47 87 31.557
47 88 78.702
47 89 44.231
47 90 12.033
47 91 15.28
47 92 90.567
47 93 30.646
47 94 34.469
47 95 78.751
47 96 34.4
47 97 80.179
47 98 83.438
47 99 71.311
48 49 30.309
48 50 64.245
48 51 6.166
48 52 50.821
48 53 54.923
48 54 58.029
48 55 57.632
48 56 31.207
48 57 18.331
48 58 81.582
48 59 99.829
48 60 86.151
48 61 55.797
48 62 87.976
48 63 52.436
48 64 45.393
48 65 89.908
48 66 73.846
48 67 12.476
48 68 21.359
48 69 82.453
48 70 34.446
48 71 23.497
48 72 2.576
48 73 59.13
48 74 92.831
48 75 28.498
48 76 91.379
48 77 16.916
48 78 27.356
48 79 69.576
48 80 82.211
48 81 47.993
48 82 30.233
48 83 8.859
48 84 11.183
48 85 67.981
48 86 10.429
48 87 79.216
48 88 85.362
48 89 71.961
48 90 50.836
48 91 74.091
48 92 76.092
48 93 90.922
48 94 77.478
48 95 23.164
48 96 35.539
48 97 72.533
48 98 93.081
48 99 21.938
49 50 68.855
49 51 60.344
49 52 81.074
49 53 94.133
49 54 64.162
49 55 88.437
49 56 9.939
49 57 74.152
49 58 49.594
49 59 10.512
49 60 37.544
49 61 7.693
49 62 70.735
49 63 11.739
49 64 2.424
49 65 82.602
49 66 97.973
49 67 67.288
49 68 97.676
49 69 82.831
49 70 81.358
49 71 84.389
49 72 76.869
49 73 79.223
49 74 38.968
49 75 64.97
49 76 38.948
49 77 52.149
49 78 48.653
49 79 79.792
49 80 47.032
49 81 84.185
49 82 21.161
49 83 57.411
49 84 99.752
49 85 25.944
49 86 85.368
49 87 79.199
49 88 35.354
49 89 32.678
49 90 94.497
49 91 30.783
49 92 74.571
49 93 80.685
49 94 24.015
49 95 9.227
49 96 57.335
49 97 4.803
49 98 49.181
49 99 81.546
50 51 67.023
50 52 41.714
50 53 22.075
50 54 39.16
50 55 88.523
50 56 85.335
50 57 43.448
50 58 34.358
50 59 35.247
50 60 84.091
50 61 20.05
50 62 23.909
50 63 71.031
50 64 54.583
50 65 91.436
50 66 55.524
50 67 98.586
50 68 78.891
50 69 17.005
50 70 25.746
50 71 62.335
50 72 1.491
50 73 82.482
50 74 12.785
50 75 43.578
50 76 87.958
50 77 12.565
50 78 45.811
50 79 14.79
50 80 97.966
50 81 1.688
50 82 93.591
50 83 65.17
50 84 86.258
50 85 57.357
50 86 77.086
50 87 68.348
50 88 90.34
50 89 96.757
50 90 98.175
50 91 58.832
50 92 37.439
50 93 33.457
50 94 94.636
50 95 70.779
50 96 23.98
50 97 38.741
50 98 23.689
50 99 36.541
51 52 24.983
51 53 94.398
51 54 59.175
51 55 36.603
51 56 69.984
51 57 73.666
51 58 32.293
51 59 85.457
51 60 25.4
51 61 80.357
51 62 34.996
51 63 90.369
51 64 11.066
51 65 82.436
51 66 62.988
51 67 44.247
51 68 71.975
51 69 30.547
51 70 58.339
51 71 94.289
51 72 5.592
51 73 8.938
51 74 33.502
51 75 15.961
51 76 61.478
51 77 66.291
51 78 84.298
51 79 59.435
51 80 16.133
51 81 33.492
51 82 20.522
51 83 82.964
51 84 86.939
51 85 99.336
51 86 4.253
51 87 80.145
51 88 38.261
51 89 54.209
51 90 25.785
51 91 15.435
51 92 70.831
51 93 92.573
51 94 97.953
51 95 39.052
51 96 72.141
51 97 66.765
51 98 83.345
51 99 13.995
52 53 30.362
52 54 70.744
52 55 14.631
52 56 92.646
52 57 28.664
52 58 46.99
52 59 99.945
52 60 85.508
52 61 68.042
52 62 27.038
52 63 8.656
52 64 57.085
52 65 98.126
52 66 94.291
52 67 78.406
52 68 13.257
52 69 13.933
52 70 62.122
52 71 47.217
52 72 27.276
52 73 88.062
52 74 27.469
52 75 40.764
52 76 49.668
52 77 33.067
52 78 85.16
52 79 35.375
52 80 34.341
52 81 5.891
52 82 2.062
52 83 29.605
52 84 42.304
52 85 28.62
52 86 27.732
52 87 8.755
52 88 45.144
52 89 67.885
52 90 87.315
52 91 45.973
52 92 39.387
52 93 68.475
52 94 92.04
52 95 27.208
52 96 13.198
52 97 39.209
52 98 11.143
52 99 35.747
53 54 30.524
53 55 73.295
53 56 22.672
53 57 26.604
53 58 81.73
53 59 41.451
53 60 12.254
53 61 6.435
53 62 49.141
53 63 62.211
53 64 90.99
53 65 13.991
53 66 27.975
53 67 54.384
53 68 10.398
53 69 79.527
53 70 83.935
53 71 64.159
53 72 50.891
53 73 87.226
53 74 60.151
53 75 48.22
53 76 46.08
53 77 28.82
53 78 86.1
53 79 98.926
53 80 97.119
53 81 92.441
53 82 44.657
53 83 49.547
53 84 61.0
53 85 85.363
53 86 4.266
53 87 23.347
53 88 9.393
53 89 83.772
53 90 93.474
53 91 78.476
53 92 58.774
53 93 92.415
53 94 33.382
53 95 26.426
53 96 83.685
53 97 48.342
53 98 17.648
53 99 57.501
54 55 15.781
54 56 4.095
54 57 97.963
54 58 75.093
54 59 88.395
54 60 56.039
54 61 39.262
54 62 38.125
54 63 41.822
54 64 92.476
54 65 34.716
54 66 21.922
54 67 41.249
54 68 77.703
54 69 39.558
54 70 36.28
54 71 16.079
54 72 2.385
54 73 71.046
54 74 56.626
54 75 49.297
54 76 58.056
54 77 33.609
54 78 29.799
54 79 66.241
54 80 17.534
54 81 15.475
54 82 6.587
54 83 27.476
54 84 41.069
54 85 19.873
54 86 44.19
54 87 14.89
54 88 49.645
54 89 30.557
54 90 46.522
54 91 72.458
54 92 15.792
54 93 68.251
54 94 92.083
54 95 74.045
54 96 65.998
54 97 52.934
54 98 30.896
54 99 77.354
55 56 89.186
55 57 62.196
55 58 52.862
55 59 22.174
55 60 93.394
55 61 92.723
55 62 53.138
55 63 57.333
55 64 99.426
55 65 79.419
55 66 35.47
55 67 38.684
55 68 74.199
55 69 8.484
55 70 3.641
55 71 19.002
55 72 32.348
55 73 56.403
55 74 34.138
55 75 71.835
55 76 67.045
55 77 95.211
55 78 10.411
55 79 73.677
55 80 37.929
55 81 95.742
55 82 96.824
55 83 47.947
55 84 50.523
55 85 74.879
55 86 14.845
55 87 98.204
55 88 25.718
55 89 39.999
55 90 25.592
55 91 62.13
55 92 45.672
55 93 47.039
55 94 24.767
55 95 46.524
55 96 37.959
55 97 34.535
55 98 48.753
55 99 70.519
56 57 52.505
56 58 70.088
56 59 5.491
56 60 66.17
56 61 69.229
56 62 72.606
56 63 69.069
56 64 87.614
56 65 46.233
56 66 79.883
56 67 22.377
56 68 74.043
56 69 54.062
56 70 51.18
56 71 26.482
56 72 98.529
56 73 60.938
56 74 37.628
56 75 28.95
56 76 34.26
56 77 51.01
56 78 14.264
56 79 71.014
56 80 46.668
56 81 8.905
56 82 53.713
56 83 29.545
56 84 92.84
56 85 19.529
56 86 35.551
56 87 70.519
56 88 80.956
56 89 59.854
56 90 98.893
56 91 81.468
56 92 38.816
56 93 37.047
56 94 10.925
56 95 20.07
56 96 33.367
56 97 7.431
56 98 15.331
56 99 33.621
57 58 33.787
57 59 93.833
57 60 29.287
57 61 6.738
57 62 82.852
57 63 26.922
57 64 38.746
57 65 46.141
57 66 40.478
57 67 3.146
57 68 54.017
57 69 95.785
57 70 71.694
57 71 45.912
57 72 96.281
57 73 51.817
57 74 6.498
57 75 50.655
57 76 22.808
57 77 91.984
57 78 58.18
57 79 73.814
57 80 51.195
57 81 61.538
57 82 72.672
57 83 69.281
57 84 53.398
57 85 59.726
57 86 33.958
57 87 7.93
57 88 99.655
57 89 10.25
57 90 90.864
57 91 68.756
57 92 6.392
57 93 79.211
57 94 27.241
57 95 57.814
57 96 49.753
57 97 25.824
57 98 58.759
57 99 86.626
58 59 51.061
58 60 82.355
58 61 40.904
58 62 72.554
58 63 1.443
58 64 14.362
58 65 50.419
58 66 52.662
58 67 32.242
58 68 47.296
58 69 75.909
58 70 26.262
58 71 65.694
58 72 91.071
58 73 41.538
58 74 75.877
58 75 70.134
58 76 43.428
58 77 31.534
58 78 99.074
58 79 42.743
58 80 28.828
58 81 83.287
58 82 96.317
58 83 27.624
58 84 95.996
58 85 63.096
58 86 73.615
58 87 24.951
58 88 83.193
58 89 75.508
58 90 40.501
58 91 79.718
58 92 44.017
58 93 37.011
58 94 80.885
58 95 65.398
58 96 7.31
58 97 91.067
58 98 46.574
58 99 68.288
59 60 2.268
59 61 72.01
59 62 18.479
59 63 2.467
59 64 69.242
59 65 51.364
59 66 33.491
59 67 33.558
59 68 18.118
59 69 53.181
59 70 32.057
59 71 70.921
59 72 79.525
59 73 12.94
59 74 1.51
59 75 73.348
59 76 15.171
59 77 5.106
59 78 33.796
59 79 95.537
59 80 99.462
59 81 81.323
59 82 98.683
59 83 84.868
59 84 19.544
59 85 24.141
59 86 71.476
59 87 93.573
59 88 9.988
59 89 49.006
59 90 46.633
59 91 3.309
59 92 10.22
59 93 20.75
59 94 33.017
59 95 24.617
59 96 34.121
59 97 72.203
59 98 72.304
59 99 32.407
60 61 13.244
60 62 27.918
60 63 79.639
60 64 84.709
60 65 31.05
60 66 39.524
60 67 48.499
60 68 32.454
60 69 97.811
60 70 96.109
60 71 20.188
60 72 56.661
60 73 13.213
60 74 40.514
60 75 90.688
60 76 6.198
60 77 74.597
60 78 7.464
60 79 86.348
60 80 92.935
60 81 47.249
60 82 65.843
60 83 37.863
60 84 83.373
60 85 45.087
60 86 32.034
60 87 87.582
60 88 18.072
60 89 29.547
60 90 20.843
60 91 45.026
60 92 32.847
60 93 15.313
60 94 91.907
60 95 64.348
60 96 9.145
60 97 30.362
60 98 98.341
60 99 25.872
61 62 92.0
61 63 35.586
61 64 11.7
61 65 52.671
61 66 77.227
61 67 12.653
61 68 10.995
61 69 43.631
61 70 4.074
61 71 56.366
61 72 63.768
61 73 71.273
61 74 10.398
61 75 36.81
61 76 11.058
61 77 23.478
61 78 50.393
61 79 83.928
61 80 77.469
61 81 56.401
61 82 84.504
61 83 55.836
61 84 64.126
61 85 6.757
61 86 90.735
61 87 73.753
61 88 34.697
61 89 18.771
61 90 23.088
61 91 19.793
61 92 23.562
61 93 5.34
61 94 59.603
61 95 10.541
61 96 64.198
61 97 26.348
61 98 24.919
61 99 57.728
62 63 55.89
62 64 3.464
62 65 6.574
62 66 51.436
62 67 89.454
62 68 24.618
62 69 62.244
62 70 82.345
62 71 89.176
62 72 36.017
62 73 96.217
62 74 47.184
62 75 99.249
62 76 78.287
62 77 33.448
62 78 23.023
62 79 8.597
62 80 62.134
62 81 99.772
62 82 11.404
62 83 7.431
62 84 60.126
62 85 40.847
62 86 5.558
62 87 17.956
62 88 31.09
62 89 1.704
62 90 93.766
62 91 65.091
62 92 6.037
62 93 9.942
62 94 36.471
62 95 71.698
62 96 11.012
62 97 71.568
62 98 3.803
62 99 92.135
63 64 72.077
63 65 34.736
63 66 74.744
63 67 19.387
63 68 17.045
63 69 77.859
63 70 17.527
63 71 15.528
63 72 63.335
63 73 7.204
63 74 15.143
63 75 65.364
63 76 95.046
63 77 83.442
63 78 11.492
63 79 80.241
63 80 45.605
63 81 23.909
63 82 82.9
63 83 30.641
63 84 50.952
63 85 68.023
63 86 23.972
63 87 9.815
63 88 77.924
63 89 81.645
63 90 32.181
63 91 42.949
63 92 15.716
63 93 71.563
63 94 68.139
63 95 14.443
63 96 93.132
63 97 48.235
63 98 20.012
63 99 44.93
64 65 73.877
64 66 48.498
64 67 10.794
64 68 40.949
64 69 27.475
64 70 23.402
64 71 15.181
64 72 64.167
64 73 43.658
64 74 82.051
64 75 54.043
64 76 57.345
64 77 99.147
64 78 28.803
64 79 40.308
64 80 40.93
64 81 15.41
64 82 67.178
64 83 22.906
64 84 6.899
64 85 11.482
64 86 44.805
64 87 9.232
64 88 83.848
64 89 38.168
64 90 80.11
64 91 99.858
64 92 23.557
64 93 44.766
64 94 6.282
64 95 51.405
64 96 24.412
64 97 60.814
64 98 31.964
64 99 60.438
65 66 69.913
65 67 96.864
65 68 28.134
65 69 51.434
65 70 75.071
65 71 58.466
65 72 44.981
65 73 57.174
65 74 59.03
65 75 99.313
65 76 90.783
65 77 20.506
65 78 87.252
65 79 2.119
65 80 48.676
65 81 53.722
65 82 44.287
65 83 74.642
65 84 2.826
65 85 15.073
65 86 52.903
65 87 57.871
65 88 34.67
65 89 71.293
65 90 72.934
65 91 92.172
65 92 12.538
65 93 39.044
65 94 8.246
65 95 87.329
65 96 68.862
65 97 99.468
65 98 64.075
65 99 92.226
66 67 57.061
66 68 76.304
66 69 95.258
66 70 76.631
66 71 70.836
66 72 30.215
66 73 20.692
66 74 3.888
66 75 91.817
66 76 93.164
66 77 72.279
66 78 78.904
66 79 34.829
66 80 98.447
66 81 15.765
66 82 4.076
66 83 76.493
66 84 37.703
66 85 15.008
66 86 66.878
66 87 69.558
66 88 79.447
66 89 60.227
66 90 54.339
66 91 72.873
66 92 62.206
66 93 62.872
66 94 19.377
66 95 19.437
66 96 55.128
66 97 47.361
66 98 51.982
66 99 40.64
67 68 6.977
67 69 33.414
67 70 36.356
67 71 32.118
67 72 77.537
67 73 20.926
67 74 59.853
67 75 45.237
67 76 92.966
67 77 42.618
67 78 43.499
67 79 80.412
67 80 6.005
67 81 36.449
67 82 85.647
67 83 6.411
67 84 46.404
67 85 87.834
67 86 96.147
67 87 45.252
67 88 64.941
67 89 45.389
67 90 29.839
67 91 1.909
67 92 36.394
67 93 34.794
67 94 80.757
67 95 5.053
67 96 56.583
67 97 53.225
67 98 47.499
67 99 12.547
68 69 72.99
68 70 82.694
68 71 77.384
68 72 3.631
68 73 54.355
68 74 12.14
68 75 7.139
68 76 34.281
68 77 18.186
68 78 1.076
68 79 68.519
68 80 9.423
68 81 60.786
68 82 84.591
68 83 39.37
68 84 27.769
68 85 56.288
68 86 27.507
68 87 23.853
68 88 84.229
68 89 28.087
68 90 59.533
68 91 45.637
68 92 41.829
68 93 37.988
68 94 98.935
68 95 75.079
68 96 84.861
68 97 1.686
68 98 3.28
68 99 41.832
69 70 21.478
69 71 78.468
69 72 42.818
69 73 22.891
69 74 27.278
69 75 37.251
69 76 55.951
69 77 96.032
69 78 5.086
69 79 18.167
69 80 91.564
69 81 36.602
69 82 78.62
69 83 23.796
69 84 18.898
69 85 98.017
69 86 96.212
69 87 31.146
69 88 25.297
69 89 8.143
69 90 39.827
69 91 36.696
69 92 16.531
69 93 33.906
69 94 68.337
69 95 64.458
69 96 94.03
69 97 96.516
69 98 48.664
69 99 4.893
70 71 6.316
70 72 34.158
70 73 79.509
70 74 40.98
70 75 24.525
70 76 25.662
70 77 53.268
70 78 51.957
70 79 11.593
70 80 66.634
70 81 88.253
70 82 16.955
70 83 28.585
70 84 6.85
70 85 53.784
70 86 93.34
70 87 12.513
70 88 55.243
70 89 91.081
70 90 11.563
70 91 32.305
70 92 6.23
70 93 91.679
70 94 96.799
70 95 62.818
70 96 38.823
70 97 87.673
70 98 79.04
70 99 77.385
71 72 6.166
71 73 62.27
71 74 37.96
71 75 70.206
71 76 3.485
71 77 10.781
71 78 2.439
71 79 73.621
71 80 19.206
71 81 99.108
71 82 66.972
71 83 55.588
71 84 56.142
71 85 86.484
71 86 97.873
71 87 40.101
71 88 38.724
71 89 95.089
71 90 58.504
71 91 76.97
71 92 18.137
71 93 17.545
71 94 79.369
71 95 48.812
71 96 96.326
71 97 49.588
71 98 7.592
71 99 80.32
72 73 86.491
72 74 83.968
72 75 38.266
72 76 19.321
72 77 61.225
72 78 58.629
72 79 44.433
72 80 92.545
72 81 8.972
72 82 50.492
72 83 73.23
72 84 66.851
72 85 36.42
72 86 66.582
72 87 14.013
72 88 85.625
72 89 61.21
72 90 46.115
72 91 31.954
72 92 26.037
72 93 30.216
72 94 93.639
72 95 26.772
72 96 3.155
72 97 80.146
72 98 63.91
72 99 85.932
73 74 22.96
73 75 91.594
73 76 90.896
73 77 31.254
73 78 27.235
73 79 82.123
73 80 19.201
73 81 88.159
73 82 11.927
73 83 13.804
73 84 65.144
73 85 50.291
73 86 34.75
73 87 81.472
73 88 97.057
73 89 46.934
73 90 90.342
73 91 60.007
73 92 3.137
73 93 79.941
73 94 6.197
73 95 72.278
73 96 11.924
73 97 53.297
73 98 47.197
73 99 81.419
74 75 77.063
74 76 89.975
74 77 5.041
74 78 94.312
74 79 49.221
74 80 11.685
74 81 1.734
74 82 64.718
74 83 18.154
74 84 1.471
74 85 26.407
74 86 84.814
74 87 76.498
74 88 81.782
74 89 94.973
74 90 4.761
74 91 65.908
74 92 26.791
74 93 38.886
74 94 96.914
74 95 61.014
74 96 7.865
74 97 77.462
74 98 22.706
74 99 64.549
75 76 46.459
75 77 65.97
75 78 51.997
75 79 55.474
75 80 89.745
75 81 33.786
75 82 98.687
75 83 89.824
75 84 7.297
75 85 27.098
75 86 69.585
75 87 73.056
75 88 16.848
75 89 26.276
75 90 3.146
75 91 51.3
75 92 50.203
75 93 71.053
75 94 98.506
75 95 27.098
75 96 50.139
75 97 65.319
75 98 66.706
75 99 59.793
76 77 93.551
76 78 91.823
76 79 56.726
76 80 40.429
76 81 70.248
76 82 81.942
76 83 41.125
76 84 4.96
76 85 73.983
76 86 8.473
76 87 36.112
76 88 74.888
76 89 27.869
76 90 86.038
76 91 79.9
76 92 72.84
76 93 40.965
76 94 91.841
76 95 1.871
76 96 20.97
76 97 70.175
76 98 37.137
76 99 53.66
77 78 91.68
77 79 66.672
77 80 27.75
77 81 73.681
77 82 96.105
77 83 15.462
77 84 80.187
77 85 26.445
77 86 55.24
77 87 88.114
77 88 69.774
77 89 48.195
77 90 15.813
77 91 86.348
77 92 4.621
77 93 90.925
77 94 46.924
77 95 59.64
77 96 75.065
77 97 56.971
77 98 31.467
77 99 49.021
78 79 99.969
78 80 31.479
78 81 17.561
78 82 73.413
78 83 43.578
78 84 42.24
78 85 66.553
78 86 5.34
78 87 92.497
78 88 2.852
78 89 17.543
78 90 10.253
78 91 51.239
78 92 96.895
78 93 13.135
78 94 66.267
78 95 21.32
78 96 95.796
78 97 96.943
78 98 73.127
78 99 93.51
79 80 95.76
79 81 21.705
79 82 42.763
79 83 35.793
79 84 80.107
79 85 93.383
79 86 10.502
79 87 51.358
79 88 50.971
79 89 80.307
79 90 1.445
79 91 43.995
79 92 14.133
79 93 26.903
79 94 41.787
79 95 73.003
79 96 39.675
79 97 54.594
79 98 42.248
79 99 82.527
80 81 49.542
80 82 42.091
80 83 37.452
80 84 81.301
80 85 89.161
80 86 64.03
80 87 79.239
80 88 42.113
80 89 7.675
80 90 49.519
80 91 14.306
80 92 95.509
80 93 1.73
80 94 12.221
80 95 72.902
80 96 57.438
80 97 61.574
80 98 57.568
80 99 63.753
81 82 99.196
81 83 1.082
81 84 17.427
81 85 77.138
81 86 27.823
81 87 70.358
81 88 98.449
81 89 98.694
81 90 15.991
81 91 24.168
81 92 97.197
81 93 50.751
81 94 35.09
81 95 63.592
81 96 47.386
81 97 53.383
81 98 41.47
81 99 57.452
82 83 44.433
82 84 76.158
82 85 27.041
82 86 43.818
82 87 48.612
82 88 3.713
82 89 64.804
82 90 61.952
82 91 75.265
82 92 9.4
82 93 43.487
82 94 27.889
82 95 43.294
82 96 59.661
82 97 34.512
82 98 25.57
82 99 56.4
83 84 99.085
83 85 69.654
83 86 55.092
83 87 68.35
83 88 11.782
83 89 80.533
83 90 74.373
83 91 95.944
83 92 64.958
83 93 96.526
83 94 6.199
83 95 76.106
83 96 24.094
83 97 86.881
83 98 38.389
83 99 14.686
84 85 49.424
84 86 31.925
84 87 44.983
84 88 8.594
84 89 1.821
84 90 82.45
84 91 91.855
84 92 79.636
84 93 6.975
84 94 40.321
84 95 15.204
84 96 19.031
84 97 32.025
84 98 98.083
84 99 20.292
85 86 63.917
85 87 19.949
85 88 99.871
85 89 28.544
85 90 87.103
85 91 3.494
85 92 36.997
85 93 14.812
85 94 19.473
85 95 70.49
85 96 55.507
85 97 36.546
85 98 34.115
85 99 25.946
86 87 50.674
86 88 24.802
86 89 83.057
86 90 43.14
86 91 47.841
86 92 96.654
86 93 15.669
86 94 22.681
86 95 16.495
86 96 33.836
86 97 67.153
86 98 36.117
86 99 82.243
87 88 18.972
87 89 46.308
87 90 16.608
87 91 61.316
87 92 90.967
87 93 25.249
87 94 18.542
87 95 91.852
87 96 31.604
87 97 30.284
87 98 40.438
87 99 5.975
88 89 17.722
88 90 23.823
88 91 56.598
88 92 37.062
88 93 8.724
88 94 87.233
88 95 19.132
88 96 85.053
88 97 26.24
88 98 62.671
88 99 60.513
89 90 78.779
89 91 65.56
89 92 12.912
89 93 33.358
89 94 78.944
89 95 45.363
89 96 84.557
89 97 32.701
89 98 90.707
89 99 51.134
90 91 36.599
90 92 96.026
90 93 82.736
90 94 86.061
90 95 77.468
90 96 42.713
90 97 97.471
90 98 59.639
90 99 42.808
91 92 79.915
91 93 38.416
91 94 44.779
91 95 10.512
91 96 31.438
91 97 32.158
91 98 16.435
91 99 15.853
92 93 52.104
92 94 72.673
92 95 49.301
92 96 31.248
92 97 16.938
92 98 57.125
92 99 11.604
93 94 93.039
93 95 34.911
93 96 39.772
93 97 12.559
93 98 34.074
93 99 27.891
94 95 33.052
94 96 55.634
94 97 59.482
94 98 29.053
94 99 39.048
95 96 88.198
95 97 6.327
95 98 52.831
95 99 23.273
96 97 7.936
96 98 2.67
96 99 47.041
97 98 91.295
97 99 57.654
98 99 91.249