100
0 3 91
0 37 67
0 56 89
0 57 9
0 60 36
0 69 38
0 73 67
0 75 72
0 82 74
0 86 8
0 92 92
0 95 70
1 6 94
1 8 24
1 13 46
1 30 91
1 42 98
1 56 36
1 71 48
1 77 77
1 78 26
1 92 99
1 95 27
1 97 19
2 5 77
2 10 35
2 16 81
2 23 91
2 25 30
2 30 81
2 46 2
2 62 30
2 63 93
2 64 49
2 74 68
2 86 20
2 90 43
2 94 22
2 97 42
3 22 67
3 36 3
3 45 63
3 63 92
3 64 61
3 66 19
3 67 77
3 81 65
3 90 65
3 92 9
3 93 1
3 94 47
3 98 86
4 5 84
4 14 75
4 17 31
4 21 55
4 26 92
4 49 97
4 53 84
4 54 76
4 55 4
4 56 36
4 75 58
4 79 1
5 11 33
5 17 34
5 23 41
5 40 39
5 50 71
5 53 24
5 59 78
5 72 32
5 74 3
5 78 28
5 87 38
5 92 97
5 95 3
6 11 45
6 13 10
6 24 71
6 26 32
6 28 28
6 38 86
6 44 29
6 45 71
6 50 34
6 54 95
6 57 87
6 60 5
6 67 76
6 73 41
6 78 26
6 81 51
6 98 46
7 16 95
7 27 6
7 54 87
7 59 16
7 62 66
7 75 12
7 77 57
7 78 44
7 81 11
7 82 66
7 85 73
7 89 29
7 92 43
7 99 61
8 9 21
8 23 46
8 28 45
8 33 96
8 36 85
8 47 75
8 49 78
8 55 41
8 62 36
8 65 70
8 72 43
8 74 39
8 79 11
8 80 47
8 85 20
8 95 25
9 22 53
9 24 82
9 26 63
9 30 94
9 37 11
9 38 75
9 46 29
9 56 2
9 61 70
9 66 65
9 72 85
9 77 5
9 87 56
10 17 84
10 26 16
10 42 54
10 46 1
10 50 17
10 55 56
10 58 41
10 61 16
10 62 18
10 67 43
10 75 73
10 84 42
10 85 20
10 89 75
11 12 66
11 15 69
11 32 64
11 35 8
11 46 8
11 53 69
11 59 92
11 60 46
11 75 14
11 81 42
11 83 21
11 86 5
11 88 2
11 89 51
11 94 36
12 26 5
12 28 47
12 37 65
12 40 56
12 42 44
12 43 24
12 64 45
12 67 23
12 84 74
12 86 3
12 89 25
12 90 58
13 16 23
13 27 35
13 32 79
13 33 15
13 34 1
13 40 33
13 48 95
13 49 48
13 55 88
13 79 87
13 81 58
13 85 20
13 92 55
14 16 22
14 17 12
14 18 38
14 19 87
14 29 15
14 38 19
14 44 25
14 48 98
14 50 46
14 51 38
14 58 29
14 59 69
14 71 4
14 78 4
14 82 39
14 88 26
15 20 91
15 32 35
15 55 11
15 58 14
15 62 7
15 64 11
15 75 95
15 85 60
15 86 25
16 30 54
16 31 73
16 36 96
16 37 76
16 48 99
16 60 50
16 61 93
16 66 66
16 71 55
16 84 48
16 95 24
17 21 98
17 22 22
17 23 64
17 26 93
17 40 37
17 46 69
17 47 13
17 50 20
17 52 72
17 53 46
17 55 3
17 63 8
17 64 29
17 67 22
17 84 89
17 85 22
17 90 15
17 91 16
17 92 95
17 96 63
18 26 41
18 38 23
18 56 84
18 57 77
18 63 59
18 64 94
18 67 4
18 73 8
18 85 25
18 87 99
18 90 82
19 20 4
19 29 91
19 46 29
19 51 82
19 52 94
19 54 51
19 57 4
19 69 32
19 71 68
19 73 3
19 79 2
19 82 43
19 94 76
19 97 12
20 22 20
20 23 6
20 28 83
20 31 86
20 35 88
20 40 4
20 44 59
20 46 41
20 47 98
20 48 28
20 71 33
20 74 37
20 75 34
20 80 92
20 82 13
20 98 42
21 25 24
21 28 91
21 36 78
21 38 72
21 46 74
21 50 55
21 66 37
21 69 43
21 73 9
21 76 25
21 78 26
21 82 81
21 83 7
21 99 84
22 28 55
22 35 42
22 40 98
22 42 2
22 54 21
22 57 28
22 64 31
22 67 87
22 71 69
22 78 84
22 79 46
22 83 15
22 85 52
22 89 30
22 98 46
23 26 16
23 33 61
23 35 60
23 38 55
23 42 94
23 63 1
23 66 91
23 80 78
23 81 33
23 97 92
24 27 66
24 30 25
24 37 6
24 41 46
24 42 25
24 47 78
24 55 83
24 57 13
24 64 54
24 76 39
24 77 64
24 79 37
24 92 89
24 96 41
24 97 1
25 31 17
25 36 92
25 45 3
25 56 14
25 60 72
25 61 21
25 67 38
25 71 51
25 78 67
25 81 34
25 87 67
25 94 9
26 45 61
26 54 74
26 55 71
26 62 72
26 69 36
26 75 93
26 89 55
26 91 32
26 95 66
27 33 71
27 34 1
27 42 71
27 49 97
27 60 15
27 64 13
27 73 51
27 80 68
27 83 30
27 93 76
27 96 42
28 30 76
28 36 59
28 37 82
28 45 82
28 47 55
28 54 82
28 60 3
28 68 69
28 69 61
28 78 19
28 79 3
28 80 38
28 83 40
28 85 70
28 86 81
28 87 53
28 91 41
28 93 13
28 97 3
29 31 67
29 35 26
29 36 24
29 52 65
29 55 32
29 57 84
29 65 33
29 68 90
29 70 61
29 82 49
29 83 9
29 95 1
30 41 14
30 47 39
30 48 98
30 49 13
30 51 74
30 54 28
30 74 66
30 85 10
30 87 64
30 97 16
31 34 1
31 40 40
31 42 88
31 44 60
31 48 39
31 49 19
31 55 41
31 57 43
31 58 53
31 72 57
31 81 74
31 87 24
31 88 82
32 35 31
32 40 71
32 44 67
32 45 16
32 47 60
32 48 54
32 49 74
32 54 25
32 62 6
32 72 85
32 75 84
32 80 68
32 84 19
32 86 88
32 88 75
32 91 17
32 96 15
32 97 11
33 50 31
33 53 23
33 59 4
33 60 90
33 63 23
33 66 37
33 71 74
33 74 18
33 87 61
33 92 13
34 49 46
34 72 17
34 73 80
34 82 45
34 86 28
35 48 22
35 50 62
35 53 64
35 58 44
35 70 46
35 71 7
35 80 10
35 90 77
36 40 52
36 45 43
36 48 84
36 52 78
36 58 89
36 64 68
36 67 51
36 69 87
36 73 82
36 78 38
36 83 8
36 88 73
36 89 7
36 92 27
36 93 52
37 51 19
37 54 5
37 69 60
37 70 41
37 74 77
37 80 2
37 90 64
38 39 31
38 43 94
38 44 74
38 47 72
38 57 87
38 66 97
38 74 24
38 80 19
38 81 10
38 87 89
39 42 66
39 45 24
39 57 21
39 64 89
39 66 27
39 69 50
39 71 19
39 76 43
39 80 78
39 89 81
39 91 17
39 96 41
39 98 29
40 42 75
40 60 82
40 61 5
40 63 87
40 64 11
40 76 22
40 84 97
40 86 58
40 90 21
40 91 26
40 93 62
40 94 11
41 43 39
41 45 72
41 52 58
41 56 13
41 59 99
41 61 42
41 70 36
41 82 13
41 93 52
42 44 29
42 57 3
42 58 30
42 72 55
42 80 98
42 85 27
42 95 99
43 45 67
43 49 45
43 51 11
43 72 49
43 76 33
43 80 89
43 82 54
43 86 37
43 87 14
43 89 62
44 50 60
44 57 37
44 61 53
44 63 79
44 67 10
44 70 32
44 75 1
44 89 96
44 90 96
44 91 92
45 48 19
45 54 70
45 66 98
45 67 23
45 69 72
45 74 19
45 77 84
45 78 42
45 85 35
45 89 14
45 93 62
46 49 69
46 52 47
46 59 81
46 60 74
46 62 14
46 66 25
46 76 10
46 77 96
46 78 97
46 93 88
47 49 25
47 62 31
47 71 32
47 75 45
47 78 64
47 81 93
47 85 48
48 50 25
48 52 38
48 63 3
48 82 95
48 83 20
48 86 27
48 90 13
48 99 63
49 52 27
49 56 13
49 57 60
49 70 62
49 83 60
49 85 19
49 89 99
49 90 63
49 96 7
49 97 31
50 54 89
50 60 28
50 63 44
50 65 59
50 73 91
50 78 3
50 85 80
50 96 15
51 54 22
51 55 22
51 56 94
51 58 54
51 63 99
51 68 46
51 79 93
51 88 89
51 91 38
51 95 63
52 79 68
52 80 18
52 81 28
52 84 91
52 99 59
53 69 4
53 75 88
53 78 30
53 83 2
53 92 59
53 95 67
54 55 78
54 63 15
54 75 26
54 82 95
54 87 51
55 72 20
55 85 58
55 89 27
55 91 14
56 62 98
56 75 65
56 81 68
56 91 55
56 99 8
57 58 36
57 62 93
57 65 44
57 67 5
57 71 86
57 73 41
57 76 22
57 79 99
57 87 3
57 92 30
57 93 98
58 87 90
58 94 47
58 95 38
58 99 54
59 72 9
59 73 48
59 76 2
59 77 13
59 79 18
59 80 75
59 82 62
59 86 10
59 95 6
59 99 48
60 66 30
60 74 83
60 80 87
60 81 26
60 91 99
60 97 59
60 99 87
61 62 21
61 69 57
61 75 85
61 91 64
61 93 48
62 65 83
62 72 26
62 73 46
62 74 28
62 82 63
62 84 43
62 90 17
63 67 92
63 78 90
63 81 48
63 96 10
64 67 56
64 80 60
64 85 10
64 87 48
64 89 72
64 99 47
65 72 39
65 90 47
65 91 78
65 93 13
66 74 76
66 75 14
66 76 55
66 87 12
66 88 89
66 95 95
67 90 54
67 92 81
67 94 35
67 98 37
68 80 36
68 84 36
68 85 76
68 87 15
68 96 68
69 73 12
69 80 39
69 86 70
69 87 59
69 88 30
69 96 60
70 73 47
70 75 17
70 91 99
71 93 42
72 74 1
72 86 7
72 91 5
72 92 89
72 98 90
73 80 23
73 81 69
74 84 1
74 93 35
74 96 90
74 99 25
75 79 60
75 83 58
75 87 63
75 94 17
76 85 9
76 87 21
77 83 9
77 84 19
77 88 14
77 91 56
77 94 89
78 80 15
78 81 67
78 82 24
78 84 63
79 82 31
79 83 28
79 90 32
79 92 40
79 94 45
80 84 86
80 87 75
80 88 44
80 95 2
81 87 55
81 88 99
81 96 63
81 98 53
82 85 4
82 90 92
82 97 68
83 85 40
84 92 7
84 97 14
86 87 97
86 89 12
86 90 50
86 94 27
86 95 34
86 97 11
88 92 32
89 91 12
89 95 77
89 98 71
90 96 92
90 98 51
91 97 98
92 95 66
92 96 50
94 98 83
95 96 75
96 99 12