99
0 1 1
0 2 52
0 3 33
0 4 96
0 5 44
0 6 46
0 7 90
0 8 56
0 9 32
0 10 90
0 11 2
0 12 1
0 13 26
0 14 42
0 15 17
0 16 18
0 17 91
0 18 90
0 19 6
0 20 29
0 21 26
0 22 83
0 23 86
0 24 56
0 25 88
0 26 90
0 27 8
0 28 25
0 29 22
0 30 28
0 31 94
0 32 59
0 33 25
0 34 81
0 35 25
0 36 75
0 37 59
0 38 19
0 39 63
0 40 12
0 41 93
0 42 50
0 43 80
0 44 33
0 45 94
0 46 56
0 47 65
0 48 19
0 49 84
0 50 14
0 51 58
0 52 28
0 53 49
0 54 63
0 55 79
0 56 32
0 57 25
0 58 89
0 59 39
0 60 60
0 61 78
0 62 41
0 63 53
0 64 83
0 65 97
0 66 89
0 67 48
0 68 43
0 69 73
0 70 63
0 71 80
0 72 71
0 73 6
0 74 29
0 75 47
0 76 42
0 77 75
0 78 75
0 79 3
0 80 59
0 81 57
0 82 13
0 83 85
0 84 8
0 85 89
0 86 55
0 87 6
0 88 74
0 89 7
0 90 11
0 91 88
0 92 20
0 93 68
0 94 29
0 95 67
0 96 20
0 97 13
0 98 73
1 2 75
1 3 99
1 4 25
1 5 93
1 6 75
1 7 48
1 8 39
1 9 32
1 10 33
1 11 76
1 12 32
1 13 95
1 14 54
1 15 83
1 16 35
1 17 22
1 18 56
1 19 6
1 20 68
1 21 90
1 22 83
1 23 95
1 24 59
1 25 65
1 26 18
1 27 52
1 28 67
1 29 36
1 30 30
1 31 98
1 32 71
1 33 65
1 34 78
1 35 97
1 36 36
1 37 99
1 38 34
1 39 93
1 40 92
1 41 19
1 42 71
1 43 22
1 44 70
1 45 42
1 46 26
1 47 81
1 48 16
1 49 64
1 50 3
1 51 73
1 52 61
1 53 20
1 54 54
1 55 91
1 56 70
1 57 55
1 58 48
1 59 84
1 60 98
1 61 23
1 62 24
1 63 44
1 64 52
1 65 93
1 66 58
1 67 83
1 68 85
1 69 57
1 70 49
1 71 31
1 72 52
1 73 80
1 74 91
1 75 43
1 76 61
1 77 46
1 78 8
1 79 74
1 80 88
1 81 76
1 82 52
1 83 70
1 84 90
1 85 30
1 86 61
1 87 61
1 88 48
1 89 58
1 90 1
1 91 34
1 92 9
1 93 73
1 94 46
1 95 69
1 96 84
1 97 75
1 98 29
2 3 98
2 4 83
2 5 12
2 6 53
2 7 34
2 8 71
2 9 62
2 10 25
2 11 81
2 12 35
2 13 68
2 14 6
2 15 61
2 16 21
2 17 64
2 18 97
2 19 79
2 20 79
2 21 44
2 22 26
2 23 73
2 24 34
2 25 97
2 26 70
2 27 58
2 28 67
2 29 97
2 30 9
2 31 25
2 32 30
2 33 76
2 34 78
2 35 30
2 36 44
2 37 78
2 38 59
2 39 76
2 40 20
2 41 88
2 42 68
2 43 70
2 44 75
2 45 57
2 46 56
2 47 11
2 48 13
2 49 20
2 50 64
2 51 9
2 52 79
2 53 55
2 54 52
2 55 58
2 56 21
2 57 69
2 58 46
2 59 26
2 60 63
2 61 32
2 62 35
2 63 61
2 64 51
2 65 7
2 66 99
2 67 14
2 68 43
2 69 20
2 70 49
2 71 8
2 72 71
2 73 61
2 74 29
2 75 29
2 76 2
2 77 17
2 78 25
2 79 28
2 80 76
2 81 29
2 82 70
2 83 57
2 84 8
2 85 89
2 86 42
2 87 17
2 88 54
2 89 28
2 90 89
2 91 66
2 92 59
2 93 60
2 94 43
2 95 37
2 96 10
2 97 61
2 98 58
3 4 10
3 5 93
3 6 1
3 7 34
3 8 21
3 9 2
3 10 93
3 11 68
3 12 48
3 13 68
3 14 66
3 15 60
3 16 54
3 17 13
3 18 54
3 19 95
3 20 43
3 21 56
3 22 72
3 23 35
3 24 40
3 25 33
3 26 72
3 27 75
3 28 85
3 29 55
3 30 61
3 31 21
3 32 46
3 33 76
3 34 36
3 35 17
3 36 37
3 37 92
3 38 14
3 39 64
3 40 83
3 41 38
3 42 93
3 43 53
3 44 88
3 45 91
3 46 61
3 47 95
3 48 32
3 49 21
3 50 75
3 51 56
3 52 10
3 53 93
3 54 90
3 55 72
3 56 67
3 57 97
3 58 25
3 59 71
3 60 12
3 61 24
3 62 65
3 63 26
3 64 83
3 65 72
3 66 36
3 67 1
3 68 79
3 69 50
3 70 86
3 71 2
3 72 27
3 73 89
3 74 65
3 75 23
3 76 3
3 77 9
3 78 6
3 79 13
3 80 9
3 81 54
3 82 31
3 83 25
3 84 47
3 85 24
3 86 66
3 87 43
3 88 44
3 89 39
3 90 86
3 91 62
3 92 38
3 93 69
3 94 58
3 95 68
3 96 5
3 97 77
3 98 97
4 5 48
4 6 72
4 7 21
4 8 84
4 9 84
4 10 38
4 11 25
4 12 35
4 13 34
4 14 35
4 15 36
4 16 89
4 17 81
4 18 38
4 19 4
4 20 91
4 21 76
4 22 75
4 23 23
4 24 53
4 25 16
4 26 18
4 27 93
4 28 25
4 29 32
4 30 53
4 31 73
4 32 83
4 33 67
4 34 96
4 35 50
4 36 87
4 37 7
4 38 45
4 39 92
4 40 41
4 41 59
4 42 59
4 43 47
4 44 43
4 45 79
4 46 40
4 47 75
4 48 66
4 49 57
4 50 80
4 51 41
4 52 40
4 53 34
4 54 79
4 55 24
4 56 56
4 57 90
4 58 74
4 59 17
4 60 27
4 61 79
4 62 18
4 63 2
4 64 70
4 65 29
4 66 98
4 67 48
4 68 95
4 69 14
4 70 34
4 71 98
4 72 48
4 73 18
4 74 23
4 75 96
4 76 43
4 77 35
4 78 49
4 79 34
4 80 33
4 81 50
4 82 94
4 83 62
4 84 87
4 85 53
4 86 89
4 87 59
4 88 15
4 89 51
4 90 19
4 91 93
4 92 96
4 93 81
4 94 77
4 95 99
4 96 60
4 97 69
4 98 82
5 6 83
5 7 47
5 8 21
5 9 79
5 10 41
5 11 91
5 12 59
5 13 1
5 14 76
5 15 50
5 16 56
5 17 86
5 18 42
5 19 78
5 20 2
5 21 27
5 22 30
5 23 97
5 24 25
5 25 66
5 26 7
5 27 20
5 28 63
5 29 45
5 30 22
5 31 13
5 32 65
5 33 61
5 34 82
5 35 20
5 36 36
5 37 43
5 38 99
5 39 56
5 40 60
5 41 50
5 42 28
5 43 82
5 44 8
5 45 62
5 46 35
5 47 58
5 48 65
5 49 7
5 50 88
5 51 75
5 52 97
5 53 61
5 54 24
5 55 54
5 56 15
5 57 29
5 58 41
5 59 36
5 60 28
5 61 13
5 62 27
5 63 50
5 64 83
5 65 16
5 66 53
5 67 31
5 68 82
5 69 81
5 70 77
5 71 19
5 72 59
5 73 48
5 74 79
5 75 67
5 76 38
5 77 55
5 78 33
5 79 84
5 80 41
5 81 21
5 82 75
5 83 50
5 84 10
5 85 40
5 86 60
5 87 87
5 88 10
5 89 5
5 90 65
5 91 32
5 92 22
5 93 97
5 94 93
5 95 23
5 96 81
5 97 18
5 98 3
6 7 78
6 8 90
6 9 25
6 10 21
6 11 69
6 12 81
6 13 82
6 14 67
6 15 13
6 16 28
6 17 21
6 18 75
6 19 54
6 20 27
6 21 70
6 22 38
6 23 75
6 24 71
6 25 60
6 26 43
6 27 81
6 28 16
6 29 26
6 30 48
6 31 58
6 32 56
6 33 46
6 34 61
6 35 25
6 36 57
6 37 83
6 38 80
6 39 68
6 40 10
6 41 96
6 42 43
6 43 57
6 44 95
6 45 62
6 46 30
6 47 73
6 48 82
6 49 83
6 50 15
6 51 56
6 52 51
6 53 70
6 54 87
6 55 73
6 56 61
6 57 97
6 58 60
6 59 77
6 60 17
6 61 2
6 62 74
6 63 84
6 64 37
6 65 71
6 66 53
6 67 36
6 68 85
6 69 62
6 70 56
6 71 74
6 72 3
6 73 6
6 74 82
6 75 82
6 76 39
6 77 56
6 78 98
6 79 16
6 80 83
6 81 19
6 82 28
6 83 46
6 84 35
6 85 27
6 86 92
6 87 4
6 88 82
6 89 58
6 90 78
6 91 79
6 92 86
6 93 42
6 94 91
6 95 60
6 96 89
6 97 17
6 98 19
7 8 94
7 9 11
7 10 60
7 11 11
7 12 41
7 13 39
7 14 98
7 15 35
7 16 58
7 17 70
7 18 87
7 19 96
7 20 83
7 21 1
7 22 18
7 23 28
7 24 31
7 25 24
7 26 13
7 27 57
7 28 27
7 29 50
7 30 9
7 31 20
7 32 63
7 33 33
7 34 61
7 35 54
7 36 69
7 37 94
7 38 51
7 39 80
7 40 23
7 41 74
7 42 9
7 43 52
7 44 37
7 45 46
7 46 79
7 47 17
7 48 75
7 49 54
7 50 88
7 51 64
7 52 98
7 53 58
7 54 68
7 55 8
7 56 65
7 57 86
7 58 28
7 59 73
7 60 43
7 61 89
7 62 3
7 63 73
7 64 2
7 65 30
7 66 65
7 67 34
7 68 15
7 69 25
7 70 87
7 71 37
7 72 15
7 73 68
7 74 10
7 75 76
7 76 34
7 77 99
7 78 19
7 79 80
7 80 5
7 81 42
7 82 92
7 83 6
7 84 44
7 85 9
7 86 23
7 87 91
7 88 5
7 89 65
7 90 63
7 91 64
7 92 57
7 93 98
7 94 16
7 95 17
7 96 37
7 97 39
7 98 37
8 9 32
8 10 27
8 11 97
8 12 25
8 13 89
8 14 67
8 15 19
8 16 14
8 17 23
8 18 81
8 19 38
8 20 1
8 21 78
8 22 54
8 23 35
8 24 61
8 25 74
8 26 1
8 27 92
8 28 26
8 29 61
8 30 93
8 31 98
8 32 71
8 33 38
8 34 19
8 35 21
8 36 53
8 37 32
8 38 47
8 39 46
8 40 62
8 41 99
8 42 39
8 43 65
8 44 45
8 45 47
8 46 26
8 47 92
8 48 22
8 49 93
8 50 70
8 51 46
8 52 2
8 53 44
8 54 36
8 55 72
8 56 23
8 57 38
8 58 16
8 59 64
8 60 30
8 61 29
8 62 51
8 63 77
8 64 86
8 65 35
8 66 64
8 67 68
8 68 4
8 69 2
8 70 40
8 71 67
8 72 11
8 73 43
8 74 83
8 75 53
8 76 74
8 77 79
8 78 12
8 79 47
8 80 85
8 81 45
8 82 15
8 83 33
8 84 1
8 85 70
8 86 55
8 87 36
8 88 72
8 89 81
8 90 38
8 91 28
8 92 8
8 93 13
8 94 20
8 95 77
8 96 52
8 97 35
8 98 6
9 10 6
9 11 76
9 12 72
9 13 74
9 14 60
9 15 77
9 16 50
9 17 87
9 18 71
9 19 72
9 20 62
9 21 89
9 22 27
9 23 70
9 24 13
9 25 75
9 26 85
9 27 86
9 28 84
9 29 43
9 30 19
9 31 17
9 32 38
9 33 25
9 34 31
9 35 41
9 36 96
9 37 55
9 38 66
9 39 15
9 40 87
9 41 45
9 42 11
9 43 6
9 44 61
9 45 34
9 46 58
9 47 6
9 48 48
9 49 8
9 50 64
9 51 23
9 52 84
9 53 41
9 54 50
9 55 68
9 56 50
9 57 80
9 58 60
9 59 88
9 60 76
9 61 36
9 62 9
9 63 66
9 64 63
9 65 17
9 66 21
9 67 92
9 68 91
9 69 78
9 70 36
9 71 74
9 72 64
9 73 65
9 74 72
9 75 82
9 76 46
9 77 46
9 78 68
9 79 69
9 80 53
9 81 98
9 82 29
9 83 85
9 84 42
9 85 26
9 86 66
9 87 9
9 88 1
9 89 81
9 90 66
9 91 31
9 92 87
9 93 11
9 94 71
9 95 30
9 96 55
9 97 32
9 98 46
10 11 38
10 12 23
10 13 10
10 14 92
10 15 49
10 16 78
10 17 37
10 18 88
10 19 20
10 20 26
10 21 78
10 22 30
10 23 47
10 24 9
10 25 70
10 26 13
10 27 84
10 28 38
10 29 89
10 30 89
10 31 29
10 32 32
10 33 76
10 34 67
10 35 11
10 36 34
10 37 72
10 38 81
10 39 32
10 40 9
10 41 21
10 42 31
10 43 75
10 44 65
10 45 39
10 46 87
10 47 11
10 48 62
10 49 47
10 50 38
10 51 84
10 52 25
10 53 43
10 54 82
10 55 37
10 56 96
10 57 95
10 58 90
10 59 26
10 60 44
10 61 98
10 62 65
10 63 35
10 64 21
10 65 73
10 66 36
10 67 57
10 68 97
10 69 21
10 70 15
10 71 18
10 72 29
10 73 70
10 74 45
10 75 71
10 76 80
10 77 64
10 78 82
10 79 49
10 80 54
10 81 17
10 82 25
10 83 58
10 84 95
10 85 19
10 86 82
10 87 86
10 88 29
10 89 28
10 90 9
10 91 31
10 92 34
10 93 42
10 94 13
10 95 20
10 96 65
10 97 77
10 98 6
11 12 53
11 13 3
11 14 93
11 15 67
11 16 12
11 17 36
11 18 12
11 19 52
11 20 26
11 21 68
11 22 54
11 23 73
11 24 88
11 25 15
11 26 30
11 27 8
11 28 87
11 29 34
11 30 31
11 31 11
11 32 71
11 33 50
11 34 60
11 35 5
11 36 33
11 37 15
11 38 52
11 39 55
11 40 61
11 41 60
11 42 71
11 43 76
11 44 65
11 45 38
11 46 65
11 47 17
11 48 96
11 49 9
11 50 91
11 51 97
11 52 84
11 53 70
11 54 40
11 55 87
11 56 34
11 57 6
11 58 15
11 59 5
11 60 62
11 61 86
11 62 73
11 63 39
11 64 90
11 65 95
11 66 35
11 67 44
11 68 78
11 69 79
11 70 55
11 71 77
11 72 78
11 73 15
11 74 6
11 75 17
11 76 60
11 77 96
11 78 75
11 79 10
11 80 61
11 81 29
11 82 39
11 83 45
11 84 6
11 85 32
11 86 63
11 87 20
11 88 30
11 89 35
11 90 58
11 91 93
11 92 62
11 93 79
11 94 76
11 95 75
11 96 91
11 97 41
11 98 73
12 13 4
12 14 33
12 15 8
12 16 83
12 17 52
12 18 22
12 19 36
12 20 42
12 21 1
12 22 61
12 23 50
12 24 30
12 25 38
12 26 72
12 27 94
12 28 3
12 29 67
12 30 49
12 31 19
12 32 96
12 33 7
12 34 2
12 35 74
12 36 30
12 37 14
12 38 20
12 39 6
12 40 78
12 41 68
12 42 3
12 43 64
12 44 85
12 45 32
12 46 59
12 47 69
12 48 53
12 49 34
12 50 17
12 51 75
12 52 14
12 53 1
12 54 21
12 55 99
12 56 96
12 57 17
12 58 64
12 59 8
12 60 62
12 61 95
12 62 80
12 63 62
12 64 16
12 65 24
12 66 12
12 67 2
12 68 45
12 69 62
12 70 25
12 71 86
12 72 51
12 73 28
12 74 8
12 75 9
12 76 31
12 77 71
12 78 50
12 79 49
12 80 92
12 81 30
12 82 77
12 83 32
12 84 79
12 85 51
12 86 36
12 87 10
12 88 47
12 89 22
12 90 56
12 91 56
12 92 70
12 93 69
12 94 20
12 95 5
12 96 83
12 97 9
12 98 9
13 14 49
13 15 38
13 16 55
13 17 40
13 18 8
13 19 1
13 20 82
13 21 62
13 22 78
13 23 11
13 24 54
13 25 58
13 26 67
13 27 45
13 28 27
13 29 19
13 30 57
13 31 71
13 32 78
13 33 49
13 34 46
13 35 19
13 36 63
13 37 59
13 38 19
13 39 21
13 40 19
13 41 89
13 42 68
13 43 83
13 44 98
13 45 77
13 46 29
13 47 6
13 48 46
13 49 26
13 50 24
13 51 4
13 52 37
13 53 47
13 54 53
13 55 99
13 56 47
13 57 60
13 58 54
13 59 87
13 60 98
13 61 43
13 62 46
13 63 96
13 64 42
13 65 39
13 66 7
13 67 73
13 68 42
13 69 72
13 70 16
13 71 94
13 72 65
13 73 77
13 74 6
13 75 62
13 76 7
13 77 27
13 78 20
13 79 55
13 80 73
13 81 6
13 82 16
13 83 25
13 84 10
13 85 94
13 86 54
13 87 4
13 88 3
13 89 30
13 90 1
13 91 9
13 92 86
13 93 24
13 94 87
13 95 21
13 96 86
13 97 47
13 98 72
14 15 30
14 16 55
14 17 2
14 18 5
14 19 67
14 20 96
14 21 4
14 22 69
14 23 9
14 24 69
14 25 14
14 26 71
14 27 1
14 28 86
14 29 62
14 30 10
14 31 6
14 32 49
14 33 72
14 34 33
14 35 70
14 36 28
14 37 79
14 38 22
14 39 42
14 40 11
14 41 53
14 42 52
14 43 21
14 44 66
14 45 62
14 46 69
14 47 57
14 48 51
14 49 24
14 50 36
14 51 54
14 52 51
14 53 53
14 54 86
14 55 59
14 56 66
14 57 52
14 58 6
14 59 32
14 60 10
14 61 36
14 62 23
14 63 39
14 64 34
14 65 18
14 66 50
14 67 46
14 68 99
14 69 89
14 70 73
14 71 16
14 72 51
14 73 60
14 74 33
14 75 63
14 76 55
14 77 29
14 78 8
14 79 80
14 80 49
14 81 43
14 82 97
14 83 36
14 84 15
14 85 34
14 86 55
14 87 43
14 88 68
14 89 97
14 90 22
14 91 66
14 92 49
14 93 25
14 94 65
14 95 84
14 96 13
14 97 21
14 98 34
15 16 63
15 17 12
15 18 18
15 19 79
15 20 51
15 21 56
15 22 93
15 23 24
15 24 38
15 25 70
15 26 40
15 27 28
15 28 91
15 29 88
15 30 95
15 31 28
15 32 63
15 33 40
15 34 2
15 35 75
15 36 29
15 37 16
15 38 6
15 39 16
15 40 68
15 41 42
15 42 76
15 43 78
15 44 44
15 45 31
15 46 93
15 47 27
15 48 44
15 49 32
15 50 5
15 51 7
15 52 43
15 53 23
15 54 37
15 55 43
15 56 86
15 57 82
15 58 7
15 59 3
15 60 27
15 61 53
15 62 64
15 63 34
15 64 62
15 65 86
15 66 75
15 67 6
15 68 56
15 69 2
15 70 17
15 71 20
15 72 21
15 73 53
15 74 29
15 75 10
15 76 27
15 77 13
15 78 71
15 79 34
15 80 58
15 81 8
15 82 82
15 83 54
15 84 44
15 85 62
15 86 25
15 87 91
15 88 54
15 89 96
15 90 23
15 91 76
15 92 83
15 93 16
15 94 81
15 95 42
15 96 81
15 97 16
15 98 64
16 17 63
16 18 44
16 19 25
16 20 11
16 21 2
16 22 72
16 23 91
16 24 12
16 25 30
16 26 74
16 27 39
16 28 74
16 29 93
16 30 29
16 31 39
16 32 52
16 33 72
16 34 63
16 35 95
16 36 92
16 37 93
16 38 16
16 39 76
16 40 16
16 41 2
16 42 23
16 43 71
16 44 26
16 45 96
16 46 7
16 47 52
16 48 15
16 49 44
16 50 93
16 51 60
16 52 42
16 53 15
16 54 37
16 55 79
16 56 89
16 57 7
16 58 81
16 59 55
16 60 13
16 61 27
16 62 40
16 63 71
16 64 10
16 65 89
16 66 21
16 67 78
16 68 22
16 69 86
16 70 68
16 71 82
16 72 36
16 73 23
16 74 15
16 75 87
16 76 77
16 77 96
16 78 37
16 79 36
16 80 36
16 81 90
16 82 58
16 83 99
16 84 20
16 85 88
16 86 32
16 87 83
16 88 51
16 89 85
16 90 68
16 91 57
16 92 53
16 93 43
16 94 67
16 95 88
16 96 89
16 97 48
16 98 81
17 18 47
17 19 83
17 20 44
17 21 1
17 22 56
17 23 3
17 24 94
17 25 43
17 26 29
17 27 63
17 28 63
17 29 75
17 30 50
17 31 65
17 32 55
17 33 89
17 34 65
17 35 52
17 36 30
17 37 73
17 38 46
17 39 60
17 40 13
17 41 97
17 42 12
17 43 94
17 44 14
17 45 96
17 46 50
17 47 91
17 48 95
17 49 77
17 50 88
17 51 85
17 52 60
17 53 46
17 54 81
17 55 43
17 56 97
17 57 89
17 58 61
17 59 27
17 60 73
17 61 46
17 62 46
17 63 86
17 64 25
17 65 84
17 66 82
17 67 81
17 68 39
17 69 35
17 70 73
17 71 61
17 72 35
17 73 29
17 74 35
17 75 64
17 76 57
17 77 88
17 78 21
17 79 67
17 80 45
17 81 70
17 82 18
17 83 2
17 84 72
17 85 62
17 86 10
17 87 45
17 88 59
17 89 80
17 90 10
17 91 35
17 92 88
17 93 80
17 94 53
17 95 42
17 96 42
17 97 79
17 98 37
18 19 13
18 20 61
18 21 56
18 22 45
18 23 85
18 24 10
18 25 77
18 26 77
18 27 13
18 28 58
18 29 56
18 30 67
18 31 13
18 32 81
18 33 73
18 34 77
18 35 40
18 36 63
18 37 65
18 38 89
18 39 43
18 40 23
18 41 1
18 42 99
18 43 16
18 44 32
18 45 72
18 46 69
18 47 3
18 48 6
18 49 4
18 50 12
18 51 36
18 52 57
18 53 5
18 54 60
18 55 29
18 56 58
18 57 13
18 58 3
18 59 47
18 60 62
18 61 56
18 62 61
18 63 52
18 64 65
18 65 16
18 66 81
18 67 42
18 68 98
18 69 25
18 70 1
18 71 98
18 72 46
18 73 95
18 74 7
18 75 49
18 76 40
18 77 67
18 78 43
18 79 45
18 80 82
18 81 58
18 82 49
18 83 35
18 84 65
18 85 48
18 86 88
18 87 14
18 88 13
18 89 23
18 90 75
18 91 74
18 92 88
18 93 19
18 94 71
18 95 5
18 96 47
18 97 5
18 98 98
19 20 52
19 21 53
19 22 98
19 23 76
19 24 35
19 25 11
19 26 17
19 27 69
19 28 8
19 29 94
19 30 14
19 31 96
19 32 58
19 33 92
19 34 39
19 35 54
19 36 95
19 37 6
19 38 77
19 39 17
19 40 55
19 41 70
19 42 26
19 43 21
19 44 55
19 45 78
19 46 72
19 47 25
19 48 79
19 49 27
19 50 84
19 51 83
19 52 45
19 53 65
19 54 37
19 55 84
19 56 93
19 57 33
19 58 32
19 59 6
19 60 58
19 61 59
19 62 52
19 63 72
19 64 34
19 65 72
19 66 26
19 67 28
19 68 72
19 69 90
19 70 36
19 71 53
19 72 78
19 73 20
19 74 13
19 75 6
19 76 40
19 77 68
19 78 99
19 79 79
19 80 56
19 81 75
19 82 43
19 83 41
19 84 8
19 85 19
19 86 46
19 87 19
19 88 88
19 89 47
19 90 80
19 91 91
19 92 26
19 93 17
19 94 9
19 95 92
19 96 2
19 97 83
19 98 67
20 21 24
20 22 42
20 23 65
20 24 55
20 25 23
20 26 52
20 27 2
20 28 87
20 29 57
20 30 2
20 31 61
20 32 66
20 33 46
20 34 44
20 35 93
20 36 71
20 37 74
20 38 84
20 39 16
20 40 99
20 41 44
20 42 56
20 43 69
20 44 78
20 45 44
20 46 7
20 47 73
20 48 99
20 49 12
20 50 31
20 51 75
20 52 86
20 53 85
20 54 74
20 55 52
20 56 98
20 57 50
20 58 86
20 59 8
20 60 67
20 61 79
20 62 87
20 63 98
20 64 88
20 65 53
20 66 67
20 67 26
20 68 69
20 69 82
20 70 3
20 71 8
20 72 23
20 73 97
20 74 31
20 75 76
20 76 31
20 77 11
20 78 27
20 79 32
20 80 78
20 81 47
20 82 52
20 83 69
20 84 11
20 85 12
20 86 95
20 87 17
20 88 47
20 89 41
20 90 82
20 91 75
20 92 23
20 93 38
20 94 49
20 95 11
20 96 61
20 97 8
20 98 32
21 22 73
21 23 83
21 24 55
21 25 44
21 26 77
21 27 67
21 28 77
21 29 81
21 30 39
21 31 23
21 32 42
21 33 72
21 34 37
21 35 4
21 36 60
21 37 57
21 38 9
21 39 39
21 40 83
21 41 77
21 42 4
21 43 69
21 44 96
21 45 74
21 46 72
21 47 20
21 48 79
21 49 35
21 50 30
21 51 26
21 52 70
21 53 78
21 54 24
21 55 78
21 56 49
21 57 72
21 58 85
21 59 62
21 60 77
21 61 69
21 62 72
21 63 25
21 64 32
21 65 25
21 66 59
21 67 12
21 68 43
21 69 1
21 70 57
21 71 38
21 72 15
21 73 9
21 74 45
21 75 10
21 76 92
21 77 23
21 78 25
21 79 72
21 80 80
21 81 43
21 82 66
21 83 98
21 84 84
21 85 4
21 86 76
21 87 39
21 88 41
21 89 31
21 90 97
21 91 64
21 92 66
21 93 68
21 94 2
21 95 2
21 96 43
21 97 13
21 98 41
22 23 42
22 24 14
22 25 20
22 26 65
22 27 46
22 28 21
22 29 84
22 30 61
22 31 24
22 32 84
22 33 24
22 34 77
22 35 8
22 36 40
22 37 59
22 38 54
22 39 85
22 40 61
22 41 1
22 42 86
22 43 96
22 44 27
22 45 89
22 46 71
22 47 21
22 48 93
22 49 94
22 50 89
22 51 81
22 52 70
22 53 61
22 54 95
22 55 80
22 56 35
22 57 13
22 58 29
22 59 94
22 60 99
22 61 55
22 62 61
22 63 17
22 64 45
22 65 87
22 66 49
22 67 34
22 68 32
22 69 48
22 70 89
22 71 94
22 72 28
22 73 15
22 74 70
22 75 72
22 76 91
22 77 74
22 78 7
22 79 51
22 80 1
22 81 68
22 82 55
22 83 34
22 84 54
22 85 89
22 86 56
22 87 98
22 88 73
22 89 76
22 90 83
22 91 23
22 92 8
22 93 27
22 94 94
22 95 23
22 96 24
22 97 55
22 98 82
23 24 63
23 25 69
23 26 40
23 27 59
23 28 60
23 29 70
23 30 39
23 31 76
23 32 9
23 33 66
23 34 92
23 35 15
23 36 22
23 37 49
23 38 54
23 39 23
23 40 94
23 41 99
23 42 92
23 43 9
23 44 95
23 45 14
23 46 61
23 47 74
23 48 14
23 49 65
23 50 73
23 51 96
23 52 26
23 53 21
23 54 24
23 55 51
23 56 4
23 57 52
23 58 13
23 59 87
23 60 13
23 61 55
23 62 9
23 63 62
23 64 53
23 65 30
23 66 37
23 67 61
23 68 35
23 69 6
23 70 33
23 71 80
23 72 98
23 73 26
23 74 21
23 75 28
23 76 20
23 77 95
23 78 43
23 79 27
23 80 45
23 81 6
23 82 3
23 83 16
23 84 52
23 85 16
23 86 50
23 87 14
23 88 65
23 89 16
23 90 22
23 91 32
23 92 78
23 93 89
23 94 64
23 95 77
23 96 75
23 97 11
23 98 34
24 25 18
24 26 14
24 27 62
24 28 5
24 29 90
24 30 80
24 31 56
24 32 93
24 33 21
24 34 14
24 35 29
24 36 88
24 37 36
24 38 3
24 39 2
24 40 65
24 41 33
24 42 29
24 43 40
24 44 52
24 45 53
24 46 66
24 47 55
24 48 33
24 49 53
24 50 26
24 51 11
24 52 82
24 53 28
24 54 30
24 55 29
24 56 25
24 57 88
24 58 79
24 59 88
24 60 37
24 61 87
24 62 13
24 63 70
24 64 43
24 65 88
24 66 84
24 67 66
24 68 40
24 69 47
24 70 8
24 71 44
24 72 8
24 73 92
24 74 42
24 75 97
24 76 67
24 77 30
24 78 18
24 79 48
24 80 70
24 81 90
24 82 61
24 83 86
24 84 35
24 85 40
24 86 5
24 87 12
24 88 10
24 89 51
24 90 42
24 91 85
24 92 48
24 93 63
24 94 85
24 95 22
24 96 53
24 97 7
24 98 66
25 26 58
25 27 69
25 28 49
25 29 57
25 30 61
25 31 90
25 32 23
25 33 1
25 34 15
25 35 36
25 36 39
25 37 12
25 38 79
25 39 31
25 40 17
25 41 68
25 42 41
25 43 9
25 44 62
25 45 14
25 46 58
25 47 99
25 48 10
25 49 77
25 50 61
25 51 3
25 52 20
25 53 38
25 54 59
25 55 68
25 56 1
25 57 24
25 58 78
25 59 75
25 60 77
25 61 27
25 62 88
25 63 80
25 64 30
25 65 73
25 66 18
25 67 35
25 68 83
25 69 22
25 70 25
25 71 97
25 72 18
25 73 57
25 74 50
25 75 67
25 76 52
25 77 12
25 78 57
25 79 78
25 80 28
25 81 5
25 82 11
25 83 21
25 84 23
25 85 25
25 86 35
25 87 69
25 88 12
25 89 23
25 90 54
25 91 40
25 92 67
25 93 48
25 94 74
25 95 77
25 96 14
25 97 73
25 98 44
26 27 84
26 28 21
26 29 86
26 30 85
26 31 32
26 32 58
26 33 91
26 34 34
26 35 49
26 36 41
26 37 66
26 38 54
26 39 50
26 40 42
26 41 44
26 42 22
26 43 21
26 44 24
26 45 87
26 46 27
26 47 11
26 48 48
26 49 5
26 50 69
26 51 7
26 52 8
26 53 96
26 54 12
26 55 29
26 56 41
26 57 80
26 58 23
26 59 29
26 60 54
26 61 69
26 62 61
26 63 65
26 64 20
26 65 44
26 66 52
26 67 64
26 68 90
26 69 61
26 70 54
26 71 46
26 72 32
26 73 30
26 74 67
26 75 42
26 76 23
26 77 52
26 78 52
26 79 4
26 80 59
26 81 71
26 82 14
26 83 3
26 84 96
26 85 15
26 86 9
26 87 76
26 88 27
26 89 22
26 90 76
26 91 98
26 92 37
26 93 40
26 94 76
26 95 43
26 96 74
26 97 32
26 98 14
27 28 4
27 29 49
27 30 44
27 31 11
27 32 4
27 33 33
27 34 66
27 35 69
27 36 93
27 37 55
27 38 89
27 39 86
27 40 60
27 41 12
27 42 76
27 43 34
27 44 70
27 45 22
27 46 6
27 47 9
27 48 28
27 49 7
27 50 15
27 51 47
27 52 40
27 53 45
27 54 83
27 55 1
27 56 49
27 57 25
27 58 80
27 59 85
27 60 65
27 61 83
27 62 48
27 63 80
27 64 99
27 65 57
27 66 34
27 67 10
27 68 71
27 69 82
27 70 39
27 71 31
27 72 76
27 73 62
27 74 41
27 75 89
27 76 53
27 77 44
27 78 33
27 79 29
27 80 70
27 81 61
27 82 50
27 83 76
27 84 76
27 85 42
27 86 45
27 87 42
27 88 30
27 89 11
27 90 60
27 91 77
27 92 57
27 93 32
27 94 27
27 95 53
27 96 58
27 97 5
27 98 84
28 29 37
28 30 58
28 31 2
28 32 44
28 33 34
28 34 53
28 35 81
28 36 14
28 37 60
28 38 42
28 39 89
28 40 82
28 41 64
28 42 52
28 43 84
28 44 84
28 45 36
28 46 56
28 47 56
28 48 77
28 49 28
28 50 10
28 51 45
28 52 80
28 53 91
28 54 85
28 55 28
28 56 58
28 57 17
28 58 39
28 59 84
28 60 44
28 61 7
28 62 94
28 63 72
28 64 8
28 65 55
28 66 63
28 67 84
28 68 27
28 69 75
28 70 67
28 71 89
28 72 47
28 73 19
28 74 73
28 75 30
28 76 31
28 77 33
28 78 35
28 79 52
28 80 3
28 81 49
28 82 91
28 83 61
28 84 62
28 85 46
28 86 45
28 87 21
28 88 26
28 89 55
28 90 85
28 91 97
28 92 92
28 93 19
28 94 35
28 95 66
28 96 10
28 97 2
28 98 74
29 30 75
29 31 13
29 32 66
29 33 1
29 34 24
29 35 26
29 36 81
29 37 54
29 38 38
29 39 8
29 40 23
29 41 71
29 42 42
29 43 33
29 44 66
29 45 34
29 46 42
29 47 19
29 48 43
29 49 94
29 50 93
29 51 83
29 52 93
29 53 74
29 54 8
29 55 76
29 56 99
29 57 42
29 58 81
29 59 40
29 60 11
29 61 27
29 62 43
29 63 43
29 64 95
29 65 84
29 66 68
29 67 90
29 68 66
29 69 15
29 70 61
29 71 62
29 72 21
29 73 87
29 74 66
29 75 14
29 76 18
29 77 49
29 78 16
29 79 55
29 80 81
29 81 75
29 82 69
29 83 34
29 84 25
29 85 24
29 86 88
29 87 80
29 88 29
29 89 19
29 90 65
29 91 12
29 92 65
29 93 88
29 94 78
29 95 35
29 96 2
29 97 42
29 98 46
30 31 39
30 32 62
30 33 34
30 34 90
30 35 37
30 36 92
30 37 52
30 38 46
30 39 76
30 40 99
30 41 47
30 42 18
30 43 56
30 44 15
30 45 80
30 46 31
30 47 9
30 48 41
30 49 8
30 50 34
30 51 70
30 52 8
30 53 10
30 54 89
30 55 2
30 56 7
30 57 53
30 58 16
30 59 10
30 60 11
30 61 70
30 62 41
30 63 36
30 64 12
30 65 36
30 66 18
30 67 61
30 68 70
30 69 2
30 70 60
30 71 23
30 72 90
30 73 20
30 74 89
30 75 30
30 76 3
30 77 21
30 78 6
30 79 65
30 80 53
30 81 14
30 82 6
30 83 14
30 84 61
30 85 81
30 86 71
30 87 81
30 88 6
30 89 70
30 90 18
30 91 34
30 92 88
30 93 49
30 94 71
30 95 87
30 96 86
30 97 98
30 98 8
31 32 82
31 33 23
31 34 33
31 35 36
31 36 15
31 37 99
31 38 86
31 39 79
31 40 4
31 41 93
31 42 3
31 43 51
31 44 13
31 45 19
31 46 97
31 47 38
31 48 30
31 49 99
31 50 82
31 51 22
31 52 81
31 53 9
31 54 57
31 55 85
31 56 84
31 57 1
31 58 51
31 59 46
31 60 1
31 61 77
31 62 9
31 63 27
31 64 63
31 65 23
31 66 92
31 67 13
31 68 27
31 69 97
31 70 4
31 71 50
31 72 8
31 73 61
31 74 93
31 75 63
31 76 8
31 77 52
31 78 74
31 79 85
31 80 48
31 81 71
31 82 56
31 83 66
31 84 78
31 85 41
31 86 1
31 87 62
31 88 13
31 89 90
31 90 36
31 91 44
31 92 53
31 93 91
31 94 5
31 95 95
31 96 8
31 97 94
31 98 66
32 33 32
32 34 21
32 35 21
32 36 37
32 37 85
32 38 17
32 39 15
32 40 71
32 41 44
32 42 49
32 43 15
32 44 10
32 45 16
32 46 57
32 47 51
32 48 4
32 49 46
32 50 95
32 51 65
32 52 19
32 53 29
32 54 32
32 55 46
32 56 12
32 57 74
32 58 71
32 59 32
32 60 93
32 61 59
32 62 98
32 63 60
32 64 88
32 65 72
32 66 83
32 67 2
32 68 31
32 69 65
32 70 82
32 71 14
32 72 86
32 73 38
32 74 48
32 75 4
32 76 10
32 77 7
32 78 52
32 79 66
32 80 6
32 81 91
32 82 97
32 83 26
32 84 49
32 85 13
32 86 84
32 87 74
32 88 31
32 89 54
32 90 49
32 91 45
32 92 16
32 93 31
32 94 48
32 95 40
32 96 81
32 97 19
32 98 34
33 34 17
33 35 96
33 36 53
33 37 9
33 38 26
33 39 68
33 40 85
33 41 43
33 42 69
33 43 10
33 44 23
33 45 76
33 46 86
33 47 2
33 48 64
33 49 11
33 50 2
33 51 89
33 52 83
33 53 97
33 54 22
33 55 21
33 56 61
33 57 78
33 58 32
33 59 92
33 60 57
33 61 69
33 62 8
33 63 17
33 64 2
33 65 67
33 66 99
33 67 3
33 68 66
33 69 64
33 70 40
33 71 85
33 72 74
33 73 83
33 74 74
33 75 86
33 76 29
33 77 80
33 78 12
33 79 87
33 80 54
33 81 90
33 82 6
33 83 98
33 84 32
33 85 1
33 86 27
33 87 64
33 88 15
33 89 48
33 90 82
33 91 46
33 92 84
33 93 66
33 94 83
33 95 90
33 96 60
33 97 61
33 98 12
34 35 14
34 36 63
34 37 60
34 38 60
34 39 66
34 40 87
34 41 38
34 42 5
34 43 85
34 44 75
34 45 76
34 46 78
34 47 70
34 48 15
34 49 20
34 50 92
34 51 27
34 52 20
34 53 49
34 54 29
34 55 37
34 56 83
34 57 91
34 58 27
34 59 70
34 60 76
34 61 36
34 62 89
34 63 35
34 64 53
34 65 59
34 66 99
34 67 84
34 68 21
34 69 15
34 70 77
34 71 95
34 72 46
34 73 86
34 74 79
34 75 61
34 76 10
34 77 72
34 78 80
34 79 32
34 80 28
34 81 50
34 82 52
34 83 63
34 84 84
34 85 89
34 86 72
34 87 23
34 88 87
34 89 16
34 90 79
34 91 43
34 92 87
34 93 67
34 94 21
34 95 23
34 96 57
34 97 3
34 98 23
35 36 3
35 37 61
35 38 31
35 39 91
35 40 22
35 41 34
35 42 87
35 43 95
35 44 71
35 45 33
35 46 75
35 47 48
35 48 56
35 49 52
35 50 92
35 51 24
35 52 90
35 53 42
35 54 26
35 55 80
35 56 78
35 57 67
35 58 15
35 59 28
35 60 84
35 61 83
35 62 57
35 63 92
35 64 13
35 65 85
35 66 64
35 67 34
35 68 36
35 69 5
35 70 26
35 71 56
35 72 77
35 73 9
35 74 21
35 75 87
35 76 44
35 77 7
35 78 53
35 79 80
35 80 26
35 81 34
35 82 65
35 83 40
35 84 50
35 85 91
35 86 32
35 87 7
35 88 76
35 89 72
35 90 79
35 91 73
35 92 64
35 93 99
35 94 61
35 95 47
35 96 39
35 97 22
35 98 4
36 37 57
36 38 48
36 39 42
36 40 4
36 41 61
36 42 52
36 43 55
36 44 19
36 45 26
36 46 20
36 47 68
36 48 28
36 49 50
36 50 15
36 51 10
36 52 16
36 53 91
36 54 89
36 55 11
36 56 8
36 57 70
36 58 38
36 59 7
36 60 72
36 61 4
36 62 81
36 63 28
36 64 12
36 65 53
36 66 38
36 67 94
36 68 40
36 69 17
36 70 21
36 71 88
36 72 44
36 73 33
36 74 57
36 75 87
36 76 76
36 77 61
36 78 73
36 79 60
36 80 73
36 81 53
36 82 45
36 83 38
36 84 8
36 85 15
36 86 99
36 87 61
36 88 16
36 89 83
36 90 74
36 91 85
36 92 86
36 93 23
36 94 63
36 95 52
36 96 47
36 97 42
36 98 48
37 38 44
37 39 68
37 40 3
37 41 16
37 42 2
37 43 30
37 44 29
37 45 31
37 46 57
37 47 86
37 48 9
37 49 35
37 50 50
37 51 80
37 52 1
37 53 51
37 54 72
37 55 5
37 56 54
37 57 57
37 58 1
37 59 7
37 60 63
37 61 9
37 62 93
37 63 55
37 64 51
37 65 86
37 66 47
37 67 3
37 68 81
37 69 68
37 70 55
37 71 22
37 72 13
37 73 67
37 74 61
37 75 6
37 76 93
37 77 36
37 78 87
37 79 2
37 80 11
37 81 64
37 82 95
37 83 69
37 84 70
37 85 89
37 86 5
37 87 25
37 88 23
37 89 36
37 90 11
37 91 15
37 92 98
37 93 18
37 94 89
37 95 57
37 96 86
37 97 1
37 98 9
38 39 31
38 40 17
38 41 3
38 42 35
38 43 81
38 44 13
38 45 14
38 46 77
38 47 62
38 48 81
38 49 54
38 50 56
38 51 86
38 52 59
38 53 96
38 54 24
38 55 13
38 56 47
38 57 8
38 58 30
38 59 7
38 60 23
38 61 13
38 62 43
38 63 56
38 64 12
38 65 37
38 66 97
38 67 44
38 68 71
38 69 4
38 70 16
38 71 38
38 72 44
38 73 93
38 74 89
38 75 38
38 76 85
38 77 79
38 78 63
38 79 40
38 80 24
38 81 70
38 82 28
38 83 20
38 84 99
38 85 44
38 86 36
38 87 51
38 88 56
38 89 20
38 90 44
38 91 11
38 92 25
38 93 68
38 94 85
38 95 2
38 96 8
38 97 51
38 98 53
39 40 8
39 41 58
39 42 4
39 43 35
39 44 48
39 45 58
39 46 27
39 47 93
39 48 22
39 49 16
39 50 34
39 51 97
39 52 34
39 53 40
39 54 99
39 55 33
39 56 15
39 57 39
39 58 55
39 59 36
39 60 3
39 61 45
39 62 39
39 63 1
39 64 40
39 65 74
39 66 65
39 67 84
39 68 52
39 69 83
39 70 22
39 71 40
39 72 67
39 73 28
39 74 42
39 75 89
39 76 53
39 77 40
39 78 82
39 79 18
39 80 33
39 81 9
39 82 5
39 83 95
39 84 33
39 85 83
39 86 57
39 87 6
39 88 29
39 89 66
39 90 34
39 91 41
39 92 41
39 93 65
39 94 91
39 95 60
39 96 64
39 97 54
39 98 94
40 41 17
40 42 92
40 43 73
40 44 86
40 45 81
40 46 96
40 47 87
40 48 50
40 49 51
40 50 89
40 51 50
40 52 16
40 53 12
40 54 44
40 55 46
40 56 65
40 57 29
40 58 81
40 59 85
40 60 86
40 61 73
40 62 17
40 63 34
40 64 85
40 65 82
40 66 80
40 67 89
40 68 56
40 69 8
40 70 55
40 71 98
40 72 44
40 73 54
40 74 51
40 75 39
40 76 56
40 77 66
40 78 75
40 79 33
40 80 61
40 81 28
40 82 57
40 83 49
40 84 31
40 85 19
40 86 6
40 87 43
40 88 84
40 89 33
40 90 61
40 91 73
40 92 38
40 93 39
40 94 14
40 95 48
40 96 76
40 97 23
40 98 49
41 42 81
41 43 96
41 44 86
41 45 57
41 46 21
41 47 62
41 48 45
41 49 96
41 50 60
41 51 57
41 52 93
41 53 74
41 54 72
41 55 88
41 56 80
41 57 97
41 58 40
41 59 17
41 60 69
41 61 28
41 62 16
41 63 88
41 64 92
41 65 6
41 66 79
41 67 24
41 68 28
41 69 13
41 70 76
41 71 29
41 72 80
41 73 13
41 74 30
41 75 27
41 76 43
41 77 54
41 78 39
41 79 2
41 80 58
41 81 95
41 82 52
41 83 25
41 84 49
41 85 75
41 86 55
41 87 30
41 88 30
41 89 67
41 90 85
41 91 5
41 92 16
41 93 93
41 94 59
41 95 67
41 96 53
41 97 13
41 98 29
42 43 59
42 44 2
42 45 34
42 46 88
42 47 39
42 48 39
42 49 75
42 50 82
42 51 54
42 52 88
42 53 61
42 54 58
42 55 22
42 56 31
42 57 10
42 58 89
42 59 4
42 60 35
42 61 56
42 62 50
42 63 29
42 64 43
42 65 23
42 66 78
42 67 12
42 68 40
42 69 20
42 70 12
42 71 82
42 72 39
42 73 79
42 74 14
42 75 97
42 76 7
42 77 9
42 78 89
42 79 70
42 80 35
42 81 12
42 82 53
42 83 93
42 84 44
42 85 3
42 86 94
42 87 41
42 88 76
42 89 77
42 90 92
42 91 1
42 92 32
42 93 68
42 94 56
42 95 59
42 96 42
42 97 51
42 98 12
43 44 54
43 45 96
43 46 40
43 47 86
43 48 36
43 49 88
43 50 31
43 51 68
43 52 18
43 53 35
43 54 86
43 55 82
43 56 84
43 57 89
43 58 69
43 59 40
43 60 98
43 61 14
43 62 99
43 63 63
43 64 86
43 65 6
43 66 36
43 67 88
43 68 56
43 69 72
43 70 78
43 71 29
43 72 15
43 73 82
43 74 66
43 75 90
43 76 41
43 77 19
43 78 36
43 79 22
43 80 43
43 81 17
43 82 14
43 83 76
43 84 26
43 85 37
43 86 46
43 87 9
43 88 81
43 89 3
43 90 88
43 91 96
43 92 65
43 93 34
43 94 25
43 95 41
43 96 1
43 97 22
43 98 19
44 45 98
44 46 2
44 47 55
44 48 67
44 49 57
44 50 98
44 51 25
44 52 40
44 53 26
44 54 29
44 55 4
44 56 67
44 57 50
44 58 15
44 59 54
44 60 14
44 61 69
44 62 66
44 63 20
44 64 72
44 65 52
44 66 58
44 67 26
44 68 87
44 69 34
44 70 91
44 71 96
44 72 18
44 73 24
44 74 59
44 75 39
44 76 30
44 77 29
44 78 22
44 79 83
44 80 7
44 81 23
44 82 83
44 83 94
44 84 24
44 85 16
44 86 82
44 87 86
44 88 8
44 89 51
44 90 59
44 91 56
44 92 8
44 93 20
44 94 45
44 95 76
44 96 17
44 97 94
44 98 41
45 46 31
45 47 26
45 48 68
45 49 1
45 50 4
45 51 5
45 52 43
45 53 71
45 54 33
45 55 57
45 56 99
45 57 87
45 58 1
45 59 63
45 60 40
45 61 53
45 62 24
45 63 67
45 64 50
45 65 64
45 66 97
45 67 98
45 68 22
45 69 35
45 70 96
45 71 89
45 72 3
45 73 63
45 74 56
45 75 14
45 76 81
45 77 54
45 78 85
45 79 99
45 80 88
45 81 31
45 82 19
45 83 79
45 84 7
45 85 17
45 86 29
45 87 42
45 88 82
45 89 89
45 90 27
45 91 85
45 92 21
45 93 77
45 94 89
45 95 9
45 96 72
45 97 5
45 98 90
46 47 99
46 48 95
46 49 72
46 50 60
46 51 24
46 52 2
46 53 16
46 54 50
46 55 19
46 56 96
46 57 77
46 58 48
46 59 17
46 60 85
46 61 53
46 62 72
46 63 56
46 64 36
46 65 44
46 66 86
46 67 39
46 68 79
46 69 17
46 70 55
46 71 72
46 72 3
46 73 73
46 74 62
46 75 17
46 76 89
46 77 47
46 78 30
46 79 86
46 80 42
46 81 46
46 82 96
46 83 29
46 84 94
46 85 15
46 86 13
46 87 54
46 88 59
46 89 77
46 90 31
46 91 2
46 92 70
46 93 90
46 94 21
46 95 55
46 96 84
46 97 5
46 98 53
47 48 72
47 49 63
47 50 40
47 51 72
47 52 80
47 53 20
47 54 58
47 55 92
47 56 46
47 57 2
47 58 43
47 59 35
47 60 25
47 61 29
47 62 30
47 63 77
47 64 99
47 65 26
47 66 28
47 67 82
47 68 41
47 69 22
47 70 78
47 71 93
47 72 25
47 73 62
47 74 74
47 75 32
47 76 72
47 77 45
47 78 56
47 79 61
47 80 70
47 81 78
47 82 45
47 83 52
47 84 72
47 85 75
47 86 15
47 87 97
47 88 84
47 89 98
47 90 58
47 91 53
47 92 49
47 93 76
47 94 98
47 95 36
47 96 82
47 97 71
47 98 57
48 49 17
48 50 24
48 51 15
48 52 98
48 53 40
48 54 22
48 55 9
48 56 52
48 57 45
48 58 52
48 59 13
48 60 45
48 61 4
48 62 90
48 63 84
48 64 17
48 65 2
48 66 90
48 67 15
48 68 68
48 69 93
48 70 44
48 71 28
48 72 99
48 73 13
48 74 64
48 75 21
48 76 35
48 77 88
48 78 67
48 79 75
48 80 65
48 81 55
48 82 23
48 83 98
48 84 56
48 85 72
48 86 80
48 87 1
48 88 57
48 89 72
48 90 78
48 91 37
48 92 37
48 93 37
48 94 83
48 95 46
48 96 90
48 97 58
48 98 29
49 50 80
49 51 78
49 52 12
49 53 45
49 54 57
49 55 22
49 56 28
49 57 37
49 58 9
49 59 28
49 60 69
49 61 53
49 62 9
49 63 95
49 64 68
49 65 48
49 66 86
49 67 11
49 68 94
49 69 15
49 70 4
49 71 18
49 72 85
49 73 66
49 74 59
49 75 22
49 76 32
49 77 18
49 78 60
49 79 77
49 80 49
49 81 91
49 82 27
49 83 58
49 84 98
49 85 90
49 86 96
49 87 92
49 88 23
49 89 51
49 90 92
49 91 53
49 92 26
49 93 28
49 94 33
49 95 38
49 96 47
49 97 54
49 98 60
50 51 25
50 52 17
50 53 4
50 54 37
50 55 44
50 56 26
50 57 18
50 58 50
50 59 17
50 60 37
50 61 73
50 62 25
50 63 85
50 64 12
50 65 78
50 66 37
50 67 94
50 68 79
50 69 94
50 70 43
50 71 19
50 72 74
50 73 63
50 74 38
50 75 48
50 76 23
50 77 1
50 78 77
50 79 45
50 80 6
50 81 4
50 82 15
50 83 54
50 84 43
50 85 35
50 86 98
50 87 65
50 88 79
50 89 38
50 90 45
50 91 87
50 92 11
50 93 51
50 94 13
50 95 41
50 96 68
50 97 28
50 98 2
51 52 36
51 53 48
51 54 94
51 55 27
51 56 11
51 57 35
51 58 61
51 59 35
51 60 47
51 61 71
51 62 16
51 63 33
51 64 82
51 65 94
51 66 76
51 67 79
51 68 88
51 69 46
51 70 28
51 71 26
51 72 30
51 73 51
51 74 78
51 75 24
51 76 41
51 77 48
51 78 30
51 79 56
51 80 79
51 81 37
51 82 83
51 83 92
51 84 16
51 85 80
51 86 53
51 87 75
51 88 48
51 89 67
51 90 33
51 91 45
51 92 31
51 93 54
51 94 7
51 95 64
51 96 49
51 97 14
51 98 98
52 53 67
52 54 14
52 55 77
52 56 68
52 57 91
52 58 62
52 59 93
52 60 8
52 61 76
52 62 34
52 63 72
52 64 90
52 65 79
52 66 75
52 67 69
52 68 13
52 69 48
52 70 61
52 71 14
52 72 17
52 73 10
52 74 11
52 75 48
52 76 14
52 77 64
52 78 36
52 79 68
52 80 35
52 81 21
52 82 31
52 83 59
52 84 33
52 85 74
52 86 16
52 87 60
52 88 13
52 89 85
52 90 67
52 91 10
52 92 29
52 93 21
52 94 75
52 95 89
52 96 88
52 97 82
52 98 57
53 54 83
53 55 95
53 56 78
53 57 63
53 58 62
53 59 4
53 60 61
53 61 54
53 62 88
53 63 3
53 64 50
53 65 27
53 66 17
53 67 92
53 68 25
53 69 66
53 70 36
53 71 39
53 72 43
53 73 12
53 74 82
53 75 79
53 76 2
53 77 20
53 78 69
53 79 50
53 80 90
53 81 29
53 82 72
53 83 67
53 84 79
53 85 72
53 86 43
53 87 73
53 88 55
53 89 36
53 90 23
53 91 83
53 92 20
53 93 9
53 94 77
53 95 5
53 96 33
53 97 68
53 98 62
54 55 50
54 56 11
54 57 56
54 58 70
54 59 98
54 60 87
54 61 17
54 62 25
54 63 12
54 64 20
54 65 67
54 66 59
54 67 58
54 68 1
54 69 8
54 70 23
54 71 33
54 72 34
54 73 99
54 74 73
54 75 50
54 76 65
54 77 25
54 78 76
54 79 90
54 80 31
54 81 56
54 82 78
54 83 22
54 84 28
54 85 89
54 86 94
54 87 7
54 88 1
54 89 41
54 90 65
54 91 84
54 92 22
54 93 33
54 94 16
54 95 62
54 96 62
54 97 81
54 98 21
55 56 97
55 57 74
55 58 47
55 59 27
55 60 31
55 61 5
55 62 97
55 63 54
55 64 9
55 65 64
55 66 42
55 67 24
55 68 69
55 69 66
55 70 30
55 71 21
55 72 45
55 73 38
55 74 92
55 75 77
55 76 38
55 77 82
55 78 76
55 79 75
55 80 11
55 81 67
55 82 35
55 83 2
55 84 76
55 85 14
55 86 82
55 87 8
55 88 64
55 89 57
55 90 53
55 91 15
55 92 68
55 93 69
55 94 23
55 95 79
55 96 31
55 97 22
55 98 3
56 57 27
56 58 94
56 59 96
56 60 56
56 61 36
56 62 15
56 63 58
56 64 13
56 65 78
56 66 23
56 67 70
56 68 51
56 69 36
56 70 5
56 71 59
56 72 63
56 73 30
56 74 32
56 75 34
56 76 45
56 77 79
56 78 8
56 79 17
56 80 71
56 81 40
56 82 31
56 83 23
56 84 32
56 85 32
56 86 3
56 87 25
56 88 48
56 89 28
56 90 31
56 91 30
56 92 82
56 93 79
56 94 76
56 95 96
56 96 99
56 97 33
56 98 77
57 58 77
57 59 3
57 60 62
57 61 45
57 62 17
57 63 70
57 64 58
57 65 15
57 66 12
57 67 24
57 68 69
57 69 22
57 70 87
57 71 91
57 72 20
57 73 47
57 74 11
57 75 73
57 76 31
57 77 88
57 78 91
57 79 9
57 80 74
57 81 73
57 82 61
57 83 97
57 84 51
57 85 45
57 86 9
57 87 59
57 88 78
57 89 52
57 90 68
57 91 46
57 92 62
57 93 59
57 94 12
57 95 76
57 96 35
57 97 70
57 98 50
58 59 13
58 60 62
58 61 35
58 62 29
58 63 40
58 64 82
58 65 75
58 66 60
58 67 31
58 68 72
58 69 87
58 70 66
58 71 64
58 72 5
58 73 38
58 74 87
58 75 17
58 76 72
58 77 57
58 78 45
58 79 2
58 80 15
58 81 89
58 82 57
58 83 79
58 84 77
58 85 85
58 86 42
58 87 67
58 88 35
58 89 88
58 90 68
58 91 91
58 92 23
58 93 94
58 94 51
58 95 3
58 96 88
58 97 92
58 98 7
59 60 56
59 61 11
59 62 59
59 63 91
59 64 22
59 65 37
59 66 68
59 67 78
59 68 91
59 69 32
59 70 39
59 71 29
59 72 36
59 73 59
59 74 90
59 75 44
59 76 51
59 77 30
59 78 68
59 79 87
59 80 97
59 81 1
59 82 36
59 83 17
59 84 79
59 85 51
59 86 39
59 87 11
59 88 23
59 89 54
59 90 66
59 91 19
59 92 71
59 93 96
59 94 88
59 95 89
59 96 20
59 97 78
59 98 99
60 61 47
60 62 39
60 63 88
60 64 73
60 65 29
60 66 6
60 67 35
60 68 17
60 69 49
60 70 64
60 71 23
60 72 17
60 73 92
60 74 61
60 75 46
60 76 92
60 77 80
60 78 16
60 79 9
60 80 32
60 81 73
60 82 91
60 83 94
60 84 69
60 85 20
60 86 49
60 87 37
60 88 89
60 89 56
60 90 96
60 91 31
60 92 92
60 93 33
60 94 8
60 95 45
60 96 86
60 97 31
60 98 30
61 62 10
61 63 45
61 64 54
61 65 4
61 66 37
61 67 11
61 68 5
61 69 15
61 70 32
61 71 6
61 72 12
61 73 71
61 74 63
61 75 94
61 76 55
61 77 53
61 78 75
61 79 87
61 80 25
61 81 27
61 82 25
61 83 26
61 84 33
61 85 2
61 86 76
61 87 30
61 88 21
61 89 11
61 90 56
61 91 95
61 92 63
61 93 93
61 94 84
61 95 31
61 96 44
61 97 63
61 98 30
62 63 24
62 64 24
62 65 74
62 66 45
62 67 45
62 68 7
62 69 11
62 70 97
62 71 64
62 72 85
62 73 17
62 74 54
62 75 7
62 76 10
62 77 6
62 78 32
62 79 34
62 80 22
62 81 86
62 82 19
62 83 5
62 84 90
62 85 46
62 86 27
62 87 32
62 88 83
62 89 43
62 90 17
62 91 52
62 92 9
62 93 5
62 94 37
62 95 23
62 96 20
62 97 74
62 98 43
63 64 83
63 65 88
63 66 16
63 67 81
63 68 27
63 69 17
63 70 96
63 71 78
63 72 80
63 73 87
63 74 2
63 75 52
63 76 9
63 77 13
63 78 28
63 79 49
63 80 95
63 81 74
63 82 46
63 83 80
63 84 19
63 85 12
63 86 89
63 87 76
63 88 26
63 89 67
63 90 65
63 91 70
63 92 27
63 93 75
63 94 51
63 95 92
63 96 19
63 97 72
63 98 57
64 65 88
64 66 23
64 67 99
64 68 78
64 69 49
64 70 65
64 71 22
64 72 79
64 73 36
64 74 77
64 75 27
64 76 65
64 77 47
64 78 32
64 79 38
64 80 16
64 81 80
64 82 60
64 83 37
64 84 49
64 85 3
64 86 37
64 87 3
64 88 96
64 89 42
64 90 90
64 91 24
64 92 39
64 93 57
64 94 75
64 95 3
64 96 89
64 97 26
64 98 67
65 66 99
65 67 13
65 68 77
65 69 83
65 70 53
65 71 82
65 72 38
65 73 34
65 74 48
65 75 21
65 76 93
65 77 3
65 78 5
65 79 40
65 80 8
65 81 94
65 82 9
65 83 45
65 84 83
65 85 14
65 86 30
65 87 18
65 88 14
65 89 36
65 90 60
65 91 95
65 92 39
65 93 44
65 94 35
65 95 85
65 96 95
65 97 54
65 98 51
66 67 18
66 68 58
66 69 1
66 70 30
66 71 43
66 72 25
66 73 70
66 74 12
66 75 57
66 76 93
66 77 80
66 78 37
66 79 63
66 80 29
66 81 55
66 82 67
66 83 20
66 84 60
66 85 94
66 86 46
66 87 88
66 88 46
66 89 10
66 90 92
66 91 26
66 92 24
66 93 84
66 94 34
66 95 9
66 96 89
66 97 63
66 98 36
67 68 89
67 69 80
67 70 86
67 71 47
67 72 9
67 73 63
67 74 29
67 75 96
67 76 67
67 77 65
67 78 69
67 79 30
67 80 98
67 81 84
67 82 62
67 83 71
67 84 27
67 85 87
67 86 98
67 87 82
67 88 61
67 89 60
67 90 16
67 91 77
67 92 11
67 93 93
67 94 82
67 95 81
67 96 12
67 97 11
67 98 92
68 69 3
68 70 92
68 71 53
68 72 54
68 73 94
68 74 29
68 75 12
68 76 16
68 77 52
68 78 62
68 79 28
68 80 17
68 81 73
68 82 85
68 83 11
68 84 67
68 85 36
68 86 84
68 87 84
68 88 28
68 89 90
68 90 12
68 91 12
68 92 71
68 93 24
68 94 20
68 95 30
68 96 16
68 97 12
68 98 7
69 70 57
69 71 2
69 72 61
69 73 73
69 74 51
69 75 42
69 76 48
69 77 63
69 78 24
69 79 33
69 80 26
69 81 94
69 82 74
69 83 22
69 84 90
69 85 14
69 86 47
69 87 91
69 88 79
69 89 56
69 90 53
69 91 39
69 92 82
69 93 20
69 94 75
69 95 24
69 96 53
69 97 34
69 98 42
70 71 35
70 72 13
70 73 56
70 74 16
70 75 65
70 76 22
70 77 99
70 78 76
70 79 36
70 80 42
70 81 18
70 82 45
70 83 83
70 84 61
70 85 4
70 86 59
70 87 19
70 88 8
70 89 15
70 90 55
70 91 43
70 92 85
70 93 15
70 94 12
70 95 80
70 96 49
70 97 7
70 98 6
71 72 89
71 73 45
71 74 19
71 75 51
71 76 10
71 77 10
71 78 8
71 79 41
71 80 79
71 81 35
71 82 64
71 83 3
71 84 2
71 85 41
71 86 74
71 87 81
71 88 87
71 89 43
71 90 92
71 91 77
71 92 44
71 93 97
71 94 6
71 95 8
71 96 83
71 97 11
71 98 6
72 73 97
72 74 55
72 75 26
72 76 44
72 77 42
72 78 36
72 79 87
72 80 1
72 81 60
72 82 98
72 83 99
72 84 4
72 85 65
72 86 64
72 87 57
72 88 53
72 89 65
72 90 38
72 91 27
72 92 96
72 93 43
72 94 25
72 95 98
72 96 58
72 97 80
72 98 77
73 74 11
73 75 19
73 76 70
73 77 86
73 78 52
73 79 67
73 80 27
73 81 68
73 82 17
73 83 96
73 84 30
73 85 91
73 86 40
73 87 95
73 88 84
73 89 19
73 90 3
73 91 16
73 92 93
73 93 97
73 94 91
73 95 2
73 96 15
73 97 60
73 98 30
74 75 81
74 76 37
74 77 46
74 78 70
74 79 27
74 80 48
74 81 35
74 82 39
74 83 7
74 84 70
74 85 8
74 86 37
74 87 84
74 88 49
74 89 82
74 90 35
74 91 74
74 92 35
74 93 72
74 94 9
74 95 72
74 96 15
74 97 84
74 98 72
75 76 1
75 77 22
75 78 47
75 79 65
75 80 69
75 81 31
75 82 46
75 83 4
75 84 21
75 85 26
75 86 46
75 87 21
75 88 66
75 89 8
75 90 88
75 91 23
75 92 11
75 93 27
75 94 45
75 95 7
75 96 7
75 97 51
75 98 34
76 77 95
76 78 71
76 79 5
76 80 77
76 81 56
76 82 47
76 83 76
76 84 18
76 85 19
76 86 30
76 87 34
76 88 32
76 89 34
76 90 92
76 91 87
76 92 17
76 93 38
76 94 88
76 95 48
76 96 59
76 97 3
76 98 25
77 78 63
77 79 24
77 80 31
77 81 40
77 82 56
77 83 14
77 84 65
77 85 33
77 86 99
77 87 95
77 88 98
77 89 30
77 90 32
77 91 2
77 92 25
77 93 88
77 94 3
77 95 17
77 96 77
77 97 11
77 98 49
78 79 29
78 80 39
78 81 34
78 82 62
78 83 63
78 84 31
78 85 72
78 86 41
78 87 49
78 88 26
78 89 49
78 90 43
78 91 20
78 92 8
78 93 59
78 94 88
78 95 48
78 96 48
78 97 46
78 98 43
79 80 89
79 81 22
79 82 13
79 83 35
79 84 48
79 85 84
79 86 91
79 87 6
79 88 17
79 89 67
79 90 72
79 91 98
79 92 32
79 93 34
79 94 32
79 95 52
79 96 25
79 97 11
79 98 13
80 81 17
80 82 23
80 83 39
80 84 57
80 85 20
80 86 50
80 87 17
80 88 50
80 89 77
80 90 96
80 91 74
80 92 12
80 93 28
80 94 17
80 95 7
80 96 27
80 97 27
80 98 43
81 82 80
81 83 89
81 84 86
81 85 58
81 86 33
81 87 13
81 88 46
81 89 51
81 90 67
81 91 16
81 92 41
81 93 21
81 94 74
81 95 70
81 96 18
81 97 71
81 98 80
82 83 97
82 84 54
82 85 3
82 86 74
82 87 49
82 88 4
82 89 86
82 90 75
82 91 2
82 92 97
82 93 76
82 94 43
82 95 91
82 96 77
82 97 20
82 98 8
83 84 20
83 85 16
83 86 13
83 87 18
83 88 97
83 89 12
83 90 11
83 91 98
83 92 51
83 93 13
83 94 55
83 95 62
83 96 57
83 97 85
83 98 57
84 85 53
84 86 22
84 87 15
84 88 48
84 89 51
84 90 84
84 91 16
84 92 21
84 93 29
84 94 5
84 95 36
84 96 51
84 97 29
84 98 42
85 86 97
85 87 35
85 88 82
85 89 64
85 90 7
85 91 21
85 92 86
85 93 67
85 94 47
85 95 19
85 96 76
85 97 64
85 98 74
86 87 1
86 88 45
86 89 19
86 90 66
86 91 55
86 92 81
86 93 74
86 94 5
86 95 14
86 96 86
86 97 35
86 98 20
87 88 43
87 89 45
87 90 63
87 91 47
87 92 63
87 93 54
87 94 80
87 95 68
87 96 33
87 97 97
87 98 60
88 89 43
88 90 52
88 91 62
88 92 45
88 93 34
88 94 18
88 95 78
88 96 48
88 97 60
88 98 10
89 90 41
89 91 14
89 92 5
89 93 50
89 94 34
89 95 38
89 96 57
89 97 50
89 98 2
90 91 64
90 92 23
90 93 55
90 94 90
90 95 33
90 96 93
90 97 34
90 98 68
91 92 69
91 93 41
91 94 81
91 95 68
91 96 75
91 97 25
91 98 39
92 93 86
92 94 8
92 95 7
92 96 20
92 97 26
92 98 71
93 94 5
93 95 62
93 96 85
93 97 68
93 98 60
94 95 71
94 96 58
94 97 46
94 98 46
95 96 70
95 97 92
95 98 32
96 97 17
96 98 38
97 98 71