96
0 1 19
0 4 55
0 6 84
0 11 14
0 15 20
0 30 92
0 31 97
0 36 1
0 40 85
0 45 73
0 47 68
0 48 74
0 49 13
0 56 21
0 57 58
0 58 76
0 60 24
0 62 11
0 63 49
0 68 56
0 75 70
0 80 90
0 81 18
0 91 53
0 93 82
1 7 94
1 8 34
1 9 28
1 12 35
1 18 23
1 22 79
1 24 44
1 31 58
1 33 11
1 39 92
1 41 32
1 43 45
1 46 19
1 49 96
1 52 36
1 55 92
1 56 4
1 68 56
1 71 91
1 72 55
1 73 92
1 76 71
1 77 36
1 81 60
1 83 82
1 89 1
1 90 96
1 92 93
2 5 54
2 6 58
2 14 89
2 15 50
2 16 63
2 21 3
2 22 57
2 23 69
2 24 34
2 26 12
2 29 56
2 30 31
2 33 21
2 34 82
2 36 24
2 39 36
2 43 62
2 49 62
2 52 1
2 53 31
2 54 28
2 58 47
2 62 69
2 64 24
2 76 54
2 80 12
2 84 60
2 90 71
2 91 44
2 92 22
3 8 75
3 22 45
3 26 69
3 29 99
3 32 10
3 41 66
3 43 79
3 47 96
3 48 36
3 51 86
3 52 42
3 55 30
3 56 68
3 58 57
3 60 26
3 63 54
3 76 91
3 77 69
3 78 16
3 80 94
3 84 17
3 85 32
3 86 12
3 87 88
3 88 27
3 95 65
4 5 90
4 12 76
4 14 89
4 18 28
4 21 89
4 23 56
4 32 8
4 34 36
4 35 55
4 38 17
4 41 71
4 43 87
4 46 76
4 47 46
4 50 46
4 56 21
4 63 26
4 66 87
4 68 60
4 69 47
4 76 3
4 78 99
4 86 11
4 91 39
5 6 20
5 7 4
5 8 63
5 9 82
5 11 70
5 13 68
5 15 12
5 19 56
5 22 51
5 23 48
5 29 10
5 33 50
5 34 37
5 35 25
5 36 57
5 37 84
5 40 92
5 43 63
5 44 80
5 47 89
5 54 60
5 56 7
5 57 17
5 67 62
5 69 13
5 70 88
5 76 29
5 77 41
5 81 35
5 85 56
5 86 71
5 87 63
5 92 30
6 9 46
6 10 23
6 12 83
6 26 82
6 32 48
6 36 34
6 38 13
6 40 15
6 44 36
6 45 90
6 46 83
6 49 82
6 50 79
6 54 6
6 56 95
6 57 4
6 58 54
6 61 29
6 63 65
6 82 91
6 84 89
6 94 21
6 95 53
7 9 10
7 19 97
7 20 65
7 22 97
7 23 90
7 24 49
7 25 36
7 30 48
7 35 37
7 41 98
7 44 85
7 48 95
7 49 40
7 55 7
7 62 78
7 68 85
7 69 16
7 75 57
7 76 97
7 83 97
7 86 29
7 87 96
7 88 2
7 92 46
8 9 2
8 10 15
8 19 70
8 20 11
8 21 19
8 24 71
8 25 49
8 27 23
8 31 59
8 32 67
8 34 30
8 35 11
8 36 44
8 37 70
8 41 78
8 47 18
8 49 7
8 51 7
8 52 29
8 59 16
8 61 75
8 65 95
8 69 18
8 72 59
8 76 88
8 78 3
8 80 39
8 82 13
8 87 51
8 90 30
8 91 57
8 94 28
9 11 36
9 15 56
9 16 24
9 18 58
9 19 17
9 29 82
9 35 84
9 38 94
9 39 73
9 40 60
9 47 95
9 49 98
9 52 98
9 61 95
9 63 96
9 65 6
9 73 2
9 78 56
9 82 26
9 89 12
9 90 97
9 91 77
9 94 23
10 16 72
10 20 90
10 27 7
10 30 42
10 38 29
10 39 38
10 43 81
10 48 33
10 50 96
10 52 66
10 53 51
10 57 77
10 58 59
10 64 87
10 70 51
10 72 65
10 77 37
10 79 84
10 84 17
10 85 77
10 94 86
11 20 92
11 21 89
11 23 39
11 28 66
11 33 70
11 35 50
11 38 7
11 41 10
11 45 77
11 47 67
11 50 43
11 56 50
11 59 75
11 60 45
11 62 21
11 64 51
11 65 4
11 70 71
11 71 54
11 72 88
11 78 98
11 80 37
11 82 42
11 83 47
11 86 78
11 88 35
11 89 47
11 90 93
11 93 33
11 94 14
12 13 9
12 14 35
12 19 69
12 20 93
12 26 88
12 28 32
12 31 88
12 35 55
12 36 82
12 53 43
12 59 37
12 60 14
12 64 48
12 65 52
12 66 32
12 67 19
12 70 12
12 72 59
12 77 39
12 78 30
13 22 50
13 26 14
13 30 3
13 31 48
13 35 78
13 36 91
13 37 77
13 39 94
13 41 89
13 44 39
13 49 80
13 51 97
13 54 57
13 56 69
13 62 9
13 69 63
13 70 78
13 73 45
13 76 54
14 19 88
14 21 94
14 29 13
14 31 51
14 42 1
14 44 92
14 48 18
14 50 86
14 51 59
14 53 37
14 54 17
14 64 65
14 65 5
14 67 45
14 71 31
14 72 50
14 74 26
14 77 33
14 92 94
14 95 28
15 16 22
15 20 48
15 21 61
15 22 49
15 23 57
15 35 15
15 36 86
15 38 41
15 45 53
15 48 54
15 49 22
15 53 47
15 55 72
15 65 55
15 66 14
15 67 39
15 69 27
15 72 2
15 75 49
15 77 61
15 83 64
15 84 62
15 85 89
15 92 55
16 21 74
16 22 89
16 25 47
16 31 56
16 39 92
16 44 42
16 50 9
16 53 36
16 59 7
16 61 19
16 63 21
16 67 3
16 71 45
16 72 49
16 73 84
16 74 10
16 75 52
16 76 97
16 78 3
16 79 34
16 81 22
16 83 45
16 87 19
16 88 13
16 95 82
17 19 3
17 22 85
17 24 2
17 29 81
17 30 52
17 34 18
17 38 78
17 39 86
17 43 98
17 44 21
17 45 41
17 53 77
17 56 2
17 73 72
17 81 43
17 82 29
17 89 93
17 93 54
17 94 39
18 20 96
18 21 79
18 24 29
18 35 40
18 44 34
18 58 18
18 59 39
18 62 43
18 63 1
18 64 1
18 66 32
18 70 62
18 76 45
18 77 81
18 88 59
18 90 28
19 20 4
19 21 48
19 22 92
19 24 51
19 33 72
19 37 19
19 39 65
19 43 69
19 46 89
19 48 64
19 49 6
19 50 61
19 51 48
19 54 33
19 55 6
19 56 76
19 61 75
19 64 35
19 75 82
19 79 65
19 80 40
19 86 81
19 87 82
19 89 36
20 23 6
20 24 24
20 31 68
20 38 4
20 53 45
20 54 21
20 56 56
20 65 97
20 69 2
20 74 17
20 81 42
20 82 9
20 84 38
20 85 31
20 89 13
20 92 41
20 95 77
21 26 67
21 29 41
21 31 24
21 34 70
21 39 64
21 40 56
21 41 41
21 42 20
21 43 60
21 45 92
21 52 80
21 53 60
21 66 99
21 68 2
21 72 93
21 74 18
21 75 31
21 78 17
21 82 93
21 83 20
21 84 15
21 87 70
21 88 10
21 90 18
21 93 1
22 24 99
22 26 45
22 42 66
22 44 67
22 47 46
22 50 6
22 58 8
22 63 4
22 65 87
22 72 98
22 73 28
22 74 21
22 84 72
22 85 86
22 92 99
23 26 54
23 28 6
23 30 68
23 32 26
23 35 45
23 43 67
23 48 44
23 49 34
23 52 71
23 63 49
23 65 12
23 68 76
23 79 35
23 83 80
23 85 58
23 87 48
23 88 64
23 89 30
23 92 16
23 95 26
24 30 40
24 35 79
24 37 59
24 39 15
24 40 30
24 42 11
24 54 5
24 55 20
24 56 83
24 57 55
24 59 60
24 60 11
24 64 82
24 82 36
24 90 83
24 91 31
24 93 87
24 95 4
25 31 68
25 34 34
25 35 28
25 39 31
25 41 20
25 42 35
25 43 48
25 48 95
25 52 68
25 54 80
25 55 36
25 57 99
25 61 93
25 62 12
25 69 17
25 71 8
25 77 57
25 79 15
25 80 45
25 85 5
25 86 81
25 87 43
25 88 76
25 90 15
26 27 37
26 28 41
26 29 19
26 32 79
26 36 57
26 46 30
26 48 68
26 51 8
26 53 69
26 56 91
26 59 98
26 61 73
26 62 22
26 63 51
26 64 61
26 67 66
26 68 26
26 70 71
26 75 61
26 77 96
26 79 43
26 80 50
26 86 85
26 89 68
26 91 68
27 28 83
27 30 8
27 42 87
27 46 62
27 48 63
27 53 44
27 59 7
27 61 83
27 63 70
27 71 91
27 75 24
27 82 47
27 85 99
27 86 93
28 32 16
28 41 89
28 47 65
28 50 33
28 53 8
28 57 97
28 62 51
28 68 81
28 70 84
28 71 72
28 75 39
28 76 84
28 80 37
28 82 80
28 86 53
28 91 30
28 92 18
28 94 68
29 39 29
29 43 91
29 44 50
29 45 45
29 47 34
29 49 82
29 51 90
29 54 61
29 55 61
29 57 8
29 61 94
29 64 18
29 65 56
29 71 11
29 77 88
29 89 52
29 92 71
30 33 90
30 34 42
30 38 44
30 39 46
30 42 25
30 43 12
30 46 81
30 48 50
30 61 54
30 64 9
30 65 75
30 71 86
30 74 56
30 75 23
30 81 65
30 85 28
30 87 6
30 89 13
31 36 8
31 41 7
31 42 38
31 48 82
31 49 22
31 50 72
31 53 76
31 63 43
31 65 42
31 66 31
31 73 74
31 77 86
31 78 88
31 85 22
31 94 11
32 35 49
32 36 47
32 42 75
32 43 70
32 50 77
32 53 9
32 56 61
32 57 65
32 61 34
32 62 5
32 65 55
32 69 24
32 72 34
32 78 46
32 79 84
32 81 89
32 83 36
32 89 84
32 93 25
32 95 34
33 34 65
33 35 18
33 37 50
33 40 53
33 41 52
33 45 73
33 50 5
33 51 12
33 55 40
33 58 89
33 79 69
33 81 82
33 85 67
33 89 15
33 90 35
33 92 15
33 95 86
34 36 32
34 37 86
34 38 66
34 41 93
34 42 63
34 43 36
34 46 31
34 50 52
34 55 88
34 56 15
34 57 50
34 62 94
34 66 49
34 67 90
34 69 4
34 71 37
34 72 35
34 79 28
34 80 15
34 84 44
34 86 96
34 88 17
34 90 39
34 93 49
35 36 78
35 38 57
35 44 88
35 46 18
35 47 1
35 48 83
35 49 6
35 52 56
35 63 53
35 66 66
35 76 54
35 80 38
35 82 67
35 83 78
35 84 70
35 87 44
35 88 91
35 89 74
35 92 55
36 38 24
36 39 30
36 42 50
36 43 37
36 47 9
36 52 19
36 53 83
36 56 22
36 58 1
36 63 78
36 64 76
36 66 13
36 68 76
36 73 92
36 82 97
36 92 45
36 94 68
37 38 82
37 43 17
37 44 68
37 48 91
37 54 88
37 58 14
37 63 40
37 65 78
37 67 60
37 69 79
37 72 29
37 74 37
37 75 92
37 78 25
37 79 61
37 81 17
37 84 26
37 92 89
37 93 23
37 94 48
38 40 36
38 45 8
38 48 37
38 50 69
38 55 4
38 57 35
38 61 16
38 63 25
38 66 52
38 68 28
38 71 88
38 76 10
38 77 92
38 81 32
38 88 29
38 89 96
38 93 18
38 95 77
39 44 65
39 47 83
39 55 25
39 57 6
39 58 54
39 62 55
39 64 37
39 68 8
39 75 32
39 78 3
39 79 20
39 80 91
39 86 90
39 87 46
39 91 45
39 92 86
39 94 74
39 95 26
40 41 77
40 42 34
40 60 58
40 62 9
40 64 52
40 70 7
40 71 88
40 75 12
40 76 9
40 78 35
40 80 98
40 86 9
40 89 41
40 94 88
40 95 78
41 44 38
41 45 78
41 46 53
41 51 36
41 52 86
41 54 99
41 62 4
41 64 78
41 65 81
41 78 59
41 94 48
41 95 78
42 43 29
42 44 64
42 45 83
42 50 59
42 51 20
42 52 27
42 53 70
42 56 19
42 57 61
42 63 57
42 69 61
42 71 89
42 72 45
42 73 80
42 75 27
42 76 64
42 78 3
42 79 93
42 81 4
42 83 22
42 90 19
42 94 80
42 95 6
43 44 90
43 48 98
43 50 92
43 53 16
43 57 69
43 60 79
43 62 46
43 64 83
43 65 43
43 66 99
43 71 20
43 72 82
43 73 90
43 76 95
43 78 2
43 87 30
43 89 47
43 91 58
43 92 88
44 48 53
44 51 5
44 59 13
44 61 49
44 63 87
44 72 47
44 73 28
44 74 89
44 77 51
44 86 20
44 89 62
44 91 50
44 92 62
45 46 76
45 54 69
45 57 29
45 66 65
45 71 88
45 72 35
45 73 15
45 74 79
45 77 78
45 78 46
45 79 43
45 80 38
45 92 68
45 93 62
45 95 37
46 51 56
46 58 27
46 61 78
46 62 11
46 63 12
46 66 96
46 67 62
46 75 38
46 76 53
46 77 38
46 81 69
46 84 92
46 92 30
47 51 50
47 53 37
47 58 12
47 61 8
47 62 35
47 65 33
47 67 42
47 68 35
47 76 76
47 79 91
47 84 10
47 87 2
47 89 2
47 94 79
47 95 8
48 66 4
48 70 75
48 72 28
48 76 97
48 77 3
48 78 8
48 80 53
48 87 22
48 88 23
48 90 76
48 92 91
48 94 33
49 52 46
49 53 95
49 59 95
49 60 21
49 63 49
49 65 57
49 66 37
49 68 65
49 73 61
49 75 2
49 81 3
49 83 65
49 86 79
49 88 56
49 89 82
50 54 58
50 56 12
50 61 34
50 62 36
50 67 97
50 76 82
50 77 6
50 78 63
50 83 32
50 88 41
50 91 32
51 52 64
51 53 44
51 55 28
51 65 38
51 66 48
51 71 75
51 82 4
51 83 2
51 84 89
51 86 49
51 89 21
52 57 22
52 59 96
52 62 11
52 72 23
52 75 41
52 77 23
52 79 37
52 80 58
52 86 62
52 90 37
52 92 1
53 60 54
53 61 34
53 62 92
53 63 85
53 70 92
53 86 29
53 94 46
54 55 53
54 56 41
54 57 2
54 67 17
54 68 75
54 71 97
54 72 15
54 79 45
54 82 38
54 83 2
54 85 17
54 87 68
54 88 75
54 89 15
54 92 58
54 94 44
54 95 51
55 57 46
55 58 9
55 59 18
55 62 92
55 65 32
55 77 51
55 78 1
55 92 59
55 93 30
56 60 1
56 63 56
56 65 24
56 69 25
56 75 15
56 77 35
56 78 84
56 81 99
56 83 35
56 85 99
56 89 34
56 91 20
57 60 39
57 61 71
57 62 61
57 64 7
57 65 96
57 70 79
57 74 55
57 77 96
57 78 1
57 83 55
57 85 94
57 87 94
57 89 9
57 92 3
57 94 70
58 66 63
58 73 5
58 78 8
58 84 65
58 85 22
58 86 79
58 90 27
58 93 41
59 62 26
59 64 74
59 79 88
59 81 30
60 61 93
60 66 22
60 68 22
60 72 78
60 79 40
60 84 85
60 90 85
60 92 75
60 93 14
61 66 77
61 67 36
61 68 63
61 74 90
61 78 34
61 79 37
61 87 63
61 91 16
61 92 29
62 66 85
62 84 14
62 87 20
62 92 7
62 93 53
63 74 90
63 81 76
63 82 46
63 83 94
63 85 65
63 88 17
63 93 89
63 94 24
63 95 90
64 65 42
64 73 48
64 74 36
64 75 35
64 76 8
64 82 91
64 87 30
64 88 95
64 94 67
64 95 46
65 69 63
65 70 49
65 71 12
65 79 65
65 80 36
65 86 74
66 68 20
66 69 75
66 70 62
66 80 95
66 83 99
66 84 53
66 86 86
66 94 38
67 75 84
67 78 25
67 82 67
68 69 49
68 70 58
68 72 49
68 78 1
68 87 71
68 91 12
69 71 22
69 78 57
69 80 62
69 90 5
69 93 82
69 94 80
70 72 63
70 73 80
70 76 96
70 80 52
70 86 11
70 87 74
70 88 58
71 73 88
71 80 80
71 87 37
71 88 74
71 91 52
72 74 41
72 77 94
72 78 51
72 79 14
72 81 30
72 84 13
72 88 64
72 91 53
73 74 2
73 81 24
73 82 7
73 84 64
73 86 30
73 92 63
74 76 40
74 83 33
74 84 12
74 85 29
74 89 72
74 94 86
75 83 48
75 89 17
76 80 66
76 92 51
76 93 13
77 79 97
77 82 43
77 90 13
79 86 48
80 81 24
80 84 71
81 87 68
81 90 64
81 93 97
81 95 4
82 88 10
82 90 51
83 95 3
84 86 76
84 88 89
84 89 40
85 87 39
85 88 99
85 90 64
86 87 84
87 89 33
87 91 38
87 92 65
87 94 50
88 89 72
88 93 59
89 92 39
90 95 49
91 94 84