94
69 24 52.791
69 5 57.254
69 73 48.525
69 54 79.58
69 55 15.449
69 80 0.861
69 20 52.541
69 60 87.456
69 46 59.013
69 4 91.664
69 14 78.441
69 6 46.666
69 61 61.793
69 76 5.44
69 3 20.347
69 50 76.556
69 1 16.511
69 9 4.954
69 45 11.188
69 78 41.992
69 12 84.35
69 26 37.937
69 62 30.786
69 91 84.135
69 16 14.394
69 2 32.513
69 18 53.126
69 40 40.481
69 43 1.374
69 7 48.595
69 27 83.533
69 93 33.16
69 70 21.861
69 0 80.81
69 38 54.737
69 68 68.823
69 32 48.455
69 90 10.036
69 71 93.679
69 56 99.319
69 58 93.112
24 67 19.48
24 23 58.325
24 9 42.757
24 48 82.288
24 19 19.906
24 11 42.147
24 40 41.454
24 68 40.719
24 74 35.307
24 31 78.768
24 56 36.589
24 45 1.107
24 32 28.725
24 89 15.425
24 35 23.066
24 61 34.771
24 15 78.609
24 90 99.776
24 1 75.943
24 5 86.907
24 81 85.812
24 30 51.39
24 27 5.056
24 6 96.56
24 88 73.801
24 64 24.973
24 58 25.895
24 42 70.413
24 38 64.838
24 10 60.776
24 52 45.827
24 60 50.219
24 7 48.371
24 21 51.26
24 26 88.033
24 82 93.545
24 20 1.392
24 83 46.662
24 34 50.985
24 78 43.401
24 53 31.183
48 82 70.485
48 2 99.372
48 81 36.979
48 50 28.437
48 84 3.658
48 87 38.031
48 79 12.577
48 67 63.042
48 9 85.779
48 4 80.176
48 37 51.334
48 75 68.119
48 47 0.745
48 77 21.366
48 78 7.629
48 52 95.197
48 26 36.458
48 23 29.77
48 49 42.444
48 18 38.791
48 45 27.962
48 60 76.491
48 10 91.179
48 20 0.748
48 88 43.339
48 31 19.705
48 36 73.019
48 0 95.861
48 14 5.902
48 32 47.597
48 70 22.408
48 17 64.274
48 80 65.296
48 91 22.356
48 38 56.431
48 16 99.052
82 53 11.782
82 68 83.646
82 46 61.484
82 92 11.378
82 93 38.526
82 31 30.314
82 28 50.236
82 70 67.166
82 55 39.235
82 6 9.458
82 29 94.649
82 30 27.278
82 25 25.598
82 26 24.057
82 87 58.176
82 43 30.149
82 23 71.208
82 75 18.286
82 13 9.321
82 15 75.726
82 33 22.431
82 22 67.756
82 66 96.657
82 18 3.985
82 50 20.588
82 36 91.21
82 51 32.382
82 67 95.218
82 60 41.611
82 72 7.937
82 79 96.429
82 27 37.375
82 1 6.728
82 62 97.206
82 54 90.007
82 17 16.705
82 0 65.873
82 37 74.815
79 49 93.993
79 60 73.7
79 7 92.053
79 0 81.803
79 34 8.839
79 13 83.187
79 77 2.297
79 9 21.877
79 22 13.424
79 32 90.075
79 15 29.901
79 44 68.012
79 2 92.591
79 55 83.801
79 88 39.423
79 42 54.103
79 46 50.883
79 1 64.914
79 25 48.439
79 39 27.775
79 91 62.517
79 52 46.416
79 40 79.168
79 64 97.859
79 20 8.857
79 92 88.122
79 67 50.439
79 62 21.873
79 27 15.635
79 30 85.345
79 35 98.789
79 66 44.068
79 29 74.48
79 90 9.039
79 74 7.45
79 86 80.977
79 37 0.445
79 26 36.414
49 43 8.507
49 61 75.024
49 11 80.315
49 6 68.027
49 89 63.743
49 51 60.425
49 23 42.33
49 17 60.9
49 83 91.56
49 40 52.339
49 57 88.416
49 38 41.014
49 59 96.774
49 76 12.969
49 19 15.791
49 33 3.105
49 16 45.629
49 56 6.271
49 81 14.667
49 88 61.727
49 30 73.122
49 45 91.821
49 52 71.674
49 0 45.292
49 84 45.289
49 22 47.898
49 64 20.753
49 47 2.774
49 41 5.957
49 31 95.607
49 5 24.315
49 14 27.898
49 26 63.339
49 9 2.723
49 65 83.293
49 71 66.52
49 60 97.067
49 42 30.304
92 81 14.618
92 30 46.403
92 13 40.736
92 52 69.321
92 14 67.182
92 90 34.745
92 33 67.115
92 60 97.703
92 88 54.605
92 78 45.23
92 10 46.344
92 18 80.075
92 36 71.151
92 40 66.486
92 0 22.487
92 21 79.478
92 59 45.47
92 57 38.22
92 54 3.12
92 70 30.096
92 65 66.356
92 72 27.982
92 47 64.549
92 74 35.434
92 3 69.05
92 28 52.577
92 51 96.759
92 23 2.565
92 43 51.87
92 8 42.797
92 75 7.419
92 55 8.533
92 19 53.494
92 93 87.117
92 11 30.563
92 17 46.374
81 26 11.287
81 64 83.218
81 80 59.896
81 12 12.895
81 59 48.128
81 54 56.392
81 70 47.273
81 73 46.36
81 3 42.715
81 77 64.602
81 17 92.626
81 85 29.686
81 52 90.491
81 30 1.742
81 90 28.416
81 38 48.401
81 10 47.363
81 46 88.443
81 18 55.562
81 37 61.303
81 55 41.989
81 91 25.297
81 33 82.976
81 44 77.699
81 23 20.985
81 31 65.724
81 93 31.57
81 27 87.249
81 16 27.657
81 74 93.351
81 19 97.637
81 4 17.0
43 2 68.969
43 52 39.611
43 28 51.999
43 62 29.668
43 21 10.753
43 89 77.891
43 15 93.411
43 68 90.564
43 71 91.505
43 18 0.063
43 53 87.921
43 16 37.912
43 88 14.753
43 29 10.005
43 25 72.992
43 6 3.397
43 78 96.342
43 38 35.345
43 61 8.556
43 22 40.687
43 34 16.278
43 54 24.6
43 31 60.071
43 8 47.388
43 76 60.79
43 42 95.27
43 58 54.985
43 85 93.039
43 1 74.659
43 44 78.446
43 93 58.922
43 10 0.035
43 91 14.668
43 4 80.465
43 80 47.053
43 75 41.869
43 64 97.61
43 26 4.422
43 30 52.621
91 47 33.659
91 16 43.79
91 89 26.498
91 40 70.569
91 77 87.061
91 17 78.781
91 18 73.236
91 55 77.747
91 53 63.54
91 34 90.191
91 30 69.626
91 42 70.91
91 83 55.389
91 61 99.626
91 25 25.882
91 38 99.201
91 62 19.81
91 33 88.811
91 78 28.529
91 20 14.714
91 13 41.996
91 3 30.505
91 73 39.684
91 28 4.913
91 11 58.242
91 50 95.847
91 44 33.068
91 85 92.629
91 71 82.707
91 70 22.581
91 31 36.312
91 88 28.295
91 87 2.71
91 65 9.173
91 52 87.976
91 84 2.995
91 37 88.561
91 75 56.857
91 9 29.921
91 15 43.316
91 8 40.41
91 60 0.645
47 7 37.952
47 28 98.669
47 75 13.727
47 9 10.11
47 86 80.967
47 66 36.49
47 2 41.173
47 72 90.924
47 52 88.754
47 63 79.171
47 34 45.01
47 29 46.531
47 18 96.91
47 13 13.192
47 83 21.31
47 85 56.693
47 57 92.232
47 46 92.136
47 58 49.983
47 31 9.083
47 62 49.975
47 3 27.593
47 50 74.31
47 27 71.206
47 70 84.523
47 55 63.545
47 67 33.25
47 71 56.535
47 53 0.802
47 16 88.216
47 89 93.862
47 32 84.765
47 51 70.052
47 30 82.661
30 23 1.934
30 55 97.661
30 34 76.558
30 2 50.522
30 0 9.817
30 57 30.526
30 13 7.146
30 84 81.915
30 80 84.52
30 35 91.13
30 22 19.252
30 68 72.345
30 20 92.617
30 21 76.734
30 88 94.998
30 17 2.822
30 83 61.224
30 52 75.407
30 67 22.91
30 7 74.71
30 6 42.178
30 14 26.945
30 90 9.722
30 45 88.285
30 76 28.987
30 59 40.018
30 53 81.779
30 44 48.805
30 51 98.281
30 66 73.282
30 39 19.194
5 59 1.628
5 32 50.167
5 45 24.399
5 42 52.744
5 18 60.902
5 15 68.425
5 33 6.715
5 12 55.5
5 21 71.093
5 7 24.804
5 16 14.163
5 87 42.972
5 19 59.777
5 39 90.953
5 58 4.73
5 76 59.439
5 17 69.348
5 34 38.567
5 29 69.277
5 35 96.043
5 2 0.165
5 31 18.409
5 46 33.37
5 25 26.313
5 23 35.798
5 72 43.285
5 71 64.491
5 70 55.047
5 4 83.148
5 37 91.575
5 10 24.975
23 61 72.611
23 83 24.214
23 41 4.104
23 74 29.517
23 3 54.466
23 84 0.904
23 0 74.852
23 71 2.256
23 65 55.264
23 52 78.566
23 44 69.923
23 68 11.205
23 73 68.496
23 62 24.303
23 31 59.26
23 26 77.695
23 86 66.955
23 93 71.793
23 72 93.597
23 37 21.233
23 80 56.493
23 13 61.542
23 18 58.127
23 89 10.293
23 32 68.647
23 64 73.603
23 67 95.478
23 42 63.885
23 55 14.415
23 34 31.622
23 70 96.939
42 58 84.464
42 83 55.631
42 61 63.464
42 39 98.993
42 87 11.4
42 20 52.997
42 60 28.227
42 46 39.546
42 35 32.664
42 11 12.579
42 77 50.335
42 56 8.797
42 51 57.818
42 31 45.657
42 9 51.618
42 93 0.607
42 37 62.881
42 3 56.891
42 88 69.118
42 85 7.032
42 73 49.138
42 16 17.243
42 40 58.661
42 45 40.857
42 72 50.382
42 26 4.909
42 36 92.897
42 17 35.622
42 21 21.162
42 53 98.58
42 78 20.844
42 4 82.53
42 33 97.069
42 44 23.969
42 74 49.556
42 75 78.297
42 67 23.161
58 12 49.291
58 31 16.004
58 26 34.313
58 86 24.369
58 68 0.939
58 4 2.234
58 75 32.009
58 40 57.763
58 71 45.137
58 34 33.598
58 11 15.639
58 65 18.978
58 88 60.869
58 51 13.615
58 6 57.734
58 72 72.759
58 37 73.84
58 53 71.543
58 76 24.116
58 21 26.391
58 45 20.087
58 33 78.903
58 7 8.38
58 2 71.073
58 20 46.712
58 39 3.47
58 17 78.53
9 70 50.316
9 89 28.25
9 15 45.559
9 59 3.149
9 16 82.468
9 40 11.482
9 55 79.232
9 25 84.828
9 56 38.857
9 33 12.021
9 12 33.389
9 65 5.854
9 31 0.785
9 84 84.177
9 74 40.754
9 53 61.059
9 73 47.197
9 67 25.008
9 7 85.398
9 75 19.176
9 8 11.281
9 54 33.555
9 6 45.17
9 27 31.968
9 1 41.482
9 66 89.156
9 62 84.083
9 34 69.386
9 32 73.929
9 20 48.833
9 46 88.672
9 87 68.273
70 73 56.834
70 16 67.76
70 63 72.086
70 14 69.645
70 68 78.289
70 27 53.071
70 89 59.862
70 32 91.677
70 56 86.243
70 35 28.028
70 13 2.254
70 25 2.496
70 22 96.046
70 4 21.389
70 1 64.3
70 88 39.077
70 61 61.922
70 64 6.235
70 93 85.303
70 80 31.183
70 33 52.312
70 65 94.804
70 18 69.954
70 44 28.703
70 17 45.925
70 19 45.969
70 50 60.706
70 59 88.268
59 77 25.116
59 3 51.713
59 45 22.557
59 1 66.318
59 4 44.143
59 52 63.748
59 68 9.412
59 93 86.055
59 71 35.055
59 74 65.646
59 67 19.372
59 61 54.514
59 15 15.382
59 66 97.301
59 89 60.205
59 8 52.666
59 64 55.599
59 33 81.194
59 18 93.908
59 37 63.448
59 25 69.607
59 0 59.591
59 80 76.2
59 62 59.054
59 17 37.239
59 29 26.95
59 55 20.866
59 21 6.3
59 35 9.076
59 84 87.919
59 32 7.098
59 53 86.569
74 11 10.392
74 67 25.508
74 16 92.827
74 65 96.836
74 33 23.429
74 51 13.209
74 55 23.936
74 77 99.135
74 21 43.377
74 40 45.36
74 8 31.88
74 39 55.986
74 26 21.601
74 45 89.802
74 89 57.176
74 15 89.295
74 4 15.803
74 57 58.605
74 34 43.936
74 60 21.587
74 44 21.389
74 38 28.456
74 27 26.373
74 87 1.397
74 72 92.249
74 75 18.613
11 45 46.429
11 80 18.511
11 84 71.713
11 33 96.147
11 41 93.822
11 14 61.691
11 34 97.951
11 27 54.192
11 52 11.974
11 85 52.734
11 83 64.892
11 90 11.357
11 13 5.085
11 3 10.884
11 4 61.191
11 71 85.174
11 93 72.476
11 72 47.06
11 77 96.448
11 37 25.884
11 22 36.749
11 57 87.457
11 50 36.224
11 28 4.209
11 78 1.855
11 0 65.939
11 29 45.073
11 67 92.462
11 10 79.791
52 13 20.021
52 85 63.523
52 71 77.38
52 77 97.262
52 44 70.387
52 41 43.435
52 66 1.217
52 29 1.01
52 6 30.999
52 50 63.913
52 45 97.122
52 17 64.876
52 22 37.803
52 3 21.331
52 26 65.314
52 89 77.982
52 86 22.577
52 35 93.657
52 60 76.157
52 53 8.397
52 34 94.814
52 1 78.012
52 38 79.474
52 12 99.977
52 37 69.657
52 78 42.143
52 65 71.163
52 10 92.47
52 36 39.272
52 51 57.686
52 84 37.021
52 32 46.456
52 0 40.408
52 93 64.41
13 35 71.631
13 22 45.262
13 88 15.847
13 50 40.971
13 17 20.717
13 71 25.104
13 16 15.467
13 37 97.075
13 64 88.159
13 73 1.386
13 55 38.588
13 51 28.559
13 90 94.507
13 66 84.019
13 14 85.304
13 10 97.729
13 34 5.029
13 65 4.093
13 26 21.762
13 32 94.197
13 6 32.619
13 0 56.262
13 1 81.606
13 68 41.36
13 87 18.001
13 53 55.758
13 38 59.104
13 80 78.76
13 8 89.416
13 60 2.889
13 84 58.868
13 61 2.823
13 57 82.772
13 75 70.235
13 56 85.375
13 21 89.836
13 20 22.032
13 19 77.103
60 25 99.462
60 90 60.238
60 67 16.036
60 17 93.444
60 2 20.984
60 78 21.48
60 14 26.287
60 7 33.831
60 20 16.559
60 8 56.84
60 75 12.385
60 51 72.806
60 40 42.157
60 4 18.888
60 32 50.384
60 66 57.126
60 21 10.673
60 85 63.259
60 28 70.376
60 63 84.84
60 76 61.493
60 56 8.245
60 36 90.682
60 80 94.711
60 39 12.739
60 50 31.008
8 93 54.783
8 85 55.261
8 90 74.998
8 22 55.9
8 31 14.888
8 25 22.316
8 83 55.713
8 54 55.609
8 41 57.716
8 50 92.14
8 19 54.674
8 40 71.844
8 0 86.244
8 1 79.662
8 6 97.352
8 37 0.302
8 28 29.757
8 64 21.81
8 2 76.638
8 3 95.053
8 39 40.224
8 4 58.386
8 35 58.992
8 51 93.376
8 38 35.29
8 44 29.826
8 53 17.557
8 16 87.963
8 36 15.851
8 67 94.209
8 89 69.742
93 4 55.981
93 28 86.777
93 84 2.425
93 22 62.011
93 54 57.408
93 57 3.551
93 41 76.161
93 21 21.531
93 66 83.521
93 19 95.257
93 55 3.831
93 77 0.677
93 86 70.78
93 62 22.289
93 90 13.771
93 2 0.535
93 76 65.094
93 39 78.665
93 26 5.146
93 25 10.196
93 14 75.247
89 17 41.633
89 41 20.579
89 12 20.149
89 28 89.382
89 61 39.016
89 64 81.34
89 71 27.819
89 75 33.633
89 2 64.087
89 77 7.093
89 40 43.875
89 54 86.994
89 6 48.023
89 10 27.719
89 62 36.744
89 25 47.557
89 26 76.219
89 73 95.808
89 33 50.833
89 80 20.325
89 78 68.216
89 36 17.626
89 16 87.491
89 53 10.33
26 44 85.312
26 41 64.091
26 39 64.591
26 15 41.743
26 25 56.801
26 57 31.47
26 29 99.682
26 54 15.45
26 72 73.9
26 83 13.571
26 85 24.836
26 46 0.758
26 17 30.549
26 37 41.848
26 28 95.224
26 18 81.897
26 40 2.779
26 4 8.502
26 64 28.186
26 55 8.605
26 10 16.801
26 56 65.152
26 34 83.484
26 12 41.909
26 90 46.244
26 66 71.531
26 62 28.389
26 16 75.36
26 75 89.108
26 3 36.56
44 17 81.842
44 40 69.236
44 1 62.825
44 10 97.504
44 7 8.617
44 33 78.657
44 32 71.142
44 57 31.832
44 25 89.451
44 50 70.338
44 14 11.116
44 2 69.411
44 45 65.614
44 15 47.678
44 73 44.171
44 18 45.591
44 20 36.261
44 54 69.765
44 75 56.175
44 80 96.455
44 3 22.153
44 29 68.72
44 84 7.266
44 28 98.041
44 65 66.936
44 34 85.193
44 27 13.785
20 27 58.99
20 2 91.172
20 37 48.791
20 68 24.397
20 41 48.07
20 25 97.675
20 29 29.317
20 14 69.871
20 64 30.475
20 50 77.983
20 36 30.624
20 87 59.328
20 83 22.583
20 66 74.003
20 31 66.24
20 90 96.566
20 85 16.986
20 71 61.161
20 18 2.57
20 35 63.68
27 3 24.796
27 68 5.706
27 19 98.743
27 4 97.751
27 51 25.521
27 73 11.912
27 41 77.574
27 62 29.01
27 75 32.163
27 7 7.475
27 32 81.258
27 40 9.078
27 15 24.337
27 12 66.724
27 80 22.502
27 18 74.004
85 37 76.358
85 90 1.342
85 35 97.31
85 45 62.117
85 53 31.122
85 31 80.102
85 16 84.049
85 25 92.958
85 67 16.519
85 86 0.763
85 19 34.008
85 62 82.461
85 83 57.181
85 21 21.47
85 88 30.634
85 3 46.644
85 4 50.197
85 75 86.024
85 17 49.323
85 64 49.9
85 56 62.036
85 14 1.451
85 7 90.153
37 75 4.088
37 54 16.421
37 77 3.75
37 33 52.81
37 72 1.112
37 2 99.839
37 64 40.041
37 38 97.789
37 7 6.538
37 14 5.912
37 73 62.688
37 0 86.07
37 35 41.292
37 57 54.499
37 61 78.768
37 36 18.885
37 12 18.204
37 17 96.687
37 3 70.908
37 78 73.092
37 21 74.841
2 90 33.926
2 12 74.505
2 45 97.424
2 87 95.315
2 86 46.628
2 7 7.723
2 40 55.204
2 51 97.765
2 80 33.28
2 73 67.438
2 17 47.063
2 62 8.359
2 53 98.323
2 39 45.647
2 72 62.446
2 83 44.884
2 16 56.18
2 0 17.314
2 54 27.316
2 68 84.372
77 67 12.554
77 53 63.975
77 36 94.25
77 50 84.201
77 51 69.174
77 66 50.968
77 3 55.36
77 6 61.735
77 34 34.227
77 14 61.414
77 64 81.544
77 88 45.71
77 72 14.836
77 68 42.111
77 61 21.162
77 84 47.134
77 56 81.275
77 73 74.57
77 21 88.588
77 90 5.892
77 29 56.998
77 35 98.3
77 25 58.666
77 46 83.243
67 63 0.334
67 64 71.147
67 35 48.698
67 1 57.409
67 10 50.046
67 41 0.493
67 72 56.673
67 61 37.049
67 87 85.744
67 18 27.116
67 76 49.665
67 46 92.57
67 73 92.465
67 66 83.723
67 80 19.558
67 57 46.219
67 86 77.52
67 62 14.863
67 19 50.565
67 55 27.54
67 28 39.467
67 6 36.567
67 3 32.868
67 0 80.777
67 78 71.011
67 16 3.864
67 54 34.759
67 34 67.509
67 14 7.429
67 65 23.202
38 63 73.896
38 1 40.581
38 4 40.476
38 22 69.729
38 6 97.108
38 87 16.298
38 7 22.314
38 33 83.913
38 19 65.818
38 57 90.628
38 16 69.274
38 72 56.769
38 56 65.695
38 29 33.593
38 14 97.149
38 88 73.459
38 45 84.198
38 32 55.05
38 68 30.039
38 21 49.61
38 17 75.063
38 0 74.118
38 46 62.507
38 18 61.339
38 50 31.971
38 28 23.881
63 12 83.42
63 21 16.703
63 68 68.46
63 78 82.655
63 19 35.868
63 45 15.98
63 84 62.257
63 35 45.452
63 88 54.269
63 64 95.13
63 28 9.531
63 73 92.808
63 18 25.395
63 50 15.336
63 41 60.802
63 39 43.489
63 17 57.363
63 61 77.628
63 46 88.235
63 6 16.725
63 83 68.003
63 71 12.552
63 65 92.986
63 7 98.821
90 39 32.545
90 21 98.351
90 88 21.088
90 55 9.752
90 36 28.163
90 78 86.2
90 41 69.367
90 4 73.782
90 31 74.038
90 57 88.041
90 7 32.446
90 12 49.443
90 75 87.868
90 51 91.1
90 33 0.822
90 68 28.682
90 28 91.365
90 0 30.201
90 35 23.388
90 10 86.911
90 72 51.697
90 54 10.369
90 18 67.953
90 14 47.885
90 3 8.602
90 34 56.098
90 64 42.59
90 83 70.913
90 56 3.058
22 3 84.429
22 83 2.183
22 18 49.359
22 88 63.602
22 71 97.089
22 39 47.153
22 40 33.431
22 76 83.175
22 86 46.428
22 34 10.145
22 15 4.977
22 7 52.017
22 41 7.499
22 10 0.151
22 50 75.73
22 61 91.802
22 16 41.939
22 19 23.405
22 1 37.268
22 66 62.66
22 84 24.134
3 31 10.057
3 19 67.557
3 32 89.278
3 4 50.788
3 46 54.783
3 14 58.45
3 78 43.428
3 39 45.625
3 29 21.311
3 73 51.209
3 71 27.451
3 64 47.608
3 15 76.687
3 83 13.718
3 0 75.313
3 45 27.389
3 41 9.028
3 72 18.568
3 86 30.409
3 51 88.344
3 53 57.658
3 57 13.912
88 50 72.066
88 65 73.421
88 12 12.462
88 40 83.848
88 54 23.316
88 7 71.364
88 73 25.879
88 55 75.558
88 46 60.222
88 34 1.245
88 57 25.172
88 36 20.964
88 51 2.13
88 35 76.641
88 86 5.924
88 41 91.109
88 53 48.948
88 29 98.432
88 39 79.846
88 68 2.897
88 78 12.58
88 17 95.781
88 75 57.646
88 66 55.133
88 4 62.934
88 32 5.073
88 14 61.767
88 45 34.167
50 51 5.747
50 31 93.613
50 28 58.574
50 54 76.714
50 65 21.896
50 4 37.545
50 25 92.966
50 33 75.197
50 80 68.384
50 40 65.197
50 46 67.428
50 83 74.803
50 39 40.0
50 29 91.147
50 45 41.374
50 73 0.616
50 7 88.137
50 75 26.215
50 34 48.15
50 55 50.788
50 36 33.494
50 6 10.942
50 66 28.607
50 14 29.646
50 32 24.768
50 76 10.752
50 56 10.605
50 15 66.446
14 31 32.828
14 7 30.539
14 78 99.646
14 83 67.01
14 17 35.005
14 54 25.76
14 18 51.73
14 1 8.748
14 34 54.585
14 86 63.592
14 76 72.525
14 16 72.267
14 53 98.9
14 75 78.369
14 46 13.064
14 33 6.807
14 6 6.809
14 80 21.21
14 19 7.931
31 80 94.596
31 62 61.536
31 0 11.398
31 51 32.776
31 35 36.384
31 87 3.068
31 83 54.407
31 57 83.059
31 73 24.406
31 7 5.324
31 25 91.298
31 86 77.036
31 32 34.804
31 10 10.337
31 78 72.826
31 12 51.471
31 21 22.611
31 17 8.25
31 39 78.269
31 75 97.395
31 53 3.218
31 65 0.711
31 46 63.977
31 16 49.198
78 35 8.163
78 51 96.311
78 83 4.504
78 15 92.825
78 0 34.081
78 25 33.45
78 40 1.149
78 28 91.929
78 6 5.965
78 34 55.066
78 71 13.963
78 57 76.817
78 16 56.872
78 1 35.77
78 54 85.383
78 56 61.547
78 87 10.772
78 21 10.651
78 61 40.663
78 68 49.303
35 45 69.988
35 73 26.947
35 57 15.906
35 72 26.82
35 18 11.629
35 86 29.595
35 34 20.665
35 4 65.693
35 84 77.202
35 40 54.362
35 12 39.802
35 51 16.057
35 62 6.231
35 21 63.637
35 29 49.375
35 46 91.228
35 36 8.117
35 83 22.829
35 15 43.835
1 15 21.164
1 7 11.694
1 57 32.364
1 64 20.95
1 86 17.57
1 36 85.664
1 80 47.211
1 28 5.386
1 0 53.502
1 75 16.013
1 41 87.341
1 51 40.959
1 16 59.516
1 72 47.725
1 32 1.502
1 46 11.175
1 68 72.486
1 6 63.005
17 87 35.46
17 68 31.738
17 57 33.854
17 4 22.395
17 21 97.68
17 32 78.171
17 12 33.763
17 19 46.633
17 73 85.388
17 34 91.455
17 83 58.121
17 29 70.885
17 10 66.889
17 33 34.31
17 45 75.155
17 46 19.946
17 7 32.109
17 80 77.061
17 39 16.684
17 64 49.371
17 0 82.103
66 64 39.913
66 53 55.768
66 55 20.714
66 61 78.967
66 33 87.556
66 7 14.15
66 68 30.049
66 28 18.967
66 80 39.846
66 19 46.167
66 16 61.963
66 12 89.763
66 72 54.591
66 84 7.94
66 76 46.234
66 75 15.422
64 33 46.724
64 61 49.644
64 87 96.142
64 28 15.652
64 10 99.802
64 54 78.966
64 76 56.052
64 21 43.417
64 71 68.686
64 84 11.015
64 73 89.016
64 34 28.131
64 39 86.626
64 68 45.018
64 65 46.183
64 51 76.608
40 34 53.739
40 80 88.161
40 16 20.769
40 73 17.095
40 6 90.399
40 61 9.697
40 71 70.353
40 18 43.435
40 12 63.87
40 54 6.678
40 32 9.88
40 53 26.312
40 46 4.614
40 57 51.325
34 18 27.014
34 80 29.434
34 32 70.279
34 15 84.807
34 16 79.502
34 87 2.907
34 41 44.06
34 57 91.468
34 21 74.953
34 72 91.624
34 73 73.055
34 55 88.874
41 21 51.668
41 68 91.108
41 46 41.359
41 39 12.806
41 33 89.193
41 12 90.587
41 80 90.492
41 57 73.396
41 36 25.399
41 29 3.347
41 54 82.537
41 19 37.193
41 0 46.011
32 15 8.648
32 45 99.776
32 54 81.178
32 46 87.116
32 73 45.064
32 84 44.571
32 39 93.819
32 71 60.847
32 87 92.706
32 86 91.033
32 55 70.541
32 16 27.819
32 56 10.796
32 83 64.435
32 61 35.561
15 4 19.133
15 53 51.991
15 0 67.964
15 75 93.077
15 71 66.529
15 16 15.671
15 28 61.224
15 18 52.025
15 76 12.581
15 7 4.016
15 80 6.118
15 62 49.182
15 19 88.535
15 29 62.75
15 25 76.353
15 68 52.302
15 10 68.678
15 55 57.526
15 36 65.041
18 21 55.867
18 61 11.892
18 29 95.693
18 53 95.937
18 75 97.654
18 62 63.828
18 7 22.547
18 39 22.416
18 6 66.908
18 46 29.695
18 45 61.218
18 80 78.174
18 87 79.371
18 12 72.457
18 36 72.006
18 0 66.647
21 84 87.59
21 45 34.099
21 53 83.474
21 72 57.187
21 10 78.117
21 71 33.072
21 25 82.78
21 7 8.073
21 83 59.568
21 46 2.762
21 80 66.673
21 0 66.258
21 57 40.087
21 56 94.357
21 33 39.015
21 76 37.216
21 65 79.083
21 12 7.474
21 62 1.658
7 55 34.973
7 46 34.279
7 56 77.633
7 75 86.621
7 84 81.26
7 6 16.932
7 87 74.16
7 45 35.706
7 62 52.082
7 71 18.881
7 61 14.037
7 80 98.459
7 73 54.644
7 51 70.282
7 0 96.208
73 83 30.803
73 61 99.121
73 16 92.255
73 62 58.268
73 71 44.14
73 12 22.051
73 68 27.328
73 87 9.738
73 19 33.842
73 29 14.913
73 80 16.209
73 56 56.729
73 86 69.389
73 39 90.567
73 76 82.633
6 10 53.396
6 28 10.225
6 80 16.749
6 25 3.94
6 65 51.341
6 86 32.755
6 68 71.008
6 56 24.399
6 53 93.758
6 0 98.886
6 29 89.197
6 51 57.429
6 72 30.275
6 39 72.015
6 61 87.879
6 19 33.51
6 54 86.054
10 62 63.917
10 72 72.668
10 46 70.166
10 87 65.821
10 75 19.061
10 54 86.221
10 16 87.954
10 0 88.463
10 84 5.858
10 55 61.719
10 76 77.349
75 68 86.129
75 53 51.498
75 46 53.92
75 16 9.785
75 56 46.863
75 80 1.245
75 87 77.134
75 12 48.582
75 71 31.186
75 28 79.703
53 0 24.185
53 55 70.784
53 39 29.543
53 12 61.513
53 33 32.098
53 51 29.986
53 71 94.256
53 80 19.396
53 25 21.983
33 25 43.688
33 28 73.032
33 12 5.753
33 39 55.761
33 62 58.916
33 51 38.212
33 65 75.948
33 19 87.581
54 25 2.199
54 28 35.927
54 56 89.715
54 16 90.419
54 87 53.349
54 61 90.364
54 72 52.127
54 62 6.229
54 86 69.447
61 16 76.957
61 87 65.619
61 86 98.301
61 68 44.658
61 55 35.197
61 56 33.61
61 29 94.482
12 46 63.964
12 45 58.885
12 0 14.665
12 16 20.25
12 29 24.297
12 51 27.6
12 68 43.35
12 55 85.58
45 19 82.222
45 0 48.166
45 56 45.006
45 36 12.849
45 39 43.971
45 87 26.82
45 46 91.994
45 65 30.941
83 76 40.909
83 19 27.155
83 71 95.405
83 4 26.617
83 46 59.257
83 55 28.111
83 56 66.844
83 51 57.041
83 86 54.821
83 25 49.706
83 80 95.688
83 62 8.193
83 68 40.881
65 86 71.458
65 76 29.313
65 28 72.63
65 80 4.387
65 51 26.435
65 57 2.937
65 25 8.794
65 39 78.617
65 68 20.301
25 71 62.189
25 87 4.683
25 51 68.288
25 55 81.884
25 80 78.835
25 46 14.211
25 0 2.264
25 4 51.39
25 57 81.365
25 19 47.951
25 39 35.459
25 84 82.28
80 72 96.408
80 19 48.781
80 39 96.215
80 68 18.262
80 84 40.638
80 28 63.147
80 0 43.764
80 51 71.102
80 71 21.907
72 57 79.265
72 55 23.593
72 36 57.741
72 84 99.833
72 19 80.417
72 51 49.183
4 55 50.295
4 0 22.362
4 39 72.151
4 87 17.68
4 46 24.061
4 36 20.044
4 76 67.249
87 86 8.134
87 84 56.932
87 36 27.843
87 55 73.505
87 56 8.41
87 68 24.395
87 76 9.595
87 62 34.53
39 62 93.807
39 19 68.379
39 86 67.782
39 46 26.645
39 68 29.648
0 84 31.471
0 51 9.732
0 28 88.83
0 76 12.577
0 57 81.378
84 19 39.377
84 76 99.73
84 57 59.205
16 28 74.244
16 51 42.721
16 19 19.366
16 62 80.601
28 62 37.568
28 19 94.088
28 55 14.018
71 68 45.779
71 36 74.567
71 76 65.626
71 86 63.161
71 55 3.466
68 55 58.633
68 46 56.112
68 57 16.344
68 76 35.74
68 29 91.218
19 29 78.926
19 46 63.694
19 76 42.099
19 55 7.344
46 57 24.835
46 51 11.374
46 86 97.277
55 57 52.491
55 51 92.721
55 76 74.232
55 56 72.126
51 57 74.459
51 56 8.895
51 76 35.187
51 29 86.808
51 36 33.188
56 36 47.031
57 86 79.717
57 36 69.929
57 29 50.346
76 86 82.256
76 36 94.183
76 62 14.335
62 86 93.151
86 29 33.385
86 36 76.347
29 36 77.547