100
0 1 93.62
0 2 21.068
0 3 69.038
0 4 47.483
0 5 30.335
0 6 23.597
0 7 31.809
0 8 7.56
0 9 78.973
0 10 10.977
0 11 91.13
0 12 96.601
0 13 6.391
0 14 99.089
0 15 60.741
0 16 55.989
0 17 38.57
0 18 1.078
0 19 84.84
0 20 61.362
0 21 21.788
0 22 68.447
0 23 2.565
0 24 52.1
0 25 16.28
0 26 74.191
0 27 81.864
0 28 10.048
0 29 57.46
0 30 83.529
0 31 62.144
0 32 81.489
0 33 7.113
0 34 98.579
0 35 60.095
0 36 43.815
0 37 55.664
0 38 36.042
0 39 20.235
0 40 69.235
0 41 90.614
0 42 59.248
0 43 4.691
0 44 80.69
0 45 55.595
0 46 12.43
0 47 24.07
0 48 82.33
0 49 61.255
0 50 14.655
0 51 71.593
0 52 2.243
0 53 87.531
0 54 10.892
0 55 72.629
0 56 30.654
0 57 96.846
0 58 27.724
0 59 57.346
0 60 48.168
0 61 74.904
0 62 62.24
0 63 98.838
0 64 23.203
0 65 29.437
0 66 42.864
0 67 28.572
0 68 5.54
0 69 25.36
0 70 80.968
0 71 42.43
0 72 74.683
0 73 28.336
0 74 57.801
0 75 98.784
0 76 77.025
0 77 70.059
0 78 44.168
0 79 91.372
0 80 28.0
0 81 51.725
0 82 52.332
0 83 46.02
0 84 95.202
0 85 38.105
0 86 25.441
0 87 74.782
0 88 99.144
0 89 30.786
0 90 46.345
0 91 83.16
0 92 63.696
0 93 85.924
0 94 48.134
0 95 19.738
0 96 97.027
0 97 25.027
0 98 19.26
0 99 55.909
1 2 25.313
1 3 16.011
1 4 63.568
1 5 18.245
1 6 10.106
1 7 29.54
1 8 41.347
1 9 99.085
1 10 40.604
1 11 62.299
1 12 57.184
1 13 1.485
1 14 51.661
1 15 7.862
1 16 11.617
1 17 87.58
1 18 46.823
1 19 76.958
1 20 43.173
1 21 90.894
1 22 67.958
1 23 35.803
1 24 13.648
1 25 55.863
1 26 88.765
1 27 19.21
1 28 17.098
1 29 63.194
1 30 47.107
1 31 0.474
1 32 8.734
1 33 15.858
1 34 61.523
1 35 20.119
1 36 41.18
1 37 90.577
1 38 23.953
1 39 17.239
1 40 78.23
1 41 3.574
1 42 64.036
1 43 71.691
1 44 80.262
1 45 55.976
1 46 23.96
1 47 48.82
1 48 79.665
1 49 79.301
1 50 6.39
1 51 76.23
1 52 25.439
1 53 32.904
1 54 65.232
1 55 49.181
1 56 92.555
1 57 70.37
1 58 45.494
1 59 56.866
1 60 90.955
1 61 20.418
1 62 54.313
1 63 73.846
1 64 17.815
1 65 16.818
1 66 21.382
1 67 74.916
1 68 28.786
1 69 77.635
1 70 71.938
1 71 30.219
1 72 63.349
1 73 93.807
1 74 72.313
1 75 62.649
1 76 76.316
1 77 20.934
1 78 78.883
1 79 66.638
1 80 26.282
1 81 33.423
1 82 15.506
1 83 35.833
1 84 2.36
1 85 29.426
1 86 74.688
1 87 53.285
1 88 98.756
1 89 51.829
1 90 64.991
1 91 89.716
1 92 64.498
1 93 30.696
1 94 76.673
1 95 57.768
1 96 79.926
1 97 48.072
1 98 55.255
1 99 98.484
2 3 62.718
2 4 67.087
2 5 60.451
2 6 48.185
2 7 65.979
2 8 17.004
2 9 8.582
2 10 94.452
2 11 56.439
2 12 10.074
2 13 89.417
2 14 9.673
2 15 64.352
2 16 66.503
2 17 41.624
2 18 18.545
2 19 53.672
2 20 26.287
2 21 45.56
2 22 17.576
2 23 61.358
2 24 0.588
2 25 93.626
2 26 70.854
2 27 91.813
2 28 41.073
2 29 52.016
2 30 43.397
2 31 37.719
2 32 73.856
2 33 34.225
2 34 77.776
2 35 45.061
2 36 70.235
2 37 83.469
2 38 27.036
2 39 75.985
2 40 1.556
2 41 82.019
2 42 74.025
2 43 64.802
2 44 8.53
2 45 99.236
2 46 53.648
2 47 68.059
2 48 90.49
2 49 0.314
2 50 91.632
2 51 60.844
2 52 68.672
2 53 91.377
2 54 63.739
2 55 43.529
2 56 43.836
2 57 70.135
2 58 72.337
2 59 92.904
2 60 24.709
2 61 1.942
2 62 69.057
2 63 97.964
2 64 58.051
2 65 13.485
2 66 30.579
2 67 36.206
2 68 72.934
2 69 56.577
2 70 75.044
2 71 8.565
2 72 21.086
2 73 5.661
2 74 57.1
2 75 95.571
2 76 67.882
2 77 53.849
2 78 55.19
2 79 12.09
2 80 68.696
2 81 71.134
2 82 52.95
2 83 22.014
2 84 70.418
2 85 13.648
2 86 60.628
2 87 40.575
2 88 33.733
2 89 74.503
2 90 72.277
2 91 28.064
2 92 58.317
2 93 36.594
2 94 79.927
2 95 69.877
2 96 24.712
2 97 92.822
2 98 30.392
2 99 87.297
3 4 36.712
3 5 73.18
3 6 40.734
3 7 15.984
3 8 28.729
3 9 81.527
3 10 84.736
3 11 79.471
3 12 48.484
3 13 35.08
3 14 16.167
3 15 56.302
3 16 61.237
3 17 40.028
3 18 44.62
3 19 1.919
3 20 67.122
3 21 22.87
3 22 35.05
3 23 51.784
3 24 49.058
3 25 95.732
3 26 28.116
3 27 31.176
3 28 53.287
3 29 66.526
3 30 21.083
3 31 68.846
3 32 43.669
3 33 51.698
3 34 42.015
3 35 85.506
3 36 24.02
3 37 24.872
3 38 11.578
3 39 29.454
3 40 85.335
3 41 98.543
3 42 61.124
3 43 31.586
3 44 13.585
3 45 1.953
3 46 97.712
3 47 65.995
3 48 97.789
3 49 50.456
3 50 54.251
3 51 40.516
3 52 81.934
3 53 23.02
3 54 79.353
3 55 40.625
3 56 61.975
3 57 51.144
3 58 60.476
3 59 68.274
3 60 62.929
3 61 21.067
3 62 1.102
3 63 22.714
3 64 66.186
3 65 17.728
3 66 91.954
3 67 47.577
3 68 13.788
3 69 19.591
3 70 84.539
3 71 99.999
3 72 10.924
3 73 79.729
3 74 59.94
3 75 96.877
3 76 73.298
3 77 2.581
3 78 22.152
3 79 0.153
3 80 40.748
3 81 36.585
3 82 64.805
3 83 82.06
3 84 58.017
3 85 67.321
3 86 31.345
3 87 58.264
3 88 21.159
3 89 21.324
3 90 8.302
3 91 25.29
3 92 98.193
3 93 38.436
3 94 63.025
3 95 76.091
3 96 52.646
3 97 23.138
3 98 54.308
3 99 22.095
4 5 36.633
4 6 60.329
4 7 7.263
4 8 66.577
4 9 65.155
4 10 34.173
4 11 14.939
4 12 93.679
4 13 34.869
4 14 18.738
4 15 25.123
4 16 26.318
4 17 10.358
4 18 53.268
4 19 95.987
4 20 1.514
4 21 45.204
4 22 79.497
4 23 81.254
4 24 99.217
4 25 81.442
4 26 56.512
4 27 63.825
4 28 0.779
4 29 24.53
4 30 91.533
4 31 18.613
4 32 36.834
4 33 46.999
4 34 42.353
4 35 80.201
4 36 83.531
4 37 20.003
4 38 6.998
4 39 22.787
4 40 60.4
4 41 43.973
4 42 51.233
4 43 9.535
4 44 38.443
4 45 6.605
4 46 97.533
4 47 70.901
4 48 63.984
4 49 26.621
4 50 24.935
4 51 52.018
4 52 94.106
4 53 14.901
4 54 50.028
4 55 6.398
4 56 51.596
4 57 4.311
4 58 44.748
4 59 69.49
4 60 97.971
4 61 22.468
4 62 21.111
4 63 32.289
4 64 82.785
4 65 83.264
4 66 50.113
4 67 10.583
4 68 68.193
4 69 78.944
4 70 72.883
4 71 6.312
4 72 92.464
4 73 34.023
4 74 34.9
4 75 67.937
4 76 10.007
4 77 39.531
4 78 36.467
4 79 91.823
4 80 71.5
4 81 91.385
4 82 4.562
4 83 12.815
4 84 39.43
4 85 12.62
4 86 79.02
4 87 79.311
4 88 43.439
4 89 11.049
4 90 22.628
4 91 35.472
4 92 81.335
4 93 41.872
4 94 94.891
4 95 1.373
4 96 76.975
4 97 4.248
4 98 10.783
4 99 36.571
5 6 35.814
5 7 67.931
5 8 21.447
5 9 24.025
5 10 10.806
5 11 30.843
5 12 71.93
5 13 81.874
5 14 74.028
5 15 69.459
5 16 28.814
5 17 45.584
5 18 36.365
5 19 19.314
5 20 79.295
5 21 36.211
5 22 59.534
5 23 46.885
5 24 85.139
5 25 82.683
5 26 34.696
5 27 34.482
5 28 93.201
5 29 53.344
5 30 61.796
5 31 87.605
5 32 93.809
5 33 95.054
5 34 61.935
5 35 14.038
5 36 34.646
5 37 59.175
5 38 73.186
5 39 13.259
5 40 99.991
5 41 46.547
5 42 38.379
5 43 71.982
5 44 5.648
5 45 76.827
5 46 73.887
5 47 38.962
5 48 33.858
5 49 37.926
5 50 18.935
5 51 49.326
5 52 84.132
5 53 80.762
5 54 18.994
5 55 49.921
5 56 92.989
5 57 74.948
5 58 23.765
5 59 27.367
5 60 55.529
5 61 57.505
5 62 27.537
5 63 48.445
5 64 75.765
5 65 71.947
5 66 52.055
5 67 14.766
5 68 51.834
5 69 46.002
5 70 66.222
5 71 67.168
5 72 99.335
5 73 27.079
5 74 81.567
5 75 31.258
5 76 99.695
5 77 36.954
5 78 61.217
5 79 85.166
5 80 90.726
5 81 3.772
5 82 24.053
5 83 34.005
5 84 87.018
5 85 25.016
5 86 71.225
5 87 81.956
5 88 54.762
5 89 92.437
5 90 39.937
5 91 61.476
5 92 31.207
5 93 60.443
5 94 86.92
5 95 6.516
5 96 30.552
5 97 80.341
5 98 0.773
5 99 10.374
6 7 77.837
6 8 26.102
6 9 1.477
6 10 32.766
6 11 25.745
6 12 67.638
6 13 4.534
6 14 75.796
6 15 24.756
6 16 21.456
6 17 46.721
6 18 66.059
6 19 33.396
6 20 73.886
6 21 97.745
6 22 82.34
6 23 21.01
6 24 40.656
6 25 11.037
6 26 13.24
6 27 13.383
6 28 59.742
6 29 41.705
6 30 13.33
6 31 61.575
6 32 11.313
6 33 97.614
6 34 9.64
6 35 41.283
6 36 55.67
6 37 38.6
6 38 43.49
6 39 69.061
6 40 71.411
6 41 68.086
6 42 3.349
6 43 31.34
6 44 64.202
6 45 88.963
6 46 92.738
6 47 49.23
6 48 52.885
6 49 15.197
6 50 20.807
6 51 42.379
6 52 52.759
6 53 98.719
6 54 19.522
6 55 86.061
6 56 33.647
6 57 83.887
6 58 1.622
6 59 34.485
6 60 36.683
6 61 1.089
6 62 59.855
6 63 18.763
6 64 41.85
6 65 91.754
6 66 43.154
6 67 63.76
6 68 32.257
6 69 0.719
6 70 46.685
6 71 89.329
6 72 18.098
6 73 66.147
6 74 59.448
6 75 80.197
6 76 29.584
6 77 55.918
6 78 18.596
6 79 28.301
6 80 72.655
6 81 11.302
6 82 42.234
6 83 84.637
6 84 61.246
6 85 76.431
6 86 83.561
6 87 32.132
6 88 30.17
6 89 69.226
6 90 86.383
6 91 96.43
6 92 60.984
6 93 3.854
6 94 69.775
6 95 19.41
6 96 4.214
6 97 62.606
6 98 29.284
6 99 22.257
7 8 6.264
7 9 42.269
7 10 78.59
7 11 83.248
7 12 63.784
7 13 29.654
7 14 98.621
7 15 49.085
7 16 12.913
7 17 24.412
7 18 99.485
7 19 21.774
7 20 97.682
7 21 0.897
7 22 13.506
7 23 40.129
7 24 0.81
7 25 54.21
7 26 72.399
7 27 74.84
7 28 20.079
7 29 48.893
7 30 47.054
7 31 70.384
7 32 81.583
7 33 62.635
7 34 29.076
7 35 19.051
7 36 79.946
7 37 31.69
7 38 93.716
7 39 26.839
7 40 50.229
7 41 61.772
7 42 60.958
7 43 14.049
7 44 85.625
7 45 77.91
7 46 8.882
7 47 66.548
7 48 35.537
7 49 1.107
7 50 72.22
7 51 13.162
7 52 14.947
7 53 99.186
7 54 7.179
7 55 59.718
7 56 77.453
7 57 77.327
7 58 89.541
7 59 37.388
7 60 84.538
7 61 40.479
7 62 10.3
7 63 81.403
7 64 47.884
7 65 13.624
7 66 15.621
7 67 82.383
7 68 36.891
7 69 20.152
7 70 98.377
7 71 59.425
7 72 66.14
7 73 74.907
7 74 97.958
7 75 35.272
7 76 91.451
7 77 78.121
7 78 15.125
7 79 1.844
7 80 15.323
7 81 75.38
7 82 47.755
7 83 38.567
7 84 38.344
7 85 39.711
7 86 62.181
7 87 67.135
7 88 7.019
7 89 21.546
7 90 87.902
7 91 46.845
7 92 13.45
7 93 79.871
7 94 44.606
7 95 38.279
7 96 51.835
7 97 1.36
7 98 52.938
7 99 20.697
8 9 50.017
8 10 18.768
8 11 7.721
8 12 6.696
8 13 7.661
8 14 99.958
8 15 99.682
8 16 51.991
8 17 80.564
8 18 9.952
8 19 22.016
8 20 73.363
8 21 87.753
8 22 72.279
8 23 3.463
8 24 77.127
8 25 33.878
8 26 46.33
8 27 5.014
8 28 77.774
8 29 0.327
8 30 5.073
8 31 73.467
8 32 48.951
8 33 36.8
8 34 24.695
8 35 70.471
8 36 60.827
8 37 44.114
8 38 71.327
8 39 29.402
8 40 8.519
8 41 78.488
8 42 19.887
8 43 23.895
8 44 65.172
8 45 39.886
8 46 77.899
8 47 96.375
8 48 6.977
8 49 81.572
8 50 9.534
8 51 98.194
8 52 80.819
8 53 39.188
8 54 21.396
8 55 95.645
8 56 13.969
8 57 96.17
8 58 66.438
8 59 40.192
8 60 90.381
8 61 92.194
8 62 24.518
8 63 57.166
8 64 65.583
8 65 97.677
8 66 57.517
8 67 0.409
8 68 82.753
8 69 61.064
8 70 99.63
8 71 99.264
8 72 63.514
8 73 84.768
8 74 98.053
8 75 90.052
8 76 7.931
8 77 59.196
8 78 66.153
8 79 68.304
8 80 40.812
8 81 85.274
8 82 20.754
8 83 14.103
8 84 82.81
8 85 63.525
8 86 88.738
8 87 66.439
8 88 64.511
8 89 13.158
8 90 4.336
8 91 77.277
8 92 34.539
8 93 37.075
8 94 53.566
8 95 73.038
8 96 81.671
8 97 5.577
8 98 3.941
8 99 78.609
9 10 97.893
9 11 74.621
9 12 19.927
9 13 22.816
9 14 26.961
9 15 27.233
9 16 2.788
9 17 68.565
9 18 48.556
9 19 7.576
9 20 74.428
9 21 34.445
9 22 27.063
9 23 48.552
9 24 63.328
9 25 6.932
9 26 9.492
9 27 55.193
9 28 38.38
9 29 88.287
9 30 56.28
9 31 68.811
9 32 81.933
9 33 53.395
9 34 6.918
9 35 12.961
9 36 51.778
9 37 65.256
9 38 15.643
9 39 20.326
9 40 97.965
9 41 88.403
9 42 6.8
9 43 21.931
9 44 31.991
9 45 93.777
9 46 3.663
9 47 11.888
9 48 42.425
9 49 77.845
9 50 35.02
9 51 49.358
9 52 12.772
9 53 65.64
9 54 74.455
9 55 17.98
9 56 22.864
9 57 38.933
9 58 98.369
9 59 64.261
9 60 15.057
9 61 73.817
9 62 69.234
9 63 20.607
9 64 45.88
9 65 92.443
9 66 77.594
9 67 83.135
9 68 95.182
9 69 96.922
9 70 37.329
9 71 71.191
9 72 42.272
9 73 20.507
9 74 36.331
9 75 14.655
9 76 24.977
9 77 71.839
9 78 86.64
9 79 30.524
9 80 6.185
9 81 65.205
9 82 58.845
9 83 77.548
9 84 14.236
9 85 34.002
9 86 58.009
9 87 89.193
9 88 58.401
9 89 30.991
9 90 80.944
9 91 54.164
9 92 49.162
9 93 79.744
9 94 43.682
9 95 30.974
9 96 57.908
9 97 91.1
9 98 10.793
9 99 20.376
10 11 12.319
10 12 22.757
10 13 61.682
10 14 30.632
10 15 79.178
10 16 15.317
10 17 56.919
10 18 59.501
10 19 96.046
10 20 54.017
10 21 75.507
10 22 38.888
10 23 89.459
10 24 75.502
10 25 67.839
10 26 73.467
10 27 73.793
10 28 13.274
10 29 3.755
10 30 29.909
10 31 30.347
10 32 54.674
10 33 87.719
10 34 22.882
10 35 35.121
10 36 49.189
10 37 77.731
10 38 59.054
10 39 12.854
10 40 10.379
10 41 84.191
10 42 80.343
10 43 9.505
10 44 21.767
10 45 2.608
10 46 63.364
10 47 75.762
10 48 13.063
10 49 2.941
10 50 96.528
10 51 17.302
10 52 81.014
10 53 56.161
10 54 33.16
10 55 11.639
10 56 47.436
10 57 81.059
10 58 81.516
10 59 93.079
10 60 27.604
10 61 91.259
10 62 19.962
10 63 56.294
10 64 35.637
10 65 88.94
10 66 13.742
10 67 36.383
10 68 8.697
10 69 94.359
10 70 58.626
10 71 10.27
10 72 47.652
10 73 31.307
10 74 80.481
10 75 55.066
10 76 48.084
10 77 38.718
10 78 31.719
10 79 62.812
10 80 54.179
10 81 7.197
10 82 89.449
10 83 77.913
10 84 26.177
10 85 80.813
10 86 58.357
10 87 81.863
10 88 12.318
10 89 68.361
10 90 8.904
10 91 25.816
10 92 93.089
10 93 6.841
10 94 1.043
10 95 15.058
10 96 64.637
10 97 28.529
10 98 29.872
10 99 82.466
11 12 66.86
11 13 66.539
11 14 24.003
11 15 74.052
11 16 3.483
11 17 36.806
11 18 75.264
11 19 57.417
11 20 53.858
11 21 36.632
11 22 58.281
11 23 19.68
11 24 73.817
11 25 91.048
11 26 37.587
11 27 26.317
11 28 42.492
11 29 92.91
11 30 1.818
11 31 75.208
11 32 4.139
11 33 43.355
11 34 22.551
11 35 72.544
11 36 45.587
11 37 81.797
11 38 37.453
11 39 29.842
11 40 57.927
11 41 11.243
11 42 74.746
11 43 20.307
11 44 19.389
11 45 37.498
11 46 96.817
11 47 32.129
11 48 87.743
11 49 11.667
11 50 45.658
11 51 90.644
11 52 75.225
11 53 84.31
11 54 43.499
11 55 16.335
11 56 92.46
11 57 46.667
11 58 1.491
11 59 86.649
11 60 63.491
11 61 97.735
11 62 4.831
11 63 27.542
11 64 2.153
11 65 19.498
11 66 69.021
11 67 0.108
11 68 73.352
11 69 16.673
11 70 39.518
11 71 9.902
11 72 78.352
11 73 88.117
11 74 12.197
11 75 60.305
11 76 40.303
11 77 57.452
11 78 71.646
11 79 11.828
11 80 1.288
11 81 25.645
11 82 32.89
11 83 60.834
11 84 69.46
11 85 16.402
11 86 6.89
11 87 0.77
11 88 37.959
11 89 18.137
11 90 77.473
11 91 86.074
11 92 97.234
11 93 90.692
11 94 9.31
11 95 58.218
11 96 34.557
11 97 66.002
11 98 41.45
11 99 46.467
12 13 51.643
12 14 26.277
12 15 56.206
12 16 35.144
12 17 62.707
12 18 4.019
12 19 80.683
12 20 18.345
12 21 85.313
12 22 43.259
12 23 64.08
12 24 92.54
12 25 63.248
12 26 52.82
12 27 7.612
12 28 42.17
12 29 72.556
12 30 38.324
12 31 12.178
12 32 44.129
12 33 38.779
12 34 37.655
12 35 22.66
12 36 53.363
12 37 43.027
12 38 7.228
12 39 39.091
12 40 1.492
12 41 3.682
12 42 55.754
12 43 82.803
12 44 30.343
12 45 16.491
12 46 46.954
12 47 22.697
12 48 46.577
12 49 15.313
12 50 62.186
12 51 53.565
12 52 19.646
12 53 9.951
12 54 41.185
12 55 17.953
12 56 19.308
12 57 89.557
12 58 32.537
12 59 63.46
12 60 54.64
12 61 83.632
12 62 9.624
12 63 65.0
12 64 38.594
12 65 83.952
12 66 32.905
12 67 62.671
12 68 88.515
12 69 14.917
12 70 61.117
12 71 16.627
12 72 88.129
12 73 6.471
12 74 0.395
12 75 10.132
12 76 66.585
12 77 57.158
12 78 58.173
12 79 35.675
12 80 55.63
12 81 99.006
12 82 71.756
12 83 35.683
12 84 34.289
12 85 95.867
12 86 22.453
12 87 59.304
12 88 58.043
12 89 39.685
12 90 36.166
12 91 98.231
12 92 63.383
12 93 7.782
12 94 99.63
12 95 27.397
12 96 60.13
12 97 17.122
12 98 33.988
12 99 33.001
13 14 9.982
13 15 83.868
13 16 21.249
13 17 77.698
13 18 42.43
13 19 52.42
13 20 32.745
13 21 9.613
13 22 12.978
13 23 91.394
13 24 5.926
13 25 62.876
13 26 62.936
13 27 29.951
13 28 89.046
13 29 57.576
13 30 14.205
13 31 71.247
13 32 0.653
13 33 29.572
13 34 80.652
13 35 54.752
13 36 60.015
13 37 36.034
13 38 99.04
13 39 78.635
13 40 15.997
13 41 87.084
13 42 11.655
13 43 11.632
13 44 91.198
13 45 71.027
13 46 52.772
13 47 48.647
13 48 17.451
13 49 65.003
13 50 8.133
13 51 50.881
13 52 93.869
13 53 42.471
13 54 21.054
13 55 51.404
13 56 34.419
13 57 21.666
13 58 7.369
13 59 25.598
13 60 16.871
13 61 58.402
13 62 2.23
13 63 19.831
13 64 69.824
13 65 99.06
13 66 88.689
13 67 44.663
13 68 72.947
13 69 5.157
13 70 18.744
13 71 5.249
13 72 50.582
13 73 44.736
13 74 49.76
13 75 7.47
13 76 26.743
13 77 97.544
13 78 22.534
13 79 46.849
13 80 40.951
13 81 34.677
13 82 1.19
13 83 59.291
13 84 6.353
13 85 5.507
13 86 3.938
13 87 36.86
13 88 79.146
13 89 20.937
13 90 49.222
13 91 32.601
13 92 47.913
13 93 61.673
13 94 15.229
13 95 93.533
13 96 43.241
13 97 31.153
13 98 69.018
13 99 77.576
14 15 34.534
14 16 65.002
14 17 70.016
14 18 77.704
14 19 59.635
14 20 47.039
14 21 92.132
14 22 16.016
14 23 66.282
14 24 9.543
14 25 62.464
14 26 63.549
14 27 63.579
14 28 66.975
14 29 89.785
14 30 27.084
14 31 87.702
14 32 46.588
14 33 45.294
14 34 49.478
14 35 2.603
14 36 95.438
14 37 70.23
14 38 13.242
14 39 14.552
14 40 48.942
14 41 23.379
14 42 38.385
14 43 14.619
14 44 79.308
14 45 9.535
14 46 88.319
14 47 93.905
14 48 75.862
14 49 35.3
14 50 80.785
14 51 61.879
14 52 30.565
14 53 8.185
14 54 7.16
14 55 59.897
14 56 31.06
14 57 4.595
14 58 79.97
14 59 29.143
14 60 93.793
14 61 71.422
14 62 32.696
14 63 98.296
14 64 7.485
14 65 46.19
14 66 55.807
14 67 92.802
14 68 44.451
14 69 94.073
14 70 96.686
14 71 74.05
14 72 80.244
14 73 50.57
14 74 37.231
14 75 88.751
14 76 64.446
14 77 84.558
14 78 14.171
14 79 68.71
14 80 85.772
14 81 78.976
14 82 12.78
14 83 68.349
14 84 9.14
14 85 62.164
14 86 13.614
14 87 37.037
14 88 10.409
14 89 1.756
14 90 38.359
14 91 59.715
14 92 10.322
14 93 10.666
14 94 32.503
14 95 69.572
14 96 12.005
14 97 91.972
14 98 58.2
14 99 11.562
15 16 81.777
15 17 39.044
15 18 67.243
15 19 57.437
15 20 89.297
15 21 65.026
15 22 18.471
15 23 60.256
15 24 59.639
15 25 31.701
15 26 88.28
15 27 96.957
15 28 30.677
15 29 97.679
15 30 15.497
15 31 41.616
15 32 26.052
15 33 0.735
15 34 14.075
15 35 12.594
15 36 31.729
15 37 43.437
15 38 68.365
15 39 35.346
15 40 1.573
15 41 57.24
15 42 10.053
15 43 53.271
15 44 18.558
15 45 93.817
15 46 76.704
15 47 71.981
15 48 77.369
15 49 16.34
15 50 78.359
15 51 7.46
15 52 56.848
15 53 91.6
15 54 98.929
15 55 97.593
15 56 7.47
15 57 73.491
15 58 90.933
15 59 33.263
15 60 17.237
15 61 59.348
15 62 42.417
15 63 59.187
15 64 29.048
15 65 35.21
15 66 37.461
15 67 9.92
15 68 9.331
15 69 67.295
15 70 72.087
15 71 18.966
15 72 52.023
15 73 23.866
15 74 73.255
15 75 81.977
15 76 22.424
15 77 85.466
15 78 85.728
15 79 62.408
15 80 69.373
15 81 27.347
15 82 1.702
15 83 36.534
15 84 28.597
15 85 53.661
15 86 59.199
15 87 96.599
15 88 56.505
15 89 70.244
15 90 28.854
15 91 4.296
15 92 69.229
15 93 87.0
15 94 83.175
15 95 47.411
15 96 40.671
15 97 55.558
15 98 81.793
15 99 50.984
16 17 91.707
16 18 65.669
16 19 33.191
16 20 36.475
16 21 28.49
16 22 41.231
16 23 55.871
16 24 76.909
16 25 41.117
16 26 98.495
16 27 12.14
16 28 83.947
16 29 57.032
16 30 79.174
16 31 74.428
16 32 52.998
16 33 24.892
16 34 39.788
16 35 37.448
16 36 86.359
16 37 21.668
16 38 65.736
16 39 61.305
16 40 57.836
16 41 2.224
16 42 63.131
16 43 83.746
16 44 43.274
16 45 98.697
16 46 31.205
16 47 73.215
16 48 83.6
16 49 87.616
16 50 92.183
16 51 31.667
16 52 51.156
16 53 54.559
16 54 16.602
16 55 10.817
16 56 54.959
16 57 50.164
16 58 80.676
16 59 72.237
16 60 85.407
16 61 51.414
16 62 61.491
16 63 59.1
16 64 1.584
16 65 20.842
16 66 33.712
16 67 82.066
16 68 70.947
16 69 13.109
16 70 22.019
16 71 94.826
16 72 82.516
16 73 4.109
16 74 73.089
16 75 34.419
16 76 58.625
16 77 36.217
16 78 85.061
16 79 23.134
16 80 30.841
16 81 69.276
16 82 28.243
16 83 91.345
16 84 35.732
16 85 71.112
16 86 19.03
16 87 13.342
16 88 28.896
16 89 19.047
16 90 57.004
16 91 73.76
16 92 3.431
16 93 21.694
16 94 34.197
16 95 37.572
16 96 16.786
16 97 17.488
16 98 1.116
16 99 8.219
17 18 57.651
17 19 19.003
17 20 44.671
17 21 44.504
17 22 8.776
17 23 65.959
17 24 26.123
17 25 94.646
17 26 0.063
17 27 2.552
17 28 24.224
17 29 56.727
17 30 51.419
17 31 50.313
17 32 15.328
17 33 25.177
17 34 8.392
17 35 59.767
17 36 73.603
17 37 97.117
17 38 92.961
17 39 64.448
17 40 21.153
17 41 87.457
17 42 82.391
17 43 62.178
17 44 7.845
17 45 86.751
17 46 85.338
17 47 42.128
17 48 43.73
17 49 16.787
17 50 82.735
17 51 17.799
17 52 77.519
17 53 69.055
17 54 44.587
17 55 68.707
17 56 7.129
17 57 39.334
17 58 97.355
17 59 22.572
17 60 29.464
17 61 33.348
17 62 67.188
17 63 74.87
17 64 93.194
17 65 5.655
17 66 64.689
17 67 89.178
17 68 69.96
17 69 80.897
17 70 25.321
17 71 1.992
17 72 73.236
17 73 71.824
17 74 1.793
17 75 76.42
17 76 63.834
17 77 15.54
17 78 60.732
17 79 54.139
17 80 49.032
17 81 69.309
17 82 11.594
17 83 82.909
17 84 0.366
17 85 99.662
17 86 71.088
17 87 52.382
17 88 37.312
17 89 32.117
17 90 95.03
17 91 41.663
17 92 99.412
17 93 41.454
17 94 25.945
17 95 46.454
17 96 82.884
17 97 69.547
17 98 89.487
17 99 75.206
18 19 99.399
18 20 54.181
18 21 98.776
18 22 24.412
18 23 32.936
18 24 75.372
18 25 26.363
18 26 22.381
18 27 69.703
18 28 36.432
18 29 83.645
18 30 64.173
18 31 4.863
18 32 18.937
18 33 50.561
18 34 33.274
18 35 74.671
18 36 37.36
18 37 36.198
18 38 90.02
18 39 48.925
18 40 98.268
18 41 69.869
18 42 36.187
18 43 85.474
18 44 8.954
18 45 22.841
18 46 39.824
18 47 74.547
18 48 27.313
18 49 56.588
18 50 59.952
18 51 58.102
18 52 92.127
18 53 70.906
18 54 58.848
18 55 63.502
18 56 38.714
18 57 58.342
18 58 48.521
18 59 91.413
18 60 83.255
18 61 64.064
18 62 35.048
18 63 24.942
18 64 51.081
18 65 16.093
18 66 88.675
18 67 65.812
18 68 87.578
18 69 75.377
18 70 95.771
18 71 2.046
18 72 38.686
18 73 40.725
18 74 2.252
18 75 74.991
18 76 85.144
18 77 79.164
18 78 29.163
18 79 90.119
18 80 72.994
18 81 74.11
18 82 56.136
18 83 48.912
18 84 61.549
18 85 53.707
18 86 97.835
18 87 88.856
18 88 10.447
18 89 68.502
18 90 94.434
18 91 69.959
18 92 18.944
18 93 49.021
18 94 54.175
18 95 24.939
18 96 42.887
18 97 71.701
18 98 67.261
18 99 93.482
19 20 42.639
19 21 65.77
19 22 31.88
19 23 12.307
19 24 48.558
19 25 81.196
19 26 26.654
19 27 77.493
19 28 83.213
19 29 75.806
19 30 94.275
19 31 21.257
19 32 27.173
19 33 65.623
19 34 56.051
19 35 63.518
19 36 84.13
19 37 63.325
19 38 15.955
19 39 27.577
19 40 52.435
19 41 99.64
19 42 54.155
19 43 80.169
19 44 14.916
19 45 91.215
19 46 14.093
19 47 48.745
19 48 62.869
19 49 43.991
19 50 9.154
19 51 6.423
19 52 24.546
19 53 21.673
19 54 27.325
19 55 82.869
19 56 70.094
19 57 12.464
19 58 38.597
19 59 76.451
19 60 13.572
19 61 80.995
19 62 34.46
19 63 31.94
19 64 40.976
19 65 72.785
19 66 65.295
19 67 43.368
19 68 71.493
19 69 30.074
19 70 36.063
19 71 52.278
19 72 69.129
19 73 76.631
19 74 69.028
19 75 17.827
19 76 18.292
19 77 45.736
19 78 87.807
19 79 29.154
19 80 66.385
19 81 1.328
19 82 94.578
19 83 43.908
19 84 82.565
19 85 10.429
19 86 57.609
19 87 70.586
19 88 85.587
19 89 69.577
19 90 11.376
19 91 47.073
19 92 87.864
19 93 9.716
19 94 88.253
19 95 41.812
19 96 47.137
19 97 16.177
19 98 27.981
19 99 83.127
20 21 69.752
20 22 8.17
20 23 61.834
20 24 79.533
20 25 3.752
20 26 26.234
20 27 46.221
20 28 76.005
20 29 69.343
20 30 43.342
20 31 95.908
20 32 95.535
20 33 4.771
20 34 34.833
20 35 1.054
20 36 13.141
20 37 3.163
20 38 51.528
20 39 83.419
20 40 46.923
20 41 21.292
20 42 74.966
20 43 99.039
20 44 46.957
20 45 77.146
20 46 47.727
20 47 99.518
20 48 57.969
20 49 18.914
20 50 38.262
20 51 44.64
20 52 36.819
20 53 79.165
20 54 62.871
20 55 15.146
20 56 77.641
20 57 44.012
20 58 28.472
20 59 23.136
20 60 95.286
20 61 56.177
20 62 88.677
20 63 69.165
20 64 30.739
20 65 48.168
20 66 65.098
20 67 69.734
20 68 12.86
20 69 30.621
20 70 88.175
20 71 78.714
20 72 14.02
20 73 91.422
20 74 99.07
20 75 12.861
20 76 89.344
20 77 90.032
20 78 49.619
20 79 60.657
20 80 6.72
20 81 89.085
20 82 86.459
20 83 8.225
20 84 22.405
20 85 24.634
20 86 80.551
20 87 92.938
20 88 5.938
20 89 21.38
20 90 6.859
20 91 9.173
20 92 34.727
20 93 72.541
20 94 20.322
20 95 18.428
20 96 96.394
20 97 22.58
20 98 64.108
20 99 66.241
21 22 19.817
21 23 88.132
21 24 45.931
21 25 40.097
21 26 50.723
21 27 55.487
21 28 38.783
21 29 22.595
21 30 94.827
21 31 61.07
21 32 95.41
21 33 13.865
21 34 42.779
21 35 15.837
21 36 31.887
21 37 23.218
21 38 27.726
21 39 9.421
21 40 18.731
21 41 52.596
21 42 51.772
21 43 48.713
21 44 32.212
21 45 50.002
21 46 21.627
21 47 66.218
21 48 47.235
21 49 47.891
21 50 48.493
21 51 21.378
21 52 18.052
21 53 68.684
21 54 88.296
21 55 89.22
21 56 71.958
21 57 82.431
21 58 38.797
21 59 41.661
21 60 82.564
21 61 13.776
21 62 50.366
21 63 73.902
21 64 48.437
21 65 84.082
21 66 86.841
21 67 37.565
21 68 75.724
21 69 14.082
21 70 32.915
21 71 25.165
21 72 22.679
21 73 48.299
21 74 1.484
21 75 43.636
21 76 76.7
21 77 20.66
21 78 20.002
21 79 20.84
21 80 52.692
21 81 43.703
21 82 14.722
21 83 87.461
21 84 50.447
21 85 34.913
21 86 21.949
21 87 39.585
21 88 70.141
21 89 40.92
21 90 3.249
21 91 4.326
21 92 81.151
21 93 8.66
21 94 81.841
21 95 99.91
21 96 38.588
21 97 56.013
21 98 91.065
21 99 99.604
22 23 24.861
22 24 54.323
22 25 26.833
22 26 25.149
22 27 48.291
22 28 84.068
22 29 29.646
22 30 99.529
22 31 48.231
22 32 57.811
22 33 56.429
22 34 59.864
22 35 35.414
22 36 35.382
22 37 71.097
22 38 26.833
22 39 4.322
22 40 33.269
22 41 74.761
22 42 11.856
22 43 10.188
22 44 25.165
22 45 43.111
22 46 63.431
22 47 18.498
22 48 58.0
22 49 37.096
22 50 28.207
22 51 65.44
22 52 31.87
22 53 96.674
22 54 4.989
22 55 3.911
22 56 9.617
22 57 7.326
22 58 28.635
22 59 11.807
22 60 54.56
22 61 15.884
22 62 69.333
22 63 8.853
22 64 52.579
22 65 72.997
22 66 80.322
22 67 92.158
22 68 42.597
22 69 12.017
22 70 94.66
22 71 64.167
22 72 63.766
22 73 22.343
22 74 40.406
22 75 71.613
22 76 45.304
22 77 97.908
22 78 63.631
22 79 51.309
22 80 78.404
22 81 89.968
22 82 72.609
22 83 55.769
22 84 90.655
22 85 84.69
22 86 84.652
22 87 29.581
22 88 75.907
22 89 13.236
22 90 90.71
22 91 68.693
22 92 16.906
22 93 90.142
22 94 49.682
22 95 63.18
22 96 55.658
22 97 8.781
22 98 50.127
22 99 47.22
23 24 11.718
23 25 71.572
23 26 40.397
23 27 77.645
23 28 43.973
23 29 34.241
23 30 60.452
23 31 76.128
23 32 21.024
23 33 11.552
23 34 60.306
23 35 3.604
23 36 55.719
23 37 5.368
23 38 15.176
23 39 72.03
23 40 81.34
23 41 3.606
23 42 74.012
23 43 16.767
23 44 56.62
23 45 37.131
23 46 32.99
23 47 45.398
23 48 95.972
23 49 24.599
23 50 53.332
23 51 90.714
23 52 30.899
23 53 35.73
23 54 3.775
23 55 72.751
23 56 43.89
23 57 20.431
23 58 57.665
23 59 14.083
23 60 92.784
23 61 24.219
23 62 48.465
23 63 65.738
23 64 97.407
23 65 31.162
23 66 99.779
23 67 63.721
23 68 81.462
23 69 35.597
23 70 34.462
23 71 56.448
23 72 96.034
23 73 30.081
23 74 32.569
23 75 47.819
23 76 24.022
23 77 26.574
23 78 28.847
23 79 55.042
23 80 95.188
23 81 12.829
23 82 65.175
23 83 25.935
23 84 12.352
23 85 93.323
23 86 38.05
23 87 10.919
23 88 26.662
23 89 68.998
23 90 15.717
23 91 96.63
23 92 15.03
23 93 87.822
23 94 99.582
23 95 28.384
23 96 16.585
23 97 48.559
23 98 55.489
23 99 23.577
24 25 18.713
24 26 61.94
24 27 49.951
24 28 43.373
24 29 56.425
24 30 20.567
24 31 9.726
24 32 83.759
24 33 64.178
24 34 84.983
24 35 66.484
24 36 37.365
24 37 76.029
24 38 49.689
24 39 25.03
24 40 26.954
24 41 1.524
24 42 74.903
24 43 32.025
24 44 21.274
24 45 19.694
24 46 57.118
24 47 1.317
24 48 23.219
24 49 70.074
24 50 40.84
24 51 42.077
24 52 19.442
24 53 69.144
24 54 57.843
24 55 41.874
24 56 40.915
24 57 60.265
24 58 47.679
24 59 34.922
24 60 60.424
24 61 36.221
24 62 33.169
24 63 23.445
24 64 44.644
24 65 11.129
24 66 35.317
24 67 2.227
24 68 69.345
24 69 35.7
24 70 2.7
24 71 23.545
24 72 49.478
24 73 67.318
24 74 98.733
24 75 3.93
24 76 65.623
24 77 91.364
24 78 92.117
24 79 39.037
24 80 39.506
24 81 41.624
24 82 41.254
24 83 38.335
24 84 66.051
24 85 75.077
24 86 49.644
24 87 53.991
24 88 25.992
24 89 59.134
24 90 31.93
24 91 68.937
24 92 60.273
24 93 43.246
24 94 82.994
24 95 46.84
24 96 7.533
24 97 5.518
24 98 55.932
24 99 48.755
25 26 36.384
25 27 38.218
25 28 40.969
25 29 45.282
25 30 70.297
25 31 99.359
25 32 99.519
25 33 52.008
25 34 40.077
25 35 88.157
25 36 96.903
25 37 27.82
25 38 47.308
25 39 23.02
25 40 50.491
25 41 3.232
25 42 32.303
25 43 8.6
25 44 12.747
25 45 70.134
25 46 63.436
25 47 69.436
25 48 58.667
25 49 81.547
25 50 31.366
25 51 67.969
25 52 55.958
25 53 89.556
25 54 88.446
25 55 79.026
25 56 12.799
25 57 69.3
25 58 65.277
25 59 33.96
25 60 40.454
25 61 16.619
25 62 32.881
25 63 49.815
25 64 56.527
25 65 70.147
25 66 4.377
25 67 36.252
25 68 48.659
25 69 55.071
25 70 33.501
25 71 61.474
25 72 77.378
25 73 71.157
25 74 2.434
25 75 51.945
25 76 87.402
25 77 63.422
25 78 13.611
25 79 56.605
25 80 40.475
25 81 28.631
25 82 76.194
25 83 49.055
25 84 20.856
25 85 94.17
25 86 65.405
25 87 39.44
25 88 6.829
25 89 84.787
25 90 26.695
25 91 37.622
25 92 65.291
25 93 61.138
25 94 96.737
25 95 72.58
25 96 70.912
25 97 83.673
25 98 32.694
25 99 88.856
26 27 4.822
26 28 33.558
26 29 20.956
26 30 93.295
26 31 89.506
26 32 40.219
26 33 36.423
26 34 3.092
26 35 11.051
26 36 2.806
26 37 30.84
26 38 86.435
26 39 68.578
26 40 89.357
26 41 53.888
26 42 12.438
26 43 11.374
26 44 23.706
26 45 92.973
26 46 52.781
26 47 47.404
26 48 17.108
26 49 48.228
26 50 41.207
26 51 71.346
26 52 43.108
26 53 93.78
26 54 92.478
26 55 21.891
26 56 10.324
26 57 58.147
26 58 2.048
26 59 96.331
26 60 78.738
26 61 4.954
26 62 60.967
26 63 12.499
26 64 86.352
26 65 72.467
26 66 0.097
26 67 59.123
26 68 32.061
26 69 79.104
26 70 86.695
26 71 60.62
26 72 49.085
26 73 38.64
26 74 45.475
26 75 76.232
26 76 4.165
26 77 15.539
26 78 27.788
26 79 32.21
26 80 13.908
26 81 87.222
26 82 7.928
26 83 26.251
26 84 82.775
26 85 63.883
26 86 8.218
26 87 28.126
26 88 78.349
26 89 87.565
26 90 22.265
26 91 65.687
26 92 63.117
26 93 75.943
26 94 56.974
26 95 96.405
26 96 49.622
26 97 22.539
26 98 31.649
26 99 42.582
27 28 48.631
27 29 78.38
27 30 91.208
27 31 68.487
27 32 37.872
27 33 23.491
27 34 78.479
27 35 60.946
27 36 26.718
27 37 54.871
27 38 95.503
27 39 88.402
27 40 94.803
27 41 12.895
27 42 16.817
27 43 90.262
27 44 3.865
27 45 10.33
27 46 9.345
27 47 83.667
27 48 49.776
27 49 49.275
27 50 92.725
27 51 49.859
27 52 40.809
27 53 95.483
27 54 71.846
27 55 9.176
27 56 73.252
27 57 13.764
27 58 13.665
27 59 85.346
27 60 46.521
27 61 92.179
27 62 93.176
27 63 13.178
27 64 26.996
27 65 58.156
27 66 99.49
27 67 95.574
27 68 18.387
27 69 91.792
27 70 8.949
27 71 56.304
27 72 89.488
27 73 46.012
27 74 99.766
27 75 43.142
27 76 17.132
27 77 93.063
27 78 45.858
27 79 19.048
27 80 97.228
27 81 8.618
27 82 67.599
27 83 85.984
27 84 97.543
27 85 86.509
27 86 46.086
27 87 25.668
27 88 56.15
27 89 49.91
27 90 17.118
27 91 39.825
27 92 19.784
27 93 78.598
27 94 95.163
27 95 41.509
27 96 97.631
27 97 13.96
27 98 92.297
27 99 69.877
28 29 31.126
28 30 39.89
28 31 90.334
28 32 0.505
28 33 93.44
28 34 54.436
28 35 18.534
28 36 94.077
28 37 26.422
28 38 12.422
28 39 98.861
28 40 6.222
28 41 75.629
28 42 78.958
28 43 95.478
28 44 68.619
28 45 81.94
28 46 63.248
28 47 88.933
28 48 67.071
28 49 56.939
28 50 65.08
28 51 2.312
28 52 48.295
28 53 99.525
28 54 92.598
28 55 93.488
28 56 72.712
28 57 82.517
28 58 60.565
28 59 74.965
28 60 26.923
28 61 15.102
28 62 85.947
28 63 53.357
28 64 49.066
28 65 89.271
28 66 36.822
28 67 63.667
28 68 33.488
28 69 99.307
28 70 61.644
28 71 89.494
28 72 14.698
28 73 35.856
28 74 88.256
28 75 23.597
28 76 5.564
28 77 12.208
28 78 72.197
28 79 95.281
28 80 19.197
28 81 67.587
28 82 26.51
28 83 21.335
28 84 17.456
28 85 98.591
28 86 8.131
28 87 41.017
28 88 94.281
28 89 14.605
28 90 83.474
28 91 21.084
28 92 70.969
28 93 50.533
28 94 52.927
28 95 41.522
28 96 87.462
28 97 57.319
28 98 8.972
28 99 34.944
29 30 81.995
29 31 18.744
29 32 15.128
29 33 25.779
29 34 66.497
29 35 69.572
29 36 29.457
29 37 52.843
29 38 77.513
29 39 53.342
29 40 50.564
29 41 35.961
29 42 85.071
29 43 21.256
29 44 21.09
29 45 33.374
29 46 9.943
29 47 50.79
29 48 94.398
29 49 33.443
29 50 63.911
29 51 26.017
29 52 57.533
29 53 33.078
29 54 20.346
29 55 94.469
29 56 8.732
29 57 15.379
29 58 0.306
29 59 82.393
29 60 8.305
29 61 9.297
29 62 63.411
29 63 85.797
29 64 27.725
29 65 60.557
29 66 3.789
29 67 54.863
29 68 76.838
29 69 28.905
29 70 62.285
29 71 46.127
29 72 45.081
29 73 16.998
29 74 60.538
29 75 92.463
29 76 81.364
29 77 84.568
29 78 26.271
29 79 54.444
29 80 18.48
29 81 17.866
29 82 78.413
29 83 60.194
29 84 52.335
29 85 27.851
29 86 43.921
29 87 68.525
29 88 50.829
29 89 62.414
29 90 99.307
29 91 69.323
29 92 56.464
29 93 8.03
29 94 55.603
29 95 10.845
29 96 9.916
29 97 18.838
29 98 69.801
29 99 50.026
30 31 84.75
30 32 62.528
30 33 37.682
30 34 14.707
30 35 46.674
30 36 15.375
30 37 23.099
30 38 36.866
30 39 5.007
30 40 17.952
30 41 50.753
30 42 97.095
30 43 24.518
30 44 50.161
30 45 70.144
30 46 65.128
30 47 64.783
30 48 61.869
30 49 18.414
30 50 67.357
30 51 99.438
30 52 47.303
30 53 14.884
30 54 74.711
30 55 22.066
30 56 64.953
30 57 53.193
30 58 47.308
30 59 68.367
30 60 40.136
30 61 25.85
30 62 11.742
30 63 8.863
30 64 79.428
30 65 41.927
30 66 39.816
30 67 56.496
30 68 89.55
30 69 79.783
30 70 43.47
30 71 0.552
30 72 59.432
30 73 17.81
30 74 94.78
30 75 18.974
30 76 21.247
30 77 93.366
30 78 47.164
30 79 16.178
30 80 50.95
30 81 51.069
30 82 32.432
30 83 37.102
30 84 53.967
30 85 15.005
30 86 9.993
30 87 33.708
30 88 44.376
30 89 84.153
30 90 26.309
30 91 11.009
30 92 24.736
30 93 81.546
30 94 64.793
30 95 80.452
30 96 6.336
30 97 84.073
30 98 55.896
30 99 73.65
31 32 35.182
31 33 85.586
31 34 66.876
31 35 39.16
31 36 33.322
31 37 21.174
31 38 58.285
31 39 77.84
31 40 27.931
31 41 53.466
31 42 37.681
31 43 64.414
31 44 39.151
31 45 85.352
31 46 59.329
31 47 61.309
31 48 98.737
31 49 6.652
31 50 86.9
31 51 3.434
31 52 32.167
31 53 4.352
31 54 21.054
31 55 99.652
31 56 30.069
31 57 55.633
31 58 98.106
31 59 76.263
31 60 55.243
31 61 8.444
31 62 52.34
31 63 49.748
31 64 41.112
31 65 9.438
31 66 83.338
31 67 28.105
31 68 1.886
31 69 20.89
31 70 1.975
31 71 48.864
31 72 53.185
31 73 67.875
31 74 20.366
31 75 76.808
31 76 79.289
31 77 90.848
31 78 14.044
31 79 18.541
31 80 1.781
31 81 53.367
31 82 27.419
31 83 96.074
31 84 68.812
31 85 57.0
31 86 34.969
31 87 10.364
31 88 95.828
31 89 17.632
31 90 31.249
31 91 93.884
31 92 53.193
31 93 89.281
31 94 1.003
31 95 20.262
31 96 94.737
31 97 87.59
31 98 45.506
31 99 40.217
32 33 46.573
32 34 17.534
32 35 66.148
32 36 53.195
32 37 44.471
32 38 91.023
32 39 77.832
32 40 21.309
32 41 86.553
32 42 37.349
32 43 59.693
32 44 81.746
32 45 71.433
32 46 32.534
32 47 53.654
32 48 77.883
32 49 43.373
32 50 99.211
32 51 89.085
32 52 1.244
32 53 43.249
32 54 98.612
32 55 48.048
32 56 76.763
32 57 34.892
32 58 66.381
32 59 39.409
32 60 55.534
32 61 47.048
32 62 33.137
32 63 61.198
32 64 90.012
32 65 40.857
32 66 84.585
32 67 50.628
32 68 44.355
32 69 27.18
32 70 29.123
32 71 77.794
32 72 65.367
32 73 12.571
32 74 5.758
32 75 84.11
32 76 55.576
32 77 29.882
32 78 86.061
32 79 82.071
32 80 91.003
32 81 60.504
32 82 21.794
32 83 42.102
32 84 19.219
32 85 34.913
32 86 96.834
32 87 66.048
32 88 80.628
32 89 72.415
32 90 91.5
32 91 22.238
32 92 76.148
32 93 70.814
32 94 60.577
32 95 14.215
32 96 0.87
32 97 43.462
32 98 14.227
32 99 44.937
33 34 66.984
33 35 86.824
33 36 9.833
33 37 8.356
33 38 31.579
33 39 20.19
33 40 59.765
33 41 71.111
33 42 15.215
33 43 25.369
33 44 30.112
33 45 25.885
33 46 81.369
33 47 32.279
33 48 81.093
33 49 2.23
33 50 71.115
33 51 18.567
33 52 15.977
33 53 27.58
33 54 32.608
33 55 98.407
33 56 33.946
33 57 47.483
33 58 0.237
33 59 16.905
33 60 54.863
33 61 40.39
33 62 29.078
33 63 52.34
33 64 9.99
33 65 72.33
33 66 72.22
33 67 48.495
33 68 99.606
33 69 43.646
33 70 14.238
33 71 52.411
33 72 74.259
33 73 53.848
33 74 21.401
33 75 90.351
33 76 32.046
33 77 80.453
33 78 92.236
33 79 87.095
33 80 71.755
33 81 29.186
33 82 17.22
33 83 97.668
33 84 57.998
33 85 93.135
33 86 55.109
33 87 54.726
33 88 59.331
33 89 10.006
33 90 92.322
33 91 26.72
33 92 13.371
33 93 52.979
33 94 49.639
33 95 87.358
33 96 77.785
33 97 20.357
33 98 0.637
33 99 55.975
34 35 78.306
34 36 55.742
34 37 9.43
34 38 87.058
34 39 72.551
34 40 31.149
34 41 4.652
34 42 13.943
34 43 60.882
34 44 16.158
34 45 49.075
34 46 21.183
34 47 53.962
34 48 34.962
34 49 30.268
34 50 77.893
34 51 79.609
34 52 81.121
34 53 31.389
34 54 32.083
34 55 78.202
34 56 89.588
34 57 70.679
34 58 48.824
34 59 1.995
34 60 78.515
34 61 87.808
34 62 94.041
34 63 19.9
34 64 55.918
34 65 45.695
34 66 91.701
34 67 27.936
34 68 13.639
34 69 52.742
34 70 85.167
34 71 42.309
34 72 97.586
34 73 25.724
34 74 53.938
34 75 24.381
34 76 13.925
34 77 38.709
34 78 93.357
34 79 86.966
34 80 1.627
34 81 63.317
34 82 50.79
34 83 46.507
34 84 36.265
34 85 19.171
34 86 46.164
34 87 2.944
34 88 35.79
34 89 62.006
34 90 60.85
34 91 53.93
34 92 92.119
34 93 96.762
34 94 78.706
34 95 40.927
34 96 99.597
34 97 8.654
34 98 28.464
34 99 99.166
35 36 22.975
35 37 44.453
35 38 76.21
35 39 20.873
35 40 35.614
35 41 37.876
35 42 57.559
35 43 44.051
35 44 54.616
35 45 51.338
35 46 69.548
35 47 64.488
35 48 71.708
35 49 69.592
35 50 49.337
35 51 38.136
35 52 36.985
35 53 90.41
35 54 2.964
35 55 89.576
35 56 41.447
35 57 7.17
35 58 15.974
35 59 33.518
35 60 80.991
35 61 49.04
35 62 42.372
35 63 26.078
35 64 96.844
35 65 2.886
35 66 94.696
35 67 17.761
35 68 37.364
35 69 83.668
35 70 3.351
35 71 96.079
35 72 51.08
35 73 52.461
35 74 13.487
35 75 59.1
35 76 16.862
35 77 74.468
35 78 36.798
35 79 81.644
35 80 25.987
35 81 53.01
35 82 46.796
35 83 68.218
35 84 52.812
35 85 26.355
35 86 8.13
35 87 54.315
35 88 8.389
35 89 14.949
35 90 78.666
35 91 29.546
35 92 52.977
35 93 1.88
35 94 57.219
35 95 82.947
35 96 30.047
35 97 3.849
35 98 27.473
35 99 16.413
36 37 53.864
36 38 21.308
36 39 51.481
36 40 94.515
36 41 41.27
36 42 85.252
36 43 26.248
36 44 22.733
36 45 60.289
36 46 59.755
36 47 19.478
36 48 11.17
36 49 65.194
36 50 39.758
36 51 28.814
36 52 94.795
36 53 34.466
36 54 20.097
36 55 97.201
36 56 31.042
36 57 92.598
36 58 16.94
36 59 12.981
36 60 85.384
36 61 34.663
36 62 21.267
36 63 4.22
36 64 49.56
36 65 58.382
36 66 58.735
36 67 26.715
36 68 66.027
36 69 75.535
36 70 96.1
36 71 70.515
36 72 73.989
36 73 24.12
36 74 41.66
36 75 69.007
36 76 71.47
36 77 77.446
36 78 47.882
36 79 70.364
36 80 87.414
36 81 1.01
36 82 26.901
36 83 95.597
36 84 63.167
36 85 99.976
36 86 69.984
36 87 48.676
36 88 56.502
36 89 26.818
36 90 21.37
36 91 94.291
36 92 43.766
36 93 31.318
36 94 7.194
36 95 99.776
36 96 64.043
36 97 49.016
36 98 82.238
36 99 54.36
37 38 75.595
37 39 57.009
37 40 89.014
37 41 23.135
37 42 2.766
37 43 51.06
37 44 26.212
37 45 22.998
37 46 18.866
37 47 73.459
37 48 58.187
37 49 88.892
37 50 77.14
37 51 39.129
37 52 31.826
37 53 56.692
37 54 61.394
37 55 33.879
37 56 64.902
37 57 22.162
37 58 7.988
37 59 22.331
37 60 78.735
37 61 75.113
37 62 0.482
37 63 76.417
37 64 2.578
37 65 68.443
37 66 16.832
37 67 83.597
37 68 71.0
37 69 10.345
37 70 25.612
37 71 77.306
37 72 59.512
37 73 27.525
37 74 89.217
37 75 0.171
37 76 47.281
37 77 92.243
37 78 95.374
37 79 15.141
37 80 78.112
37 81 18.619
37 82 96.925
37 83 12.493
37 84 95.678
37 85 68.628
37 86 67.394
37 87 17.48
37 88 1.985
37 89 90.794
37 90 26.378
37 91 17.503
37 92 29.577
37 93 38.551
37 94 46.908
37 95 48.649
37 96 36.097
37 97 54.596
37 98 36.839
37 99 98.17
38 39 47.994
38 40 59.201
38 41 24.776
38 42 94.393
38 43 12.497
38 44 36.468
38 45 4.924
38 46 60.802
38 47 27.901
38 48 77.61
38 49 27.615
38 50 87.776
38 51 61.634
38 52 27.27
38 53 36.739
38 54 43.787
38 55 24.372
38 56 14.572
38 57 8.438
38 58 63.763
38 59 41.523
38 60 58.58
38 61 16.645
38 62 15.733
38 63 81.109
38 64 25.883
38 65 91.045
38 66 76.14
38 67 12.534
38 68 24.958
38 69 25.661
38 70 57.189
38 71 88.109
38 72 57.395
38 73 97.563
38 74 67.115
38 75 74.099
38 76 80.065
38 77 76.87
38 78 96.65
38 79 25.924
38 80 59.708
38 81 51.732
38 82 52.795
38 83 23.937
38 84 79.133
38 85 93.817
38 86 19.675
38 87 5.07
38 88 16.352
38 89 65.935
38 90 41.629
38 91 78.681
38 92 64.203
38 93 30.112
38 94 30.101
38 95 37.945
38 96 45.553
38 97 97.737
38 98 0.469
38 99 29.797
39 40 91.576
39 41 65.254
39 42 57.509
39 43 60.301
39 44 50.024
39 45 24.879
39 46 0.7
39 47 79.922
39 48 94.304
39 49 93.756
39 50 24.54
39 51 24.955
39 52 37.831
39 53 52.919
39 54 81.149
39 55 9.759
39 56 0.006
39 57 99.71
39 58 85.917
39 59 76.508
39 60 97.594
39 61 30.856
39 62 83.292
39 63 96.302
39 64 74.988
39 65 44.928
39 66 22.382
39 67 59.851
39 68 41.289
39 69 4.685
39 70 18.1
39 71 5.621
39 72 1.787
39 73 5.618
39 74 29.085
39 75 13.1
39 76 89.866
39 77 33.731
39 78 95.868
39 79 14.374
39 80 58.023
39 81 62.341
39 82 0.763
39 83 78.877
39 84 14.279
39 85 7.996
39 86 23.041
39 87 1.387
39 88 25.753
39 89 79.408
39 90 16.28
39 91 71.373
39 92 17.143
39 93 99.225
39 94 70.645
39 95 72.722
39 96 6.528
39 97 92.974
39 98 93.534
39 99 67.152
40 41 24.681
40 42 2.889
40 43 97.715
40 44 11.309
40 45 96.046
40 46 54.75
40 47 22.1
40 48 27.312
40 49 32.007
40 50 13.806
40 51 7.079
40 52 53.942
40 53 5.811
40 54 1.482
40 55 64.416
40 56 99.487
40 57 26.647
40 58 71.621
40 59 59.354
40 60 68.351
40 61 73.327
40 62 19.572
40 63 82.028
40 64 29.894
40 65 30.902
40 66 38.87
40 67 61.356
40 68 28.882
40 69 48.785
40 70 3.405
40 71 55.122
40 72 90.67
40 73 25.338
40 74 95.667
40 75 93.233
40 76 74.91
40 77 74.782
40 78 65.5
40 79 11.116
40 80 22.169
40 81 38.708
40 82 17.836
40 83 32.922
40 84 54.998
40 85 17.458
40 86 68.62
40 87 21.854
40 88 7.933
40 89 34.981
40 90 92.855
40 91 38.247
40 92 57.1
40 93 79.659
40 94 91.527
40 95 80.146
40 96 95.016
40 97 32.08
40 98 51.064
40 99 45.862
41 42 58.92
41 43 9.385
41 44 64.238
41 45 42.948
41 46 84.485
41 47 21.877
41 48 7.547
41 49 96.377
41 50 68.949
41 51 45.065
41 52 13.572
41 53 69.097
41 54 82.28
41 55 33.011
41 56 83.43
41 57 49.447
41 58 25.611
41 59 49.52
41 60 81.612
41 61 61.342
41 62 88.546
41 63 13.693
41 64 37.803
41 65 73.978
41 66 75.762
41 67 95.785
41 68 31.231
41 69 90.479
41 70 12.127
41 71 57.92
41 72 61.789
41 73 99.195
41 74 64.372
41 75 92.904
41 76 34.474
41 77 31.706
41 78 52.767
41 79 33.55
41 80 81.929
41 81 99.671
41 82 37.504
41 83 88.052
41 84 63.604
41 85 82.937
41 86 12.038
41 87 18.773
41 88 1.146
41 89 41.131
41 90 66.356
41 91 16.742
41 92 96.256
41 93 80.188
41 94 88.659
41 95 42.889
41 96 45.026
41 97 92.927
41 98 12.526
41 99 72.35
42 43 58.374
42 44 80.523
42 45 17.004
42 46 1.184
42 47 37.971
42 48 28.252
42 49 73.238
42 50 88.512
42 51 4.404
42 52 30.046
42 53 15.449
42 54 84.799
42 55 35.165
42 56 9.158
42 57 17.736
42 58 71.677
42 59 26.846
42 60 67.99
42 61 92.041
42 62 31.659
42 63 12.585
42 64 21.437
42 65 9.656
42 66 21.691
42 67 29.739
42 68 80.89
42 69 23.244
42 70 63.435
42 71 61.844
42 72 64.718
42 73 27.425
42 74 84.566
42 75 87.755
42 76 62.353
42 77 93.743
42 78 91.286
42 79 80.541
42 80 2.909
42 81 50.093
42 82 64.772
42 83 95.859
42 84 34.984
42 85 56.343
42 86 98.419
42 87 44.772
42 88 54.063
42 89 16.271
42 90 11.721
42 91 51.077
42 92 34.96
42 93 55.871
42 94 7.704
42 95 97.019
42 96 83.316
42 97 65.941
42 98 24.96
42 99 2.911
43 44 83.112
43 45 65.557
43 46 37.714
43 47 44.083
43 48 58.478
43 49 22.937
43 50 37.566
43 51 80.522
43 52 98.506
43 53 27.749
43 54 72.522
43 55 80.267
43 56 80.537
43 57 43.023
43 58 25.307
43 59 89.607
43 60 67.688
43 61 1.518
43 62 98.963
43 63 75.866
43 64 20.228
43 65 19.116
43 66 24.459
43 67 67.86
43 68 41.064
43 69 70.677
43 70 41.88
43 71 5.841
43 72 71.068
43 73 98.451
43 74 34.303
43 75 83.914
43 76 28.951
43 77 54.502
43 78 38.597
43 79 55.503
43 80 91.752
43 81 24.595
43 82 76.602
43 83 58.395
43 84 39.391
43 85 28.52
43 86 89.859
43 87 68.162
43 88 64.133
43 89 58.33
43 90 96.344
43 91 93.381
43 92 77.399
43 93 63.293
43 94 92.487
43 95 35.865
43 96 43.408
43 97 88.764
43 98 30.324
43 99 89.452
44 45 55.474
44 46 32.207
44 47 19.801
44 48 47.083
44 49 88.989
44 50 72.928
44 51 15.021
44 52 92.298
44 53 66.804
44 54 3.267
44 55 56.883
44 56 6.905
44 57 87.498
44 58 34.213
44 59 46.329
44 60 62.998
44 61 48.771
44 62 15.598
44 63 81.276
44 64 2.869
44 65 92.582
44 66 91.237
44 67 80.917
44 68 98.076
44 69 47.967
44 70 10.682
44 71 41.734
44 72 97.418
44 73 70.494
44 74 84.004
44 75 17.409
44 76 66.767
44 77 85.793
44 78 4.084
44 79 82.15
44 80 2.497
44 81 39.721
44 82 84.167
44 83 42.921
44 84 28.667
44 85 73.42
44 86 61.231
44 87 97.905
44 88 28.025
44 89 57.746
44 90 16.293
44 91 12.422
44 92 34.556
44 93 98.986
44 94 35.92
44 95 67.976
44 96 25.701
44 97 69.965
44 98 74.285
44 99 15.915
45 46 84.817
45 47 36.087
45 48 26.992
45 49 66.303
45 50 56.669
45 51 25.539
45 52 43.799
45 53 79.461
45 54 70.014
45 55 48.889
45 56 42.045
45 57 18.002
45 58 58.904
45 59 39.438
45 60 83.864
45 61 41.083
45 62 66.145
45 63 57.671
45 64 47.867
45 65 79.287
45 66 28.45
45 67 87.788
45 68 70.22
45 69 26.7
45 70 48.479
45 71 22.376
45 72 0.917
45 73 87.939
45 74 31.57
45 75 49.74
45 76 14.966
45 77 34.742
45 78 38.696
45 79 42.877
45 80 7.765
45 81 4.474
45 82 36.559
45 83 34.544
45 84 86.885
45 85 88.79
45 86 70.238
45 87 22.873
45 88 74.184
45 89 83.223
45 90 97.816
45 91 16.316
45 92 88.38
45 93 1.452
45 94 73.815
45 95 17.565
45 96 30.081
45 97 27.888
45 98 63.233
45 99 41.785
46 47 90.996
46 48 88.541
46 49 62.244
46 50 37.029
46 51 86.527
46 52 11.339
46 53 37.724
46 54 62.93
46 55 14.475
46 56 0.061
46 57 2.693
46 58 10.293
46 59 68.341
46 60 43.237
46 61 86.027
46 62 62.456
46 63 40.749
46 64 58.492
46 65 98.209
46 66 56.475
46 67 37.911
46 68 84.857
46 69 66.084
46 70 0.704
46 71 10.724
46 72 21.661
46 73 24.603
46 74 77.569
46 75 2.011
46 76 3.184
46 77 8.214
46 78 60.269
46 79 32.423
46 80 91.695
46 81 83.064
46 82 70.002
46 83 92.75
46 84 91.806
46 85 4.295
46 86 96.94
46 87 5.559
46 88 84.667
46 89 38.89
46 90 84.264
46 91 42.446
46 92 54.749
46 93 22.869
46 94 48.455
46 95 59.593
46 96 2.531
46 97 46.635
46 98 28.263
46 99 97.12
47 48 23.245
47 49 13.541
47 50 39.749
47 51 94.211
47 52 6.195
47 53 29.366
47 54 76.184
47 55 38.252
47 56 11.741
47 57 91.21
47 58 84.948
47 59 82.181
47 60 21.211
47 61 73.786
47 62 33.655
47 63 43.864
47 64 56.238
47 65 90.31
47 66 90.825
47 67 24.541
47 68 39.687
47 69 33.176
47 70 13.208
47 71 11.489
47 72 19.028
47 73 64.498
47 74 4.455
47 75 46.818
47 76 28.068
47 77 32.006
47 78 10.937
47 79 14.643
47 80 63.851
47 81 34.718
47 82 95.445
47 83 93.676
47 84 3.799
47 85 20.337
47 86 13.773
47 87 69.441
47 88 32.687
47 89 84.663
47 90 73.6
47 91 57.421
47 92 26.164
47 93 74.113
47 94 5.16
47 95 45.934
47 96 18.797
47 97 55.53
47 98 29.344
47 99 72.708
48 49 5.322
48 50 14.163
48 51 70.69
48 52 17.548
48 53 77.556
48 54 21.517
48 55 16.146
48 56 3.745
48 57 86.65
48 58 13.567
48 59 27.683
48 60 46.469
48 61 63.718
48 62 90.612
48 63 69.55
48 64 22.833
48 65 19.666
48 66 25.026
48 67 98.628
48 68 71.381
48 69 41.117
48 70 17.73
48 71 0.788
48 72 7.424
48 73 92.791
48 74 81.357
48 75 11.7
48 76 83.136
48 77 43.593
48 78 43.536
48 79 57.535
48 80 68.175
48 81 88.585
48 82 43.362
48 83 12.792
48 84 92.947
48 85 48.394
48 86 66.241
48 87 25.898
48 88 48.929
48 89 70.325
48 90 58.301
48 91 16.671
48 92 38.019
48 93 83.844
48 94 37.201
48 95 21.36
48 96 22.625
48 97 74.114
48 98 37.41
48 99 90.522
49 50 74.849
49 51 46.46
49 52 53.967
49 53 34.932
49 54 66.869
49 55 22.514
49 56 50.492
49 57 22.462
49 58 33.868
49 59 36.188
49 60 40.669
49 61 25.996
49 62 66.266
49 63 40.819
49 64 2.043
49 65 66.376
49 66 63.892
49 67 89.731
49 68 96.152
49 69 22.326
49 70 25.49
49 71 16.521
49 72 54.417
49 73 1.93
49 74 49.306
49 75 7.795
49 76 49.067
49 77 26.282
49 78 43.304
49 79 32.02
49 80 83.938
49 81 92.1
49 82 80.145
49 83 34.678
49 84 63.343
49 85 14.418
49 86 32.028
49 87 21.1
49 88 30.571
49 89 57.222
49 90 97.138
49 91 37.159
49 92 59.251
49 93 16.55
49 94 15.694
49 95 34.449
49 96 69.312
49 97 25.496
49 98 75.65
49 99 6.608
50 51 3.379
50 52 93.676
50 53 25.405
50 54 41.12
50 55 38.989
50 56 20.106
50 57 13.864
50 58 32.068
50 59 5.846
50 60 3.669
50 61 75.334
50 62 17.204
50 63 88.032
50 64 65.647
50 65 84.231
50 66 3.635
50 67 80.398
50 68 16.273
50 69 80.928
50 70 96.958
50 71 40.487
50 72 53.311
50 73 76.959
50 74 53.106
50 75 39.684
50 76 86.25
50 77 86.744
50 78 87.754
50 79 64.796
50 80 45.881
50 81 34.362
50 82 18.006
50 83 33.411
50 84 92.416
50 85 87.839
50 86 41.36
50 87 52.467
50 88 5.027
50 89 67.271
50 90 3.189
50 91 57.807
50 92 4.942
50 93 82.308
50 94 71.591
50 95 11.185
50 96 71.164
50 97 53.552
50 98 20.578
50 99 44.783
51 52 61.959
51 53 72.172
51 54 66.501
51 55 35.709
51 56 66.857
51 57 12.676
51 58 48.429
51 59 14.961
51 60 86.476
51 61 14.789
51 62 81.601
51 63 62.22
51 64 62.709
51 65 86.545
51 66 71.848
51 67 84.249
51 68 89.293
51 69 18.559
51 70 10.698
51 71 50.903
51 72 74.293
51 73 69.262
51 74 48.932
51 75 26.853
51 76 82.044
51 77 77.092
51 78 34.385
51 79 43.714
51 80 42.777
51 81 20.584
51 82 34.271
51 83 8.74
51 84 35.086
51 85 63.826
51 86 67.709
51 87 27.922
51 88 31.147
51 89 39.513
51 90 36.713
51 91 71.683
51 92 14.357
51 93 82.582
51 94 73.849
51 95 47.592
51 96 91.163
51 97 84.26
51 98 46.526
51 99 27.952
52 53 40.966
52 54 81.404
52 55 1.478
52 56 95.974
52 57 88.721
52 58 31.012
52 59 28.625
52 60 88.98
52 61 45.296
52 62 15.851
52 63 22.609
52 64 20.494
52 65 3.703
52 66 48.562
52 67 94.47
52 68 4.694
52 69 98.341
52 70 10.859
52 71 34.839
52 72 62.419
52 73 58.214
52 74 68.864
52 75 67.588
52 76 12.901
52 77 9.489
52 78 29.736
52 79 8.855
52 80 48.3
52 81 35.419
52 82 94.387
52 83 54.076
52 84 82.289
52 85 14.635
52 86 0.054
52 87 45.767
52 88 68.681
52 89 94.472
52 90 72.399
52 91 6.914
52 92 61.273
52 93 30.038
52 94 61.974
52 95 28.745
52 96 10.315
52 97 86.209
52 98 39.021
52 99 78.238
53 54 39.257
53 55 87.488
53 56 27.899
53 57 37.512
53 58 46.473
53 59 53.655
53 60 48.737
53 61 35.235
53 62 17.884
53 63 37.773
53 64 90.834
53 65 31.318
53 66 36.363
53 67 57.447
53 68 97.966
53 69 84.547
53 70 73.669
53 71 44.145
53 72 81.46
53 73 81.248
53 74 37.027
53 75 88.551
53 76 83.275
53 77 95.053
53 78 69.995
53 79 48.32
53 80 32.023
53 81 25.348
53 82 78.492
53 83 48.412
53 84 19.358
53 85 46.947
53 86 43.048
53 87 20.009
53 88 44.721
53 89 57.576
53 90 16.709
53 91 32.562
53 92 39.754
53 93 34.239
53 94 21.552
53 95 9.9
53 96 6.054
53 97 8.49
53 98 59.461
53 99 23.335
54 55 86.932
54 56 90.799
54 57 56.597
54 58 98.944
54 59 53.985
54 60 68.203
54 61 73.94
54 62 54.315
54 63 15.133
54 64 96.798
54 65 1.655
54 66 27.468
54 67 77.639
54 68 86.749
54 69 67.664
54 70 15.621
54 71 49.528
54 72 32.788
54 73 45.595
54 74 54.328
54 75 1.974
54 76 10.922
54 77 31.973
54 78 32.962
54 79 49.063
54 80 73.24
54 81 91.822
54 82 77.711
54 83 55.654
54 84 61.41
54 85 22.07
54 86 26.234
54 87 41.355
54 88 51.403
54 89 2.584
54 90 0.853
54 91 53.643
54 92 26.076
54 93 29.321
54 94 78.814
54 95 29.683
54 96 45.236
54 97 46.619
54 98 10.168
54 99 55.348
55 56 84.915
55 57 20.061
55 58 43.119
55 59 63.731
55 60 59.247
55 61 85.945
55 62 93.272
55 63 93.465
55 64 8.367
55 65 62.32
55 66 96.379
55 67 69.397
55 68 11.79
55 69 44.058
55 70 91.57
55 71 76.764
55 72 26.552
55 73 60.753
55 74 74.372
55 75 98.644
55 76 83.531
55 77 66.031
55 78 66.048
55 79 5.487
55 80 0.894
55 81 1.743
55 82 85.467
55 83 44.69
55 84 98.928
55 85 31.462
55 86 67.439
55 87 13.552
55 88 78.845
55 89 29.93
55 90 82.802
55 91 25.82
55 92 0.879
55 93 65.381
55 94 80.387
55 95 79.855
55 96 32.757
55 97 87.452
55 98 57.385
55 99 48.357
56 57 29.407
56 58 30.601
56 59 70.558
56 60 48.53
56 61 14.654
56 62 68.073
56 63 81.484
56 64 10.23
56 65 75.58
56 66 37.21
56 67 57.082
56 68 45.465
56 69 80.809
56 70 46.79
56 71 16.122
56 72 55.271
56 73 43.716
56 74 4.933
56 75 46.492
56 76 3.891
56 77 60.486
56 78 27.699
56 79 11.172
56 80 44.695
56 81 21.944
56 82 2.453
56 83 0.495
56 84 57.553
56 85 63.985
56 86 41.008
56 87 68.06
56 88 87.584
56 89 23.036
56 90 35.034
56 91 85.325
56 92 6.68
56 93 7.075
56 94 66.722
56 95 47.446
56 96 45.455
56 97 6.803
56 98 2.858
56 99 72.38
57 58 8.567
57 59 91.611
57 60 11.236
57 61 87.827
57 62 86.362
57 63 43.571
57 64 94.689
57 65 52.416
57 66 60.801
57 67 67.106
57 68 45.33
57 69 65.867
57 70 56.24
57 71 59.903
57 72 83.095
57 73 26.879
57 74 94.013
57 75 69.311
57 76 61.245
57 77 52.293
57 78 1.984
57 79 47.969
57 80 17.781
57 81 67.139
57 82 23.918
57 83 78.792
57 84 72.744
57 85 71.648
57 86 63.759
57 87 78.245
57 88 84.162
57 89 46.528
57 90 13.896
57 91 73.577
57 92 96.452
57 93 40.543
57 94 51.165
57 95 47.835
57 96 50.351
57 97 49.486
57 98 68.506
57 99 74.251
58 59 42.542
58 60 59.482
58 61 59.013
58 62 7.276
58 63 98.473
58 64 66.33
58 65 80.518
58 66 71.114
58 67 10.111
58 68 68.283
58 69 26.497
58 70 77.429
58 71 48.647
58 72 73.45
58 73 24.386
58 74 24.402
58 75 21.075
58 76 8.553
58 77 73.76
58 78 12.336
58 79 25.286
58 80 90.452
58 81 12.606
58 82 13.713
58 83 40.133
58 84 87.668
58 85 33.874
58 86 48.199
58 87 35.28
58 88 18.511
58 89 79.752
58 90 44.9
58 91 45.688
58 92 13.56
58 93 19.947
58 94 69.207
58 95 48.937
58 96 91.504
58 97 13.046
58 98 53.586
58 99 98.857
59 60 5.942
59 61 19.647
59 62 55.845
59 63 22.781
59 64 95.751
59 65 86.073
59 66 72.483
59 67 95.879
59 68 0.896
59 69 81.435
59 70 24.096
59 71 61.971
59 72 58.664
59 73 13.174
59 74 47.929
59 75 93.984
59 76 98.583
59 77 98.272
59 78 11.7
59 79 19.197
59 80 68.439
59 81 3.223
59 82 0.956
59 83 94.421
59 84 19.856
59 85 61.243
59 86 16.534
59 87 15.554
59 88 58.746
59 89 41.532
59 90 16.338
59 91 49.413
59 92 89.986
59 93 96.297
59 94 67.52
59 95 63.042
59 96 20.76
59 97 26.446
59 98 63.666
59 99 23.263
60 61 9.859
60 62 29.932
60 63 95.432
60 64 22.605
60 65 52.69
60 66 13.745
60 67 68.795
60 68 51.686
60 69 34.434
60 70 90.784
60 71 69.572
60 72 5.019
60 73 75.595
60 74 5.851
60 75 57.482
60 76 94.382
60 77 10.457
60 78 23.149
60 79 62.866
60 80 20.37
60 81 28.612
60 82 63.538
60 83 98.144
60 84 41.514
60 85 60.436
60 86 62.41
60 87 14.603
60 88 65.196
60 89 30.228
60 90 2.085
60 91 84.803
60 92 90.323
60 93 73.103
60 94 95.29
60 95 90.53
60 96 17.501
60 97 73.829
60 98 86.998
60 99 97.943
61 62 3.25
61 63 31.265
61 64 43.803
61 65 32.147
61 66 51.428
61 67 97.468
61 68 32.191
61 69 48.181
61 70 5.748
61 71 71.573
61 72 99.561
61 73 52.86
61 74 73.585
61 75 47.497
61 76 7.746
61 77 99.906
61 78 30.626
61 79 51.52
61 80 8.354
61 81 47.521
61 82 37.265
61 83 49.797
61 84 91.755
61 85 55.376
61 86 79.366
61 87 58.974
61 88 20.365
61 89 23.734
61 90 85.14
61 91 65.327
61 92 70.306
61 93 18.308
61 94 19.847
61 95 18.075
61 96 4.795
61 97 18.096
61 98 44.04
61 99 71.219
62 63 73.212
62 64 40.809
62 65 89.244
62 66 93.657
62 67 25.074
62 68 9.436
62 69 15.02
62 70 56.266
62 71 44.759
62 72 98.932
62 73 20.56
62 74 13.138
62 75 71.714
62 76 8.476
62 77 21.99
62 78 64.024
62 79 49.965
62 80 0.33
62 81 1.18
62 82 47.898
62 83 3.395
62 84 29.82
62 85 22.207
62 86 63.113
62 87 49.471
62 88 41.169
62 89 19.371
62 90 70.234
62 91 16.99
62 92 78.787
62 93 14.743
62 94 61.694
62 95 33.617
62 96 79.365
62 97 13.805
62 98 69.049
62 99 55.988
63 64 0.712
63 65 48.229
63 66 69.236
63 67 89.741
63 68 84.489
63 69 58.671
63 70 98.785
63 71 58.909
63 72 89.347
63 73 51.969
63 74 73.387
63 75 57.871
63 76 42.05
63 77 74.143
63 78 79.467
63 79 53.02
63 80 84.667
63 81 36.315
63 82 33.069
63 83 70.707
63 84 51.149
63 85 61.454
63 86 51.697
63 87 45.917
63 88 36.541
63 89 71.313
63 90 65.767
63 91 93.556
63 92 17.087
63 93 81.091
63 94 33.056
63 95 26.253
63 96 84.903
63 97 7.441
63 98 37.117
63 99 31.889
64 65 68.549
64 66 43.276
64 67 29.964
64 68 83.94
64 69 25.49
64 70 94.996
64 71 75.929
64 72 29.694
64 73 1.051
64 74 78.044
64 75 88.505
64 76 29.966
64 77 11.169
64 78 94.761
64 79 10.865
64 80 3.535
64 81 86.527
64 82 18.9
64 83 72.22
64 84 91.664
64 85 62.93
64 86 18.167
64 87 2.066
64 88 44.773
64 89 43.677
64 90 91.618
64 91 12.84
64 92 91.661
64 93 45.597
64 94 82.862
64 95 48.577
64 96 45.347
64 97 81.311
64 98 11.054
64 99 43.33
65 66 59.771
65 67 48.384
65 68 60.873
65 69 33.225
65 70 42.745
65 71 62.581
65 72 47.941
65 73 70.528
65 74 81.667
65 75 4.419
65 76 35.403
65 77 44.077
65 78 29.372
65 79 65.593
65 80 41.285
65 81 94.034
65 82 26.759
65 83 82.033
65 84 41.443
65 85 99.643
65 86 6.861
65 87 11.826
65 88 87.629
65 89 66.779
65 90 53.088
65 91 5.085
65 92 87.293
65 93 86.361
65 94 50.623
65 95 66.527
65 96 96.923
65 97 39.382
65 98 5.801
65 99 81.301
66 67 75.712
66 68 77.109
66 69 8.931
66 70 80.754
66 71 61.24
66 72 24.226
66 73 16.84
66 74 64.361
66 75 27.407
66 76 41.327
66 77 65.979
66 78 33.889
66 79 65.73
66 80 95.68
66 81 88.578
66 82 91.695
66 83 0.661
66 84 1.145
66 85 47.953
66 86 58.56
66 87 50.967
66 88 60.342
66 89 67.838
66 90 24.439
66 91 36.074
66 92 71.505
66 93 64.082
66 94 8.662
66 95 27.909
66 96 43.036
66 97 69.722
66 98 95.778
66 99 13.194
67 68 68.379
67 69 46.348
67 70 55.297
67 71 88.489
67 72 97.693
67 73 26.965
67 74 15.024
67 75 97.667
67 76 26.439
67 77 46.026
67 78 10.411
67 79 15.274
67 80 60.608
67 81 68.112
67 82 33.053
67 83 16.431
67 84 50.54
67 85 14.537
67 86 55.08
67 87 30.802
67 88 23.036
67 89 26.703
67 90 57.436
67 91 37.342
67 92 18.077
67 93 68.53
67 94 7.183
67 95 26.706
67 96 59.787
67 97 33.394
67 98 49.362
67 99 90.822
68 69 30.328
68 70 18.011
68 71 36.766
68 72 52.495
68 73 92.263
68 74 13.241
68 75 60.022
68 76 14.9
68 77 98.917
68 78 11.299
68 79 71.789
68 80 87.695
68 81 56.404
68 82 80.393
68 83 36.592
68 84 51.554
68 85 18.021
68 86 36.463
68 87 30.029
68 88 37.161
68 89 90.708
68 90 38.047
68 91 71.077
68 92 84.61
68 93 94.936
68 94 80.311
68 95 22.01
68 96 63.308
68 97 97.79
68 98 2.331
68 99 7.139
69 70 45.617
69 71 50.32
69 72 13.421
69 73 49.771
69 74 6.51
69 75 19.638
69 76 36.232
69 77 20.937
69 78 78.505
69 79 7.097
69 80 34.918
69 81 16.901
69 82 19.512
69 83 85.678
69 84 19.429
69 85 95.23
69 86 14.981
69 87 5.492
69 88 74.102
69 89 40.735
69 90 43.579
69 91 30.585
69 92 41.723
69 93 50.994
69 94 26.505
69 95 95.719
69 96 49.486
69 97 55.758
69 98 86.548
69 99 81.425
70 71 84.649
70 72 26.925
70 73 95.329
70 74 75.793
70 75 79.515
70 76 61.602
70 77 16.672
70 78 55.528
70 79 41.301
70 80 0.407
70 81 43.916
70 82 49.685
70 83 84.696
70 84 34.304
70 85 31.954
70 86 71.435
70 87 71.09
70 88 35.307
70 89 78.859
70 90 96.407
70 91 68.99
70 92 33.213
70 93 84.437
70 94 17.881
70 95 75.026
70 96 26.679
70 97 26.668
70 98 47.761
70 99 25.471
71 72 94.266
71 73 20.455
71 74 17.687
71 75 45.882
71 76 82.225
71 77 31.246
71 78 0.539
71 79 30.74
71 80 18.537
71 81 62.32
71 82 17.262
71 83 92.628
71 84 52.582
71 85 61.004
71 86 43.767
71 87 97.247
71 88 94.947
71 89 1.037
71 90 0.359
71 91 70.972
71 92 89.735
71 93 20.058
71 94 85.599
71 95 0.52
71 96 51.126
71 97 86.911
71 98 75.296
71 99 61.634
72 73 18.623
72 74 17.491
72 75 83.878
72 76 84.212
72 77 73.811
72 78 51.374
72 79 11.839
72 80 92.489
72 81 51.565
72 82 86.789
72 83 96.825
72 84 5.738
72 85 23.949
72 86 83.93
72 87 0.018
72 88 12.266
72 89 46.458
72 90 79.708
72 91 22.051
72 92 93.126
72 93 28.125
72 94 61.319
72 95 26.804
72 96 31.653
72 97 54.705
72 98 4.147
72 99 47.343
73 74 52.599
73 75 61.709
73 76 81.337
73 77 37.618
73 78 28.861
73 79 47.692
73 80 95.454
73 81 9.853
73 82 0.773
73 83 78.052
73 84 97.159
73 85 47.998
73 86 76.19
73 87 73.222
73 88 2.648
73 89 11.086
73 90 91.299
73 91 46.76
73 92 92.377
73 93 93.563
73 94 65.948
73 95 49.649
73 96 48.55
73 97 22.787
73 98 10.089
73 99 97.925
74 75 73.194
74 76 62.861
74 77 77.415
74 78 96.992
74 79 28.4
74 80 70.337
74 81 64.676
74 82 81.151
74 83 55.217
74 84 91.623
74 85 25.593
74 86 18.676
74 87 73.227
74 88 56.692
74 89 18.188
74 90 80.336
74 91 90.037
74 92 7.091
74 93 92.192
74 94 50.761
74 95 96.681
74 96 47.466
74 97 12.679
74 98 69.632
74 99 92.113
75 76 15.845
75 77 23.617
75 78 88.488
75 79 73.576
75 80 88.63
75 81 11.705
75 82 74.95
75 83 2.138
75 84 7.378
75 85 29.981
75 86 70.309
75 87 19.281
75 88 23.38
75 89 19.612
75 90 54.434
75 91 56.959
75 92 37.204
75 93 29.159
75 94 89.035
75 95 41.382
75 96 63.671
75 97 33.961
75 98 6.324
75 99 52.393
76 77 88.017
76 78 53.572
76 79 11.6
76 80 80.225
76 81 28.144
76 82 9.359
76 83 8.36
76 84 82.816
76 85 71.632
76 86 74.699
76 87 68.34
76 88 19.974
76 89 56.163
76 90 81.791
76 91 11.123
76 92 5.271
76 93 0.964
76 94 15.568
76 95 41.403
76 96 71.085
76 97 96.44
76 98 99.777
76 99 5.105
77 78 54.813
77 79 42.043
77 80 20.708
77 81 64.636
77 82 46.665
77 83 21.987
77 84 2.172
77 85 67.976
77 86 68.382
77 87 22.979
77 88 11.739
77 89 3.179
77 90 90.871
77 91 69.393
77 92 24.367
77 93 25.379
77 94 41.604
77 95 3.673
77 96 77.1
77 97 26.637
77 98 43.081
77 99 6.722
78 79 89.233
78 80 1.129
78 81 8.527
78 82 88.309
78 83 76.054
78 84 89.407
78 85 62.968
78 86 96.065
78 87 31.716
78 88 42.759
78 89 68.375
78 90 31.773
78 91 78.519
78 92 93.832
78 93 70.607
78 94 20.569
78 95 69.415
78 96 97.39
78 97 55.717
78 98 0.045
78 99 79.557
79 80 96.636
79 81 31.15
79 82 15.151
79 83 84.027
79 84 69.137
79 85 42.161
79 86 33.423
79 87 58.771
79 88 62.205
79 89 98.807
79 90 72.513
79 91 11.514
79 92 12.921
79 93 70.508
79 94 27.134
79 95 67.699
79 96 86.828
79 97 63.834
79 98 71.994
79 99 8.955
80 81 20.46
80 82 47.16
80 83 15.116
80 84 17.437
80 85 68.231
80 86 68.033
80 87 17.855
80 88 83.728
80 89 20.686
80 90 60.058
80 91 81.047
80 92 10.179
80 93 79.052
80 94 5.891
80 95 38.229
80 96 67.387
80 97 40.939
80 98 7.208
80 99 71.215
81 82 43.283
81 83 95.775
81 84 3.445
81 85 71.104
81 86 49.788
81 87 53.511
81 88 45.503
81 89 75.239
81 90 7.185
81 91 1.738
81 92 55.485
81 93 27.7
81 94 79.687
81 95 14.475
81 96 34.397
81 97 43.706
81 98 35.52
81 99 19.233
82 83 62.768
82 84 29.289
82 85 43.728
82 86 69.328
82 87 99.082
82 88 46.847
82 89 37.94
82 90 83.656
82 91 28.618
82 92 46.093
82 93 34.346
82 94 79.089
82 95 45.389
82 96 97.955
82 97 43.6
82 98 46.059
82 99 26.812
83 84 15.439
83 85 59.314
83 86 0.787
83 87 37.101
83 88 85.171
83 89 82.428
83 90 87.722
83 91 18.56
83 92 10.434
83 93 17.632
83 94 29.743
83 95 83.624
83 96 12.693
83 97 17.688
83 98 12.99
83 99 97.68
84 85 26.901
84 86 11.281
84 87 90.825
84 88 4.683
84 89 26.391
84 90 7.328
84 91 54.283
84 92 71.276
84 93 51.046
84 94 50.134
84 95 81.102
84 96 23.719
84 97 82.556
84 98 70.395
84 99 55.977
85 86 81.693
85 87 88.253
85 88 34.277
85 89 10.026
85 90 56.364
85 91 19.976
85 92 30.088
85 93 81.721
85 94 28.013
85 95 76.306
85 96 55.973
85 97 19.348
85 98 42.641
85 99 27.757
86 87 14.342
86 88 41.786
86 89 17.805
86 90 93.027
86 91 35.64
86 92 37.548
86 93 12.875
86 94 85.011
86 95 22.148
86 96 73.661
86 97 92.254
86 98 95.528
86 99 71.591
87 88 51.949
87 89 62.106
87 90 44.032
87 91 33.112
87 92 13.436
87 93 82.952
87 94 50.619
87 95 63.17
87 96 15.644
87 97 81.676
87 98 34.819
87 99 39.611
88 89 87.668
88 90 88.425
88 91 45.586
88 92 20.848
88 93 56.765
88 94 93.38
88 95 94.61
88 96 59.749
88 97 94.345
88 98 80.283
88 99 59.85
89 90 11.007
89 91 71.45
89 92 51.87
89 93 45.029
89 94 62.568
89 95 44.51
89 96 55.473
89 97 57.511
89 98 45.565
89 99 43.442
90 91 21.907
90 92 57.856
90 93 1.146
90 94 79.646
90 95 63.42
90 96 3.78
90 97 53.644
90 98 16.251
90 99 93.637
91 92 29.971
91 93 41.228
91 94 84.403
91 95 28.208
91 96 2.343
91 97 47.329
91 98 86.503
91 99 54.04
92 93 71.122
92 94 94.632
92 95 26.864
92 96 6.732
92 97 4.214
92 98 47.725
92 99 12.319
93 94 16.311
93 95 21.667
93 96 33.09
93 97 26.339
93 98 83.13
93 99 27.739
94 95 10.596
94 96 68.787
94 97 77.5
94 98 50.562
94 99 20.691
95 96 49.035
95 97 84.535
95 98 51.562
95 99 26.194
96 97 92.614
96 98 27.23
96 99 22.943
97 98 28.951
97 99 91.635
98 99 63.218