100
0 89 18
0 27 60
0 32 86
89 69 39
89 1 38
89 8 85
27 26 96
27 38 61
27 41 41
1 34 92
1 70 97
1 95 94
34 84 41
34 2 62
70 4 14
70 64 8
70 58 45
70 91 20
2 85 39
2 6 26
2 65 81
2 84 84
85 18 54
85 20 75
85 60 14
85 63 22
85 53 43
6 99 44
6 69 63
6 7 10
6 16 77
6 19 74
6 49 56
6 95 31
6 97 71
3 84 34
3 78 44
3 61 12
84 9 60
84 65 25
84 88 69
78 55 58
78 60 75
78 45 49
78 83 66
78 96 72
4 60 16
4 40 21
4 44 90
4 69 25
4 94 58
4 98 91
60 24 46
60 13 58
5 98 59
5 7 22
5 42 90
5 72 6
5 86 12
98 37 36
98 71 65
98 48 79
7 61 22
7 48 80
7 77 42
7 88 48
99 11 38
99 13 85
99 62 2
69 51 76
69 92 40
61 28 36
61 12 95
8 20 1
8 75 54
8 49 17
20 58 24
20 63 93
75 17 70
75 50 39
75 82 95
75 24 17
9 65 53
9 36 57
65 26 79
65 28 52
65 18 63
10 67 35
10 96 72
10 55 82
10 58 44
10 97 50
67 29 17
67 38 29
67 32 37
67 72 95
96 23 16
96 25 69
96 33 86
96 48 77
11 33 15
11 66 19
11 68 15
33 29 88
33 83 42
12 94 81
12 66 11
12 79 71
94 87 71
94 57 32
66 47 75
66 82 63
13 40 41
40 36 74
14 48 33
14 19 83
48 18 5
48 93 45
19 52 1
19 21 43
15 57 34
15 73 42
57 57 1
57 18 2
57 81 97
73 25 31
73 62 35
16 55 32
16 82 22
55 22 27
17 28 25
17 37 5
28 22 84
18 36 55
18 25 90
18 93 96
36 88 17
52 21 9
52 22 40
58 46 73
21 62 88
21 54 65
62 54 55
62 88 34
62 86 22
23 56 8
56 24 98
56 43 35
56 26 72
26 37 12
38 35 2
38 44 22
38 32 17
30 50 94
30 42 69
30 63 24
30 76 19
50 31 69
50 51 18
50 92 29
42 49 86
42 44 66
31 90 89
90 39 97
90 82 19
32 71 56
32 91 65
71 39 89
71 64 8
83 43 25
83 74 22
83 97 64
35 88 51
35 91 38
39 86 51
39 53 39
41 68 15
68 95 13
49 79 71
49 80 30
49 87 2
43 45 72
45 53 44
45 46 32
45 59 80
53 91 28
46 81 26
46 63 63
46 76 51
81 51 53
81 91 38
47 91 76
51 59 61
51 80 34
64 82 95
82 92 75
74 74 85
77 80 57