97
0 3 0.868
0 4 0.18
0 9 0.095
0 10 0.488
0 11 0.835
0 12 0.387
0 13 0.218
0 15 0.665
0 17 0.752
0 18 0.663
0 19 0.356
0 20 0.862
0 21 0.947
0 23 0.22
0 27 0.178
0 28 0.541
0 31 0.236
0 32 0.929
0 34 0.42
0 35 0.898
0 36 0.072
0 37 0.189
0 39 0.483
0 40 0.486
0 41 0.849
0 44 0.365
0 46 0.705
0 47 0.928
0 50 0.667
0 51 0.521
0 53 0.549
0 54 0.923
0 57 0.325
0 58 0.122
0 59 0.407
0 60 0.797
0 61 0.449
0 63 0.498
0 64 0.669
0 66 0.493
0 67 0.337
0 68 0.057
0 69 0.331
0 70 0.647
0 72 0.242
0 74 0.952
0 75 0.421
0 76 0.266
0 78 0.78
0 79 0.293
0 84 0.141
0 85 0.547
0 87 0.801
0 90 0.835
0 91 0.13
0 92 0.911
0 93 0.749
0 94 0.368
0 95 0.838
1 2 0.257
1 4 0.898
1 7 0.994
1 11 0.327
1 12 0.484
1 14 0.747
1 18 0.911
1 20 0.546
1 22 0.801
1 23 0.68
1 26 0.541
1 29 0.895
1 30 0.92
1 33 0.728
1 34 0.514
1 35 0.786
1 36 0.193
1 37 0.845
1 40 0.338
1 41 0.292
1 42 0.079
1 43 0.3
1 46 0.338
1 48 0.626
1 49 0.412
1 51 0.403
1 56 0.417
1 57 0.255
1 58 0.976
1 59 0.25
1 62 0.042
1 65 0.158
1 67 0.447
1 68 0.624
1 71 0.602
1 73 0.721
1 76 0.941
1 77 0.726
1 78 0.199
1 79 0.222
1 81 0.14
1 82 0.084
1 83 0.33
1 85 0.818
1 86 0.64
1 87 0.784
1 90 0.821
1 91 0.642
1 93 0.602
1 94 0.263
1 95 0.61
1 96 0.866
2 6 0.451
2 8 0.487
2 9 0.28
2 10 0.315
2 12 0.894
2 13 0.623
2 15 0.748
2 16 0.26
2 19 0.522
2 20 0.824
2 21 0.164
2 22 0.895
2 23 0.494
2 24 0.732
2 28 0.878
2 31 0.88
2 32 0.46
2 33 0.828
2 34 0.719
2 35 0.402
2 36 0.243
2 37 0.339
2 39 0.079
2 42 0.192
2 43 0.462
2 44 0.744
2 45 0.712
2 46 0.769
2 47 0.149
2 52 0.217
2 53 0.485
2 54 0.068
2 56 0.573
2 57 0.153
2 58 0.664
2 59 0.664
2 60 0.266
2 61 0.622
2 63 0.527
2 65 0.729
2 67 0.684
2 68 0.921
2 69 0.946
2 70 0.1
2 76 0.276
2 77 0.709
2 81 0.228
2 84 0.223
2 85 0.241
2 87 0.955
2 89 0.217
2 90 0.136
2 91 0.575
2 92 0.054
2 93 0.684
2 95 0.93
2 96 0.628
3 4 0.376
3 5 0.45
3 12 0.556
3 14 0.528
3 17 0.177
3 21 0.433
3 22 0.467
3 23 0.452
3 28 0.473
3 29 0.369
3 30 0.684
3 33 0.517
3 34 0.537
3 35 0.768
3 36 0.227
3 38 0.966
3 39 0.986
3 40 0.839
3 42 0.584
3 45 0.2
3 49 0.183
3 51 0.624
3 54 0.164
3 55 0.174
3 57 0.163
3 59 0.512
3 60 0.457
3 61 0.183
3 62 0.32
3 64 0.008
3 66 0.653
3 67 0.455
3 68 0.71
3 71 0.339
3 72 0.433
3 73 0.243
3 74 0.026
3 75 0.193
3 76 0.87
3 77 0.931
3 79 0.182
3 80 0.708
3 81 0.49
3 83 0.067
3 85 0.423
3 88 0.756
3 91 0.009
3 92 0.698
3 94 0.72
3 95 0.725
3 96 0.351
4 5 0.011
4 7 0.517
4 8 0.588
4 9 0.712
4 12 0.016
4 13 0.545
4 15 0.126
4 17 0.747
4 20 0.494
4 21 0.456
4 23 0.644
4 25 0.706
4 28 0.861
4 32 0.627
4 33 0.751
4 34 0.416
4 35 0.238
4 36 0.898
4 37 0.731
4 38 0.107
4 41 0.082
4 43 0.707
4 44 0.736
4 45 0.154
4 47 0.502
4 51 0.606
4 53 0.087
4 54 0.9
4 58 0.308
4 60 0.514
4 63 0.262
4 66 0.483
4 67 0.543
4 69 0.268
4 70 0.223
4 71 0.748
4 74 0.841
4 75 0.159
4 77 0.528
4 79 0.588
4 82 0.703
4 83 0.93
4 84 0.642
4 86 0.087
4 87 0.05
4 88 0.068
4 90 0.01
4 92 0.138
4 94 0.117
5 6 0.378
5 7 0.797
5 8 0.441
5 9 0.929
5 11 0.514
5 14 0.111
5 17 0.203
5 18 0.194
5 19 0.969
5 20 0.286
5 21 0.026
5 22 0.331
5 23 0.584
5 25 0.833
5 26 0.616
5 27 0.55
5 31 0.825
5 33 0.505
5 34 0.892
5 35 0.596
5 38 0.452
5 40 0.38
5 41 0.62
5 43 0.237
5 48 0.966
5 49 0.162
5 50 0.812
5 51 0.709
5 54 0.054
5 56 0.577
5 57 0.33
5 58 0.797
5 59 0.98
5 60 0.414
5 64 0.274
5 65 0.009
5 66 0.385
5 68 0.196
5 71 0.071
5 72 0.235
5 73 0.623
5 74 0.929
5 75 0.114
5 76 0.896
5 77 0.033
5 78 0.975
5 81 0.085
5 87 0.204
5 92 0.435
5 93 0.087
5 95 0.928
6 9 0.19
6 10 0.491
6 12 0.49
6 13 0.608
6 15 0.326
6 17 0.27
6 23 0.711
6 24 0.362
6 25 0.689
6 26 0.964
6 27 0.533
6 30 0.175
6 31 0.444
6 32 0.281
6 33 0.106
6 35 0.411
6 39 0.799
6 40 0.525
6 41 0.355
6 43 0.981
6 45 0.814
6 46 0.553
6 47 0.529
6 49 0.315
6 51 0.754
6 55 0.593
6 56 0.932
6 58 0.015
6 59 0.665
6 60 0.965
6 67 0.851
6 69 0.348
6 72 0.427
6 73 0.997
6 74 0.156
6 75 0.11
6 77 0.845
6 79 0.6
6 80 0.287
6 82 0.788
6 84 0.092
6 85 0.422
6 89 0.899
6 90 0.699
6 92 0.426
6 93 0.103
6 95 0.723
6 96 0.2
7 8 0.744
7 9 0.294
7 10 0.17
7 11 0.624
7 12 0.977
7 13 0.741
7 14 0.03
7 16 0.911
7 18 0.64
7 19 0.187
7 20 0.443
7 24 0.617
7 25 0.287
7 26 0.093
7 30 0.506
7 32 0.873
7 35 0.151
7 37 0.759
7 41 0.684
7 43 0.438
7 47 0.583
7 48 0.446
7 49 0.797
7 50 0.325
7 51 0.158
7 53 0.209
7 54 0.966
7 55 0.988
7 56 0.771
7 62 0.523
7 63 0.027
7 64 0.231
7 65 0.211
7 66 0.54
7 67 0.719
7 70 0.531
7 72 0.964
7 73 0.496
7 76 0.945
7 77 0.104
7 80 0.94
7 81 0.48
7 82 0.909
7 87 0.722
7 89 0.792
7 94 0.258
7 95 0.935
8 9 0.905
8 10 0.99
8 12 0.364
8 13 0.58
8 14 0.113
8 17 0.352
8 18 0.799
8 19 0.842
8 21 0.531
8 24 0.132
8 25 0.363
8 26 0.324
8 29 0.456
8 30 0.948
8 31 0.598
8 33 0.853
8 34 0.211
8 36 0.841
8 38 0.606
8 40 0.323
8 41 0.853
8 42 0.541
8 43 0.036
8 45 0.396
8 46 0.635
8 47 0.495
8 48 0.871
8 49 0.048
8 50 0.749
8 52 0.614
8 53 0.237
8 54 0.849
8 55 0.998
8 56 0.497
8 57 0.978
8 58 0.331
8 59 0.872
8 60 0.005
8 62 0.355
8 63 0.085
8 64 0.91
8 65 0.585
8 66 0.795
8 67 0.687
8 69 0.338
8 71 0.048
8 72 0.959
8 73 0.476
8 74 0.428
8 75 0.272
8 76 0.501
8 77 0.311
8 78 0.487
8 79 0.519
8 80 0.157
8 81 0.296
8 85 0.848
8 88 0.198
8 90 0.227
8 94 0.643
8 95 0.616
8 96 0.3
9 10 0.325
9 11 0.976
9 12 0.659
9 13 0.101
9 14 0.367
9 15 0.725
9 17 0.496
9 22 0.764
9 25 0.877
9 26 0.302
9 28 0.935
9 29 0.61
9 31 0.794
9 33 0.088
9 35 0.99
9 36 0.433
9 37 0.281
9 38 0.12
9 40 0.568
9 41 0.283
9 42 0.818
9 45 0.845
9 46 0.953
9 48 0.866
9 50 0.345
9 52 0.242
9 54 0.281
9 55 0.117
9 56 0.609
9 57 0.148
9 59 0.671
9 60 0.959
9 61 0.263
9 62 0.782
9 65 0.024
9 68 0.727
9 70 0.85
9 72 0.548
9 74 0.294
9 75 0.458
9 76 0.992
9 77 0.909
9 80 0.638
9 81 0.28
9 84 0.117
9 89 0.968
9 91 0.628
9 93 0.371
9 94 0.489
9 95 0.971
9 96 0.807
10 13 0.338
10 14 0.373
10 15 0.531
10 16 0.428
10 17 0.385
10 19 0.395
10 23 0.704
10 27 0.021
10 28 0.753
10 31 0.899
10 32 0.435
10 34 0.881
10 36 0.641
10 40 0.532
10 41 0.109
10 42 0.569
10 43 0.126
10 44 0.208
10 45 0.496
10 46 0.732
10 47 0.863
10 48 0.188
10 49 0.446
10 51 0.312
10 53 0.96
10 55 0.205
10 56 0.865
10 57 0.15
10 58 0.923
10 60 0.262
10 61 0.319
10 62 0.488
10 63 0.024
10 64 0.578
10 68 0.141
10 69 0.216
10 72 0.96
10 76 0.858
10 77 0.605
10 78 0.872
10 80 0.503
10 81 0.1
10 82 0.669
10 84 0.875
10 85 0.259
10 87 0.846
10 89 0.598
10 90 0.719
10 91 0.808
10 92 0.494
10 94 0.389
11 13 0.112
11 15 0.318
11 16 0.557
11 17 0.087
11 18 0.248
11 19 0.617
11 20 0.4
11 21 0.068
11 23 0.752
11 26 0.622
11 28 0.3
11 29 0.821
11 31 0.195
11 33 0.675
11 34 0.187
11 36 0.598
11 37 0.613
11 40 0.709
11 41 0.851
11 42 0.289
11 43 0.075
11 46 0.671
11 50 0.503
11 51 0.4
11 55 0.646
11 56 0.885
11 58 0.216
11 59 0.401
11 62 0.626
11 63 0.159
11 65 0.068
11 67 0.397
11 68 0.972
11 69 0.044
11 71 0.066
11 73 0.885
11 74 0.91
11 75 0.264
11 76 0.536
11 80 0.168
11 81 0.979
11 82 0.894
11 85 0.979
11 86 0.993
11 88 0.274
11 89 0.782
11 90 0.323
11 92 0.86
11 96 0.221
12 13 0.031
12 15 0.099
12 16 0.672
12 18 0.79
12 19 0.918
12 20 0.252
12 21 0.408
12 22 0.865
12 23 0.951
12 24 0.022
12 27 0.112
12 28 0.804
12 29 0.319
12 30 0.18
12 33 0.732
12 34 0.789
12 35 0.822
12 37 0.991
12 39 0.077
12 42 0.678
12 43 0.148
12 46 0.704
12 47 0.775
12 57 0.227
12 58 0.824
12 59 0.913
12 60 0.968
12 61 0.595
12 62 0.381
12 63 0.593
12 64 0.875
12 66 0.754
12 68 0.644
12 69 0.815
12 71 0.149
12 72 0.816
12 73 0.236
12 74 0.742
12 75 0.431
12 78 0.924
12 79 0.327
12 80 0.775
12 81 0.694
12 83 0.63
12 86 0.274
12 88 0.145
12 89 0.883
12 91 0.763
12 92 0.858
12 94 0.059
13 15 0.754
13 16 0.415
13 17 0.135
13 19 0.404
13 20 0.63
13 23 0.885
13 25 0.221
13 26 0.96
13 28 0.151
13 30 0.897
13 31 0.397
13 32 0.744
13 34 0.37
13 36 0.102
13 38 0.446
13 39 0.047
13 41 0.724
13 42 0.25
13 44 0.315
13 45 0.127
13 47 0.07
13 48 0.543
13 50 0.44
13 51 0.454
13 52 0.117
13 53 0.545
13 55 0.094
13 56 0.583
13 57 0.746
13 58 0.103
13 62 0.832
13 66 0.766
13 67 0.293
13 68 0.499
13 70 0.022
13 71 0.943
13 73 0.294
13 74 0.781
13 75 0.189
13 76 0.155
13 78 0.158
13 79 0.865
13 80 0.658
13 82 0.727
13 85 0.123
13 88 0.515
13 89 0.301
13 92 0.307
13 94 0.813
13 95 0.042
14 15 0.281
14 16 0.529
14 18 0.469
14 19 0.253
14 20 0.372
14 21 0.436
14 22 0.435
14 23 0.087
14 25 0.751
14 29 0.092
14 32 0.416
14 33 0.347
14 35 0.549
14 36 0.385
14 37 0.912
14 40 0.545
14 43 0.016
14 48 0.867
14 49 0.669
14 52 0.887
14 53 0.852
14 54 0.48
14 55 0.87
14 56 0.805
14 57 0.17
14 58 0.955
14 60 0.171
14 65 0.025
14 66 0.852
14 67 0.036
14 68 0.588
14 69 0.521
14 70 0.638
14 72 0.44
14 73 0.282
14 74 0.512
14 75 0.947
14 76 0.378
14 77 0.006
14 79 0.882
14 80 0.459
14 84 0.768
14 85 0.65
14 88 0.988
14 90 0.324
14 92 0.971
14 93 0.143
15 16 0.956
15 17 0.571
15 18 0.414
15 19 0.135
15 20 0.987
15 21 0.791
15 23 0.403
15 24 0.331
15 26 0.695
15 27 0.081
15 28 0.932
15 30 0.657
15 31 0.885
15 34 0.118
15 36 0.75
15 38 0.174
15 39 0.757
15 40 0.716
15 41 0.645
15 42 0.207
15 43 0.215
15 46 0.763
15 47 0.414
15 49 0.525
15 51 0.068
15 52 0.01
15 53 0.456
15 54 0.768
15 55 0.777
15 56 0.032
15 57 0.13
15 59 0.312
15 61 0.845
15 64 0.668
15 65 0.566
15 66 0.752
15 68 0.838
15 69 0.019
15 72 0.748
15 73 0.81
15 75 0.927
15 76 0.871
15 77 0.143
15 79 0.319
15 81 0.045
15 83 0.94
15 84 0.976
15 85 0.688
15 88 0.145
15 89 0.105
15 90 0.924
15 91 0.933
15 92 0.177
15 93 0.41
16 17 0.55
16 18 0.969
16 19 0.65
16 20 0.101
16 21 0.308
16 22 0.98
16 23 0.396
16 26 0.121
16 27 0.546
16 28 0.489
16 31 0.617
16 33 0.282
16 34 0.306
16 36 0.707
16 40 0.879
16 44 0.312
16 45 0.227
16 46 0.102
16 50 0.948
16 51 0.024
16 54 0.008
16 55 0.603
16 56 0.855
16 57 0.339
16 58 0.215
16 60 0.71
16 61 0.588
16 62 0.35
16 63 0.499
16 64 0.631
16 66 0.453
16 67 0.35
16 69 0.902
16 70 0.956
16 72 0.035
16 73 0.992
16 74 0.88
16 75 0.88
16 77 0.623
16 78 0.502
16 82 0.929
16 85 0.788
16 86 0.394
16 87 0.13
16 88 0.289
16 89 0.15
16 91 0.026
16 92 0.626
16 94 0.699
16 95 0.237
16 96 0.556
17 18 0.92
17 19 0.314
17 20 0.713
17 21 0.355
17 22 0.365
17 27 0.577
17 28 0.555
17 31 1.0
17 33 0.564
17 35 0.844
17 37 0.792
17 39 0.852
17 43 0.151
17 44 0.535
17 45 0.432
17 46 0.758
17 47 0.125
17 48 0.48
17 50 0.508
17 51 0.822
17 52 0.379
17 58 0.6
17 61 0.8
17 62 0.65
17 64 0.257
17 66 0.289
17 67 0.473
17 70 0.193
17 71 0.124
17 73 0.436
17 74 0.96
17 75 0.172
17 76 0.758
17 78 0.659
17 80 0.959
17 81 0.814
17 82 0.383
17 88 0.319
17 89 0.294
17 92 0.941
17 94 0.382
17 95 0.122
17 96 0.003
18 19 0.929
18 22 0.617
18 26 0.865
18 27 0.56
18 28 0.092
18 30 0.439
18 31 0.982
18 32 0.396
18 35 0.47
18 37 0.303
18 38 0.244
18 39 0.692
18 41 0.874
18 43 0.085
18 45 0.966
18 46 0.051
18 47 0.004
18 48 0.656
18 49 0.933
18 50 0.708
18 51 0.268
18 52 0.041
18 57 0.512
18 59 0.519
18 63 0.74
18 64 0.143
18 65 0.41
18 66 0.483
18 72 0.985
18 74 0.512
18 81 0.244
18 82 0.511
18 86 0.723
18 92 0.529
18 95 0.454
18 96 0.119
19 20 0.588
19 21 0.409
19 23 0.611
19 24 0.664
19 25 0.877
19 26 0.914
19 27 0.79
19 28 0.795
19 29 0.599
19 30 0.135
19 31 0.443
19 34 0.669
19 36 0.187
19 37 0.348
19 38 0.461
19 40 0.573
19 42 0.266
19 43 0.425
19 44 0.758
19 50 0.912
19 51 0.45
19 55 0.279
19 56 0.24
19 58 0.535
19 60 0.864
19 61 0.379
19 62 0.613
19 63 0.289
19 65 0.557
19 66 0.309
19 68 0.81
19 69 0.402
19 70 0.784
19 71 0.703
19 72 0.871
19 74 0.685
19 75 0.651
19 76 0.728
19 77 0.713
19 78 0.888
19 79 0.982
19 82 0.165
19 83 0.802
19 84 0.062
19 85 0.12
19 86 0.74
19 87 0.881
19 89 0.975
19 91 0.625
19 93 0.188
19 96 0.332
20 21 0.221
20 23 0.835
20 25 0.378
20 26 0.541
20 27 0.813
20 28 0.596
20 31 0.085
20 32 0.529
20 33 0.512
20 34 0.32
20 37 0.377
20 38 0.131
20 39 0.081
20 40 0.37
20 41 0.762
20 42 0.187
20 44 0.802
20 46 0.875
20 47 0.098
20 48 0.138
20 49 0.044
20 50 0.629
20 51 0.132
20 56 0.333
20 57 0.383
20 58 0.414
20 59 0.171
20 60 0.697
20 61 0.934
20 62 0.145
20 64 0.405
20 65 0.177
20 66 0.86
20 68 0.454
20 70 0.47
20 72 0.029
20 75 0.944
20 77 0.912
20 85 0.734
20 86 0.414
20 87 0.057
20 88 0.123
20 89 0.986
20 90 0.42
20 94 0.917
20 95 0.93
21 22 0.507
21 23 0.773
21 24 0.533
21 25 0.117
21 27 0.95
21 28 0.924
21 29 0.686
21 30 0.163
21 31 0.379
21 33 0.171
21 34 0.227
21 36 0.754
21 37 0.307
21 40 0.606
21 41 0.578
21 42 0.89
21 44 0.503
21 45 0.219
21 46 0.274
21 47 0.948
21 48 0.605
21 49 0.906
21 50 0.875
21 52 0.913
21 53 0.72
21 54 0.463
21 57 0.28
21 58 0.398
21 59 0.161
21 61 0.821
21 62 0.29
21 63 0.165
21 66 0.818
21 67 0.699
21 68 0.865
21 69 0.841
21 70 0.031
21 74 0.022
21 75 0.052
21 76 0.604
21 77 0.562
21 78 0.92
21 79 0.427
21 81 0.511
21 82 0.156
21 83 0.72
21 84 0.661
21 85 0.335
21 87 0.115
21 90 0.303
21 91 0.6
21 93 0.39
21 94 0.815
21 95 0.156
21 96 0.018
22 24 0.699
22 25 0.97
22 26 0.092
22 27 0.902
22 30 0.167
22 31 0.291
22 33 0.377
22 36 0.239
22 37 0.769
22 38 0.673
22 40 0.549
22 41 0.655
22 43 0.225
22 44 0.153
22 48 0.224
22 49 0.393
22 52 0.238
22 53 0.295
22 56 0.364
22 57 0.626
22 60 0.123
22 61 0.242
22 64 0.395
22 65 0.809
22 66 0.37
22 70 0.975
22 72 0.637
22 73 0.302
22 74 0.985
22 77 0.662
22 78 0.745
22 79 0.37
22 81 0.908
22 85 0.026
22 86 0.114
22 88 0.201
22 91 0.604
22 94 0.932
23 26 0.804
23 30 0.916
23 31 0.292
23 32 0.238
23 34 0.804
23 35 0.697
23 36 0.025
23 37 0.757
23 39 0.453
23 40 0.98
23 41 0.705
23 43 0.277
23 45 0.103
23 48 0.003
23 49 0.553
23 50 0.657
23 52 0.024
23 55 0.684
23 57 0.448
23 58 0.574
23 62 0.268
23 64 0.814
23 66 0.511
23 67 0.622
23 68 0.703
23 69 0.637
23 70 0.588
23 71 0.581
23 72 0.855
23 73 0.432
23 77 0.659
23 78 0.725
23 79 0.388
23 82 0.359
23 83 0.426
23 84 0.543
23 85 0.608
23 86 0.671
23 87 0.281
23 88 0.415
23 89 0.843
23 92 0.133
23 93 0.944
23 95 0.687
23 96 0.64
24 25 0.256
24 26 0.718
24 27 0.209
24 29 0.879
24 30 0.895
24 31 0.198
24 33 0.91
24 34 0.634
24 36 0.832
24 37 0.066
24 38 0.667
24 39 0.566
24 41 0.284
24 47 0.43
24 48 0.606
24 50 0.951
24 51 0.251
24 52 0.637
24 54 0.375
24 55 0.413
24 56 0.625
24 57 0.477
24 64 0.338
24 65 0.781
24 66 0.011
24 67 0.825
24 69 0.596
24 70 0.385
24 71 0.204
24 72 0.576
24 73 0.106
24 75 0.723
24 76 0.906
24 77 0.406
24 78 0.181
24 80 0.053
24 81 0.551
24 84 0.626
24 85 0.995
24 89 0.098
24 90 0.607
24 91 0.39
24 93 0.45
24 94 0.244
24 96 0.321
25 27 0.202
25 28 0.183
25 30 0.029
25 31 0.858
25 33 0.459
25 34 0.626
25 35 0.025
25 38 0.902
25 39 0.749
25 40 0.31
25 41 0.357
25 45 0.51
25 46 0.764
25 52 0.297
25 53 0.854
25 55 0.723
25 56 0.141
25 57 0.121
25 60 0.409
25 61 0.528
25 65 0.181
25 67 0.418
25 68 0.666
25 69 0.748
25 70 0.714
25 75 0.862
25 77 0.737
25 78 0.316
25 82 0.595
25 83 0.588
25 85 0.64
25 86 0.321
25 87 0.01
25 89 0.687
25 92 0.198
25 94 0.601
25 95 0.334
26 27 0.719
26 28 0.033
26 29 0.132
26 31 0.514
26 32 0.201
26 33 0.987
26 34 0.484
26 35 0.459
26 41 0.407
26 42 0.59
26 43 0.041
26 48 0.38
26 51 0.012
26 52 0.616
26 54 0.909
26 60 0.155
26 61 0.584
26 62 0.174
26 64 0.545
26 65 0.763
26 67 0.79
26 68 0.05
26 71 0.489
26 73 0.439
26 74 0.115
26 75 0.219
26 76 0.379
26 77 0.948
26 78 0.003
26 85 0.933
26 86 0.911
26 87 0.926
26 88 0.159
26 89 0.7
26 90 0.423
26 91 0.869
26 92 0.851
26 94 0.888
26 95 0.46
26 96 0.759
27 30 0.008
27 31 0.989
27 36 0.035
27 37 0.458
27 38 0.058
27 39 0.906
27 41 0.138
27 44 0.952
27 46 0.673
27 47 0.276
27 48 0.233
27 49 0.48
27 54 0.663
27 56 0.473
27 57 0.929
27 58 0.381
27 59 0.787
27 62 0.024
27 63 0.155
27 66 0.436
27 69 0.129
27 70 0.082
27 71 0.42
27 73 0.977
27 74 0.166
27 75 0.077
27 76 0.406
27 78 0.592
27 81 0.644
27 83 0.502
27 85 0.026
27 88 0.831
27 91 0.655
27 93 0.293
27 94 0.644
27 95 0.685
28 30 0.185
28 31 0.277
28 33 0.483
28 35 0.395
28 37 0.129
28 38 0.468
28 42 0.896
28 43 0.555
28 44 0.943
28 45 0.233
28 46 0.691
28 48 0.932
28 49 0.287
28 50 0.424
28 52 0.335
28 54 0.128
28 55 0.402
28 56 0.253
28 59 0.343
28 60 0.766
28 61 0.845
28 65 0.646
28 67 0.499
28 68 0.61
28 69 0.846
28 72 0.706
28 73 0.025
28 74 0.127
28 75 0.042
28 78 0.363
28 79 0.093
28 80 0.317
28 82 0.042
28 84 0.87
28 85 0.484
28 86 0.073
28 88 0.019
28 89 0.11
28 91 0.387
28 94 0.949
28 95 0.955
28 96 0.144
29 31 0.276
29 32 0.369
29 33 0.176
29 34 0.004
29 37 0.08
29 38 0.415
29 40 0.585
29 41 0.893
29 42 0.039
29 45 0.018
29 46 0.382
29 47 0.806
29 48 0.185
29 49 0.009
29 52 0.59
29 54 0.406
29 55 0.51
29 57 0.575
29 58 0.634
29 60 0.158
29 62 0.994
29 63 0.521
29 66 0.088
29 70 0.82
29 71 0.7
29 73 0.897
29 74 0.887
29 75 0.628
29 78 0.714
29 79 0.364
29 80 0.229
29 81 0.544
29 83 0.204
29 85 0.007
29 90 0.999
29 92 0.539
29 93 0.704
29 94 0.615
29 96 0.815
30 31 0.232
30 32 0.585
30 34 0.559
30 35 0.07
30 36 0.513
30 37 0.681
30 41 0.083
30 42 0.087
30 43 0.324
30 45 0.349
30 47 0.036
30 48 0.278
30 49 0.073
30 53 0.345
30 55 0.287
30 61 0.483
30 65 0.179
30 67 0.038
30 68 0.458
30 69 0.367
30 72 0.05
30 75 0.32
30 76 0.426
30 81 0.107
30 82 0.568
30 83 0.638
30 84 0.448
30 85 0.383
30 87 0.634
30 89 0.028
30 90 0.572
30 93 0.815
30 94 0.017
30 96 0.749
31 32 0.582
31 33 0.785
31 34 0.453
31 40 0.263
31 42 0.327
31 46 0.667
31 48 0.265
31 50 0.187
31 52 0.382
31 54 0.077
31 56 0.279
31 57 0.319
31 58 0.489
31 59 0.891
31 60 0.058
31 61 0.562
31 63 0.256
31 65 0.138
31 67 0.832
31 68 0.542
31 69 0.789
31 71 0.528
31 72 0.226
31 73 0.818
31 75 0.973
31 76 0.246
31 77 0.898
31 78 0.091
31 79 0.07
31 80 0.577
31 81 0.688
31 84 0.025
31 85 0.902
31 86 0.014
31 87 0.899
31 89 0.18
31 90 0.66
31 91 0.647
31 92 0.009
31 93 0.059
31 94 0.02
31 96 0.442
32 34 0.991
32 36 0.676
32 37 0.831
32 40 0.936
32 42 0.982
32 44 0.974
32 45 0.529
32 48 0.883
32 52 0.631
32 56 0.815
32 57 0.669
32 58 0.072
32 59 0.366
32 61 0.049
32 63 0.467
32 64 0.642
32 65 0.371
32 66 0.189
32 67 0.141
32 68 0.647
32 69 0.018
32 71 0.201
32 73 0.653
32 74 0.198
32 78 0.38
32 79 0.222
32 81 0.339
32 84 0.181
32 85 0.147
32 86 0.549
32 87 0.977
32 88 0.933
32 91 0.138
32 92 0.017
32 94 0.746
32 95 0.559
33 34 0.446
33 35 0.145
33 39 0.9
33 41 0.719
33 42 0.65
33 43 0.868
33 46 0.004
33 47 0.789
33 49 0.694
33 50 0.819
33 51 0.148
33 52 0.995
33 56 0.853
33 57 0.968
33 59 0.318
33 61 0.238
33 63 0.526
33 64 0.966
33 65 0.853
33 69 0.67
33 71 0.413
33 72 0.378
33 73 0.146
33 74 0.894
33 75 0.1
33 77 0.464
33 78 0.323
33 80 0.487
33 82 0.685
33 85 0.833
33 87 0.12
33 91 0.701
33 92 0.306
33 93 0.556
34 35 0.55
34 39 0.204
34 40 0.184
34 41 0.597
34 43 0.07
34 46 0.186
34 47 0.14
34 49 0.489
34 50 0.255
34 54 0.429
34 56 0.541
34 58 0.992
34 59 0.564
34 60 0.916
34 61 0.541
34 62 0.514
34 63 0.898
34 64 0.592
34 65 0.204
34 66 0.833
34 67 0.552
34 68 0.459
34 70 0.862
34 71 0.704
34 73 0.462
34 76 0.548
34 77 0.739
34 78 0.873
34 79 0.069
34 81 0.328
34 83 0.724
34 84 0.527
34 85 0.031
34 86 0.959
34 87 0.325
34 88 0.387
34 90 0.385
34 91 0.048
34 92 0.891
34 94 0.454
34 96 0.727
35 36 0.324
35 37 0.991
35 38 0.201
35 39 0.381
35 43 0.2
35 46 0.48
35 47 0.341
35 48 0.985
35 51 0.482
35 52 0.361
35 55 0.03
35 56 0.244
35 58 0.677
35 59 0.253
35 60 0.193
35 61 0.586
35 62 0.602
35 64 0.842
35 65 0.707
35 66 0.519
35 67 0.292
35 68 0.378
35 69 0.81
35 70 0.111
35 71 0.724
35 72 0.234
35 74 0.927
35 75 0.682
35 76 0.054
35 79 0.922
35 82 0.902
35 85 0.25
35 87 0.808
35 88 0.707
35 90 0.488
35 91 0.637
35 96 0.426
36 37 0.222
36 38 0.883
36 41 0.843
36 45 0.775
36 48 0.511
36 49 0.804
36 52 0.789
36 54 0.921
36 56 0.835
36 58 0.888
36 60 0.724
36 61 0.458
36 64 0.997
36 65 0.776
36 66 0.693
36 67 0.446
36 70 0.932
36 71 0.073
36 72 0.899
36 73 0.033
36 75 0.512
36 79 0.464
36 81 0.591
36 82 0.476
36 84 0.455
36 86 0.754
36 88 0.542
36 94 0.284
37 38 0.809
37 39 0.29
37 41 0.714
37 44 0.175
37 45 0.87
37 46 0.253
37 47 0.507
37 48 0.938
37 50 0.841
37 51 0.203
37 53 0.532
37 54 0.535
37 56 0.67
37 58 0.696
37 59 0.399
37 60 0.198
37 64 0.818
37 65 0.01
37 68 0.398
37 70 0.937
37 72 0.887
37 74 0.406
37 75 0.312
37 76 0.779
37 78 0.323
37 79 0.029
37 80 0.897
37 81 0.263
37 82 0.466
37 87 0.806
37 90 0.756
37 91 0.57
37 93 0.931
37 94 0.333
37 95 0.259
37 96 0.798
38 39 0.831
38 40 0.919
38 41 0.456
38 42 0.005
38 43 0.98
38 47 0.914
38 48 0.629
38 50 0.617
38 52 0.634
38 53 0.358
38 55 0.256
38 57 0.087
38 59 0.93
38 67 0.295
38 68 0.742
38 71 0.135
38 79 0.622
38 80 0.175
38 81 0.041
38 82 0.799
38 84 0.404
38 85 0.855
38 86 0.273
38 87 0.866
38 90 0.947
38 92 0.225
38 93 0.021
38 94 0.952
38 95 0.913
38 96 0.005
39 41 0.743
39 43 0.336
39 45 0.794
39 46 0.059
39 50 0.921
39 54 0.156
39 59 0.033
39 61 0.888
39 62 0.533
39 63 0.564
39 64 0.619
39 66 0.141
39 70 0.548
39 71 0.839
39 72 0.331
39 74 0.714
39 76 0.512
39 80 0.458
39 81 0.673
39 83 0.604
39 85 0.806
39 86 0.8
39 88 0.751
39 91 0.282
39 95 0.293
40 41 0.742
40 42 0.352
40 43 0.233
40 44 0.434
40 45 0.335
40 46 0.874
40 47 0.854
40 49 0.248
40 50 0.478
40 53 0.052
40 54 0.366
40 57 0.721
40 58 0.088
40 59 0.074
40 60 0.525
40 61 0.762
40 62 0.95
40 64 0.114
40 65 0.156
40 67 0.828
40 69 0.663
40 71 0.396
40 72 0.377
40 74 0.222
40 77 0.044
40 78 0.158
40 79 0.275
40 80 0.673
40 82 0.129
40 84 0.36
40 85 0.462
40 88 0.928
40 90 0.359
40 91 0.948
40 96 0.808
41 44 0.772
41 45 0.713
41 46 0.043
41 48 0.213
41 49 0.027
41 50 0.706
41 51 0.227
41 52 0.595
41 53 0.964
41 55 0.012
41 56 0.661
41 58 0.975
41 59 0.183
41 60 0.202
41 61 0.501
41 63 0.647
41 68 0.167
41 71 0.746
41 72 0.969
41 73 0.301
41 74 0.749
41 75 0.262
41 76 0.379
41 78 0.762
41 79 0.948
41 81 0.688
41 83 0.924
41 86 0.911
41 89 0.604
41 90 0.39
41 91 0.179
41 96 0.798
42 43 0.399
42 44 0.851
42 47 0.361
42 49 0.896
42 50 0.558
42 51 0.844
42 52 0.726
42 54 0.282
42 55 0.606
42 56 0.897
42 58 0.431
42 60 0.392
42 61 0.32
42 63 0.887
42 65 0.303
42 67 0.875
42 68 0.624
42 69 0.367
42 72 0.287
42 73 0.154
42 74 0.516
42 75 0.81
42 80 0.283
42 81 0.694
42 83 0.306
42 84 0.747
42 87 0.729
42 88 0.293
42 89 0.146
42 92 0.157
42 93 0.362
42 96 0.872
43 44 0.07
43 45 0.799
43 47 0.205
43 49 0.483
43 51 0.215
43 52 0.964
43 54 0.002
43 59 0.943
43 60 0.352
43 63 0.08
43 65 0.016
43 70 0.892
43 71 0.146
43 73 0.175
43 74 0.307
43 75 0.607
43 79 0.962
43 81 0.758
43 82 0.184
43 83 0.054
43 85 0.437
43 87 0.311
43 88 0.301
43 90 0.715
43 91 0.652
43 95 0.649
44 46 0.097
44 50 0.119
44 51 0.515
44 52 0.045
44 53 0.462
44 63 0.221
44 64 0.435
44 65 0.528
44 66 0.916
44 67 0.648
44 68 0.459
44 70 0.966
44 71 0.065
44 74 0.206
44 77 0.668
44 78 0.854
44 80 0.026
44 81 0.446
44 83 0.094
44 86 0.234
44 87 0.302
44 88 0.08
44 89 0.447
44 90 0.587
44 92 0.564
44 93 0.286
44 95 0.126
44 96 0.641
45 47 0.016
45 48 0.589
45 49 0.717
45 52 0.139
45 54 0.091
45 57 0.325
45 59 0.803
45 63 0.521
45 64 0.885
45 66 0.342
45 68 0.816
45 69 0.81
45 73 0.193
45 74 0.88
45 75 0.73
45 76 0.16
45 77 0.12
45 78 0.507
45 79 0.53
45 80 0.759
45 81 0.677
45 84 0.347
45 86 0.651
45 88 0.06
45 89 0.563
45 90 0.3
45 92 0.404
45 94 0.842
46 47 0.276
46 49 0.836
46 51 0.073
46 52 0.3
46 54 0.871
46 56 0.162
46 59 0.857
46 60 0.318
46 62 0.009
46 65 0.314
46 66 0.822
46 68 0.558
46 69 0.81
46 71 0.964
46 73 0.813
46 77 0.195
46 79 0.228
46 81 0.509
46 82 0.644
46 83 0.3
46 87 0.019
46 88 0.756
46 89 0.781
46 93 0.853
46 96 0.495
47 50 0.099
47 51 0.439
47 52 0.35
47 53 0.019
47 54 0.472
47 56 0.278
47 57 0.842
47 59 0.644
47 60 0.293
47 64 0.509
47 65 0.401
47 66 0.588
47 67 0.583
47 74 0.175
47 75 0.806
47 76 0.225
47 77 0.638
47 78 0.301
47 80 0.057
47 82 0.526
47 84 0.121
47 86 0.584
47 87 0.415
47 88 0.496
47 90 0.77
47 92 0.032
47 93 0.113
47 94 0.283
47 96 0.527
48 56 0.469
48 57 0.873
48 58 0.339
48 60 0.159
48 66 0.121
48 70 0.034
48 71 0.912
48 72 0.326
48 74 0.278
48 77 0.892
48 78 0.436
48 80 0.4
48 81 0.334
48 82 0.562
48 83 0.472
48 84 0.146
48 86 0.834
48 87 0.262
48 88 0.058
48 89 0.86
48 92 0.309
49 51 0.746
49 54 0.821
49 56 0.038
49 60 0.875
49 61 0.565
49 62 0.88
49 63 0.794
49 64 0.774
49 65 0.703
49 66 0.868
49 68 0.154
49 69 0.818
49 70 0.785
49 72 0.687
49 75 0.768
49 76 0.713
49 77 0.787
49 78 0.014
49 80 0.885
49 81 0.973
49 82 0.213
49 83 0.542
49 84 0.582
49 85 0.581
49 86 0.776
49 88 0.25
49 90 0.464
49 92 0.9
49 93 0.268
49 96 0.469
50 52 0.452
50 53 0.574
50 55 0.65
50 56 0.935
50 57 0.092
50 58 0.55
50 59 0.776
50 61 0.118
50 62 0.642
50 64 0.426
50 66 0.6
50 76 0.898
50 77 0.761
50 78 0.669
50 79 0.347
50 80 0.926
50 82 0.882
50 84 0.523
50 87 0.49
50 88 0.981
50 89 0.929
50 90 0.79
50 91 0.509
50 93 0.735
50 95 0.252
50 96 0.243
51 52 0.794
51 54 0.493
51 58 0.603
51 59 0.583
51 60 0.013
51 61 0.621
51 64 0.728
51 65 0.856
51 66 0.405
51 67 0.75
51 72 0.164
51 73 0.821
51 77 0.226
51 78 0.627
51 81 0.788
51 82 0.953
51 83 0.394
51 84 0.802
51 85 0.663
51 86 0.779
51 87 0.784
51 88 0.941
51 89 0.985
51 90 0.341
51 91 0.008
51 92 0.346
51 95 0.93
51 96 0.742
52 54 0.729
52 55 0.297
52 57 0.921
52 58 0.149
52 60 0.39
52 61 0.425
52 62 0.969
52 64 0.867
52 66 0.136
52 67 0.108
52 68 0.316
52 72 0.38
52 75 0.245
52 77 0.183
52 78 0.039
52 79 0.753
52 81 0.147
52 82 0.782
52 83 0.062
52 84 0.14
52 85 0.289
52 87 0.611
52 88 0.338
52 90 0.071
52 91 0.191
52 92 0.453
52 93 0.875
52 95 0.482
53 54 0.409
53 55 0.197
53 61 0.17
53 62 0.138
53 63 0.019
53 64 0.117
53 66 0.357
53 67 0.768
53 68 0.223
53 69 0.057
53 70 0.075
53 73 0.188
53 75 0.905
53 76 0.854
53 77 0.066
53 78 0.012
53 79 0.482
53 80 0.018
53 82 0.983
53 83 0.038
53 84 0.768
53 86 0.874
53 87 0.629
53 90 0.325
53 91 0.24
53 92 0.935
53 95 0.452
54 55 0.352
54 56 0.194
54 57 0.419
54 58 0.592
54 63 0.225
54 64 0.8
54 65 0.007
54 69 0.25
54 71 0.418
54 77 0.617
54 81 0.837
54 84 0.79
54 88 0.73
54 90 0.502
54 91 0.996
54 92 0.034
54 93 0.937
54 94 0.769
54 95 0.447
54 96 0.278
55 56 0.732
55 62 0.688
55 63 0.274
55 64 0.341
55 65 0.928
55 66 0.577
55 67 0.381
55 69 0.378
55 70 0.453
55 71 0.112
55 74 0.336
55 76 0.742
55 78 0.152
55 80 0.115
55 82 0.466
55 83 0.459
55 84 0.424
55 85 0.178
55 86 0.61
55 88 0.615
55 89 0.084
55 92 0.668
55 94 0.84
55 95 0.067
55 96 0.604
56 57 0.11
56 58 0.7
56 59 0.913
56 60 0.953
56 62 0.066
56 63 0.882
56 65 0.249
56 66 0.625
56 67 0.004
56 68 0.049
56 69 0.748
56 71 0.5
56 72 0.944
56 73 0.15
56 74 0.237
56 75 0.097
56 76 0.687
56 77 0.07
56 79 0.965
56 80 0.944
56 82 0.86
56 83 0.968
56 84 0.539
56 87 0.908
56 88 0.731
56 89 0.46
56 90 0.847
56 91 0.887
56 92 0.284
56 93 0.674
56 95 0.064
56 96 0.798
57 59 0.66
57 60 0.089
57 61 0.102
57 62 0.387
57 63 0.453
57 64 0.274
57 65 0.669
57 69 0.492
57 71 0.487
57 72 0.834
57 74 0.267
57 77 0.712
57 80 0.514
57 86 0.542
57 88 0.817
57 89 0.057
57 90 0.689
57 91 0.123
57 92 0.019
57 93 0.055
57 95 0.11
57 96 0.558
58 60 0.75
58 61 0.739
58 62 0.185
58 63 0.511
58 64 0.516
58 65 0.865
58 66 0.074
58 67 0.606
58 69 0.212
58 73 0.819
58 75 0.702
58 77 0.963
58 78 0.504
58 79 0.991
58 80 0.341
58 81 0.829
58 82 0.118
58 84 0.239
58 85 0.841
58 87 0.401
58 88 0.605
58 91 0.697
58 93 0.22
58 95 0.979
58 96 0.505
59 60 0.725
59 61 0.767
59 63 0.13
59 68 0.453
59 69 0.8
59 70 0.201
59 71 0.217
59 72 0.82
59 73 0.9
59 74 0.263
59 75 0.979
59 77 0.49
59 78 0.6
59 80 0.712
59 82 0.066
59 84 0.536
59 87 0.02
59 88 0.928
59 91 0.535
59 92 0.259
59 95 0.762
60 61 0.339
60 63 0.815
60 64 0.414
60 68 0.326
60 70 0.558
60 71 0.78
60 73 0.526
60 74 0.472
60 75 0.402
60 76 0.994
60 78 0.126
60 81 0.937
60 82 0.116
60 84 0.242
60 86 0.886
60 89 0.567
60 90 0.542
60 92 0.613
60 93 0.488
60 95 0.007
61 63 0.043
61 65 0.616
61 72 0.216
61 73 0.627
61 74 0.328
61 76 0.112
61 77 0.854
61 78 0.059
61 80 0.881
61 82 0.41
61 83 0.502
61 86 0.327
61 87 0.392
61 92 0.797
61 94 0.756
62 63 0.432
62 66 0.027
62 67 0.932
62 69 0.698
62 71 0.861
62 73 0.564
62 74 0.289
62 77 0.748
62 78 0.11
62 79 0.535
62 80 0.616
62 81 0.405
62 82 0.014
62 83 0.989
62 91 0.197
62 93 0.123
62 95 0.955
63 65 0.39
63 66 0.829
63 70 0.464
63 74 0.014
63 76 0.873
63 79 0.426
63 80 0.369
63 82 0.159
63 83 0.202
63 86 0.473
63 88 0.39
63 92 0.404
63 93 0.581
63 94 0.873
63 95 0.485
64 65 0.268
64 66 0.064
64 67 0.503
64 69 0.83
64 70 0.977
64 71 0.078
64 72 0.785
64 73 0.132
64 74 0.551
64 78 0.283
64 81 0.219
64 82 0.788
64 83 0.06
64 84 0.387
64 85 0.354
64 86 0.916
64 87 0.791
64 88 0.566
64 89 0.091
64 90 0.837
64 91 0.182
64 94 0.699
64 95 0.436
64 96 0.815
65 67 0.81
65 68 0.175
65 69 0.7
65 71 0.428
65 72 0.649
65 73 0.338
65 74 0.943
65 75 0.341
65 77 0.366
65 81 0.469
65 83 0.034
65 85 0.683
65 86 0.776
65 87 0.396
65 88 0.66
65 90 0.908
65 91 0.559
65 92 0.58
65 93 0.643
65 94 0.771
65 95 0.448
65 96 0.124
66 67 0.457
66 72 0.094
66 74 0.786
66 76 0.98
66 77 0.541
66 78 0.411
66 79 0.06
66 81 0.134
66 82 0.227
66 83 0.188
66 84 0.832
66 85 0.235
66 92 0.433
66 93 0.747
66 94 0.093
66 96 0.029
67 68 0.334
67 70 0.375
67 71 0.784
67 72 0.047
67 73 0.697
67 75 0.614
67 76 0.693
67 83 0.687
67 84 0.488
67 85 0.856
67 87 0.549
67 89 0.126
67 90 0.463
67 92 0.164
67 93 0.716
67 95 0.979
67 96 0.847
68 71 0.4
68 72 0.78
68 73 0.927
68 74 0.023
68 76 0.483
68 77 0.909
68 78 0.973
68 79 0.526
68 81 0.961
68 86 0.199
68 87 0.687
68 88 0.185
68 95 0.482
69 70 0.444
69 71 0.518
69 72 0.124
69 74 0.773
69 75 0.398
69 76 0.045
69 78 0.776
69 79 0.449
69 81 0.06
69 83 0.9
69 84 0.97
69 87 0.558
69 88 0.944
69 89 0.48
69 90 0.538
69 94 0.861
69 95 0.828
69 96 0.232
70 73 0.793
70 75 0.31
70 76 0.003
70 78 0.861
70 79 0.058
70 82 0.943
70 84 0.465
70 85 0.984
70 86 0.482
70 87 0.981
70 88 0.695
70 92 0.485
70 94 0.873
71 73 0.016
71 75 0.706
71 78 0.04
71 81 0.346
71 82 0.662
71 85 0.522
71 87 0.128
71 89 0.645
71 90 0.237
71 91 0.683
71 93 0.217
71 94 0.514
71 95 0.025
71 96 0.689
72 73 0.546
72 74 0.848
72 75 0.749
72 77 0.754
72 78 0.132
72 79 0.31
72 80 0.323
72 83 0.685
72 84 0.518
72 85 0.132
72 87 0.416
72 88 0.005
72 91 0.121
72 92 0.006
72 93 0.085
72 94 0.819
72 96 0.014
73 74 0.894
73 77 0.436
73 79 0.64
73 81 0.874
73 82 0.93
73 83 0.832
73 84 0.499
73 88 0.601
73 91 0.345
73 93 0.748
73 95 0.717
74 76 0.928
74 77 0.789
74 80 0.06
74 82 0.9
74 85 0.507
74 86 0.282
74 89 0.933
74 90 0.727
74 92 0.595
74 93 0.109
74 94 0.22
74 96 0.718
75 76 0.307
75 81 0.552
75 82 0.598
75 83 0.855
75 85 0.009
75 87 0.197
75 88 0.536
75 89 0.702
75 90 0.599
75 91 0.761
75 92 0.139
75 94 0.822
75 95 0.169
76 78 0.555
76 79 0.939
76 80 0.798
76 81 0.307
76 84 0.668
76 86 0.814
76 87 0.535
76 88 0.247
76 89 0.734
76 95 0.606
77 78 0.375
77 79 0.058
77 84 0.675
77 85 0.087
77 86 0.684
77 87 0.43
77 88 0.224
77 89 0.723
77 90 0.771
77 92 0.615
77 94 0.689
77 95 0.586
78 82 0.306
78 83 0.944
78 85 0.902
78 89 0.73
78 93 0.947
78 95 0.037
78 96 0.77
79 81 0.229
79 82 0.798
79 86 0.429
79 87 0.567
79 88 0.795
79 89 0.918
79 92 0.951
79 94 0.948
79 95 0.504
80 82 0.093
80 89 0.082
80 90 0.503
80 92 0.951
80 95 0.761
80 96 0.602
81 82 0.183
81 83 0.868
81 85 0.546
81 86 0.522
81 90 0.03
81 91 0.954
81 92 0.205
81 94 0.032
81 95 0.349
81 96 0.594
82 84 0.703
82 85 0.266
82 87 0.829
82 89 0.921
82 90 0.146
82 94 0.266
83 84 0.276
83 85 0.077
83 86 0.666
83 88 0.974
83 89 0.225
83 95 0.097
83 96 0.892
84 87 0.638
84 88 0.392
84 89 0.932
84 90 0.969
84 91 0.022
84 92 0.809
84 93 0.966
84 94 0.787
84 95 0.063
84 96 0.299
85 88 0.288
85 89 0.849
85 90 0.624
85 91 0.28
85 92 0.909
85 95 0.446
85 96 0.227
86 88 0.616
86 91 0.227
86 92 0.026
86 93 0.284
87 88 0.23
87 89 0.821
87 90 0.457
87 91 0.769
87 93 0.789
87 96 0.517
88 89 0.787
88 91 0.718
88 93 0.954
88 94 0.745
88 95 0.957
89 90 0.627
89 94 0.036
89 96 0.825
90 92 0.372
90 94 0.728
90 95 0.629
90 96 0.778
91 95 0.442
92 95 0.562
92 96 0.762
93 95 0.248
94 95 0.056
94 96 0.826