98
0 1 63
0 2 70
0 3 33
0 4 34
0 5 77
0 6 49
0 7 12
0 8 20
0 9 85
0 10 79
0 11 43
0 12 63
0 13 49
0 14 72
0 15 93
0 16 8
0 17 50
0 18 21
0 19 18
0 20 15
0 21 83
0 22 86
0 23 79
0 24 97
0 25 83
0 26 31
0 27 49
0 28 39
0 29 84
0 30 60
0 31 44
0 32 49
0 33 82
0 34 13
0 35 71
0 36 23
0 37 75
0 38 63
0 39 29
0 40 58
0 41 66
0 42 42
0 43 33
0 44 16
0 45 86
0 46 92
0 47 50
0 48 28
0 49 52
0 50 14
0 51 60
0 52 86
0 53 73
0 54 78
0 55 58
0 56 79
0 57 53
0 58 36
0 59 81
0 60 99
0 61 48
0 62 56
0 63 57
0 64 41
0 65 21
0 66 15
0 67 87
0 68 17
0 69 49
0 70 8
0 71 39
0 72 95
0 73 77
0 74 30
0 75 64
0 76 47
0 77 36
0 78 55
0 79 6
0 80 27
0 81 44
0 82 45
0 83 14
0 84 90
0 85 9
0 86 91
0 87 97
0 88 26
0 89 21
0 90 70
0 91 3
0 92 14
0 93 56
0 94 99
0 95 20
0 96 79
0 97 50
1 2 60
1 3 34
1 4 6
1 5 16
1 6 7
1 7 14
1 8 29
1 9 44
1 10 84
1 11 35
1 12 72
1 13 45
1 14 67
1 15 7
1 16 50
1 17 34
1 18 25
1 19 20
1 20 24
1 21 99
1 22 76
1 23 74
1 24 14
1 25 33
1 26 17
1 27 23
1 28 15
1 29 46
1 30 10
1 31 56
1 32 69
1 33 48
1 34 55
1 35 13
1 36 95
1 37 30
1 38 11
1 39 60
1 40 37
1 41 38
1 42 82
1 43 31
1 44 37
1 45 6
1 46 79
1 47 40
1 48 10
1 49 43
1 50 19
1 51 74
1 52 58
1 53 65
1 54 22
1 55 5
1 56 83
1 57 22
1 58 87
1 59 20
1 60 50
1 61 31
1 62 84
1 63 43
1 64 15
1 65 74
1 66 69
1 67 36
1 68 77
1 69 23
1 70 72
1 71 97
1 72 85
1 73 92
1 74 61
1 75 61
1 76 70
1 77 80
1 78 71
1 79 25
1 80 55
1 81 38
1 82 12
1 83 54
1 84 50
1 85 59
1 86 63
1 87 21
1 88 50
1 89 30
1 90 17
1 91 98
1 92 82
1 93 3
1 94 82
1 95 23
1 96 3
1 97 6
2 3 96
2 4 58
2 5 96
2 6 31
2 7 55
2 8 21
2 9 62
2 10 35
2 11 62
2 12 82
2 13 58
2 14 8
2 15 73
2 16 89
2 17 11
2 18 36
2 19 14
2 20 98
2 21 45
2 22 43
2 23 73
2 24 32
2 25 71
2 26 89
2 27 37
2 28 27
2 29 23
2 30 29
2 31 8
2 32 1
2 33 30
2 34 26
2 35 46
2 36 42
2 37 68
2 38 31
2 39 5
2 40 39
2 41 44
2 42 45
2 43 77
2 44 2
2 45 16
2 46 71
2 47 74
2 48 62
2 49 77
2 50 44
2 51 17
2 52 14
2 53 34
2 54 46
2 55 39
2 56 80
2 57 9
2 58 52
2 59 53
2 60 78
2 61 16
2 62 99
2 63 63
2 64 82
2 65 36
2 66 17
2 67 57
2 68 48
2 69 34
2 70 6
2 71 47
2 72 3
2 73 29
2 74 5
2 75 58
2 76 74
2 77 94
2 78 9
2 79 50
2 80 65
2 81 92
2 82 87
2 83 92
2 84 55
2 85 89
2 86 72
2 87 51
2 88 16
2 89 78
2 90 40
2 91 22
2 92 22
2 93 4
2 94 40
2 95 58
2 96 88
2 97 18
3 4 75
3 5 17
3 6 47
3 7 44
3 8 37
3 9 40
3 10 12
3 11 81
3 12 31
3 13 77
3 14 27
3 15 54
3 16 25
3 17 80
3 18 69
3 19 75
3 20 47
3 21 98
3 22 74
3 23 43
3 24 8
3 25 44
3 26 63
3 27 25
3 28 81
3 29 92
3 30 62
3 31 93
3 32 93
3 33 97
3 34 23
3 35 95
3 36 91
3 37 54
3 38 32
3 39 91
3 40 34
3 41 2
3 42 86
3 43 3
3 44 55
3 45 67
3 46 72
3 47 63
3 48 89
3 49 79
3 50 65
3 51 36
3 52 31
3 53 41
3 54 51
3 55 74
3 56 95
3 57 61
3 58 14
3 59 7
3 60 90
3 61 65
3 62 26
3 63 98
3 64 93
3 65 59
3 66 25
3 67 55
3 68 51
3 69 14
3 70 43
3 71 84
3 72 67
3 73 58
3 74 57
3 75 37
3 76 31
3 77 62
3 78 11
3 79 85
3 80 46
3 81 56
3 82 8
3 83 90
3 84 20
3 85 57
3 86 90
3 87 27
3 88 38
3 89 45
3 90 59
3 91 45
3 92 73
3 93 54
3 94 86
3 95 95
3 96 39
3 97 73
4 5 50
4 6 3
4 7 40
4 8 69
4 9 59
4 10 64
4 11 88
4 12 45
4 13 98
4 14 82
4 15 55
4 16 57
4 17 6
4 18 90
4 19 42
4 20 77
4 21 51
4 22 41
4 23 11
4 24 41
4 25 70
4 26 45
4 27 30
4 28 14
4 29 7
4 30 72
4 31 98
4 32 34
4 33 45
4 34 57
4 35 38
4 36 69
4 37 37
4 38 46
4 39 34
4 40 20
4 41 72
4 42 55
4 43 13
4 44 34
4 45 17
4 46 98
4 47 47
4 48 49
4 49 19
4 50 40
4 51 22
4 52 47
4 53 43
4 54 15
4 55 33
4 56 82
4 57 35
4 58 38
4 59 30
4 60 11
4 61 46
4 62 91
4 63 30
4 64 78
4 65 72
4 66 98
4 67 42
4 68 60
4 69 23
4 70 88
4 71 83
4 72 17
4 73 19
4 74 40
4 75 51
4 76 54
4 77 5
4 78 48
4 79 62
4 80 33
4 81 44
4 82 26
4 83 4
4 84 92
4 85 43
4 86 69
4 87 75
4 88 13
4 89 66
4 90 97
4 91 9
4 92 34
4 93 34
4 94 42
4 95 25
4 96 71
4 97 6
5 6 78
5 7 21
5 8 26
5 9 7
5 10 26
5 11 34
5 12 73
5 13 15
5 14 93
5 15 5
5 16 42
5 17 15
5 18 67
5 19 45
5 20 91
5 21 59
5 22 77
5 23 93
5 24 20
5 25 33
5 26 36
5 27 83
5 28 25
5 29 24
5 30 52
5 31 81
5 32 10
5 33 94
5 34 58
5 35 46
5 36 74
5 37 73
5 38 19
5 39 79
5 40 16
5 41 59
5 42 45
5 43 73
5 44 6
5 45 29
5 46 51
5 47 54
5 48 3
5 49 91
5 50 51
5 51 57
5 52 3
5 53 90
5 54 83
5 55 73
5 56 50
5 57 74
5 58 73
5 59 98
5 60 54
5 61 41
5 62 52
5 63 87
5 64 94
5 65 58
5 66 63
5 67 44
5 68 41
5 69 63
5 70 79
5 71 22
5 72 7
5 73 94
5 74 31
5 75 20
5 76 22
5 77 49
5 78 68
5 79 88
5 80 25
5 81 22
5 82 29
5 83 13
5 84 85
5 85 32
5 86 68
5 87 91
5 88 97
5 89 6
5 90 7
5 91 63
5 92 52
5 93 27
5 94 56
5 95 33
5 96 24
5 97 38
6 7 17
6 8 14
6 9 25
6 10 4
6 11 35
6 12 69
6 13 85
6 14 91
6 15 93
6 16 28
6 17 45
6 18 6
6 19 27
6 20 84
6 21 82
6 22 24
6 23 92
6 24 46
6 25 63
6 26 46
6 27 10
6 28 3
6 29 65
6 30 70
6 31 51
6 32 96
6 33 63
6 34 20
6 35 96
6 36 49
6 37 26
6 38 60
6 39 14
6 40 51
6 41 95
6 42 16
6 43 73
6 44 88
6 45 85
6 46 12
6 47 71
6 48 81
6 49 45
6 50 97
6 51 25
6 52 15
6 53 45
6 54 91
6 55 43
6 56 20
6 57 67
6 58 93
6 59 93
6 60 12
6 61 33
6 62 3
6 63 73
6 64 35
6 65 1
6 66 45
6 67 87
6 68 3
6 69 4
6 70 61
6 71 45
6 72 57
6 73 1
6 74 67
6 75 51
6 76 15
6 77 52
6 78 81
6 79 56
6 80 84
6 81 85
6 82 92
6 83 20
6 84 81
6 85 19
6 86 6
6 87 18
6 88 33
6 89 54
6 90 44
6 91 45
6 92 39
6 93 20
6 94 4
6 95 16
6 96 63
6 97 68
7 8 53
7 9 41
7 10 87
7 11 78
7 12 39
7 13 93
7 14 31
7 15 36
7 16 38
7 17 59
7 18 96
7 19 75
7 20 31
7 21 12
7 22 37
7 23 99
7 24 77
7 25 72
7 26 33
7 27 7
7 28 24
7 29 51
7 30 72
7 31 89
7 32 97
7 33 39
7 34 55
7 35 84
7 36 27
7 37 21
7 38 2
7 39 40
7 40 31
7 41 46
7 42 27
7 43 80
7 44 68
7 45 97
7 46 96
7 47 73
7 48 25
7 49 79
7 50 98
7 51 29
7 52 95
7 53 42
7 54 46
7 55 62
7 56 42
7 57 55
7 58 41
7 59 59
7 60 1
7 61 27
7 62 78
7 63 39
7 64 41
7 65 24
7 66 52
7 67 44
7 68 97
7 69 52
7 70 86
7 71 43
7 72 49
7 73 75
7 74 13
7 75 84
7 76 79
7 77 2
7 78 60
7 79 92
7 80 55
7 81 99
7 82 93
7 83 58
7 84 36
7 85 15
7 86 59
7 87 39
7 88 66
7 89 15
7 90 17
7 91 26
7 92 95
7 93 61
7 94 85
7 95 80
7 96 74
7 97 76
8 9 66
8 10 65
8 11 92
8 12 49
8 13 67
8 14 73
8 15 33
8 16 55
8 17 87
8 18 84
8 19 90
8 20 73
8 21 60
8 22 21
8 23 17
8 24 52
8 25 66
8 26 58
8 27 56
8 28 34
8 29 46
8 30 26
8 31 4
8 32 74
8 33 82
8 34 67
8 35 1
8 36 58
8 37 31
8 38 55
8 39 12
8 40 7
8 41 71
8 42 76
8 43 35
8 44 74
8 45 4
8 46 97
8 47 52
8 48 7
8 49 57
8 50 13
8 51 46
8 52 10
8 53 96
8 54 36
8 55 89
8 56 4
8 57 13
8 58 95
8 59 47
8 60 25
8 61 21
8 62 93
8 63 5
8 64 77
8 65 8
8 66 90
8 67 63
8 68 98
8 69 44
8 70 27
8 71 73
8 72 81
8 73 94
8 74 90
8 75 27
8 76 41
8 77 17
8 78 66
8 79 13
8 80 59
8 81 95
8 82 56
8 83 56
8 84 82
8 85 36
8 86 31
8 87 77
8 88 40
8 89 94
8 90 76
8 91 46
8 92 89
8 93 13
8 94 77
8 95 33
8 96 78
8 97 76
9 10 51
9 11 13
9 12 17
9 13 88
9 14 74
9 15 94
9 16 89
9 17 97
9 18 15
9 19 46
9 20 57
9 21 42
9 22 15
9 23 27
9 24 11
9 25 96
9 26 26
9 27 74
9 28 8
9 29 4
9 30 67
9 31 62
9 32 71
9 33 79
9 34 50
9 35 65
9 36 74
9 37 63
9 38 46
9 39 55
9 40 87
9 41 96
9 42 21
9 43 24
9 44 15
9 45 12
9 46 10
9 47 8
9 48 28
9 49 66
9 50 62
9 51 51
9 52 40
9 53 19
9 54 69
9 55 35
9 56 70
9 57 48
9 58 96
9 59 24
9 60 41
9 61 58
9 62 12
9 63 96
9 64 99
9 65 62
9 66 42
9 67 78
9 68 41
9 69 9
9 70 1
9 71 32
9 72 83
9 73 31
9 74 93
9 75 95
9 76 9
9 77 60
9 78 56
9 79 14
9 80 34
9 81 31
9 82 94
9 83 59
9 84 13
9 85 51
9 86 88
9 87 69
9 88 18
9 89 64
9 90 49
9 91 22
9 92 24
9 93 52
9 94 13
9 95 42
9 96 98
9 97 57
10 11 78
10 12 24
10 13 56
10 14 62
10 15 34
10 16 9
10 17 68
10 18 88
10 19 99
10 20 52
10 21 92
10 22 48
10 23 58
10 24 16
10 25 35
10 26 12
10 27 79
10 28 19
10 29 98
10 30 36
10 31 6
10 32 82
10 33 79
10 34 93
10 35 7
10 36 70
10 37 24
10 38 18
10 39 11
10 40 97
10 41 81
10 42 40
10 43 50
10 44 86
10 45 16
10 46 70
10 47 52
10 48 9
10 49 91
10 50 77
10 51 67
10 52 61
10 53 68
10 54 36
10 55 50
10 56 96
10 57 71
10 58 78
10 59 82
10 60 44
10 61 33
10 62 42
10 63 84
10 64 7
10 65 36
10 66 73
10 67 15
10 68 2
10 69 54
10 70 90
10 71 85
10 72 93
10 73 82
10 74 44
10 75 65
10 76 90
10 77 33
10 78 99
10 79 11
10 80 80
10 81 78
10 82 29
10 83 5
10 84 19
10 85 44
10 86 47
10 87 3
10 88 90
10 89 22
10 90 93
10 91 70
10 92 26
10 93 85
10 94 26
10 95 4
10 96 93
10 97 12
11 12 61
11 13 60
11 14 52
11 15 9
11 16 96
11 17 86
11 18 98
11 19 81
11 20 18
11 21 15
11 22 45
11 23 61
11 24 84
11 25 59
11 26 25
11 27 38
11 28 65
11 29 52
11 30 72
11 31 17
11 32 69
11 33 78
11 34 68
11 35 87
11 36 45
11 37 44
11 38 42
11 39 87
11 40 74
11 41 52
11 42 80
11 43 99
11 44 54
11 45 77
11 46 4
11 47 11
11 48 21
11 49 13
11 50 75
11 51 80
11 52 36
11 53 31
11 54 83
11 55 79
11 56 52
11 57 95
11 58 35
11 59 17
11 60 90
11 61 17
11 62 81
11 63 62
11 64 90
11 65 70
11 66 79
11 67 42
11 68 36
11 69 66
11 70 57
11 71 29
11 72 19
11 73 34
11 74 59
11 75 6
11 76 93
11 77 16
11 78 11
11 79 96
11 80 27
11 81 9
11 82 97
11 83 90
11 84 46
11 85 36
11 86 66
11 87 73
11 88 8
11 89 94
11 90 14
11 91 16
11 92 17
11 93 19
11 94 69
11 95 69
11 96 84
11 97 37
12 13 11
12 14 90
12 15 79
12 16 21
12 17 17
12 18 66
12 19 9
12 20 11
12 21 64
12 22 89
12 23 52
12 24 54
12 25 45
12 26 56
12 27 8
12 28 88
12 29 26
12 30 60
12 31 79
12 32 47
12 33 72
12 34 78
12 35 31
12 36 68
12 37 64
12 38 96
12 39 72
12 40 50
12 41 84
12 42 49
12 43 51
12 44 35
12 45 86
12 46 68
12 47 36
12 48 5
12 49 98
12 50 94
12 51 18
12 52 60
12 53 4
12 54 91
12 55 81
12 56 23
12 57 68
12 58 12
12 59 85
12 60 96
12 61 33
12 62 97
12 63 48
12 64 84
12 65 82
12 66 2
12 67 40
12 68 77
12 69 67
12 70 55
12 71 93
12 72 83
12 73 20
12 74 87
12 75 62
12 76 80
12 77 77
12 78 15
12 79 1
12 80 76
12 81 20
12 82 26
12 83 1
12 84 53
12 85 51
12 86 19
12 87 55
12 88 43
12 89 81
12 90 36
12 91 31
12 92 3
12 93 63
12 94 28
12 95 35
12 96 60
12 97 53
13 14 55
13 15 27
13 16 17
13 17 34
13 18 22
13 19 51
13 20 60
13 21 64
13 22 74
13 23 29
13 24 15
13 25 61
13 26 41
13 27 70
13 28 5
13 29 44
13 30 83
13 31 18
13 32 64
13 33 86
13 34 51
13 35 16
13 36 5
13 37 18
13 38 36
13 39 47
13 40 99
13 41 34
13 42 62
13 43 38
13 44 50
13 45 49
13 46 52
13 47 74
13 48 13
13 49 96
13 50 70
13 51 46
13 52 7
13 53 98
13 54 43
13 55 58
13 56 84
13 57 28
13 58 39
13 59 95
13 60 90
13 61 94
13 62 51
13 63 99
13 64 48
13 65 71
13 66 64
13 67 21
13 68 58
13 69 77
13 70 88
13 71 62
13 72 11
13 73 75
13 74 40
13 75 30
13 76 26
13 77 25
13 78 89
13 79 12
13 80 74
13 81 28
13 82 90
13 83 81
13 84 23
13 85 23
13 86 4
13 87 50
13 88 26
13 89 9
13 90 98
13 91 96
13 92 89
13 93 50
13 94 49
13 95 60
13 96 17
13 97 47
14 15 38
14 16 97
14 17 86
14 18 10
14 19 50
14 20 30
14 21 96
14 22 28
14 23 7
14 24 65
14 25 9
14 26 4
14 27 97
14 28 28
14 29 65
14 30 39
14 31 89
14 32 80
14 33 82
14 34 35
14 35 33
14 36 68
14 37 30
14 38 59
14 39 19
14 40 20
14 41 93
14 42 51
14 43 26
14 44 84
14 45 89
14 46 19
14 47 22
14 48 75
14 49 35
14 50 22
14 51 52
14 52 78
14 53 3
14 54 34
14 55 71
14 56 94
14 57 8
14 58 85
14 59 65
14 60 14
14 61 43
14 62 16
14 63 42
14 64 55
14 65 87
14 66 13
14 67 37
14 68 22
14 69 97
14 70 73
14 71 41
14 72 76
14 73 55
14 74 36
14 75 1
14 76 92
14 77 84
14 78 52
14 79 33
14 80 37
14 81 30
14 82 80
14 83 8
14 84 6
14 85 69
14 86 24
14 87 28
14 88 25
14 89 99
14 90 87
14 91 87
14 92 55
14 93 77
14 94 49
14 95 63
14 96 52
14 97 68
15 16 71
15 17 76
15 18 72
15 19 12
15 20 96
15 21 66
15 22 50
15 23 35
15 24 78
15 25 47
15 26 32
15 27 18
15 28 55
15 29 26
15 30 16
15 31 3
15 32 45
15 33 36
15 34 94
15 35 11
15 36 70
15 37 56
15 38 62
15 39 80
15 40 65
15 41 85
15 42 58
15 43 41
15 44 61
15 45 9
15 46 57
15 47 41
15 48 87
15 49 8
15 50 22
15 51 64
15 52 34
15 53 76
15 54 82
15 55 5
15 56 5
15 57 30
15 58 19
15 59 44
15 60 48
15 61 65
15 62 50
15 63 21
15 64 3
15 65 31
15 66 27
15 67 1
15 68 53
15 69 21
15 70 81
15 71 50
15 72 7
15 73 19
15 74 86
15 75 6
15 76 76
15 77 10
15 78 89
15 79 46
15 80 41
15 81 47
15 82 13
15 83 63
15 84 64
15 85 7
15 86 21
15 87 55
15 88 65
15 89 53
15 90 10
15 91 97
15 92 72
15 93 85
15 94 83
15 95 10
15 96 25
15 97 25
16 17 32
16 18 92
16 19 60
16 20 88
16 21 5
16 22 34
16 23 38
16 24 60
16 25 33
16 26 33
16 27 40
16 28 27
16 29 88
16 30 87
16 31 67
16 32 90
16 33 61
16 34 72
16 35 31
16 36 15
16 37 20
16 38 85
16 39 54
16 40 85
16 41 19
16 42 29
16 43 73
16 44 42
16 45 92
16 46 12
16 47 29
16 48 26
16 49 56
16 50 1
16 51 17
16 52 2
16 53 53
16 54 70
16 55 40
16 56 89
16 57 10
16 58 85
16 59 84
16 60 68
16 61 56
16 62 3
16 63 16
16 64 4
16 65 14
16 66 59
16 67 67
16 68 12
16 69 26
16 70 97
16 71 9
16 72 57
16 73 33
16 74 12
16 75 82
16 76 59
16 77 98
16 78 29
16 79 40
16 80 9
16 81 60
16 82 16
16 83 31
16 84 9
16 85 71
16 86 40
16 87 2
16 88 83
16 89 68
16 90 96
16 91 62
16 92 13
16 93 71
16 94 12
16 95 52
16 96 71
16 97 47
17 18 56
17 19 36
17 20 63
17 21 43
17 22 64
17 23 63
17 24 85
17 25 60
17 26 5
17 27 5
17 28 18
17 29 27
17 30 10
17 31 24
17 32 64
17 33 37
17 34 90
17 35 61
17 36 10
17 37 7
17 38 37
17 39 54
17 40 90
17 41 81
17 42 52
17 43 13
17 44 43
17 45 84
17 46 53
17 47 32
17 48 57
17 49 89
17 50 76
17 51 48
17 52 60
17 53 48
17 54 9
17 55 78
17 56 73
17 57 43
17 58 69
17 59 26
17 60 18
17 61 82
17 62 56
17 63 18
17 64 73
17 65 25
17 66 19
17 67 73
17 68 72
17 69 12
17 70 15
17 71 80
17 72 45
17 73 36
17 74 92
17 75 66
17 76 88
17 77 40
17 78 52
17 79 22
17 80 84
17 81 25
17 82 46
17 83 71
17 84 57
17 85 97
17 86 67
17 87 1
17 88 80
17 89 43
17 90 41
17 91 4
17 92 78
17 93 36
17 94 96
17 95 61
17 96 92
17 97 14
18 19 9
18 20 74
18 21 62
18 22 85
18 23 99
18 24 18
18 25 72
18 26 38
18 27 12
18 28 64
18 29 17
18 30 69
18 31 40
18 32 51
18 33 17
18 34 49
18 35 58
18 36 44
18 37 39
18 38 14
18 39 2
18 40 35
18 41 37
18 42 12
18 43 72
18 44 94
18 45 88
18 46 54
18 47 20
18 48 97
18 49 32
18 50 35
18 51 76
18 52 43
18 53 29
18 54 41
18 55 40
18 56 80
18 57 28
18 58 30
18 59 69
18 60 26
18 61 10
18 62 93
18 63 17
18 64 49
18 65 56
18 66 62
18 67 14
18 68 9
18 69 30
18 70 43
18 71 12
18 72 35
18 73 95
18 74 81
18 75 53
18 76 74
18 77 86
18 78 4
18 79 99
18 80 5
18 81 85
18 82 72
18 83 93
18 84 81
18 85 82
18 86 76
18 87 47
18 88 44
18 89 22
18 90 89
18 91 54
18 92 3
18 93 95
18 94 5
18 95 41
18 96 20
18 97 97
19 20 8
19 21 26
19 22 22
19 23 44
19 24 69
19 25 93
19 26 22
19 27 77
19 28 27
19 29 25
19 30 61
19 31 56
19 32 83
19 33 51
19 34 5
19 35 65
19 36 49
19 37 8
19 38 31
19 39 17
19 40 68
19 41 6
19 42 12
19 43 15
19 44 57
19 45 38
19 46 59
19 47 98
19 48 85
19 49 49
19 50 67
19 51 43
19 52 87
19 53 72
19 54 59
19 55 29
19 56 81
19 57 43
19 58 37
19 59 76
19 60 50
19 61 47
19 62 25
19 63 64
19 64 45
19 65 13
19 66 61
19 67 13
19 68 77
19 69 10
19 70 57
19 71 86
19 72 76
19 73 53
19 74 9
19 75 40
19 76 25
19 77 46
19 78 68
19 79 52
19 80 78
19 81 53
19 82 38
19 83 58
19 84 15
19 85 28
19 86 41
19 87 58
19 88 81
19 89 67
19 90 96
19 91 34
19 92 81
19 93 89
19 94 68
19 95 57
19 96 5
19 97 69
20 21 29
20 22 77
20 23 77
20 24 57
20 25 63
20 26 79
20 27 37
20 28 27
20 29 6
20 30 89
20 31 50
20 32 26
20 33 54
20 34 41
20 35 27
20 36 37
20 37 42
20 38 99
20 39 51
20 40 72
20 41 64
20 42 73
20 43 54
20 44 59
20 45 51
20 46 45
20 47 51
20 48 41
20 49 65
20 50 86
20 51 11
20 52 15
20 53 34
20 54 29
20 55 46
20 56 24
20 57 45
20 58 57
20 59 97
20 60 7
20 61 38
20 62 84
20 63 28
20 64 56
20 65 65
20 66 65
20 67 62
20 68 6
20 69 61
20 70 58
20 71 2
20 72 10
20 73 68
20 74 76
20 75 34
20 76 26
20 77 34
20 78 5
20 79 32
20 80 6
20 81 84
20 82 84
20 83 32
20 84 80
20 85 65
20 86 89
20 87 76
20 88 23
20 89 95
20 90 59
20 91 14
20 92 46
20 93 6
20 94 57
20 95 69
20 96 48
20 97 19
21 22 72
21 23 44
21 24 18
21 25 77
21 26 6
21 27 19
21 28 49
21 29 97
21 30 39
21 31 41
21 32 29
21 33 61
21 34 72
21 35 23
21 36 11
21 37 79
21 38 52
21 39 28
21 40 29
21 41 85
21 42 49
21 43 68
21 44 37
21 45 84
21 46 15
21 47 72
21 48 50
21 49 92
21 50 80
21 51 37
21 52 96
21 53 24
21 54 28
21 55 28
21 56 47
21 57 55
21 58 8
21 59 12
21 60 43
21 61 44
21 62 40
21 63 16
21 64 68
21 65 57
21 66 31
21 67 91
21 68 2
21 69 57
21 70 94
21 71 56
21 72 41
21 73 4
21 74 56
21 75 44
21 76 23
21 77 51
21 78 4
21 79 99
21 80 32
21 81 21
21 82 84
21 83 65
21 84 29
21 85 75
21 86 41
21 87 32
21 88 6
21 89 90
21 90 45
21 91 32
21 92 60
21 93 45
21 94 60
21 95 54
21 96 73
21 97 97
22 23 20
22 24 29
22 25 15
22 26 50
22 27 33
22 28 98
22 29 91
22 30 70
22 31 98
22 32 91
22 33 75
22 34 82
22 35 46
22 36 78
22 37 18
22 38 22
22 39 4
22 40 76
22 41 88
22 42 46
22 43 63
22 44 44
22 45 4
22 46 88
22 47 46
22 48 97
22 49 40
22 50 1
22 51 97
22 52 18
22 53 93
22 54 68
22 55 35
22 56 1
22 57 50
22 58 59
22 59 29
22 60 61
22 61 99
22 62 51
22 63 76
22 64 87
22 65 68
22 66 30
22 67 50
22 68 66
22 69 55
22 70 20
22 71 70
22 72 44
22 73 51
22 74 65
22 75 75
22 76 99
22 77 22
22 78 14
22 79 4
22 80 32
22 81 20
22 82 56
22 83 85
22 84 66
22 85 73
22 86 70
22 87 74
22 88 34
22 89 16
22 90 69
22 91 10
22 92 39
22 93 67
22 94 42
22 95 81
22 96 43
22 97 68
23 24 96
23 25 5
23 26 11
23 27 12
23 28 33
23 29 63
23 30 63
23 31 90
23 32 11
23 33 7
23 34 85
23 35 81
23 36 45
23 37 31
23 38 54
23 39 96
23 40 98
23 41 10
23 42 6
23 43 89
23 44 34
23 45 97
23 46 72
23 47 83
23 48 80
23 49 93
23 50 34
23 51 55
23 52 14
23 53 15
23 54 23
23 55 43
23 56 6
23 57 5
23 58 8
23 59 87
23 60 81
23 61 97
23 62 82
23 63 53
23 64 93
23 65 63
23 66 90
23 67 10
23 68 8
23 69 57
23 70 53
23 71 42
23 72 72
23 73 95
23 74 93
23 75 74
23 76 97
23 77 86
23 78 85
23 79 95
23 80 77
23 81 37
23 82 73
23 83 37
23 84 68
23 85 6
23 86 75
23 87 42
23 88 34
23 89 69
23 90 10
23 91 7
23 92 23
23 93 31
23 94 12
23 95 64
23 96 60
23 97 93
24 25 1
24 26 59
24 27 21
24 28 91
24 29 33
24 30 18
24 31 30
24 32 78
24 33 78
24 34 46
24 35 49
24 36 28
24 37 79
24 38 14
24 39 1
24 40 77
24 41 2
24 42 16
24 43 93
24 44 93
24 45 76
24 46 80
24 47 84
24 48 65
24 49 23
24 50 58
24 51 57
24 52 39
24 53 34
24 54 32
24 55 54
24 56 34
24 57 86
24 58 44
24 59 62
24 60 13
24 61 83
24 62 99
24 63 18
24 64 45
24 65 76
24 66 50
24 67 27
24 68 99
24 69 60
24 70 22
24 71 70
24 72 96
24 73 8
24 74 25
24 75 68
24 76 69
24 77 37
24 78 10
24 79 17
24 80 74
24 81 24
24 82 13
24 83 28
24 84 67
24 85 57
24 86 33
24 87 28
24 88 11
24 89 67
24 90 14
24 91 35
24 92 21
24 93 60
24 94 87
24 95 2
24 96 34
24 97 64
25 26 46
25 27 61
25 28 75
25 29 55
25 30 71
25 31 91
25 32 14
25 33 81
25 34 36
25 35 89
25 36 19
25 37 20
25 38 99
25 39 66
25 40 27
25 41 70
25 42 49
25 43 35
25 44 3
25 45 20
25 46 77
25 47 5
25 48 49
25 49 12
25 50 47
25 51 77
25 52 59
25 53 6
25 54 61
25 55 93
25 56 52
25 57 82
25 58 28
25 59 10
25 60 61
25 61 25
25 62 43
25 63 37
25 64 21
25 65 46
25 66 74
25 67 2
25 68 94
25 69 55
25 70 37
25 71 2
25 72 35
25 73 20
25 74 27
25 75 80
25 76 76
25 77 78
25 78 3
25 79 45
25 80 6
25 81 96
25 82 53
25 83 56
25 84 45
25 85 86
25 86 78
25 87 49
25 88 13
25 89 11
25 90 34
25 91 66
25 92 65
25 93 47
25 94 63
25 95 99
25 96 24
25 97 32
26 27 63
26 28 29
26 29 9
26 30 45
26 31 81
26 32 43
26 33 84
26 34 83
26 35 84
26 36 20
26 37 4
26 38 42
26 39 75
26 40 86
26 41 14
26 42 14
26 43 97
26 44 6
26 45 5
26 46 90
26 47 67
26 48 18
26 49 5
26 50 82
26 51 25
26 52 89
26 53 17
26 54 64
26 55 98
26 56 49
26 57 4
26 58 99
26 59 25
26 60 35
26 61 38
26 62 16
26 63 96
26 64 75
26 65 47
26 66 44
26 67 50
26 68 39
26 69 63
26 70 22
26 71 8
26 72 30
26 73 97
26 74 22
26 75 21
26 76 46
26 77 32
26 78 45
26 79 81
26 80 37
26 81 22
26 82 91
26 83 1
26 84 82
26 85 7
26 86 7
26 87 53
26 88 42
26 89 9
26 90 33
26 91 97
26 92 92
26 93 43
26 94 45
26 95 66
26 96 22
26 97 3
27 28 53
27 29 52
27 30 64
27 31 99
27 32 78
27 33 42
27 34 15
27 35 61
27 36 80
27 37 78
27 38 31
27 39 71
27 40 91
27 41 41
27 42 11
27 43 32
27 44 11
27 45 28
27 46 81
27 47 76
27 48 66
27 49 3
27 50 69
27 51 61
27 52 8
27 53 64
27 54 78
27 55 39
27 56 43
27 57 15
27 58 75
27 59 30
27 60 18
27 61 89
27 62 59
27 63 5
27 64 84
27 65 38
27 66 11
27 67 65
27 68 1
27 69 29
27 70 61
27 71 65
27 72 78
27 73 88
27 74 90
27 75 72
27 76 36
27 77 62
27 78 81
27 79 99
27 80 91
27 81 29
27 82 84
27 83 99
27 84 14
27 85 45
27 86 26
27 87 45
27 88 91
27 89 58
27 90 64
27 91 36
27 92 20
27 93 34
27 94 93
27 95 86
27 96 73
27 97 31
28 29 46
28 30 1
28 31 17
28 32 95
28 33 3
28 34 23
28 35 66
28 36 74
28 37 84
28 38 66
28 39 34
28 40 23
28 41 14
28 42 74
28 43 61
28 44 67
28 45 18
28 46 30
28 47 59
28 48 17
28 49 34
28 50 11
28 51 64
28 52 11
28 53 17
28 54 12
28 55 98
28 56 1
28 57 58
28 58 81
28 59 85
28 60 49
28 61 81
28 62 70
28 63 3
28 64 98
28 65 66
28 66 22
28 67 38
28 68 85
28 69 10
28 70 45
28 71 88
28 72 53
28 73 73
28 74 48
28 75 22
28 76 43
28 77 75
28 78 49
28 79 11
28 80 21
28 81 82
28 82 25
28 83 78
28 84 66
28 85 25
28 86 31
28 87 7
28 88 13
28 89 50
28 90 84
28 91 29
28 92 78
28 93 80
28 94 2
28 95 44
28 96 23
28 97 81
29 30 44
29 31 5
29 32 59
29 33 70
29 34 57
29 35 66
29 36 21
29 37 50
29 38 91
29 39 65
29 40 3
29 41 99
29 42 49
29 43 83
29 44 24
29 45 77
29 46 80
29 47 48
29 48 21
29 49 56
29 50 42
29 51 70
29 52 29
29 53 81
29 54 17
29 55 33
29 56 83
29 57 94
29 58 17
29 59 32
29 60 97
29 61 34
29 62 6
29 63 27
29 64 95
29 65 14
29 66 92
29 67 56
29 68 17
29 69 88
29 70 48
29 71 81
29 72 68
29 73 54
29 74 79
29 75 90
29 76 33
29 77 81
29 78 31
29 79 73
29 80 15
29 81 71
29 82 49
29 83 88
29 84 75
29 85 10
29 86 2
29 87 37
29 88 98
29 89 95
29 90 35
29 91 67
29 92 91
29 93 97
29 94 45
29 95 46
29 96 93
29 97 94
30 31 67
30 32 94
30 33 54
30 34 99
30 35 18
30 36 50
30 37 27
30 38 40
30 39 54
30 40 76
30 41 1
30 42 16
30 43 60
30 44 81
30 45 87
30 46 36
30 47 67
30 48 91
30 49 23
30 50 18
30 51 19
30 52 39
30 53 53
30 54 50
30 55 74
30 56 85
30 57 3
30 58 73
30 59 60
30 60 20
30 61 8
30 62 79
30 63 10
30 64 51
30 65 52
30 66 35
30 67 52
30 68 18
30 69 3
30 70 25
30 71 49
30 72 95
30 73 54
30 74 61
30 75 62
30 76 32
30 77 33
30 78 10
30 79 8
30 80 93
30 81 22
30 82 59
30 83 82
30 84 26
30 85 84
30 86 58
30 87 50
30 88 43
30 89 34
30 90 3
30 91 51
30 92 79
30 93 20
30 94 35
30 95 19
30 96 69
30 97 23
31 32 91
31 33 53
31 34 31
31 35 60
31 36 20
31 37 73
31 38 38
31 39 31
31 40 35
31 41 90
31 42 23
31 43 52
31 44 9
31 45 26
31 46 57
31 47 37
31 48 4
31 49 20
31 50 86
31 51 80
31 52 40
31 53 1
31 54 84
31 55 26
31 56 73
31 57 52
31 58 72
31 59 93
31 60 21
31 61 87
31 62 32
31 63 89
31 64 88
31 65 12
31 66 72
31 67 88
31 68 71
31 69 79
31 70 37
31 71 61
31 72 35
31 73 88
31 74 28
31 75 37
31 76 19
31 77 54
31 78 58
31 79 29
31 80 80
31 81 92
31 82 34
31 83 50
31 84 88
31 85 40
31 86 90
31 87 19
31 88 77
31 89 75
31 90 4
31 91 46
31 92 8
31 93 2
31 94 62
31 95 48
31 96 98
31 97 44
32 33 44
32 34 81
32 35 35
32 36 58
32 37 87
32 38 91
32 39 84
32 40 39
32 41 73
32 42 3
32 43 83
32 44 60
32 45 54
32 46 57
32 47 69
32 48 53
32 49 67
32 50 63
32 51 88
32 52 40
32 53 30
32 54 71
32 55 3
32 56 81
32 57 30
32 58 37
32 59 8
32 60 43
32 61 34
32 62 96
32 63 46
32 64 95
32 65 45
32 66 34
32 67 87
32 68 64
32 69 33
32 70 58
32 71 52
32 72 69
32 73 11
32 74 15
32 75 24
32 76 16
32 77 7
32 78 29
32 79 86
32 80 97
32 81 51
32 82 74
32 83 96
32 84 23
32 85 41
32 86 31
32 87 26
32 88 93
32 89 85
32 90 15
32 91 12
32 92 11
32 93 33
32 94 82
32 95 72
32 96 78
32 97 25
33 34 75
33 35 52
33 36 31
33 37 15
33 38 19
33 39 4
33 40 41
33 41 63
33 42 60
33 43 65
33 44 97
33 45 79
33 46 88
33 47 29
33 48 9
33 49 13
33 50 85
33 51 20
33 52 46
33 53 40
33 54 78
33 55 63
33 56 85
33 57 17
33 58 37
33 59 37
33 60 51
33 61 98
33 62 81
33 63 94
33 64 13
33 65 49
33 66 50
33 67 29
33 68 8
33 69 54
33 70 49
33 71 80
33 72 37
33 73 45
33 74 20
33 75 82
33 76 38
33 77 76
33 78 99
33 79 86
33 80 64
33 81 88
33 82 17
33 83 52
33 84 25
33 85 11
33 86 53
33 87 97
33 88 13
33 89 71
33 90 23
33 91 81
33 92 11
33 93 34
33 94 11
33 95 31
33 96 78
33 97 80
34 35 66
34 36 60
34 37 42
34 38 60
34 39 13
34 40 82
34 41 72
34 42 40
34 43 73
34 44 70
34 45 1
34 46 61
34 47 67
34 48 72
34 49 42
34 50 68
34 51 97
34 52 86
34 53 96
34 54 96
34 55 96
34 56 81
34 57 30
34 58 22
34 59 89
34 60 14
34 61 16
34 62 92
34 63 89
34 64 98
34 65 11
34 66 67
34 67 67
34 68 99
34 69 44
34 70 57
34 71 4
34 72 9
34 73 6
34 74 30
34 75 24
34 76 75
34 77 7
34 78 46
34 79 46
34 80 90
34 81 8
34 82 92
34 83 7
34 84 66
34 85 26
34 86 65
34 87 9
34 88 53
34 89 94
34 90 37
34 91 24
34 92 25
34 93 70
34 94 66
34 95 54
34 96 35
34 97 91
35 36 95
35 37 40
35 38 96
35 39 33
35 40 89
35 41 70
35 42 31
35 43 88
35 44 37
35 45 75
35 46 4
35 47 4
35 48 36
35 49 79
35 50 60
35 51 90
35 52 9
35 53 28
35 54 19
35 55 42
35 56 74
35 57 72
35 58 98
35 59 78
35 60 71
35 61 99
35 62 42
35 63 18
35 64 69
35 65 66
35 66 48
35 67 52
35 68 37
35 69 86
35 70 84
35 71 75
35 72 3
35 73 31
35 74 48
35 75 58
35 76 14
35 77 92
35 78 22
35 79 31
35 80 89
35 81 23
35 82 42
35 83 88
35 84 56
35 85 55
35 86 10
35 87 38
35 88 23
35 89 53
35 90 15
35 91 19
35 92 33
35 93 44
35 94 84
35 95 41
35 96 46
35 97 13
36 37 96
36 38 70
36 39 34
36 40 75
36 41 82
36 42 98
36 43 12
36 44 77
36 45 7
36 46 96
36 47 68
36 48 42
36 49 46
36 50 68
36 51 83
36 52 14
36 53 25
36 54 84
36 55 45
36 56 3
36 57 82
36 58 28
36 59 50
36 60 52
36 61 25
36 62 55
36 63 85
36 64 72
36 65 44
36 66 14
36 67 84
36 68 17
36 69 76
36 70 81
36 71 93
36 72 20
36 73 43
36 74 72
36 75 91
36 76 32
36 77 86
36 78 82
36 79 13
36 80 2
36 81 58
36 82 41
36 83 39
36 84 97
36 85 17
36 86 53
36 87 62
36 88 82
36 89 46
36 90 16
36 91 22
36 92 91
36 93 97
36 94 20
36 95 77
36 96 67
36 97 72
37 38 81
37 39 28
37 40 40
37 41 48
37 42 47
37 43 23
37 44 59
37 45 2
37 46 9
37 47 35
37 48 65
37 49 24
37 50 62
37 51 36
37 52 78
37 53 7
37 54 74
37 55 39
37 56 9
37 57 93
37 58 28
37 59 69
37 60 8
37 61 16
37 62 12
37 63 12
37 64 46
37 65 10
37 66 55
37 67 67
37 68 15
37 69 37
37 70 5
37 71 99
37 72 2
37 73 72
37 74 98
37 75 53
37 76 56
37 77 88
37 78 82
37 79 20
37 80 35
37 81 65
37 82 39
37 83 24
37 84 89
37 85 90
37 86 15
37 87 48
37 88 12
37 89 71
37 90 57
37 91 20
37 92 41
37 93 89
37 94 45
37 95 60
37 96 85
37 97 3
38 39 94
38 40 3
38 41 49
38 42 12
38 43 50
38 44 89
38 45 71
38 46 50
38 47 97
38 48 36
38 49 30
38 50 68
38 51 22
38 52 61
38 53 30
38 54 23
38 55 41
38 56 83
38 57 24
38 58 10
38 59 81
38 60 18
38 61 34
38 62 28
38 63 50
38 64 60
38 65 60
38 66 24
38 67 98
38 68 59
38 69 53
38 70 28
38 71 43
38 72 3
38 73 19
38 74 39
38 75 75
38 76 76
38 77 78
38 78 14
38 79 55
38 80 10
38 81 4
38 82 14
38 83 1
38 84 62
38 85 11
38 86 92
38 87 38
38 88 21
38 89 45
38 90 71
38 91 59
38 92 28
38 93 38
38 94 9
38 95 59
38 96 11
38 97 61
39 40 20
39 41 35
39 42 91
39 43 93
39 44 1
39 45 2
39 46 85
39 47 65
39 48 93
39 49 16
39 50 9
39 51 93
39 52 18
39 53 97
39 54 10
39 55 16
39 56 58
39 57 42
39 58 25
39 59 60
39 60 7
39 61 12
39 62 20
39 63 94
39 64 87
39 65 62
39 66 29
39 67 30
39 68 7
39 69 35
39 70 67
39 71 65
39 72 11
39 73 56
39 74 63
39 75 93
39 76 74
39 77 63
39 78 67
39 79 89
39 80 33
39 81 52
39 82 77
39 83 42
39 84 12
39 85 22
39 86 30
39 87 48
39 88 66
39 89 75
39 90 87
39 91 49
39 92 13
39 93 43
39 94 57
39 95 34
39 96 94
39 97 58
40 41 21
40 42 6
40 43 70
40 44 15
40 45 80
40 46 88
40 47 87
40 48 3
40 49 44
40 50 53
40 51 50
40 52 62
40 53 17
40 54 70
40 55 21
40 56 95
40 57 59
40 58 5
40 59 14
40 60 10
40 61 86
40 62 53
40 63 41
40 64 60
40 65 97
40 66 79
40 67 76
40 68 74
40 69 30
40 70 25
40 71 90
40 72 48
40 73 51
40 74 40
40 75 95
40 76 53
40 77 6
40 78 13
40 79 37
40 80 79
40 81 70
40 82 90
40 83 49
40 84 80
40 85 14
40 86 37
40 87 55
40 88 83
40 89 76
40 90 30
40 91 95
40 92 29
40 93 20
40 94 13
40 95 78
40 96 78
40 97 81
41 42 75
41 43 68
41 44 44
41 45 57
41 46 13
41 47 6
41 48 31
41 49 4
41 50 14
41 51 50
41 52 24
41 53 63
41 54 83
41 55 24
41 56 17
41 57 51
41 58 88
41 59 98
41 60 83
41 61 25
41 62 1
41 63 34
41 64 88
41 65 77
41 66 54
41 67 60
41 68 68
41 69 86
41 70 74
41 71 28
41 72 22
41 73 64
41 74 59
41 75 59
41 76 52
41 77 36
41 78 52
41 79 30
41 80 64
41 81 82
41 82 59
41 83 50
41 84 41
41 85 73
41 86 9
41 87 32
41 88 51
41 89 98
41 90 69
41 91 73
41 92 70
41 93 6
41 94 52
41 95 34
41 96 76
41 97 55
42 43 18
42 44 23
42 45 79
42 46 51
42 47 22
42 48 60
42 49 84
42 50 99
42 51 53
42 52 53
42 53 67
42 54 70
42 55 67
42 56 43
42 57 79
42 58 83
42 59 5
42 60 56
42 61 40
42 62 93
42 63 20
42 64 12
42 65 80
42 66 91
42 67 36
42 68 9
42 69 10
42 70 7
42 71 1
42 72 48
42 73 56
42 74 84
42 75 37
42 76 18
42 77 65
42 78 38
42 79 44
42 80 68
42 81 26
42 82 48
42 83 8
42 84 46
42 85 46
42 86 93
42 87 28
42 88 17
42 89 66
42 90 28
42 91 9
42 92 2
42 93 75
42 94 57
42 95 7
42 96 22
42 97 40
43 44 20
43 45 13
43 46 40
43 47 77
43 48 54
43 49 65
43 50 95
43 51 14
43 52 32
43 53 10
43 54 7
43 55 14
43 56 23
43 57 84
43 58 34
43 59 50
43 60 50
43 61 82
43 62 9
43 63 51
43 64 81
43 65 18
43 66 93
43 67 12
43 68 74
43 69 60
43 70 69
43 71 34
43 72 46
43 73 86
43 74 69
43 75 58
43 76 89
43 77 31
43 78 79
43 79 73
43 80 73
43 81 24
43 82 47
43 83 31
43 84 60
43 85 46
43 86 80
43 87 10
43 88 34
43 89 36
43 90 32
43 91 10
43 92 32
43 93 87
43 94 33
43 95 53
43 96 1
43 97 95
44 45 3
44 46 5
44 47 28
44 48 81
44 49 70
44 50 92
44 51 98
44 52 90
44 53 70
44 54 13
44 55 44
44 56 98
44 57 74
44 58 11
44 59 77
44 60 61
44 61 72
44 62 98
44 63 76
44 64 41
44 65 93
44 66 34
44 67 73
44 68 75
44 69 46
44 70 74
44 71 55
44 72 66
44 73 31
44 74 16
44 75 4
44 76 53
44 77 52
44 78 19
44 79 39
44 80 82
44 81 58
44 82 39
44 83 37
44 84 36
44 85 1
44 86 14
44 87 4
44 88 63
44 89 28
44 90 2
44 91 83
44 92 91
44 93 14
44 94 94
44 95 40
44 96 94
44 97 12
45 46 99
45 47 79
45 48 92
45 49 29
45 50 96
45 51 50
45 52 14
45 53 40
45 54 91
45 55 15
45 56 54
45 57 47
45 58 72
45 59 65
45 60 57
45 61 41
45 62 19
45 63 57
45 64 85
45 65 27
45 66 10
45 67 51
45 68 9
45 69 33
45 70 1
45 71 37
45 72 17
45 73 55
45 74 27
45 75 80
45 76 58
45 77 78
45 78 2
45 79 70
45 80 86
45 81 55
45 82 67
45 83 3
45 84 30
45 85 82
45 86 42
45 87 75
45 88 9
45 89 40
45 90 29
45 91 22
45 92 61
45 93 17
45 94 51
45 95 31
45 96 4
45 97 99
46 47 9
46 48 52
46 49 38
46 50 51
46 51 53
46 52 10
46 53 35
46 54 75
46 55 26
46 56 65
46 57 71
46 58 51
46 59 19
46 60 7
46 61 94
46 62 49
46 63 2
46 64 31
46 65 28
46 66 65
46 67 85
46 68 37
46 69 36
46 70 73
46 71 78
46 72 28
46 73 52
46 74 9
46 75 40
46 76 3
46 77 94
46 78 64
46 79 61
46 80 54
46 81 74
46 82 61
46 83 19
46 84 42
46 85 58
46 86 62
46 87 43
46 88 13
46 89 81
46 90 34
46 91 57
46 92 21
46 93 92
46 94 81
46 95 53
46 96 41
46 97 66
47 48 93
47 49 91
47 50 49
47 51 85
47 52 34
47 53 32
47 54 32
47 55 58
47 56 32
47 57 19
47 58 70
47 59 55
47 60 51
47 61 5
47 62 89
47 63 47
47 64 43
47 65 90
47 66 72
47 67 34
47 68 9
47 69 60
47 70 32
47 71 94
47 72 29
47 73 18
47 74 80
47 75 96
47 76 77
47 77 7
47 78 1
47 79 93
47 80 4
47 81 63
47 82 16
47 83 30
47 84 71
47 85 87
47 86 76
47 87 56
47 88 50
47 89 33
47 90 89
47 91 45
47 92 55
47 93 86
47 94 34
47 95 33
47 96 13
47 97 85
48 49 21
48 50 71
48 51 88
48 52 64
48 53 90
48 54 92
48 55 66
48 56 85
48 57 27
48 58 70
48 59 84
48 60 21
48 61 74
48 62 58
48 63 61
48 64 16
48 65 2
48 66 99
48 67 38
48 68 6
48 69 60
48 70 11
48 71 19
48 72 76
48 73 27
48 74 80
48 75 96
48 76 75
48 77 52
48 78 38
48 79 62
48 80 60
48 81 96
48 82 37
48 83 11
48 84 9
48 85 44
48 86 46
48 87 81
48 88 44
48 89 43
48 90 56
48 91 39
48 92 93
48 93 81
48 94 5
48 95 89
48 96 45
48 97 66
49 50 37
49 51 88
49 52 61
49 53 22
49 54 74
49 55 93
49 56 75
49 57 26
49 58 55
49 59 45
49 60 3
49 61 13
49 62 36
49 63 89
49 64 50
49 65 35
49 66 55
49 67 39
49 68 3
49 69 32
49 70 14
49 71 55
49 72 39
49 73 22
49 74 42
49 75 5
49 76 39
49 77 66
49 78 58
49 79 96
49 80 91
49 81 90
49 82 65
49 83 65
49 84 97
49 85 36
49 86 11
49 87 17
49 88 34
49 89 95
49 90 73
49 91 97
49 92 51
49 93 50
49 94 31
49 95 92
49 96 33
49 97 70
50 51 48
50 52 95
50 53 41
50 54 61
50 55 66
50 56 60
50 57 28
50 58 29
50 59 89
50 60 74
50 61 90
50 62 50
50 63 73
50 64 85
50 65 81
50 66 69
50 67 52
50 68 65
50 69 70
50 70 81
50 71 35
50 72 81
50 73 50
50 74 25
50 75 13
50 76 85
50 77 62
50 78 55
50 79 7
50 80 73
50 81 35
50 82 53
50 83 29
50 84 66
50 85 35
50 86 46
50 87 49
50 88 36
50 89 16
50 90 46
50 91 95
50 92 29
50 93 77
50 94 8
50 95 71
50 96 13
50 97 12
51 52 83
51 53 24
51 54 67
51 55 61
51 56 88
51 57 35
51 58 81
51 59 38
51 60 8
51 61 32
51 62 66
51 63 57
51 64 51
51 65 67
51 66 46
51 67 8
51 68 20
51 69 67
51 70 9
51 71 43
51 72 48
51 73 59
51 74 55
51 75 50
51 76 50
51 77 63
51 78 62
51 79 34
51 80 60
51 81 39
51 82 18
51 83 28
51 84 33
51 85 96
51 86 76
51 87 73
51 88 26
51 89 52
51 90 40
51 91 10
51 92 59
51 93 20
51 94 68
51 95 16
51 96 46
51 97 68
52 53 83
52 54 51
52 55 16
52 56 61
52 57 66
52 58 50
52 59 80
52 60 13
52 61 9
52 62 98
52 63 11
52 64 3
52 65 72
52 66 61
52 67 18
52 68 34
52 69 72
52 70 49
52 71 91
52 72 51
52 73 64
52 74 34
52 75 76
52 76 36
52 77 28
52 78 71
52 79 10
52 80 88
52 81 89
52 82 76
52 83 68
52 84 67
52 85 31
52 86 1
52 87 9
52 88 18
52 89 34
52 90 94
52 91 13
52 92 43
52 93 75
52 94 68
52 95 10
52 96 35
52 97 93
53 54 62
53 55 45
53 56 57
53 57 20
53 58 17
53 59 91
53 60 90
53 61 24
53 62 77
53 63 80
53 64 12
53 65 24
53 66 51
53 67 43
53 68 52
53 69 17
53 70 73
53 71 87
53 72 16
53 73 16
53 74 63
53 75 75
53 76 63
53 77 97
53 78 41
53 79 34
53 80 76
53 81 71
53 82 17
53 83 2
53 84 19
53 85 38
53 86 95
53 87 46
53 88 18
53 89 63
53 90 80
53 91 22
53 92 75
53 93 43
53 94 48
53 95 11
53 96 5
53 97 20
54 55 55
54 56 57
54 57 70
54 58 33
54 59 52
54 60 2
54 61 63
54 62 17
54 63 38
54 64 10
54 65 38
54 66 26
54 67 22
54 68 12
54 69 71
54 70 2
54 71 36
54 72 17
54 73 69
54 74 63
54 75 1
54 76 78
54 77 37
54 78 95
54 79 50
54 80 42
54 81 72
54 82 66
54 83 42
54 84 82
54 85 20
54 86 52
54 87 50
54 88 8
54 89 19
54 90 19
54 91 32
54 92 13
54 93 29
54 94 22
54 95 3
54 96 92
54 97 13
55 56 42
55 57 89
55 58 70
55 59 69
55 60 88
55 61 39
55 62 24
55 63 22
55 64 26
55 65 88
55 66 47
55 67 71
55 68 19
55 69 30
55 70 48
55 71 17
55 72 68
55 73 10
55 74 9
55 75 21
55 76 62
55 77 80
55 78 38
55 79 84
55 80 98
55 81 70
55 82 53
55 83 54
55 84 20
55 85 36
55 86 99
55 87 18
55 88 72
55 89 32
55 90 68
55 91 82
55 92 95
55 93 85
55 94 44
55 95 70
55 96 88
55 97 99
56 57 98
56 58 35
56 59 70
56 60 47
56 61 30
56 62 16
56 63 87
56 64 51
56 65 27
56 66 91
56 67 48
56 68 3
56 69 17
56 70 89
56 71 83
56 72 34
56 73 66
56 74 38
56 75 45
56 76 72
56 77 97
56 78 40
56 79 91
56 80 79
56 81 59
56 82 28
56 83 52
56 84 4
56 85 72
56 86 82
56 87 32
56 88 27
56 89 81
56 90 46
56 91 83
56 92 41
56 93 8
56 94 99
56 95 21
56 96 78
56 97 11
57 58 27
57 59 24
57 60 34
57 61 4
57 62 61
57 63 13
57 64 97
57 65 30
57 66 73
57 67 23
57 68 36
57 69 9
57 70 4
57 71 37
57 72 94
57 73 35
57 74 44
57 75 21
57 76 8
57 77 63
57 78 9
57 79 96
57 80 95
57 81 95
57 82 41
57 83 14
57 84 72
57 85 94
57 86 51
57 87 95
57 88 9
57 89 39
57 90 84
57 91 37
57 92 84
57 93 81
57 94 94
57 95 29
57 96 6
57 97 31
58 59 75
58 60 73
58 61 89
58 62 86
58 63 15
58 64 69
58 65 44
58 66 21
58 67 2
58 68 74
58 69 3
58 70 19
58 71 84
58 72 20
58 73 67
58 74 12
58 75 73
58 76 71
58 77 6
58 78 11
58 79 75
58 80 96
58 81 18
58 82 42
58 83 74
58 84 31
58 85 74
58 86 3
58 87 3
58 88 33
58 89 32
58 90 41
58 91 7
58 92 53
58 93 71
58 94 31
58 95 32
58 96 61
58 97 30
59 60 62
59 61 45
59 62 29
59 63 43
59 64 38
59 65 76
59 66 62
59 67 97
59 68 89
59 69 52
59 70 95
59 71 93
59 72 64
59 73 97
59 74 46
59 75 13
59 76 3
59 77 30
59 78 96
59 79 7
59 80 67
59 81 88
59 82 81
59 83 79
59 84 54
59 85 37
59 86 5
59 87 72
59 88 22
59 89 32
59 90 5
59 91 49
59 92 43
59 93 80
59 94 65
59 95 49
59 96 71
59 97 54
60 61 79
60 62 43
60 63 58
60 64 22
60 65 83
60 66 45
60 67 21
60 68 21
60 69 58
60 70 5
60 71 86
60 72 78
60 73 90
60 74 33
60 75 90
60 76 79
60 77 70
60 78 24
60 79 79
60 80 14
60 81 92
60 82 91
60 83 49
60 84 93
60 85 61
60 86 54
60 87 7
60 88 4
60 89 40
60 90 9
60 91 32
60 92 56
60 93 27
60 94 9
60 95 28
60 96 12
60 97 2
61 62 80
61 63 13
61 64 93
61 65 14
61 66 18
61 67 63
61 68 66
61 69 83
61 70 82
61 71 69
61 72 19
61 73 81
61 74 4
61 75 12
61 76 50
61 77 92
61 78 17
61 79 26
61 80 45
61 81 2
61 82 39
61 83 32
61 84 81
61 85 84
61 86 82
61 87 80
61 88 39
61 89 52
61 90 86
61 91 21
61 92 77
61 93 69
61 94 4
61 95 85
61 96 51
61 97 92
62 63 56
62 64 1
62 65 74
62 66 42
62 67 78
62 68 78
62 69 76
62 70 18
62 71 29
62 72 32
62 73 17
62 74 12
62 75 18
62 76 20
62 77 16
62 78 96
62 79 97
62 80 29
62 81 75
62 82 76
62 83 55
62 84 80
62 85 12
62 86 60
62 87 73
62 88 39
62 89 31
62 90 79
62 91 5
62 92 40
62 93 41
62 94 81
62 95 31
62 96 16
62 97 4
63 64 10
63 65 93
63 66 95
63 67 41
63 68 95
63 69 91
63 70 93
63 71 94
63 72 71
63 73 76
63 74 58
63 75 80
63 76 70
63 77 66
63 78 40
63 79 80
63 80 31
63 81 63
63 82 29
63 83 39
63 84 38
63 85 75
63 86 16
63 87 51
63 88 42
63 89 63
63 90 62
63 91 29
63 92 56
63 93 34
63 94 10
63 95 15
63 96 40
63 97 62
64 65 34
64 66 72
64 67 77
64 68 85
64 69 94
64 70 87
64 71 96
64 72 64
64 73 34
64 74 40
64 75 52
64 76 36
64 77 76
64 78 97
64 79 34
64 80 43
64 81 15
64 82 96
64 83 15
64 84 74
64 85 99
64 86 88
64 87 35
64 88 87
64 89 77
64 90 50
64 91 89
64 92 27
64 93 15
64 94 81
64 95 74
64 96 1
64 97 40
65 66 45
65 67 77
65 68 67
65 69 52
65 70 98
65 71 52
65 72 66
65 73 9
65 74 10
65 75 85
65 76 19
65 77 56
65 78 43
65 79 15
65 80 78
65 81 77
65 82 42
65 83 51
65 84 65
65 85 82
65 86 97
65 87 53
65 88 44
65 89 62
65 90 71
65 91 95
65 92 24
65 93 23
65 94 42
65 95 34
65 96 23
65 97 98
66 67 39
66 68 11
66 69 87
66 70 32
66 71 9
66 72 42
66 73 39
66 74 68
66 75 33
66 76 97
66 77 51
66 78 6
66 79 23
66 80 61
66 81 98
66 82 55
66 83 5
66 84 75
66 85 2
66 86 26
66 87 10
66 88 37
66 89 55
66 90 35
66 91 2
66 92 42
66 93 29
66 94 92
66 95 20
66 96 20
66 97 33
67 68 75
67 69 45
67 70 70
67 71 56
67 72 68
67 73 12
67 74 5
67 75 40
67 76 9
67 77 18
67 78 58
67 79 35
67 80 53
67 81 48
67 82 33
67 83 55
67 84 82
67 85 23
67 86 15
67 87 56
67 88 31
67 89 59
67 90 56
67 91 68
67 92 69
67 93 20
67 94 31
67 95 71
67 96 36
67 97 29
68 69 54
68 70 94
68 71 22
68 72 85
68 73 94
68 74 40
68 75 19
68 76 61
68 77 47
68 78 4
68 79 77
68 80 27
68 81 38
68 82 74
68 83 27
68 84 11
68 85 58
68 86 48
68 87 41
68 88 34
68 89 11
68 90 3
68 91 47
68 92 77
68 93 29
68 94 84
68 95 79
68 96 43
68 97 3
69 70 83
69 71 80
69 72 7
69 73 15
69 74 63
69 75 93
69 76 96
69 77 62
69 78 67
69 79 85
69 80 23
69 81 66
69 82 96
69 83 92
69 84 21
69 85 86
69 86 92
69 87 53
69 88 4
69 89 57
69 90 30
69 91 51
69 92 68
69 93 54
69 94 50
69 95 59
69 96 98
69 97 90
70 71 14
70 72 31
70 73 50
70 74 53
70 75 32
70 76 97
70 77 75
70 78 71
70 79 54
70 80 19
70 81 31
70 82 49
70 83 90
70 84 36
70 85 10
70 86 5
70 87 12
70 88 52
70 89 36
70 90 73
70 91 14
70 92 6
70 93 2
70 94 30
70 95 78
70 96 87
70 97 51
71 72 82
71 73 80
71 74 44
71 75 32
71 76 2
71 77 90
71 78 59
71 79 22
71 80 60
71 81 27
71 82 92
71 83 97
71 84 61
71 85 92
71 86 86
71 87 86
71 88 54
71 89 88
71 90 45
71 91 72
71 92 85
71 93 8
71 94 58
71 95 4
71 96 67
71 97 87
72 73 63
72 74 71
72 75 83
72 76 12
72 77 65
72 78 85
72 79 90
72 80 10
72 81 55
72 82 66
72 83 8
72 84 14
72 85 91
72 86 35
72 87 96
72 88 9
72 89 76
72 90 24
72 91 26
72 92 9
72 93 99
72 94 41
72 95 71
72 96 82
72 97 15
73 74 18
73 75 62
73 76 16
73 77 83
73 78 8
73 79 7
73 80 95
73 81 10
73 82 80
73 83 26
73 84 69
73 85 73
73 86 33
73 87 6
73 88 41
73 89 65
73 90 64
73 91 21
73 92 40
73 93 94
73 94 16
73 95 29
73 96 98
73 97 60
74 75 4
74 76 68
74 77 23
74 78 62
74 79 83
74 80 76
74 81 88
74 82 58
74 83 3
74 84 59
74 85 48
74 86 45
74 87 73
74 88 72
74 89 86
74 90 18
74 91 79
74 92 80
74 93 71
74 94 95
74 95 43
74 96 85
74 97 86
75 76 67
75 77 90
75 78 16
75 79 93
75 80 37
75 81 92
75 82 8
75 83 23
75 84 33
75 85 50
75 86 80
75 87 76
75 88 82
75 89 22
75 90 84
75 91 7
75 92 83
75 93 28
75 94 92
75 95 13
75 96 69
75 97 98
76 77 88
76 78 47
76 79 41
76 80 7
76 81 86
76 82 67
76 83 54
76 84 23
76 85 61
76 86 92
76 87 84
76 88 7
76 89 19
76 90 67
76 91 49
76 92 26
76 93 27
76 94 63
76 95 99
76 96 11
76 97 5
77 78 6
77 79 66
77 80 56
77 81 59
77 82 75
77 83 9
77 84 65
77 85 66
77 86 67
77 87 25
77 88 75
77 89 4
77 90 89
77 91 85
77 92 5
77 93 11
77 94 47
77 95 32
77 96 53
77 97 59
78 79 22
78 80 6
78 81 24
78 82 25
78 83 95
78 84 80
78 85 33
78 86 90
78 87 23
78 88 77
78 89 73
78 90 80
78 91 13
78 92 84
78 93 85
78 94 80
78 95 17
78 96 32
78 97 37
79 80 84
79 81 63
79 82 67
79 83 66
79 84 41
79 85 30
79 86 63
79 87 60
79 88 44
79 89 85
79 90 20
79 91 75
79 92 26
79 93 79
79 94 84
79 95 84
79 96 97
79 97 10
80 81 33
80 82 66
80 83 21
80 84 60
80 85 85
80 86 60
80 87 54
80 88 26
80 89 93
80 90 96
80 91 3
80 92 86
80 93 3
80 94 36
80 95 57
80 96 88
80 97 24
81 82 7
81 83 95
81 84 39
81 85 94
81 86 44
81 87 77
81 88 76
81 89 13
81 90 94
81 91 28
81 92 89
81 93 1
81 94 79
81 95 76
81 96 15
81 97 15
82 83 85
82 84 94
82 85 9
82 86 42
82 87 3
82 88 3
82 89 82
82 90 57
82 91 37
82 92 72
82 93 88
82 94 5
82 95 55
82 96 53
82 97 26
83 84 94
83 85 53
83 86 68
83 87 18
83 88 93
83 89 10
83 90 19
83 91 68
83 92 95
83 93 77
83 94 76
83 95 86
83 96 37
83 97 90
84 85 25
84 86 92
84 87 66
84 88 39
84 89 10
84 90 34
84 91 65
84 92 88
84 93 65
84 94 72
84 95 50
84 96 5
84 97 83
85 86 4
85 87 36
85 88 8
85 89 30
85 90 58
85 91 25
85 92 86
85 93 78
85 94 60
85 95 17
85 96 17
85 97 94
86 87 53
86 88 78
86 89 3
86 90 16
86 91 58
86 92 26
86 93 62
86 94 88
86 95 99
86 96 19
86 97 46
87 88 24
87 89 99
87 90 88
87 91 23
87 92 33
87 93 62
87 94 40
87 95 16
87 96 77
87 97 57
88 89 60
88 90 37
88 91 66
88 92 6
88 93 91
88 94 37
88 95 30
88 96 3
88 97 67
89 90 38
89 91 19
89 92 36
89 93 21
89 94 94
89 95 30
89 96 1
89 97 85
90 91 10
90 92 9
90 93 54
90 94 88
90 95 70
90 96 25
90 97 85
91 92 55
91 93 44
91 94 16
91 95 16
91 96 69
91 97 12
92 93 6
92 94 64
92 95 13
92 96 33
92 97 73
93 94 79
93 95 3
93 96 27
93 97 32
94 95 23
94 96 41
94 97 6
95 96 18
95 97 19
96 97 54