99
0 1 52
0 2 93
0 3 59
0 4 90
0 5 20
0 6 62
0 7 98
0 8 92
0 9 85
0 10 70
0 11 42
0 12 57
0 13 46
0 14 46
0 15 7
0 16 5
0 17 98
0 18 59
0 19 96
0 20 81
0 21 2
0 22 3
0 23 6
0 24 96
0 25 72
0 26 2
0 27 26
0 28 92
0 29 35
0 30 78
0 31 53
0 32 83
0 33 98
0 34 68
0 35 18
0 36 2
0 37 38
0 38 56
0 39 61
0 40 20
0 41 54
0 42 53
0 43 57
0 44 62
0 45 32
0 46 21
0 47 90
0 48 29
0 49 42
0 50 85
0 51 56
0 52 62
0 53 83
0 54 94
0 55 74
0 56 37
0 57 90
0 58 44
0 59 61
0 60 47
0 61 33
0 62 39
0 63 69
0 64 18
0 65 65
0 66 52
0 67 62
0 68 40
0 69 40
0 70 9
0 71 48
0 72 64
0 73 56
0 74 68
0 75 66
0 76 99
0 77 68
0 78 1
0 79 19
0 80 94
0 81 45
0 82 38
0 83 47
0 84 38
0 85 95
0 86 58
0 87 1
0 88 79
0 89 85
0 90 17
0 91 83
0 92 67
0 93 53
0 94 37
0 95 94
0 96 78
0 97 48
0 98 70
1 2 58
1 3 34
1 4 86
1 5 83
1 6 14
1 7 44
1 8 91
1 9 83
1 10 34
1 11 74
1 12 13
1 13 57
1 14 68
1 15 79
1 16 84
1 17 94
1 18 59
1 19 37
1 20 46
1 21 22
1 22 54
1 23 85
1 24 87
1 25 27
1 26 95
1 27 30
1 28 95
1 29 69
1 30 79
1 31 9
1 32 11
1 33 24
1 34 26
1 35 26
1 36 73
1 37 46
1 38 45
1 39 44
1 40 38
1 41 27
1 42 56
1 43 81
1 44 28
1 45 11
1 46 89
1 47 99
1 48 31
1 49 36
1 50 5
1 51 84
1 52 19
1 53 41
1 54 81
1 55 39
1 56 54
1 57 65
1 58 96
1 59 45
1 60 34
1 61 81
1 62 41
1 63 84
1 64 34
1 65 24
1 66 81
1 67 6
1 68 31
1 69 29
1 70 81
1 71 47
1 72 85
1 73 80
1 74 86
1 75 79
1 76 54
1 77 41
1 78 81
1 79 51
1 80 85
1 81 84
1 82 54
1 83 67
1 84 19
1 85 95
1 86 84
1 87 23
1 88 99
1 89 86
1 90 9
1 91 19
1 92 30
1 93 17
1 94 70
1 95 49
1 96 12
1 97 67
1 98 18
2 3 4
2 4 1
2 5 50
2 6 94
2 7 59
2 8 40
2 9 48
2 10 47
2 11 44
2 12 6
2 13 46
2 14 50
2 15 50
2 16 62
2 17 38
2 18 45
2 19 57
2 20 40
2 21 36
2 22 84
2 23 55
2 24 77
2 25 99
2 26 50
2 27 75
2 28 94
2 29 26
2 30 12
2 31 52
2 32 91
2 33 84
2 34 25
2 35 82
2 36 8
2 37 37
2 38 80
2 39 18
2 40 23
2 41 74
2 42 14
2 43 33
2 44 83
2 45 35
2 46 59
2 47 90
2 48 27
2 49 70
2 50 62
2 51 77
2 52 15
2 53 10
2 54 15
2 55 10
2 56 1
2 57 47
2 58 40
2 59 16
2 60 49
2 61 48
2 62 80
2 63 50
2 64 13
2 65 47
2 66 54
2 67 97
2 68 29
2 69 70
2 70 23
2 71 41
2 72 52
2 73 74
2 74 87
2 75 80
2 76 93
2 77 98
2 78 52
2 79 15
2 80 10
2 81 4
2 82 28
2 83 20
2 84 38
2 85 58
2 86 86
2 87 29
2 88 66
2 89 66
2 90 76
2 91 96
2 92 77
2 93 23
2 94 17
2 95 64
2 96 81
2 97 30
2 98 52
3 4 89
3 5 7
3 6 65
3 7 79
3 8 51
3 9 7
3 10 68
3 11 64
3 12 64
3 13 76
3 14 79
3 15 54
3 16 57
3 17 61
3 18 49
3 19 30
3 20 45
3 21 38
3 22 81
3 23 2
3 24 39
3 25 1
3 26 7
3 27 75
3 28 28
3 29 12
3 30 16
3 31 47
3 32 81
3 33 11
3 34 71
3 35 68
3 36 23
3 37 74
3 38 84
3 39 37
3 40 73
3 41 92
3 42 49
3 43 84
3 44 56
3 45 68
3 46 55
3 47 46
3 48 24
3 49 7
3 50 92
3 51 69
3 52 22
3 53 65
3 54 30
3 55 54
3 56 32
3 57 69
3 58 38
3 59 23
3 60 21
3 61 39
3 62 51
3 63 84
3 64 30
3 65 94
3 66 64
3 67 54
3 68 41
3 69 61
3 70 7
3 71 28
3 72 75
3 73 71
3 74 45
3 75 54
3 76 82
3 77 59
3 78 60
3 79 49
3 80 41
3 81 13
3 82 15
3 83 70
3 84 77
3 85 5
3 86 23
3 87 88
3 88 25
3 89 16
3 90 32
3 91 45
3 92 95
3 93 87
3 94 97
3 95 21
3 96 49
3 97 84
3 98 41
4 5 41
4 6 96
4 7 35
4 8 36
4 9 44
4 10 45
4 11 7
4 12 36
4 13 29
4 14 33
4 15 98
4 16 51
4 17 10
4 18 8
4 19 78
4 20 49
4 21 58
4 22 4
4 23 61
4 24 61
4 25 11
4 26 94
4 27 40
4 28 79
4 29 39
4 30 95
4 31 94
4 32 1
4 33 1
4 34 96
4 35 64
4 36 28
4 37 99
4 38 19
4 39 35
4 40 62
4 41 25
4 42 34
4 43 50
4 44 22
4 45 41
4 46 30
4 47 83
4 48 11
4 49 27
4 50 6
4 51 88
4 52 39
4 53 13
4 54 62
4 55 24
4 56 1
4 57 4
4 58 26
4 59 26
4 60 26
4 61 21
4 62 4
4 63 50
4 64 19
4 65 27
4 66 98
4 67 76
4 68 21
4 69 85
4 70 17
4 71 79
4 72 34
4 73 71
4 74 5
4 75 53
4 76 63
4 77 11
4 78 70
4 79 23
4 80 52
4 81 76
4 82 1
4 83 69
4 84 46
4 85 37
4 86 25
4 87 4
4 88 8
4 89 80
4 90 47
4 91 84
4 92 74
4 93 65
4 94 13
4 95 77
4 96 8
4 97 76
4 98 74
5 6 62
5 7 8
5 8 85
5 9 59
5 10 99
5 11 2
5 12 17
5 13 47
5 14 80
5 15 77
5 16 84
5 17 35
5 18 51
5 19 30
5 20 25
5 21 1
5 22 18
5 23 6
5 24 50
5 25 75
5 26 24
5 27 74
5 28 72
5 29 41
5 30 39
5 31 19
5 32 84
5 33 62
5 34 43
5 35 89
5 36 69
5 37 65
5 38 28
5 39 50
5 40 69
5 41 28
5 42 30
5 43 17
5 44 34
5 45 93
5 46 43
5 47 67
5 48 93
5 49 5
5 50 66
5 51 61
5 52 26
5 53 79
5 54 19
5 55 90
5 56 94
5 57 56
5 58 45
5 59 67
5 60 34
5 61 39
5 62 10
5 63 43
5 64 65
5 65 74
5 66 12
5 67 40
5 68 31
5 69 86
5 70 46
5 71 50
5 72 42
5 73 77
5 74 13
5 75 64
5 76 42
5 77 80
5 78 89
5 79 23
5 80 80
5 81 30
5 82 29
5 83 74
5 84 8
5 85 13
5 86 34
5 87 3
5 88 83
5 89 73
5 90 44
5 91 75
5 92 84
5 93 54
5 94 29
5 95 51
5 96 33
5 97 40
5 98 15
6 7 1
6 8 7
6 9 30
6 10 47
6 11 85
6 12 45
6 13 4
6 14 51
6 15 70
6 16 96
6 17 54
6 18 18
6 19 72
6 20 31
6 21 61
6 22 17
6 23 86
6 24 28
6 25 34
6 26 22
6 27 87
6 28 87
6 29 2
6 30 41
6 31 40
6 32 6
6 33 34
6 34 13
6 35 77
6 36 41
6 37 11
6 38 33
6 39 72
6 40 71
6 41 46
6 42 79
6 43 96
6 44 37
6 45 43
6 46 16
6 47 1
6 48 97
6 49 19
6 50 61
6 51 60
6 52 69
6 53 38
6 54 86
6 55 78
6 56 1
6 57 19
6 58 67
6 59 93
6 60 9
6 61 73
6 62 52
6 63 95
6 64 91
6 65 74
6 66 64
6 67 20
6 68 47
6 69 34
6 70 8
6 71 70
6 72 18
6 73 61
6 74 60
6 75 39
6 76 14
6 77 58
6 78 51
6 79 41
6 80 50
6 81 68
6 82 17
6 83 96
6 84 44
6 85 69
6 86 81
6 87 75
6 88 64
6 89 58
6 90 98
6 91 33
6 92 79
6 93 74
6 94 57
6 95 51
6 96 86
6 97 57
6 98 83
7 8 20
7 9 40
7 10 11
7 11 2
7 12 63
7 13 62
7 14 87
7 15 33
7 16 12
7 17 62
7 18 33
7 19 32
7 20 42
7 21 75
7 22 83
7 23 35
7 24 73
7 25 98
7 26 95
7 27 61
7 28 11
7 29 92
7 30 82
7 31 3
7 32 84
7 33 86
7 34 13
7 35 18
7 36 16
7 37 13
7 38 21
7 39 72
7 40 25
7 41 23
7 42 87
7 43 90
7 44 51
7 45 36
7 46 34
7 47 6
7 48 56
7 49 10
7 50 59
7 51 62
7 52 45
7 53 79
7 54 51
7 55 78
7 56 96
7 57 10
7 58 70
7 59 34
7 60 37
7 61 54
7 62 33
7 63 94
7 64 50
7 65 89
7 66 55
7 67 7
7 68 78
7 69 33
7 70 72
7 71 90
7 72 21
7 73 64
7 74 6
7 75 74
7 76 35
7 77 96
7 78 32
7 79 97
7 80 94
7 81 20
7 82 59
7 83 88
7 84 96
7 85 18
7 86 63
7 87 40
7 88 64
7 89 5
7 90 33
7 91 43
7 92 24
7 93 6
7 94 77
7 95 82
7 96 45
7 97 99
7 98 24
8 9 91
8 10 11
8 11 18
8 12 74
8 13 61
8 14 57
8 15 20
8 16 6
8 17 23
8 18 76
8 19 54
8 20 15
8 21 92
8 22 28
8 23 4
8 24 98
8 25 4
8 26 50
8 27 26
8 28 91
8 29 74
8 30 85
8 31 72
8 32 88
8 33 13
8 34 39
8 35 42
8 36 63
8 37 90
8 38 38
8 39 60
8 40 88
8 41 24
8 42 83
8 43 41
8 44 59
8 45 68
8 46 11
8 47 86
8 48 66
8 49 41
8 50 95
8 51 54
8 52 26
8 53 34
8 54 4
8 55 71
8 56 85
8 57 14
8 58 14
8 59 89
8 60 58
8 61 47
8 62 59
8 63 58
8 64 60
8 65 11
8 66 54
8 67 14
8 68 72
8 69 62
8 70 35
8 71 20
8 72 83
8 73 63
8 74 72
8 75 39
8 76 43
8 77 28
8 78 14
8 79 95
8 80 9
8 81 48
8 82 53
8 83 99
8 84 51
8 85 22
8 86 30
8 87 46
8 88 68
8 89 49
8 90 20
8 91 52
8 92 36
8 93 73
8 94 83
8 95 45
8 96 86
8 97 12
8 98 7
9 10 62
9 11 94
9 12 12
9 13 19
9 14 26
9 15 24
9 16 65
9 17 18
9 18 64
9 19 26
9 20 75
9 21 76
9 22 51
9 23 41
9 24 29
9 25 90
9 26 41
9 27 11
9 28 54
9 29 26
9 30 33
9 31 59
9 32 19
9 33 83
9 34 4
9 35 32
9 36 19
9 37 32
9 38 59
9 39 56
9 40 23
9 41 89
9 42 7
9 43 3
9 44 55
9 45 22
9 46 68
9 47 89
9 48 16
9 49 68
9 50 24
9 51 38
9 52 9
9 53 73
9 54 13
9 55 54
9 56 52
9 57 7
9 58 55
9 59 15
9 60 86
9 61 54
9 62 90
9 63 47
9 64 86
9 65 37
9 66 59
9 67 83
9 68 9
9 69 22
9 70 39
9 71 56
9 72 94
9 73 39
9 74 6
9 75 86
9 76 13
9 77 96
9 78 5
9 79 13
9 80 63
9 81 38
9 82 86
9 83 27
9 84 98
9 85 11
9 86 40
9 87 93
9 88 36
9 89 62
9 90 37
9 91 71
9 92 99
9 93 41
9 94 60
9 95 75
9 96 70
9 97 66
9 98 71
10 11 28
10 12 87
10 13 53
10 14 1
10 15 72
10 16 48
10 17 17
10 18 63
10 19 62
10 20 78
10 21 18
10 22 94
10 23 75
10 24 52
10 25 81
10 26 22
10 27 40
10 28 70
10 29 21
10 30 31
10 31 82
10 32 57
10 33 35
10 34 95
10 35 55
10 36 17
10 37 97
10 38 3
10 39 98
10 40 84
10 41 84
10 42 57
10 43 41
10 44 85
10 45 97
10 46 7
10 47 91
10 48 74
10 49 27
10 50 65
10 51 14
10 52 61
10 53 96
10 54 76
10 55 57
10 56 35
10 57 23
10 58 89
10 59 5
10 60 76
10 61 1
10 62 39
10 63 16
10 64 58
10 65 54
10 66 5
10 67 53
10 68 40
10 69 69
10 70 79
10 71 92
10 72 93
10 73 63
10 74 86
10 75 41
10 76 48
10 77 99
10 78 50
10 79 64
10 80 56
10 81 27
10 82 30
10 83 26
10 84 46
10 85 48
10 86 2
10 87 99
10 88 77
10 89 56
10 90 36
10 91 71
10 92 46
10 93 95
10 94 94
10 95 87
10 96 15
10 97 25
10 98 79
11 12 54
11 13 22
11 14 29
11 15 43
11 16 64
11 17 50
11 18 86
11 19 11
11 20 11
11 21 79
11 22 48
11 23 40
11 24 12
11 25 31
11 26 15
11 27 32
11 28 81
11 29 63
11 30 24
11 31 20
11 32 20
11 33 81
11 34 6
11 35 86
11 36 43
11 37 58
11 38 63
11 39 1
11 40 64
11 41 19
11 42 18
11 43 40
11 44 58
11 45 22
11 46 52
11 47 92
11 48 85
11 49 76
11 50 16
11 51 5
11 52 87
11 53 20
11 54 39
11 55 45
11 56 31
11 57 49
11 58 17
11 59 34
11 60 59
11 61 27
11 62 76
11 63 88
11 64 17
11 65 56
11 66 48
11 67 22
11 68 12
11 69 19
11 70 7
11 71 78
11 72 82
11 73 88
11 74 71
11 75 7
11 76 5
11 77 10
11 78 63
11 79 79
11 80 9
11 81 31
11 82 7
11 83 63
11 84 31
11 85 95
11 86 15
11 87 26
11 88 40
11 89 5
11 90 94
11 91 61
11 92 80
11 93 87
11 94 43
11 95 56
11 96 49
11 97 51
11 98 68
12 13 50
12 14 35
12 15 16
12 16 87
12 17 51
12 18 41
12 19 99
12 20 54
12 21 3
12 22 42
12 23 51
12 24 24
12 25 45
12 26 57
12 27 41
12 28 4
12 29 94
12 30 11
12 31 80
12 32 14
12 33 44
12 34 66
12 35 21
12 36 83
12 37 85
12 38 68
12 39 38
12 40 20
12 41 25
12 42 4
12 43 73
12 44 15
12 45 56
12 46 41
12 47 88
12 48 44
12 49 2
12 50 5
12 51 49
12 52 56
12 53 72
12 54 13
12 55 44
12 56 14
12 57 37
12 58 22
12 59 57
12 60 27
12 61 48
12 62 87
12 63 31
12 64 61
12 65 1
12 66 69
12 67 28
12 68 28
12 69 15
12 70 74
12 71 21
12 72 99
12 73 47
12 74 99
12 75 40
12 76 77
12 77 90
12 78 23
12 79 23
12 80 46
12 81 83
12 82 32
12 83 60
12 84 37
12 85 89
12 86 11
12 87 90
12 88 89
12 89 32
12 90 28
12 91 39
12 92 51
12 93 97
12 94 60
12 95 55
12 96 73
12 97 35
12 98 37
13 14 26
13 15 58
13 16 28
13 17 16
13 18 4
13 19 32
13 20 66
13 21 59
13 22 93
13 23 64
13 24 53
13 25 7
13 26 13
13 27 24
13 28 65
13 29 45
13 30 68
13 31 21
13 32 46
13 33 19
13 34 74
13 35 68
13 36 32
13 37 77
13 38 92
13 39 31
13 40 66
13 41 48
13 42 65
13 43 99
13 44 72
13 45 61
13 46 93
13 47 12
13 48 97
13 49 47
13 50 6
13 51 28
13 52 27
13 53 78
13 54 44
13 55 73
13 56 43
13 57 49
13 58 67
13 59 50
13 60 12
13 61 14
13 62 53
13 63 87
13 64 11
13 65 36
13 66 97
13 67 97
13 68 40
13 69 81
13 70 15
13 71 91
13 72 14
13 73 45
13 74 40
13 75 61
13 76 40
13 77 29
13 78 47
13 79 65
13 80 81
13 81 89
13 82 31
13 83 47
13 84 40
13 85 38
13 86 97
13 87 48
13 88 70
13 89 18
13 90 28
13 91 78
13 92 47
13 93 84
13 94 39
13 95 47
13 96 2
13 97 17
13 98 74
14 15 81
14 16 2
14 17 42
14 18 38
14 19 62
14 20 34
14 21 11
14 22 80
14 23 5
14 24 47
14 25 83
14 26 52
14 27 49
14 28 98
14 29 10
14 30 42
14 31 25
14 32 85
14 33 89
14 34 13
14 35 78
14 36 33
14 37 37
14 38 74
14 39 97
14 40 21
14 41 4
14 42 27
14 43 20
14 44 60
14 45 58
14 46 35
14 47 33
14 48 51
14 49 44
14 50 94
14 51 72
14 52 11
14 53 48
14 54 52
14 55 89
14 56 10
14 57 58
14 58 16
14 59 93
14 60 62
14 61 76
14 62 5
14 63 27
14 64 70
14 65 3
14 66 99
14 67 85
14 68 55
14 69 29
14 70 39
14 71 64
14 72 70
14 73 15
14 74 47
14 75 2
14 76 18
14 77 17
14 78 53
14 79 93
14 80 59
14 81 97
14 82 16
14 83 51
14 84 9
14 85 58
14 86 20
14 87 33
14 88 27
14 89 58
14 90 37
14 91 32
14 92 21
14 93 5
14 94 48
14 95 78
14 96 55
14 97 14
14 98 75
15 16 8
15 17 17
15 18 93
15 19 69
15 20 16
15 21 34
15 22 22
15 23 36
15 24 53
15 25 83
15 26 21
15 27 99
15 28 10
15 29 67
15 30 94
15 31 44
15 32 85
15 33 45
15 34 89
15 35 40
15 36 50
15 37 54
15 38 16
15 39 25
15 40 59
15 41 76
15 42 93
15 43 39
15 44 11
15 45 33
15 46 43
15 47 9
15 48 14
15 49 64
15 50 52
15 51 67
15 52 52
15 53 39
15 54 16
15 55 15
15 56 69
15 57 16
15 58 13
15 59 75
15 60 14
15 61 85
15 62 84
15 63 57
15 64 77
15 65 50
15 66 11
15 67 4
15 68 16
15 69 10
15 70 31
15 71 3
15 72 7
15 73 89
15 74 14
15 75 83
15 76 77
15 77 70
15 78 12
15 79 79
15 80 22
15 81 71
15 82 84
15 83 93
15 84 85
15 85 45
15 86 3
15 87 79
15 88 41
15 89 14
15 90 93
15 91 11
15 92 72
15 93 18
15 94 91
15 95 86
15 96 78
15 97 29
15 98 4
16 17 52
16 18 67
16 19 36
16 20 61
16 21 41
16 22 90
16 23 89
16 24 24
16 25 23
16 26 50
16 27 64
16 28 44
16 29 12
16 30 59
16 31 35
16 32 6
16 33 15
16 34 51
16 35 19
16 36 29
16 37 90
16 38 35
16 39 68
16 40 19
16 41 97
16 42 41
16 43 93
16 44 57
16 45 51
16 46 19
16 47 59
16 48 69
16 49 11
16 50 31
16 51 44
16 52 84
16 53 22
16 54 6
16 55 22
16 56 11
16 57 87
16 58 77
16 59 3
16 60 44
16 61 61
16 62 62
16 63 86
16 64 10
16 65 60
16 66 99
16 67 45
16 68 20
16 69 16
16 70 62
16 71 72
16 72 57
16 73 46
16 74 59
16 75 89
16 76 33
16 77 37
16 78 2
16 79 52
16 80 17
16 81 12
16 82 85
16 83 66
16 84 86
16 85 15
16 86 89
16 87 13
16 88 17
16 89 36
16 90 37
16 91 2
16 92 19
16 93 16
16 94 49
16 95 83
16 96 12
16 97 37
16 98 64
17 18 94
17 19 17
17 20 47
17 21 58
17 22 55
17 23 70
17 24 61
17 25 45
17 26 55
17 27 46
17 28 47
17 29 91
17 30 79
17 31 51
17 32 4
17 33 11
17 34 49
17 35 6
17 36 21
17 37 72
17 38 60
17 39 8
17 40 48
17 41 23
17 42 86
17 43 12
17 44 71
17 45 74
17 46 27
17 47 89
17 48 72
17 49 22
17 50 93
17 51 43
17 52 57
17 53 48
17 54 64
17 55 16
17 56 17
17 57 9
17 58 33
17 59 53
17 60 85
17 61 5
17 62 83
17 63 23
17 64 38
17 65 28
17 66 41
17 67 19
17 68 35
17 69 52
17 70 1
17 71 20
17 72 76
17 73 24
17 74 4
17 75 29
17 76 17
17 77 73
17 78 59
17 79 40
17 80 17
17 81 87
17 82 67
17 83 60
17 84 39
17 85 15
17 86 4
17 87 15
17 88 79
17 89 4
17 90 60
17 91 46
17 92 97
17 93 16
17 94 22
17 95 57
17 96 80
17 97 17
17 98 66
18 19 14
18 20 35
18 21 4
18 22 59
18 23 78
18 24 77
18 25 41
18 26 98
18 27 89
18 28 25
18 29 89
18 30 47
18 31 64
18 32 44
18 33 75
18 34 44
18 35 1
18 36 28
18 37 79
18 38 43
18 39 8
18 40 39
18 41 8
18 42 4
18 43 46
18 44 2
18 45 82
18 46 86
18 47 5
18 48 65
18 49 53
18 50 62
18 51 30
18 52 81
18 53 25
18 54 68
18 55 76
18 56 29
18 57 25
18 58 38
18 59 6
18 60 29
18 61 98
18 62 35
18 63 59
18 64 41
18 65 54
18 66 79
18 67 32
18 68 87
18 69 85
18 70 16
18 71 20
18 72 61
18 73 40
18 74 69
18 75 88
18 76 3
18 77 57
18 78 32
18 79 18
18 80 89
18 81 34
18 82 95
18 83 15
18 84 95
18 85 76
18 86 46
18 87 48
18 88 15
18 89 3
18 90 77
18 91 79
18 92 65
18 93 40
18 94 35
18 95 40
18 96 5
18 97 64
18 98 47
19 20 91
19 21 33
19 22 42
19 23 24
19 24 42
19 25 83
19 26 60
19 27 40
19 28 73
19 29 51
19 30 25
19 31 24
19 32 40
19 33 88
19 34 83
19 35 29
19 36 38
19 37 80
19 38 46
19 39 18
19 40 42
19 41 24
19 42 80
19 43 15
19 44 4
19 45 88
19 46 52
19 47 85
19 48 77
19 49 60
19 50 69
19 51 45
19 52 83
19 53 35
19 54 75
19 55 72
19 56 29
19 57 68
19 58 74
19 59 64
19 60 6
19 61 8
19 62 43
19 63 20
19 64 95
19 65 59
19 66 13
19 67 31
19 68 40
19 69 8
19 70 12
19 71 36
19 72 33
19 73 44
19 74 53
19 75 99
19 76 51
19 77 40
19 78 11
19 79 1
19 80 19
19 81 80
19 82 99
19 83 43
19 84 83
19 85 47
19 86 85
19 87 29
19 88 82
19 89 12
19 90 84
19 91 63
19 92 47
19 93 89
19 94 64
19 95 97
19 96 56
19 97 95
19 98 93
20 21 30
20 22 25
20 23 17
20 24 50
20 25 20
20 26 20
20 27 51
20 28 30
20 29 68
20 30 64
20 31 60
20 32 57
20 33 57
20 34 18
20 35 8
20 36 16
20 37 47
20 38 25
20 39 12
20 40 87
20 41 19
20 42 98
20 43 64
20 44 45
20 45 58
20 46 98
20 47 39
20 48 80
20 49 46
20 50 71
20 51 7
20 52 43
20 53 29
20 54 47
20 55 50
20 56 74
20 57 87
20 58 48
20 59 57
20 60 44
20 61 41
20 62 48
20 63 86
20 64 12
20 65 17
20 66 30
20 67 47
20 68 10
20 69 37
20 70 68
20 71 88
20 72 18
20 73 43
20 74 90
20 75 20
20 76 60
20 77 91
20 78 30
20 79 93
20 80 7
20 81 76
20 82 60
20 83 7
20 84 18
20 85 60
20 86 45
20 87 69
20 88 19
20 89 16
20 90 52
20 91 18
20 92 99
20 93 33
20 94 92
20 95 24
20 96 38
20 97 76
20 98 46
21 22 76
21 23 76
21 24 4
21 25 57
21 26 35
21 27 41
21 28 43
21 29 69
21 30 75
21 31 34
21 32 45
21 33 85
21 34 93
21 35 19
21 36 34
21 37 57
21 38 51
21 39 84
21 40 28
21 41 47
21 42 40
21 43 92
21 44 98
21 45 77
21 46 89
21 47 86
21 48 58
21 49 43
21 50 83
21 51 87
21 52 6
21 53 76
21 54 66
21 55 80
21 56 65
21 57 19
21 58 67
21 59 40
21 60 24
21 61 19
21 62 68
21 63 71
21 64 35
21 65 97
21 66 8
21 67 36
21 68 88
21 69 9
21 70 37
21 71 60
21 72 57
21 73 27
21 74 73
21 75 35
21 76 3
21 77 18
21 78 46
21 79 47
21 80 6
21 81 95
21 82 29
21 83 70
21 84 96
21 85 56
21 86 88
21 87 36
21 88 11
21 89 32
21 90 97
21 91 9
21 92 98
21 93 86
21 94 19
21 95 74
21 96 49
21 97 57
21 98 83
22 23 63
22 24 99
22 25 25
22 26 39
22 27 46
22 28 87
22 29 13
22 30 86
22 31 23
22 32 47
22 33 70
22 34 71
22 35 88
22 36 49
22 37 91
22 38 75
22 39 21
22 40 18
22 41 96
22 42 10
22 43 9
22 44 78
22 45 39
22 46 57
22 47 54
22 48 81
22 49 33
22 50 8
22 51 81
22 52 8
22 53 43
22 54 17
22 55 9
22 56 98
22 57 64
22 58 97
22 59 96
22 60 77
22 61 41
22 62 30
22 63 33
22 64 17
22 65 50
22 66 5
22 67 46
22 68 42
22 69 52
22 70 38
22 71 89
22 72 62
22 73 73
22 74 46
22 75 90
22 76 61
22 77 53
22 78 9
22 79 10
22 80 5
22 81 60
22 82 49
22 83 27
22 84 53
22 85 97
22 86 7
22 87 81
22 88 89
22 89 16
22 90 70
22 91 77
22 92 2
22 93 75
22 94 60
22 95 84
22 96 83
22 97 7
22 98 70
23 24 66
23 25 10
23 26 25
23 27 40
23 28 9
23 29 29
23 30 35
23 31 3
23 32 31
23 33 76
23 34 34
23 35 75
23 36 85
23 37 47
23 38 67
23 39 37
23 40 85
23 41 48
23 42 86
23 43 53
23 44 85
23 45 58
23 46 98
23 47 55
23 48 38
23 49 27
23 50 54
23 51 36
23 52 40
23 53 22
23 54 92
23 55 84
23 56 69
23 57 33
23 58 34
23 59 40
23 60 96
23 61 25
23 62 79
23 63 67
23 64 63
23 65 55
23 66 17
23 67 84
23 68 68
23 69 64
23 70 15
23 71 49
23 72 79
23 73 81
23 74 60
23 75 51
23 76 46
23 77 42
23 78 59
23 79 67
23 80 28
23 81 40
23 82 68
23 83 68
23 84 24
23 85 82
23 86 91
23 87 82
23 88 42
23 89 99
23 90 59
23 91 42
23 92 34
23 93 73
23 94 14
23 95 78
23 96 49
23 97 87
23 98 55
24 25 55
24 26 79
24 27 86
24 28 36
24 29 28
24 30 13
24 31 81
24 32 32
24 33 47
24 34 57
24 35 44
24 36 85
24 37 2
24 38 13
24 39 89
24 40 67
24 41 59
24 42 33
24 43 51
24 44 20
24 45 81
24 46 78
24 47 59
24 48 77
24 49 25
24 50 21
24 51 41
24 52 88
24 53 63
24 54 52
24 55 52
24 56 76
24 57 22
24 58 19
24 59 56
24 60 52
24 61 92
24 62 36
24 63 21
24 64 9
24 65 96
24 66 36
24 67 59
24 68 5
24 69 21
24 70 2
24 71 8
24 72 40
24 73 77
24 74 35
24 75 18
24 76 24
24 77 69
24 78 14
24 79 86
24 80 92
24 81 93
24 82 75
24 83 75
24 84 34
24 85 4
24 86 18
24 87 45
24 88 88
24 89 24
24 90 81
24 91 1
24 92 2
24 93 20
24 94 97
24 95 88
24 96 22
24 97 65
24 98 19
25 26 21
25 27 78
25 28 98
25 29 16
25 30 70
25 31 39
25 32 90
25 33 26
25 34 84
25 35 25
25 36 99
25 37 57
25 38 11
25 39 77
25 40 57
25 41 36
25 42 72
25 43 18
25 44 18
25 45 80
25 46 19
25 47 50
25 48 51
25 49 94
25 50 52
25 51 26
25 52 21
25 53 82
25 54 91
25 55 27
25 56 85
25 57 92
25 58 61
25 59 10
25 60 82
25 61 35
25 62 68
25 63 67
25 64 98
25 65 13
25 66 24
25 67 12
25 68 75
25 69 95
25 70 62
25 71 75
25 72 2
25 73 97
25 74 92
25 75 3
25 76 11
25 77 94
25 78 70
25 79 97
25 80 47
25 81 47
25 82 53
25 83 17
25 84 42
25 85 9
25 86 73
25 87 18
25 88 10
25 89 67
25 90 88
25 91 38
25 92 7
25 93 68
25 94 83
25 95 66
25 96 94
25 97 76
25 98 21
26 27 29
26 28 9
26 29 99
26 30 7
26 31 56
26 32 26
26 33 23
26 34 47
26 35 70
26 36 70
26 37 39
26 38 37
26 39 77
26 40 95
26 41 12
26 42 36
26 43 37
26 44 7
26 45 91
26 46 77
26 47 70
26 48 8
26 49 23
26 50 60
26 51 28
26 52 39
26 53 52
26 54 96
26 55 47
26 56 93
26 57 23
26 58 99
26 59 97
26 60 7
26 61 85
26 62 56
26 63 19
26 64 83
26 65 40
26 66 32
26 67 9
26 68 69
26 69 9
26 70 98
26 71 98
26 72 98
26 73 12
26 74 14
26 75 11
26 76 38
26 77 4
26 78 51
26 79 65
26 80 91
26 81 51
26 82 33
26 83 4
26 84 11
26 85 83
26 86 3
26 87 77
26 88 63
26 89 83
26 90 88
26 91 81
26 92 46
26 93 58
26 94 68
26 95 61
26 96 73
26 97 93
26 98 59
27 28 21
27 29 48
27 30 69
27 31 44
27 32 5
27 33 65
27 34 78
27 35 2
27 36 38
27 37 40
27 38 90
27 39 90
27 40 61
27 41 33
27 42 90
27 43 27
27 44 21
27 45 93
27 46 77
27 47 34
27 48 42
27 49 46
27 50 16
27 51 64
27 52 83
27 53 22
27 54 14
27 55 18
27 56 1
27 57 77
27 58 78
27 59 86
27 60 49
27 61 82
27 62 72
27 63 53
27 64 42
27 65 99
27 66 22
27 67 63
27 68 54
27 69 49
27 70 42
27 71 25
27 72 69
27 73 26
27 74 24
27 75 69
27 76 65
27 77 74
27 78 12
27 79 48
27 80 56
27 81 15
27 82 5
27 83 95
27 84 35
27 85 70
27 86 88
27 87 85
27 88 28
27 89 2
27 90 96
27 91 48
27 92 98
27 93 29
27 94 71
27 95 40
27 96 77
27 97 34
27 98 87
28 29 89
28 30 83
28 31 67
28 32 87
28 33 91
28 34 17
28 35 63
28 36 76
28 37 28
28 38 40
28 39 92
28 40 27
28 41 59
28 42 18
28 43 98
28 44 9
28 45 49
28 46 64
28 47 7
28 48 65
28 49 79
28 50 78
28 51 60
28 52 91
28 53 93
28 54 99
28 55 64
28 56 87
28 57 22
28 58 28
28 59 96
28 60 97
28 61 63
28 62 5
28 63 47
28 64 15
28 65 80
28 66 26
28 67 94
28 68 68
28 69 53
28 70 19
28 71 41
28 72 12
28 73 31
28 74 39
28 75 29
28 76 42
28 77 84
28 78 63
28 79 17
28 80 25
28 81 67
28 82 47
28 83 43
28 84 16
28 85 82
28 86 55
28 87 67
28 88 3
28 89 93
28 90 93
28 91 44
28 92 14
28 93 46
28 94 97
28 95 93
28 96 1
28 97 18
28 98 31
29 30 67
29 31 29
29 32 36
29 33 64
29 34 59
29 35 30
29 36 82
29 37 8
29 38 88
29 39 83
29 40 56
29 41 89
29 42 76
29 43 65
29 44 61
29 45 99
29 46 37
29 47 61
29 48 31
29 49 89
29 50 57
29 51 57
29 52 28
29 53 33
29 54 94
29 55 19
29 56 71
29 57 52
29 58 30
29 59 72
29 60 71
29 61 9
29 62 60
29 63 63
29 64 37
29 65 20
29 66 22
29 67 81
29 68 17
29 69 75
29 70 77
29 71 53
29 72 43
29 73 37
29 74 99
29 75 96
29 76 41
29 77 55
29 78 68
29 79 93
29 80 12
29 81 94
29 82 14
29 83 43
29 84 32
29 85 83
29 86 78
29 87 29
29 88 41
29 89 19
29 90 51
29 91 59
29 92 23
29 93 77
29 94 90
29 95 88
29 96 31
29 97 58
29 98 92
30 31 93
30 32 53
30 33 28
30 34 23
30 35 73
30 36 41
30 37 40
30 38 4
30 39 7
30 40 21
30 41 63
30 42 38
30 43 98
30 44 45
30 45 41
30 46 53
30 47 99
30 48 96
30 49 21
30 50 13
30 51 21
30 52 96
30 53 62
30 54 15
30 55 66
30 56 68
30 57 74
30 58 60
30 59 77
30 60 41
30 61 63
30 62 32
30 63 29
30 64 48
30 65 69
30 66 46
30 67 30
30 68 1
30 69 3
30 70 75
30 71 53
30 72 60
30 73 35
30 74 48
30 75 71
30 76 26
30 77 55
30 78 83
30 79 69
30 80 85
30 81 55
30 82 20
30 83 4
30 84 76
30 85 61
30 86 99
30 87 92
30 88 74
30 89 29
30 90 28
30 91 73
30 92 29
30 93 60
30 94 91
30 95 52
30 96 94
30 97 10
30 98 46
31 32 2
31 33 14
31 34 40
31 35 57
31 36 5
31 37 96
31 38 29
31 39 97
31 40 28
31 41 62
31 42 3
31 43 18
31 44 7
31 45 33
31 46 23
31 47 42
31 48 84
31 49 92
31 50 17
31 51 67
31 52 72
31 53 67
31 54 46
31 55 79
31 56 28
31 57 1
31 58 45
31 59 25
31 60 48
31 61 18
31 62 85
31 63 66
31 64 63
31 65 16
31 66 28
31 67 22
31 68 44
31 69 35
31 70 44
31 71 73
31 72 89
31 73 63
31 74 62
31 75 45
31 76 30
31 77 94
31 78 51
31 79 66
31 80 37
31 81 86
31 82 1
31 83 1
31 84 89
31 85 18
31 86 29
31 87 90
31 88 59
31 89 15
31 90 69
31 91 42
31 92 55
31 93 51
31 94 85
31 95 80
31 96 76
31 97 51
31 98 63
32 33 22
32 34 24
32 35 72
32 36 95
32 37 75
32 38 36
32 39 64
32 40 40
32 41 76
32 42 8
32 43 96
32 44 56
32 45 27
32 46 67
32 47 13
32 48 66
32 49 32
32 50 88
32 51 68
32 52 44
32 53 35
32 54 44
32 55 56
32 56 25
32 57 64
32 58 47
32 59 14
32 60 35
32 61 86
32 62 44
32 63 62
32 64 21
32 65 11
32 66 54
32 67 26
32 68 59
32 69 38
32 70 76
32 71 9
32 72 93
32 73 88
32 74 95
32 75 21
32 76 64
32 77 83
32 78 12
32 79 65
32 80 85
32 81 95
32 82 26
32 83 80
32 84 75
32 85 28
32 86 45
32 87 43
32 88 19
32 89 47
32 90 25
32 91 98
32 92 6
32 93 21
32 94 20
32 95 85
32 96 28
32 97 94
32 98 1
33 34 21
33 35 77
33 36 8
33 37 58
33 38 76
33 39 39
33 40 73
33 41 2
33 42 12
33 43 36
33 44 29
33 45 55
33 46 69
33 47 45
33 48 14
33 49 49
33 50 85
33 51 83
33 52 94
33 53 19
33 54 36
33 55 34
33 56 21
33 57 94
33 58 22
33 59 12
33 60 49
33 61 11
33 62 77
33 63 25
33 64 22
33 65 35
33 66 43
33 67 21
33 68 47
33 69 13
33 70 20
33 71 81
33 72 3
33 73 24
33 74 76
33 75 59
33 76 86
33 77 75
33 78 31
33 79 7
33 80 75
33 81 93
33 82 64
33 83 15
33 84 87
33 85 45
33 86 80
33 87 98
33 88 97
33 89 55
33 90 67
33 91 10
33 92 37
33 93 33
33 94 86
33 95 96
33 96 4
33 97 37
33 98 60
34 35 20
34 36 29
34 37 81
34 38 75
34 39 60
34 40 47
34 41 5
34 42 75
34 43 16
34 44 37
34 45 81
34 46 27
34 47 65
34 48 88
34 49 21
34 50 36
34 51 4
34 52 97
34 53 32
34 54 60
34 55 57
34 56 77
34 57 22
34 58 30
34 59 71
34 60 83
34 61 72
34 62 98
34 63 83
34 64 61
34 65 79
34 66 87
34 67 31
34 68 40
34 69 5
34 70 17
34 71 55
34 72 83
34 73 20
34 74 1
34 75 74
34 76 62
34 77 49
34 78 54
34 79 95
34 80 45
34 81 50
34 82 50
34 83 94
34 84 42
34 85 2
34 86 55
34 87 28
34 88 2
34 89 11
34 90 32
34 91 79
34 92 21
34 93 70
34 94 27
34 95 70
34 96 50
34 97 83
34 98 43
35 36 22
35 37 49
35 38 50
35 39 48
35 40 63
35 41 32
35 42 51
35 43 71
35 44 18
35 45 82
35 46 96
35 47 74
35 48 46
35 49 62
35 50 65
35 51 44
35 52 60
35 53 62
35 54 25
35 55 43
35 56 60
35 57 19
35 58 87
35 59 12
35 60 10
35 61 73
35 62 93
35 63 83
35 64 31
35 65 7
35 66 45
35 67 26
35 68 51
35 69 6
35 70 50
35 71 94
35 72 78
35 73 78
35 74 8
35 75 32
35 76 49
35 77 48
35 78 30
35 79 31
35 80 11
35 81 37
35 82 7
35 83 70
35 84 13
35 85 34
35 86 17
35 87 3
35 88 9
35 89 76
35 90 94
35 91 11
35 92 86
35 93 26
35 94 24
35 95 66
35 96 50
35 97 25
35 98 77
36 37 51
36 38 87
36 39 76
36 40 81
36 41 46
36 42 75
36 43 3
36 44 74
36 45 72
36 46 49
36 47 51
36 48 43
36 49 14
36 50 45
36 51 30
36 52 31
36 53 98
36 54 60
36 55 78
36 56 27
36 57 27
36 58 99
36 59 43
36 60 1
36 61 90
36 62 14
36 63 90
36 64 22
36 65 72
36 66 41
36 67 41
36 68 78
36 69 48
36 70 60
36 71 46
36 72 83
36 73 54
36 74 77
36 75 4
36 76 84
36 77 21
36 78 30
36 79 10
36 80 5
36 81 57
36 82 6
36 83 64
36 84 31
36 85 69
36 86 61
36 87 1
36 88 51
36 89 18
36 90 39
36 91 37
36 92 87
36 93 79
36 94 45
36 95 32
36 96 90
36 97 91
36 98 68
37 38 8
37 39 15
37 40 35
37 41 19
37 42 42
37 43 92
37 44 53
37 45 46
37 46 55
37 47 39
37 48 95
37 49 50
37 50 34
37 51 68
37 52 77
37 53 26
37 54 78
37 55 65
37 56 71
37 57 5
37 58 33
37 59 82
37 60 18
37 61 99
37 62 31
37 63 37
37 64 21
37 65 85
37 66 22
37 67 61
37 68 56
37 69 53
37 70 71
37 71 67
37 72 87
37 73 30
37 74 38
37 75 49
37 76 79
37 77 77
37 78 60
37 79 85
37 80 38
37 81 33
37 82 13
37 83 96
37 84 60
37 85 61
37 86 31
37 87 32
37 88 86
37 89 57
37 90 40
37 91 47
37 92 47
37 93 50
37 94 89
37 95 68
37 96 17
37 97 92
37 98 7
38 39 33
38 40 89
38 41 75
38 42 79
38 43 20
38 44 92
38 45 39
38 46 42
38 47 23
38 48 16
38 49 51
38 50 2
38 51 74
38 52 39
38 53 17
38 54 18
38 55 3
38 56 68
38 57 40
38 58 49
38 59 64
38 60 51
38 61 14
38 62 80
38 63 29
38 64 71
38 65 70
38 66 21
38 67 21
38 68 81
38 69 23
38 70 87
38 71 89
38 72 97
38 73 10
38 74 60
38 75 40
38 76 29
38 77 66
38 78 22
38 79 43
38 80 40
38 81 34
38 82 1
38 83 67
38 84 98
38 85 6
38 86 40
38 87 51
38 88 92
38 89 45
38 90 8
38 91 20
38 92 70
38 93 12
38 94 87
38 95 84
38 96 81
38 97 10
38 98 8
39 40 46
39 41 56
39 42 28
39 43 13
39 44 52
39 45 96
39 46 71
39 47 88
39 48 4
39 49 22
39 50 4
39 51 20
39 52 80
39 53 91
39 54 52
39 55 63
39 56 61
39 57 25
39 58 89
39 59 75
39 60 7
39 61 28
39 62 34
39 63 7
39 64 5
39 65 58
39 66 87
39 67 23
39 68 70
39 69 22
39 70 45
39 71 92
39 72 33
39 73 82
39 74 5
39 75 25
39 76 62
39 77 92
39 78 68
39 79 14
39 80 98
39 81 77
39 82 13
39 83 48
39 84 84
39 85 17
39 86 26
39 87 67
39 88 76
39 89 84
39 90 74
39 91 80
39 92 63
39 93 47
39 94 67
39 95 93
39 96 74
39 97 43
39 98 89
40 41 81
40 42 87
40 43 25
40 44 4
40 45 60
40 46 67
40 47 16
40 48 7
40 49 34
40 50 53
40 51 67
40 52 38
40 53 65
40 54 14
40 55 29
40 56 45
40 57 79
40 58 6
40 59 16
40 60 48
40 61 26
40 62 80
40 63 88
40 64 79
40 65 83
40 66 79
40 67 27
40 68 72
40 69 46
40 70 8
40 71 57
40 72 66
40 73 32
40 74 74
40 75 56
40 76 65
40 77 52
40 78 53
40 79 40
40 80 35
40 81 27
40 82 95
40 83 13
40 84 88
40 85 41
40 86 32
40 87 89
40 88 82
40 89 5
40 90 9
40 91 71
40 92 49
40 93 84
40 94 15
40 95 84
40 96 97
40 97 1
40 98 2
41 42 88
41 43 24
41 44 65
41 45 81
41 46 97
41 47 81
41 48 52
41 49 20
41 50 97
41 51 69
41 52 46
41 53 69
41 54 55
41 55 13
41 56 28
41 57 72
41 58 87
41 59 54
41 60 85
41 61 15
41 62 26
41 63 95
41 64 97
41 65 2
41 66 95
41 67 10
41 68 66
41 69 81
41 70 72
41 71 95
41 72 79
41 73 15
41 74 13
41 75 58
41 76 23
41 77 87
41 78 10
41 79 20
41 80 5
41 81 95
41 82 51
41 83 98
41 84 81
41 85 50
41 86 78
41 87 65
41 88 60
41 89 74
41 90 32
41 91 16
41 92 57
41 93 9
41 94 17
41 95 73
41 96 91
41 97 54
41 98 35
42 43 68
42 44 5
42 45 71
42 46 69
42 47 94
42 48 41
42 49 21
42 50 75
42 51 62
42 52 34
42 53 65
42 54 64
42 55 71
42 56 3
42 57 56
42 58 66
42 59 54
42 60 3
42 61 72
42 62 61
42 63 56
42 64 77
42 65 34
42 66 55
42 67 15
42 68 51
42 69 60
42 70 68
42 71 47
42 72 36
42 73 91
42 74 38
42 75 28
42 76 86
42 77 69
42 78 89
42 79 4
42 80 97
42 81 3
42 82 60
42 83 61
42 84 70
42 85 53
42 86 82
42 87 56
42 88 61
42 89 83
42 90 62
42 91 91
42 92 3
42 93 89
42 94 39
42 95 78
42 96 18
42 97 8
42 98 62
43 44 69
43 45 66
43 46 15
43 47 69
43 48 49
43 49 11
43 50 43
43 51 95
43 52 58
43 53 37
43 54 17
43 55 25
43 56 77
43 57 28
43 58 76
43 59 49
43 60 85
43 61 51
43 62 6
43 63 6
43 64 9
43 65 4
43 66 69
43 67 43
43 68 47
43 69 77
43 70 22
43 71 3
43 72 20
43 73 97
43 74 96
43 75 47
43 76 93
43 77 89
43 78 70
43 79 6
43 80 53
43 81 88
43 82 95
43 83 53
43 84 88
43 85 66
43 86 34
43 87 19
43 88 20
43 89 50
43 90 55
43 91 40
43 92 6
43 93 75
43 94 81
43 95 24
43 96 16
43 97 76
43 98 10
44 45 33
44 46 5
44 47 49
44 48 94
44 49 48
44 50 7
44 51 55
44 52 43
44 53 44
44 54 37
44 55 3
44 56 85
44 57 93
44 58 98
44 59 60
44 60 2
44 61 56
44 62 65
44 63 30
44 64 20
44 65 22
44 66 51
44 67 85
44 68 96
44 69 38
44 70 97
44 71 15
44 72 95
44 73 55
44 74 63
44 75 40
44 76 42
44 77 51
44 78 72
44 79 9
44 80 44
44 81 64
44 82 66
44 83 94
44 84 53
44 85 93
44 86 35
44 87 3
44 88 59
44 89 54
44 90 91
44 91 58
44 92 9
44 93 47
44 94 44
44 95 58
44 96 83
44 97 61
44 98 88
45 46 31
45 47 43
45 48 16
45 49 33
45 50 66
45 51 2
45 52 51
45 53 91
45 54 67
45 55 85
45 56 6
45 57 24
45 58 79
45 59 4
45 60 81
45 61 67
45 62 31
45 63 68
45 64 34
45 65 74
45 66 31
45 67 87
45 68 2
45 69 68
45 70 69
45 71 49
45 72 8
45 73 7
45 74 42
45 75 31
45 76 36
45 77 83
45 78 19
45 79 80
45 80 96
45 81 19
45 82 84
45 83 85
45 84 5
45 85 39
45 86 90
45 87 57
45 88 20
45 89 38
45 90 26
45 91 2
45 92 59
45 93 38
45 94 24
45 95 63
45 96 36
45 97 12
45 98 4
46 47 85
46 48 36
46 49 26
46 50 53
46 51 66
46 52 22
46 53 94
46 54 61
46 55 71
46 56 15
46 57 45
46 58 35
46 59 88
46 60 7
46 61 40
46 62 70
46 63 52
46 64 40
46 65 35
46 66 39
46 67 64
46 68 17
46 69 8
46 70 95
46 71 59
46 72 72
46 73 23
46 74 44
46 75 39
46 76 30
46 77 87
46 78 82
46 79 45
46 80 3
46 81 80
46 82 83
46 83 74
46 84 97
46 85 20
46 86 45
46 87 77
46 88 82
46 89 17
46 90 74
46 91 59
46 92 47
46 93 53
46 94 66
46 95 23
46 96 25
46 97 56
46 98 40
47 48 21
47 49 78
47 50 53
47 51 39
47 52 37
47 53 94
47 54 37
47 55 40
47 56 34
47 57 98
47 58 17
47 59 1
47 60 91
47 61 54
47 62 11
47 63 19
47 64 33
47 65 4
47 66 99
47 67 78
47 68 76
47 69 44
47 70 34
47 71 9
47 72 81
47 73 31
47 74 80
47 75 35
47 76 44
47 77 34
47 78 4
47 79 44
47 80 63
47 81 64
47 82 13
47 83 75
47 84 10
47 85 38
47 86 53
47 87 31
47 88 8
47 89 32
47 90 17
47 91 95
47 92 65
47 93 34
47 94 83
47 95 13
47 96 31
47 97 30
47 98 78
48 49 48
48 50 17
48 51 84
48 52 12
48 53 59
48 54 2
48 55 47
48 56 97
48 57 29
48 58 67
48 59 71
48 60 75
48 61 51
48 62 64
48 63 31
48 64 83
48 65 10
48 66 99
48 67 2
48 68 12
48 69 19
48 70 87
48 71 9
48 72 17
48 73 16
48 74 27
48 75 58
48 76 62
48 77 25
48 78 41
48 79 23
48 80 85
48 81 20
48 82 68
48 83 36
48 84 61
48 85 23
48 86 27
48 87 55
48 88 60
48 89 49
48 90 11
48 91 5
48 92 38
48 93 23
48 94 12
48 95 17
48 96 3
48 97 92
48 98 41
49 50 23
49 51 67
49 52 77
49 53 97
49 54 14
49 55 85
49 56 71
49 57 19
49 58 5
49 59 86
49 60 76
49 61 34
49 62 18
49 63 31
49 64 70
49 65 19
49 66 60
49 67 55
49 68 84
49 69 47
49 70 37
49 71 53
49 72 63
49 73 11
49 74 20
49 75 48
49 76 64
49 77 53
49 78 79
49 79 57
49 80 15
49 81 25
49 82 9
49 83 21
49 84 90
49 85 76
49 86 33
49 87 32
49 88 40
49 89 14
49 90 97
49 91 17
49 92 11
49 93 62
49 94 23
49 95 56
49 96 27
49 97 37
49 98 33
50 51 29
50 52 4
50 53 95
50 54 91
50 55 52
50 56 36
50 57 88
50 58 68
50 59 35
50 60 35
50 61 49
50 62 71
50 63 60
50 64 85
50 65 58
50 66 30
50 67 19
50 68 71
50 69 46
50 70 65
50 71 21
50 72 68
50 73 70
50 74 6
50 75 34
50 76 24
50 77 59
50 78 91
50 79 9
50 80 5
50 81 67
50 82 21
50 83 7
50 84 8
50 85 78
50 86 76
50 87 86
50 88 28
50 89 40
50 90 64
50 91 4
50 92 17
50 93 65
50 94 74
50 95 4
50 96 90
50 97 51
50 98 69
51 52 71
51 53 61
51 54 45
51 55 19
51 56 94
51 57 25
51 58 98
51 59 46
51 60 57
51 61 83
51 62 53
51 63 78
51 64 95
51 65 34
51 66 34
51 67 18
51 68 24
51 69 40
51 70 9
51 71 13
51 72 2
51 73 36
51 74 26
51 75 9
51 76 52
51 77 92
51 78 81
51 79 23
51 80 75
51 81 1
51 82 1
51 83 35
51 84 39
51 85 67
51 86 53
51 87 86
51 88 14
51 89 92
51 90 41
51 91 95
51 92 66
51 93 25
51 94 29
51 95 95
51 96 97
51 97 95
51 98 70
52 53 20
52 54 90
52 55 67
52 56 51
52 57 64
52 58 63
52 59 42
52 60 90
52 61 39
52 62 95
52 63 17
52 64 60
52 65 27
52 66 74
52 67 80
52 68 41
52 69 8
52 70 29
52 71 51
52 72 16
52 73 85
52 74 65
52 75 98
52 76 26
52 77 1
52 78 62
52 79 76
52 80 77
52 81 85
52 82 33
52 83 3
52 84 49
52 85 94
52 86 27
52 87 80
52 88 95
52 89 51
52 90 53
52 91 30
52 92 12
52 93 13
52 94 31
52 95 19
52 96 7
52 97 72
52 98 37
53 54 73
53 55 24
53 56 61
53 57 19
53 58 14
53 59 30
53 60 25
53 61 24
53 62 56
53 63 95
53 64 11
53 65 19
53 66 54
53 67 56
53 68 7
53 69 67
53 70 48
53 71 84
53 72 51
53 73 42
53 74 15
53 75 52
53 76 3
53 77 64
53 78 51
53 79 71
53 80 2
53 81 32
53 82 76
53 83 38
53 84 18
53 85 66
53 86 86
53 87 31
53 88 45
53 89 35
53 90 85
53 91 32
53 92 3
53 93 66
53 94 67
53 95 90
53 96 11
53 97 41
53 98 11
54 55 46
54 56 87
54 57 3
54 58 79
54 59 76
54 60 28
54 61 67
54 62 7
54 63 14
54 64 50
54 65 67
54 66 94
54 67 86
54 68 26
54 69 22
54 70 69
54 71 5
54 72 29
54 73 43
54 74 18
54 75 49
54 76 91
54 77 11
54 78 45
54 79 47
54 80 21
54 81 4
54 82 48
54 83 63
54 84 3
54 85 25
54 86 73
54 87 90
54 88 46
54 89 16
54 90 75
54 91 57
54 92 92
54 93 98
54 94 3
54 95 14
54 96 3
54 97 90
54 98 71
55 56 89
55 57 80
55 58 77
55 59 65
55 60 92
55 61 22
55 62 38
55 63 12
55 64 84
55 65 74
55 66 83
55 67 4
55 68 3
55 69 78
55 70 31
55 71 68
55 72 31
55 73 45
55 74 17
55 75 54
55 76 94
55 77 36
55 78 92
55 79 94
55 80 43
55 81 43
55 82 52
55 83 22
55 84 47
55 85 93
55 86 91
55 87 13
55 88 36
55 89 54
55 90 29
55 91 64
55 92 70
55 93 73
55 94 96
55 95 59
55 96 47
55 97 41
55 98 35
56 57 57
56 58 80
56 59 39
56 60 47
56 61 27
56 62 63
56 63 28
56 64 6
56 65 26
56 66 30
56 67 62
56 68 90
56 69 5
56 70 87
56 71 40
56 72 40
56 73 4
56 74 33
56 75 56
56 76 10
56 77 54
56 78 90
56 79 58
56 80 48
56 81 83
56 82 32
56 83 74
56 84 3
56 85 58
56 86 16
56 87 11
56 88 8
56 89 36
56 90 7
56 91 69
56 92 22
56 93 28
56 94 74
56 95 40
56 96 21
56 97 23
56 98 54
57 58 52
57 59 4
57 60 20
57 61 14
57 62 46
57 63 21
57 64 75
57 65 89
57 66 20
57 67 80
57 68 4
57 69 17
57 70 27
57 71 95
57 72 3
57 73 4
57 74 18
57 75 70
57 76 84
57 77 4
57 78 43
57 79 37
57 80 72
57 81 85
57 82 84
57 83 96
57 84 27
57 85 13
57 86 18
57 87 41
57 88 29
57 89 34
57 90 42
57 91 50
57 92 13
57 93 22
57 94 20
57 95 61
57 96 56
57 97 98
57 98 25
58 59 31
58 60 34
58 61 21
58 62 35
58 63 96
58 64 90
58 65 13
58 66 52
58 67 89
58 68 20
58 69 88
58 70 30
58 71 49
58 72 77
58 73 30
58 74 7
58 75 84
58 76 94
58 77 48
58 78 49
58 79 62
58 80 60
58 81 85
58 82 20
58 83 89
58 84 33
58 85 53
58 86 94
58 87 96
58 88 38
58 89 43
58 90 58
58 91 18
58 92 67
58 93 63
58 94 33
58 95 93
58 96 45
58 97 37
58 98 94
59 60 75
59 61 36
59 62 23
59 63 44
59 64 23
59 65 19
59 66 96
59 67 90
59 68 9
59 69 25
59 70 8
59 71 94
59 72 30
59 73 33
59 74 30
59 75 54
59 76 54
59 77 91
59 78 2
59 79 98
59 80 31
59 81 85
59 82 15
59 83 7
59 84 68
59 85 74
59 86 78
59 87 10
59 88 59
59 89 44
59 90 13
59 91 57
59 92 20
59 93 66
59 94 29
59 95 67
59 96 37
59 97 81
59 98 23
60 61 70
60 62 88
60 63 51
60 64 21
60 65 5
60 66 76
60 67 7
60 68 2
60 69 51
60 70 29
60 71 70
60 72 75
60 73 45
60 74 90
60 75 44
60 76 78
60 77 8
60 78 70
60 79 98
60 80 93
60 81 90
60 82 49
60 83 52
60 84 8
60 85 47
60 86 11
60 87 32
60 88 54
60 89 23
60 90 2
60 91 9
60 92 27
60 93 90
60 94 56
60 95 4
60 96 81
60 97 74
60 98 96
61 62 17
61 63 99
61 64 90
61 65 19
61 66 43
61 67 74
61 68 67
61 69 80
61 70 72
61 71 3
61 72 78
61 73 34
61 74 74
61 75 40
61 76 15
61 77 59
61 78 82
61 79 8
61 80 86
61 81 95
61 82 37
61 83 80
61 84 64
61 85 62
61 86 65
61 87 55
61 88 77
61 89 3
61 90 98
61 91 24
61 92 84
61 93 22
61 94 31
61 95 16
61 96 50
61 97 35
61 98 1
62 63 9
62 64 64
62 65 2
62 66 86
62 67 33
62 68 22
62 69 43
62 70 37
62 71 86
62 72 52
62 73 17
62 74 94
62 75 28
62 76 66
62 77 99
62 78 83
62 79 84
62 80 7
62 81 90
62 82 34
62 83 61
62 84 77
62 85 63
62 86 29
62 87 26
62 88 11
62 89 28
62 90 82
62 91 97
62 92 38
62 93 77
62 94 64
62 95 90
62 96 80
62 97 70
62 98 89
63 64 92
63 65 32
63 66 90
63 67 90
63 68 86
63 69 65
63 70 32
63 71 26
63 72 97
63 73 95
63 74 24
63 75 24
63 76 12
63 77 50
63 78 49
63 79 42
63 80 51
63 81 61
63 82 85
63 83 44
63 84 39
63 85 76
63 86 60
63 87 28
63 88 62
63 89 38
63 90 53
63 91 84
63 92 17
63 93 72
63 94 74
63 95 35
63 96 90
63 97 45
63 98 58
64 65 55
64 66 71
64 67 2
64 68 67
64 69 71
64 70 92
64 71 98
64 72 26
64 73 65
64 74 42
64 75 91
64 76 70
64 77 63
64 78 34
64 79 95
64 80 39
64 81 47
64 82 82
64 83 10
64 84 35
64 85 86
64 86 52
64 87 86
64 88 72
64 89 67
64 90 36
64 91 83
64 92 39
64 93 54
64 94 72
64 95 39
64 96 21
64 97 43
64 98 70
65 66 37
65 67 14
65 68 12
65 69 81
65 70 81
65 71 9
65 72 96
65 73 55
65 74 54
65 75 89
65 76 41
65 77 33
65 78 45
65 79 81
65 80 82
65 81 48
65 82 45
65 83 65
65 84 41
65 85 26
65 86 77
65 87 11
65 88 2
65 89 27
65 90 56
65 91 8
65 92 73
65 93 69
65 94 93
65 95 80
65 96 76
65 97 86
65 98 90
66 67 73
66 68 6
66 69 7
66 70 42
66 71 94
66 72 55
66 73 63
66 74 61
66 75 92
66 76 48
66 77 13
66 78 57
66 79 59
66 80 30
66 81 4
66 82 20
66 83 32
66 84 18
66 85 83
66 86 94
66 87 70
66 88 94
66 89 93
66 90 68
66 91 41
66 92 26
66 93 49
66 94 59
66 95 78
66 96 73
66 97 41
66 98 45
67 68 16
67 69 32
67 70 11
67 71 47
67 72 32
67 73 65
67 74 77
67 75 18
67 76 76
67 77 71
67 78 28
67 79 30
67 80 72
67 81 49
67 82 72
67 83 41
67 84 71
67 85 25
67 86 60
67 87 75
67 88 33
67 89 55
67 90 34
67 91 38
67 92 71
67 93 98
67 94 17
67 95 54
67 96 47
67 97 62
67 98 4
68 69 78
68 70 71
68 71 66
68 72 94
68 73 46
68 74 97
68 75 43
68 76 86
68 77 54
68 78 74
68 79 27
68 80 27
68 81 75
68 82 34
68 83 12
68 84 97
68 85 28
68 86 47
68 87 24
68 88 84
68 89 28
68 90 72
68 91 10
68 92 20
68 93 13
68 94 62
68 95 57
68 96 43
68 97 19
68 98 12
69 70 98
69 71 55
69 72 6
69 73 75
69 74 76
69 75 62
69 76 44
69 77 83
69 78 42
69 79 12
69 80 34
69 81 34
69 82 25
69 83 7
69 84 40
69 85 89
69 86 79
69 87 13
69 88 18
69 89 65
69 90 46
69 91 84
69 92 4
69 93 79
69 94 10
69 95 7
69 96 21
69 97 72
69 98 27
70 71 30
70 72 20
70 73 78
70 74 3
70 75 10
70 76 11
70 77 52
70 78 73
70 79 53
70 80 67
70 81 45
70 82 71
70 83 76
70 84 5
70 85 83
70 86 87
70 87 63
70 88 87
70 89 71
70 90 20
70 91 82
70 92 12
70 93 43
70 94 62
70 95 28
70 96 50
70 97 45
70 98 59
71 72 81
71 73 65
71 74 59
71 75 30
71 76 51
71 77 10
71 78 80
71 79 78
71 80 16
71 81 21
71 82 4
71 83 48
71 84 99
71 85 49
71 86 39
71 87 59
71 88 87
71 89 29
71 90 20
71 91 82
71 92 99
71 93 74
71 94 24
71 95 80
71 96 18
71 97 83
71 98 70
72 73 52
72 74 8
72 75 7
72 76 52
72 77 76
72 78 72
72 79 43
72 80 38
72 81 15
72 82 23
72 83 22
72 84 36
72 85 1
72 86 93
72 87 97
72 88 22
72 89 65
72 90 56
72 91 59
72 92 1
72 93 30
72 94 23
72 95 11
72 96 71
72 97 17
72 98 15
73 74 11
73 75 61
73 76 10
73 77 16
73 78 43
73 79 91
73 80 51
73 81 18
73 82 5
73 83 69
73 84 6
73 85 42
73 86 75
73 87 22
73 88 24
73 89 18
73 90 99
73 91 67
73 92 29
73 93 97
73 94 82
73 95 77
73 96 91
73 97 56
73 98 66
74 75 87
74 76 78
74 77 45
74 78 27
74 79 31
74 80 80
74 81 16
74 82 45
74 83 77
74 84 92
74 85 84
74 86 17
74 87 64
74 88 47
74 89 8
74 90 20
74 91 75
74 92 89
74 93 1
74 94 25
74 95 63
74 96 30
74 97 30
74 98 25
75 76 76
75 77 60
75 78 79
75 79 22
75 80 10
75 81 70
75 82 95
75 83 39
75 84 67
75 85 15
75 86 53
75 87 25
75 88 94
75 89 95
75 90 11
75 91 8
75 92 23
75 93 74
75 94 98
75 95 1
75 96 93
75 97 47
75 98 79
76 77 85
76 78 20
76 79 21
76 80 58
76 81 1
76 82 63
76 83 12
76 84 97
76 85 47
76 86 65
76 87 76
76 88 6
76 89 22
76 90 44
76 91 16
76 92 85
76 93 55
76 94 97
76 95 2
76 96 82
76 97 65
76 98 46
77 78 65
77 79 59
77 80 87
77 81 76
77 82 59
77 83 85
77 84 92
77 85 80
77 86 67
77 87 59
77 88 94
77 89 50
77 90 23
77 91 73
77 92 49
77 93 36
77 94 33
77 95 16
77 96 31
77 97 51
77 98 48
78 79 19
78 80 83
78 81 66
78 82 21
78 83 20
78 84 41
78 85 19
78 86 95
78 87 67
78 88 3
78 89 39
78 90 37
78 91 67
78 92 78
78 93 27
78 94 3
78 95 17
78 96 44
78 97 74
78 98 30
79 80 97
79 81 37
79 82 63
79 83 6
79 84 18
79 85 26
79 86 32
79 87 52
79 88 67
79 89 85
79 90 22
79 91 41
79 92 92
79 93 45
79 94 84
79 95 17
79 96 69
79 97 63
79 98 52
80 81 40
80 82 62
80 83 95
80 84 13
80 85 42
80 86 26
80 87 66
80 88 50
80 89 86
80 90 45
80 91 30
80 92 49
80 93 87
80 94 99
80 95 81
80 96 47
80 97 66
80 98 33
81 82 82
81 83 69
81 84 92
81 85 20
81 86 48
81 87 17
81 88 62
81 89 61
81 90 75
81 91 50
81 92 54
81 93 11
81 94 10
81 95 50
81 96 36
81 97 64
81 98 64
82 83 52
82 84 81
82 85 19
82 86 24
82 87 23
82 88 15
82 89 36
82 90 36
82 91 71
82 92 81
82 93 85
82 94 28
82 95 7
82 96 1
82 97 64
82 98 28
83 84 78
83 85 38
83 86 84
83 87 53
83 88 5
83 89 25
83 90 28
83 91 14
83 92 91
83 93 73
83 94 20
83 95 88
83 96 44
83 97 22
83 98 83
84 85 26
84 86 36
84 87 42
84 88 83
84 89 71
84 90 17
84 91 21
84 92 92
84 93 7
84 94 6
84 95 45
84 96 12
84 97 14
84 98 69
85 86 99
85 87 43
85 88 30
85 89 54
85 90 56
85 91 92
85 92 21
85 93 52
85 94 80
85 95 68
85 96 1
85 97 31
85 98 76
86 87 73
86 88 56
86 89 57
86 90 78
86 91 77
86 92 84
86 93 38
86 94 15
86 95 44
86 96 4
86 97 80
86 98 46
87 88 57
87 89 36
87 90 81
87 91 26
87 92 54
87 93 66
87 94 68
87 95 80
87 96 76
87 97 80
87 98 81
88 89 15
88 90 45
88 91 11
88 92 98
88 93 84
88 94 36
88 95 38
88 96 21
88 97 40
88 98 48
89 90 47
89 91 26
89 92 2
89 93 88
89 94 97
89 95 43
89 96 69
89 97 82
89 98 43
90 91 87
90 92 79
90 93 25
90 94 15
90 95 86
90 96 33
90 97 46
90 98 80
91 92 3
91 93 71
91 94 94
91 95 7
91 96 64
91 97 42
91 98 8
92 93 42
92 94 30
92 95 26
92 96 13
92 97 75
92 98 9
93 94 95
93 95 57
93 96 80
93 97 21
93 98 24
94 95 14
94 96 49
94 97 58
94 98 92
95 96 80
95 97 55
95 98 90
96 97 34
96 98 16
97 98 58