97
0 1 36
0 2 63
0 3 71
0 4 22
0 5 10
0 6 13
0 7 68
0 8 17
0 9 88
0 10 39
0 11 91
0 12 52
0 13 74
0 14 66
0 15 76
0 16 13
0 17 74
0 18 21
0 19 86
0 20 79
0 21 33
0 22 60
0 23 75
0 24 18
0 25 3
0 26 35
0 27 47
0 28 83
0 29 22
0 30 59
0 31 84
0 32 86
0 33 72
0 34 58
0 35 33
0 36 7
0 37 37
0 38 15
0 39 24
0 40 91
0 41 11
0 42 12
0 43 6
0 44 45
0 45 24
0 46 47
0 47 22
0 48 62
0 49 6
0 50 39
0 51 69
0 52 24
0 53 42
0 54 76
0 55 9
0 56 66
0 57 19
0 58 54
0 59 9
0 60 83
0 61 71
0 62 23
0 63 39
0 64 90
0 65 79
0 66 20
0 67 87
0 68 31
0 69 60
0 70 20
0 71 21
0 72 60
0 73 4
0 74 18
0 75 49
0 76 31
0 77 40
0 78 35
0 79 28
0 80 30
0 81 76
0 82 33
0 83 69
0 84 72
0 85 18
0 86 26
0 87 34
0 88 85
0 89 6
0 90 28
0 91 18
0 92 53
0 93 79
0 94 1
0 95 53
0 96 40
1 2 13
1 3 6
1 4 66
1 5 54
1 6 69
1 7 69
1 8 22
1 9 37
1 10 58
1 11 72
1 12 13
1 13 19
1 14 94
1 15 98
1 16 96
1 17 69
1 18 84
1 19 45
1 20 81
1 21 26
1 22 22
1 23 28
1 24 14
1 25 58
1 26 7
1 27 94
1 28 33
1 29 66
1 30 86
1 31 2
1 32 52
1 33 68
1 34 42
1 35 33
1 36 19
1 37 87
1 38 52
1 39 35
1 40 65
1 41 70
1 42 98
1 43 50
1 44 95
1 45 97
1 46 79
1 47 8
1 48 51
1 49 40
1 50 93
1 51 69
1 52 8
1 53 56
1 54 48
1 55 76
1 56 24
1 57 76
1 58 89
1 59 43
1 60 24
1 61 99
1 62 27
1 63 38
1 64 25
1 65 66
1 66 69
1 67 22
1 68 52
1 69 12
1 70 26
1 71 37
1 72 74
1 73 73
1 74 48
1 75 67
1 76 7
1 77 74
1 78 60
1 79 73
1 80 82
1 81 53
1 82 83
1 83 44
1 84 81
1 85 49
1 86 44
1 87 26
1 88 19
1 89 75
1 90 19
1 91 92
1 92 43
1 93 38
1 94 7
1 95 32
1 96 68
2 3 42
2 4 97
2 5 18
2 6 57
2 7 87
2 8 1
2 9 20
2 10 60
2 11 25
2 12 56
2 13 74
2 14 61
2 15 75
2 16 13
2 17 92
2 18 83
2 19 77
2 20 59
2 21 17
2 22 68
2 23 35
2 24 54
2 25 58
2 26 63
2 27 62
2 28 33
2 29 30
2 30 94
2 31 71
2 32 73
2 33 61
2 34 31
2 35 37
2 36 35
2 37 54
2 38 77
2 39 77
2 40 21
2 41 92
2 42 75
2 43 14
2 44 24
2 45 75
2 46 48
2 47 52
2 48 5
2 49 21
2 50 1
2 51 38
2 52 33
2 53 31
2 54 91
2 55 40
2 56 79
2 57 14
2 58 75
2 59 93
2 60 10
2 61 63
2 62 58
2 63 80
2 64 94
2 65 35
2 66 75
2 67 26
2 68 40
2 69 33
2 70 8
2 71 82
2 72 99
2 73 48
2 74 21
2 75 71
2 76 40
2 77 58
2 78 60
2 79 54
2 80 77
2 81 46
2 82 98
2 83 41
2 84 39
2 85 12
2 86 43
2 87 31
2 88 68
2 89 46
2 90 13
2 91 83
2 92 87
2 93 21
2 94 2
2 95 82
2 96 58
3 4 81
3 5 82
3 6 47
3 7 53
3 8 69
3 9 10
3 10 32
3 11 31
3 12 9
3 13 32
3 14 57
3 15 30
3 16 55
3 17 19
3 18 77
3 19 76
3 20 5
3 21 40
3 22 31
3 23 56
3 24 77
3 25 4
3 26 17
3 27 86
3 28 45
3 29 9
3 30 61
3 31 47
3 32 56
3 33 95
3 34 22
3 35 56
3 36 79
3 37 8
3 38 12
3 39 9
3 40 88
3 41 62
3 42 8
3 43 67
3 44 18
3 45 75
3 46 70
3 47 35
3 48 49
3 49 29
3 50 58
3 51 10
3 52 42
3 53 91
3 54 22
3 55 86
3 56 3
3 57 42
3 58 22
3 59 64
3 60 71
3 61 96
3 62 61
3 63 82
3 64 22
3 65 8
3 66 6
3 67 95
3 68 43
3 69 42
3 70 35
3 71 13
3 72 17
3 73 32
3 74 42
3 75 78
3 76 42
3 77 31
3 78 52
3 79 74
3 80 94
3 81 99
3 82 88
3 83 88
3 84 49
3 85 71
3 86 74
3 87 7
3 88 48
3 89 79
3 90 73
3 91 66
3 92 55
3 93 92
3 94 10
3 95 88
3 96 22
4 5 94
4 6 91
4 7 5
4 8 49
4 9 41
4 10 68
4 11 44
4 12 76
4 13 20
4 14 87
4 15 85
4 16 62
4 17 8
4 18 59
4 19 89
4 20 99
4 21 93
4 22 56
4 23 24
4 24 4
4 25 80
4 26 38
4 27 83
4 28 50
4 29 98
4 30 21
4 31 41
4 32 53
4 33 87
4 34 7
4 35 99
4 36 19
4 37 44
4 38 52
4 39 54
4 40 48
4 41 86
4 42 15
4 43 88
4 44 73
4 45 20
4 46 25
4 47 61
4 48 71
4 49 15
4 50 47
4 51 50
4 52 72
4 53 64
4 54 85
4 55 18
4 56 89
4 57 60
4 58 94
4 59 87
4 60 19
4 61 13
4 62 3
4 63 57
4 64 85
4 65 75
4 66 75
4 67 86
4 68 75
4 69 61
4 70 35
4 71 88
4 72 68
4 73 42
4 74 52
4 75 21
4 76 95
4 77 13
4 78 43
4 79 3
4 80 5
4 81 54
4 82 12
4 83 30
4 84 94
4 85 46
4 86 11
4 87 53
4 88 61
4 89 8
4 90 9
4 91 21
4 92 16
4 93 96
4 94 73
4 95 92
4 96 85
5 6 56
5 7 31
5 8 73
5 9 55
5 10 82
5 11 90
5 12 24
5 13 62
5 14 7
5 15 47
5 16 40
5 17 14
5 18 64
5 19 93
5 20 17
5 21 36
5 22 59
5 23 98
5 24 63
5 25 24
5 26 35
5 27 70
5 28 53
5 29 75
5 30 57
5 31 60
5 32 78
5 33 31
5 34 28
5 35 94
5 36 62
5 37 31
5 38 95
5 39 1
5 40 95
5 41 10
5 42 67
5 43 25
5 44 63
5 45 65
5 46 87
5 47 46
5 48 51
5 49 86
5 50 75
5 51 41
5 52 66
5 53 38
5 54 43
5 55 53
5 56 99
5 57 32
5 58 31
5 59 99
5 60 32
5 61 44
5 62 83
5 63 23
5 64 89
5 65 17
5 66 21
5 67 90
5 68 13
5 69 4
5 70 16
5 71 14
5 72 80
5 73 77
5 74 77
5 75 9
5 76 51
5 77 83
5 78 36
5 79 38
5 80 80
5 81 61
5 82 1
5 83 5
5 84 75
5 85 42
5 86 97
5 87 14
5 88 84
5 89 99
5 90 4
5 91 66
5 92 1
5 93 69
5 94 79
5 95 24
5 96 51
6 7 30
6 8 88
6 9 28
6 10 77
6 11 12
6 12 71
6 13 68
6 14 14
6 15 76
6 16 49
6 17 14
6 18 72
6 19 55
6 20 15
6 21 46
6 22 38
6 23 81
6 24 21
6 25 61
6 26 85
6 27 12
6 28 32
6 29 72
6 30 92
6 31 21
6 32 84
6 33 24
6 34 2
6 35 90
6 36 51
6 37 94
6 38 11
6 39 22
6 40 97
6 41 77
6 42 59
6 43 11
6 44 95
6 45 99
6 46 43
6 47 38
6 48 76
6 49 95
6 50 55
6 51 37
6 52 10
6 53 23
6 54 32
6 55 14
6 56 93
6 57 99
6 58 90
6 59 56
6 60 27
6 61 50
6 62 80
6 63 38
6 64 63
6 65 94
6 66 86
6 67 44
6 68 38
6 69 78
6 70 56
6 71 27
6 72 93
6 73 37
6 74 5
6 75 92
6 76 19
6 77 94
6 78 63
6 79 24
6 80 98
6 81 86
6 82 23
6 83 38
6 84 66
6 85 68
6 86 14
6 87 78
6 88 61
6 89 58
6 90 5
6 91 9
6 92 61
6 93 43
6 94 71
6 95 68
6 96 99
7 8 95
7 9 95
7 10 32
7 11 35
7 12 77
7 13 83
7 14 49
7 15 51
7 16 8
7 17 49
7 18 45
7 19 57
7 20 52
7 21 31
7 22 52
7 23 42
7 24 25
7 25 24
7 26 76
7 27 81
7 28 8
7 29 6
7 30 92
7 31 69
7 32 4
7 33 42
7 34 67
7 35 24
7 36 73
7 37 84
7 38 77
7 39 74
7 40 61
7 41 21
7 42 13
7 43 44
7 44 75
7 45 44
7 46 56
7 47 57
7 48 51
7 49 15
7 50 14
7 51 42
7 52 67
7 53 97
7 54 75
7 55 90
7 56 89
7 57 45
7 58 4
7 59 90
7 60 18
7 61 86
7 62 27
7 63 95
7 64 13
7 65 65
7 66 31
7 67 82
7 68 39
7 69 83
7 70 97
7 71 51
7 72 53
7 73 28
7 74 51
7 75 95
7 76 4
7 77 26
7 78 61
7 79 32
7 80 23
7 81 26
7 82 9
7 83 48
7 84 9
7 85 47
7 86 5
7 87 75
7 88 66
7 89 67
7 90 51
7 91 4
7 92 63
7 93 47
7 94 72
7 95 48
7 96 69
8 9 8
8 10 9
8 11 49
8 12 63
8 13 92
8 14 90
8 15 65
8 16 7
8 17 48
8 18 80
8 19 86
8 20 12
8 21 34
8 22 6
8 23 68
8 24 5
8 25 58
8 26 9
8 27 73
8 28 24
8 29 39
8 30 95
8 31 69
8 32 96
8 33 17
8 34 36
8 35 52
8 36 61
8 37 92
8 38 31
8 39 45
8 40 36
8 41 17
8 42 1
8 43 82
8 44 56
8 45 66
8 46 30
8 47 2
8 48 27
8 49 11
8 50 65
8 51 98
8 52 12
8 53 16
8 54 48
8 55 68
8 56 59
8 57 60
8 58 65
8 59 16
8 60 34
8 61 66
8 62 58
8 63 92
8 64 18
8 65 15
8 66 90
8 67 7
8 68 42
8 69 11
8 70 69
8 71 4
8 72 83
8 73 48
8 74 66
8 75 87
8 76 37
8 77 99
8 78 68
8 79 89
8 80 87
8 81 99
8 82 47
8 83 33
8 84 20
8 85 88
8 86 10
8 87 93
8 88 6
8 89 85
8 90 60
8 91 88
8 92 24
8 93 32
8 94 20
8 95 48
8 96 44
9 10 10
9 11 59
9 12 16
9 13 61
9 14 8
9 15 47
9 16 18
9 17 76
9 18 68
9 19 31
9 20 29
9 21 78
9 22 21
9 23 52
9 24 79
9 25 96
9 26 51
9 27 8
9 28 86
9 29 53
9 30 8
9 31 39
9 32 16
9 33 62
9 34 98
9 35 13
9 36 86
9 37 92
9 38 57
9 39 22
9 40 35
9 41 7
9 42 8
9 43 94
9 44 6
9 45 68
9 46 52
9 47 25
9 48 97
9 49 38
9 50 23
9 51 12
9 52 35
9 53 33
9 54 30
9 55 79
9 56 82
9 57 30
9 58 96
9 59 85
9 60 81
9 61 4
9 62 64
9 63 5
9 64 9
9 65 49
9 66 43
9 67 25
9 68 36
9 69 27
9 70 43
9 71 50
9 72 36
9 73 15
9 74 10
9 75 46
9 76 88
9 77 87
9 78 83
9 79 58
9 80 49
9 81 47
9 82 5
9 83 83
9 84 19
9 85 43
9 86 35
9 87 24
9 88 31
9 89 40
9 90 34
9 91 79
9 92 32
9 93 14
9 94 26
9 95 54
9 96 89
10 11 73
10 12 5
10 13 42
10 14 11
10 15 98
10 16 76
10 17 35
10 18 28
10 19 57
10 20 88
10 21 60
10 22 34
10 23 89
10 24 14
10 25 2
10 26 33
10 27 4
10 28 2
10 29 67
10 30 20
10 31 35
10 32 78
10 33 2
10 34 20
10 35 56
10 36 17
10 37 34
10 38 72
10 39 73
10 40 78
10 41 41
10 42 28
10 43 57
10 44 95
10 45 45
10 46 56
10 47 2
10 48 98
10 49 73
10 50 5
10 51 62
10 52 51
10 53 51
10 54 85
10 55 1
10 56 66
10 57 57
10 58 87
10 59 55
10 60 98
10 61 86
10 62 46
10 63 29
10 64 83
10 65 54
10 66 67
10 67 51
10 68 14
10 69 74
10 70 50
10 71 6
10 72 24
10 73 16
10 74 55
10 75 34
10 76 60
10 77 13
10 78 56
10 79 43
10 80 94
10 81 43
10 82 83
10 83 2
10 84 91
10 85 16
10 86 56
10 87 37
10 88 83
10 89 85
10 90 14
10 91 87
10 92 87
10 93 12
10 94 28
10 95 21
10 96 1
11 12 63
11 13 25
11 14 35
11 15 26
11 16 82
11 17 87
11 18 21
11 19 97
11 20 59
11 21 54
11 22 38
11 23 57
11 24 24
11 25 90
11 26 99
11 27 51
11 28 57
11 29 51
11 30 22
11 31 69
11 32 48
11 33 40
11 34 61
11 35 84
11 36 85
11 37 47
11 38 31
11 39 43
11 40 79
11 41 15
11 42 35
11 43 88
11 44 95
11 45 99
11 46 41
11 47 96
11 48 49
11 49 3
11 50 12
11 51 89
11 52 44
11 53 72
11 54 38
11 55 6
11 56 73
11 57 97
11 58 87
11 59 71
11 60 52
11 61 47
11 62 96
11 63 94
11 64 62
11 65 11
11 66 98
11 67 25
11 68 54
11 69 19
11 70 75
11 71 65
11 72 47
11 73 96
11 74 68
11 75 18
11 76 59
11 77 14
11 78 48
11 79 30
11 80 47
11 81 92
11 82 87
11 83 63
11 84 55
11 85 82
11 86 38
11 87 46
11 88 58
11 89 10
11 90 19
11 91 47
11 92 34
11 93 83
11 94 60
11 95 25
11 96 89
12 13 11
12 14 16
12 15 69
12 16 70
12 17 49
12 18 75
12 19 83
12 20 37
12 21 50
12 22 78
12 23 21
12 24 7
12 25 50
12 26 7
12 27 27
12 28 18
12 29 35
12 30 53
12 31 59
12 32 60
12 33 59
12 34 82
12 35 90
12 36 22
12 37 17
12 38 93
12 39 16
12 40 37
12 41 71
12 42 19
12 43 77
12 44 86
12 45 39
12 46 72
12 47 28
12 48 10
12 49 24
12 50 17
12 51 10
12 52 54
12 53 75
12 54 57
12 55 46
12 56 98
12 57 75
12 58 66
12 59 6
12 60 29
12 61 73
12 62 6
12 63 47
12 64 98
12 65 54
12 66 71
12 67 95
12 68 96
12 69 8
12 70 19
12 71 8
12 72 40
12 73 31
12 74 60
12 75 80
12 76 48
12 77 48
12 78 54
12 79 63
12 80 62
12 81 53
12 82 24
12 83 47
12 84 31
12 85 87
12 86 89
12 87 49
12 88 5
12 89 75
12 90 53
12 91 15
12 92 9
12 93 97
12 94 46
12 95 88
12 96 91
13 14 27
13 15 15
13 16 14
13 17 82
13 18 29
13 19 20
13 20 3
13 21 7
13 22 68
13 23 85
13 24 36
13 25 38
13 26 4
13 27 98
13 28 42
13 29 57
13 30 18
13 31 43
13 32 69
13 33 71
13 34 94
13 35 32
13 36 47
13 37 85
13 38 86
13 39 83
13 40 90
13 41 12
13 42 13
13 43 73
13 44 32
13 45 65
13 46 87
13 47 20
13 48 39
13 49 97
13 50 83
13 51 35
13 52 51
13 53 66
13 54 36
13 55 58
13 56 41
13 57 43
13 58 88
13 59 25
13 60 28
13 61 86
13 62 58
13 63 56
13 64 85
13 65 1
13 66 35
13 67 22
13 68 27
13 69 52
13 70 90
13 71 22
13 72 3
13 73 22
13 74 63
13 75 45
13 76 77
13 77 74
13 78 26
13 79 12
13 80 60
13 81 18
13 82 52
13 83 49
13 84 71
13 85 29
13 86 41
13 87 97
13 88 8
13 89 65
13 90 67
13 91 7
13 92 89
13 93 7
13 94 44
13 95 81
13 96 50
14 15 45
14 16 80
14 17 68
14 18 52
14 19 4
14 20 77
14 21 14
14 22 10
14 23 82
14 24 4
14 25 45
14 26 30
14 27 47
14 28 71
14 29 94
14 30 4
14 31 84
14 32 80
14 33 98
14 34 41
14 35 96
14 36 90
14 37 20
14 38 65
14 39 35
14 40 8
14 41 9
14 42 2
14 43 62
14 44 30
14 45 14
14 46 52
14 47 19
14 48 37
14 49 57
14 50 70
14 51 18
14 52 36
14 53 46
14 54 10
14 55 73
14 56 81
14 57 98
14 58 37
14 59 87
14 60 84
14 61 79
14 62 4
14 63 36
14 64 67
14 65 50
14 66 15
14 67 10
14 68 82
14 69 1
14 70 50
14 71 39
14 72 98
14 73 84
14 74 11
14 75 8
14 76 53
14 77 97
14 78 64
14 79 4
14 80 53
14 81 90
14 82 6
14 83 87
14 84 61
14 85 67
14 86 18
14 87 3
14 88 21
14 89 1
14 90 29
14 91 26
14 92 3
14 93 52
14 94 59
14 95 33
14 96 66
15 16 59
15 17 69
15 18 48
15 19 30
15 20 85
15 21 37
15 22 93
15 23 46
15 24 93
15 25 30
15 26 30
15 27 94
15 28 46
15 29 28
15 30 2
15 31 39
15 32 29
15 33 1
15 34 66
15 35 76
15 36 65
15 37 10
15 38 78
15 39 57
15 40 86
15 41 13
15 42 16
15 43 29
15 44 72
15 45 72
15 46 13
15 47 74
15 48 61
15 49 29
15 50 34
15 51 29
15 52 56
15 53 63
15 54 52
15 55 82
15 56 51
15 57 59
15 58 81
15 59 34
15 60 6
15 61 75
15 62 34
15 63 51
15 64 95
15 65 55
15 66 12
15 67 33
15 68 35
15 69 32
15 70 7
15 71 79
15 72 13
15 73 25
15 74 38
15 75 82
15 76 26
15 77 25
15 78 95
15 79 12
15 80 54
15 81 21
15 82 76
15 83 81
15 84 73
15 85 9
15 86 43
15 87 32
15 88 72
15 89 85
15 90 42
15 91 47
15 92 67
15 93 87
15 94 9
15 95 36
15 96 80
16 17 90
16 18 84
16 19 55
16 20 93
16 21 75
16 22 29
16 23 39
16 24 84
16 25 88
16 26 32
16 27 96
16 28 77
16 29 59
16 30 29
16 31 23
16 32 41
16 33 81
16 34 82
16 35 93
16 36 31
16 37 44
16 38 54
16 39 49
16 40 81
16 41 43
16 42 3
16 43 62
16 44 42
16 45 25
16 46 90
16 47 92
16 48 9
16 49 59
16 50 59
16 51 68
16 52 65
16 53 75
16 54 90
16 55 15
16 56 4
16 57 11
16 58 68
16 59 63
16 60 63
16 61 39
16 62 54
16 63 66
16 64 61
16 65 31
16 66 77
16 67 89
16 68 99
16 69 56
16 70 48
16 71 67
16 72 89
16 73 8
16 74 66
16 75 4
16 76 37
16 77 44
16 78 72
16 79 43
16 80 21
16 81 96
16 82 63
16 83 68
16 84 37
16 85 73
16 86 15
16 87 21
16 88 81
16 89 10
16 90 52
16 91 30
16 92 27
16 93 59
16 94 2
16 95 66
16 96 63
17 18 46
17 19 34
17 20 28
17 21 30
17 22 92
17 23 36
17 24 7
17 25 83
17 26 1
17 27 34
17 28 45
17 29 98
17 30 69
17 31 54
17 32 40
17 33 13
17 34 54
17 35 84
17 36 21
17 37 92
17 38 86
17 39 94
17 40 23
17 41 3
17 42 77
17 43 33
17 44 39
17 45 40
17 46 1
17 47 81
17 48 18
17 49 97
17 50 54
17 51 66
17 52 36
17 53 69
17 54 34
17 55 95
17 56 25
17 57 37
17 58 10
17 59 71
17 60 69
17 61 18
17 62 32
17 63 9
17 64 39
17 65 51
17 66 3
17 67 61
17 68 52
17 69 22
17 70 98
17 71 32
17 72 68
17 73 99
17 74 84
17 75 8
17 76 66
17 77 19
17 78 97
17 79 54
17 80 67
17 81 31
17 82 72
17 83 93
17 84 31
17 85 89
17 86 34
17 87 27
17 88 43
17 89 55
17 90 60
17 91 18
17 92 66
17 93 85
17 94 16
17 95 91
17 96 33
18 19 81
18 20 20
18 21 70
18 22 20
18 23 30
18 24 58
18 25 62
18 26 96
18 27 91
18 28 36
18 29 62
18 30 6
18 31 49
18 32 7
18 33 59
18 34 98
18 35 89
18 36 74
18 37 1
18 38 73
18 39 94
18 40 2
18 41 55
18 42 78
18 43 73
18 44 82
18 45 57
18 46 69
18 47 54
18 48 24
18 49 71
18 50 30
18 51 20
18 52 53
18 53 14
18 54 82
18 55 57
18 56 60
18 57 87
18 58 98
18 59 29
18 60 35
18 61 16
18 62 57
18 63 32
18 64 91
18 65 32
18 66 11
18 67 55
18 68 65
18 69 93
18 70 45
18 71 89
18 72 35
18 73 90
18 74 22
18 75 14
18 76 73
18 77 81
18 78 6
18 79 49
18 80 83
18 81 30
18 82 31
18 83 9
18 84 33
18 85 7
18 86 58
18 87 49
18 88 91
18 89 59
18 90 29
18 91 91
18 92 75
18 93 31
18 94 94
18 95 51
18 96 32
19 20 97
19 21 29
19 22 58
19 23 24
19 24 5
19 25 84
19 26 27
19 27 10
19 28 10
19 29 20
19 30 8
19 31 9
19 32 4
19 33 40
19 34 47
19 35 45
19 36 56
19 37 71
19 38 60
19 39 91
19 40 16
19 41 17
19 42 72
19 43 16
19 44 21
19 45 50
19 46 25
19 47 22
19 48 91
19 49 83
19 50 40
19 51 18
19 52 17
19 53 65
19 54 29
19 55 40
19 56 66
19 57 13
19 58 79
19 59 69
19 60 15
19 61 75
19 62 39
19 63 98
19 64 52
19 65 73
19 66 67
19 67 86
19 68 93
19 69 19
19 70 94
19 71 18
19 72 51
19 73 32
19 74 20
19 75 6
19 76 60
19 77 92
19 78 17
19 79 36
19 80 22
19 81 24
19 82 90
19 83 58
19 84 54
19 85 52
19 86 44
19 87 70
19 88 8
19 89 1
19 90 62
19 91 27
19 92 87
19 93 38
19 94 61
19 95 46
19 96 56
20 21 34
20 22 74
20 23 95
20 24 66
20 25 97
20 26 14
20 27 90
20 28 90
20 29 15
20 30 88
20 31 32
20 32 88
20 33 68
20 34 29
20 35 14
20 36 19
20 37 1
20 38 33
20 39 33
20 40 18
20 41 26
20 42 87
20 43 60
20 44 67
20 45 91
20 46 89
20 47 94
20 48 50
20 49 28
20 50 35
20 51 83
20 52 70
20 53 10
20 54 31
20 55 56
20 56 22
20 57 54
20 58 1
20 59 44
20 60 53
20 61 68
20 62 34
20 63 11
20 64 65
20 65 99
20 66 65
20 67 81
20 68 53
20 69 85
20 70 98
20 71 56
20 72 65
20 73 12
20 74 48
20 75 47
20 76 50
20 77 19
20 78 80
20 79 72
20 80 27
20 81 29
20 82 9
20 83 64
20 84 39
20 85 63
20 86 16
20 87 64
20 88 2
20 89 30
20 90 53
20 91 65
20 92 49
20 93 76
20 94 99
20 95 25
20 96 67
21 22 1
21 23 80
21 24 66
21 25 87
21 26 33
21 27 87
21 28 44
21 29 16
21 30 78
21 31 34
21 32 84
21 33 61
21 34 89
21 35 57
21 36 33
21 37 94
21 38 61
21 39 1
21 40 48
21 41 75
21 42 92
21 43 41
21 44 30
21 45 98
21 46 96
21 47 46
21 48 22
21 49 57
21 50 10
21 51 54
21 52 75
21 53 97
21 54 69
21 55 94
21 56 95
21 57 47
21 58 29
21 59 6
21 60 43
21 61 89
21 62 68
21 63 37
21 64 43
21 65 99
21 66 3
21 67 73
21 68 20
21 69 14
21 70 85
21 71 82
21 72 49
21 73 45
21 74 65
21 75 53
21 76 51
21 77 40
21 78 20
21 79 35
21 80 53
21 81 17
21 82 36
21 83 79
21 84 73
21 85 54
21 86 3
21 87 41
21 88 35
21 89 56
21 90 88
21 91 16
21 92 17
21 93 60
21 94 98
21 95 21
21 96 29
22 23 15
22 24 4
22 25 20
22 26 74
22 27 75
22 28 85
22 29 4
22 30 10
22 31 87
22 32 89
22 33 1
22 34 71
22 35 47
22 36 38
22 37 8
22 38 97
22 39 36
22 40 39
22 41 56
22 42 30
22 43 55
22 44 73
22 45 2
22 46 82
22 47 88
22 48 90
22 49 21
22 50 46
22 51 42
22 52 48
22 53 10
22 54 52
22 55 17
22 56 72
22 57 73
22 58 72
22 59 2
22 60 15
22 61 57
22 62 93
22 63 48
22 64 91
22 65 74
22 66 48
22 67 98
22 68 85
22 69 88
22 70 60
22 71 57
22 72 76
22 73 58
22 74 64
22 75 39
22 76 75
22 77 3
22 78 17
22 79 5
22 80 63
22 81 56
22 82 97
22 83 4
22 84 45
22 85 84
22 86 41
22 87 80
22 88 73
22 89 21
22 90 46
22 91 43
22 92 53
22 93 11
22 94 23
22 95 89
22 96 64
23 24 36
23 25 10
23 26 73
23 27 81
23 28 28
23 29 64
23 30 1
23 31 73
23 32 77
23 33 32
23 34 56
23 35 69
23 36 99
23 37 30
23 38 46
23 39 30
23 40 21
23 41 69
23 42 2
23 43 41
23 44 44
23 45 27
23 46 77
23 47 13
23 48 13
23 49 93
23 50 4
23 51 65
23 52 39
23 53 11
23 54 6
23 55 6
23 56 22
23 57 93
23 58 35
23 59 41
23 60 96
23 61 25
23 62 48
23 63 29
23 64 45
23 65 44
23 66 26
23 67 78
23 68 44
23 69 42
23 70 16
23 71 34
23 72 97
23 73 28
23 74 67
23 75 93
23 76 74
23 77 34
23 78 22
23 79 67
23 80 50
23 81 90
23 82 66
23 83 13
23 84 46
23 85 4
23 86 47
23 87 52
23 88 8
23 89 96
23 90 28
23 91 90
23 92 82
23 93 91
23 94 82
23 95 81
23 96 50
24 25 18
24 26 40
24 27 74
24 28 43
24 29 99
24 30 97
24 31 86
24 32 35
24 33 50
24 34 81
24 35 12
24 36 16
24 37 91
24 38 48
24 39 14
24 40 64
24 41 45
24 42 34
24 43 56
24 44 20
24 45 42
24 46 41
24 47 47
24 48 92
24 49 31
24 50 78
24 51 14
24 52 88
24 53 97
24 54 21
24 55 12
24 56 51
24 57 4
24 58 90
24 59 3
24 60 10
24 61 24
24 62 64
24 63 80
24 64 84
24 65 52
24 66 34
24 67 47
24 68 17
24 69 83
24 70 74
24 71 68
24 72 14
24 73 48
24 74 8
24 75 71
24 76 77
24 77 40
24 78 66
24 79 39
24 80 5
24 81 60
24 82 18
24 83 83
24 84 23
24 85 6
24 86 33
24 87 26
24 88 2
24 89 23
24 90 8
24 91 8
24 92 77
24 93 83
24 94 97
24 95 85
24 96 72
25 26 45
25 27 3
25 28 13
25 29 80
25 30 78
25 31 92
25 32 23
25 33 98
25 34 66
25 35 50
25 36 78
25 37 18
25 38 72
25 39 21
25 40 38
25 41 20
25 42 98
25 43 89
25 44 2
25 45 97
25 46 81
25 47 51
25 48 3
25 49 56
25 50 33
25 51 67
25 52 85
25 53 39
25 54 44
25 55 78
25 56 25
25 57 47
25 58 51
25 59 45
25 60 82
25 61 5
25 62 7
25 63 66
25 64 55
25 65 55
25 66 19
25 67 81
25 68 30
25 69 17
25 70 48
25 71 2
25 72 31
25 73 32
25 74 1
25 75 66
25 76 51
25 77 26
25 78 50
25 79 29
25 80 20
25 81 1
25 82 15
25 83 57
25 84 84
25 85 51
25 86 18
25 87 88
25 88 95
25 89 55
25 90 45
25 91 23
25 92 63
25 93 78
25 94 51
25 95 64
25 96 35
26 27 29
26 28 66
26 29 81
26 30 30
26 31 27
26 32 80
26 33 76
26 34 76
26 35 34
26 36 3
26 37 5
26 38 3
26 39 99
26 40 31
26 41 86
26 42 52
26 43 47
26 44 30
26 45 71
26 46 10
26 47 85
26 48 8
26 49 69
26 50 59
26 51 83
26 52 44
26 53 78
26 54 24
26 55 45
26 56 12
26 57 21
26 58 99
26 59 51
26 60 80
26 61 35
26 62 14
26 63 95
26 64 19
26 65 10
26 66 19
26 67 98
26 68 35
26 69 5
26 70 57
26 71 16
26 72 32
26 73 26
26 74 1
26 75 32
26 76 50
26 77 33
26 78 66
26 79 31
26 80 75
26 81 8
26 82 29
26 83 92
26 84 33
26 85 13
26 86 71
26 87 16
26 88 1
26 89 58
26 90 69
26 91 75
26 92 27
26 93 12
26 94 47
26 95 6
26 96 61
27 28 98
27 29 39
27 30 28
27 31 64
27 32 48
27 33 34
27 34 96
27 35 52
27 36 85
27 37 39
27 38 35
27 39 54
27 40 12
27 41 43
27 42 38
27 43 43
27 44 14
27 45 87
27 46 55
27 47 54
27 48 10
27 49 89
27 50 10
27 51 99
27 52 69
27 53 86
27 54 58
27 55 1
27 56 33
27 57 26
27 58 34
27 59 42
27 60 31
27 61 10
27 62 19
27 63 61
27 64 40
27 65 96
27 66 15
27 67 78
27 68 43
27 69 2
27 70 50
27 71 99
27 72 18
27 73 18
27 74 32
27 75 73
27 76 50
27 77 64
27 78 50
27 79 36
27 80 95
27 81 5
27 82 99
27 83 4
27 84 15
27 85 5
27 86 82
27 87 70
27 88 1
27 89 29
27 90 58
27 91 23
27 92 28
27 93 53
27 94 90
27 95 17
27 96 86
28 29 23
28 30 80
28 31 73
28 32 66
28 33 58
28 34 63
28 35 23
28 36 13
28 37 26
28 38 61
28 39 97
28 40 79
28 41 67
28 42 30
28 43 77
28 44 21
28 45 15
28 46 5
28 47 72
28 48 12
28 49 44
28 50 73
28 51 66
28 52 17
28 53 82
28 54 95
28 55 78
28 56 71
28 57 82
28 58 45
28 59 35
28 60 8
28 61 60
28 62 33
28 63 30
28 64 32
28 65 78
28 66 72
28 67 60
28 68 74
28 69 75
28 70 47
28 71 39
28 72 42
28 73 21
28 74 9
28 75 98
28 76 3
28 77 64
28 78 78
28 79 10
28 80 32
28 81 23
28 82 75
28 83 21
28 84 61
28 85 46
28 86 11
28 87 80
28 88 22
28 89 84
28 90 34
28 91 40
28 92 71
28 93 21
28 94 84
28 95 91
28 96 68
29 30 79
29 31 15
29 32 95
29 33 68
29 34 4
29 35 52
29 36 16
29 37 73
29 38 16
29 39 40
29 40 92
29 41 71
29 42 34
29 43 83
29 44 65
29 45 15
29 46 97
29 47 71
29 48 59
29 49 5
29 50 9
29 51 29
29 52 60
29 53 32
29 54 47
29 55 53
29 56 7
29 57 55
29 58 61
29 59 19
29 60 76
29 61 46
29 62 74
29 63 99
29 64 84
29 65 67
29 66 36
29 67 27
29 68 54
29 69 17
29 70 91
29 71 84
29 72 92
29 73 75
29 74 20
29 75 8
29 76 1
29 77 26
29 78 38
29 79 78
29 80 18
29 81 10
29 82 23
29 83 43
29 84 1
29 85 92
29 86 58
29 87 2
29 88 59
29 89 41
29 90 7
29 91 67
29 92 65
29 93 49
29 94 88
29 95 76
29 96 88
30 31 22
30 32 18
30 33 28
30 34 24
30 35 86
30 36 7
30 37 65
30 38 73
30 39 97
30 40 47
30 41 83
30 42 13
30 43 62
30 44 39
30 45 39
30 46 98
30 47 31
30 48 63
30 49 4
30 50 2
30 51 30
30 52 97
30 53 17
30 54 59
30 55 46
30 56 50
30 57 46
30 58 66
30 59 46
30 60 49
30 61 56
30 62 59
30 63 98
30 64 63
30 65 4
30 66 50
30 67 21
30 68 19
30 69 96
30 70 8
30 71 68
30 72 64
30 73 3
30 74 7
30 75 78
30 76 57
30 77 33
30 78 42
30 79 7
30 80 67
30 81 15
30 82 97
30 83 86
30 84 35
30 85 3
30 86 17
30 87 22
30 88 11
30 89 48
30 90 78
30 91 45
30 92 1
30 93 95
30 94 14
30 95 86
30 96 2
31 32 87
31 33 96
31 34 62
31 35 76
31 36 69
31 37 66
31 38 21
31 39 52
31 40 5
31 41 47
31 42 49
31 43 61
31 44 99
31 45 34
31 46 35
31 47 43
31 48 41
31 49 72
31 50 96
31 51 96
31 52 16
31 53 51
31 54 58
31 55 20
31 56 38
31 57 19
31 58 32
31 59 78
31 60 33
31 61 1
31 62 70
31 63 9
31 64 33
31 65 98
31 66 82
31 67 94
31 68 59
31 69 92
31 70 32
31 71 76
31 72 63
31 73 50
31 74 85
31 75 9
31 76 78
31 77 30
31 78 44
31 79 39
31 80 92
31 81 84
31 82 46
31 83 8
31 84 60
31 85 90
31 86 18
31 87 56
31 88 82
31 89 48
31 90 62
31 91 11
31 92 9
31 93 59
31 94 28
31 95 38
31 96 22
32 33 48
32 34 95
32 35 44
32 36 95
32 37 31
32 38 32
32 39 92
32 40 56
32 41 67
32 42 23
32 43 25
32 44 54
32 45 80
32 46 46
32 47 66
32 48 86
32 49 14
32 50 16
32 51 10
32 52 54
32 53 71
32 54 97
32 55 45
32 56 10
32 57 14
32 58 64
32 59 87
32 60 62
32 61 3
32 62 96
32 63 57
32 64 65
32 65 54
32 66 83
32 67 7
32 68 95
32 69 32
32 70 59
32 71 3
32 72 77
32 73 85
32 74 23
32 75 43
32 76 2
32 77 79
32 78 78
32 79 59
32 80 20
32 81 91
32 82 30
32 83 64
32 84 19
32 85 67
32 86 1
32 87 98
32 88 63
32 89 71
32 90 6
32 91 56
32 92 29
32 93 65
32 94 45
32 95 21
32 96 34
33 34 98
33 35 82
33 36 46
33 37 64
33 38 71
33 39 80
33 40 70
33 41 7
33 42 23
33 43 27
33 44 76
33 45 4
33 46 18
33 47 84
33 48 97
33 49 95
33 50 86
33 51 76
33 52 95
33 53 12
33 54 65
33 55 38
33 56 42
33 57 63
33 58 6
33 59 67
33 60 80
33 61 41
33 62 28
33 63 69
33 64 62
33 65 91
33 66 49
33 67 23
33 68 5
33 69 67
33 70 60
33 71 18
33 72 73
33 73 75
33 74 97
33 75 39
33 76 41
33 77 86
33 78 19
33 79 35
33 80 69
33 81 47
33 82 35
33 83 98
33 84 37
33 85 15
33 86 93
33 87 30
33 88 38
33 89 53
33 90 34
33 91 76
33 92 19
33 93 22
33 94 83
33 95 49
33 96 44
34 35 51
34 36 50
34 37 50
34 38 78
34 39 55
34 40 25
34 41 85
34 42 76
34 43 20
34 44 30
34 45 40
34 46 13
34 47 44
34 48 42
34 49 75
34 50 98
34 51 39
34 52 87
34 53 71
34 54 88
34 55 64
34 56 25
34 57 44
34 58 72
34 59 97
34 60 36
34 61 81
34 62 35
34 63 78
34 64 48
34 65 18
34 66 34
34 67 88
34 68 86
34 69 43
34 70 53
34 71 65
34 72 93
34 73 62
34 74 30
34 75 39
34 76 54
34 77 24
34 78 89
34 79 98
34 80 11
34 81 6
34 82 4
34 83 40
34 84 20
34 85 4
34 86 41
34 87 92
34 88 99
34 89 46
34 90 62
34 91 56
34 92 39
34 93 78
34 94 17
34 95 77
34 96 27
35 36 39
35 37 17
35 38 91
35 39 46
35 40 32
35 41 35
35 42 48
35 43 66
35 44 31
35 45 57
35 46 46
35 47 19
35 48 47
35 49 11
35 50 42
35 51 38
35 52 31
35 53 50
35 54 70
35 55 41
35 56 57
35 57 89
35 58 65
35 59 51
35 60 51
35 61 31
35 62 1
35 63 26
35 64 35
35 65 17
35 66 67
35 67 44
35 68 91
35 69 40
35 70 98
35 71 98
35 72 85
35 73 23
35 74 54
35 75 92
35 76 53
35 77 31
35 78 97
35 79 84
35 80 54
35 81 1
35 82 98
35 83 22
35 84 50
35 85 99
35 86 48
35 87 86
35 88 80
35 89 58
35 90 54
35 91 60
35 92 57
35 93 96
35 94 20
35 95 69
35 96 52
36 37 46
36 38 36
36 39 28
36 40 94
36 41 21
36 42 58
36 43 40
36 44 26
36 45 63
36 46 2
36 47 64
36 48 31
36 49 9
36 50 91
36 51 58
36 52 76
36 53 5
36 54 6
36 55 65
36 56 94
36 57 75
36 58 19
36 59 6
36 60 96
36 61 8
36 62 85
36 63 55
36 64 31
36 65 11
36 66 94
36 67 44
36 68 30
36 69 33
36 70 12
36 71 81
36 72 47
36 73 17
36 74 40
36 75 52
36 76 86
36 77 49
36 78 41
36 79 85
36 80 79
36 81 61
36 82 32
36 83 47
36 84 91
36 85 99
36 86 16
36 87 25
36 88 8
36 89 5
36 90 18
36 91 6
36 92 89
36 93 55
36 94 37
36 95 87
36 96 90
37 38 88
37 39 2
37 40 16
37 41 36
37 42 40
37 43 29
37 44 34
37 45 23
37 46 91
37 47 43
37 48 62
37 49 16
37 50 54
37 51 87
37 52 52
37 53 63
37 54 17
37 55 1
37 56 76
37 57 13
37 58 19
37 59 52
37 60 6
37 61 47
37 62 77
37 63 18
37 64 44
37 65 9
37 66 71
37 67 80
37 68 12
37 69 48
37 70 73
37 71 36
37 72 50
37 73 92
37 74 53
37 75 22
37 76 4
37 77 34
37 78 72
37 79 85
37 80 58
37 81 56
37 82 51
37 83 27
37 84 62
37 85 95
37 86 97
37 87 87
37 88 70
37 89 29
37 90 47
37 91 13
37 92 40
37 93 55
37 94 36
37 95 54
37 96 76
38 39 13
38 40 8
38 41 73
38 42 28
38 43 66
38 44 86
38 45 14
38 46 29
38 47 11
38 48 16
38 49 66
38 50 24
38 51 21
38 52 54
38 53 74
38 54 14
38 55 88
38 56 58
38 57 56
38 58 4
38 59 75
38 60 80
38 61 21
38 62 23
38 63 40
38 64 63
38 65 74
38 66 92
38 67 45
38 68 98
38 69 65
38 70 62
38 71 56
38 72 30
38 73 92
38 74 74
38 75 28
38 76 3
38 77 60
38 78 75
38 79 74
38 80 62
38 81 15
38 82 8
38 83 43
38 84 4
38 85 55
38 86 48
38 87 61
38 88 80
38 89 38
38 90 57
38 91 59
38 92 99
38 93 86
38 94 18
38 95 29
38 96 48
39 40 63
39 41 23
39 42 69
39 43 15
39 44 75
39 45 3
39 46 69
39 47 19
39 48 25
39 49 57
39 50 56
39 51 1
39 52 52
39 53 78
39 54 24
39 55 52
39 56 64
39 57 34
39 58 11
39 59 90
39 60 99
39 61 24
39 62 35
39 63 54
39 64 39
39 65 5
39 66 55
39 67 18
39 68 68
39 69 69
39 70 51
39 71 22
39 72 35
39 73 27
39 74 70
39 75 49
39 76 77
39 77 83
39 78 22
39 79 92
39 80 56
39 81 12
39 82 86
39 83 60
39 84 9
39 85 65
39 86 71
39 87 17
39 88 55
39 89 19
39 90 86
39 91 19
39 92 9
39 93 13
39 94 17
39 95 9
39 96 75
40 41 49
40 42 16
40 43 93
40 44 98
40 45 70
40 46 30
40 47 38
40 48 68
40 49 53
40 50 16
40 51 73
40 52 30
40 53 80
40 54 28
40 55 17
40 56 40
40 57 23
40 58 84
40 59 12
40 60 32
40 61 29
40 62 42
40 63 4
40 64 40
40 65 58
40 66 96
40 67 81
40 68 97
40 69 29
40 70 86
40 71 7
40 72 7
40 73 70
40 74 42
40 75 96
40 76 94
40 77 58
40 78 19
40 79 91
40 80 76
40 81 46
40 82 61
40 83 31
40 84 49
40 85 84
40 86 59
40 87 54
40 88 68
40 89 32
40 90 69
40 91 77
40 92 62
40 93 25
40 94 16
40 95 14
40 96 12
41 42 62
41 43 75
41 44 62
41 45 8
41 46 47
41 47 72
41 48 46
41 49 59
41 50 95
41 51 19
41 52 7
41 53 81
41 54 34
41 55 17
41 56 91
41 57 39
41 58 93
41 59 50
41 60 88
41 61 68
41 62 29
41 63 45
41 64 47
41 65 63
41 66 36
41 67 80
41 68 56
41 69 84
41 70 30
41 71 47
41 72 73
41 73 89
41 74 76
41 75 42
41 76 85
41 77 17
41 78 40
41 79 23
41 80 29
41 81 77
41 82 18
41 83 72
41 84 77
41 85 62
41 86 38
41 87 54
41 88 79
41 89 50
41 90 50
41 91 54
41 92 50
41 93 62
41 94 36
41 95 83
41 96 92
42 43 57
42 44 80
42 45 90
42 46 77
42 47 50
42 48 48
42 49 44
42 50 34
42 51 60
42 52 9
42 53 9
42 54 99
42 55 16
42 56 54
42 57 91
42 58 89
42 59 3
42 60 36
42 61 83
42 62 83
42 63 70
42 64 20
42 65 66
42 66 62
42 67 79
42 68 30
42 69 15
42 70 24
42 71 32
42 72 18
42 73 87
42 74 36
42 75 20
42 76 82
42 77 76
42 78 41
42 79 49
42 80 9
42 81 70
42 82 61
42 83 9
42 84 54
42 85 68
42 86 72
42 87 94
42 88 87
42 89 79
42 90 29
42 91 37
42 92 30
42 93 60
42 94 76
42 95 84
42 96 57
43 44 20
43 45 55
43 46 44
43 47 94
43 48 30
43 49 83
43 50 3
43 51 29
43 52 96
43 53 4
43 54 36
43 55 37
43 56 82
43 57 57
43 58 62
43 59 97
43 60 54
43 61 70
43 62 29
43 63 57
43 64 53
43 65 25
43 66 32
43 67 93
43 68 75
43 69 37
43 70 31
43 71 25
43 72 80
43 73 89
43 74 99
43 75 2
43 76 70
43 77 47
43 78 84
43 79 91
43 80 56
43 81 94
43 82 92
43 83 80
43 84 49
43 85 66
43 86 29
43 87 57
43 88 94
43 89 78
43 90 85
43 91 79
43 92 10
43 93 97
43 94 15
43 95 56
43 96 29
44 45 97
44 46 29
44 47 36
44 48 87
44 49 78
44 50 74
44 51 56
44 52 5
44 53 79
44 54 61
44 55 31
44 56 62
44 57 58
44 58 65
44 59 71
44 60 37
44 61 96
44 62 53
44 63 49
44 64 25
44 65 6
44 66 28
44 67 44
44 68 79
44 69 80
44 70 55
44 71 34
44 72 1
44 73 27
44 74 85
44 75 94
44 76 98
44 77 57
44 78 83
44 79 72
44 80 12
44 81 12
44 82 28
44 83 83
44 84 98
44 85 23
44 86 93
44 87 33
44 88 41
44 89 10
44 90 57
44 91 57
44 92 71
44 93 80
44 94 87
44 95 43
44 96 91
45 46 64
45 47 26
45 48 8
45 49 60
45 50 84
45 51 72
45 52 18
45 53 50
45 54 96
45 55 32
45 56 50
45 57 99
45 58 92
45 59 79
45 60 29
45 61 44
45 62 95
45 63 61
45 64 94
45 65 13
45 66 41
45 67 89
45 68 4
45 69 62
45 70 62
45 71 32
45 72 49
45 73 36
45 74 62
45 75 66
45 76 42
45 77 3
45 78 28
45 79 45
45 80 91
45 81 11
45 82 40
45 83 75
45 84 89
45 85 76
45 86 28
45 87 17
45 88 32
45 89 70
45 90 96
45 91 17
45 92 79
45 93 92
45 94 97
45 95 69
45 96 9
46 47 98
46 48 27
46 49 10
46 50 5
46 51 23
46 52 28
46 53 60
46 54 20
46 55 6
46 56 78
46 57 26
46 58 27
46 59 11
46 60 3
46 61 83
46 62 38
46 63 19
46 64 44
46 65 86
46 66 11
46 67 72
46 68 87
46 69 96
46 70 99
46 71 1
46 72 51
46 73 49
46 74 13
46 75 39
46 76 63
46 77 60
46 78 72
46 79 83
46 80 85
46 81 13
46 82 28
46 83 42
46 84 40
46 85 74
46 86 24
46 87 47
46 88 66
46 89 41
46 90 23
46 91 52
46 92 5
46 93 19
46 94 19
46 95 12
46 96 70
47 48 55
47 49 83
47 50 8
47 51 44
47 52 74
47 53 94
47 54 85
47 55 58
47 56 63
47 57 5
47 58 7
47 59 57
47 60 4
47 61 56
47 62 67
47 63 37
47 64 88
47 65 31
47 66 89
47 67 88
47 68 17
47 69 9
47 70 59
47 71 72
47 72 43
47 73 7
47 74 69
47 75 23
47 76 56
47 77 51
47 78 77
47 79 99
47 80 27
47 81 4
47 82 84
47 83 18
47 84 2
47 85 48
47 86 99
47 87 16
47 88 92
47 89 20
47 90 63
47 91 53
47 92 45
47 93 93
47 94 72
47 95 96
47 96 27
48 49 37
48 50 44
48 51 20
48 52 97
48 53 69
48 54 38
48 55 68
48 56 67
48 57 34
48 58 75
48 59 80
48 60 73
48 61 71
48 62 73
48 63 28
48 64 85
48 65 40
48 66 52
48 67 89
48 68 47
48 69 33
48 70 13
48 71 67
48 72 18
48 73 23
48 74 72
48 75 78
48 76 6
48 77 96
48 78 9
48 79 36
48 80 95
48 81 29
48 82 33
48 83 4
48 84 36
48 85 99
48 86 40
48 87 82
48 88 71
48 89 10
48 90 95
48 91 48
48 92 47
48 93 41
48 94 39
48 95 35
48 96 71
49 50 85
49 51 27
49 52 6
49 53 14
49 54 60
49 55 22
49 56 50
49 57 21
49 58 9
49 59 92
49 60 21
49 61 2
49 62 50
49 63 60
49 64 35
49 65 24
49 66 53
49 67 49
49 68 32
49 69 51
49 70 74
49 71 17
49 72 71
49 73 47
49 74 21
49 75 67
49 76 22
49 77 78
49 78 13
49 79 26
49 80 8
49 81 78
49 82 8
49 83 77
49 84 41
49 85 79
49 86 80
49 87 25
49 88 29
49 89 51
49 90 22
49 91 81
49 92 73
49 93 77
49 94 35
49 95 52
49 96 83
50 51 84
50 52 18
50 53 23
50 54 94
50 55 23
50 56 12
50 57 70
50 58 47
50 59 72
50 60 75
50 61 80
50 62 24
50 63 58
50 64 79
50 65 66
50 66 12
50 67 67
50 68 78
50 69 63
50 70 38
50 71 21
50 72 17
50 73 93
50 74 73
50 75 67
50 76 36
50 77 23
50 78 40
50 79 64
50 80 18
50 81 78
50 82 61
50 83 86
50 84 46
50 85 90
50 86 23
50 87 15
50 88 21
50 89 43
50 90 67
50 91 59
50 92 5
50 93 27
50 94 54
50 95 85
50 96 30
51 52 95
51 53 12
51 54 35
51 55 42
51 56 49
51 57 77
51 58 18
51 59 76
51 60 67
51 61 66
51 62 72
51 63 35
51 64 26
51 65 74
51 66 76
51 67 49
51 68 49
51 69 92
51 70 60
51 71 1
51 72 91
51 73 48
51 74 88
51 75 98
51 76 23
51 77 69
51 78 38
51 79 82
51 80 53
51 81 44
51 82 34
51 83 29
51 84 65
51 85 25
51 86 93
51 87 27
51 88 6
51 89 82
51 90 61
51 91 84
51 92 72
51 93 16
51 94 34
51 95 78
51 96 36
52 53 63
52 54 6
52 55 85
52 56 62
52 57 66
52 58 38
52 59 91
52 60 99
52 61 95
52 62 35
52 63 40
52 64 20
52 65 79
52 66 25
52 67 99
52 68 21
52 69 40
52 70 72
52 71 42
52 72 59
52 73 79
52 74 11
52 75 81
52 76 54
52 77 21
52 78 72
52 79 85
52 80 95
52 81 54
52 82 78
52 83 97
52 84 8
52 85 83
52 86 98
52 87 16
52 88 79
52 89 65
52 90 69
52 91 33
52 92 45
52 93 13
52 94 15
52 95 13
52 96 54
53 54 48
53 55 12
53 56 85
53 57 87
53 58 5
53 59 2
53 60 2
53 61 87
53 62 53
53 63 49
53 64 1
53 65 75
53 66 33
53 67 10
53 68 31
53 69 14
53 70 3
53 71 53
53 72 70
53 73 85
53 74 74
53 75 23
53 76 15
53 77 78
53 78 4
53 79 56
53 80 45
53 81 70
53 82 63
53 83 69
53 84 81
53 85 3
53 86 26
53 87 11
53 88 44
53 89 49
53 90 73
53 91 10
53 92 17
53 93 57
53 94 48
53 95 65
53 96 18
54 55 1
54 56 93
54 57 36
54 58 31
54 59 65
54 60 95
54 61 60
54 62 63
54 63 99
54 64 52
54 65 59
54 66 88
54 67 75
54 68 59
54 69 18
54 70 71
54 71 29
54 72 93
54 73 76
54 74 40
54 75 19
54 76 36
54 77 19
54 78 8
54 79 61
54 80 97
54 81 74
54 82 68
54 83 11
54 84 90
54 85 70
54 86 68
54 87 14
54 88 55
54 89 77
54 90 54
54 91 84
54 92 52
54 93 13
54 94 68
54 95 68
54 96 21
55 56 46
55 57 11
55 58 10
55 59 62
55 60 6
55 61 29
55 62 80
55 63 86
55 64 88
55 65 94
55 66 9
55 67 89
55 68 88
55 69 86
55 70 41
55 71 85
55 72 93
55 73 19
55 74 37
55 75 50
55 76 7
55 77 77
55 78 22
55 79 68
55 80 44
55 81 36
55 82 24
55 83 44
55 84 33
55 85 84
55 86 29
55 87 54
55 88 98
55 89 90
55 90 25
55 91 38
55 92 60
55 93 53
55 94 7
55 95 6
55 96 50
56 57 70
56 58 35
56 59 46
56 60 61
56 61 92
56 62 54
56 63 27
56 64 29
56 65 24
56 66 86
56 67 43
56 68 11
56 69 45
56 70 8
56 71 31
56 72 53
56 73 91
56 74 42
56 75 53
56 76 71
56 77 17
56 78 60
56 79 21
56 80 12
56 81 65
56 82 53
56 83 55
56 84 82
56 85 84
56 86 41
56 87 27
56 88 81
56 89 36
56 90 8
56 91 86
56 92 34
56 93 85
56 94 77
56 95 55
56 96 87
57 58 87
57 59 18
57 60 66
57 61 34
57 62 1
57 63 45
57 64 21
57 65 58
57 66 22
57 67 79
57 68 59
57 69 58
57 70 13
57 71 71
57 72 2
57 73 35
57 74 20
57 75 11
57 76 50
57 77 54
57 78 96
57 79 50
57 80 17
57 81 62
57 82 81
57 83 28
57 84 15
57 85 20
57 86 18
57 87 78
57 88 75
57 89 7
57 90 49
57 91 3
57 92 35
57 93 33
57 94 72
57 95 51
57 96 88
58 59 29
58 60 21
58 61 35
58 62 29
58 63 62
58 64 56
58 65 35
58 66 19
58 67 13
58 68 3
58 69 91
58 70 78
58 71 47
58 72 63
58 73 89
58 74 33
58 75 48
58 76 39
58 77 85
58 78 36
58 79 3
58 80 12
58 81 86
58 82 84
58 83 44
58 84 75
58 85 24
58 86 69
58 87 90
58 88 8
58 89 94
58 90 11
58 91 86
58 92 31
58 93 82
58 94 31
58 95 30
58 96 85
59 60 46
59 61 85
59 62 66
59 63 39
59 64 47
59 65 53
59 66 34
59 67 9
59 68 49
59 69 19
59 70 71
59 71 9
59 72 54
59 73 39
59 74 93
59 75 30
59 76 19
59 77 99
59 78 31
59 79 75
59 80 98
59 81 42
59 82 1
59 83 10
59 84 68
59 85 7
59 86 28
59 87 25
59 88 16
59 89 59
59 90 78
59 91 44
59 92 24
59 93 10
59 94 6
59 95 83
59 96 13
60 61 42
60 62 82
60 63 47
60 64 40
60 65 44
60 66 50
60 67 81
60 68 91
60 69 11
60 70 46
60 71 54
60 72 56
60 73 34
60 74 97
60 75 80
60 76 30
60 77 87
60 78 40
60 79 88
60 80 51
60 81 31
60 82 96
60 83 34
60 84 46
60 85 11
60 86 76
60 87 26
60 88 80
60 89 36
60 90 99
60 91 17
60 92 54
60 93 43
60 94 60
60 95 19
60 96 47
61 62 7
61 63 17
61 64 33
61 65 20
61 66 36
61 67 85
61 68 37
61 69 33
61 70 87
61 71 72
61 72 12
61 73 23
61 74 2
61 75 29
61 76 19
61 77 78
61 78 3
61 79 9
61 80 4
61 81 96
61 82 15
61 83 77
61 84 40
61 85 38
61 86 34
61 87 56
61 88 66
61 89 52
61 90 10
61 91 28
61 92 27
61 93 37
61 94 81
61 95 90
61 96 11
62 63 78
62 64 96
62 65 22
62 66 6
62 67 94
62 68 2
62 69 19
62 70 83
62 71 48
62 72 14
62 73 5
62 74 85
62 75 19
62 76 92
62 77 46
62 78 40
62 79 53
62 80 84
62 81 32
62 82 81
62 83 30
62 84 78
62 85 65
62 86 19
62 87 82
62 88 87
62 89 24
62 90 70
62 91 56
62 92 6
62 93 88
62 94 79
62 95 36
62 96 11
63 64 7
63 65 95
63 66 56
63 67 47
63 68 48
63 69 16
63 70 45
63 71 77
63 72 60
63 73 72
63 74 82
63 75 88
63 76 91
63 77 77
63 78 86
63 79 70
63 80 32
63 81 16
63 82 58
63 83 42
63 84 99
63 85 98
63 86 81
63 87 86
63 88 39
63 89 28
63 90 58
63 91 82
63 92 63
63 93 80
63 94 81
63 95 6
63 96 60
64 65 39
64 66 51
64 67 9
64 68 92
64 69 98
64 70 27
64 71 92
64 72 12
64 73 22
64 74 92
64 75 17
64 76 40
64 77 97
64 78 86
64 79 52
64 80 72
64 81 86
64 82 53
64 83 52
64 84 84
64 85 71
64 86 7
64 87 53
64 88 51
64 89 32
64 90 30
64 91 42
64 92 94
64 93 84
64 94 87
64 95 44
64 96 31
65 66 58
65 67 28
65 68 38
65 69 78
65 70 67
65 71 60
65 72 28
65 73 38
65 74 30
65 75 53
65 76 68
65 77 47
65 78 38
65 79 25
65 80 33
65 81 23
65 82 90
65 83 58
65 84 22
65 85 28
65 86 66
65 87 77
65 88 99
65 89 18
65 90 27
65 91 78
65 92 27
65 93 72
65 94 79
65 95 46
65 96 99
66 67 3
66 68 55
66 69 50
66 70 2
66 71 3
66 72 1
66 73 2
66 74 83
66 75 53
66 76 86
66 77 76
66 78 9
66 79 48
66 80 52
66 81 81
66 82 63
66 83 12
66 84 63
66 85 6
66 86 2
66 87 67
66 88 5
66 89 83
66 90 73
66 91 11
66 92 99
66 93 87
66 94 87
66 95 15
66 96 98
67 68 3
67 69 99
67 70 76
67 71 53
67 72 37
67 73 64
67 74 45
67 75 5
67 76 61
67 77 7
67 78 65
67 79 56
67 80 18
67 81 12
67 82 13
67 83 25
67 84 92
67 85 64
67 86 55
67 87 17
67 88 83
67 89 67
67 90 90
67 91 3
67 92 11
67 93 93
67 94 61
67 95 47
67 96 20
68 69 67
68 70 63
68 71 73
68 72 53
68 73 89
68 74 71
68 75 50
68 76 47
68 77 8
68 78 39
68 79 41
68 80 1
68 81 95
68 82 27
68 83 49
68 84 39
68 85 40
68 86 57
68 87 48
68 88 26
68 89 78
68 90 97
68 91 15
68 92 66
68 93 90
68 94 83
68 95 69
68 96 73
69 70 8
69 71 2
69 72 79
69 73 55
69 74 62
69 75 22
69 76 59
69 77 47
69 78 48
69 79 11
69 80 97
69 81 66
69 82 75
69 83 55
69 84 65
69 85 57
69 86 55
69 87 96
69 88 11
69 89 53
69 90 38
69 91 85
69 92 8
69 93 68
69 94 7
69 95 88
69 96 20
70 71 8
70 72 5
70 73 99
70 74 31
70 75 51
70 76 90
70 77 53
70 78 11
70 79 44
70 80 29
70 81 96
70 82 53
70 83 35
70 84 1
70 85 69
70 86 29
70 87 30
70 88 66
70 89 57
70 90 45
70 91 11
70 92 79
70 93 68
70 94 64
70 95 70
70 96 49
71 72 73
71 73 7
71 74 3
71 75 94
71 76 27
71 77 80
71 78 79
71 79 16
71 80 98
71 81 5
71 82 60
71 83 96
71 84 81
71 85 42
71 86 12
71 87 22
71 88 91
71 89 91
71 90 31
71 91 89
71 92 15
71 93 99
71 94 70
71 95 16
71 96 29
72 73 27
72 74 86
72 75 61
72 76 91
72 77 95
72 78 79
72 79 70
72 80 77
72 81 73
72 82 84
72 83 21
72 84 51
72 85 45
72 86 56
72 87 4
72 88 54
72 89 99
72 90 3
72 91 58
72 92 54
72 93 95
72 94 75
72 95 85
72 96 19
73 74 79
73 75 94
73 76 14
73 77 60
73 78 65
73 79 41
73 80 25
73 81 54
73 82 10
73 83 37
73 84 12
73 85 71
73 86 28
73 87 69
73 88 85
73 89 92
73 90 88
73 91 21
73 92 30
73 93 60
73 94 22
73 95 90
73 96 78
74 75 66
74 76 42
74 77 88
74 78 53
74 79 99
74 80 38
74 81 57
74 82 13
74 83 28
74 84 10
74 85 42
74 86 71
74 87 67
74 88 17
74 89 13
74 90 57
74 91 19
74 92 74
74 93 77
74 94 80
74 95 6
74 96 66
75 76 18
75 77 71
75 78 15
75 79 41
75 80 78
75 81 78
75 82 76
75 83 10
75 84 12
75 85 33
75 86 71
75 87 58
75 88 30
75 89 47
75 90 27
75 91 55
75 92 10
75 93 37
75 94 5
75 95 35
75 96 36
76 77 87
76 78 38
76 79 65
76 80 11
76 81 96
76 82 42
76 83 58
76 84 17
76 85 91
76 86 71
76 87 10
76 88 43
76 89 97
76 90 1
76 91 85
76 92 2
76 93 6
76 94 30
76 95 72
76 96 16
77 78 1
77 79 43
77 80 48
77 81 80
77 82 60
77 83 13
77 84 48
77 85 57
77 86 81
77 87 96
77 88 14
77 89 73
77 90 2
77 91 11
77 92 14
77 93 68
77 94 90
77 95 98
77 96 11
78 79 74
78 80 97
78 81 89
78 82 36
78 83 57
78 84 70
78 85 32
78 86 19
78 87 87
78 88 5
78 89 64
78 90 22
78 91 21
78 92 25
78 93 89
78 94 37
78 95 21
78 96 21
79 80 36
79 81 6
79 82 70
79 83 17
79 84 1
79 85 62
79 86 44
79 87 31
79 88 75
79 89 61
79 90 64
79 91 41
79 92 25
79 93 22
79 94 43
79 95 92
79 96 52
80 81 57
80 82 65
80 83 47
80 84 98
80 85 50
80 86 1
80 87 29
80 88 35
80 89 19
80 90 52
80 91 52
80 92 39
80 93 32
80 94 7
80 95 88
80 96 39
81 82 14
81 83 74
81 84 52
81 85 94
81 86 75
81 87 23
81 88 62
81 89 44
81 90 63
81 91 67
81 92 28
81 93 60
81 94 14
81 95 14
81 96 10
82 83 36
82 84 70
82 85 51
82 86 75
82 87 82
82 88 59
82 89 13
82 90 16
82 91 72
82 92 83
82 93 59
82 94 87
82 95 60
82 96 58
83 84 52
83 85 7
83 86 96
83 87 95
83 88 32
83 89 27
83 90 42
83 91 36
83 92 81
83 93 30
83 94 93
83 95 78
83 96 1
84 85 72
84 86 16
84 87 96
84 88 99
84 89 45
84 90 8
84 91 88
84 92 65
84 93 57
84 94 61
84 95 47
84 96 47
85 86 45
85 87 37
85 88 91
85 89 81
85 90 70
85 91 58
85 92 54
85 93 66
85 94 24
85 95 55
85 96 73
86 87 55
86 88 36
86 89 99
86 90 7
86 91 68
86 92 38
86 93 86
86 94 59
86 95 8
86 96 32
87 88 33
87 89 90
87 90 52
87 91 66
87 92 89
87 93 44
87 94 28
87 95 91
87 96 32
88 89 61
88 90 74
88 91 1
88 92 89
88 93 98
88 94 36
88 95 53
88 96 80
89 90 19
89 91 99
89 92 5
89 93 10
89 94 24
89 95 45
89 96 26
90 91 44
90 92 41
90 93 41
90 94 44
90 95 97
90 96 78
91 92 57
91 93 75
91 94 34
91 95 40
91 96 74
92 93 83
92 94 14
92 95 8
92 96 1
93 94 99
93 95 15
93 96 86
94 95 99
94 96 97
95 96 34