100
0 1 84.657
0 2 6.116
0 3 13.933
0 4 37.732
0 5 40.175
0 6 48.699
0 7 57.055
0 8 28.912
0 9 88.545
0 10 97.867
0 11 40.9
0 12 92.448
0 13 90.007
0 14 58.639
0 15 92.136
0 16 30.7
0 17 14.57
0 18 69.464
0 19 34.539
0 20 21.611
0 21 22.535
0 22 91.599
0 23 49.491
0 24 1.558
0 25 54.948
0 26 31.02
0 27 97.844
0 28 70.825
0 29 25.69
0 30 49.162
0 31 16.007
0 32 18.34
0 33 13.399
0 34 21.897
0 35 15.805
0 36 36.693
0 37 89.871
0 38 25.643
0 39 69.674
0 40 60.434
0 41 20.44
0 42 42.081
0 43 19.895
0 44 56.376
0 45 2.978
0 46 8.246
0 47 80.5
0 48 61.794
0 49 78.809
0 50 84.061
0 51 75.505
0 52 96.042
0 53 92.105
0 54 59.989
0 55 72.613
0 56 79.554
0 57 36.336
0 58 84.342
0 59 86.44
0 60 97.5
0 61 19.793
0 62 32.813
0 63 10.266
0 64 42.636
0 65 57.075
0 66 82.685
0 67 27.451
0 68 37.481
0 69 50.013
0 70 33.859
0 71 86.161
0 72 31.131
0 73 34.92
0 74 79.642
0 75 81.755
0 76 30.776
0 77 17.823
0 78 55.364
0 79 17.636
0 80 5.468
0 81 18.306
0 82 27.538
0 83 33.073
0 84 45.116
0 85 22.112
0 86 6.096
0 87 80.685
0 88 91.301
0 89 5.048
0 90 42.778
0 91 97.005
0 92 59.766
0 93 73.9
0 94 61.663
0 95 47.127
0 96 16.713
0 97 54.186
0 98 42.869
0 99 90.309
1 2 96.959
1 3 41.536
1 4 33.542
1 5 25.997
1 6 44.495
1 7 86.051
1 8 65.339
1 9 92.495
1 10 79.664
1 11 1.649
1 12 26.093
1 13 30.284
1 14 40.123
1 15 53.961
1 16 79.559
1 17 51.18
1 18 57.489
1 19 92.942
1 20 41.658
1 21 56.903
1 22 18.439
1 23 59.732
1 24 67.215
1 25 33.364
1 26 33.752
1 27 56.5
1 28 44.644
1 29 50.574
1 30 97.119
1 31 79.211
1 32 62.145
1 33 24.454
1 34 8.001
1 35 21.623
1 36 87.198
1 37 98.73
1 38 96.891
1 39 69.965
1 40 12.884
1 41 25.575
1 42 41.34
1 43 85.438
1 44 89.354
1 45 4.346
1 46 69.294
1 47 18.254
1 48 32.334
1 49 74.516
1 50 63.01
1 51 45.413
1 52 42.168
1 53 57.257
1 54 21.244
1 55 84.757
1 56 19.04
1 57 93.346
1 58 25.416
1 59 22.915
1 60 70.278
1 61 99.094
1 62 8.997
1 63 58.89
1 64 93.297
1 65 30.972
1 66 87.96
1 67 83.734
1 68 55.822
1 69 58.242
1 70 88.622
1 71 38.812
1 72 50.44
1 73 24.595
1 74 83.158
1 75 1.097
1 76 22.879
1 77 15.075
1 78 10.417
1 79 97.552
1 80 55.515
1 81 33.357
1 82 27.33
1 83 59.825
1 84 7.485
1 85 65.527
1 86 27.216
1 87 13.025
1 88 89.466
1 89 98.912
1 90 16.403
1 91 22.166
1 92 67.03
1 93 38.783
1 94 63.684
1 95 91.031
1 96 22.103
1 97 12.214
1 98 72.937
1 99 18.76
2 3 68.171
2 4 51.837
2 5 67.269
2 6 95.801
2 7 1.002
2 8 13.509
2 9 48.896
2 10 68.663
2 11 63.214
2 12 70.471
2 13 47.762
2 14 26.047
2 15 26.449
2 16 85.661
2 17 14.749
2 18 58.027
2 19 41.168
2 20 92.976
2 21 93.306
2 22 66.231
2 23 27.216
2 24 34.276
2 25 39.334
2 26 43.197
2 27 52.146
2 28 70.649
2 29 93.795
2 30 50.708
2 31 16.55
2 32 59.08
2 33 4.607
2 34 83.583
2 35 76.896
2 36 99.456
2 37 31.654
2 38 67.882
2 39 64.654
2 40 95.012
2 41 47.688
2 42 68.833
2 43 10.312
2 44 28.682
2 45 8.217
2 46 87.629
2 47 84.606
2 48 90.847
2 49 5.946
2 50 95.487
2 51 40.851
2 52 18.404
2 53 13.627
2 54 61.119
2 55 66.311
2 56 43.399
2 57 86.037
2 58 78.89
2 59 77.727
2 60 71.775
2 61 73.33
2 62 61.458
2 63 43.992
2 64 59.308
2 65 58.895
2 66 52.013
2 67 18.632
2 68 7.37
2 69 75.478
2 70 36.269
2 71 92.309
2 72 47.438
2 73 6.893
2 74 7.49
2 75 60.078
2 76 42.612
2 77 29.979
2 78 91.316
2 79 66.859
2 80 62.028
2 81 83.702
2 82 19.503
2 83 59.546
2 84 14.516
2 85 14.117
2 86 82.421
2 87 6.925
2 88 46.52
2 89 60.611
2 90 41.81
2 91 31.091
2 92 34.189
2 93 19.229
2 94 70.362
2 95 3.174
2 96 73.897
2 97 38.014
2 98 84.217
2 99 68.023
3 4 52.199
3 5 58.619
3 6 60.551
3 7 89.406
3 8 28.605
3 9 39.655
3 10 22.314
3 11 7.446
3 12 80.585
3 13 95.378
3 14 55.293
3 15 21.478
3 16 26.936
3 17 50.783
3 18 37.858
3 19 88.824
3 20 97.644
3 21 21.089
3 22 84.568
3 23 44.796
3 24 20.289
3 25 35.542
3 26 98.995
3 27 55.082
3 28 49.98
3 29 58.092
3 30 54.059
3 31 16.334
3 32 66.695
3 33 58.176
3 34 18.319
3 35 48.879
3 36 68.718
3 37 33.385
3 38 1.048
3 39 95.576
3 40 20.106
3 41 4.195
3 42 44.971
3 43 34.764
3 44 90.977
3 45 52.063
3 46 35.05
3 47 89.259
3 48 21.449
3 49 16.816
3 50 71.091
3 51 58.29
3 52 30.387
3 53 6.665
3 54 9.737
3 55 34.623
3 56 65.788
3 57 37.55
3 58 44.342
3 59 93.832
3 60 44.522
3 61 55.48
3 62 42.906
3 63 61.444
3 64 6.002
3 65 59.43
3 66 70.447
3 67 49.381
3 68 94.857
3 69 13.267
3 70 84.671
3 71 51.461
3 72 12.983
3 73 22.506
3 74 20.531
3 75 20.689
3 76 38.93
3 77 76.809
3 78 70.708
3 79 84.698
3 80 61.507
3 81 5.428
3 82 41.233
3 83 1.515
3 84 43.244
3 85 18.832
3 86 8.596
3 87 78.977
3 88 13.8
3 89 36.847
3 90 76.137
3 91 28.759
3 92 95.904
3 93 88.787
3 94 73.803
3 95 91.599
3 96 71.202
3 97 20.844
3 98 68.031
3 99 81.003
4 5 77.477
4 6 79.136
4 7 1.501
4 8 93.037
4 9 99.252
4 10 32.719
4 11 65.222
4 12 13.804
4 13 73.19
4 14 75.455
4 15 62.167
4 16 4.904
4 17 86.691
4 18 24.716
4 19 99.533
4 20 80.425
4 21 10.416
4 22 30.735
4 23 72.181
4 24 82.015
4 25 55.749
4 26 96.805
4 27 44.236
4 28 47.716
4 29 93.749
4 30 45.009
4 31 35.44
4 32 83.694
4 33 49.598
4 34 3.185
4 35 13.48
4 36 9.228
4 37 35.079
4 38 77.883
4 39 71.847
4 40 34.768
4 41 49.655
4 42 22.443
4 43 37.271
4 44 13.506
4 45 30.185
4 46 40.488
4 47 74.735
4 48 7.237
4 49 10.977
4 50 57.023
4 51 88.717
4 52 5.545
4 53 43.892
4 54 97.406
4 55 73.027
4 56 72.147
4 57 90.913
4 58 37.001
4 59 17.54
4 60 41.034
4 61 31.718
4 62 73.565
4 63 47.114
4 64 41.091
4 65 62.593
4 66 51.165
4 67 18.997
4 68 79.776
4 69 29.221
4 70 45.601
4 71 56.82
4 72 68.748
4 73 5.522
4 74 68.588
4 75 16.077
4 76 30.153
4 77 63.18
4 78 78.333
4 79 42.632
4 80 57.767
4 81 15.962
4 82 9.468
4 83 83.991
4 84 84.051
4 85 73.214
4 86 39.433
4 87 60.587
4 88 41.14
4 89 65.478
4 90 25.28
4 91 98.735
4 92 71.241
4 93 97.846
4 94 10.961
4 95 50.086
4 96 79.794
4 97 18.601
4 98 69.479
4 99 90.699
5 6 53.295
5 7 32.749
5 8 46.547
5 9 10.128
5 10 17.848
5 11 19.312
5 12 35.341
5 13 43.123
5 14 75.664
5 15 64.563
5 16 81.501
5 17 77.21
5 18 29.407
5 19 82.856
5 20 93.335
5 21 13.783
5 22 48.674
5 23 67.758
5 24 41.993
5 25 16.12
5 26 41.884
5 27 95.61
5 28 96.54
5 29 41.501
5 30 11.677
5 31 70.752
5 32 46.658
5 33 30.554
5 34 83.829
5 35 79.575
5 36 24.043
5 37 51.699
5 38 69.146
5 39 51.517
5 40 26.83
5 41 6.157
5 42 67.416
5 43 8.847
5 44 59.817
5 45 70.015
5 46 11.701
5 47 96.813
5 48 16.917
5 49 17.019
5 50 33.478
5 51 22.739
5 52 17.018
5 53 29.008
5 54 83.556
5 55 90.373
5 56 45.645
5 57 12.121
5 58 97.385
5 59 31.446
5 60 64.64
5 61 88.015
5 62 83.427
5 63 54.113
5 64 18.334
5 65 71.731
5 66 58.518
5 67 56.185
5 68 99.188
5 69 1.625
5 70 43.502
5 71 46.792
5 72 30.317
5 73 80.372
5 74 49.44
5 75 40.283
5 76 78.922
5 77 73.683
5 78 8.523
5 79 82.283
5 80 40.903
5 81 5.614
5 82 36.639
5 83 79.197
5 84 35.75
5 85 71.396
5 86 9.97
5 87 6.809
5 88 79.302
5 89 99.329
5 90 22.8
5 91 54.211
5 92 31.312
5 93 28.039
5 94 75.998
5 95 4.716
5 96 13.909
5 97 60.443
5 98 91.014
5 99 99.597
6 7 60.427
6 8 14.198
6 9 57.609
6 10 34.691
6 11 95.992
6 12 83.401
6 13 43.327
6 14 35.582
6 15 11.305
6 16 12.088
6 17 64.268
6 18 17.455
6 19 76.964
6 20 85.706
6 21 83.717
6 22 68.949
6 23 72.896
6 24 74.77
6 25 59.963
6 26 63.293
6 27 2.349
6 28 90.28
6 29 52.601
6 30 52.896
6 31 37.25
6 32 11.989
6 33 18.879
6 34 67.018
6 35 42.816
6 36 32.531
6 37 96.106
6 38 12.745
6 39 66.963
6 40 76.018
6 41 60.981
6 42 65.247
6 43 16.8
6 44 76.602
6 45 15.865
6 46 45.404
6 47 93.768
6 48 44.77
6 49 50.239
6 50 82.045
6 51 31.815
6 52 22.452
6 53 7.34
6 54 22.145
6 55 9.709
6 56 87.058
6 57 6.605
6 58 99.029
6 59 39.2
6 60 72.387
6 61 68.826
6 62 75.086
6 63 74.591
6 64 41.949
6 65 52.137
6 66 38.833
6 67 46.882
6 68 36.758
6 69 29.849
6 70 77.305
6 71 90.809
6 72 82.137
6 73 16.246
6 74 67.164
6 75 30.329
6 76 38.465
6 77 15.342
6 78 78.644
6 79 98.692
6 80 58.979
6 81 27.185
6 82 69.614
6 83 18.981
6 84 61.275
6 85 41.958
6 86 40.636
6 87 37.919
6 88 62.067
6 89 25.819
6 90 31.813
6 91 19.365
6 92 90.397
6 93 50.041
6 94 25.479
6 95 7.652
6 96 23.143
6 97 56.879
6 98 52.208
6 99 39.759
7 8 10.894
7 9 68.684
7 10 9.85
7 11 97.656
7 12 7.247
7 13 86.542
7 14 20.465
7 15 32.511
7 16 87.785
7 17 79.163
7 18 18.776
7 19 45.587
7 20 34.19
7 21 85.089
7 22 39.545
7 23 96.901
7 24 14.709
7 25 16.138
7 26 48.292
7 27 5.731
7 28 26.924
7 29 46.774
7 30 32.958
7 31 42.732
7 32 63.714
7 33 51.904
7 34 90.804
7 35 90.919
7 36 88.224
7 37 9.773
7 38 36.692
7 39 84.269
7 40 72.288
7 41 75.109
7 42 8.362
7 43 84.399
7 44 89.431
7 45 68.6
7 46 14.597
7 47 80.724
7 48 36.319
7 49 98.737
7 50 38.626
7 51 90.901
7 52 88.615
7 53 18.943
7 54 87.419
7 55 96.364
7 56 2.506
7 57 57.915
7 58 70.505
7 59 58.307
7 60 64.684
7 61 55.362
7 62 55.945
7 63 13.169
7 64 42.327
7 65 67.596
7 66 49.831
7 67 9.153
7 68 74.502
7 69 98.046
7 70 11.746
7 71 6.308
7 72 22.572
7 73 59.345
7 74 44.726
7 75 73.256
7 76 26.935
7 77 47.711
7 78 59.576
7 79 88.728
7 80 61.353
7 81 93.757
7 82 49.241
7 83 62.871
7 84 54.95
7 85 94.305
7 86 81.341
7 87 47.99
7 88 93.207
7 89 75.171
7 90 39.761
7 91 8.416
7 92 46.526
7 93 90.919
7 94 14.731
7 95 49.467
7 96 59.709
7 97 71.933
7 98 77.636
7 99 13.044
8 9 15.689
8 10 65.437
8 11 92.405
8 12 78.932
8 13 23.473
8 14 47.856
8 15 81.525
8 16 89.15
8 17 58.284
8 18 51.238
8 19 9.274
8 20 52.224
8 21 75.98
8 22 55.733
8 23 56.521
8 24 17.692
8 25 30.035
8 26 97.335
8 27 15.909
8 28 30.525
8 29 51.289
8 30 26.736
8 31 64.163
8 32 3.27
8 33 8.334
8 34 43.086
8 35 46.815
8 36 27.823
8 37 46.399
8 38 5.873
8 39 32.231
8 40 8.188
8 41 91.066
8 42 12.665
8 43 49.119
8 44 57.941
8 45 21.305
8 46 27.611
8 47 17.419
8 48 15.848
8 49 73.663
8 50 41.024
8 51 27.775
8 52 54.491
8 53 10.443
8 54 94.269
8 55 32.513
8 56 63.326
8 57 69.774
8 58 79.534
8 59 72.969
8 60 56.617
8 61 73.594
8 62 4.924
8 63 89.461
8 64 82.911
8 65 16.779
8 66 71.244
8 67 32.241
8 68 56.688
8 69 4.554
8 70 10.605
8 71 83.286
8 72 14.539
8 73 2.722
8 74 38.181
8 75 11.649
8 76 16.01
8 77 83.035
8 78 4.216
8 79 50.303
8 80 75.448
8 81 68.787
8 82 81.567
8 83 67.035
8 84 45.864
8 85 99.853
8 86 82.99
8 87 27.344
8 88 79.212
8 89 46.368
8 90 7.083
8 91 29.704
8 92 24.815
8 93 69.25
8 94 65.516
8 95 48.231
8 96 81.95
8 97 36.993
8 98 21.386
8 99 70.231
9 10 12.639
9 11 58.37
9 12 59.339
9 13 98.947
9 14 26.666
9 15 78.138
9 16 6.496
9 17 61.882
9 18 33.401
9 19 29.108
9 20 10.501
9 21 1.976
9 22 7.473
9 23 18.859
9 24 27.447
9 25 6.86
9 26 47.37
9 27 38.035
9 28 98.467
9 29 4.906
9 30 3.954
9 31 83.885
9 32 40.978
9 33 21.329
9 34 79.104
9 35 55.379
9 36 45.922
9 37 39.823
9 38 78.061
9 39 87.642
9 40 6.034
9 41 19.949
9 42 18.811
9 43 66.66
9 44 73.114
9 45 6.496
9 46 53.72
9 47 27.976
9 48 46.69
9 49 43.596
9 50 89.04
9 51 36.231
9 52 33.587
9 53 95.161
9 54 65.046
9 55 97.218
9 56 87.396
9 57 47.946
9 58 81.929
9 59 86.258
9 60 58.443
9 61 28.39
9 62 21.483
9 63 65.698
9 64 60.744
9 65 61.193
9 66 13.383
9 67 76.188
9 68 23.833
9 69 44.084
9 70 27.534
9 71 34.009
9 72 57.842
9 73 37.86
9 74 60.638
9 75 89.421
9 76 35.548
9 77 53.914
9 78 44.978
9 79 12.59
9 80 56.281
9 81 65.362
9 82 68.421
9 83 21.038
9 84 49.543
9 85 55.442
9 86 21.641
9 87 78.621
9 88 94.759
9 89 45.607
9 90 83.876
9 91 71.535
9 92 14.664
9 93 19.529
9 94 37.935
9 95 5.871
9 96 20.369
9 97 64.956
9 98 33.604
9 99 10.943
10 11 25.379
10 12 60.508
10 13 99.2
10 14 65.562
10 15 60.973
10 16 82.849
10 17 1.5
10 18 22.254
10 19 71.606
10 20 87.369
10 21 41.206
10 22 27.843
10 23 53.401
10 24 18.655
10 25 78.966
10 26 75.115
10 27 66.83
10 28 68.161
10 29 24.706
10 30 51.221
10 31 22.72
10 32 23.895
10 33 7.467
10 34 36.698
10 35 40.543
10 36 50.457
10 37 70.734
10 38 68.693
10 39 39.233
10 40 83.865
10 41 48.174
10 42 5.278
10 43 29.157
10 44 83.801
10 45 35.207
10 46 94.106
10 47 9.809
10 48 24.536
10 49 81.727
10 50 44.389
10 51 60.544
10 52 6.761
10 53 25.494
10 54 58.219
10 55 93.347
10 56 94.766
10 57 51.486
10 58 66.287
10 59 7.736
10 60 65.725
10 61 47.654
10 62 99.771
10 63 87.231
10 64 10.452
10 65 71.979
10 66 67.354
10 67 47.989
10 68 43.171
10 69 74.124
10 70 82.398
10 71 83.929
10 72 64.763
10 73 38.459
10 74 51.55
10 75 45.265
10 76 68.876
10 77 20.992
10 78 76.171
10 79 7.619
10 80 65.986
10 81 46.086
10 82 93.777
10 83 77.089
10 84 95.095
10 85 56.081
10 86 89.398
10 87 9.749
10 88 94.708
10 89 2.007
10 90 1.191
10 91 4.601
10 92 79.92
10 93 20.714
10 94 54.056
10 95 57.377
10 96 51.237
10 97 99.697
10 98 70.023
10 99 56.273
11 12 98.96
11 13 55.606
11 14 76.822
11 15 63.321
11 16 89.167
11 17 50.925
11 18 51.003
11 19 63.348
11 20 47.023
11 21 40.093
11 22 75.682
11 23 37.31
11 24 1.743
11 25 82.134
11 26 27.985
11 27 52.027
11 28 54.617
11 29 37.544
11 30 32.742
11 31 29.554
11 32 45.606
11 33 15.602
11 34 64.295
11 35 93.045
11 36 41.908
11 37 93.152
11 38 50.846
11 39 91.364
11 40 67.862
11 41 46.748
11 42 39.785
11 43 12.58
11 44 20.593
11 45 82.191
11 46 88.976
11 47 31.565
11 48 67.76
11 49 26.815
11 50 17.544
11 51 3.326
11 52 52.11
11 53 46.214
11 54 58.563
11 55 3.847
11 56 48.836
11 57 51.761
11 58 25.248
11 59 56.439
11 60 20.993
11 61 82.081
11 62 38.826
11 63 37.881
11 64 10.49
11 65 62.626
11 66 34.123
11 67 83.579
11 68 54.848
11 69 83.648
11 70 47.841
11 71 53.839
11 72 30.323
11 73 95.35
11 74 24.178
11 75 94.12
11 76 56.771
11 77 50.449
11 78 10.556
11 79 76.055
11 80 25.009
11 81 13.672
11 82 61.085
11 83 65.653
11 84 3.802
11 85 69.671
11 86 57.028
11 87 23.951
11 88 23.92
11 89 90.814
11 90 26.19
11 91 4.878
11 92 70.932
11 93 76.902
11 94 64.574
11 95 21.873
11 96 92.935
11 97 53.113
11 98 15.234
11 99 63.012
12 13 25.711
12 14 44.442
12 15 75.484
12 16 50.061
12 17 14.365
12 18 53.256
12 19 15.664
12 20 54.269
12 21 63.544
12 22 79.52
12 23 9.239
12 24 86.121
12 25 96.878
12 26 78.173
12 27 38.66
12 28 27.774
12 29 11.804
12 30 93.07
12 31 98.692
12 32 3.251
12 33 80.236
12 34 59.572
12 35 24.568
12 36 76.372
12 37 85.67
12 38 35.008
12 39 73.39
12 40 8.202
12 41 14.026
12 42 42.594
12 43 94.741
12 44 73.467
12 45 54.916
12 46 36.978
12 47 83.223
12 48 27.93
12 49 81.058
12 50 19.612
12 51 27.12
12 52 54.277
12 53 31.565
12 54 85.324
12 55 20.458
12 56 4.105
12 57 45.336
12 58 67.955
12 59 51.009
12 60 91.284
12 61 88.291
12 62 96.086
12 63 42.36
12 64 83.133
12 65 90.501
12 66 65.37
12 67 33.075
12 68 62.394
12 69 69.801
12 70 50.196
12 71 30.06
12 72 98.627
12 73 72.832
12 74 53.628
12 75 83.73
12 76 24.609
12 77 87.139
12 78 86.461
12 79 22.329
12 80 9.643
12 81 34.767
12 82 1.686
12 83 96.941
12 84 72.725
12 85 10.112
12 86 12.994
12 87 58.448
12 88 53.945
12 89 23.458
12 90 44.875
12 91 22.519
12 92 81.162
12 93 19.613
12 94 36.786
12 95 79.51
12 96 11.935
12 97 59.567
12 98 54.651
12 99 5.133
13 14 17.821
13 15 75.295
13 16 38.778
13 17 1.767
13 18 2.272
13 19 79.868
13 20 40.905
13 21 72.517
13 22 62.287
13 23 16.871
13 24 27.919
13 25 92.456
13 26 86.845
13 27 14.097
13 28 46.49
13 29 92.209
13 30 43.904
13 31 47.966
13 32 11.518
13 33 69.072
13 34 1.937
13 35 33.237
13 36 5.422
13 37 7.209
13 38 14.157
13 39 9.418
13 40 62.703
13 41 23.729
13 42 47.531
13 43 89.523
13 44 53.783
13 45 96.346
13 46 1.158
13 47 93.917
13 48 10.801
13 49 63.785
13 50 54.57
13 51 12.335
13 52 94.892
13 53 16.156
13 54 65.169
13 55 71.325
13 56 76.985
13 57 90.832
13 58 99.248
13 59 91.924
13 60 49.298
13 61 81.344
13 62 88.235
13 63 40.532
13 64 42.26
13 65 89.501
13 66 31.676
13 67 57.004
13 68 57.829
13 69 31.632
13 70 35.133
13 71 69.117
13 72 43.912
13 73 82.988
13 74 76.937
13 75 21.924
13 76 4.802
13 77 8.446
13 78 36.765
13 79 63.869
13 80 91.15
13 81 84.27
13 82 1.594
13 83 24.98
13 84 66.068
13 85 45.451
13 86 52.293
13 87 47.551
13 88 60.153
13 89 88.234
13 90 26.939
13 91 1.983
13 92 69.296
13 93 81.273
13 94 48.989
13 95 41.939
13 96 7.108
13 97 34.751
13 98 51.093
13 99 22.794
14 15 73.519
14 16 37.725
14 17 74.437
14 18 29.774
14 19 99.003
14 20 17.427
14 21 8.815
14 22 81.131
14 23 58.384
14 24 70.166
14 25 33.524
14 26 73.914
14 27 41.823
14 28 76.992
14 29 23.134
14 30 59.844
14 31 4.659
14 32 62.789
14 33 20.257
14 34 48.16
14 35 4.962
14 36 71.236
14 37 89.721
14 38 83.39
14 39 87.336
14 40 54.233
14 41 93.944
14 42 28.135
14 43 22.148
14 44 4.366
14 45 68.599
14 46 91.476
14 47 40.475
14 48 48.268
14 49 91.083
14 50 33.798
14 51 99.533
14 52 76.34
14 53 62.384
14 54 61.718
14 55 41.452
14 56 96.975
14 57 58.44
14 58 32.166
14 59 40.203
14 60 9.707
14 61 15.488
14 62 61.545
14 63 59.451
14 64 5.806
14 65 31.27
14 66 76.708
14 67 29.238
14 68 89.645
14 69 50.728
14 70 3.744
14 71 20.88
14 72 46.626
14 73 86.771
14 74 75.649
14 75 6.224
14 76 85.314
14 77 7.357
14 78 59.614
14 79 65.528
14 80 1.684
14 81 91.069
14 82 48.86
14 83 45.873
14 84 8.017
14 85 96.271
14 86 24.66
14 87 97.232
14 88 27.597
14 89 90.903
14 90 18.373
14 91 72.669
14 92 94.73
14 93 40.033
14 94 46.298
14 95 74.384
14 96 64.422
14 97 71.962
14 98 34.538
14 99 38.69
15 16 4.846
15 17 93.616
15 18 6.988
15 19 46.426
15 20 92.579
15 21 4.442
15 22 25.166
15 23 45.609
15 24 43.383
15 25 27.067
15 26 55.352
15 27 27.942
15 28 18.444
15 29 56.933
15 30 93.8
15 31 35.046
15 32 33.94
15 33 88.253
15 34 79.686
15 35 78.104
15 36 23.606
15 37 75.676
15 38 21.45
15 39 90.709
15 40 64.717
15 41 86.422
15 42 66.305
15 43 51.512
15 44 85.329
15 45 19.102
15 46 24.337
15 47 82.029
15 48 25.995
15 49 35.869
15 50 16.901
15 51 77.016
15 52 86.323
15 53 87.146
15 54 98.101
15 55 7.157
15 56 84.203
15 57 21.999
15 58 60.176
15 59 76.151
15 60 43.027
15 61 45.803
15 62 1.978
15 63 77.467
15 64 37.239
15 65 37.831
15 66 87.947
15 67 77.703
15 68 24.822
15 69 32.891
15 70 28.489
15 71 79.342
15 72 84.203
15 73 5.86
15 74 36.595
15 75 29.846
15 76 52.733
15 77 39.526
15 78 73.328
15 79 76.563
15 80 6.42
15 81 29.399
15 82 65.433
15 83 88.664
15 84 84.802
15 85 56.561
15 86 11.207
15 87 57.996
15 88 96.32
15 89 42.027
15 90 96.796
15 91 48.266
15 92 84.562
15 93 41.89
15 94 59.53
15 95 17.742
15 96 52.97
15 97 56.562
15 98 84.897
15 99 21.372
16 17 2.507
16 18 16.299
16 19 61.702
16 20 92.85
16 21 51.289
16 22 14.543
16 23 6.42
16 24 22.624
16 25 87.228
16 26 54.168
16 27 8.226
16 28 25.273
16 29 66.471
16 30 84.996
16 31 77.997
16 32 71.661
16 33 74.093
16 34 12.765
16 35 98.614
16 36 81.405
16 37 59.894
16 38 79.021
16 39 76.431
16 40 61.866
16 41 9.421
16 42 65.423
16 43 38.883
16 44 57.784
16 45 69.686
16 46 27.357
16 47 57.687
16 48 56.435
16 49 29.952
16 50 10.443
16 51 95.558
16 52 25.952
16 53 71.166
16 54 57.801
16 55 88.267
16 56 1.955
16 57 87.942
16 58 55.074
16 59 73.704
16 60 51.038
16 61 54.839
16 62 71.893
16 63 59.709
16 64 92.79
16 65 97.368
16 66 18.148
16 67 25.969
16 68 38.966
16 69 3.754
16 70 39.816
16 71 76.316
16 72 2.556
16 73 21.41
16 74 9.59
16 75 69.712
16 76 56.768
16 77 83.607
16 78 45.201
16 79 67.082
16 80 11.616
16 81 16.781
16 82 67.602
16 83 30.704
16 84 80.32
16 85 52.529
16 86 5.079
16 87 67.726
16 88 8.024
16 89 36.063
16 90 68.413
16 91 25.156
16 92 23.921
16 93 40.206
16 94 94.606
16 95 29.071
16 96 79.308
16 97 65.21
16 98 55.745
16 99 80.017
17 18 41.43
17 19 29.279
17 20 39.361
17 21 61.331
17 22 70.682
17 23 34.607
17 24 45.545
17 25 76.229
17 26 15.424
17 27 1.654
17 28 79.653
17 29 82.79
17 30 97.656
17 31 98.38
17 32 13.867
17 33 70.324
17 34 52.868
17 35 74.822
17 36 79.789
17 37 79.845
17 38 60.743
17 39 89.334
17 40 82.236
17 41 90.22
17 42 90.689
17 43 72.6
17 44 68.032
17 45 66.086
17 46 66.306
17 47 11.626
17 48 43.078
17 49 94.334
17 50 24.064
17 51 42.237
17 52 87.398
17 53 33.219
17 54 12.145
17 55 5.867
17 56 90.757
17 57 78.613
17 58 59.913
17 59 57.607
17 60 54.152
17 61 81.435
17 62 38.141
17 63 58.005
17 64 47.497
17 65 6.773
17 66 89.168
17 67 51.444
17 68 22.207
17 69 4.874
17 70 85.756
17 71 93.808
17 72 98.145
17 73 49.209
17 74 70.88
17 75 89.358
17 76 60.207
17 77 79.124
17 78 49.592
17 79 67.496
17 80 29.028
17 81 6.348
17 82 38.796
17 83 69.757
17 84 62.969
17 85 46.485
17 86 61.005
17 87 56.295
17 88 44.75
17 89 75.76
17 90 64.887
17 91 69.945
17 92 85.722
17 93 59.872
17 94 92.766
17 95 85.198
17 96 31.56
17 97 45.312
17 98 85.686
17 99 62.903
18 19 13.058
18 20 41.598
18 21 45.681
18 22 51.922
18 23 24.711
18 24 24.243
18 25 90.484
18 26 82.888
18 27 72.505
18 28 48.731
18 29 93.204
18 30 96.416
18 31 59.19
18 32 99.248
18 33 76.028
18 34 44.744
18 35 95.496
18 36 17.314
18 37 78.475
18 38 50.16
18 39 46.667
18 40 67.879
18 41 42.043
18 42 25.328
18 43 7.02
18 44 28.62
18 45 23.334
18 46 43.821
18 47 78.072
18 48 44.093
18 49 59.492
18 50 30.81
18 51 76.667
18 52 60.921
18 53 29.508
18 54 12.286
18 55 84.217
18 56 9.544
18 57 19.862
18 58 16.167
18 59 32.997
18 60 56.808
18 61 85.418
18 62 79.616
18 63 9.688
18 64 54.359
18 65 31.35
18 66 34.735
18 67 63.612
18 68 96.366
18 69 91.238
18 70 67.617
18 71 22.993
18 72 44.36
18 73 71.648
18 74 4.867
18 75 38.287
18 76 93.665
18 77 93.045
18 78 12.673
18 79 11.368
18 80 42.889
18 81 91.794
18 82 39.249
18 83 62.059
18 84 58.07
18 85 19.996
18 86 62.628
18 87 41.015
18 88 75.382
18 89 92.49
18 90 53.925
18 91 24.408
18 92 39.863
18 93 60.539
18 94 37.33
18 95 99.308
18 96 31.214
18 97 46.403
18 98 32.607
18 99 19.194
19 20 8.827
19 21 75.868
19 22 65.093
19 23 56.186
19 24 87.862
19 25 28.686
19 26 95.347
19 27 23.681
19 28 6.203
19 29 76.227
19 30 3.657
19 31 61.254
19 32 19.7
19 33 48.852
19 34 80.591
19 35 84.647
19 36 4.498
19 37 67.76
19 38 55.142
19 39 12.39
19 40 57.424
19 41 78.586
19 42 55.063
19 43 21.8
19 44 54.391
19 45 64.618
19 46 73.996
19 47 14.937
19 48 40.935
19 49 36.549
19 50 23.293
19 51 32.974
19 52 69.317
19 53 28.238
19 54 24.584
19 55 36.683
19 56 23.06
19 57 6.848
19 58 59.173
19 59 14.424
19 60 21.925
19 61 78.627
19 62 48.643
19 63 2.275
19 64 84.396
19 65 80.05
19 66 41.873
19 67 7.591
19 68 41.44
19 69 38.824
19 70 6.463
19 71 33.045
19 72 52.863
19 73 63.129
19 74 79.979
19 75 68.609
19 76 50.868
19 77 23.147
19 78 36.332
19 79 6.052
19 80 90.485
19 81 11.596
19 82 6.875
19 83 43.846
19 84 35.541
19 85 58.631
19 86 90.009
19 87 78.08
19 88 1.948
19 89 49.184
19 90 37.671
19 91 57.999
19 92 43.122
19 93 47.412
19 94 47.148
19 95 55.39
19 96 2.084
19 97 63.283
19 98 92.937
19 99 95.504
20 21 39.782
20 22 29.528
20 23 55.116
20 24 30.145
20 25 73.177
20 26 96.919
20 27 44.27
20 28 21.26
20 29 10.78
20 30 63.89
20 31 85.237
20 32 42.897
20 33 15.257
20 34 22.144
20 35 61.745
20 36 90.435
20 37 1.288
20 38 85.86
20 39 92.216
20 40 97.796
20 41 55.128
20 42 83.834
20 43 43.334
20 44 47.981
20 45 1.834
20 46 11.318
20 47 74.479
20 48 77.055
20 49 24.663
20 50 74.424
20 51 40.644
20 52 84.157
20 53 4.759
20 54 45.282
20 55 99.62
20 56 9.766
20 57 44.548
20 58 93.911
20 59 47.435
20 60 27.232
20 61 33.666
20 62 71.085
20 63 8.775
20 64 86.038
20 65 72.771
20 66 75.054
20 67 14.172
20 68 8.011
20 69 91.131
20 70 17.391
20 71 58.259
20 72 54.849
20 73 45.99
20 74 1.271
20 75 92.162
20 76 57.614
20 77 75.59
20 78 21.522
20 79 45.713
20 80 55.872
20 81 22.648
20 82 7.409
20 83 48.285
20 84 19.436
20 85 92.88
20 86 14.667
20 87 32.915
20 88 59.347
20 89 93.079
20 90 97.488
20 91 12.051
20 92 86.719
20 93 59.742
20 94 86.841
20 95 30.498
20 96 94.108
20 97 18.657
20 98 47.887
20 99 21.039
21 22 60.508
21 23 31.122
21 24 72.333
21 25 82.183
21 26 69.0
21 27 83.331
21 28 68.936
21 29 98.978
21 30 85.551
21 31 1.793
21 32 72.264
21 33 61.626
21 34 23.053
21 35 41.782
21 36 70.537
21 37 52.881
21 38 76.534
21 39 64.669
21 40 81.029
21 41 9.993
21 42 27.086
21 43 48.135
21 44 99.526
21 45 62.725
21 46 61.075
21 47 45.479
21 48 6.667
21 49 29.859
21 50 7.47
21 51 91.662
21 52 94.242
21 53 26.65
21 54 11.297
21 55 65.804
21 56 73.307
21 57 14.988
21 58 94.319
21 59 26.336
21 60 83.914
21 61 33.063
21 62 47.473
21 63 44.347
21 64 76.44
21 65 20.234
21 66 78.333
21 67 59.329
21 68 42.337
21 69 22.907
21 70 54.663
21 71 86.607
21 72 2.167
21 73 89.658
21 74 35.877
21 75 1.981
21 76 89.459
21 77 92.041
21 78 61.826
21 79 78.316
21 80 41.005
21 81 73.042
21 82 83.469
21 83 89.789
21 84 36.374
21 85 35.682
21 86 79.907
21 87 83.953
21 88 93.041
21 89 96.435
21 90 19.015
21 91 63.002
21 92 25.355
21 93 29.77
21 94 55.543
21 95 16.915
21 96 8.634
21 97 30.905
21 98 72.617
21 99 34.146
22 23 91.739
22 24 84.619
22 25 57.19
22 26 99.577
22 27 93.224
22 28 66.689
22 29 88.578
22 30 82.226
22 31 17.447
22 32 78.578
22 33 58.1
22 34 97.849
22 35 45.775
22 36 84.901
22 37 46.428
22 38 89.209
22 39 4.033
22 40 9.347
22 41 74.758
22 42 42.547
22 43 64.358
22 44 88.515
22 45 43.09
22 46 93.76
22 47 75.856
22 48 72.172
22 49 63.056
22 50 66.891
22 51 21.686
22 52 99.49
22 53 62.6
22 54 50.997
22 55 32.923
22 56 21.844
22 57 55.8
22 58 42.453
22 59 21.95
22 60 33.948
22 61 99.38
22 62 67.101
22 63 9.599
22 64 90.239
22 65 74.666
22 66 84.586
22 67 48.947
22 68 90.185
22 69 83.533
22 70 40.8
22 71 84.074
22 72 86.872
22 73 78.844
22 74 66.786
22 75 62.152
22 76 62.082
22 77 42.571
22 78 14.001
22 79 73.158
22 80 97.674
22 81 14.242
22 82 84.237
22 83 12.271
22 84 41.893
22 85 6.848
22 86 14.401
22 87 7.584
22 88 55.493
22 89 68.238
22 90 32.186
22 91 17.003
22 92 49.923
22 93 76.69
22 94 98.815
22 95 44.843
22 96 84.638
22 97 56.731
22 98 47.24
22 99 38.718
23 24 27.127
23 25 19.453
23 26 88.801
23 27 41.902
23 28 10.417
23 29 91.915
23 30 16.135
23 31 50.554
23 32 27.418
23 33 47.929
23 34 67.094
23 35 11.924
23 36 7.711
23 37 95.388
23 38 10.576
23 39 75.801
23 40 24.926
23 41 77.212
23 42 18.278
23 43 13.936
23 44 87.796
23 45 36.032
23 46 48.412
23 47 65.51
23 48 33.623
23 49 94.934
23 50 84.013
23 51 80.346
23 52 43.527
23 53 28.372
23 54 67.513
23 55 91.802
23 56 61.584
23 57 76.018
23 58 50.07
23 59 66.569
23 60 94.231
23 61 70.278
23 62 74.892
23 63 46.162
23 64 79.084
23 65 98.164
23 66 84.793
23 67 88.878
23 68 98.535
23 69 66.596
23 70 96.935
23 71 48.451
23 72 92.795
23 73 5.295
23 74 45.306
23 75 52.642
23 76 19.394
23 77 94.076
23 78 57.414
23 79 91.755
23 80 34.76
23 81 48.168
23 82 35.651
23 83 72.636
23 84 2.466
23 85 35.79
23 86 65.06
23 87 12.433
23 88 12.786
23 89 31.49
23 90 87.818
23 91 11.073
23 92 85.113
23 93 52.234
23 94 36.734
23 95 24.93
23 96 24.981
23 97 84.324
23 98 64.321
23 99 84.121
24 25 72.071
24 26 5.781
24 27 63.624
24 28 64.986
24 29 55.453
24 30 91.119
24 31 75.155
24 32 79.701
24 33 9.795
24 34 80.712
24 35 92.378
24 36 85.011
24 37 39.063
24 38 26.024
24 39 86.309
24 40 69.282
24 41 6.907
24 42 39.185
24 43 20.569
24 44 29.946
24 45 73.829
24 46 56.447
24 47 16.574
24 48 84.05
24 49 44.828
24 50 70.698
24 51 67.91
24 52 22.733
24 53 94.478
24 54 30.187
24 55 23.506
24 56 44.314
24 57 77.128
24 58 16.506
24 59 6.513
24 60 55.2
24 61 3.73
24 62 39.166
24 63 25.805
24 64 82.837
24 65 73.314
24 66 67.826
24 67 39.327
24 68 7.041
24 69 26.663
24 70 46.082
24 71 35.793
24 72 51.288
24 73 22.328
24 74 90.716
24 75 59.787
24 76 82.314
24 77 27.605
24 78 76.043
24 79 54.184
24 80 48.679
24 81 89.802
24 82 47.785
24 83 14.647
24 84 19.194
24 85 92.019
24 86 90.119
24 87 33.97
24 88 43.504
24 89 86.772
24 90 84.834
24 91 68.231
24 92 71.339
24 93 72.745
24 94 47.356
24 95 84.057
24 96 2.565
24 97 5.506
24 98 84.939
24 99 5.044
25 26 79.006
25 27 82.548
25 28 55.141
25 29 45.756
25 30 35.363
25 31 7.014
25 32 16.184
25 33 33.729
25 34 9.556
25 35 50.883
25 36 55.723
25 37 20.065
25 38 15.146
25 39 19.799
25 40 31.569
25 41 34.16
25 42 84.667
25 43 67.696
25 44 98.625
25 45 44.959
25 46 6.96
25 47 11.445
25 48 13.104
25 49 49.375
25 50 19.61
25 51 33.504
25 52 44.805
25 53 87.93
25 54 20.724
25 55 5.277
25 56 11.81
25 57 29.421
25 58 54.263
25 59 58.618
25 60 48.94
25 61 29.95
25 62 69.961
25 63 32.071
25 64 43.554
25 65 99.686
25 66 24.195
25 67 88.81
25 68 36.455
25 69 65.471
25 70 3.511
25 71 64.02
25 72 19.821
25 73 40.968
25 74 10.515
25 75 85.294
25 76 90.866
25 77 48.469
25 78 91.458
25 79 41.249
25 80 7.016
25 81 48.724
25 82 99.685
25 83 81.899
25 84 14.902
25 85 53.07
25 86 2.728
25 87 87.802
25 88 92.316
25 89 71.636
25 90 73.564
25 91 73.951
25 92 13.061
25 93 20.829
25 94 60.919
25 95 39.365
25 96 83.109
25 97 73.197
25 98 1.421
25 99 17.991
26 27 85.818
26 28 53.368
26 29 58.376
26 30 89.383
26 31 79.167
26 32 62.979
26 33 16.432
26 34 48.532
26 35 57.928
26 36 77.646
26 37 89.361
26 38 49.883
26 39 40.948
26 40 74.001
26 41 1.444
26 42 43.554
26 43 81.192
26 44 12.064
26 45 45.471
26 46 94.946
26 47 11.521
26 48 40.616
26 49 35.804
26 50 89.637
26 51 57.351
26 52 82.514
26 53 86.109
26 54 22.339
26 55 32.49
26 56 51.196
26 57 22.676
26 58 52.16
26 59 92.372
26 60 34.488
26 61 31.036
26 62 58.072
26 63 61.238
26 64 81.52
26 65 38.75
26 66 93.035
26 67 84.064
26 68 41.009
26 69 28.929
26 70 50.816
26 71 27.135
26 72 14.467
26 73 87.976
26 74 31.403
26 75 65.885
26 76 11.949
26 77 40.501
26 78 12.138
26 79 10.255
26 80 83.902
26 81 88.821
26 82 59.243
26 83 20.512
26 84 73.896
26 85 95.266
26 86 52.233
26 87 93.379
26 88 80.916
26 89 55.892
26 90 27.55
26 91 60.365
26 92 79.797
26 93 93.62
26 94 80.854
26 95 26.84
26 96 10.703
26 97 80.532
26 98 95.521
26 99 9.778
27 28 67.757
27 29 95.504
27 30 38.192
27 31 74.273
27 32 24.02
27 33 37.057
27 34 73.089
27 35 82.957
27 36 73.312
27 37 95.068
27 38 46.316
27 39 66.279
27 40 47.42
27 41 60.533
27 42 96.95
27 43 35.703
27 44 62.149
27 45 80.248
27 46 81.831
27 47 54.463
27 48 77.465
27 49 31.65
27 50 85.37
27 51 79.117
27 52 83.409
27 53 92.984
27 54 14.369
27 55 26.079
27 56 55.922
27 57 30.594
27 58 95.293
27 59 50.357
27 60 95.809
27 61 69.923
27 62 52.092
27 63 80.181
27 64 25.521
27 65 25.965
27 66 84.509
27 67 94.551
27 68 97.46
27 69 51.93
27 70 21.67
27 71 8.667
27 72 25.844
27 73 36.395
27 74 27.235
27 75 21.889
27 76 88.851
27 77 76.937
27 78 48.42
27 79 90.826
27 80 54.158
27 81 99.575
27 82 83.851
27 83 63.292
27 84 65.308
27 85 46.514
27 86 19.679
27 87 29.461
27 88 17.173
27 89 36.797
27 90 91.474
27 91 46.394
27 92 28.28
27 93 83.781
27 94 96.344
27 95 40.266
27 96 69.403
27 97 23.016
27 98 85.072
27 99 82.875
28 29 12.349
28 30 14.385
28 31 12.116
28 32 73.547
28 33 32.2
28 34 87.515
28 35 26.711
28 36 67.497
28 37 64.979
28 38 53.251
28 39 26.946
28 40 44.9
28 41 29.572
28 42 19.026
28 43 45.526
28 44 13.667
28 45 72.277
28 46 92.263
28 47 6.446
28 48 42.915
28 49 28.347
28 50 27.133
28 51 78.179
28 52 83.083
28 53 8.279
28 54 45.222
28 55 44.276
28 56 44.068
28 57 19.574
28 58 6.278
28 59 45.812
28 60 68.256
28 61 20.983
28 62 91.924
28 63 33.707
28 64 33.361
28 65 59.659
28 66 43.094
28 67 96.122
28 68 4.186
28 69 8.703
28 70 51.675
28 71 77.326
28 72 59.707
28 73 81.245
28 74 22.62
28 75 38.258
28 76 82.397
28 77 11.115
28 78 98.448
28 79 52.626
28 80 15.724
28 81 96.239
28 82 5.618
28 83 13.769
28 84 35.891
28 85 80.092
28 86 34.148
28 87 79.806
28 88 88.552
28 89 51.241
28 90 99.888
28 91 82.72
28 92 10.247
28 93 4.329
28 94 90.16
28 95 16.917
28 96 30.013
28 97 16.243
28 98 75.105
28 99 70.652
29 30 25.878
29 31 11.935
29 32 15.62
29 33 77.288
29 34 34.122
29 35 39.42
29 36 32.429
29 37 88.042
29 38 4.678
29 39 3.461
29 40 5.668
29 41 90.41
29 42 15.196
29 43 27.027
29 44 66.24
29 45 24.695
29 46 56.359
29 47 97.843
29 48 76.597
29 49 26.859
29 50 52.127
29 51 27.818
29 52 58.616
29 53 71.327
29 54 43.57
29 55 44.174
29 56 62.18
29 57 23.998
29 58 51.681
29 59 27.689
29 60 58.243
29 61 13.055
29 62 3.794
29 63 63.485
29 64 24.924
29 65 90.128
29 66 44.712
29 67 63.643
29 68 91.434
29 69 65.279
29 70 51.216
29 71 3.629
29 72 59.406
29 73 68.392
29 74 17.607
29 75 95.504
29 76 73.228
29 77 6.322
29 78 79.929
29 79 57.328
29 80 61.313
29 81 55.702
29 82 75.546
29 83 18.477
29 84 99.006
29 85 22.97
29 86 23.412
29 87 20.527
29 88 19.872
29 89 34.938
29 90 36.45
29 91 69.379
29 92 5.282
29 93 79.555
29 94 98.321
29 95 33.51
29 96 31.134
29 97 72.571
29 98 50.258
29 99 42.278
30 31 98.645
30 32 61.877
30 33 60.668
30 34 12.955
30 35 26.76
30 36 95.584
30 37 29.861
30 38 17.148
30 39 21.398
30 40 67.667
30 41 31.01
30 42 63.464
30 43 37.364
30 44 70.365
30 45 58.578
30 46 74.766
30 47 14.34
30 48 42.906
30 49 50.569
30 50 93.619
30 51 40.78
30 52 93.601
30 53 73.697
30 54 97.277
30 55 9.39
30 56 48.114
30 57 20.288
30 58 38.552
30 59 22.688
30 60 16.046
30 61 82.526
30 62 57.508
30 63 37.004
30 64 36.501
30 65 7.107
30 66 91.436
30 67 64.644
30 68 2.262
30 69 37.143
30 70 91.367
30 71 50.194
30 72 92.157
30 73 23.104
30 74 66.347
30 75 95.735
30 76 66.324
30 77 29.484
30 78 82.996
30 79 42.868
30 80 83.6
30 81 37.821
30 82 50.503
30 83 42.442
30 84 93.778
30 85 21.947
30 86 23.696
30 87 52.98
30 88 84.959
30 89 66.529
30 90 49.102
30 91 87.637
30 92 63.19
30 93 43.838
30 94 4.751
30 95 5.069
30 96 68.974
30 97 36.621
30 98 24.935
30 99 99.651
31 32 15.447
31 33 66.266
31 34 35.597
31 35 14.026
31 36 48.235
31 37 83.805
31 38 70.759
31 39 78.877
31 40 53.542
31 41 26.542
31 42 56.816
31 43 15.871
31 44 11.001
31 45 25.661
31 46 42.814
31 47 55.116
31 48 55.493
31 49 43.305
31 50 9.118
31 51 77.675
31 52 19.392
31 53 41.056
31 54 54.225
31 55 98.094
31 56 74.288
31 57 39.278
31 58 74.645
31 59 94.549
31 60 92.636
31 61 9.338
31 62 28.288
31 63 45.475
31 64 8.957
31 65 89.579
31 66 4.444
31 67 81.016
31 68 24.847
31 69 20.551
31 70 94.641
31 71 47.6
31 72 77.535
31 73 74.517
31 74 28.093
31 75 96.165
31 76 17.843
31 77 86.669
31 78 52.786
31 79 18.979
31 80 79.636
31 81 70.203
31 82 66.982
31 83 93.738
31 84 80.863
31 85 17.211
31 86 85.835
31 87 44.141
31 88 27.966
31 89 95.089
31 90 9.095
31 91 23.861
31 92 23.841
31 93 57.04
31 94 36.584
31 95 55.032
31 96 54.665
31 97 61.121
31 98 32.207
31 99 26.84
32 33 79.103
32 34 48.029
32 35 42.903
32 36 82.864
32 37 89.179
32 38 71.883
32 39 6.731
32 40 65.901
32 41 26.967
32 42 45.655
32 43 58.953
32 44 95.721
32 45 81.351
32 46 16.67
32 47 50.98
32 48 19.003
32 49 29.887
32 50 34.668
32 51 44.335
32 52 33.638
32 53 49.336
32 54 73.875
32 55 13.942
32 56 34.203
32 57 67.062
32 58 3.823
32 59 31.155
32 60 33.151
32 61 34.597
32 62 89.745
32 63 28.048
32 64 74.243
32 65 90.958
32 66 59.645
32 67 96.517
32 68 50.912
32 69 8.236
32 70 71.924
32 71 33.221
32 72 13.415
32 73 87.095
32 74 11.283
32 75 74.64
32 76 81.809
32 77 72.576
32 78 41.753
32 79 45.617
32 80 79.667
32 81 18.974
32 82 77.17
32 83 74.473
32 84 86.937
32 85 78.141
32 86 51.338
32 87 39.323
32 88 42.638
32 89 19.045
32 90 83.137
32 91 27.065
32 92 18.609
32 93 55.047
32 94 33.715
32 95 89.08
32 96 58.64
32 97 94.837
32 98 61.19
32 99 57.712
33 34 1.434
33 35 11.121
33 36 80.777
33 37 73.405
33 38 34.735
33 39 50.351
33 40 34.493
33 41 31.965
33 42 70.288
33 43 94.343
33 44 96.675
33 45 36.536
33 46 59.524
33 47 85.322
33 48 71.921
33 49 41.462
33 50 96.305
33 51 22.699
33 52 19.243
33 53 93.77
33 54 38.025
33 55 81.366
33 56 88.6
33 57 76.508
33 58 99.982
33 59 83.437
33 60 52.938
33 61 33.232
33 62 59.432
33 63 31.641
33 64 4.093
33 65 47.951
33 66 18.141
33 67 21.542
33 68 89.759
33 69 27.24
33 70 37.835
33 71 68.809
33 72 32.532
33 73 5.482
33 74 75.111
33 75 11.701
33 76 49.5
33 77 72.293
33 78 50.635
33 79 32.517
33 80 48.412
33 81 40.94
33 82 60.496
33 83 57.317
33 84 35.501
33 85 40.148
33 86 72.213
33 87 26.106
33 88 38.745
33 89 60.647
33 90 30.973
33 91 65.228
33 92 9.364
33 93 19.088
33 94 85.1
33 95 4.941
33 96 78.375
33 97 56.043
33 98 24.635
33 99 48.072
34 35 66.286
34 36 99.101
34 37 83.546
34 38 62.657
34 39 50.836
34 40 19.663
34 41 61.99
34 42 99.02
34 43 49.334
34 44 87.654
34 45 51.819
34 46 77.568
34 47 52.85
34 48 32.479
34 49 77.248
34 50 40.79
34 51 92.011
34 52 37.364
34 53 10.161
34 54 10.659
34 55 64.013
34 56 78.519
34 57 69.876
34 58 33.455
34 59 44.579
34 60 82.897
34 61 39.954
34 62 34.358
34 63 25.347
34 64 74.543
34 65 1.959
34 66 56.535
34 67 28.31
34 68 84.505
34 69 80.835
34 70 77.57
34 71 10.255
34 72 58.264
34 73 74.332
34 74 98.923
34 75 17.816
34 76 30.553
34 77 91.205
34 78 95.134
34 79 1.015
34 80 5.835
34 81 28.929
34 82 41.754
34 83 58.777
34 84 22.865
34 85 72.698
34 86 14.019
34 87 60.141
34 88 60.923
34 89 54.436
34 90 96.806
34 91 45.901
34 92 80.814
34 93 90.111
34 94 6.889
34 95 2.554
34 96 31.656
34 97 30.276
34 98 3.04
34 99 53.204
35 36 1.173
35 37 95.54
35 38 4.805
35 39 84.243
35 40 97.937
35 41 74.602
35 42 17.636
35 43 98.033
35 44 71.905
35 45 1.916
35 46 3.173
35 47 74.084
35 48 96.677
35 49 43.918
35 50 46.246
35 51 99.905
35 52 63.541
35 53 65.205
35 54 12.113
35 55 74.083
35 56 17.542
35 57 49.975
35 58 96.44
35 59 42.317
35 60 13.544
35 61 5.927
35 62 31.642
35 63 43.075
35 64 63.786
35 65 19.587
35 66 37.058
35 67 73.411
35 68 3.488
35 69 59.554
35 70 45.468
35 71 92.985
35 72 51.61
35 73 29.324
35 74 58.417
35 75 12.673
35 76 47.152
35 77 43.824
35 78 98.751
35 79 18.961
35 80 86.957
35 81 7.921
35 82 31.527
35 83 45.758
35 84 83.598
35 85 38.108
35 86 43.658
35 87 36.448
35 88 67.98
35 89 61.502
35 90 73.266
35 91 63.623
35 92 56.209
35 93 87.268
35 94 64.629
35 95 55.031
35 96 9.857
35 97 28.811
35 98 89.362
35 99 77.709
36 37 69.927
36 38 32.371
36 39 93.183
36 40 72.174
36 41 49.226
36 42 56.076
36 43 59.072
36 44 57.969
36 45 82.585
36 46 82.685
36 47 20.171
36 48 14.745
36 49 80.664
36 50 15.873
36 51 76.815
36 52 22.361
36 53 13.823
36 54 22.336
36 55 5.967
36 56 49.076
36 57 20.931
36 58 64.62
36 59 31.424
36 60 13.008
36 61 19.286
36 62 62.09
36 63 5.643
36 64 21.181
36 65 8.124
36 66 76.088
36 67 35.137
36 68 92.437
36 69 21.916
36 70 69.287
36 71 68.783
36 72 67.256
36 73 56.2
36 74 22.585
36 75 22.908
36 76 56.514
36 77 43.425
36 78 76.431
36 79 62.115
36 80 34.32
36 81 43.196
36 82 41.106
36 83 90.013
36 84 48.84
36 85 10.885
36 86 71.486
36 87 66.781
36 88 90.535
36 89 42.322
36 90 18.025
36 91 60.435
36 92 64.521
36 93 20.156
36 94 20.784
36 95 42.292
36 96 46.115
36 97 83.207
36 98 13.697
36 99 38.23
37 38 23.335
37 39 18.551
37 40 34.148
37 41 74.642
37 42 70.856
37 43 69.221
37 44 15.546
37 45 91.491
37 46 80.34
37 47 32.947
37 48 3.054
37 49 95.756
37 50 10.506
37 51 79.702
37 52 77.863
37 53 21.871
37 54 32.69
37 55 62.95
37 56 95.996
37 57 13.309
37 58 86.575
37 59 7.786
37 60 33.291
37 61 47.361
37 62 94.205
37 63 52.806
37 64 76.502
37 65 97.923
37 66 52.831
37 67 82.993
37 68 75.238
37 69 84.331
37 70 57.814
37 71 4.494
37 72 78.747
37 73 58.936
37 74 83.332
37 75 21.021
37 76 55.745
37 77 83.72
37 78 33.596
37 79 80.893
37 80 39.398
37 81 53.641
37 82 43.654
37 83 68.94
37 84 78.662
37 85 56.201
37 86 55.539
37 87 90.158
37 88 99.007
37 89 83.895
37 90 12.259
37 91 42.22
37 92 34.518
37 93 60.472
37 94 74.035
37 95 11.093
37 96 66.033
37 97 68.776
37 98 44.672
37 99 59.582
38 39 18.689
38 40 85.817
38 41 86.287
38 42 27.851
38 43 18.356
38 44 70.298
38 45 99.56
38 46 33.871
38 47 53.175
38 48 53.298
38 49 59.497
38 50 37.553
38 51 12.704
38 52 52.407
38 53 47.752
38 54 30.397
38 55 96.336
38 56 72.162
38 57 13.842
38 58 38.444
38 59 3.829
38 60 81.413
38 61 4.195
38 62 46.694
38 63 79.624
38 64 3.946
38 65 5.755
38 66 59.962
38 67 25.214
38 68 41.859
38 69 4.104
38 70 6.286
38 71 26.587
38 72 38.38
38 73 58.527
38 74 86.549
38 75 83.397
38 76 9.543
38 77 50.272
38 78 43.898
38 79 19.781
38 80 29.721
38 81 81.996
38 82 33.277
38 83 43.856
38 84 97.744
38 85 93.08
38 86 89.602
38 87 36.723
38 88 96.953
38 89 16.994
38 90 27.979
38 91 30.019
38 92 76.323
38 93 59.16
38 94 55.713
38 95 13.887
38 96 84.159
38 97 20.368
38 98 72.462
38 99 94.8
39 40 26.722
39 41 57.412
39 42 53.53
39 43 27.193
39 44 9.367
39 45 54.009
39 46 95.042
39 47 55.492
39 48 94.945
39 49 34.902
39 50 6.255
39 51 32.63
39 52 64.08
39 53 78.524
39 54 76.341
39 55 10.835
39 56 85.135
39 57 71.764
39 58 23.841
39 59 43.599
39 60 68.604
39 61 98.346
39 62 98.56
39 63 6.479
39 64 95.904
39 65 57.513
39 66 47.846
39 67 44.034
39 68 11.743
39 69 85.952
39 70 10.748
39 71 37.098
39 72 54.189
39 73 38.349
39 74 72.199
39 75 16.449
39 76 87.047
39 77 75.479
39 78 8.143
39 79 28.533
39 80 49.012
39 81 15.641
39 82 61.586
39 83 99.878
39 84 80.052
39 85 33.667
39 86 76.322
39 87 55.722
39 88 32.075
39 89 67.742
39 90 59.946
39 91 21.225
39 92 27.5
39 93 38.297
39 94 80.205
39 95 3.159
39 96 75.857
39 97 96.263
39 98 1.755
39 99 97.449
40 41 91.656
40 42 15.248
40 43 93.973
40 44 31.577
40 45 34.164
40 46 54.639
40 47 93.779
40 48 82.699
40 49 28.975
40 50 61.47
40 51 51.529
40 52 30.492
40 53 58.631
40 54 29.998
40 55 17.18
40 56 31.375
40 57 8.025
40 58 15.83
40 59 78.317
40 60 82.52
40 61 39.584
40 62 43.896
40 63 84.272
40 64 16.045
40 65 15.513
40 66 81.892
40 67 11.198
40 68 38.321
40 69 84.814
40 70 13.549
40 71 81.073
40 72 74.0
40 73 72.178
40 74 40.625
40 75 27.437
40 76 59.174
40 77 29.536
40 78 19.288
40 79 26.943
40 80 6.41
40 81 77.81
40 82 30.936
40 83 46.776
40 84 34.863
40 85 3.705
40 86 28.184
40 87 97.862
40 88 86.463
40 89 2.298
40 90 24.667
40 91 41.131
40 92 50.981
40 93 76.069
40 94 42.656
40 95 34.41
40 96 95.234
40 97 72.687
40 98 80.765
40 99 99.576
41 42 95.97
41 43 89.272
41 44 60.838
41 45 39.251
41 46 66.864
41 47 86.987
41 48 6.633
41 49 48.705
41 50 49.79
41 51 78.894
41 52 72.854
41 53 42.373
41 54 64.584
41 55 61.476
41 56 30.589
41 57 17.872
41 58 2.802
41 59 91.149
41 60 29.006
41 61 21.031
41 62 5.806
41 63 62.354
41 64 70.814
41 65 48.251
41 66 67.491
41 67 13.742
41 68 17.593
41 69 2.382
41 70 79.06
41 71 26.525
41 72 57.265
41 73 90.371
41 74 99.588
41 75 23.45
41 76 36.803
41 77 2.851
41 78 82.49
41 79 17.007
41 80 79.817
41 81 38.539
41 82 84.127
41 83 75.579
41 84 41.173
41 85 18.487
41 86 59.582
41 87 44.129
41 88 43.707
41 89 74.573
41 90 96.215
41 91 87.259
41 92 27.079
41 93 10.385
41 94 69.833
41 95 5.623
41 96 16.724
41 97 10.112
41 98 46.619
41 99 26.765
42 43 85.285
42 44 75.442
42 45 47.008
42 46 58.299
42 47 80.82
42 48 87.01
42 49 83.612
42 50 72.667
42 51 3.602
42 52 2.404
42 53 75.804
42 54 43.72
42 55 41.93
42 56 51.826
42 57 77.66
42 58 8.182
42 59 94.082
42 60 46.652
42 61 60.499
42 62 21.18
42 63 4.615
42 64 40.935
42 65 52.575
42 66 6.546
42 67 1.401
42 68 98.133
42 69 66.556
42 70 54.443
42 71 82.335
42 72 66.452
42 73 76.281
42 74 76.165
42 75 11.711
42 76 92.687
42 77 23.865
42 78 1.174
42 79 28.907
42 80 51.099
42 81 22.174
42 82 52.35
42 83 93.041
42 84 8.905
42 85 10.334
42 86 49.937
42 87 10.677
42 88 67.038
42 89 64.083
42 90 67.725
42 91 6.893
42 92 82.458
42 93 66.634
42 94 32.756
42 95 22.736
42 96 48.996
42 97 79.468
42 98 35.979
42 99 33.792
43 44 6.248
43 45 38.012
43 46 19.956
43 47 31.808
43 48 31.357
43 49 81.178
43 50 7.486
43 51 92.996
43 52 64.561
43 53 13.009
43 54 94.054
43 55 77.513
43 56 57.112
43 57 70.978
43 58 19.105
43 59 15.394
43 60 75.229
43 61 31.569
43 62 9.297
43 63 43.416
43 64 43.122
43 65 96.888
43 66 80.664
43 67 28.64
43 68 63.967
43 69 12.194
43 70 21.506
43 71 79.279
43 72 97.844
43 73 95.203
43 74 39.583
43 75 29.248
43 76 13.683
43 77 44.923
43 78 57.148
43 79 12.653
43 80 68.641
43 81 79.331
43 82 23.492
43 83 26.716
43 84 41.35
43 85 73.788
43 86 71.517
43 87 80.831
43 88 64.434
43 89 25.38
43 90 35.04
43 91 77.829
43 92 54.835
43 93 90.024
43 94 75.699
43 95 67.121
43 96 8.372
43 97 45.601
43 98 84.868
43 99 94.618
44 45 58.304
44 46 76.274
44 47 87.086
44 48 68.182
44 49 9.543
44 50 86.307
44 51 25.991
44 52 74.805
44 53 49.687
44 54 52.174
44 55 75.405
44 56 6.754
44 57 72.373
44 58 9.706
44 59 8.624
44 60 84.456
44 61 30.268
44 62 63.834
44 63 9.53
44 64 10.102
44 65 72.666
44 66 78.872
44 67 62.815
44 68 79.712
44 69 17.378
44 70 84.178
44 71 72.925
44 72 90.687
44 73 72.645
44 74 3.453
44 75 62.694
44 76 94.871
44 77 29.117
44 78 69.938
44 79 76.522
44 80 81.307
44 81 83.855
44 82 27.664
44 83 22.382
44 84 42.536
44 85 44.425
44 86 35.874
44 87 69.245
44 88 75.445
44 89 28.25
44 90 46.274
44 91 70.704
44 92 4.923
44 93 30.778
44 94 69.199
44 95 64.086
44 96 95.189
44 97 33.776
44 98 21.853
44 99 77.177
45 46 41.758
45 47 44.005
45 48 21.834
45 49 32.745
45 50 32.422
45 51 51.319
45 52 60.895
45 53 34.705
45 54 80.833
45 55 78.938
45 56 66.11
45 57 35.566
45 58 20.362
45 59 2.668
45 60 38.321
45 61 63.788
45 62 94.524
45 63 19.577
45 64 56.027
45 65 34.02
45 66 59.261
45 67 39.98
45 68 93.776
45 69 35.697
45 70 78.46
45 71 44.079
45 72 33.573
45 73 40.39
45 74 9.292
45 75 92.575
45 76 5.195
45 77 37.018
45 78 77.78
45 79 30.19
45 80 14.065
45 81 33.812
45 82 26.306
45 83 82.353
45 84 37.272
45 85 23.655
45 86 41.872
45 87 2.503
45 88 14.362
45 89 73.043
45 90 83.22
45 91 25.058
45 92 38.734
45 93 98.678
45 94 97.238
45 95 69.258
45 96 73.649
45 97 67.477
45 98 61.94
45 99 24.065
46 47 62.283
46 48 45.141
46 49 80.333
46 50 2.269
46 51 38.266
46 52 12.075
46 53 71.374
46 54 15.578
46 55 60.381
46 56 55.665
46 57 40.616
46 58 97.591
46 59 33.194
46 60 78.041
46 61 64.117
46 62 41.107
46 63 91.116
46 64 79.849
46 65 64.781
46 66 55.785
46 67 85.501
46 68 14.357
46 69 93.868
46 70 98.738
46 71 23.692
46 72 10.057
46 73 37.892
46 74 32.841
46 75 10.183
46 76 8.78
46 77 54.907
46 78 52.331
46 79 83.206
46 80 82.491
46 81 80.366
46 82 7.678
46 83 28.421
46 84 73.602
46 85 5.936
46 86 31.81
46 87 46.253
46 88 26.333
46 89 45.804
46 90 57.614
46 91 65.063
46 92 2.932
46 93 41.222
46 94 75.672
46 95 17.898
46 96 24.333
46 97 68.214
46 98 12.731
46 99 14.805
47 48 1.558
47 49 18.024
47 50 43.647
47 51 10.933
47 52 50.164
47 53 18.088
47 54 94.704
47 55 70.957
47 56 34.516
47 57 16.208
47 58 50.004
47 59 17.086
47 60 61.361
47 61 82.067
47 62 50.109
47 63 14.413
47 64 90.44
47 65 64.965
47 66 23.091
47 67 56.286
47 68 66.499
47 69 13.288
47 70 66.055
47 71 70.985
47 72 93.681
47 73 16.867
47 74 91.018
47 75 59.139
47 76 45.174
47 77 3.579
47 78 37.93
47 79 14.824
47 80 54.843
47 81 82.401
47 82 89.641
47 83 82.48
47 84 6.263
47 85 53.076
47 86 87.614
47 87 78.103
47 88 40.566
47 89 97.937
47 90 68.754
47 91 78.369
47 92 6.452
47 93 28.686
47 94 29.017
47 95 69.56
47 96 18.483
47 97 85.755
47 98 43.129
47 99 76.557
48 49 49.179
48 50 69.862
48 51 91.825
48 52 58.101
48 53 18.917
48 54 59.416
48 55 7.863
48 56 76.447
48 57 42.56
48 58 56.544
48 59 73.178
48 60 52.655
48 61 60.944
48 62 66.612
48 63 69.721
48 64 98.691
48 65 7.722
48 66 2.063
48 67 63.426
48 68 52.634
48 69 46.479
48 70 46.63
48 71 1.662
48 72 58.612
48 73 14.379
48 74 56.82
48 75 93.951
48 76 36.647
48 77 21.652
48 78 2.493
48 79 28.061
48 80 7.739
48 81 7.83
48 82 14.429
48 83 94.207
48 84 91.438
48 85 78.697
48 86 98.641
48 87 66.968
48 88 13.628
48 89 69.864
48 90 13.16
48 91 82.351
48 92 38.2
48 93 70.554
48 94 60.13
48 95 61.864
48 96 16.948
48 97 28.535
48 98 77.174
48 99 33.711
49 50 14.269
49 51 82.226
49 52 93.359
49 53 62.762
49 54 8.302
49 55 89.731
49 56 29.19
49 57 47.866
49 58 82.054
49 59 18.896
49 60 47.059
49 61 33.831
49 62 77.17
49 63 67.374
49 64 29.267
49 65 28.137
49 66 87.746
49 67 95.336
49 68 67.509
49 69 16.869
49 70 85.114
49 71 44.682
49 72 84.236
49 73 46.639
49 74 1.719
49 75 17.018
49 76 35.261
49 77 32.76
49 78 93.941
49 79 26.224
49 80 83.919
49 81 56.788
49 82 86.331
49 83 63.916
49 84 87.465
49 85 13.973
49 86 88.289
49 87 56.666
49 88 19.726
49 89 21.824
49 90 43.072
49 91 17.198
49 92 1.962
49 93 30.842
49 94 82.063
49 95 59.739
49 96 79.397
49 97 71.134
49 98 41.474
49 99 76.137
50 51 41.127
50 52 27.584
50 53 23.409
50 54 78.432
50 55 99.3
50 56 44.844
50 57 17.682
50 58 90.129
50 59 75.411
50 60 20.116
50 61 13.151
50 62 5.898
50 63 79.163
50 64 29.741
50 65 87.623
50 66 52.996
50 67 81.968
50 68 38.462
50 69 64.267
50 70 57.269
50 71 37.209
50 72 37.826
50 73 10.61
50 74 4.144
50 75 61.778
50 76 40.819
50 77 97.772
50 78 48.917
50 79 87.394
50 80 59.323
50 81 2.486
50 82 97.587
50 83 69.431
50 84 2.223
50 85 13.517
50 86 49.672
50 87 70.039
50 88 54.501
50 89 78.766
50 90 23.444
50 91 25.108
50 92 26.31
50 93 13.981
50 94 32.196
50 95 60.944
50 96 8.897
50 97 64.344
50 98 36.878
50 99 98.081
51 52 97.453
51 53 58.226
51 54 55.948
51 55 72.773
51 56 92.7
51 57 70.988
51 58 65.589
51 59 44.561
51 60 42.229
51 61 64.991
51 62 56.377
51 63 59.672
51 64 52.819
51 65 60.402
51 66 37.858
51 67 50.145
51 68 73.345
51 69 34.203
51 70 72.072
51 71 33.946
51 72 52.522
51 73 76.565
51 74 52.679
51 75 73.777
51 76 70.6
51 77 53.885
51 78 35.36
51 79 89.597
51 80 73.108
51 81 18.433
51 82 87.515
51 83 55.441
51 84 24.579
51 85 55.12
51 86 98.565
51 87 9.971
51 88 44.303
51 89 23.119
51 90 45.298
51 91 88.125
51 92 76.964
51 93 88.078
51 94 87.967
51 95 97.121
51 96 45.3
51 97 17.176
51 98 67.266
51 99 72.243
52 53 18.761
52 54 41.145
52 55 2.599
52 56 67.871
52 57 55.99
52 58 56.804
52 59 46.202
52 60 17.525
52 61 77.573
52 62 13.635
52 63 70.327
52 64 83.362
52 65 42.986
52 66 34.391
52 67 9.388
52 68 6.552
52 69 61.598
52 70 24.233
52 71 63.555
52 72 16.51
52 73 76.617
52 74 42.947
52 75 36.106
52 76 88.639
52 77 76.715
52 78 18.83
52 79 33.137
52 80 55.827
52 81 28.622
52 82 53.322
52 83 17.858
52 84 77.068
52 85 97.23
52 86 58.831
52 87 44.795
52 88 22.904
52 89 48.302
52 90 84.363
52 91 89.792
52 92 45.541
52 93 82.9
52 94 18.248
52 95 50.164
52 96 38.864
52 97 11.647
52 98 39.107
52 99 35.092
53 54 5.065
53 55 61.236
53 56 42.928
53 57 87.873
53 58 44.1
53 59 51.97
53 60 80.624
53 61 36.835
53 62 83.667
53 63 89.445
53 64 11.703
53 65 85.373
53 66 18.234
53 67 85.151
53 68 48.554
53 69 35.126
53 70 9.404
53 71 90.714
53 72 92.542
53 73 33.676
53 74 31.647
53 75 29.712
53 76 42.337
53 77 52.777
53 78 31.058
53 79 80.306
53 80 18.436
53 81 88.038
53 82 48.04
53 83 88.314
53 84 49.098
53 85 26.813
53 86 65.315
53 87 69.327
53 88 96.493
53 89 11.112
53 90 21.108
53 91 66.29
53 92 71.92
53 93 64.189
53 94 88.474
53 95 86.882
53 96 90.983
53 97 91.31
53 98 70.909
53 99 7.21
54 55 33.077
54 56 26.715
54 57 47.188
54 58 31.001
54 59 40.098
54 60 3.676
54 61 94.466
54 62 13.672
54 63 28.36
54 64 58.231
54 65 92.208
54 66 85.747
54 67 2.692
54 68 66.247
54 69 31.74
54 70 42.626
54 71 82.067
54 72 31.266
54 73 76.234
54 74 1.046
54 75 54.767
54 76 81.024
54 77 75.478
54 78 50.168
54 79 29.636
54 80 96.815
54 81 81.368
54 82 75.332
54 83 77.809
54 84 27.967
54 85 70.756
54 86 75.352
54 87 80.31
54 88 8.366
54 89 72.873
54 90 26.028
54 91 54.348
54 92 52.388
54 93 49.717
54 94 45.609
54 95 41.028
54 96 10.043
54 97 36.643
54 98 77.301
54 99 17.641
55 56 40.475
55 57 54.056
55 58 76.936
55 59 3.972
55 60 81.419
55 61 84.549
55 62 46.776
55 63 71.061
55 64 79.457
55 65 35.92
55 66 65.845
55 67 51.186
55 68 35.946
55 69 71.238
55 70 96.683
55 71 70.256
55 72 27.91
55 73 16.32
55 74 34.742
55 75 33.112
55 76 15.87
55 77 20.997
55 78 7.812
55 79 22.824
55 80 21.9
55 81 47.199
55 82 34.636
55 83 52.033
55 84 73.343
55 85 19.634
55 86 83.013
55 87 51.921
55 88 15.597
55 89 86.397
55 90 52.91
55 91 93.926
55 92 14.449
55 93 57.589
55 94 12.265
55 95 30.651
55 96 79.958
55 97 62.609
55 98 21.521
55 99 67.951
56 57 35.849
56 58 22.559
56 59 75.844
56 60 55.387
56 61 22.63
56 62 74.868
56 63 88.077
56 64 28.268
56 65 63.358
56 66 97.576
56 67 97.866
56 68 94.646
56 69 48.111
56 70 50.628
56 71 35.206
56 72 58.078
56 73 31.37
56 74 97.724
56 75 38.462
56 76 72.522
56 77 50.901
56 78 16.529
56 79 13.393
56 80 69.014
56 81 46.896
56 82 45.831
56 83 70.263
56 84 86.395
56 85 53.467
56 86 28.041
56 87 6.548
56 88 40.25
56 89 64.001
56 90 31.254
56 91 57.914
56 92 8.689
56 93 65.959
56 94 47.616
56 95 54.262
56 96 38.87
56 97 47.508
56 98 29.569
56 99 70.229
57 58 42.647
57 59 36.703
57 60 93.529
57 61 7.659
57 62 68.958
57 63 71.995
57 64 13.95
57 65 72.388
57 66 50.91
57 67 8.984
57 68 43.214
57 69 62.184
57 70 99.916
57 71 65.692
57 72 30.391
57 73 34.009
57 74 84.985
57 75 95.101
57 76 24.379
57 77 66.888
57 78 33.934
57 79 2.941
57 80 7.025
57 81 63.517
57 82 35.313
57 83 51.487
57 84 52.863
57 85 48.56
57 86 95.559
57 87 67.624
57 88 12.926
57 89 59.149
57 90 91.461
57 91 16.677
57 92 98.095
57 93 73.192
57 94 63.749
57 95 14.504
57 96 40.414
57 97 67.028
57 98 40.348
57 99 31.333
58 59 34.526
58 60 4.35
58 61 26.276
58 62 12.924
58 63 57.399
58 64 61.89
58 65 52.653
58 66 36.872
58 67 95.245
58 68 71.966
58 69 66.872
58 70 76.352
58 71 60.924
58 72 2.606
58 73 40.173
58 74 4.939
58 75 76.857
58 76 35.192
58 77 14.67
58 78 45.581
58 79 33.241
58 80 91.89
58 81 55.902
58 82 53.243
58 83 64.342
58 84 34.466
58 85 70.631
58 86 26.484
58 87 3.495
58 88 92.896
58 89 96.186
58 90 59.268
58 91 33.004
58 92 21.967
58 93 44.591
58 94 47.553
58 95 84.811
58 96 10.601
58 97 23.809
58 98 83.853
58 99 57.089
59 60 53.488
59 61 19.757
59 62 39.954
59 63 19.245
59 64 20.333
59 65 25.625
59 66 60.792
59 67 42.917
59 68 66.77
59 69 96.766
59 70 4.863
59 71 48.374
59 72 51.553
59 73 68.32
59 74 58.045
59 75 35.075
59 76 35.255
59 77 59.314
59 78 5.977
59 79 27.584
59 80 82.917
59 81 39.036
59 82 88.921
59 83 16.38
59 84 52.548
59 85 47.581
59 86 5.071
59 87 37.522
59 88 14.18
59 89 93.942
59 90 13.518
59 91 26.851
59 92 66.562
59 93 16.238
59 94 81.27
59 95 28.614
59 96 52.018
59 97 26.112
59 98 11.808
59 99 53.991
60 61 5.697
60 62 19.534
60 63 34.126
60 64 29.325
60 65 7.886
60 66 84.506
60 67 57.726
60 68 55.936
60 69 54.009
60 70 43.349
60 71 91.629
60 72 31.653
60 73 85.761
60 74 86.3
60 75 66.98
60 76 25.108
60 77 28.616
60 78 67.52
60 79 36.21
60 80 22.871
60 81 10.335
60 82 33.268
60 83 47.917
60 84 97.504
60 85 88.428
60 86 31.032
60 87 70.037
60 88 68.64
60 89 96.44
60 90 41.661
60 91 1.215
60 92 62.783
60 93 55.168
60 94 55.539
60 95 70.433
60 96 50.114
60 97 84.603
60 98 81.106
60 99 16.111
61 62 55.865
61 63 20.728
61 64 49.452
61 65 58.252
61 66 1.642
61 67 46.128
61 68 22.441
61 69 41.49
61 70 88.651
61 71 74.283
61 72 66.438
61 73 31.86
61 74 36.428
61 75 28.891
61 76 95.357
61 77 66.072
61 78 17.542
61 79 78.912
61 80 6.085
61 81 61.655
61 82 98.791
61 83 6.484
61 84 39.963
61 85 7.001
61 86 39.286
61 87 41.323
61 88 69.379
61 89 97.963
61 90 4.031
61 91 63.505
61 92 91.561
61 93 39.588
61 94 93.409
61 95 7.504
61 96 26.421
61 97 18.716
61 98 22.813
61 99 99.096
62 63 15.943
62 64 11.205
62 65 95.604
62 66 51.712
62 67 71.04
62 68 41.52
62 69 28.267
62 70 12.059
62 71 80.925
62 72 11.331
62 73 34.166
62 74 39.252
62 75 48.078
62 76 47.429
62 77 8.084
62 78 51.042
62 79 26.974
62 80 53.834
62 81 95.453
62 82 16.003
62 83 97.86
62 84 47.785
62 85 33.505
62 86 61.366
62 87 89.673
62 88 44.583
62 89 90.975
62 90 4.318
62 91 98.903
62 92 71.655
62 93 78.191
62 94 48.157
62 95 56.609
62 96 2.903
62 97 33.18
62 98 89.645
62 99 8.024
63 64 99.893
63 65 37.074
63 66 87.872
63 67 90.414
63 68 81.963
63 69 32.033
63 70 19.113
63 71 43.772
63 72 81.373
63 73 44.645
63 74 6.378
63 75 53.365
63 76 30.573
63 77 77.398
63 78 94.776
63 79 20.144
63 80 15.279
63 81 20.351
63 82 46.796
63 83 81.702
63 84 53.729
63 85 3.14
63 86 94.084
63 87 36.624
63 88 77.423
63 89 21.967
63 90 2.458
63 91 53.601
63 92 10.851
63 93 47.17
63 94 68.711
63 95 46.213
63 96 77.438
63 97 67.802
63 98 69.109
63 99 1.815
64 65 9.263
64 66 12.855
64 67 57.264
64 68 44.809
64 69 37.712
64 70 41.692
64 71 25.721
64 72 12.477
64 73 81.825
64 74 64.104
64 75 49.908
64 76 86.026
64 77 20.591
64 78 28.384
64 79 93.172
64 80 27.055
64 81 81.29
64 82 9.57
64 83 82.687
64 84 71.338
64 85 48.269
64 86 52.922
64 87 79.684
64 88 51.758
64 89 96.314
64 90 81.447
64 91 74.097
64 92 51.618
64 93 93.904
64 94 3.022
64 95 70.177
64 96 35.082
64 97 60.319
64 98 17.936
64 99 46.374
65 66 1.256
65 67 35.781
65 68 75.976
65 69 8.836
65 70 72.704
65 71 26.184
65 72 11.212
65 73 41.668
65 74 45.282
65 75 56.873
65 76 59.135
65 77 79.866
65 78 87.602
65 79 43.076
65 80 14.188
65 81 75.888
65 82 51.181
65 83 2.127
65 84 99.953
65 85 16.169
65 86 12.904
65 87 89.153
65 88 10.914
65 89 83.651
65 90 20.306
65 91 61.147
65 92 85.829
65 93 21.478
65 94 13.381
65 95 84.538
65 96 12.846
65 97 26.519
65 98 7.337
65 99 3.719
66 67 40.337
66 68 16.667
66 69 60.345
66 70 89.128
66 71 1.875
66 72 52.131
66 73 15.863
66 74 20.309
66 75 36.723
66 76 3.561
66 77 23.801
66 78 72.226
66 79 62.156
66 80 38.445
66 81 15.356
66 82 11.474
66 83 49.892
66 84 51.378
66 85 61.465
66 86 38.976
66 87 28.907
66 88 61.901
66 89 63.461
66 90 4.443
66 91 90.615
66 92 52.861
66 93 9.809
66 94 18.259
66 95 61.932
66 96 91.979
66 97 47.027
66 98 47.821
66 99 88.173
67 68 88.53
67 69 47.873
67 70 46.448
67 71 29.481
67 72 73.975
67 73 75.552
67 74 63.386
67 75 46.324
67 76 49.637
67 77 8.146
67 78 77.319
67 79 55.962
67 80 82.324
67 81 59.826
67 82 7.107
67 83 64.243
67 84 24.523
67 85 97.205
67 86 55.046
67 87 13.316
67 88 20.924
67 89 52.18
67 90 91.896
67 91 16.593
67 92 99.297
67 93 66.374
67 94 32.947
67 95 35.8
67 96 36.114
67 97 44.574
67 98 44.362
67 99 31.73
68 69 5.59
68 70 30.752
68 71 42.556
68 72 13.08
68 73 86.016
68 74 15.582
68 75 99.203
68 76 55.547
68 77 14.316
68 78 68.309
68 79 26.575
68 80 26.062
68 81 75.094
68 82 6.208
68 83 68.746
68 84 13.947
68 85 79.977
68 86 7.093
68 87 90.923
68 88 11.351
68 89 57.041
68 90 70.034
68 91 78.95
68 92 12.914
68 93 26.124
68 94 52.387
68 95 96.66
68 96 69.535
68 97 55.545
68 98 86.521
68 99 1.717
69 70 76.517
69 71 95.73
69 72 25.197
69 73 94.837
69 74 48.798
69 75 89.5
69 76 93.818
69 77 13.302
69 78 3.71
69 79 56.078
69 80 92.482
69 81 24.897
69 82 65.346
69 83 82.123
69 84 36.068
69 85 45.18
69 86 13.403
69 87 79.61
69 88 64.177
69 89 48.988
69 90 15.026
69 91 1.74
69 92 26.104
69 93 22.493
69 94 33.605
69 95 7.613
69 96 65.152
69 97 60.515
69 98 39.097
69 99 90.111
70 71 97.893
70 72 46.612
70 73 49.612
70 74 53.109
70 75 61.248
70 76 63.425
70 77 44.249
70 78 94.426
70 79 67.757
70 80 7.094
70 81 80.502
70 82 48.25
70 83 50.061
70 84 89.633
70 85 91.939
70 86 13.402
70 87 77.169
70 88 76.535
70 89 27.873
70 90 32.932
70 91 59.975
70 92 82.661
70 93 50.138
70 94 13.01
70 95 31.929
70 96 9.78
70 97 96.487
70 98 77.328
70 99 53.45
71 72 98.313
71 73 87.937
71 74 47.514
71 75 64.417
71 76 61.547
71 77 71.128
71 78 35.348
71 79 3.277
71 80 90.688
71 81 88.75
71 82 38.945
71 83 53.031
71 84 56.007
71 85 37.62
71 86 66.687
71 87 80.748
71 88 37.669
71 89 62.268
71 90 5.54
71 91 3.12
71 92 88.857
71 93 60.461
71 94 27.071
71 95 31.44
71 96 36.583
71 97 59.363
71 98 5.59
71 99 90.41
72 73 40.966
72 74 91.399
72 75 94.268
72 76 16.918
72 77 62.437
72 78 13.895
72 79 15.17
72 80 83.708
72 81 34.093
72 82 30.158
72 83 97.646
72 84 23.489
72 85 30.676
72 86 36.18
72 87 58.506
72 88 99.236
72 89 24.465
72 90 10.985
72 91 5.844
72 92 34.677
72 93 79.654
72 94 30.671
72 95 11.905
72 96 96.648
72 97 49.578
72 98 25.671
72 99 31.508
73 74 97.133
73 75 30.615
73 76 81.518
73 77 82.485
73 78 36.513
73 79 45.91
73 80 55.102
73 81 22.198
73 82 87.638
73 83 72.798
73 84 41.766
73 85 33.542
73 86 40.606
73 87 10.85
73 88 11.59
73 89 49.961
73 90 66.697
73 91 63.286
73 92 77.957
73 93 53.934
73 94 24.933
73 95 96.777
73 96 78.135
73 97 72.671
73 98 77.253
73 99 98.449
74 75 77.093
74 76 5.417
74 77 87.115
74 78 47.921
74 79 13.302
74 80 59.28
74 81 8.29
74 82 36.081
74 83 94.237
74 84 63.511
74 85 94.649
74 86 98.291
74 87 63.628
74 88 20.265
74 89 30.029
74 90 38.043
74 91 94.526
74 92 17.524
74 93 74.78
74 94 87.609
74 95 4.127
74 96 89.357
74 97 59.809
74 98 27.765
74 99 53.173
75 76 33.58
75 77 20.141
75 78 33.923
75 79 54.185
75 80 50.523
75 81 2.97
75 82 79.516
75 83 32.85
75 84 34.021
75 85 76.944
75 86 10.368
75 87 57.275
75 88 61.886
75 89 54.927
75 90 68.594
75 91 82.131
75 92 80.882
75 93 25.993
75 94 37.429
75 95 51.454
75 96 9.132
75 97 88.239
75 98 58.556
75 99 43.306
76 77 51.579
76 78 6.205
76 79 15.447
76 80 42.852
76 81 7.867
76 82 58.864
76 83 85.86
76 84 19.807
76 85 57.331
76 86 3.838
76 87 87.222
76 88 57.817
76 89 3.74
76 90 33.768
76 91 19.025
76 92 73.625
76 93 15.345
76 94 53.459
76 95 37.765
76 96 95.24
76 97 50.662
76 98 90.024
76 99 76.346
77 78 8.099
77 79 46.687
77 80 41.456
77 81 28.835
77 82 31.792
77 83 13.793
77 84 42.381
77 85 76.768
77 86 91.76
77 87 16.116
77 88 74.946
77 89 47.362
77 90 99.304
77 91 70.92
77 92 83.893
77 93 21.409
77 94 66.812
77 95 68.481
77 96 81.04
77 97 65.834
77 98 72.179
77 99 30.368
78 79 42.627
78 80 71.949
78 81 21.469
78 82 44.146
78 83 24.984
78 84 93.752
78 85 91.535
78 86 44.76
78 87 52.712
78 88 29.091
78 89 52.754
78 90 67.644
78 91 94.053
78 92 33.842
78 93 89.685
78 94 36.173
78 95 56.496
78 96 26.899
78 97 17.679
78 98 33.897
78 99 32.011
79 80 58.79
79 81 38.936
79 82 40.082
79 83 34.149
79 84 10.374
79 85 90.846
79 86 33.399
79 87 71.619
79 88 11.186
79 89 2.867
79 90 75.119
79 91 33.321
79 92 54.499
79 93 93.088
79 94 99.966
79 95 92.299
79 96 71.633
79 97 41.874
79 98 15.416
79 99 49.94
80 81 27.066
80 82 77.768
80 83 42.684
80 84 64.494
80 85 61.729
80 86 18.758
80 87 5.082
80 88 81.754
80 89 52.494
80 90 82.444
80 91 25.945
80 92 1.9
80 93 51.392
80 94 61.443
80 95 85.041
80 96 25.383
80 97 58.394
80 98 26.931
80 99 37.113
81 82 10.947
81 83 67.511
81 84 96.766
81 85 43.211
81 86 8.153
81 87 50.241
81 88 40.146
81 89 77.038
81 90 9.525
81 91 7.228
81 92 61.47
81 93 27.04
81 94 69.895
81 95 14.367
81 96 63.229
81 97 62.26
81 98 63.386
81 99 93.604
82 83 31.688
82 84 64.498
82 85 34.629
82 86 56.661
82 87 97.569
82 88 19.827
82 89 67.178
82 90 22.715
82 91 61.268
82 92 1.993
82 93 94.885
82 94 93.816
82 95 64.736
82 96 25.904
82 97 63.178
82 98 20.473
82 99 16.831
83 84 18.548
83 85 78.771
83 86 1.705
83 87 97.366
83 88 23.142
83 89 99.348
83 90 46.658
83 91 58.652
83 92 98.779
83 93 43.918
83 94 66.453
83 95 84.838
83 96 42.511
83 97 25.273
83 98 22.388
83 99 38.795
84 85 3.286
84 86 46.282
84 87 44.024
84 88 12.191
84 89 69.439
84 90 31.262
84 91 74.719
84 92 46.577
84 93 92.623
84 94 44.69
84 95 83.723
84 96 34.382
84 97 12.259
84 98 5.014
84 99 25.609
85 86 6.048
85 87 40.456
85 88 13.989
85 89 88.795
85 90 81.097
85 91 88.696
85 92 56.806
85 93 84.031
85 94 52.141
85 95 46.063
85 96 9.908
85 97 9.575
85 98 72.578
85 99 41.351
86 87 86.037
86 88 90.553
86 89 94.619
86 90 40.248
86 91 19.034
86 92 40.696
86 93 33.762
86 94 57.767
86 95 59.41
86 96 69.842
86 97 43.556
86 98 76.269
86 99 78.569
87 88 64.413
87 89 58.854
87 90 16.867
87 91 24.734
87 92 86.304
87 93 40.229
87 94 59.182
87 95 11.286
87 96 83.257
87 97 75.128
87 98 43.425
87 99 27.405
88 89 10.08
88 90 55.855
88 91 5.824
88 92 80.552
88 93 79.756
88 94 1.914
88 95 26.329
88 96 83.711
88 97 44.48
88 98 88.034
88 99 40.775
89 90 72.706
89 91 69.413
89 92 64.586
89 93 38.574
89 94 29.12
89 95 20.769
89 96 65.527
89 97 15.409
89 98 11.495
89 99 8.591
90 91 65.291
90 92 46.497
90 93 34.704
90 94 87.373
90 95 10.863
90 96 25.394
90 97 65.884
90 98 45.577
90 99 58.385
91 92 40.947
91 93 73.501
91 94 11.095
91 95 41.765
91 96 72.443
91 97 56.25
91 98 31.892
91 99 71.473
92 93 91.782
92 94 16.182
92 95 64.959
92 96 12.506
92 97 50.156
92 98 66.222
92 99 84.502
93 94 93.962
93 95 35.022
93 96 83.24
93 97 2.45
93 98 45.663
93 99 26.159
94 95 16.598
94 96 54.862
94 97 30.298
94 98 57.332
94 99 89.047
95 96 47.034
95 97 58.369
95 98 52.115
95 99 75.201
96 97 89.987
96 98 19.915
96 99 68.671
97 98 49.69
97 99 47.614
98 99 9.163