100
0 1 23.16
0 2 65.78
0 3 54.45
0 4 66.93
0 5 66.66
0 6 64.86
0 7 4.62
0 8 44.63
0 9 98.24
0 10 36.7
0 11 87.5
0 12 57.85
0 13 57.6
0 14 83.54
0 15 83.5
0 16 8.38
0 17 86.44
0 18 31.11
0 19 21.55
0 20 33.14
0 21 13.7
0 22 18.46
0 23 56.13
0 24 77.3
0 25 79.04
0 26 94.54
0 27 80.76
0 28 78.23
0 29 14.18
0 30 55.29
0 31 13.26
0 32 5.3
0 33 78.03
0 34 54.05
0 35 66.43
0 36 64.49
0 37 46.49
0 38 70.66
0 39 74.38
0 40 43.01
0 41 90.79
0 42 30.21
0 43 78.93
0 44 38.76
0 45 39.03
0 46 21.07
0 47 93.09
0 48 92.29
0 49 4.95
0 50 73.51
0 51 49.69
0 52 14.82
0 53 85.19
0 54 25.42
0 55 11.65
0 56 84.7
0 57 71.72
0 58 19.46
0 59 67.66
0 60 67.13
0 61 99.52
0 62 47.39
0 63 61.96
0 64 96.86
0 65 51.47
0 66 81.36
0 67 10.27
0 68 52.3
0 69 72.14
0 70 9.68
0 71 35.13
0 72 40.63
0 73 99.81
0 74 25.02
0 75 13.52
0 76 8.59
0 77 12.54
0 78 96.5
0 79 67.03
0 80 90.81
0 81 97.92
0 82 94.48
0 83 40.97
0 84 8.94
0 85 98.51
0 86 26.03
0 87 11.99
0 88 38.52
0 89 55.49
0 90 82.93
0 91 36.53
0 92 67.8
0 93 71.44
0 94 99.56
0 95 1.95
0 96 82.94
0 97 39.87
0 98 67.89
0 99 70.59
1 2 27.3
1 3 43.96
1 4 58.81
1 5 13.42
1 6 99.38
1 7 9.86
1 8 54.91
1 9 14.44
1 10 72.96
1 11 10.82
1 12 8.26
1 13 89.29
1 14 46.58
1 15 57.78
1 16 98.82
1 17 2.72
1 18 54.52
1 19 79.18
1 20 83.85
1 21 87.99
1 22 1.14
1 23 88.21
1 24 96.72
1 25 68.55
1 26 12.16
1 27 59.26
1 28 75.04
1 29 57.15
1 30 31.86
1 31 86.99
1 32 71.86
1 33 61.22
1 34 33.53
1 35 81.28
1 36 31.58
1 37 54.01
1 38 52.06
1 39 58.98
1 40 92.52
1 41 81.22
1 42 92.03
1 43 29.91
1 44 11.77
1 45 59.9
1 46 12.66
1 47 38.1
1 48 95.06
1 49 92.25
1 50 41.62
1 51 12.06
1 52 53.82
1 53 61.07
1 54 23.87
1 55 98.09
1 56 5.27
1 57 95.08
1 58 68.69
1 59 99.03
1 60 76.96
1 61 93.02
1 62 18.49
1 63 17.73
1 64 77.11
1 65 73.03
1 66 26.23
1 67 9.25
1 68 43.92
1 69 70.76
1 70 94.68
1 71 78.66
1 72 93.14
1 73 43.74
1 74 0.86
1 75 22.3
1 76 41.47
1 77 52.14
1 78 0.99
1 79 99.73
1 80 95.51
1 81 77.14
1 82 87.97
1 83 40.56
1 84 60.54
1 85 6.52
1 86 51.71
1 87 36.11
1 88 41.95
1 89 64.25
1 90 75.37
1 91 39.17
1 92 82.77
1 93 86.17
1 94 85.27
1 95 96.73
1 96 5.71
1 97 46.61
1 98 61.0
1 99 70.65
2 3 4.88
2 4 22.54
2 5 3.7
2 6 58.71
2 7 63.59
2 8 41.2
2 9 54.84
2 10 14.96
2 11 57.71
2 12 94.63
2 13 55.98
2 14 82.07
2 15 41.36
2 16 20.47
2 17 40.61
2 18 91.03
2 19 1.44
2 20 41.95
2 21 53.16
2 22 53.45
2 23 10.49
2 24 32.38
2 25 97.62
2 26 70.97
2 27 3.74
2 28 19.04
2 29 28.19
2 30 12.16
2 31 55.51
2 32 70.09
2 33 8.03
2 34 62.73
2 35 32.33
2 36 14.05
2 37 78.34
2 38 37.3
2 39 56.07
2 40 26.18
2 41 0.09
2 42 52.4
2 43 18.77
2 44 78.52
2 45 53.01
2 46 99.21
2 47 52.82
2 48 91.08
2 49 2.61
2 50 22.05
2 51 75.03
2 52 40.67
2 53 74.99
2 54 3.96
2 55 91.27
2 56 80.54
2 57 11.13
2 58 84.21
2 59 69.42
2 60 99.48
2 61 7.91
2 62 84.34
2 63 62.81
2 64 1.86
2 65 91.17
2 66 98.99
2 67 93.71
2 68 21.75
2 69 7.86
2 70 15.83
2 71 86.99
2 72 93.62
2 73 68.9
2 74 64.8
2 75 77.85
2 76 89.52
2 77 21.98
2 78 61.11
2 79 4.15
2 80 98.84
2 81 84.68
2 82 98.75
2 83 34.09
2 84 70.01
2 85 22.02
2 86 71.57
2 87 72.68
2 88 56.04
2 89 9.86
2 90 47.69
2 91 37.11
2 92 5.39
2 93 85.73
2 94 99.43
2 95 89.91
2 96 18.3
2 97 52.16
2 98 96.0
2 99 71.74
3 4 44.72
3 5 63.87
3 6 98.89
3 7 80.83
3 8 34.81
3 9 0.1
3 10 61.0
3 11 4.98
3 12 65.14
3 13 95.86
3 14 19.84
3 15 23.83
3 16 54.86
3 17 81.86
3 18 92.12
3 19 63.95
3 20 54.74
3 21 61.95
3 22 22.78
3 23 7.5
3 24 38.91
3 25 38.89
3 26 14.83
3 27 26.34
3 28 54.38
3 29 84.65
3 30 68.19
3 31 37.69
3 32 86.6
3 33 39.74
3 34 85.26
3 35 55.13
3 36 80.54
3 37 17.56
3 38 59.2
3 39 38.97
3 40 16.42
3 41 84.5
3 42 46.61
3 43 34.06
3 44 76.72
3 45 84.21
3 46 40.74
3 47 19.59
3 48 56.81
3 49 75.16
3 50 3.35
3 51 85.66
3 52 65.47
3 53 55.06
3 54 84.03
3 55 94.21
3 56 33.43
3 57 52.34
3 58 54.21
3 59 78.36
3 60 98.34
3 61 75.41
3 62 9.6
3 63 83.29
3 64 62.45
3 65 23.85
3 66 49.96
3 67 54.33
3 68 26.15
3 69 82.03
3 70 27.56
3 71 33.56
3 72 84.48
3 73 35.29
3 74 67.07
3 75 34.78
3 76 36.64
3 77 71.69
3 78 98.61
3 79 28.56
3 80 99.12
3 81 58.22
3 82 13.1
3 83 84.24
3 84 31.97
3 85 9.1
3 86 44.22
3 87 83.33
3 88 84.65
3 89 96.32
3 90 5.13
3 91 40.56
3 92 43.13
3 93 87.5
3 94 59.58
3 95 42.59
3 96 12.82
3 97 34.77
3 98 86.84
3 99 42.24
4 5 3.76
4 6 79.59
4 7 7.81
4 8 26.38
4 9 93.39
4 10 83.42
4 11 75.7
4 12 9.63
4 13 30.39
4 14 41.64
4 15 98.92
4 16 92.34
4 17 8.25
4 18 88.98
4 19 55.88
4 20 61.88
4 21 81.59
4 22 58.96
4 23 82.08
4 24 8.82
4 25 19.85
4 26 16.76
4 27 58.2
4 28 76.02
4 29 93.18
4 30 45.25
4 31 4.68
4 32 57.93
4 33 63.74
4 34 27.28
4 35 92.97
4 36 19.91
4 37 11.72
4 38 33.97
4 39 16.7
4 40 12.64
4 41 59.95
4 42 98.09
4 43 26.79
4 44 15.86
4 45 73.72
4 46 24.61
4 47 23.97
4 48 57.11
4 49 2.94
4 50 66.36
4 51 19.29
4 52 16.21
4 53 2.65
4 54 71.58
4 55 18.65
4 56 44.39
4 57 15.06
4 58 92.43
4 59 60.9
4 60 97.89
4 61 21.1
4 62 28.78
4 63 40.76
4 64 10.62
4 65 73.0
4 66 69.81
4 67 77.6
4 68 7.32
4 69 0.39
4 70 87.69
4 71 48.93
4 72 89.86
4 73 42.31
4 74 32.07
4 75 93.65
4 76 12.44
4 77 94.8
4 78 71.86
4 79 4.11
4 80 98.71
4 81 79.49
4 82 31.88
4 83 68.41
4 84 43.46
4 85 32.78
4 86 75.62
4 87 94.74
4 88 84.82
4 89 86.58
4 90 92.74
4 91 48.15
4 92 28.96
4 93 62.37
4 94 60.12
4 95 56.72
4 96 58.55
4 97 27.94
4 98 58.64
4 99 98.95
5 6 59.03
5 7 73.02
5 8 44.3
5 9 67.0
5 10 51.72
5 11 44.05
5 12 92.15
5 13 11.69
5 14 32.05
5 15 41.28
5 16 53.9
5 17 13.95
5 18 72.76
5 19 21.98
5 20 96.33
5 21 95.08
5 22 66.71
5 23 72.32
5 24 16.32
5 25 73.31
5 26 52.39
5 27 7.48
5 28 60.72
5 29 97.85
5 30 86.05
5 31 34.87
5 32 14.2
5 33 43.15
5 34 98.85
5 35 68.2
5 36 57.01
5 37 26.05
5 38 4.97
5 39 11.64
5 40 35.67
5 41 16.22
5 42 6.88
5 43 43.09
5 44 34.58
5 45 46.46
5 46 78.05
5 47 12.48
5 48 84.09
5 49 93.47
5 50 89.76
5 51 37.54
5 52 91.45
5 53 92.2
5 54 89.15
5 55 22.69
5 56 35.26
5 57 66.98
5 58 28.15
5 59 49.08
5 60 20.91
5 61 11.48
5 62 89.53
5 63 83.63
5 64 54.89
5 65 26.01
5 66 55.39
5 67 33.45
5 68 59.32
5 69 25.53
5 70 16.09
5 71 27.93
5 72 14.27
5 73 64.61
5 74 22.89
5 75 45.78
5 76 85.43
5 77 86.75
5 78 46.43
5 79 16.5
5 80 67.09
5 81 94.32
5 82 15.14
5 83 16.59
5 84 46.59
5 85 53.1
5 86 72.23
5 87 49.8
5 88 75.15
5 89 90.42
5 90 8.3
5 91 47.48
5 92 12.26
5 93 19.65
5 94 97.78
5 95 50.36
5 96 96.04
5 97 25.38
5 98 91.47
5 99 36.19
6 7 80.26
6 8 73.46
6 9 95.18
6 10 39.08
6 11 70.49
6 12 67.87
6 13 94.94
6 14 65.85
6 15 86.01
6 16 62.64
6 17 72.83
6 18 52.33
6 19 72.43
6 20 50.92
6 21 94.44
6 22 18.12
6 23 90.33
6 24 95.8
6 25 38.94
6 26 72.37
6 27 9.59
6 28 37.82
6 29 85.53
6 30 95.06
6 31 46.07
6 32 12.67
6 33 66.67
6 34 68.12
6 35 87.51
6 36 39.11
6 37 47.36
6 38 59.47
6 39 69.0
6 40 92.15
6 41 92.49
6 42 68.72
6 43 74.86
6 44 59.27
6 45 39.81
6 46 28.45
6 47 63.3
6 48 88.55
6 49 4.45
6 50 17.02
6 51 33.07
6 52 76.7
6 53 3.32
6 54 79.92
6 55 77.19
6 56 12.35
6 57 2.01
6 58 75.38
6 59 97.91
6 60 85.32
6 61 55.39
6 62 56.96
6 63 88.86
6 64 96.12
6 65 34.01
6 66 80.95
6 67 26.21
6 68 51.5
6 69 2.91
6 70 79.63
6 71 48.31
6 72 11.98
6 73 46.53
6 74 72.75
6 75 45.42
6 76 64.68
6 77 14.64
6 78 99.11
6 79 25.37
6 80 31.35
6 81 97.1
6 82 37.75
6 83 68.89
6 84 85.28
6 85 22.73
6 86 53.85
6 87 39.27
6 88 43.15
6 89 17.14
6 90 48.39
6 91 64.88
6 92 18.45
6 93 47.59
6 94 12.63
6 95 70.31
6 96 71.39
6 97 29.06
6 98 88.5
6 99 92.15
7 8 67.04
7 9 65.16
7 10 14.11
7 11 78.78
7 12 58.21
7 13 49.74
7 14 90.24
7 15 39.93
7 16 42.41
7 17 60.82
7 18 37.79
7 19 81.73
7 20 3.38
7 21 37.08
7 22 29.03
7 23 35.26
7 24 36.67
7 25 38.95
7 26 66.09
7 27 62.9
7 28 76.28
7 29 61.21
7 30 48.94
7 31 5.59
7 32 84.58
7 33 82.4
7 34 22.29
7 35 16.16
7 36 41.29
7 37 6.94
7 38 15.63
7 39 9.45
7 40 69.04
7 41 80.93
7 42 94.13
7 43 47.9
7 44 62.78
7 45 39.24
7 46 19.31
7 47 73.19
7 48 48.25
7 49 72.82
7 50 77.86
7 51 88.82
7 52 80.54
7 53 88.24
7 54 74.77
7 55 96.56
7 56 8.43
7 57 68.72
7 58 2.37
7 59 90.31
7 60 71.77
7 61 35.52
7 62 90.94
7 63 15.13
7 64 70.36
7 65 51.96
7 66 18.44
7 67 6.11
7 68 40.59
7 69 8.2
7 70 7.08
7 71 32.37
7 72 3.37
7 73 74.42
7 74 62.52
7 75 84.31
7 76 1.17
7 77 12.57
7 78 17.99
7 79 59.32
7 80 25.31
7 81 92.06
7 82 30.09
7 83 20.35
7 84 45.36
7 85 63.91
7 86 35.43
7 87 24.71
7 88 91.9
7 89 9.35
7 90 18.27
7 91 46.3
7 92 10.96
7 93 94.0
7 94 58.04
7 95 43.46
7 96 4.13
7 97 26.67
7 98 22.4
7 99 56.76
8 9 91.59
8 10 43.18
8 11 47.09
8 12 56.37
8 13 87.14
8 14 9.8
8 15 96.4
8 16 96.87
8 17 54.17
8 18 68.36
8 19 30.14
8 20 79.04
8 21 19.05
8 22 25.72
8 23 11.7
8 24 62.76
8 25 55.05
8 26 23.85
8 27 80.15
8 28 22.73
8 29 13.37
8 30 13.78
8 31 74.44
8 32 89.88
8 33 70.81
8 34 96.44
8 35 42.0
8 36 75.15
8 37 83.44
8 38 86.47
8 39 85.78
8 40 29.49
8 41 84.68
8 42 1.58
8 43 3.98
8 44 54.15
8 45 42.38
8 46 78.81
8 47 55.01
8 48 38.9
8 49 94.71
8 50 72.11
8 51 36.28
8 52 71.99
8 53 17.18
8 54 90.61
8 55 0.32
8 56 35.61
8 57 34.58
8 58 96.27
8 59 43.89
8 60 73.23
8 61 80.29
8 62 90.71
8 63 96.85
8 64 90.93
8 65 23.19
8 66 86.69
8 67 6.08
8 68 34.19
8 69 27.4
8 70 77.26
8 71 56.96
8 72 63.38
8 73 83.92
8 74 86.87
8 75 99.86
8 76 36.66
8 77 54.74
8 78 13.38
8 79 52.39
8 80 97.29
8 81 99.69
8 82 46.85
8 83 29.5
8 84 53.93
8 85 14.6
8 86 82.04
8 87 13.0
8 88 36.98
8 89 94.74
8 90 24.79
8 91 9.53
8 92 12.0
8 93 52.43
8 94 29.66
8 95 62.06
8 96 31.89
8 97 59.23
8 98 95.94
8 99 73.42
9 10 13.75
9 11 54.17
9 12 92.19
9 13 72.68
9 14 33.12
9 15 57.61
9 16 75.79
9 17 5.2
9 18 39.13
9 19 57.16
9 20 23.17
9 21 55.18
9 22 6.68
9 23 86.8
9 24 88.94
9 25 16.33
9 26 59.14
9 27 3.33
9 28 67.63
9 29 10.23
9 30 13.91
9 31 75.22
9 32 40.4
9 33 15.04
9 34 26.5
9 35 38.1
9 36 51.13
9 37 7.49
9 38 34.4
9 39 38.62
9 40 70.87
9 41 40.4
9 42 30.97
9 43 83.41
9 44 78.06
9 45 74.45
9 46 31.94
9 47 33.83
9 48 2.82
9 49 58.46
9 50 32.14
9 51 38.6
9 52 58.25
9 53 5.37
9 54 88.61
9 55 76.3
9 56 8.73
9 57 42.61
9 58 7.6
9 59 87.52
9 60 6.15
9 61 24.96
9 62 57.76
9 63 12.64
9 64 58.42
9 65 85.56
9 66 79.43
9 67 15.32
9 68 81.62
9 69 66.64
9 70 10.95
9 71 63.91
9 72 26.93
9 73 15.06
9 74 6.79
9 75 63.68
9 76 66.61
9 77 50.11
9 78 79.47
9 79 81.02
9 80 69.64
9 81 10.76
9 82 57.63
9 83 77.72
9 84 96.62
9 85 68.04
9 86 15.69
9 87 77.89
9 88 96.29
9 89 44.4
9 90 97.35
9 91 23.28
9 92 91.41
9 93 16.54
9 94 24.69
9 95 33.66
9 96 0.51
9 97 90.57
9 98 57.23
9 99 78.03
10 11 53.81
10 12 29.35
10 13 41.55
10 14 79.87
10 15 26.52
10 16 80.43
10 17 70.65
10 18 24.93
10 19 30.92
10 20 0.32
10 21 54.71
10 22 13.57
10 23 79.62
10 24 95.48
10 25 89.95
10 26 1.53
10 27 56.87
10 28 4.11
10 29 0.75
10 30 2.46
10 31 12.18
10 32 23.81
10 33 21.73
10 34 83.72
10 35 21.11
10 36 49.79
10 37 81.0
10 38 73.03
10 39 41.63
10 40 26.0
10 41 43.64
10 42 7.28
10 43 31.57
10 44 27.07
10 45 75.39
10 46 97.76
10 47 82.25
10 48 82.94
10 49 90.36
10 50 55.9
10 51 66.74
10 52 30.04
10 53 53.89
10 54 22.35
10 55 97.29
10 56 22.87
10 57 21.86
10 58 69.15
10 59 35.72
10 60 68.13
10 61 11.01
10 62 98.97
10 63 3.11
10 64 49.93
10 65 11.69
10 66 48.85
10 67 90.61
10 68 98.98
10 69 73.59
10 70 16.64
10 71 81.98
10 72 21.36
10 73 18.23
10 74 67.4
10 75 60.14
10 76 43.11
10 77 57.5
10 78 44.68
10 79 85.13
10 80 45.79
10 81 26.83
10 82 6.59
10 83 98.8
10 84 65.09
10 85 73.43
10 86 30.3
10 87 32.78
10 88 99.73
10 89 75.61
10 90 80.45
10 91 70.66
10 92 30.99
10 93 7.24
10 94 16.24
10 95 42.7
10 96 84.67
10 97 3.05
10 98 20.52
10 99 11.88
11 12 76.82
11 13 25.36
11 14 69.61
11 15 44.02
11 16 71.87
11 17 79.95
11 18 27.22
11 19 41.16
11 20 47.89
11 21 80.44
11 22 37.87
11 23 57.83
11 24 7.33
11 25 13.88
11 26 15.69
11 27 12.23
11 28 93.6
11 29 17.78
11 30 72.99
11 31 51.35
11 32 74.0
11 33 38.97
11 34 9.74
11 35 27.55
11 36 27.68
11 37 7.9
11 38 89.76
11 39 97.2
11 40 33.66
11 41 28.83
11 42 62.35
11 43 57.29
11 44 88.49
11 45 55.58
11 46 49.34
11 47 94.4
11 48 95.59
11 49 95.61
11 50 6.23
11 51 32.83
11 52 59.18
11 53 60.88
11 54 84.01
11 55 32.85
11 56 84.43
11 57 63.02
11 58 63.01
11 59 8.85
11 60 32.52
11 61 32.42
11 62 4.16
11 63 7.83
11 64 4.38
11 65 26.22
11 66 64.51
11 67 13.17
11 68 30.07
11 69 78.34
11 70 53.51
11 71 16.21
11 72 22.11
11 73 36.48
11 74 64.72
11 75 28.44
11 76 10.61
11 77 25.36
11 78 3.59
11 79 90.99
11 80 15.55
11 81 73.49
11 82 45.83
11 83 74.95
11 84 27.39
11 85 41.36
11 86 3.6
11 87 55.8
11 88 60.88
11 89 93.24
11 90 46.95
11 91 88.55
11 92 19.16
11 93 61.69
11 94 26.35
11 95 6.07
11 96 55.01
11 97 64.24
11 98 69.08
11 99 12.87
12 13 44.66
12 14 44.92
12 15 76.78
12 16 48.38
12 17 95.73
12 18 30.2
12 19 34.66
12 20 50.06
12 21 95.29
12 22 8.04
12 23 53.55
12 24 54.78
12 25 66.88
12 26 61.83
12 27 5.42
12 28 39.05
12 29 45.77
12 30 16.86
12 31 80.18
12 32 13.59
12 33 0.75
12 34 85.77
12 35 86.91
12 36 55.59
12 37 27.67
12 38 31.75
12 39 46.41
12 40 83.47
12 41 15.05
12 42 3.51
12 43 73.28
12 44 53.15
12 45 35.31
12 46 34.18
12 47 25.99
12 48 82.17
12 49 46.55
12 50 38.22
12 51 10.8
12 52 88.84
12 53 99.08
12 54 84.55
12 55 61.86
12 56 66.9
12 57 28.93
12 58 72.36
12 59 83.71
12 60 3.49
12 61 85.73
12 62 86.54
12 63 34.74
12 64 87.65
12 65 86.78
12 66 63.9
12 67 50.77
12 68 50.02
12 69 10.53
12 70 58.46
12 71 56.07
12 72 20.39
12 73 43.31
12 74 54.16
12 75 86.19
12 76 89.24
12 77 71.01
12 78 37.04
12 79 51.5
12 80 11.56
12 81 63.85
12 82 5.09
12 83 3.34
12 84 97.24
12 85 37.04
12 86 63.92
12 87 25.76
12 88 90.59
12 89 82.4
12 90 28.87
12 91 64.81
12 92 53.54
12 93 57.04
12 94 30.32
12 95 24.97
12 96 32.16
12 97 83.74
12 98 97.75
12 99 7.27
13 14 3.97
13 15 65.08
13 16 80.3
13 17 37.54
13 18 74.68
13 19 37.94
13 20 47.01
13 21 34.79
13 22 17.72
13 23 98.62
13 24 97.88
13 25 99.43
13 26 26.74
13 27 10.0
13 28 8.94
13 29 58.98
13 30 82.41
13 31 61.66
13 32 28.58
13 33 95.06
13 34 18.16
13 35 91.51
13 36 40.71
13 37 89.49
13 38 6.48
13 39 93.1
13 40 10.63
13 41 69.62
13 42 77.29
13 43 26.83
13 44 34.05
13 45 3.52
13 46 23.02
13 47 25.01
13 48 16.31
13 49 94.05
13 50 41.11
13 51 30.97
13 52 19.58
13 53 47.68
13 54 14.12
13 55 40.65
13 56 28.79
13 57 48.48
13 58 29.89
13 59 21.37
13 60 3.79
13 61 50.82
13 62 99.96
13 63 66.95
13 64 4.86
13 65 15.29
13 66 42.97
13 67 11.04
13 68 1.34
13 69 51.34
13 70 61.73
13 71 61.21
13 72 98.98
13 73 97.79
13 74 57.4
13 75 35.07
13 76 50.93
13 77 67.4
13 78 92.55
13 79 76.87
13 80 48.95
13 81 5.43
13 82 35.86
13 83 8.0
13 84 27.17
13 85 63.73
13 86 95.49
13 87 18.0
13 88 48.66
13 89 71.72
13 90 75.85
13 91 34.21
13 92 86.82
13 93 93.38
13 94 72.85
13 95 17.38
13 96 58.36
13 97 95.72
13 98 56.39
13 99 18.55
14 15 11.88
14 16 17.96
14 17 75.89
14 18 97.8
14 19 27.69
14 20 23.24
14 21 64.24
14 22 49.62
14 23 37.7
14 24 35.01
14 25 9.08
14 26 1.56
14 27 32.03
14 28 8.66
14 29 6.0
14 30 52.81
14 31 78.84
14 32 65.83
14 33 8.03
14 34 97.71
14 35 47.37
14 36 23.45
14 37 37.89
14 38 35.48
14 39 90.69
14 40 82.47
14 41 35.24
14 42 1.91
14 43 14.33
14 44 2.45
14 45 69.8
14 46 71.46
14 47 29.62
14 48 77.18
14 49 62.89
14 50 68.7
14 51 66.51
14 52 43.76
14 53 25.26
14 54 97.24
14 55 99.65
14 56 3.12
14 57 36.62
14 58 40.86
14 59 23.64
14 60 3.45
14 61 63.94
14 62 17.0
14 63 98.48
14 64 39.53
14 65 39.66
14 66 65.71
14 67 74.96
14 68 50.99
14 69 98.38
14 70 38.78
14 71 0.76
14 72 60.15
14 73 1.34
14 74 13.01
14 75 3.16
14 76 76.44
14 77 61.52
14 78 89.18
14 79 41.56
14 80 8.2
14 81 19.06
14 82 54.39
14 83 24.29
14 84 65.39
14 85 6.72
14 86 78.61
14 87 87.83
14 88 6.59
14 89 88.0
14 90 88.91
14 91 44.03
14 92 82.8
14 93 46.93
14 94 14.58
14 95 10.85
14 96 56.75
14 97 57.65
14 98 24.58
14 99 55.77
15 16 31.49
15 17 64.57
15 18 85.24
15 19 97.44
15 20 4.71
15 21 59.22
15 22 50.62
15 23 30.71
15 24 76.61
15 25 48.82
15 26 60.27
15 27 62.95
15 28 77.84
15 29 73.23
15 30 60.26
15 31 75.64
15 32 51.85
15 33 41.99
15 34 81.72
15 35 53.81
15 36 20.85
15 37 31.27
15 38 8.73
15 39 58.56
15 40 88.58
15 41 1.51
15 42 41.67
15 43 52.59
15 44 84.49
15 45 71.18
15 46 16.31
15 47 27.61
15 48 33.77
15 49 9.26
15 50 69.32
15 51 23.44
15 52 45.57
15 53 89.7
15 54 51.19
15 55 73.77
15 56 47.91
15 57 84.9
15 58 74.54
15 59 60.85
15 60 61.69
15 61 61.84
15 62 51.83
15 63 12.61
15 64 98.77
15 65 84.77
15 66 20.28
15 67 29.51
15 68 89.29
15 69 20.99
15 70 73.69
15 71 85.54
15 72 92.07
15 73 92.99
15 74 21.06
15 75 8.27
15 76 18.48
15 77 18.96
15 78 70.06
15 79 5.91
15 80 5.11
15 81 36.55
15 82 89.78
15 83 76.06
15 84 3.22
15 85 10.18
15 86 41.68
15 87 0.45
15 88 14.37
15 89 80.81
15 90 80.16
15 91 2.61
15 92 90.32
15 93 29.04
15 94 15.05
15 95 21.33
15 96 33.04
15 97 87.24
15 98 97.04
15 99 31.93
16 17 75.75
16 18 54.6
16 19 34.08
16 20 29.22
16 21 99.55
16 22 39.94
16 23 71.87
16 24 71.43
16 25 41.92
16 26 81.83
16 27 74.88
16 28 72.9
16 29 83.09
16 30 72.57
16 31 25.51
16 32 24.48
16 33 54.19
16 34 43.49
16 35 18.56
16 36 15.6
16 37 97.16
16 38 52.48
16 39 65.86
16 40 29.45
16 41 20.45
16 42 51.75
16 43 41.55
16 44 83.65
16 45 37.13
16 46 3.39
16 47 92.25
16 48 93.0
16 49 41.94
16 50 53.77
16 51 8.54
16 52 37.65
16 53 82.86
16 54 73.62
16 55 4.17
16 56 30.61
16 57 9.12
16 58 20.35
16 59 77.51
16 60 91.75
16 61 32.39
16 62 81.19
16 63 36.41
16 64 52.04
16 65 20.98
16 66 11.73
16 67 51.78
16 68 31.21
16 69 57.66
16 70 92.65
16 71 67.98
16 72 54.97
16 73 31.18
16 74 89.8
16 75 38.84
16 76 3.85
16 77 98.38
16 78 17.16
16 79 76.94
16 80 14.32
16 81 49.85
16 82 70.76
16 83 0.62
16 84 85.62
16 85 34.97
16 86 22.51
16 87 38.62
16 88 80.36
16 89 54.25
16 90 37.39
16 91 5.08
16 92 45.74
16 93 6.62
16 94 4.73
16 95 89.29
16 96 23.54
16 97 86.96
16 98 55.13
16 99 13.85
17 18 61.81
17 19 65.57
17 20 67.88
17 21 2.65
17 22 88.73
17 23 45.14
17 24 61.02
17 25 65.64
17 26 60.25
17 27 83.37
17 28 95.69
17 29 51.4
17 30 46.93
17 31 89.27
17 32 19.73
17 33 40.26
17 34 82.53
17 35 50.51
17 36 21.74
17 37 51.11
17 38 57.34
17 39 24.98
17 40 65.75
17 41 12.93
17 42 2.43
17 43 35.13
17 44 29.72
17 45 8.72
17 46 77.51
17 47 36.41
17 48 75.89
17 49 33.77
17 50 44.92
17 51 91.89
17 52 40.49
17 53 22.9
17 54 84.71
17 55 74.73
17 56 41.32
17 57 92.07
17 58 81.93
17 59 37.16
17 60 67.55
17 61 8.48
17 62 96.17
17 63 30.16
17 64 33.14
17 65 50.28
17 66 5.34
17 67 31.42
17 68 47.56
17 69 42.34
17 70 1.28
17 71 41.18
17 72 80.74
17 73 57.3
17 74 2.78
17 75 34.8
17 76 77.56
17 77 52.95
17 78 43.49
17 79 19.34
17 80 7.05
17 81 76.07
17 82 86.43
17 83 27.06
17 84 15.54
17 85 0.79
17 86 14.9
17 87 93.24
17 88 89.81
17 89 84.95
17 90 50.31
17 91 7.69
17 92 25.95
17 93 22.0
17 94 51.37
17 95 0.1
17 96 43.04
17 97 37.91
17 98 56.47
17 99 17.41
18 19 76.84
18 20 32.5
18 21 41.06
18 22 78.65
18 23 37.78
18 24 93.12
18 25 75.37
18 26 46.92
18 27 20.33
18 28 14.73
18 29 84.33
18 30 41.54
18 31 6.28
18 32 44.8
18 33 30.99
18 34 24.02
18 35 12.84
18 36 34.53
18 37 67.84
18 38 31.11
18 39 98.87
18 40 18.0
18 41 25.88
18 42 95.03
18 43 56.97
18 44 60.16
18 45 40.71
18 46 86.78
18 47 87.47
18 48 11.29
18 49 46.68
18 50 41.62
18 51 71.55
18 52 80.87
18 53 5.73
18 54 77.76
18 55 34.99
18 56 96.77
18 57 75.52
18 58 98.94
18 59 21.44
18 60 47.25
18 61 63.48
18 62 79.44
18 63 74.79
18 64 12.55
18 65 57.49
18 66 66.23
18 67 63.86
18 68 80.64
18 69 72.11
18 70 97.09
18 71 69.28
18 72 7.18
18 73 99.83
18 74 25.73
18 75 92.8
18 76 23.85
18 77 10.96
18 78 65.4
18 79 41.77
18 80 20.96
18 81 3.05
18 82 11.13
18 83 88.18
18 84 30.47
18 85 60.57
18 86 77.19
18 87 0.82
18 88 13.8
18 89 49.45
18 90 91.33
18 91 1.37
18 92 14.98
18 93 37.24
18 94 20.09
18 95 1.16
18 96 74.44
18 97 99.38
18 98 60.77
18 99 33.74
19 20 11.03
19 21 44.92
19 22 24.44
19 23 10.28
19 24 70.84
19 25 70.71
19 26 52.12
19 27 89.91
19 28 10.09
19 29 32.31
19 30 51.09
19 31 74.93
19 32 26.37
19 33 1.8
19 34 12.53
19 35 12.26
19 36 77.67
19 37 68.07
19 38 72.57
19 39 6.61
19 40 31.7
19 41 23.45
19 42 9.37
19 43 28.41
19 44 69.57
19 45 72.09
19 46 26.12
19 47 30.16
19 48 27.14
19 49 90.15
19 50 56.41
19 51 68.27
19 52 95.19
19 53 65.59
19 54 42.11
19 55 64.71
19 56 15.06
19 57 46.1
19 58 76.63
19 59 32.33
19 60 0.36
19 61 28.09
19 62 76.43
19 63 30.99
19 64 87.39
19 65 26.27
19 66 42.53
19 67 17.83
19 68 66.83
19 69 74.04
19 70 0.22
19 71 4.2
19 72 77.69
19 73 18.05
19 74 59.98
19 75 34.38
19 76 50.71
19 77 86.95
19 78 25.62
19 79 56.63
19 80 72.84
19 81 33.72
19 82 86.66
19 83 65.84
19 84 7.27
19 85 74.12
19 86 70.94
19 87 59.08
19 88 43.86
19 89 69.26
19 90 1.14
19 91 59.84
19 92 74.05
19 93 29.62
19 94 93.8
19 95 35.31
19 96 80.81
19 97 49.8
19 98 63.48
19 99 51.87
20 21 9.91
20 22 18.56
20 23 45.8
20 24 88.54
20 25 41.41
20 26 87.16
20 27 33.54
20 28 55.34
20 29 12.03
20 30 20.46
20 31 27.15
20 32 44.31
20 33 48.3
20 34 99.83
20 35 37.85
20 36 74.43
20 37 58.2
20 38 94.73
20 39 44.85
20 40 78.67
20 41 94.46
20 42 70.8
20 43 1.23
20 44 21.21
20 45 46.73
20 46 55.96
20 47 2.9
20 48 25.96
20 49 41.83
20 50 43.65
20 51 83.94
20 52 43.84
20 53 31.14
20 54 72.1
20 55 78.04
20 56 85.27
20 57 22.72
20 58 82.25
20 59 90.69
20 60 97.31
20 61 71.95
20 62 23.3
20 63 59.64
20 64 69.7
20 65 78.81
20 66 44.47
20 67 42.2
20 68 13.56
20 69 52.89
20 70 84.38
20 71 57.04
20 72 67.63
20 73 97.53
20 74 45.33
20 75 25.55
20 76 52.4
20 77 33.65
20 78 18.7
20 79 3.12
20 80 10.09
20 81 30.6
20 82 9.9
20 83 64.28
20 84 40.08
20 85 36.6
20 86 96.5
20 87 7.4
20 88 63.34
20 89 4.44
20 90 41.49
20 91 74.17
20 92 27.01
20 93 89.59
20 94 75.43
20 95 37.33
20 96 90.9
20 97 57.23
20 98 55.3
20 99 95.84
21 22 21.29
21 23 72.28
21 24 6.29
21 25 31.15
21 26 54.09
21 27 62.48
21 28 53.12
21 29 20.13
21 30 79.81
21 31 38.03
21 32 51.74
21 33 71.04
21 34 45.21
21 35 23.69
21 36 39.37
21 37 47.21
21 38 63.36
21 39 8.88
21 40 31.0
21 41 69.77
21 42 72.57
21 43 50.08
21 44 3.93
21 45 45.61
21 46 87.56
21 47 65.64
21 48 28.39
21 49 49.73
21 50 41.46
21 51 47.96
21 52 22.03
21 53 1.97
21 54 26.18
21 55 80.51
21 56 28.51
21 57 17.51
21 58 0.24
21 59 87.64
21 60 46.78
21 61 77.67
21 62 48.48
21 63 64.48
21 64 66.1
21 65 62.85
21 66 45.61
21 67 30.6
21 68 94.53
21 69 13.38
21 70 97.27
21 71 26.72
21 72 3.34
21 73 35.18
21 74 6.29
21 75 26.66
21 76 48.63
21 77 47.37
21 78 39.24
21 79 68.21
21 80 72.61
21 81 76.56
21 82 49.23
21 83 15.99
21 84 31.85
21 85 38.81
21 86 44.26
21 87 57.04
21 88 47.44
21 89 14.27
21 90 77.44
21 91 95.61
21 92 22.89
21 93 11.88
21 94 75.34
21 95 57.36
21 96 29.68
21 97 41.78
21 98 13.66
21 99 35.27
22 23 17.39
22 24 61.9
22 25 95.77
22 26 9.57
22 27 65.72
22 28 41.47
22 29 88.91
22 30 52.38
22 31 58.87
22 32 89.34
22 33 25.16
22 34 83.76
22 35 29.66
22 36 27.69
22 37 80.18
22 38 80.84
22 39 89.85
22 40 52.77
22 41 1.0
22 42 53.78
22 43 36.35
22 44 13.62
22 45 66.3
22 46 93.42
22 47 98.68
22 48 56.78
22 49 27.39
22 50 64.17
22 51 72.04
22 52 30.56
22 53 96.17
22 54 62.58
22 55 62.45
22 56 15.96
22 57 17.61
22 58 87.33
22 59 55.85
22 60 52.99
22 61 88.53
22 62 69.44
22 63 11.26
22 64 60.77
22 65 62.04
22 66 92.95
22 67 69.57
22 68 8.06
22 69 7.3
22 70 95.63
22 71 64.4
22 72 76.45
22 73 78.29
22 74 77.21
22 75 18.93
22 76 72.99
22 77 81.8
22 78 57.85
22 79 13.71
22 80 91.05
22 81 24.96
22 82 23.94
22 83 14.24
22 84 88.84
22 85 65.76
22 86 69.88
22 87 54.58
22 88 53.36
22 89 85.8
22 90 94.87
22 91 83.05
22 92 44.27
22 93 54.53
22 94 41.76
22 95 89.92
22 96 67.05
22 97 55.88
22 98 71.49
22 99 53.06
23 24 7.64
23 25 4.42
23 26 51.04
23 27 57.58
23 28 71.74
23 29 86.44
23 30 95.54
23 31 67.84
23 32 11.21
23 33 23.37
23 34 45.67
23 35 56.46
23 36 87.28
23 37 69.93
23 38 80.57
23 39 23.53
23 40 15.66
23 41 27.16
23 42 63.44
23 43 71.92
23 44 62.09
23 45 72.14
23 46 91.73
23 47 39.2
23 48 8.76
23 49 80.18
23 50 77.75
23 51 25.66
23 52 91.59
23 53 42.73
23 54 16.09
23 55 98.9
23 56 16.4
23 57 65.04
23 58 4.33
23 59 0.59
23 60 97.87
23 61 61.07
23 62 70.79
23 63 28.22
23 64 29.74
23 65 50.02
23 66 28.85
23 67 16.07
23 68 86.37
23 69 98.93
23 70 21.27
23 71 93.23
23 72 76.86
23 73 48.61
23 74 40.0
23 75 53.83
23 76 20.88
23 77 6.64
23 78 6.72
23 79 34.82
23 80 92.47
23 81 90.22
23 82 78.04
23 83 60.09
23 84 82.59
23 85 54.36
23 86 95.27
23 87 76.14
23 88 64.17
23 89 46.2
23 90 33.34
23 91 74.16
23 92 4.48
23 93 85.17
23 94 15.96
23 95 66.21
23 96 58.84
23 97 80.38
23 98 54.87
23 99 58.95
24 25 96.79
24 26 61.57
24 27 39.86
24 28 47.45
24 29 57.55
24 30 18.18
24 31 53.25
24 32 33.76
24 33 4.8
24 34 11.99
24 35 7.54
24 36 60.09
24 37 52.7
24 38 53.47
24 39 8.26
24 40 34.85
24 41 64.87
24 42 9.03
24 43 25.28
24 44 21.41
24 45 85.69
24 46 37.32
24 47 15.5
24 48 53.97
24 49 49.7
24 50 36.05
24 51 77.14
24 52 42.56
24 53 28.75
24 54 17.85
24 55 31.97
24 56 30.47
24 57 18.89
24 58 23.69
24 59 25.23
24 60 70.9
24 61 39.53
24 62 25.11
24 63 5.36
24 64 97.2
24 65 15.79
24 66 63.08
24 67 95.46
24 68 70.9
24 69 41.71
24 70 20.42
24 71 96.79
24 72 5.69
24 73 76.67
24 74 27.2
24 75 70.98
24 76 81.21
24 77 10.44
24 78 54.07
24 79 31.82
24 80 81.01
24 81 43.19
24 82 57.26
24 83 40.63
24 84 11.06
24 85 65.93
24 86 0.67
24 87 39.35
24 88 81.59
24 89 94.27
24 90 95.54
24 91 74.66
24 92 63.71
24 93 3.74
24 94 66.18
24 95 63.44
24 96 64.54
24 97 38.26
24 98 71.41
24 99 24.86
25 26 99.89
25 27 15.4
25 28 85.84
25 29 57.51
25 30 81.71
25 31 31.49
25 32 72.24
25 33 71.67
25 34 79.2
25 35 77.68
25 36 57.18
25 37 95.91
25 38 57.07
25 39 14.22
25 40 55.65
25 41 65.11
25 42 42.17
25 43 14.17
25 44 77.04
25 45 62.49
25 46 20.56
25 47 80.05
25 48 85.04
25 49 32.22
25 50 21.12
25 51 57.71
25 52 77.04
25 53 1.1
25 54 99.02
25 55 19.63
25 56 94.64
25 57 47.97
25 58 92.44
25 59 67.05
25 60 76.38
25 61 37.55
25 62 89.45
25 63 4.9
25 64 16.15
25 65 92.03
25 66 8.45
25 67 76.31
25 68 96.3
25 69 7.97
25 70 65.08
25 71 4.76
25 72 23.27
25 73 38.71
25 74 71.5
25 75 80.86
25 76 5.18
25 77 53.36
25 78 89.53
25 79 48.2
25 80 75.96
25 81 52.16
25 82 38.37
25 83 87.99
25 84 88.56
25 85 64.9
25 86 39.64
25 87 75.9
25 88 70.96
25 89 84.39
25 90 67.76
25 91 85.95
25 92 63.13
25 93 90.02
25 94 62.11
25 95 46.35
25 96 30.31
25 97 97.98
25 98 48.78
25 99 9.88
26 27 78.87
26 28 33.82
26 29 14.55
26 30 87.49
26 31 84.37
26 32 61.18
26 33 73.35
26 34 8.15
26 35 78.48
26 36 15.69
26 37 66.26
26 38 9.84
26 39 31.21
26 40 87.28
26 41 40.43
26 42 37.58
26 43 8.2
26 44 65.89
26 45 59.04
26 46 22.22
26 47 78.68
26 48 15.78
26 49 4.9
26 50 41.13
26 51 99.26
26 52 71.84
26 53 53.65
26 54 16.0
26 55 1.17
26 56 57.53
26 57 9.0
26 58 86.48
26 59 63.94
26 60 8.86
26 61 12.0
26 62 8.93
26 63 67.38
26 64 51.02
26 65 59.26
26 66 69.12
26 67 75.54
26 68 15.22
26 69 90.73
26 70 64.61
26 71 20.98
26 72 2.28
26 73 36.79
26 74 8.4
26 75 26.33
26 76 96.09
26 77 46.45
26 78 28.48
26 79 20.6
26 80 5.51
26 81 53.79
26 82 90.04
26 83 82.61
26 84 66.4
26 85 78.02
26 86 46.51
26 87 71.0
26 88 66.69
26 89 94.23
26 90 33.7
26 91 81.03
26 92 67.12
26 93 56.33
26 94 57.47
26 95 1.88
26 96 77.58
26 97 1.55
26 98 89.02
26 99 35.31
27 28 14.96
27 29 16.85
27 30 74.92
27 31 76.03
27 32 12.2
27 33 1.24
27 34 88.72
27 35 47.58
27 36 70.02
27 37 15.54
27 38 99.84
27 39 33.55
27 40 43.22
27 41 71.25
27 42 12.26
27 43 43.27
27 44 31.38
27 45 73.25
27 46 29.87
27 47 3.6
27 48 0.35
27 49 98.16
27 50 38.6
27 51 73.97
27 52 95.23
27 53 59.24
27 54 56.42
27 55 40.55
27 56 18.22
27 57 81.85
27 58 91.41
27 59 57.19
27 60 35.45
27 61 89.1
27 62 65.31
27 63 65.88
27 64 45.74
27 65 76.68
27 66 5.57
27 67 47.2
27 68 91.18
27 69 37.41
27 70 82.3
27 71 22.82
27 72 14.49
27 73 82.07
27 74 68.16
27 75 56.19
27 76 71.47
27 77 90.65
27 78 29.25
27 79 75.02
27 80 88.14
27 81 20.33
27 82 12.58
27 83 69.78
27 84 11.44
27 85 90.68
27 86 82.13
27 87 6.17
27 88 40.42
27 89 64.6
27 90 69.39
27 91 26.09
27 92 39.98
27 93 44.18
27 94 46.74
27 95 2.04
27 96 33.68
27 97 4.89
27 98 2.26
27 99 52.4
28 29 43.57
28 30 98.44
28 31 93.29
28 32 21.67
28 33 95.48
28 34 65.03
28 35 82.6
28 36 78.77
28 37 36.15
28 38 8.98
28 39 15.75
28 40 89.27
28 41 15.3
28 42 8.45
28 43 81.4
28 44 72.47
28 45 69.62
28 46 49.2
28 47 7.0
28 48 63.58
28 49 8.9
28 50 95.64
28 51 81.77
28 52 62.55
28 53 44.88
28 54 37.66
28 55 65.92
28 56 66.23
28 57 22.23
28 58 81.31
28 59 40.72
28 60 48.72
28 61 8.19
28 62 83.22
28 63 77.24
28 64 75.77
28 65 72.53
28 66 63.9
28 67 53.63
28 68 13.49
28 69 42.43
28 70 73.58
28 71 30.26
28 72 19.08
28 73 48.62
28 74 25.63
28 75 0.07
28 76 81.89
28 77 88.26
28 78 57.4
28 79 67.6
28 80 16.67
28 81 17.79
28 82 25.73
28 83 74.28
28 84 97.85
28 85 54.77
28 86 95.68
28 87 79.65
28 88 63.6
28 89 11.42
28 90 34.83
28 91 29.02
28 92 11.33
28 93 4.52
28 94 82.46
28 95 86.09
28 96 52.7
28 97 86.81
28 98 23.53
28 99 86.2
29 30 95.45
29 31 22.58
29 32 60.53
29 33 70.3
29 34 71.61
29 35 87.24
29 36 42.75
29 37 92.82
29 38 37.65
29 39 4.48
29 40 82.34
29 41 57.69
29 42 30.31
29 43 47.7
29 44 59.04
29 45 25.73
29 46 74.09
29 47 22.8
29 48 91.59
29 49 54.08
29 50 0.97
29 51 18.49
29 52 32.59
29 53 73.78
29 54 61.42
29 55 57.08
29 56 25.9
29 57 84.94
29 58 76.41
29 59 3.94
29 60 50.84
29 61 50.81
29 62 5.0
29 63 96.93
29 64 65.84
29 65 1.75
29 66 79.12
29 67 38.57
29 68 55.64
29 69 18.02
29 70 87.86
29 71 53.05
29 72 80.9
29 73 46.31
29 74 77.39
29 75 47.91
29 76 26.75
29 77 19.23
29 78 69.29
29 79 35.9
29 80 47.59
29 81 89.07
29 82 90.04
29 83 66.26
29 84 9.73
29 85 57.61
29 86 47.53
29 87 86.87
29 88 40.21
29 89 82.54
29 90 86.66
29 91 8.62
29 92 0.89
29 93 67.22
29 94 5.37
29 95 71.6
29 96 19.6
29 97 95.77
29 98 14.79
29 99 19.18
30 31 27.45
30 32 58.13
30 33 83.06
30 34 70.35
30 35 70.29
30 36 20.83
30 37 10.7
30 38 43.46
30 39 85.56
30 40 38.39
30 41 47.49
30 42 25.05
30 43 61.43
30 44 67.49
30 45 75.59
30 46 96.49
30 47 24.2
30 48 41.56
30 49 51.9
30 50 27.91
30 51 31.94
30 52 86.92
30 53 23.57
30 54 24.25
30 55 87.88
30 56 13.16
30 57 5.19
30 58 61.24
30 59 25.11
30 60 90.54
30 61 33.35
30 62 80.64
30 63 55.9
30 64 34.65
30 65 95.04
30 66 23.41
30 67 23.34
30 68 55.05
30 69 60.01
30 70 67.27
30 71 41.19
30 72 88.47
30 73 33.85
30 74 0.54
30 75 58.03
30 76 29.56
30 77 88.75
30 78 8.3
30 79 36.55
30 80 92.57
30 81 21.82
30 82 68.74
30 83 95.35
30 84 85.89
30 85 37.02
30 86 57.58
30 87 21.21
30 88 57.99
30 89 46.17
30 90 36.82
30 91 23.09
30 92 78.11
30 93 36.86
30 94 60.44
30 95 65.55
30 96 48.05
30 97 60.68
30 98 63.92
30 99 89.02
31 32 2.23
31 33 53.96
31 34 17.32
31 35 96.98
31 36 42.6
31 37 14.75
31 38 12.18
31 39 66.17
31 40 72.12
31 41 25.2
31 42 21.51
31 43 14.72
31 44 35.87
31 45 25.99
31 46 18.93
31 47 45.42
31 48 52.67
31 49 21.16
31 50 68.32
31 51 66.53
31 52 21.4
31 53 15.63
31 54 98.34
31 55 80.79
31 56 16.22
31 57 65.4
31 58 57.83
31 59 25.14
31 60 42.71
31 61 50.82
31 62 7.19
31 63 37.76
31 64 13.17
31 65 67.06
31 66 38.71
31 67 27.37
31 68 12.98
31 69 62.87
31 70 34.62
31 71 20.12
31 72 72.99
31 73 48.36
31 74 65.04
31 75 63.77
31 76 32.47
31 77 35.82
31 78 0.57
31 79 75.68
31 80 76.43
31 81 73.86
31 82 63.77
31 83 31.72
31 84 57.14
31 85 84.15
31 86 72.63
31 87 6.19
31 88 65.08
31 89 12.84
31 90 34.75
31 91 89.8
31 92 96.88
31 93 64.06
31 94 36.19
31 95 31.92
31 96 79.27
31 97 91.67
31 98 30.85
31 99 76.47
32 33 47.04
32 34 87.32
32 35 77.54
32 36 86.36
32 37 40.26
32 38 17.68
32 39 90.29
32 40 80.75
32 41 81.59
32 42 31.85
32 43 64.75
32 44 41.17
32 45 17.83
32 46 81.21
32 47 18.48
32 48 77.98
32 49 61.65
32 50 68.12
32 51 36.06
32 52 87.13
32 53 49.26
32 54 67.49
32 55 41.65
32 56 68.4
32 57 37.6
32 58 45.67
32 59 30.56
32 60 21.19
32 61 0.64
32 62 34.97
32 63 79.57
32 64 81.57
32 65 48.66
32 66 8.71
32 67 20.96
32 68 15.15
32 69 86.63
32 70 41.81
32 71 9.5
32 72 34.42
32 73 48.09
32 74 35.03
32 75 33.15
32 76 66.3
32 77 89.64
32 78 26.97
32 79 18.82
32 80 55.84
32 81 7.77
32 82 17.39
32 83 62.34
32 84 55.5
32 85 44.41
32 86 77.87
32 87 68.4
32 88 15.8
32 89 80.64
32 90 31.4
32 91 20.59
32 92 62.97
32 93 79.08
32 94 40.93
32 95 14.21
32 96 21.7
32 97 24.35
32 98 59.24
32 99 75.45
33 34 17.27
33 35 28.7
33 36 56.83
33 37 59.14
33 38 70.05
33 39 14.89
33 40 63.12
33 41 64.43
33 42 77.82
33 43 62.26
33 44 27.06
33 45 32.66
33 46 66.2
33 47 3.49
33 48 27.82
33 49 95.22
33 50 76.37
33 51 89.15
33 52 43.46
33 53 20.19
33 54 50.14
33 55 95.47
33 56 16.34
33 57 66.23
33 58 67.8
33 59 36.23
33 60 37.28
33 61 89.81
33 62 91.14
33 63 54.45
33 64 7.84
33 65 67.39
33 66 65.64
33 67 11.31
33 68 29.49
33 69 88.31
33 70 39.23
33 71 60.46
33 72 11.99
33 73 45.82
33 74 62.68
33 75 94.31
33 76 89.01
33 77 3.98
33 78 46.38
33 79 75.53
33 80 78.9
33 81 46.29
33 82 62.17
33 83 21.87
33 84 30.35
33 85 18.34
33 86 95.15
33 87 95.16
33 88 48.74
33 89 61.1
33 90 69.79
33 91 56.59
33 92 7.47
33 93 94.2
33 94 97.98
33 95 89.29
33 96 10.22
33 97 49.26
33 98 21.99
33 99 56.83
34 35 85.44
34 36 72.08
34 37 54.64
34 38 61.25
34 39 62.01
34 40 9.59
34 41 50.99
34 42 88.2
34 43 96.45
34 44 72.49
34 45 81.1
34 46 78.15
34 47 96.36
34 48 17.72
34 49 11.86
34 50 42.52
34 51 12.0
34 52 26.28
34 53 47.39
34 54 51.37
34 55 48.92
34 56 61.5
34 57 22.0
34 58 55.6
34 59 87.68
34 60 80.15
34 61 87.63
34 62 70.44
34 63 84.0
34 64 34.85
34 65 88.52
34 66 39.51
34 67 62.4
34 68 49.89
34 69 69.81
34 70 19.09
34 71 9.37
34 72 74.56
34 73 23.87
34 74 70.66
34 75 18.59
34 76 18.3
34 77 38.59
34 78 26.76
34 79 39.73
34 80 49.99
34 81 75.05
34 82 99.46
34 83 34.99
34 84 0.32
34 85 68.58
34 86 34.24
34 87 53.05
34 88 40.39
34 89 16.86
34 90 72.71
34 91 88.75
34 92 22.48
34 93 91.37
34 94 76.83
34 95 8.81
34 96 59.55
34 97 84.57
34 98 84.77
34 99 88.46
35 36 88.94
35 37 83.95
35 38 13.67
35 39 22.46
35 40 12.6
35 41 46.41
35 42 98.37
35 43 44.67
35 44 31.47
35 45 31.59
35 46 56.63
35 47 14.99
35 48 94.69
35 49 41.2
35 50 1.24
35 51 9.7
35 52 65.62
35 53 2.85
35 54 77.37
35 55 82.03
35 56 66.42
35 57 31.58
35 58 89.44
35 59 43.2
35 60 0.19
35 61 99.89
35 62 96.01
35 63 51.35
35 64 65.57
35 65 48.25
35 66 93.52
35 67 85.23
35 68 72.54
35 69 71.7
35 70 79.99
35 71 23.16
35 72 40.12
35 73 25.55
35 74 88.47
35 75 43.44
35 76 6.74
35 77 3.36
35 78 6.61
35 79 12.11
35 80 12.24
35 81 53.75
35 82 53.47
35 83 26.05
35 84 17.01
35 85 19.05
35 86 67.75
35 87 35.34
35 88 7.92
35 89 98.56
35 90 72.44
35 91 77.15
35 92 3.61
35 93 61.81
35 94 20.28
35 95 15.52
35 96 12.21
35 97 63.14
35 98 91.48
35 99 96.11
36 37 13.51
36 38 37.93
36 39 10.75
36 40 93.24
36 41 34.62
36 42 93.0
36 43 74.14
36 44 47.65
36 45 63.05
36 46 38.77
36 47 27.78
36 48 67.69
36 49 94.63
36 50 49.32
36 51 20.58
36 52 94.21
36 53 44.88
36 54 78.02
36 55 60.68
36 56 9.88
36 57 61.9
36 58 0.82
36 59 41.58
36 60 7.32
36 61 66.51
36 62 7.24
36 63 67.94
36 64 17.51
36 65 11.12
36 66 9.91
36 67 3.51
36 68 39.49
36 69 92.57
36 70 97.53
36 71 83.87
36 72 5.7
36 73 76.15
36 74 13.17
36 75 85.19
36 76 63.5
36 77 88.27
36 78 0.28
36 79 17.17
36 80 52.54
36 81 13.23
36 82 21.82
36 83 12.67
36 84 10.36
36 85 86.1
36 86 24.88
36 87 19.77
36 88 43.81
36 89 8.07
36 90 92.37
36 91 62.99
36 92 63.01
36 93 23.22
36 94 96.27
36 95 29.43
36 96 85.91
36 97 86.55
36 98 43.02
36 99 52.91
37 38 87.0
37 39 21.67
37 40 80.17
37 41 14.84
37 42 81.1
37 43 13.82
37 44 16.05
37 45 53.6
37 46 5.12
37 47 8.76
37 48 89.02
37 49 76.46
37 50 84.29
37 51 91.49
37 52 11.65
37 53 97.31
37 54 47.36
37 55 99.85
37 56 6.34
37 57 81.79
37 58 85.44
37 59 87.84
37 60 43.65
37 61 67.14
37 62 33.06
37 63 90.81
37 64 92.56
37 65 38.55
37 66 86.78
37 67 60.61
37 68 92.35
37 69 85.74
37 70 66.68
37 71 32.44
37 72 60.14
37 73 34.23
37 74 68.91
37 75 57.32
37 76 55.12
37 77 44.09
37 78 54.05
37 79 84.03
37 80 30.79
37 81 95.61
37 82 64.96
37 83 2.71
37 84 19.85
37 85 36.38
37 86 70.51
37 87 68.5
37 88 12.91
37 89 46.71
37 90 87.0
37 91 8.3
37 92 11.92
37 93 91.91
37 94 37.82
37 95 76.14
37 96 61.83
37 97 68.65
37 98 73.77
37 99 63.49
38 39 89.87
38 40 20.12
38 41 91.26
38 42 89.49
38 43 11.05
38 44 90.12
38 45 53.86
38 46 93.41
38 47 90.29
38 48 9.7
38 49 43.7
38 50 26.37
38 51 87.14
38 52 61.65
38 53 43.59
38 54 92.83
38 55 47.25
38 56 47.85
38 57 78.26
38 58 23.53
38 59 46.29
38 60 92.56
38 61 23.56
38 62 71.25
38 63 36.72
38 64 50.64
38 65 26.15
38 66 8.06
38 67 95.43
38 68 53.82
38 69 63.2
38 70 68.76
38 71 21.32
38 72 20.59
38 73 11.35
38 74 28.86
38 75 85.71
38 76 75.51
38 77 87.32
38 78 27.43
38 79 95.79
38 80 72.36
38 81 68.85
38 82 45.44
38 83 91.33
38 84 92.28
38 85 3.83
38 86 28.1
38 87 58.62
38 88 92.63
38 89 67.94
38 90 96.37
38 91 11.57
38 92 15.43
38 93 36.84
38 94 27.21
38 95 60.19
38 96 25.21
38 97 97.34
38 98 94.5
38 99 58.84
39 40 35.07
39 41 34.19
39 42 53.61
39 43 2.81
39 44 97.39
39 45 93.67
39 46 21.35
39 47 20.84
39 48 80.79
39 49 43.58
39 50 49.82
39 51 93.07
39 52 28.42
39 53 20.08
39 54 17.97
39 55 9.46
39 56 94.6
39 57 76.52
39 58 67.92
39 59 71.87
39 60 86.36
39 61 26.48
39 62 94.3
39 63 34.55
39 64 94.39
39 65 4.07
39 66 54.4
39 67 72.57
39 68 84.11
39 69 48.13
39 70 4.59
39 71 65.24
39 72 31.51
39 73 53.7
39 74 84.07
39 75 82.56
39 76 30.77
39 77 24.28
39 78 60.94
39 79 66.89
39 80 71.17
39 81 1.26
39 82 27.59
39 83 8.73
39 84 79.26
39 85 43.28
39 86 82.32
39 87 26.43
39 88 48.83
39 89 77.3
39 90 62.57
39 91 72.18
39 92 36.26
39 93 46.1
39 94 1.32
39 95 4.03
39 96 81.4
39 97 31.84
39 98 62.75
39 99 82.56
40 41 25.49
40 42 44.68
40 43 75.85
40 44 74.02
40 45 36.61
40 46 26.71
40 47 25.31
40 48 67.52
40 49 20.35
40 50 36.78
40 51 78.12
40 52 42.82
40 53 89.14
40 54 49.63
40 55 20.84
40 56 57.44
40 57 86.83
40 58 24.08
40 59 58.15
40 60 56.99
40 61 16.93
40 62 69.22
40 63 75.92
40 64 51.16
40 65 2.9
40 66 65.1
40 67 4.02
40 68 39.09
40 69 16.3
40 70 74.94
40 71 22.91
40 72 12.75
40 73 45.25
40 74 19.5
40 75 46.23
40 76 14.33
40 77 39.29
40 78 71.23
40 79 76.88
40 80 75.0
40 81 59.38
40 82 65.56
40 83 78.3
40 84 15.89
40 85 81.88
40 86 19.96
40 87 24.27
40 88 49.8
40 89 54.22
40 90 97.4
40 91 91.01
40 92 81.83
40 93 76.37
40 94 50.31
40 95 33.24
40 96 71.02
40 97 87.07
40 98 33.53
40 99 42.48
41 42 81.36
41 43 66.74
41 44 80.2
41 45 20.26
41 46 20.01
41 47 30.07
41 48 93.47
41 49 11.32
41 50 33.61
41 51 70.21
41 52 18.46
41 53 32.96
41 54 9.39
41 55 34.11
41 56 24.02
41 57 5.2
41 58 6.45
41 59 53.71
41 60 41.87
41 61 33.69
41 62 25.31
41 63 31.25
41 64 81.83
41 65 22.04
41 66 8.52
41 67 78.76
41 68 66.2
41 69 93.92
41 70 53.73
41 71 41.54
41 72 3.92
41 73 86.15
41 74 12.33
41 75 93.1
41 76 55.36
41 77 33.9
41 78 40.92
41 79 75.51
41 80 22.79
41 81 6.43
41 82 71.13
41 83 72.87
41 84 37.86
41 85 67.58
41 86 63.78
41 87 48.07
41 88 7.76
41 89 29.2
41 90 17.67
41 91 43.57
41 92 24.67
41 93 37.49
41 94 10.24
41 95 44.99
41 96 39.15
41 97 82.53
41 98 57.64
41 99 33.57
42 43 47.71
42 44 49.24
42 45 95.18
42 46 7.92
42 47 47.01
42 48 34.68
42 49 95.6
42 50 38.45
42 51 62.91
42 52 40.65
42 53 62.17
42 54 29.08
42 55 70.97
42 56 13.74
42 57 56.49
42 58 99.87
42 59 87.25
42 60 44.96
42 61 46.64
42 62 71.4
42 63 22.86
42 64 60.73
42 65 90.43
42 66 27.4
42 67 63.74
42 68 33.18
42 69 0.56
42 70 55.37
42 71 58.83
42 72 13.55
42 73 73.75
42 74 16.83
42 75 73.44
42 76 45.13
42 77 4.32
42 78 78.47
42 79 92.5
42 80 43.87
42 81 44.21
42 82 43.49
42 83 38.92
42 84 44.09
42 85 15.99
42 86 58.28
42 87 5.76
42 88 94.4
42 89 33.23
42 90 34.09
42 91 87.94
42 92 54.68
42 93 33.46
42 94 15.16
42 95 39.03
42 96 88.66
42 97 82.99
42 98 45.63
42 99 71.81
43 44 68.89
43 45 69.83
43 46 35.73
43 47 67.45
43 48 10.64
43 49 61.45
43 50 4.79
43 51 57.39
43 52 29.89
43 53 67.35
43 54 82.89
43 55 94.71
43 56 76.51
43 57 12.89
43 58 86.47
43 59 36.91
43 60 28.5
43 61 0.52
43 62 43.66
43 63 21.18
43 64 45.71
43 65 7.28
43 66 34.84
43 67 24.75
43 68 71.95
43 69 43.45
43 70 30.66
43 71 67.9
43 72 43.66
43 73 75.88
43 74 55.59
43 75 35.39
43 76 9.84
43 77 2.14
43 78 78.39
43 79 63.17
43 80 93.38
43 81 46.41
43 82 32.64
43 83 61.53
43 84 26.99
43 85 36.88
43 86 0.16
43 87 23.36
43 88 78.25
43 89 15.38
43 90 48.16
43 91 96.68
43 92 37.95
43 93 25.25
43 94 96.93
43 95 84.45
43 96 83.2
43 97 20.56
43 98 9.11
43 99 71.19
44 45 42.91
44 46 41.13
44 47 33.76
44 48 66.2
44 49 86.59
44 50 1.6
44 51 8.97
44 52 96.05
44 53 29.89
44 54 49.99
44 55 25.19
44 56 75.27
44 57 0.05
44 58 61.44
44 59 78.19
44 60 33.42
44 61 32.78
44 62 46.05
44 63 95.36
44 64 79.26
44 65 78.51
44 66 66.66
44 67 1.8
44 68 38.19
44 69 80.21
44 70 81.44
44 71 4.0
44 72 8.0
44 73 47.8
44 74 49.49
44 75 7.7
44 76 39.53
44 77 94.85
44 78 63.07
44 79 54.19
44 80 64.01
44 81 21.89
44 82 99.45
44 83 54.27
44 84 56.82
44 85 28.02
44 86 17.24
44 87 23.1
44 88 48.56
44 89 7.22
44 90 57.44
44 91 70.57
44 92 68.8
44 93 39.28
44 94 47.73
44 95 81.46
44 96 35.05
44 97 16.32
44 98 50.28
44 99 27.99
45 46 80.35
45 47 55.82
45 48 37.5
45 49 93.02
45 50 46.38
45 51 37.92
45 52 28.51
45 53 46.48
45 54 55.87
45 55 71.44
45 56 69.49
45 57 9.89
45 58 17.97
45 59 35.92
45 60 95.3
45 61 64.2
45 62 13.49
45 63 69.83
45 64 66.96
45 65 4.77
45 66 52.86
45 67 74.46
45 68 39.52
45 69 23.9
45 70 99.16
45 71 81.9
45 72 78.69
45 73 6.16
45 74 0.91
45 75 91.25
45 76 10.65
45 77 54.68
45 78 84.92
45 79 12.07
45 80 59.41
45 81 27.51
45 82 18.32
45 83 66.63
45 84 98.64
45 85 52.51
45 86 60.27
45 87 93.03
45 88 20.95
45 89 6.27
45 90 89.48
45 91 60.4
45 92 6.41
45 93 88.17
45 94 10.99
45 95 54.04
45 96 54.39
45 97 94.07
45 98 17.51
45 99 13.86
46 47 28.0
46 48 96.0
46 49 4.41
46 50 12.25
46 51 48.7
46 52 63.71
46 53 15.29
46 54 39.23
46 55 70.29
46 56 22.09
46 57 25.36
46 58 22.02
46 59 56.15
46 60 24.36
46 61 53.61
46 62 43.75
46 63 81.01
46 64 35.28
46 65 31.85
46 66 41.9
46 67 80.01
46 68 60.61
46 69 47.97
46 70 60.72
46 71 71.14
46 72 29.7
46 73 24.73
46 74 4.03
46 75 84.84
46 76 36.69
46 77 90.79
46 78 84.75
46 79 44.46
46 80 72.08
46 81 50.39
46 82 95.81
46 83 54.75
46 84 31.71
46 85 60.65
46 86 33.47
46 87 72.14
46 88 72.65
46 89 80.61
46 90 88.47
46 91 50.07
46 92 96.95
46 93 65.16
46 94 83.0
46 95 75.39
46 96 82.9
46 97 38.84
46 98 72.46
46 99 37.88
47 48 51.28
47 49 99.08
47 50 49.37
47 51 3.83
47 52 48.88
47 53 66.95
47 54 84.3
47 55 96.59
47 56 55.7
47 57 24.43
47 58 13.28
47 59 22.73
47 60 73.43
47 61 51.53
47 62 34.76
47 63 20.18
47 64 32.91
47 65 4.14
47 66 10.34
47 67 46.84
47 68 65.97
47 69 54.02
47 70 73.0
47 71 72.36
47 72 23.17
47 73 45.9
47 74 34.13
47 75 83.71
47 76 83.27
47 77 13.76
47 78 46.57
47 79 66.08
47 80 92.15
47 81 37.92
47 82 24.31
47 83 74.49
47 84 89.8
47 85 18.06
47 86 42.0
47 87 68.8
47 88 32.1
47 89 83.09
47 90 37.07
47 91 45.0
47 92 91.11
47 93 58.42
47 94 15.7
47 95 58.87
47 96 22.1
47 97 63.35
47 98 20.22
47 99 5.01
48 49 18.73
48 50 17.15
48 51 49.94
48 52 83.39
48 53 38.53
48 54 90.81
48 55 40.03
48 56 58.64
48 57 70.26
48 58 53.44
48 59 93.75
48 60 93.1
48 61 31.84
48 62 27.26
48 63 32.31
48 64 13.66
48 65 32.99
48 66 82.98
48 67 73.42
48 68 54.43
48 69 10.42
48 70 78.79
48 71 74.83
48 72 2.77
48 73 44.62
48 74 70.41
48 75 82.4
48 76 64.34
48 77 97.82
48 78 97.04
48 79 3.4
48 80 54.54
48 81 69.67
48 82 78.64
48 83 85.43
48 84 18.18
48 85 54.2
48 86 43.83
48 87 18.88
48 88 77.07
48 89 94.96
48 90 44.15
48 91 96.48
48 92 6.08
48 93 78.05
48 94 0.76
48 95 57.4
48 96 42.17
48 97 72.88
48 98 72.51
48 99 15.49
49 50 38.15
49 51 29.22
49 52 30.42
49 53 20.99
49 54 82.97
49 55 65.66
49 56 73.24
49 57 33.57
49 58 23.99
49 59 39.26
49 60 20.84
49 61 90.95
49 62 42.87
49 63 69.5
49 64 78.04
49 65 41.35
49 66 56.77
49 67 0.07
49 68 69.91
49 69 71.27
49 70 38.69
49 71 21.8
49 72 11.7
49 73 0.38
49 74 77.42
49 75 46.9
49 76 91.21
49 77 34.18
49 78 25.9
49 79 20.19
49 80 9.66
49 81 62.33
49 82 19.23
49 83 76.75
49 84 48.19
49 85 65.31
49 86 78.94
49 87 6.72
49 88 1.56
49 89 45.6
49 90 58.18
49 91 68.05
49 92 48.0
49 93 30.62
49 94 24.3
49 95 95.86
49 96 4.66
49 97 4.37
49 98 19.65
49 99 92.84
50 51 51.91
50 52 12.33
50 53 89.49
50 54 49.8
50 55 96.53
50 56 49.55
50 57 16.52
50 58 37.23
50 59 83.74
50 60 86.24
50 61 55.6
50 62 29.46
50 63 61.03
50 64 6.67
50 65 19.47
50 66 71.43
50 67 43.13
50 68 37.57
50 69 26.46
50 70 74.85
50 71 26.63
50 72 20.33
50 73 84.47
50 74 35.07
50 75 55.09
50 76 37.67
50 77 52.22
50 78 93.25
50 79 41.43
50 80 39.96
50 81 88.16
50 82 29.07
50 83 12.62
50 84 28.84
50 85 70.34
50 86 58.71
50 87 53.84
50 88 46.74
50 89 46.37
50 90 29.92
50 91 94.04
50 92 89.51
50 93 51.67
50 94 51.4
50 95 93.09
50 96 6.44
50 97 16.13
50 98 67.48
50 99 61.54
51 52 77.12
51 53 64.83
51 54 90.34
51 55 68.82
51 56 57.77
51 57 6.71
51 58 32.27
51 59 72.72
51 60 70.81
51 61 96.47
51 62 37.99
51 63 33.74
51 64 71.35
51 65 49.93
51 66 3.26
51 67 61.72
51 68 61.4
51 69 90.46
51 70 80.25
51 71 78.61
51 72 38.69
51 73 5.22
51 74 12.18
51 75 71.59
51 76 60.68
51 77 93.91
51 78 10.4
51 79 53.6
51 80 76.21
51 81 99.77
51 82 85.43
51 83 44.45
51 84 27.57
51 85 22.87
51 86 70.38
51 87 35.29
51 88 53.9
51 89 29.23
51 90 29.48
51 91 1.28
51 92 33.05
51 93 85.54
51 94 28.12
51 95 83.3
51 96 83.6
51 97 69.23
51 98 50.9
51 99 67.74
52 53 11.52
52 54 26.02
52 55 94.27
52 56 55.77
52 57 26.31
52 58 73.28
52 59 26.93
52 60 27.87
52 61 70.54
52 62 76.37
52 63 6.91
52 64 77.91
52 65 3.73
52 66 57.26
52 67 67.75
52 68 12.14
52 69 56.37
52 70 29.97
52 71 37.76
52 72 82.52
52 73 23.41
52 74 96.02
52 75 36.25
52 76 51.67
52 77 97.55
52 78 73.94
52 79 98.39
52 80 66.94
52 81 52.53
52 82 82.44
52 83 16.54
52 84 55.05
52 85 73.79
52 86 43.64
52 87 49.95
52 88 35.3
52 89 99.97
52 90 24.34
52 91 47.05
52 92 89.6
52 93 82.38
52 94 87.07
52 95 44.96
52 96 20.34
52 97 91.43
52 98 79.58
52 99 59.36
53 54 73.56
53 55 99.5
53 56 52.12
53 57 54.61
53 58 3.96
53 59 47.41
53 60 54.84
53 61 88.64
53 62 10.98
53 63 58.56
53 64 34.43
53 65 60.18
53 66 80.54
53 67 98.78
53 68 18.44
53 69 46.87
53 70 25.81
53 71 92.94
53 72 48.93
53 73 11.99
53 74 32.25
53 75 99.75
53 76 2.46
53 77 74.73
53 78 76.95
53 79 15.34
53 80 12.82
53 81 84.5
53 82 10.51
53 83 22.91
53 84 94.83
53 85 13.21
53 86 60.84
53 87 31.02
53 88 52.92
53 89 81.0
53 90 42.6
53 91 46.25
53 92 46.45
53 93 61.03
53 94 33.27
53 95 7.24
53 96 75.3
53 97 66.42
53 98 7.8
53 99 66.8
54 55 43.98
54 56 8.77
54 57 6.98
54 58 46.05
54 59 60.03
54 60 31.8
54 61 51.94
54 62 0.68
54 63 23.6
54 64 65.77
54 65 6.78
54 66 32.83
54 67 69.0
54 68 18.95
54 69 34.67
54 70 54.44
54 71 26.08
54 72 20.88
54 73 88.75
54 74 57.78
54 75 79.69
54 76 58.73
54 77 28.56
54 78 77.23
54 79 18.69
54 80 3.0
54 81 55.24
54 82 32.59
54 83 82.72
54 84 1.58
54 85 14.13
54 86 28.82
54 87 34.18
54 88 32.39
54 89 22.26
54 90 49.63
54 91 6.14
54 92 43.71
54 93 39.97
54 94 23.03
54 95 2.29
54 96 78.93
54 97 20.83
54 98 55.91
54 99 54.34
55 56 77.56
55 57 42.09
55 58 31.5
55 59 74.29
55 60 68.11
55 61 39.15
55 62 38.99
55 63 74.4
55 64 19.95
55 65 41.72
55 66 57.38
55 67 65.71
55 68 1.05
55 69 36.99
55 70 47.28
55 71 87.93
55 72 96.57
55 73 65.48
55 74 13.91
55 75 67.84
55 76 79.2
55 77 89.06
55 78 91.75
55 79 51.07
55 80 86.13
55 81 57.36
55 82 67.52
55 83 3.32
55 84 50.19
55 85 38.97
55 86 1.6
55 87 30.7
55 88 52.87
55 89 76.39
55 90 30.24
55 91 26.24
55 92 15.38
55 93 70.52
55 94 30.88
55 95 9.81
55 96 20.88
55 97 99.29
55 98 11.18
55 99 92.08
56 57 65.48
56 58 27.72
56 59 38.57
56 60 59.62
56 61 68.7
56 62 72.21
56 63 61.95
56 64 47.92
56 65 35.08
56 66 40.5
56 67 89.2
56 68 41.74
56 69 47.76
56 70 80.67
56 71 75.6
56 72 18.35
56 73 92.14
56 74 37.42
56 75 46.34
56 76 27.9
56 77 53.2
56 78 31.85
56 79 24.0
56 80 87.42
56 81 3.47
56 82 52.36
56 83 56.3
56 84 50.42
56 85 0.51
56 86 68.41
56 87 43.35
56 88 1.98
56 89 42.22
56 90 56.47
56 91 44.18
56 92 21.15
56 93 86.62
56 94 57.9
56 95 2.62
56 96 46.92
56 97 28.36
56 98 72.37
56 99 69.58
57 58 81.76
57 59 38.79
57 60 27.05
57 61 14.68
57 62 67.62
57 63 18.22
57 64 51.97
57 65 14.34
57 66 73.41
57 67 80.01
57 68 34.83
57 69 74.83
57 70 39.94
57 71 84.03
57 72 24.72
57 73 99.4
57 74 38.57
57 75 64.25
57 76 3.76
57 77 36.58
57 78 13.35
57 79 49.58
57 80 47.82
57 81 53.12
57 82 92.85
57 83 60.23
57 84 53.24
57 85 59.46
57 86 77.31
57 87 72.9
57 88 15.09
57 89 78.45
57 90 29.94
57 91 87.06
57 92 4.34
57 93 88.43
57 94 26.56
57 95 92.08
57 96 6.19
57 97 90.94
57 98 47.25
57 99 30.41
58 59 50.06
58 60 49.97
58 61 25.46
58 62 75.15
58 63 82.66
58 64 25.18
58 65 5.41
58 66 92.69
58 67 10.16
58 68 74.32
58 69 97.05
58 70 40.13
58 71 62.64
58 72 31.66
58 73 59.32
58 74 55.7
58 75 14.84
58 76 78.8
58 77 86.92
58 78 36.17
58 79 30.71
58 80 11.45
58 81 23.82
58 82 59.29
58 83 86.22
58 84 71.99
58 85 77.49
58 86 1.91
58 87 64.67
58 88 61.01
58 89 61.69
58 90 24.57
58 91 12.0
58 92 63.38
58 93 53.09
58 94 41.93
58 95 85.7
58 96 24.22
58 97 7.01
58 98 75.23
58 99 30.15
59 60 88.46
59 61 41.03
59 62 87.48
59 63 63.8
59 64 74.13
59 65 61.71
59 66 35.33
59 67 69.11
59 68 83.82
59 69 79.33
59 70 32.28
59 71 34.86
59 72 71.46
59 73 28.22
59 74 7.24
59 75 12.26
59 76 72.23
59 77 86.27
59 78 59.7
59 79 11.22
59 80 72.32
59 81 66.05
59 82 58.16
59 83 81.2
59 84 42.21
59 85 32.27
59 86 2.03
59 87 92.31
59 88 82.21
59 89 85.33
59 90 68.78
59 91 56.6
59 92 32.17
59 93 39.46
59 94 98.1
59 95 6.88
59 96 78.83
59 97 15.0
59 98 22.51
59 99 81.07
60 61 53.55
60 62 59.35
60 63 40.08
60 64 43.7
60 65 50.69
60 66 8.77
60 67 38.92
60 68 13.02
60 69 13.02
60 70 3.95
60 71 25.61
60 72 52.14
60 73 23.92
60 74 76.54
60 75 79.82
60 76 25.64
60 77 18.33
60 78 30.73
60 79 56.26
60 80 19.37
60 81 74.64
60 82 54.29
60 83 81.5
60 84 70.29
60 85 77.59
60 86 6.93
60 87 48.18
60 88 55.91
60 89 48.92
60 90 50.27
60 91 91.71
60 92 48.26
60 93 26.82
60 94 3.37
60 95 46.21
60 96 45.97
60 97 37.8
60 98 30.44
60 99 14.79
61 62 60.17
61 63 45.49
61 64 93.43
61 65 57.28
61 66 44.37
61 67 79.54
61 68 30.97
61 69 93.55
61 70 27.09
61 71 44.83
61 72 57.39
61 73 44.1
61 74 26.68
61 75 86.42
61 76 10.81
61 77 81.43
61 78 2.55
61 79 38.63
61 80 17.58
61 81 45.36
61 82 24.1
61 83 18.27
61 84 82.03
61 85 83.36
61 86 19.5
61 87 31.33
61 88 54.77
61 89 13.19
61 90 99.88
61 91 50.08
61 92 81.08
61 93 68.9
61 94 41.57
61 95 83.25
61 96 81.14
61 97 84.1
61 98 48.8
61 99 5.93
62 63 68.58
62 64 86.2
62 65 12.44
62 66 37.51
62 67 70.23
62 68 24.34
62 69 26.39
62 70 56.49
62 71 70.8
62 72 30.22
62 73 22.8
62 74 18.68
62 75 69.29
62 76 15.63
62 77 39.53
62 78 2.36
62 79 0.45
62 80 43.83
62 81 38.83
62 82 37.63
62 83 44.39
62 84 72.43
62 85 55.14
62 86 90.54
62 87 19.95
62 88 55.16
62 89 61.38
62 90 62.67
62 91 33.69
62 92 6.6
62 93 8.41
62 94 36.26
62 95 34.83
62 96 79.88
62 97 10.04
62 98 41.41
62 99 9.24
63 64 80.59
63 65 17.47
63 66 47.45
63 67 30.26
63 68 41.8
63 69 51.21
63 70 83.4
63 71 72.8
63 72 15.12
63 73 35.9
63 74 74.15
63 75 88.7
63 76 90.34
63 77 14.28
63 78 38.12
63 79 35.86
63 80 42.37
63 81 99.87
63 82 30.05
63 83 51.29
63 84 18.46
63 85 65.15
63 86 28.13
63 87 59.5
63 88 20.69
63 89 51.54
63 90 58.5
63 91 11.13
63 92 9.43
63 93 31.08
63 94 22.28
63 95 54.33
63 96 51.84
63 97 45.24
63 98 40.23
63 99 51.27
64 65 66.08
64 66 96.23
64 67 58.47
64 68 65.9
64 69 66.88
64 70 68.25
64 71 64.98
64 72 65.19
64 73 0.94
64 74 11.76
64 75 51.03
64 76 96.05
64 77 71.49
64 78 32.67
64 79 14.48
64 80 22.77
64 81 90.91
64 82 89.9
64 83 42.29
64 84 35.51
64 85 67.03
64 86 20.11
64 87 28.82
64 88 69.71
64 89 24.84
64 90 75.92
64 91 83.11
64 92 8.2
64 93 88.09
64 94 85.77
64 95 53.65
64 96 73.04
64 97 97.65
64 98 17.25
64 99 52.3
65 66 52.59
65 67 22.75
65 68 53.67
65 69 90.4
65 70 50.86
65 71 29.42
65 72 73.92
65 73 49.48
65 74 90.51
65 75 6.41
65 76 59.49
65 77 96.79
65 78 49.14
65 79 12.99
65 80 39.28
65 81 21.28
65 82 58.82
65 83 5.34
65 84 22.81
65 85 9.9
65 86 53.34
65 87 18.69
65 88 65.42
65 89 5.63
65 90 4.31
65 91 30.85
65 92 55.41
65 93 89.12
65 94 47.92
65 95 9.47
65 96 12.17
65 97 3.86
65 98 67.22
65 99 50.14
66 67 37.04
66 68 1.11
66 69 61.5
66 70 45.27
66 71 63.94
66 72 15.44
66 73 3.82
66 74 84.93
66 75 15.65
66 76 94.21
66 77 60.65
66 78 79.8
66 79 83.58
66 80 95.05
66 81 23.34
66 82 13.69
66 83 13.38
66 84 34.4
66 85 80.13
66 86 78.6
66 87 97.33
66 88 16.8
66 89 39.74
66 90 18.72
66 91 45.21
66 92 0.21
66 93 2.49
66 94 11.54
66 95 29.97
66 96 55.36
66 97 63.68
66 98 43.87
66 99 81.74
67 68 58.79
67 69 25.01
67 70 98.6
67 71 34.43
67 72 18.75
67 73 85.04
67 74 54.11
67 75 12.84
67 76 70.33
67 77 76.69
67 78 12.18
67 79 84.9
67 80 92.55
67 81 21.44
67 82 12.84
67 83 93.78
67 84 93.25
67 85 73.32
67 86 64.67
67 87 27.59
67 88 80.33
67 89 33.11
67 90 17.99
67 91 80.45
67 92 87.33
67 93 23.55
67 94 34.61
67 95 8.37
67 96 50.04
67 97 29.51
67 98 62.96
67 99 85.36
68 69 37.01
68 70 23.68
68 71 10.11
68 72 21.28
68 73 21.1
68 74 18.1
68 75 13.34
68 76 11.04
68 77 42.26
68 78 4.23
68 79 52.96
68 80 47.2
68 81 52.0
68 82 70.66
68 83 15.54
68 84 42.43
68 85 49.12
68 86 16.08
68 87 11.93
68 88 76.71
68 89 13.18
68 90 7.53
68 91 78.18
68 92 5.08
68 93 17.3
68 94 69.17
68 95 38.87
68 96 36.37
68 97 54.95
68 98 25.13
68 99 92.48
69 70 20.47
69 71 47.08
69 72 61.49
69 73 86.02
69 74 62.46
69 75 5.09
69 76 17.23
69 77 82.41
69 78 15.51
69 79 12.73
69 80 61.44
69 81 88.11
69 82 91.43
69 83 56.17
69 84 65.33
69 85 0.86
69 86 67.45
69 87 74.7
69 88 31.28
69 89 57.76
69 90 61.11
69 91 27.06
69 92 98.46
69 93 12.6
69 94 91.17
69 95 68.04
69 96 4.72
69 97 47.64
69 98 41.88
69 99 8.62
70 71 47.94
70 72 30.33
70 73 0.29
70 74 88.97
70 75 56.38
70 76 57.99
70 77 41.91
70 78 28.17
70 79 47.35
70 80 94.56
70 81 98.78
70 82 27.23
70 83 26.15
70 84 92.97
70 85 55.61
70 86 92.6
70 87 53.21
70 88 13.5
70 89 84.84
70 90 16.18
70 91 86.25
70 92 94.36
70 93 49.46
70 94 94.93
70 95 86.62
70 96 3.94
70 97 73.44
70 98 98.16
70 99 63.9
71 72 6.05
71 73 4.31
71 74 93.92
71 75 21.51
71 76 99.1
71 77 69.42
71 78 27.14
71 79 57.55
71 80 48.09
71 81 58.38
71 82 1.68
71 83 69.5
71 84 14.56
71 85 47.62
71 86 56.15
71 87 9.46
71 88 3.41
71 89 19.94
71 90 38.88
71 91 37.2
71 92 88.12
71 93 21.77
71 94 81.54
71 95 22.62
71 96 46.14
71 97 44.04
71 98 42.51
71 99 55.97
72 73 34.8
72 74 8.7
72 75 41.6
72 76 34.8
72 77 64.77
72 78 92.17
72 79 35.74
72 80 9.73
72 81 82.83
72 82 19.61
72 83 91.46
72 84 87.73
72 85 58.73
72 86 19.26
72 87 94.86
72 88 11.24
72 89 81.76
72 90 34.99
72 91 1.89
72 92 54.21
72 93 12.03
72 94 56.89
72 95 72.9
72 96 2.0
72 97 98.63
72 98 44.72
72 99 54.0
73 74 11.06
73 75 72.25
73 76 87.07
73 77 64.78
73 78 76.52
73 79 43.32
73 80 60.3
73 81 27.26
73 82 70.92
73 83 88.63
73 84 25.66
73 85 23.75
73 86 55.99
73 87 88.88
73 88 30.44
73 89 3.06
73 90 10.49
73 91 87.61
73 92 59.45
73 93 63.82
73 94 62.03
73 95 78.17
73 96 17.01
73 97 31.0
73 98 58.53
73 99 89.35
74 75 6.27
74 76 8.07
74 77 65.7
74 78 32.53
74 79 12.78
74 80 30.32
74 81 31.1
74 82 93.92
74 83 92.09
74 84 67.51
74 85 12.31
74 86 3.66
74 87 7.65
74 88 23.63
74 89 27.18
74 90 90.4
74 91 64.26
74 92 60.19
74 93 47.3
74 94 34.72
74 95 35.02
74 96 25.24
74 97 22.49
74 98 67.63
74 99 85.19
75 76 5.57
75 77 93.72
75 78 21.55
75 79 54.98
75 80 31.33
75 81 24.42
75 82 30.03
75 83 75.41
75 84 53.64
75 85 56.53
75 86 90.2
75 87 55.82
75 88 84.29
75 89 75.87
75 90 46.98
75 91 0.26
75 92 33.7
75 93 54.3
75 94 31.65
75 95 80.66
75 96 8.42
75 97 21.0
75 98 89.41
75 99 19.35
76 77 32.59
76 78 3.48
76 79 59.73
76 80 10.79
76 81 39.31
76 82 70.81
76 83 31.89
76 84 42.92
76 85 37.02
76 86 5.86
76 87 83.41
76 88 62.31
76 89 94.09
76 90 31.24
76 91 24.0
76 92 64.14
76 93 99.87
76 94 14.46
76 95 9.26
76 96 77.73
76 97 54.98
76 98 81.92
76 99 59.25
77 78 61.74
77 79 15.17
77 80 78.29
77 81 15.3
77 82 19.23
77 83 63.17
77 84 18.31
77 85 95.26
77 86 91.81
77 87 11.56
77 88 91.32
77 89 62.08
77 90 95.17
77 91 45.49
77 92 95.17
77 93 3.57
77 94 13.11
77 95 98.99
77 96 96.2
77 97 32.15
77 98 76.5
77 99 21.07
78 79 34.23
78 80 52.72
78 81 15.0
78 82 28.37
78 83 17.88
78 84 13.84
78 85 84.65
78 86 60.24
78 87 84.02
78 88 53.02
78 89 42.06
78 90 48.98
78 91 27.8
78 92 70.38
78 93 57.7
78 94 92.91
78 95 44.6
78 96 16.54
78 97 34.58
78 98 73.5
78 99 63.74
79 80 60.45
79 81 26.32
79 82 88.81
79 83 95.29
79 84 10.9
79 85 29.15
79 86 85.2
79 87 56.03
79 88 1.08
79 89 56.11
79 90 56.7
79 91 88.12
79 92 10.33
79 93 88.27
79 94 47.28
79 95 35.26
79 96 88.91
79 97 38.19
79 98 34.98
79 99 94.88
80 81 72.46
80 82 53.4
80 83 98.99
80 84 22.0
80 85 21.01
80 86 34.37
80 87 70.76
80 88 20.91
80 89 94.49
80 90 40.31
80 91 48.37
80 92 23.92
80 93 80.95
80 94 8.83
80 95 9.94
80 96 23.13
80 97 27.11
80 98 21.14
80 99 96.26
81 82 90.65
81 83 81.49
81 84 2.76
81 85 45.21
81 86 95.56
81 87 49.84
81 88 62.09
81 89 51.59
81 90 1.82
81 91 79.64
81 92 33.63
81 93 94.61
81 94 10.03
81 95 36.08
81 96 10.99
81 97 22.36
81 98 88.66
81 99 5.19
82 83 25.9
82 84 7.6
82 85 24.94
82 86 61.7
82 87 53.89
82 88 92.46
82 89 14.52
82 90 68.85
82 91 4.51
82 92 21.11
82 93 0.17
82 94 35.36
82 95 84.77
82 96 18.72
82 97 64.72
82 98 40.76
82 99 8.06
83 84 12.74
83 85 80.77
83 86 54.34
83 87 57.54
83 88 8.32
83 89 21.15
83 90 15.63
83 91 3.2
83 92 23.4
83 93 37.49
83 94 14.17
83 95 14.46
83 96 61.02
83 97 21.96
83 98 5.4
83 99 6.86
84 85 46.63
84 86 77.02
84 87 25.81
84 88 10.13
84 89 86.13
84 90 31.76
84 91 25.44
84 92 48.02
84 93 6.98
84 94 59.73
84 95 18.68
84 96 75.18
84 97 29.04
84 98 72.72
84 99 65.34
85 86 25.62
85 87 74.51
85 88 87.98
85 89 33.19
85 90 88.77
85 91 66.87
85 92 91.94
85 93 60.31
85 94 44.21
85 95 87.85
85 96 52.68
85 97 31.24
85 98 54.16
85 99 58.19
86 87 65.51
86 88 4.14
86 89 34.13
86 90 83.08
86 91 51.17
86 92 78.19
86 93 96.3
86 94 56.58
86 95 64.67
86 96 69.86
86 97 87.68
86 98 50.5
86 99 14.22
87 88 74.91
87 89 25.77
87 90 22.6
87 91 34.34
87 92 28.93
87 93 68.0
87 94 66.88
87 95 5.01
87 96 43.2
87 97 38.07
87 98 94.15
87 99 59.56
88 89 85.21
88 90 72.37
88 91 75.1
88 92 78.09
88 93 93.44
88 94 42.51
88 95 99.91
88 96 20.19
88 97 64.52
88 98 56.44
88 99 8.76
89 90 11.16
89 91 27.64
89 92 39.73
89 93 25.57
89 94 59.18
89 95 25.86
89 96 51.11
89 97 83.81
89 98 47.45
89 99 56.64
90 91 92.08
90 92 67.7
90 93 14.88
90 94 85.43
90 95 28.69
90 96 4.55
90 97 11.8
90 98 34.82
90 99 55.98
91 92 34.97
91 93 92.8
91 94 69.3
91 95 99.95
91 96 56.26
91 97 88.16
91 98 41.05
91 99 70.38
92 93 81.51
92 94 77.09
92 95 35.79
92 96 48.8
92 97 81.77
92 98 71.49
92 99 59.07
93 94 20.43
93 95 82.2
93 96 7.31
93 97 33.68
93 98 36.05
93 99 64.11
94 95 31.9
94 96 36.16
94 97 20.62
94 98 84.57
94 99 70.69
95 96 87.1
95 97 29.09
95 98 62.64
95 99 53.94
96 97 23.36
96 98 86.38
96 99 97.17
97 98 85.45
97 99 23.26
98 99 39.04