96
0 1 32
0 2 30
0 3 47
0 4 65
0 5 35
0 6 50
0 7 18
0 8 20
0 9 21
0 10 75
0 11 30
0 12 95
0 13 87
0 14 75
0 15 30
0 16 40
0 17 41
0 18 81
0 19 43
0 20 57
0 21 22
0 22 31
0 23 18
0 24 94
0 25 98
0 26 60
0 27 3
0 28 77
0 29 73
0 30 24
0 31 15
0 32 66
0 33 19
0 34 94
0 35 88
0 36 27
0 37 43
0 38 41
0 39 35
0 40 77
0 41 8
0 42 5
0 43 62
0 44 40
0 45 85
0 46 4
0 47 60
0 48 5
0 49 34
0 50 48
0 51 72
0 52 22
0 53 55
0 54 41
0 55 37
0 56 58
0 57 30
0 58 66
0 59 6
0 60 7
0 61 75
0 62 7
0 63 77
0 64 89
0 65 13
0 66 33
0 67 36
0 68 81
0 69 86
0 70 65
0 71 8
0 72 88
0 73 85
0 74 8
0 75 93
0 76 83
0 77 92
0 78 22
0 79 18
0 80 26
0 81 40
0 82 81
0 83 47
0 84 16
0 85 23
0 86 25
0 87 12
0 88 3
0 89 48
0 90 35
0 91 6
0 92 14
0 93 32
0 94 64
0 95 93
1 2 24
1 3 20
1 4 75
1 5 43
1 6 4
1 7 58
1 8 79
1 9 27
1 10 19
1 11 99
1 12 89
1 13 12
1 14 53
1 15 17
1 16 98
1 17 60
1 18 84
1 19 47
1 20 86
1 21 49
1 22 63
1 23 48
1 24 58
1 25 25
1 26 19
1 27 88
1 28 17
1 29 33
1 30 74
1 31 41
1 32 29
1 33 91
1 34 93
1 35 46
1 36 35
1 37 8
1 38 39
1 39 87
1 40 97
1 41 17
1 42 62
1 43 90
1 44 87
1 45 24
1 46 75
1 47 18
1 48 84
1 49 12
1 50 97
1 51 56
1 52 24
1 53 90
1 54 62
1 55 51
1 56 46
1 57 35
1 58 72
1 59 90
1 60 85
1 61 72
1 62 8
1 63 62
1 64 62
1 65 86
1 66 98
1 67 80
1 68 25
1 69 31
1 70 87
1 71 25
1 72 12
1 73 97
1 74 8
1 75 30
1 76 63
1 77 8
1 78 2
1 79 41
1 80 9
1 81 6
1 82 53
1 83 75
1 84 66
1 85 47
1 86 5
1 87 80
1 88 57
1 89 25
1 90 32
1 91 55
1 92 90
1 93 68
1 94 48
1 95 63
2 3 62
2 4 16
2 5 2
2 6 92
2 7 31
2 8 75
2 9 13
2 10 94
2 11 32
2 12 72
2 13 28
2 14 95
2 15 8
2 16 95
2 17 29
2 18 24
2 19 95
2 20 18
2 21 29
2 22 96
2 23 24
2 24 49
2 25 44
2 26 28
2 27 66
2 28 25
2 29 70
2 30 24
2 31 1
2 32 8
2 33 15
2 34 37
2 35 51
2 36 65
2 37 16
2 38 20
2 39 54
2 40 94
2 41 71
2 42 76
2 43 74
2 44 22
2 45 17
2 46 44
2 47 60
2 48 93
2 49 94
2 50 88
2 51 35
2 52 40
2 53 12
2 54 78
2 55 29
2 56 19
2 57 21
2 58 8
2 59 72
2 60 84
2 61 92
2 62 26
2 63 6
2 64 51
2 65 83
2 66 76
2 67 76
2 68 78
2 69 61
2 70 47
2 71 76
2 72 93
2 73 13
2 74 4
2 75 24
2 76 99
2 77 70
2 78 89
2 79 16
2 80 40
2 81 25
2 82 59
2 83 2
2 84 21
2 85 37
2 86 64
2 87 80
2 88 21
2 89 63
2 90 69
2 91 23
2 92 80
2 93 47
2 94 10
2 95 13
3 4 28
3 5 32
3 6 82
3 7 37
3 8 14
3 9 89
3 10 20
3 11 38
3 12 21
3 13 11
3 14 42
3 15 16
3 16 21
3 17 75
3 18 59
3 19 42
3 20 56
3 21 12
3 22 92
3 23 95
3 24 62
3 25 35
3 26 30
3 27 75
3 28 61
3 29 51
3 30 44
3 31 97
3 32 55
3 33 35
3 34 83
3 35 55
3 36 43
3 37 13
3 38 65
3 39 14
3 40 57
3 41 1
3 42 28
3 43 92
3 44 53
3 45 70
3 46 61
3 47 8
3 48 4
3 49 1
3 50 56
3 51 8
3 52 2
3 53 33
3 54 17
3 55 39
3 56 40
3 57 95
3 58 11
3 59 91
3 60 7
3 61 99
3 62 4
3 63 99
3 64 51
3 65 94
3 66 21
3 67 58
3 68 9
3 69 72
3 70 68
3 71 69
3 72 6
3 73 24
3 74 53
3 75 67
3 76 49
3 77 50
3 78 93
3 79 15
3 80 35
3 81 64
3 82 6
3 83 34
3 84 16
3 85 22
3 86 42
3 87 61
3 88 63
3 89 19
3 90 77
3 91 7
3 92 80
3 93 39
3 94 45
3 95 70
4 5 19
4 6 64
4 7 53
4 8 55
4 9 17
4 10 73
4 11 83
4 12 89
4 13 30
4 14 97
4 15 79
4 16 11
4 17 61
4 18 35
4 19 78
4 20 52
4 21 67
4 22 52
4 23 94
4 24 72
4 25 63
4 26 75
4 27 74
4 28 77
4 29 32
4 30 95
4 31 75
4 32 21
4 33 51
4 34 8
4 35 21
4 36 15
4 37 23
4 38 87
4 39 8
4 40 25
4 41 86
4 42 35
4 43 91
4 44 16
4 45 14
4 46 20
4 47 69
4 48 22
4 49 44
4 50 47
4 51 44
4 52 37
4 53 92
4 54 32
4 55 29
4 56 63
4 57 32
4 58 49
4 59 39
4 60 61
4 61 50
4 62 82
4 63 13
4 64 17
4 65 91
4 66 11
4 67 84
4 68 58
4 69 27
4 70 38
4 71 98
4 72 57
4 73 62
4 74 41
4 75 47
4 76 65
4 77 88
4 78 47
4 79 75
4 80 6
4 81 60
4 82 18
4 83 98
4 84 79
4 85 6
4 86 44
4 87 17
4 88 16
4 89 19
4 90 42
4 91 87
4 92 13
4 93 93
4 94 46
4 95 52
5 6 1
5 7 66
5 8 87
5 9 57
5 10 87
5 11 72
5 12 61
5 13 59
5 14 92
5 15 84
5 16 97
5 17 88
5 18 33
5 19 38
5 20 11
5 21 23
5 22 92
5 23 15
5 24 93
5 25 27
5 26 70
5 27 95
5 28 73
5 29 3
5 30 76
5 31 63
5 32 3
5 33 6
5 34 56
5 35 94
5 36 59
5 37 69
5 38 93
5 39 65
5 40 97
5 41 88
5 42 27
5 43 91
5 44 40
5 45 60
5 46 18
5 47 93
5 48 28
5 49 74
5 50 26
5 51 40
5 52 85
5 53 10
5 54 6
5 55 37
5 56 72
5 57 85
5 58 21
5 59 65
5 60 5
5 61 65
5 62 60
5 63 32
5 64 34
5 65 81
5 66 43
5 67 83
5 68 12
5 69 62
5 70 26
5 71 14
5 72 68
5 73 11
5 74 79
5 75 23
5 76 65
5 77 48
5 78 34
5 79 95
5 80 89
5 81 7
5 82 72
5 83 37
5 84 66
5 85 4
5 86 78
5 87 7
5 88 74
5 89 61
5 90 56
5 91 19
5 92 83
5 93 23
5 94 33
5 95 27
6 7 58
6 8 36
6 9 86
6 10 93
6 11 18
6 12 54
6 13 41
6 14 86
6 15 10
6 16 10
6 17 88
6 18 49
6 19 64
6 20 20
6 21 41
6 22 41
6 23 43
6 24 99
6 25 53
6 26 68
6 27 64
6 28 84
6 29 13
6 30 45
6 31 65
6 32 77
6 33 51
6 34 41
6 35 82
6 36 16
6 37 7
6 38 67
6 39 87
6 40 53
6 41 47
6 42 96
6 43 10
6 44 26
6 45 51
6 46 38
6 47 18
6 48 92
6 49 40
6 50 27
6 51 16
6 52 75
6 53 28
6 54 97
6 55 16
6 56 60
6 57 31
6 58 91
6 59 45
6 60 7
6 61 63
6 62 30
6 63 52
6 64 10
6 65 4
6 66 77
6 67 67
6 68 26
6 69 91
6 70 77
6 71 59
6 72 95
6 73 12
6 74 57
6 75 4
6 76 68
6 77 67
6 78 31
6 79 5
6 80 65
6 81 10
6 82 24
6 83 95
6 84 13
6 85 29
6 86 60
6 87 82
6 88 24
6 89 52
6 90 96
6 91 49
6 92 5
6 93 85
6 94 51
6 95 79
7 8 36
7 9 55
7 10 76
7 11 60
7 12 31
7 13 96
7 14 49
7 15 57
7 16 70
7 17 7
7 18 13
7 19 84
7 20 51
7 21 34
7 22 72
7 23 18
7 24 19
7 25 52
7 26 55
7 27 32
7 28 11
7 29 22
7 30 95
7 31 65
7 32 7
7 33 32
7 34 71
7 35 66
7 36 19
7 37 90
7 38 32
7 39 31
7 40 30
7 41 17
7 42 29
7 43 49
7 44 53
7 45 42
7 46 70
7 47 89
7 48 73
7 49 97
7 50 75
7 51 1
7 52 71
7 53 69
7 54 64
7 55 76
7 56 24
7 57 43
7 58 91
7 59 28
7 60 34
7 61 51
7 62 68
7 63 36
7 64 62
7 65 19
7 66 52
7 67 66
7 68 71
7 69 71
7 70 11
7 71 88
7 72 18
7 73 31
7 74 37
7 75 63
7 76 21
7 77 78
7 78 87
7 79 27
7 80 70
7 81 40
7 82 54
7 83 25
7 84 30
7 85 2
7 86 8
7 87 1
7 88 87
7 89 28
7 90 37
7 91 77
7 92 93
7 93 64
7 94 89
7 95 19
8 9 51
8 10 80
8 11 24
8 12 70
8 13 48
8 14 54
8 15 58
8 16 17
8 17 23
8 18 39
8 19 62
8 20 99
8 21 26
8 22 75
8 23 53
8 24 41
8 25 65
8 26 32
8 27 64
8 28 39
8 29 85
8 30 71
8 31 23
8 32 45
8 33 63
8 34 23
8 35 59
8 36 75
8 37 87
8 38 30
8 39 42
8 40 92
8 41 87
8 42 56
8 43 2
8 44 32
8 45 34
8 46 61
8 47 98
8 48 37
8 49 42
8 50 61
8 51 68
8 52 91
8 53 83
8 54 61
8 55 35
8 56 82
8 57 64
8 58 45
8 59 45
8 60 19
8 61 27
8 62 69
8 63 23
8 64 37
8 65 45
8 66 5
8 67 92
8 68 73
8 69 94
8 70 29
8 71 48
8 72 25
8 73 61
8 74 96
8 75 71
8 76 72
8 77 88
8 78 71
8 79 69
8 80 86
8 81 68
8 82 6
8 83 15
8 84 66
8 85 46
8 86 38
8 87 69
8 88 87
8 89 82
8 90 96
8 91 13
8 92 81
8 93 70
8 94 94
8 95 29
9 10 22
9 11 92
9 12 82
9 13 76
9 14 12
9 15 80
9 16 12
9 17 16
9 18 68
9 19 97
9 20 64
9 21 24
9 22 80
9 23 18
9 24 12
9 25 40
9 26 46
9 27 76
9 28 44
9 29 1
9 30 86
9 31 69
9 32 9
9 33 9
9 34 11
9 35 54
9 36 92
9 37 13
9 38 41
9 39 38
9 40 72
9 41 41
9 42 96
9 43 5
9 44 73
9 45 26
9 46 82
9 47 42
9 48 23
9 49 62
9 50 87
9 51 65
9 52 62
9 53 95
9 54 8
9 55 75
9 56 63
9 57 52
9 58 30
9 59 55
9 60 52
9 61 60
9 62 60
9 63 60
9 64 93
9 65 61
9 66 24
9 67 12
9 68 88
9 69 17
9 70 77
9 71 27
9 72 66
9 73 74
9 74 54
9 75 40
9 76 89
9 77 19
9 78 94
9 79 47
9 80 93
9 81 28
9 82 79
9 83 1
9 84 33
9 85 78
9 86 91
9 87 39
9 88 2
9 89 54
9 90 83
9 91 99
9 92 44
9 93 55
9 94 15
9 95 47
10 11 36
10 12 31
10 13 21
10 14 23
10 15 45
10 16 73
10 17 9
10 18 79
10 19 48
10 20 19
10 21 37
10 22 61
10 23 28
10 24 61
10 25 59
10 26 24
10 27 65
10 28 23
10 29 44
10 30 53
10 31 74
10 32 22
10 33 6
10 34 29
10 35 29
10 36 1
10 37 36
10 38 74
10 39 16
10 40 58
10 41 81
10 42 54
10 43 71
10 44 61
10 45 63
10 46 22
10 47 12
10 48 1
10 49 31
10 50 75
10 51 8
10 52 94
10 53 98
10 54 16
10 55 11
10 56 14
10 57 90
10 58 99
10 59 13
10 60 65
10 61 64
10 62 1
10 63 23
10 64 11
10 65 7
10 66 70
10 67 22
10 68 36
10 69 51
10 70 82
10 71 70
10 72 62
10 73 41
10 74 39
10 75 65
10 76 25
10 77 93
10 78 35
10 79 86
10 80 29
10 81 99
10 82 76
10 83 6
10 84 52
10 85 31
10 86 52
10 87 34
10 88 28
10 89 8
10 90 42
10 91 67
10 92 50
10 93 32
10 94 80
10 95 20
11 12 90
11 13 45
11 14 41
11 15 71
11 16 30
11 17 57
11 18 93
11 19 27
11 20 81
11 21 31
11 22 34
11 23 18
11 24 94
11 25 99
11 26 78
11 27 10
11 28 14
11 29 29
11 30 62
11 31 69
11 32 8
11 33 60
11 34 4
11 35 54
11 36 66
11 37 66
11 38 7
11 39 79
11 40 6
11 41 35
11 42 59
11 43 7
11 44 50
11 45 98
11 46 59
11 47 77
11 48 17
11 49 28
11 50 86
11 51 57
11 52 93
11 53 39
11 54 90
11 55 65
11 56 70
11 57 53
11 58 2
11 59 6
11 60 70
11 61 73
11 62 32
11 63 55
11 64 78
11 65 82
11 66 68
11 67 6
11 68 25
11 69 1
11 70 50
11 71 90
11 72 48
11 73 40
11 74 97
11 75 94
11 76 99
11 77 61
11 78 38
11 79 12
11 80 54
11 81 16
11 82 50
11 83 10
11 84 33
11 85 88
11 86 65
11 87 43
11 88 12
11 89 74
11 90 65
11 91 66
11 92 90
11 93 50
11 94 43
11 95 42
12 13 19
12 14 77
12 15 8
12 16 89
12 17 35
12 18 70
12 19 78
12 20 79
12 21 8
12 22 20
12 23 79
12 24 58
12 25 1
12 26 71
12 27 89
12 28 40
12 29 33
12 30 46
12 31 80
12 32 39
12 33 84
12 34 44
12 35 69
12 36 39
12 37 6
12 38 4
12 39 96
12 40 15
12 41 28
12 42 21
12 43 36
12 44 97
12 45 20
12 46 75
12 47 3
12 48 94
12 49 65
12 50 65
12 51 92
12 52 43
12 53 85
12 54 24
12 55 17
12 56 22
12 57 72
12 58 8
12 59 2
12 60 17
12 61 39
12 62 71
12 63 6
12 64 95
12 65 68
12 66 77
12 67 51
12 68 90
12 69 15
12 70 71
12 71 69
12 72 4
12 73 90
12 74 36
12 75 22
12 76 11
12 77 47
12 78 43
12 79 16
12 80 1
12 81 98
12 82 1
12 83 10
12 84 42
12 85 97
12 86 87
12 87 93
12 88 35
12 89 89
12 90 9
12 91 58
12 92 27
12 93 71
12 94 85
12 95 73
13 14 28
13 15 12
13 16 38
13 17 46
13 18 88
13 19 7
13 20 29
13 21 99
13 22 39
13 23 19
13 24 98
13 25 39
13 26 29
13 27 86
13 28 10
13 29 29
13 30 77
13 31 4
13 32 39
13 33 61
13 34 20
13 35 12
13 36 45
13 37 62
13 38 23
13 39 68
13 40 94
13 41 98
13 42 90
13 43 49
13 44 32
13 45 23
13 46 89
13 47 50
13 48 18
13 49 78
13 50 54
13 51 14
13 52 8
13 53 91
13 54 58
13 55 59
13 56 76
13 57 27
13 58 57
13 59 34
13 60 88
13 61 4
13 62 22
13 63 33
13 64 29
13 65 20
13 66 98
13 67 38
13 68 43
13 69 54
13 70 4
13 71 62
13 72 21
13 73 16
13 74 25
13 75 57
13 76 46
13 77 37
13 78 90
13 79 6
13 80 57
13 81 33
13 82 3
13 83 47
13 84 14
13 85 42
13 86 20
13 87 28
13 88 28
13 89 62
13 90 95
13 91 93
13 92 50
13 93 85
13 94 98
13 95 34
14 15 46
14 16 77
14 17 35
14 18 34
14 19 85
14 20 33
14 21 70
14 22 50
14 23 2
14 24 82
14 25 31
14 26 57
14 27 93
14 28 74
14 29 9
14 30 77
14 31 95
14 32 23
14 33 62
14 34 24
14 35 39
14 36 20
14 37 41
14 38 39
14 39 81
14 40 92
14 41 67
14 42 60
14 43 81
14 44 80
14 45 29
14 46 74
14 47 69
14 48 71
14 49 83
14 50 6
14 51 42
14 52 53
14 53 98
14 54 92
14 55 37
14 56 30
14 57 37
14 58 5
14 59 58
14 60 7
14 61 18
14 62 70
14 63 22
14 64 85
14 65 52
14 66 48
14 67 84
14 68 98
14 69 65
14 70 5
14 71 83
14 72 32
14 73 61
14 74 87
14 75 76
14 76 87
14 77 95
14 78 41
14 79 69
14 80 67
14 81 53
14 82 1
14 83 75
14 84 13
14 85 31
14 86 99
14 87 48
14 88 28
14 89 49
14 90 42
14 91 61
14 92 22
14 93 27
14 94 37
14 95 56
15 16 25
15 17 68
15 18 70
15 19 8
15 20 34
15 21 7
15 22 25
15 23 46
15 24 23
15 25 45
15 26 5
15 27 48
15 28 54
15 29 67
15 30 58
15 31 98
15 32 60
15 33 83
15 34 63
15 35 10
15 36 24
15 37 29
15 38 95
15 39 67
15 40 79
15 41 99
15 42 97
15 43 50
15 44 61
15 45 21
15 46 94
15 47 83
15 48 95
15 49 97
15 50 35
15 51 57
15 52 38
15 53 49
15 54 84
15 55 92
15 56 53
15 57 17
15 58 92
15 59 9
15 60 19
15 61 59
15 62 51
15 63 5
15 64 10
15 65 62
15 66 19
15 67 16
15 68 65
15 69 58
15 70 42
15 71 99
15 72 71
15 73 72
15 74 73
15 75 15
15 76 31
15 77 66
15 78 82
15 79 26
15 80 43
15 81 87
15 82 41
15 83 11
15 84 30
15 85 39
15 86 32
15 87 48
15 88 75
15 89 86
15 90 37
15 91 57
15 92 58
15 93 35
15 94 65
15 95 98
16 17 18
16 18 64
16 19 73
16 20 10
16 21 76
16 22 19
16 23 26
16 24 58
16 25 89
16 26 97
16 27 9
16 28 37
16 29 34
16 30 37
16 31 72
16 32 36
16 33 87
16 34 62
16 35 31
16 36 55
16 37 44
16 38 49
16 39 55
16 40 60
16 41 16
16 42 84
16 43 54
16 44 85
16 45 13
16 46 94
16 47 20
16 48 36
16 49 30
16 50 6
16 51 4
16 52 20
16 53 13
16 54 38
16 55 72
16 56 92
16 57 65
16 58 56
16 59 66
16 60 22
16 61 54
16 62 90
16 63 62
16 64 5
16 65 47
16 66 33
16 67 3
16 68 71
16 69 51
16 70 41
16 71 49
16 72 68
16 73 67
16 74 47
16 75 50
16 76 61
16 77 68
16 78 45
16 79 98
16 80 61
16 81 14
16 82 59
16 83 78
16 84 32
16 85 40
16 86 22
16 87 92
16 88 58
16 89 72
16 90 6
16 91 12
16 92 70
16 93 14
16 94 36
16 95 4
17 18 54
17 19 92
17 20 30
17 21 65
17 22 41
17 23 8
17 24 87
17 25 88
17 26 24
17 27 23
17 28 11
17 29 61
17 30 57
17 31 55
17 32 32
17 33 24
17 34 23
17 35 4
17 36 54
17 37 94
17 38 86
17 39 95
17 40 25
17 41 34
17 42 85
17 43 88
17 44 50
17 45 83
17 46 13
17 47 3
17 48 75
17 49 75
17 50 8
17 51 56
17 52 18
17 53 70
17 54 32
17 55 62
17 56 85
17 57 36
17 58 80
17 59 55
17 60 58
17 61 10
17 62 79
17 63 67
17 64 74
17 65 81
17 66 81
17 67 82
17 68 75
17 69 94
17 70 40
17 71 18
17 72 18
17 73 50
17 74 43
17 75 93
17 76 44
17 77 71
17 78 9
17 79 12
17 80 65
17 81 32
17 82 13
17 83 58
17 84 43
17 85 82
17 86 80
17 87 62
17 88 96
17 89 15
17 90 1
17 91 91
17 92 17
17 93 68
17 94 1
17 95 3
18 19 48
18 20 50
18 21 90
18 22 98
18 23 74
18 24 77
18 25 64
18 26 64
18 27 19
18 28 26
18 29 17
18 30 30
18 31 84
18 32 97
18 33 65
18 34 48
18 35 68
18 36 94
18 37 23
18 38 46
18 39 99
18 40 66
18 41 86
18 42 1
18 43 49
18 44 91
18 45 50
18 46 65
18 47 36
18 48 89
18 49 83
18 50 24
18 51 65
18 52 79
18 53 16
18 54 54
18 55 60
18 56 63
18 57 64
18 58 67
18 59 13
18 60 87
18 61 4
18 62 97
18 63 47
18 64 66
18 65 47
18 66 79
18 67 82
18 68 19
18 69 81
18 70 25
18 71 40
18 72 76
18 73 60
18 74 7
18 75 75
18 76 79
18 77 9
18 78 9
18 79 52
18 80 74
18 81 39
18 82 7
18 83 95
18 84 63
18 85 67
18 86 61
18 87 69
18 88 70
18 89 68
18 90 88
18 91 33
18 92 90
18 93 63
18 94 74
18 95 17
19 20 24
19 21 58
19 22 5
19 23 34
19 24 54
19 25 89
19 26 25
19 27 21
19 28 3
19 29 41
19 30 7
19 31 84
19 32 41
19 33 15
19 34 62
19 35 81
19 36 97
19 37 35
19 38 63
19 39 77
19 40 47
19 41 67
19 42 22
19 43 39
19 44 12
19 45 55
19 46 60
19 47 56
19 48 35
19 49 45
19 50 33
19 51 71
19 52 84
19 53 66
19 54 38
19 55 77
19 56 61
19 57 25
19 58 22
19 59 31
19 60 88
19 61 98
19 62 58
19 63 27
19 64 96
19 65 67
19 66 24
19 67 63
19 68 50
19 69 1
19 70 37
19 71 99
19 72 66
19 73 81
19 74 34
19 75 21
19 76 27
19 77 96
19 78 97
19 79 12
19 80 60
19 81 45
19 82 57
19 83 42
19 84 19
19 85 90
19 86 42
19 87 95
19 88 53
19 89 55
19 90 55
19 91 54
19 92 52
19 93 3
19 94 47
19 95 40
20 21 45
20 22 98
20 23 36
20 24 53
20 25 27
20 26 31
20 27 57
20 28 43
20 29 86
20 30 39
20 31 76
20 32 90
20 33 47
20 34 48
20 35 75
20 36 81
20 37 61
20 38 72
20 39 33
20 40 51
20 41 82
20 42 90
20 43 21
20 44 88
20 45 23
20 46 87
20 47 96
20 48 84
20 49 21
20 50 59
20 51 17
20 52 81
20 53 46
20 54 17
20 55 82
20 56 51
20 57 33
20 58 19
20 59 89
20 60 48
20 61 35
20 62 9
20 63 13
20 64 17
20 65 94
20 66 60
20 67 7
20 68 79
20 69 92
20 70 53
20 71 72
20 72 21
20 73 81
20 74 29
20 75 99
20 76 22
20 77 91
20 78 61
20 79 36
20 80 32
20 81 91
20 82 77
20 83 71
20 84 59
20 85 29
20 86 93
20 87 91
20 88 27
20 89 42
20 90 55
20 91 57
20 92 20
20 93 46
20 94 34
20 95 17
21 22 87
21 23 14
21 24 64
21 25 77
21 26 37
21 27 18
21 28 21
21 29 18
21 30 3
21 31 12
21 32 61
21 33 64
21 34 79
21 35 80
21 36 26
21 37 24
21 38 52
21 39 18
21 40 56
21 41 52
21 42 52
21 43 14
21 44 55
21 45 66
21 46 99
21 47 19
21 48 75
21 49 13
21 50 83
21 51 12
21 52 15
21 53 49
21 54 12
21 55 35
21 56 12
21 57 15
21 58 92
21 59 91
21 60 49
21 61 71
21 62 88
21 63 98
21 64 84
21 65 69
21 66 97
21 67 99
21 68 70
21 69 97
21 70 74
21 71 59
21 72 9
21 73 19
21 74 99
21 75 71
21 76 89
21 77 42
21 78 24
21 79 57
21 80 22
21 81 42
21 82 12
21 83 60
21 84 26
21 85 1
21 86 97
21 87 70
21 88 6
21 89 21
21 90 62
21 91 4
21 92 41
21 93 15
21 94 14
21 95 30
22 23 61
22 24 70
22 25 17
22 26 24
22 27 53
22 28 41
22 29 17
22 30 34
22 31 32
22 32 86
22 33 96
22 34 32
22 35 39
22 36 88
22 37 8
22 38 17
22 39 25
22 40 46
22 41 70
22 42 52
22 43 1
22 44 34
22 45 25
22 46 16
22 47 33
22 48 24
22 49 23
22 50 90
22 51 71
22 52 12
22 53 12
22 54 48
22 55 67
22 56 13
22 57 95
22 58 29
22 59 36
22 60 75
22 61 28
22 62 74
22 63 58
22 64 55
22 65 26
22 66 53
22 67 84
22 68 42
22 69 49
22 70 21
22 71 89
22 72 79
22 73 52
22 74 40
22 75 82
22 76 83
22 77 45
22 78 60
22 79 39
22 80 7
22 81 29
22 82 22
22 83 95
22 84 45
22 85 89
22 86 2
22 87 86
22 88 38
22 89 57
22 90 42
22 91 69
22 92 68
22 93 83
22 94 74
22 95 65
23 24 74
23 25 13
23 26 28
23 27 69
23 28 89
23 29 54
23 30 88
23 31 5
23 32 99
23 33 75
23 34 84
23 35 83
23 36 93
23 37 53
23 38 14
23 39 19
23 40 93
23 41 54
23 42 61
23 43 5
23 44 9
23 45 63
23 46 90
23 47 47
23 48 41
23 49 90
23 50 85
23 51 53
23 52 10
23 53 98
23 54 46
23 55 41
23 56 79
23 57 82
23 58 23
23 59 62
23 60 4
23 61 36
23 62 74
23 63 41
23 64 33
23 65 15
23 66 94
23 67 42
23 68 25
23 69 7
23 70 25
23 71 8
23 72 82
23 73 75
23 74 77
23 75 55
23 76 90
23 77 31
23 78 14
23 79 94
23 80 30
23 81 53
23 82 56
23 83 41
23 84 70
23 85 3
23 86 96
23 87 86
23 88 94
23 89 1
23 90 14
23 91 53
23 92 36
23 93 69
23 94 61
23 95 21
24 25 98
24 26 19
24 27 80
24 28 30
24 29 40
24 30 30
24 31 14
24 32 56
24 33 31
24 34 87
24 35 35
24 36 34
24 37 30
24 38 58
24 39 20
24 40 98
24 41 55
24 42 43
24 43 74
24 44 82
24 45 60
24 46 51
24 47 40
24 48 27
24 49 63
24 50 50
24 51 83
24 52 86
24 53 67
24 54 89
24 55 38
24 56 30
24 57 85
24 58 2
24 59 46
24 60 42
24 61 64
24 62 81
24 63 16
24 64 79
24 65 6
24 66 49
24 67 45
24 68 7
24 69 38
24 70 35
24 71 30
24 72 79
24 73 51
24 74 2
24 75 50
24 76 73
24 77 45
24 78 38
24 79 74
24 80 94
24 81 23
24 82 50
24 83 70
24 84 30
24 85 38
24 86 92
24 87 21
24 88 69
24 89 64
24 90 4
24 91 44
24 92 86
24 93 74
24 94 19
24 95 44
25 26 23
25 27 97
25 28 67
25 29 90
25 30 26
25 31 31
25 32 82
25 33 98
25 34 19
25 35 59
25 36 18
25 37 61
25 38 91
25 39 99
25 40 10
25 41 62
25 42 50
25 43 99
25 44 45
25 45 9
25 46 62
25 47 98
25 48 83
25 49 23
25 50 86
25 51 76
25 52 5
25 53 14
25 54 85
25 55 82
25 56 7
25 57 80
25 58 76
25 59 42
25 60 83
25 61 31
25 62 4
25 63 78
25 64 67
25 65 37
25 66 88
25 67 64
25 68 99
25 69 2
25 70 73
25 71 55
25 72 33
25 73 54
25 74 58
25 75 27
25 76 45
25 77 64
25 78 86
25 79 60
25 80 41
25 81 15
25 82 1
25 83 37
25 84 79
25 85 70
25 86 66
25 87 51
25 88 89
25 89 56
25 90 30
25 91 69
25 92 98
25 93 27
25 94 92
25 95 19
26 27 90
26 28 46
26 29 99
26 30 46
26 31 34
26 32 2
26 33 13
26 34 68
26 35 60
26 36 3
26 37 2
26 38 44
26 39 70
26 40 29
26 41 25
26 42 7
26 43 87
26 44 27
26 45 61
26 46 50
26 47 65
26 48 75
26 49 73
26 50 29
26 51 71
26 52 66
26 53 95
26 54 20
26 55 27
26 56 25
26 57 65
26 58 13
26 59 59
26 60 89
26 61 16
26 62 57
26 63 53
26 64 14
26 65 53
26 66 97
26 67 48
26 68 91
26 69 73
26 70 29
26 71 87
26 72 26
26 73 60
26 74 63
26 75 16
26 76 70
26 77 13
26 78 82
26 79 67
26 80 31
26 81 97
26 82 68
26 83 25
26 84 14
26 85 60
26 86 49
26 87 35
26 88 54
26 89 59
26 90 6
26 91 21
26 92 10
26 93 99
26 94 30
26 95 13
27 28 47
27 29 80
27 30 43
27 31 83
27 32 68
27 33 37
27 34 61
27 35 70
27 36 4
27 37 35
27 38 39
27 39 62
27 40 25
27 41 52
27 42 91
27 43 79
27 44 15
27 45 54
27 46 60
27 47 85
27 48 77
27 49 17
27 50 1
27 51 72
27 52 46
27 53 99
27 54 1
27 55 74
27 56 54
27 57 96
27 58 8
27 59 81
27 60 88
27 61 7
27 62 21
27 63 33
27 64 80
27 65 59
27 66 80
27 67 51
27 68 80
27 69 73
27 70 35
27 71 57
27 72 3
27 73 35
27 74 90
27 75 97
27 76 34
27 77 82
27 78 50
27 79 7
27 80 92
27 81 52
27 82 45
27 83 6
27 84 78
27 85 21
27 86 76
27 87 52
27 88 5
27 89 75
27 90 40
27 91 73
27 92 14
27 93 89
27 94 50
27 95 74
28 29 8
28 30 6
28 31 96
28 32 63
28 33 23
28 34 11
28 35 50
28 36 42
28 37 70
28 38 16
28 39 23
28 40 25
28 41 42
28 42 88
28 43 77
28 44 15
28 45 67
28 46 31
28 47 63
28 48 10
28 49 16
28 50 52
28 51 18
28 52 97
28 53 99
28 54 52
28 55 50
28 56 23
28 57 19
28 58 4
28 59 65
28 60 13
28 61 24
28 62 21
28 63 38
28 64 25
28 65 98
28 66 85
28 67 63
28 68 86
28 69 22
28 70 40
28 71 17
28 72 50
28 73 5
28 74 30
28 75 48
28 76 41
28 77 93
28 78 10
28 79 6
28 80 79
28 81 74
28 82 54
28 83 9
28 84 75
28 85 60
28 86 4
28 87 39
28 88 73
28 89 45
28 90 63
28 91 13
28 92 13
28 93 87
28 94 14
28 95 82
29 30 21
29 31 76
29 32 44
29 33 32
29 34 52
29 35 91
29 36 60
29 37 3
29 38 67
29 39 37
29 40 79
29 41 1
29 42 21
29 43 58
29 44 64
29 45 64
29 46 16
29 47 79
29 48 79
29 49 42
29 50 88
29 51 98
29 52 40
29 53 37
29 54 10
29 55 8
29 56 83
29 57 41
29 58 25
29 59 98
29 60 33
29 61 22
29 62 14
29 63 31
29 64 4
29 65 75
29 66 65
29 67 52
29 68 28
29 69 50
29 70 35
29 71 14
29 72 73
29 73 27
29 74 65
29 75 70
29 76 19
29 77 88
29 78 93
29 79 45
29 80 12
29 81 39
29 82 4
29 83 40
29 84 72
29 85 50
29 86 68
29 87 96
29 88 35
29 89 59
29 90 71
29 91 29
29 92 11
29 93 90
29 94 70
29 95 21
30 31 2
30 32 12
30 33 66
30 34 10
30 35 24
30 36 9
30 37 72
30 38 43
30 39 87
30 40 96
30 41 22
30 42 96
30 43 22
30 44 45
30 45 83
30 46 44
30 47 89
30 48 81
30 49 40
30 50 53
30 51 54
30 52 11
30 53 80
30 54 32
30 55 30
30 56 24
30 57 68
30 58 22
30 59 89
30 60 37
30 61 12
30 62 92
30 63 95
30 64 26
30 65 41
30 66 56
30 67 73
30 68 59
30 69 47
30 70 22
30 71 26
30 72 4
30 73 50
30 74 69
30 75 49
30 76 26
30 77 33
30 78 72
30 79 70
30 80 81
30 81 86
30 82 48
30 83 83
30 84 88
30 85 47
30 86 22
30 87 30
30 88 68
30 89 80
30 90 99
30 91 43
30 92 33
30 93 33
30 94 17
30 95 69
31 32 77
31 33 37
31 34 83
31 35 10
31 36 72
31 37 86
31 38 17
31 39 78
31 40 77
31 41 87
31 42 50
31 43 36
31 44 86
31 45 79
31 46 33
31 47 60
31 48 29
31 49 67
31 50 69
31 51 41
31 52 22
31 53 1
31 54 12
31 55 28
31 56 35
31 57 90
31 58 38
31 59 81
31 60 25
31 61 83
31 62 88
31 63 20
31 64 69
31 65 8
31 66 99
31 67 19
31 68 94
31 69 12
31 70 11
31 71 68
31 72 28
31 73 58
31 74 77
31 75 65
31 76 41
31 77 57
31 78 61
31 79 2
31 80 32
31 81 17
31 82 85
31 83 96
31 84 92
31 85 74
31 86 25
31 87 57
31 88 34
31 89 51
31 90 22
31 91 3
31 92 45
31 93 3
31 94 47
31 95 77
32 33 35
32 34 42
32 35 13
32 36 98
32 37 19
32 38 34
32 39 2
32 40 34
32 41 2
32 42 57
32 43 60
32 44 65
32 45 47
32 46 31
32 47 35
32 48 85
32 49 60
32 50 81
32 51 31
32 52 22
32 53 92
32 54 79
32 55 19
32 56 91
32 57 55
32 58 39
32 59 47
32 60 9
32 61 9
32 62 94
32 63 7
32 64 37
32 65 3
32 66 6
32 67 1
32 68 43
32 69 23
32 70 13
32 71 48
32 72 43
32 73 3
32 74 68
32 75 62
32 76 56
32 77 41
32 78 83
32 79 30
32 80 50
32 81 95
32 82 15
32 83 44
32 84 21
32 85 90
32 86 33
32 87 36
32 88 49
32 89 37
32 90 2
32 91 26
32 92 91
32 93 62
32 94 55
32 95 49
33 34 67
33 35 42
33 36 58
33 37 98
33 38 86
33 39 29
33 40 55
33 41 21
33 42 18
33 43 17
33 44 12
33 45 55
33 46 38
33 47 33
33 48 35
33 49 98
33 50 71
33 51 15
33 52 90
33 53 87
33 54 88
33 55 42
33 56 80
33 57 4
33 58 7
33 59 9
33 60 20
33 61 78
33 62 89
33 63 84
33 64 80
33 65 12
33 66 74
33 67 63
33 68 1
33 69 35
33 70 5
33 71 87
33 72 71
33 73 81
33 74 70
33 75 85
33 76 37
33 77 41
33 78 71
33 79 6
33 80 67
33 81 85
33 82 96
33 83 56
33 84 24
33 85 3
33 86 13
33 87 83
33 88 66
33 89 27
33 90 11
33 91 30
33 92 29
33 93 19
33 94 93
33 95 12
34 35 99
34 36 36
34 37 59
34 38 95
34 39 47
34 40 49
34 41 84
34 42 55
34 43 37
34 44 25
34 45 63
34 46 4
34 47 97
34 48 55
34 49 74
34 50 2
34 51 28
34 52 8
34 53 99
34 54 51
34 55 39
34 56 80
34 57 93
34 58 20
34 59 63
34 60 70
34 61 62
34 62 13
34 63 61
34 64 56
34 65 66
34 66 92
34 67 88
34 68 12
34 69 9
34 70 18
34 71 56
34 72 90
34 73 42
34 74 13
34 75 3
34 76 71
34 77 79
34 78 94
34 79 39
34 80 31
34 81 28
34 82 7
34 83 48
34 84 35
34 85 45
34 86 75
34 87 65
34 88 67
34 89 25
34 90 3
34 91 74
34 92 58
34 93 40
34 94 11
34 95 90
35 36 4
35 37 73
35 38 92
35 39 58
35 40 98
35 41 75
35 42 36
35 43 20
35 44 16
35 45 62
35 46 19
35 47 91
35 48 12
35 49 94
35 50 30
35 51 84
35 52 46
35 53 60
35 54 70
35 55 73
35 56 68
35 57 92
35 58 23
35 59 63
35 60 96
35 61 83
35 62 79
35 63 88
35 64 78
35 65 90
35 66 29
35 67 37
35 68 66
35 69 83
35 70 27
35 71 36
35 72 71
35 73 11
35 74 64
35 75 7
35 76 54
35 77 46
35 78 63
35 79 6
35 80 49
35 81 12
35 82 38
35 83 56
35 84 45
35 85 36
35 86 61
35 87 17
35 88 17
35 89 98
35 90 96
35 91 9
35 92 38
35 93 55
35 94 56
35 95 27
36 37 57
36 38 45
36 39 99
36 40 92
36 41 62
36 42 77
36 43 83
36 44 76
36 45 58
36 46 22
36 47 10
36 48 16
36 49 91
36 50 44
36 51 62
36 52 17
36 53 49
36 54 25
36 55 79
36 56 56
36 57 78
36 58 38
36 59 44
36 60 76
36 61 53
36 62 26
36 63 37
36 64 83
36 65 84
36 66 66
36 67 14
36 68 8
36 69 4
36 70 93
36 71 95
36 72 41
36 73 8
36 74 99
36 75 12
36 76 18
36 77 27
36 78 98
36 79 16
36 80 8
36 81 84
36 82 2
36 83 83
36 84 40
36 85 45
36 86 23
36 87 3
36 88 51
36 89 41
36 90 68
36 91 83
36 92 79
36 93 64
36 94 95
36 95 63
37 38 66
37 39 83
37 40 93
37 41 66
37 42 61
37 43 72
37 44 24
37 45 10
37 46 52
37 47 83
37 48 19
37 49 55
37 50 11
37 51 76
37 52 11
37 53 78
37 54 17
37 55 49
37 56 29
37 57 99
37 58 15
37 59 80
37 60 20
37 61 45
37 62 71
37 63 83
37 64 9
37 65 57
37 66 60
37 67 33
37 68 19
37 69 34
37 70 42
37 71 56
37 72 27
37 73 4
37 74 72
37 75 44
37 76 97
37 77 9
37 78 78
37 79 55
37 80 45
37 81 49
37 82 25
37 83 60
37 84 85
37 85 7
37 86 54
37 87 72
37 88 10
37 89 2
37 90 20
37 91 81
37 92 26
37 93 55
37 94 15
37 95 33
38 39 92
38 40 29
38 41 95
38 42 85
38 43 5
38 44 34
38 45 65
38 46 1
38 47 9
38 48 56
38 49 60
38 50 83
38 51 61
38 52 14
38 53 97
38 54 87
38 55 43
38 56 2
38 57 93
38 58 26
38 59 93
38 60 54
38 61 62
38 62 62
38 63 48
38 64 26
38 65 16
38 66 44
38 67 53
38 68 32
38 69 15
38 70 27
38 71 72
38 72 38
38 73 31
38 74 99
38 75 92
38 76 31
38 77 24
38 78 92
38 79 76
38 80 31
38 81 28
38 82 14
38 83 17
38 84 98
38 85 26
38 86 76
38 87 81
38 88 36
38 89 19
38 90 54
38 91 33
38 92 75
38 93 48
38 94 41
38 95 71
39 40 61
39 41 32
39 42 41
39 43 91
39 44 33
39 45 4
39 46 8
39 47 44
39 48 11
39 49 8
39 50 7
39 51 52
39 52 88
39 53 48
39 54 97
39 55 13
39 56 15
39 57 36
39 58 24
39 59 5
39 60 44
39 61 5
39 62 46
39 63 91
39 64 68
39 65 59
39 66 53
39 67 99
39 68 60
39 69 82
39 70 20
39 71 40
39 72 80
39 73 11
39 74 74
39 75 36
39 76 38
39 77 9
39 78 74
39 79 41
39 80 79
39 81 42
39 82 36
39 83 80
39 84 78
39 85 95
39 86 26
39 87 42
39 88 86
39 89 27
39 90 61
39 91 49
39 92 26
39 93 2
39 94 54
39 95 52
40 41 85
40 42 34
40 43 58
40 44 7
40 45 86
40 46 35
40 47 63
40 48 53
40 49 28
40 50 57
40 51 30
40 52 5
40 53 48
40 54 64
40 55 58
40 56 10
40 57 57
40 58 56
40 59 45
40 60 1
40 61 52
40 62 92
40 63 35
40 64 99
40 65 56
40 66 67
40 67 94
40 68 31
40 69 96
40 70 15
40 71 87
40 72 53
40 73 30
40 74 38
40 75 83
40 76 13
40 77 51
40 78 87
40 79 85
40 80 30
40 81 26
40 82 78
40 83 5
40 84 90
40 85 94
40 86 58
40 87 57
40 88 98
40 89 5
40 90 65
40 91 28
40 92 9
40 93 88
40 94 21
40 95 19
41 42 29
41 43 29
41 44 82
41 45 63
41 46 49
41 47 73
41 48 81
41 49 59
41 50 34
41 51 94
41 52 18
41 53 59
41 54 41
41 55 63
41 56 57
41 57 96
41 58 82
41 59 95
41 60 72
41 61 31
41 62 79
41 63 33
41 64 94
41 65 26
41 66 93
41 67 54
41 68 41
41 69 10
41 70 27
41 71 10
41 72 11
41 73 94
41 74 8
41 75 98
41 76 35
41 77 70
41 78 61
41 79 46
41 80 5
41 81 37
41 82 94
41 83 12
41 84 78
41 85 44
41 86 97
41 87 88
41 88 23
41 89 70
41 90 51
41 91 62
41 92 84
41 93 31
41 94 95
41 95 66
42 43 94
42 44 41
42 45 59
42 46 18
42 47 90
42 48 34
42 49 32
42 50 77
42 51 12
42 52 48
42 53 31
42 54 81
42 55 37
42 56 79
42 57 99
42 58 54
42 59 80
42 60 33
42 61 35
42 62 65
42 63 45
42 64 19
42 65 21
42 66 17
42 67 44
42 68 14
42 69 65
42 70 27
42 71 25
42 72 35
42 73 12
42 74 83
42 75 84
42 76 65
42 77 18
42 78 40
42 79 69
42 80 11
42 81 18
42 82 86
42 83 78
42 84 39
42 85 76
42 86 12
42 87 21
42 88 12
42 89 61
42 90 27
42 91 22
42 92 41
42 93 21
42 94 48
42 95 94
43 44 98
43 45 25
43 46 90
43 47 40
43 48 5
43 49 35
43 50 37
43 51 21
43 52 33
43 53 1
43 54 93
43 55 56
43 56 11
43 57 56
43 58 28
43 59 3
43 60 53
43 61 49
43 62 56
43 63 12
43 64 24
43 65 41
43 66 68
43 67 46
43 68 91
43 69 94
43 70 12
43 71 12
43 72 49
43 73 78
43 74 42
43 75 34
43 76 86
43 77 79
43 78 25
43 79 69
43 80 96
43 81 47
43 82 47
43 83 4
43 84 86
43 85 89
43 86 35
43 87 78
43 88 74
43 89 53
43 90 39
43 91 25
43 92 15
43 93 75
43 94 3
43 95 28
44 45 32
44 46 60
44 47 60
44 48 32
44 49 27
44 50 49
44 51 41
44 52 99
44 53 27
44 54 47
44 55 89
44 56 52
44 57 18
44 58 63
44 59 53
44 60 15
44 61 25
44 62 31
44 63 29
44 64 58
44 65 12
44 66 78
44 67 45
44 68 57
44 69 67
44 70 36
44 71 82
44 72 66
44 73 24
44 74 88
44 75 98
44 76 48
44 77 38
44 78 59
44 79 71
44 80 71
44 81 12
44 82 70
44 83 68
44 84 24
44 85 46
44 86 60
44 87 36
44 88 50
44 89 96
44 90 78
44 91 71
44 92 44
44 93 88
44 94 87
44 95 86
45 46 59
45 47 63
45 48 34
45 49 24
45 50 9
45 51 89
45 52 92
45 53 99
45 54 13
45 55 10
45 56 65
45 57 87
45 58 39
45 59 18
45 60 97
45 61 78
45 62 68
45 63 33
45 64 11
45 65 13
45 66 16
45 67 61
45 68 76
45 69 97
45 70 36
45 71 15
45 72 65
45 73 44
45 74 76
45 75 90
45 76 54
45 77 94
45 78 90
45 79 72
45 80 2
45 81 68
45 82 54
45 83 87
45 84 72
45 85 72
45 86 96
45 87 12
45 88 85
45 89 65
45 90 91
45 91 20
45 92 81
45 93 68
45 94 5
45 95 92
46 47 78
46 48 54
46 49 4
46 50 43
46 51 53
46 52 24
46 53 93
46 54 67
46 55 23
46 56 40
46 57 42
46 58 71
46 59 51
46 60 86
46 61 55
46 62 4
46 63 64
46 64 99
46 65 90
46 66 52
46 67 71
46 68 9
46 69 29
46 70 1
46 71 66
46 72 49
46 73 81
46 74 58
46 75 56
46 76 75
46 77 64
46 78 64
46 79 90
46 80 15
46 81 69
46 82 13
46 83 33
46 84 39
46 85 52
46 86 87
46 87 96
46 88 42
46 89 44
46 90 42
46 91 75
46 92 43
46 93 85
46 94 48
46 95 82
47 48 33
47 49 87
47 50 42
47 51 3
47 52 83
47 53 96
47 54 78
47 55 20
47 56 72
47 57 20
47 58 77
47 59 6
47 60 67
47 61 4
47 62 65
47 63 96
47 64 26
47 65 80
47 66 74
47 67 43
47 68 74
47 69 41
47 70 12
47 71 94
47 72 54
47 73 95
47 74 69
47 75 21
47 76 89
47 77 25
47 78 47
47 79 30
47 80 29
47 81 83
47 82 41
47 83 94
47 84 1
47 85 2
47 86 75
47 87 7
47 88 10
47 89 55
47 90 90
47 91 37
47 92 53
47 93 34
47 94 2
47 95 48
48 49 21
48 50 57
48 51 55
48 52 55
48 53 45
48 54 91
48 55 74
48 56 81
48 57 39
48 58 35
48 59 83
48 60 25
48 61 26
48 62 8
48 63 13
48 64 5
48 65 48
48 66 57
48 67 65
48 68 54
48 69 13
48 70 10
48 71 41
48 72 60
48 73 47
48 74 30
48 75 20
48 76 21
48 77 43
48 78 87
48 79 50
48 80 72
48 81 5
48 82 29
48 83 35
48 84 35
48 85 61
48 86 33
48 87 46
48 88 26
48 89 65
48 90 47
48 91 62
48 92 73
48 93 68
48 94 6
48 95 70
49 50 74
49 51 45
49 52 56
49 53 52
49 54 77
49 55 12
49 56 58
49 57 40
49 58 29
49 59 90
49 60 21
49 61 78
49 62 47
49 63 88
49 64 75
49 65 86
49 66 75
49 67 97
49 68 44
49 69 29
49 70 60
49 71 22
49 72 56
49 73 91
49 74 57
49 75 84
49 76 2
49 77 60
49 78 54
49 79 49
49 80 37
49 81 29
49 82 30
49 83 53
49 84 19
49 85 7
49 86 52
49 87 28
49 88 90
49 89 66
49 90 16
49 91 99
49 92 93
49 93 37
49 94 58
49 95 66
50 51 79
50 52 35
50 53 96
50 54 43
50 55 85
50 56 50
50 57 63
50 58 34
50 59 22
50 60 87
50 61 97
50 62 33
50 63 83
50 64 78
50 65 1
50 66 39
50 67 29
50 68 10
50 69 17
50 70 85
50 71 7
50 72 40
50 73 86
50 74 22
50 75 54
50 76 41
50 77 42
50 78 44
50 79 64
50 80 35
50 81 19
50 82 48
50 83 54
50 84 63
50 85 73
50 86 42
50 87 50
50 88 28
50 89 12
50 90 47
50 91 43
50 92 88
50 93 1
50 94 41
50 95 65
51 52 95
51 53 43
51 54 40
51 55 84
51 56 71
51 57 58
51 58 58
51 59 40
51 60 24
51 61 4
51 62 94
51 63 49
51 64 79
51 65 81
51 66 98
51 67 42
51 68 61
51 69 59
51 70 84
51 71 91
51 72 42
51 73 83
51 74 88
51 75 66
51 76 92
51 77 77
51 78 90
51 79 82
51 80 23
51 81 49
51 82 4
51 83 53
51 84 74
51 85 79
51 86 49
51 87 57
51 88 82
51 89 52
51 90 72
51 91 99
51 92 42
51 93 57
51 94 79
51 95 54
52 53 46
52 54 57
52 55 69
52 56 87
52 57 71
52 58 2
52 59 2
52 60 78
52 61 17
52 62 88
52 63 34
52 64 8
52 65 55
52 66 83
52 67 5
52 68 25
52 69 60
52 70 69
52 71 66
52 72 60
52 73 93
52 74 94
52 75 40
52 76 51
52 77 39
52 78 97
52 79 39
52 80 66
52 81 89
52 82 85
52 83 14
52 84 19
52 85 57
52 86 57
52 87 16
52 88 68
52 89 26
52 90 65
52 91 82
52 92 24
52 93 94
52 94 78
52 95 91
53 54 35
53 55 11
53 56 97
53 57 49
53 58 94
53 59 20
53 60 91
53 61 55
53 62 53
53 63 34
53 64 77
53 65 65
53 66 41
53 67 46
53 68 96
53 69 80
53 70 88
53 71 99
53 72 64
53 73 7
53 74 35
53 75 84
53 76 38
53 77 34
53 78 59
53 79 22
53 80 16
53 81 37
53 82 69
53 83 89
53 84 72
53 85 34
53 86 20
53 87 77
53 88 67
53 89 4
53 90 15
53 91 78
53 92 67
53 93 78
53 94 4
53 95 95
54 55 33
54 56 35
54 57 91
54 58 12
54 59 57
54 60 58
54 61 5
54 62 65
54 63 73
54 64 8
54 65 18
54 66 36
54 67 96
54 68 22
54 69 31
54 70 35
54 71 11
54 72 92
54 73 12
54 74 21
54 75 73
54 76 60
54 77 56
54 78 43
54 79 67
54 80 62
54 81 28
54 82 82
54 83 47
54 84 15
54 85 73
54 86 92
54 87 40
54 88 11
54 89 27
54 90 53
54 91 83
54 92 22
54 93 89
54 94 49
54 95 9
55 56 51
55 57 43
55 58 49
55 59 82
55 60 44
55 61 83
55 62 77
55 63 33
55 64 49
55 65 9
55 66 22
55 67 12
55 68 33
55 69 23
55 70 76
55 71 47
55 72 17
55 73 40
55 74 20
55 75 24
55 76 37
55 77 48
55 78 30
55 79 56
55 80 94
55 81 26
55 82 71
55 83 74
55 84 63
55 85 8
55 86 69
55 87 28
55 88 54
55 89 64
55 90 21
55 91 97
55 92 17
55 93 34
55 94 6
55 95 90
56 57 38
56 58 38
56 59 66
56 60 34
56 61 91
56 62 24
56 63 59
56 64 1
56 65 91
56 66 62
56 67 56
56 68 27
56 69 70
56 70 24
56 71 69
56 72 17
56 73 37
56 74 99
56 75 83
56 76 47
56 77 38
56 78 46
56 79 34
56 80 54
56 81 96
56 82 66
56 83 72
56 84 3
56 85 97
56 86 70
56 87 89
56 88 80
56 89 44
56 90 52
56 91 86
56 92 71
56 93 5
56 94 4
56 95 99
57 58 35
57 59 86
57 60 36
57 61 72
57 62 92
57 63 88
57 64 9
57 65 19
57 66 45
57 67 37
57 68 9
57 69 9
57 70 16
57 71 16
57 72 86
57 73 27
57 74 44
57 75 16
57 76 80
57 77 81
57 78 1
57 79 84
57 80 60
57 81 19
57 82 90
57 83 52
57 84 25
57 85 47
57 86 64
57 87 31
57 88 7
57 89 30
57 90 57
57 91 62
57 92 22
57 93 57
57 94 58
57 95 12
58 59 92
58 60 46
58 61 80
58 62 6
58 63 86
58 64 33
58 65 81
58 66 86
58 67 43
58 68 17
58 69 43
58 70 99
58 71 17
58 72 65
58 73 78
58 74 32
58 75 54
58 76 75
58 77 32
58 78 10
58 79 93
58 80 53
58 81 55
58 82 62
58 83 38
58 84 46
58 85 3
58 86 46
58 87 27
58 88 76
58 89 22
58 90 60
58 91 70
58 92 60
58 93 37
58 94 43
58 95 70
59 60 11
59 61 26
59 62 14
59 63 2
59 64 57
59 65 8
59 66 69
59 67 87
59 68 30
59 69 69
59 70 24
59 71 18
59 72 56
59 73 7
59 74 77
59 75 13
59 76 92
59 77 4
59 78 76
59 79 30
59 80 19
59 81 33
59 82 27
59 83 67
59 84 74
59 85 1
59 86 88
59 87 42
59 88 65
59 89 2
59 90 30
59 91 78
59 92 27
59 93 70
59 94 37
59 95 45
60 61 85
60 62 33
60 63 76
60 64 96
60 65 96
60 66 88
60 67 29
60 68 7
60 69 49
60 70 91
60 71 14
60 72 36
60 73 39
60 74 76
60 75 47
60 76 72
60 77 39
60 78 47
60 79 51
60 80 59
60 81 49
60 82 52
60 83 64
60 84 85
60 85 42
60 86 73
60 87 33
60 88 5
60 89 52
60 90 17
60 91 89
60 92 67
60 93 14
60 94 83
60 95 53
61 62 10
61 63 76
61 64 56
61 65 70
61 66 44
61 67 5
61 68 34
61 69 60
61 70 57
61 71 36
61 72 65
61 73 36
61 74 97
61 75 99
61 76 20
61 77 66
61 78 25
61 79 45
61 80 24
61 81 49
61 82 51
61 83 90
61 84 41
61 85 86
61 86 66
61 87 11
61 88 78
61 89 61
61 90 75
61 91 45
61 92 6
61 93 53
61 94 91
61 95 55
62 63 40
62 64 1
62 65 7
62 66 94
62 67 70
62 68 38
62 69 75
62 70 70
62 71 70
62 72 79
62 73 50
62 74 84
62 75 85
62 76 50
62 77 29
62 78 70
62 79 32
62 80 27
62 81 90
62 82 89
62 83 74
62 84 92
62 85 67
62 86 23
62 87 21
62 88 71
62 89 90
62 90 33
62 91 67
62 92 90
62 93 78
62 94 72
62 95 78
63 64 50
63 65 75
63 66 61
63 67 22
63 68 15
63 69 29
63 70 36
63 71 12
63 72 6
63 73 74
63 74 96
63 75 55
63 76 70
63 77 38
63 78 17
63 79 96
63 80 20
63 81 7
63 82 56
63 83 36
63 84 36
63 85 5
63 86 81
63 87 39
63 88 47
63 89 24
63 90 73
63 91 17
63 92 38
63 93 51
63 94 4
63 95 15
64 65 51
64 66 55
64 67 18
64 68 58
64 69 30
64 70 67
64 71 25
64 72 50
64 73 67
64 74 3
64 75 64
64 76 57
64 77 22
64 78 93
64 79 26
64 80 25
64 81 45
64 82 58
64 83 26
64 84 57
64 85 97
64 86 48
64 87 67
64 88 62
64 89 75
64 90 95
64 91 92
64 92 39
64 93 26
64 94 30
64 95 55
65 66 56
65 67 47
65 68 24
65 69 73
65 70 13
65 71 23
65 72 82
65 73 49
65 74 97
65 75 88
65 76 86
65 77 71
65 78 41
65 79 60
65 80 61
65 81 80
65 82 95
65 83 94
65 84 1
65 85 31
65 86 26
65 87 35
65 88 50
65 89 99
65 90 18
65 91 48
65 92 22
65 93 64
65 94 89
65 95 48
66 67 68
66 68 86
66 69 43
66 70 26
66 71 75
66 72 22
66 73 57
66 74 15
66 75 29
66 76 99
66 77 79
66 78 64
66 79 53
66 80 13
66 81 67
66 82 71
66 83 67
66 84 6
66 85 43
66 86 47
66 87 20
66 88 90
66 89 91
66 90 9
66 91 95
66 92 10
66 93 44
66 94 12
66 95 66
67 68 82
67 69 74
67 70 82
67 71 8
67 72 89
67 73 23
67 74 42
67 75 3
67 76 28
67 77 74
67 78 54
67 79 32
67 80 77
67 81 86
67 82 51
67 83 35
67 84 32
67 85 31
67 86 49
67 87 98
67 88 66
67 89 68
67 90 15
67 91 43
67 92 41
67 93 75
67 94 40
67 95 53
68 69 36
68 70 23
68 71 36
68 72 10
68 73 22
68 74 40
68 75 96
68 76 68
68 77 17
68 78 45
68 79 15
68 80 6
68 81 54
68 82 46
68 83 64
68 84 69
68 85 84
68 86 62
68 87 78
68 88 99
68 89 33
68 90 32
68 91 96
68 92 65
68 93 75
68 94 89
68 95 26
69 70 10
69 71 85
69 72 94
69 73 28
69 74 11
69 75 53
69 76 54
69 77 13
69 78 76
69 79 16
69 80 48
69 81 95
69 82 95
69 83 84
69 84 53
69 85 31
69 86 90
69 87 84
69 88 54
69 89 80
69 90 66
69 91 66
69 92 95
69 93 94
69 94 43
69 95 35
70 71 47
70 72 72
70 73 49
70 74 41
70 75 99
70 76 95
70 77 92
70 78 74
70 79 88
70 80 42
70 81 96
70 82 78
70 83 51
70 84 65
70 85 54
70 86 49
70 87 90
70 88 22
70 89 71
70 90 44
70 91 83
70 92 43
70 93 69
70 94 23
70 95 13
71 72 25
71 73 59
71 74 25
71 75 61
71 76 66
71 77 30
71 78 80
71 79 66
71 80 45
71 81 83
71 82 45
71 83 83
71 84 55
71 85 87
71 86 2
71 87 33
71 88 30
71 89 37
71 90 33
71 91 9
71 92 41
71 93 74
71 94 8
71 95 16
72 73 14
72 74 48
72 75 41
72 76 23
72 77 70
72 78 97
72 79 19
72 80 41
72 81 88
72 82 67
72 83 21
72 84 35
72 85 64
72 86 5
72 87 44
72 88 63
72 89 75
72 90 13
72 91 46
72 92 5
72 93 49
72 94 38
72 95 74
73 74 16
73 75 83
73 76 88
73 77 10
73 78 24
73 79 36
73 80 78
73 81 84
73 82 21
73 83 47
73 84 19
73 85 56
73 86 61
73 87 29
73 88 88
73 89 76
73 90 85
73 91 65
73 92 38
73 93 24
73 94 23
73 95 28
74 75 59
74 76 94
74 77 17
74 78 53
74 79 15
74 80 60
74 81 77
74 82 78
74 83 86
74 84 1
74 85 90
74 86 81
74 87 10
74 88 77
74 89 98
74 90 15
74 91 92
74 92 6
74 93 22
74 94 18
74 95 78
75 76 84
75 77 40
75 78 5
75 79 78
75 80 44
75 81 15
75 82 60
75 83 33
75 84 20
75 85 34
75 86 66
75 87 28
75 88 92
75 89 53
75 90 43
75 91 57
75 92 34
75 93 9
75 94 39
75 95 83
76 77 76
76 78 52
76 79 46
76 80 97
76 81 98
76 82 75
76 83 84
76 84 36
76 85 70
76 86 93
76 87 58
76 88 58
76 89 92
76 90 91
76 91 27
76 92 10
76 93 57
76 94 83
76 95 59
77 78 18
77 79 71
77 80 26
77 81 47
77 82 39
77 83 14
77 84 41
77 85 94
77 86 15
77 87 31
77 88 14
77 89 38
77 90 80
77 91 25
77 92 56
77 93 85
77 94 40
77 95 78
78 79 63
78 80 49
78 81 47
78 82 82
78 83 40
78 84 14
78 85 23
78 86 84
78 87 99
78 88 96
78 89 83
78 90 47
78 91 24
78 92 96
78 93 74
78 94 55
78 95 96
79 80 63
79 81 38
79 82 97
79 83 64
79 84 62
79 85 98
79 86 86
79 87 2
79 88 30
79 89 95
79 90 4
79 91 9
79 92 65
79 93 39
79 94 36
79 95 30
80 81 34
80 82 94
80 83 42
80 84 10
80 85 49
80 86 85
80 87 88
80 88 14
80 89 80
80 90 14
80 91 48
80 92 75
80 93 35
80 94 30
80 95 73
81 82 27
81 83 5
81 84 15
81 85 24
81 86 67
81 87 13
81 88 38
81 89 27
81 90 12
81 91 77
81 92 40
81 93 8
81 94 62
81 95 9
82 83 95
82 84 79
82 85 23
82 86 10
82 87 68
82 88 78
82 89 78
82 90 72
82 91 12
82 92 4
82 93 61
82 94 90
82 95 83
83 84 24
83 85 84
83 86 25
83 87 3
83 88 74
83 89 96
83 90 17
83 91 53
83 92 31
83 93 18
83 94 48
83 95 13
84 85 97
84 86 94
84 87 53
84 88 70
84 89 88
84 90 70
84 91 69
84 92 65
84 93 31
84 94 42
84 95 81
85 86 48
85 87 63
85 88 24
85 89 97
85 90 65
85 91 46
85 92 94
85 93 80
85 94 65
85 95 62
86 87 24
86 88 36
86 89 95
86 90 56
86 91 84
86 92 98
86 93 75
86 94 53
86 95 82
87 88 22
87 89 73
87 90 35
87 91 8
87 92 60
87 93 8
87 94 5
87 95 23
88 89 93
88 90 56
88 91 6
88 92 14
88 93 73
88 94 32
88 95 40
89 90 46
89 91 21
89 92 40
89 93 52
89 94 66
89 95 43
90 91 7
90 92 95
90 93 98
90 94 31
90 95 37
91 92 76
91 93 13
91 94 96
91 95 39
92 93 36
92 94 85
92 95 90
93 94 72
93 95 43
94 95 46