100
0 1 4.934
0 2 4.575
0 3 4.848
0 4 4.503
0 5 4.036
0 6 4.989
0 7 4.543
0 8 4.043
0 9 4.985
0 10 4.204
0 11 4.714
0 13 4.494
0 14 4.883
0 16 4.399
0 17 4.209
0 18 4.403
0 19 4.987
0 20 4.358
0 23 4.926
0 25 4.849
0 26 4.33
0 27 4.206
0 28 4.376
0 29 4.916
0 31 4.602
0 32 4.178
0 34 4.44
0 37 4.819
0 38 4.366
0 41 4.453
0 43 4.573
1 2 4.536
1 3 4.628
1 4 4.775
1 5 4.819
1 6 4.476
1 7 4.78
1 8 4.479
1 9 4.729
1 10 4.28
1 12 4.678
1 13 4.109
1 16 4.878
1 17 4.993
1 18 4.157
1 19 4.118
1 20 4.02
1 21 4.515
1 23 4.201
1 24 4.925
1 25 4.047
1 26 4.238
1 27 4.031
1 28 4.077
1 29 4.114
1 31 4.028
1 32 4.379
1 33 4.576
1 34 4.347
1 42 4.406
1 43 4.025
2 3 4.491
2 4 4.113
2 5 4.309
2 6 4.71
2 7 4.792
2 8 4.133
2 9 4.386
2 10 4.512
2 11 4.605
2 12 4.883
2 13 4.451
2 16 4.211
2 19 4.389
2 20 4.687
2 21 4.491
2 22 4.801
2 23 4.242
2 26 4.704
2 27 4.506
2 28 4.13
2 30 4.482
2 32 4.887
2 33 4.999
2 35 4.126
2 36 4.92
2 37 4.222
2 38 4.506
2 39 4.641
2 42 4.216
2 45 4.787
2 47 4.249
2 49 4.898
2 51 4.681
3 4 4.009
3 5 4.537
3 6 4.322
3 7 4.409
3 8 4.451
3 10 4.779
3 11 4.471
3 12 4.392
3 13 4.852
3 14 4.409
3 15 4.455
3 16 4.475
3 17 4.493
3 19 4.871
3 20 4.611
3 23 4.934
3 26 4.273
3 27 4.236
3 29 4.862
3 31 4.132
3 34 4.804
3 37 4.304
3 43 4.368
3 44 4.76
3 51 4.6
4 5 4.985
4 6 4.024
4 7 4.258
4 9 4.576
4 10 4.834
4 11 4.528
4 12 4.415
4 13 4.964
4 14 4.166
4 15 4.554
4 16 4.943
4 17 4.584
4 18 4.23
4 19 4.938
4 20 4.496
4 24 4.172
4 27 4.746
4 29 4.467
4 30 4.793
4 34 4.297
4 37 4.736
4 38 4.492
4 41 4.335
4 43 4.948
4 45 4.023
4 46 4.119
4 47 4.099
4 49 4.418
4 51 4.397
5 6 4.889
5 7 4.875
5 8 4.035
5 9 4.042
5 10 4.311
5 11 4.991
5 12 4.944
5 13 4.963
5 14 4.251
5 16 4.755
5 17 4.247
5 18 4.257
5 19 4.743
5 21 4.604
5 24 4.884
5 25 4.486
5 28 4.432
5 30 4.786
5 31 4.302
5 32 4.028
5 33 4.639
5 34 4.157
5 40 4.677
5 41 4.751
5 42 4.226
5 44 4.598
5 45 4.257
5 46 4.034
5 47 4.605
5 51 4.821
5 54 4.517
6 7 4.183
6 8 4.674
6 9 4.949
6 10 4.053
6 11 4.755
6 12 4.194
6 13 4.087
6 14 4.728
6 15 4.321
6 16 4.027
6 17 4.159
6 18 4.449
6 19 4.879
6 21 4.671
6 22 4.966
6 24 4.783
6 25 4.355
6 26 4.003
6 29 4.442
6 30 4.042
6 32 4.811
6 33 4.243
6 34 4.674
6 35 4.257
6 37 4.865
6 38 4.033
6 39 4.103
6 42 4.234
6 50 4.749
6 53 4.753
7 8 4.239
7 9 4.407
7 10 4.274
7 11 4.794
7 12 4.536
7 13 4.743
7 14 4.191
7 16 4.387
7 17 4.666
7 18 4.34
7 19 4.065
7 20 4.869
7 23 4.45
7 24 4.597
7 25 4.309
7 26 4.94
7 28 4.793
7 30 4.837
7 32 4.685
7 33 4.739
7 35 4.222
7 37 4.297
7 38 4.854
7 39 4.719
7 40 4.445
7 41 4.096
7 43 4.576
7 44 4.312
7 46 4.479
7 48 4.181
7 49 4.018
7 53 4.184
7 54 4.142
7 55 4.304
8 9 4.271
8 10 4.374
8 11 4.072
8 12 4.781
8 13 4.95
8 14 4.111
8 15 4.265
8 16 4.462
8 17 4.802
8 18 4.117
8 19 4.012
8 20 4.08
8 21 4.84
8 22 4.999
8 23 4.26
8 24 4.773
8 28 4.848
8 29 4.539
8 34 4.401
8 35 4.427
8 36 4.836
8 38 4.892
8 40 4.738
8 41 4.921
8 42 4.96
8 44 4.057
8 46 4.671
8 47 4.663
8 48 4.398
8 49 4.035
8 50 4.365
8 51 4.286
8 54 4.824
9 10 4.481
9 11 4.547
9 12 4.54
9 13 4.623
9 14 4.931
9 15 4.51
9 16 4.312
9 17 5.0
9 18 4.374
9 19 4.605
9 20 4.916
9 21 4.083
9 22 4.312
9 23 4.789
9 24 4.955
9 26 4.5
9 27 4.255
9 28 4.107
9 29 4.928
9 30 4.206
9 31 4.128
9 32 4.192
9 34 4.636
9 35 4.079
9 36 4.922
9 38 4.009
9 39 4.258
9 40 4.85
9 42 4.665
9 45 4.14
9 46 4.794
9 47 4.747
9 52 4.554
9 53 4.823
9 54 4.462
10 11 4.352
10 12 4.535
10 13 4.279
10 14 4.725
10 15 4.848
10 16 4.255
10 17 4.02
10 18 4.155
10 19 4.177
10 20 4.505
10 21 4.584
10 22 4.192
10 23 4.571
10 24 4.781
10 26 4.622
10 27 4.987
10 29 4.218
10 30 4.585
10 31 4.344
10 32 4.931
10 33 4.042
10 35 4.154
10 37 4.341
10 38 4.841
10 39 4.532
10 40 4.213
10 41 4.678
10 42 4.288
10 50 4.35
10 51 4.189
10 53 4.461
10 54 4.179
10 55 4.737
10 56 4.719
11 12 4.561
11 13 4.799
11 14 4.756
11 15 4.676
11 16 4.036
11 17 4.414
11 18 4.972
11 19 4.539
11 20 4.962
11 21 4.732
11 22 4.032
11 24 4.996
11 25 4.025
11 27 4.845
11 29 4.074
11 31 4.997
11 32 4.689
11 33 4.196
11 36 4.304
11 37 4.238
11 39 4.244
11 41 4.18
11 42 4.404
11 43 4.268
11 44 4.284
11 45 4.373
11 47 4.43
11 48 4.733
11 50 4.76
11 51 4.404
11 53 4.47
12 13 4.583
12 14 4.037
12 15 4.948
12 16 4.957
12 17 4.142
12 18 4.082
12 19 4.408
12 20 4.691
12 21 4.409
12 22 4.941
12 23 4.417
12 24 4.07
12 25 4.727
12 26 4.957
12 29 4.527
12 30 4.359
12 31 4.485
12 32 4.544
12 34 4.708
12 35 4.879
12 36 4.705
12 37 4.804
12 38 4.771
12 42 4.907
12 46 4.493
12 51 4.085
12 54 4.789
12 57 4.883
12 58 4.63
13 14 4.296
13 15 4.033
13 16 4.561
13 17 4.334
13 18 4.203
13 19 4.538
13 20 4.435
13 22 4.673
13 23 4.334
13 24 4.992
13 25 4.619
13 26 4.519
13 28 4.698
13 29 4.058
13 31 4.703
13 33 4.809
13 34 4.482
13 35 4.29
13 37 4.54
13 40 4.033
13 41 4.099
13 42 4.796
13 44 4.044
13 45 4.747
13 46 4.799
13 48 4.21
13 49 4.6
13 54 4.49
13 59 4.122
14 15 4.186
14 16 4.636
14 17 4.372
14 18 4.947
14 19 4.128
14 20 4.901
14 21 4.843
14 22 4.763
14 23 4.924
14 24 4.998
14 25 4.028
14 26 4.259
14 27 4.224
14 28 4.796
14 29 4.907
14 30 4.84
14 31 4.443
14 32 4.004
14 34 4.01
14 35 4.057
14 36 4.0
14 39 4.587
14 41 4.481
14 42 4.373
14 44 4.73
14 46 4.443
14 49 4.672
14 53 4.801
14 57 4.537
14 58 4.845
14 59 4.298
15 16 4.269
15 17 4.57
15 18 4.514
15 20 4.489
15 22 4.457
15 23 5.0
15 24 4.011
15 25 4.852
15 26 4.498
15 27 4.545
15 28 4.544
15 29 4.342
15 31 4.617
15 32 4.882
15 33 4.022
15 35 4.224
15 36 4.461
15 37 4.407
15 39 4.791
15 40 4.809
15 41 4.588
15 42 4.912
15 43 4.5
15 44 4.905
15 46 4.454
15 47 4.153
15 48 4.377
15 49 4.208
15 50 4.373
15 51 4.568
15 56 4.661
15 59 4.176
15 60 4.043
16 17 4.16
16 18 4.816
16 19 4.48
16 20 4.379
16 21 4.504
16 22 4.915
16 23 4.908
16 24 4.46
16 27 4.619
16 28 4.864
16 30 4.366
16 31 4.22
16 32 4.93
16 33 4.299
16 34 4.176
16 35 5.0
16 40 4.312
16 44 4.412
16 45 4.592
16 47 4.612
16 49 4.572
16 50 4.388
16 51 4.304
16 52 4.376
16 54 4.102
16 55 4.073
16 62 4.916
16 65 4.413
17 18 4.769
17 19 4.957
17 20 4.045
17 21 4.348
17 22 4.248
17 23 4.661
17 24 4.336
17 25 4.991
17 26 4.66
17 27 4.982
17 29 4.571
17 30 4.296
17 31 4.194
17 32 4.979
17 33 4.487
17 34 4.84
17 35 4.743
17 36 4.703
17 37 4.977
17 40 4.953
17 41 4.238
17 42 4.891
17 44 4.734
17 45 4.433
17 46 4.464
17 47 4.06
17 48 4.926
17 50 4.336
17 51 4.419
17 52 4.775
17 53 4.622
17 55 4.837
17 56 4.625
17 59 4.851
17 61 4.149
17 66 4.594
18 19 4.433
18 20 4.03
18 21 4.351
18 22 4.739
18 23 4.064
18 24 4.585
18 25 4.123
18 26 4.734
18 27 4.556
18 28 4.031
18 29 4.558
18 30 4.358
18 31 4.439
18 32 4.028
18 33 4.476
18 34 4.653
18 35 4.062
18 36 4.37
18 37 4.005
18 39 4.99
18 40 4.903
18 43 4.382
18 44 4.719
18 45 4.32
18 46 4.387
18 47 4.463
18 48 4.188
18 49 4.862
18 50 4.961
18 51 4.49
18 54 4.902
18 57 4.773
18 59 4.252
18 60 4.358
18 62 4.899
18 63 4.686
19 20 4.071
19 21 4.816
19 22 4.079
19 23 4.52
19 24 4.033
19 25 4.809
19 26 4.243
19 27 4.618
19 28 4.067
19 29 4.925
19 30 4.012
19 31 4.52
19 32 4.798
19 34 4.778
19 35 4.353
19 36 4.95
19 38 4.42
19 40 4.834
19 43 4.77
19 46 4.623
19 49 4.206
19 52 4.953
19 55 4.187
19 56 4.203
19 58 4.554
19 60 4.055
19 61 4.948
19 63 4.688
19 64 4.653
20 21 4.305
20 22 4.661
20 23 4.86
20 24 4.056
20 25 4.514
20 26 4.976
20 27 4.02
20 28 4.776
20 30 4.922
20 31 4.564
20 32 4.288
20 33 4.199
20 34 4.527
20 35 4.17
20 36 4.241
20 38 4.61
20 39 4.383
20 40 4.047
20 43 4.452
20 46 4.538
20 47 4.121
20 48 4.557
20 50 4.255
20 53 4.966
20 54 4.107
20 55 4.571
20 56 4.24
20 57 4.109
20 58 4.787
20 59 4.669
20 60 4.276
20 62 4.857
20 63 4.689
20 66 4.135
21 22 4.161
21 24 4.715
21 25 4.836
21 26 4.65
21 27 4.487
21 28 4.819
21 30 4.64
21 32 4.07
21 34 4.344
21 35 4.321
21 37 4.352
21 38 4.188
21 39 4.403
21 40 4.216
21 41 4.767
21 42 4.507
21 43 4.68
21 44 4.437
21 47 4.943
21 48 4.637
21 49 4.409
21 54 4.127
21 55 4.798
21 56 4.577
21 57 4.051
21 60 4.081
21 61 4.413
21 66 4.555
21 67 4.514
22 23 4.72
22 24 4.32
22 25 4.319
22 26 4.265
22 28 4.681
22 29 4.164
22 30 4.761
22 31 4.973
22 32 4.614
22 33 4.002
22 34 4.667
22 35 4.028
22 36 4.045
22 37 4.275
22 38 4.313
22 39 4.44
22 40 4.341
22 42 4.863
22 43 4.196
22 44 4.137
22 45 4.153
22 47 4.184
22 48 4.362
22 49 4.639
22 50 4.894
22 51 4.411
22 52 4.68
22 53 4.231
22 55 4.92
22 56 4.385
22 60 4.612
22 62 4.434
22 65 4.211
22 67 4.894
22 68 4.979
22 70 4.464
23 24 4.784
23 25 4.558
23 26 4.944
23 27 4.379
23 28 4.175
23 29 4.459
23 30 4.991
23 31 4.275
23 32 4.272
23 33 4.184
23 34 4.903
23 35 4.58
23 36 4.039
23 37 4.199
23 38 4.441
23 39 4.525
23 40 4.404
23 41 4.249
23 44 4.541
23 45 4.241
23 50 4.797
23 55 4.244
23 57 4.075
23 61 4.266
23 66 4.918
23 67 4.829
23 68 4.42
23 69 4.326
23 71 4.061
24 25 4.088
24 26 4.356
24 27 4.673
24 29 4.295
24 30 4.696
24 31 4.267
24 32 4.83
24 33 4.427
24 34 4.603
24 35 4.329
24 36 4.063
24 37 4.94
24 38 4.905
24 39 4.406
24 41 4.476
24 42 4.616
24 45 4.593
24 46 4.249
24 47 4.761
24 51 4.261
24 52 4.037
24 54 4.183
24 55 4.663
24 56 4.232
24 59 4.817
24 61 4.557
24 62 4.438
24 63 4.711
24 64 4.7
24 65 4.212
25 26 4.963
25 28 4.889
25 30 4.841
25 31 4.937
25 32 4.688
25 33 4.7
25 34 4.467
25 36 4.08
25 37 4.297
25 38 4.19
25 41 4.077
25 43 4.047
25 45 4.718
25 46 4.837
25 47 4.223
25 48 4.57
25 49 4.948
25 50 4.794
25 51 4.537
25 54 4.002
25 55 4.67
25 56 4.792
25 57 4.374
25 58 4.825
25 60 4.635
25 61 4.396
25 62 4.359
25 68 4.243
26 27 4.889
26 29 4.956
26 31 4.123
26 32 4.155
26 33 4.714
26 34 4.94
26 35 4.402
26 37 4.446
26 38 4.66
26 40 4.881
26 41 4.31
26 45 4.253
26 46 4.541
26 47 4.865
26 48 4.324
26 50 4.739
26 51 4.756
26 52 4.4
26 53 4.853
26 54 4.083
26 55 4.936
26 56 4.443
26 60 4.082
26 64 4.626
26 65 4.089
26 66 4.214
26 70 4.691
26 74 4.291
27 28 4.524
27 29 4.444
27 30 4.434
27 31 4.211
27 32 4.862
27 35 4.882
27 38 4.54
27 39 4.678
27 40 4.043
27 41 4.669
27 42 4.703
27 43 4.601
27 44 4.497
27 45 4.755
27 46 4.259
27 47 4.738
27 49 4.096
27 51 4.3
27 52 4.82
27 53 4.964
27 54 4.429
27 55 4.054
27 56 4.849
27 57 4.853
27 59 4.747
27 61 4.59
27 63 4.111
27 66 4.851
27 69 4.701
27 70 4.05
27 73 4.656
28 29 4.749
28 30 4.461
28 31 4.011
28 32 4.608
28 33 4.541
28 34 4.569
28 36 4.171
28 37 4.817
28 38 4.997
28 39 4.411
28 40 4.799
28 41 4.156
28 42 4.964
28 45 4.784
28 49 4.742
28 50 4.536
28 51 4.919
28 52 4.536
28 53 4.156
28 56 4.091
28 57 4.559
28 59 4.394
28 60 4.609
28 61 4.011
28 64 4.885
28 66 4.484
28 68 4.827
28 69 4.921
28 70 4.467
28 71 4.61
28 72 4.034
28 73 4.404
29 30 4.154
29 31 4.185
29 33 4.894
29 34 4.866
29 35 4.117
29 36 4.463
29 37 4.04
29 38 4.472
29 40 4.145
29 41 4.152
29 42 4.315
29 43 4.909
29 44 4.609
29 46 4.267
29 47 4.484
29 48 4.586
29 49 4.216
29 50 4.831
29 51 4.524
29 52 4.759
29 54 4.214
29 59 4.199
29 61 4.882
29 62 4.769
29 64 4.668
29 66 4.593
29 67 4.937
29 68 4.689
29 75 4.933
29 76 4.763
30 31 4.99
30 32 4.596
30 33 4.53
30 34 4.363
30 36 4.38
30 37 4.264
30 38 4.158
30 39 4.566
30 40 4.232
30 41 4.664
30 42 4.01
30 43 4.15
30 44 4.593
30 45 4.775
30 46 4.84
30 47 4.57
30 48 4.493
30 49 4.96
30 57 4.593
30 58 4.49
30 65 4.115
30 66 4.345
30 68 4.618
30 76 4.879
30 78 4.876
30 79 4.178
31 32 4.529
31 33 4.007
31 34 4.66
31 35 4.218
31 36 4.862
31 37 4.779
31 38 4.363
31 39 4.369
31 41 4.77
31 43 4.587
31 44 4.195
31 46 4.361
31 47 4.841
31 48 4.712
31 49 4.202
31 50 4.642
31 51 4.09
31 52 4.551
31 54 4.325
31 55 4.36
31 57 4.882
31 58 4.276
31 59 4.123
31 61 4.447
31 63 4.04
31 65 4.749
31 68 4.764
31 71 4.72
31 73 4.229
31 75 4.216
31 78 4.767
31 79 4.726
31 80 4.298
32 33 4.217
32 34 4.779
32 35 4.053
32 36 4.001
32 37 4.541
32 39 4.705
32 40 4.618
32 41 4.92
32 42 4.347
32 43 4.44
32 44 4.151
32 46 4.693
32 49 4.05
32 50 4.701
32 51 4.169
32 52 4.498
32 53 4.342
32 54 4.617
32 55 4.913
32 56 4.528
32 60 4.619
32 62 4.387
32 64 4.67
32 65 4.722
32 66 4.063
32 70 4.752
32 74 4.494
32 78 4.489
32 79 4.221
33 34 4.548
33 35 4.093
33 36 4.091
33 37 4.393
33 38 4.73
33 39 4.684
33 40 4.176
33 41 4.628
33 42 4.671
33 43 4.588
33 44 4.397
33 45 4.215
33 46 4.119
33 47 4.278
33 48 4.728
33 49 4.99
33 50 4.228
33 51 4.12
33 52 4.825
33 53 4.777
33 54 4.26
33 55 4.179
33 56 4.774
33 57 4.314
33 58 4.457
33 59 4.444
33 60 4.679
33 61 4.092
33 62 4.693
33 64 4.892
33 65 4.357
33 70 4.09
33 74 4.199
33 81 4.24
34 35 4.074
34 37 4.903
34 38 4.937
34 39 4.59
34 40 4.656
34 41 4.653
34 42 4.297
34 43 4.553
34 44 4.803
34 45 4.536
34 46 4.508
34 47 4.937
34 48 4.184
34 49 4.55
34 51 4.728
34 54 4.831
34 55 4.833
34 56 4.516
34 57 4.698
34 58 4.988
34 60 4.431
34 61 4.63
34 62 4.543
34 65 4.327
34 67 4.818
34 71 4.605
34 73 4.105
34 74 4.155
34 75 4.718
34 77 4.298
34 78 4.003
34 79 4.552
34 80 4.245
34 81 4.372
34 82 4.193
35 36 4.517
35 37 4.991
35 38 4.85
35 39 4.358
35 40 4.591
35 41 4.53
35 43 4.142
35 44 4.066
35 45 4.824
35 47 4.183
35 48 4.076
35 49 4.113
35 51 4.432
35 52 4.818
35 54 4.504
35 55 4.534
35 57 4.075
35 58 4.943
35 59 4.104
35 63 4.884
35 64 4.054
35 65 4.581
35 66 4.244
35 71 4.765
35 73 4.298
35 74 4.688
35 84 4.531
36 37 4.809
36 38 4.003
36 39 4.586
36 40 4.084
36 41 4.8
36 42 4.507
36 43 4.112
36 44 4.164
36 46 4.684
36 47 4.83
36 48 4.666
36 49 4.047
36 51 4.042
36 52 4.894
36 53 4.549
36 54 4.883
36 56 4.462
36 57 4.77
36 58 4.281
36 59 4.827
36 60 4.363
36 61 4.557
36 62 4.434
36 65 4.147
36 68 4.752
36 69 4.935
36 70 4.105
36 73 4.115
36 75 4.615
36 77 4.197
36 78 4.488
36 84 4.467
37 38 4.697
37 39 4.563
37 40 4.429
37 41 4.081
37 42 4.096
37 43 4.407
37 44 4.32
37 45 4.46
37 46 4.473
37 47 4.856
37 48 4.989
37 50 4.104
37 51 4.344
37 52 4.683
37 53 4.634
37 54 4.564
37 55 4.644
37 56 4.627
37 57 4.418
37 58 4.97
37 59 4.887
37 60 4.697
37 61 4.24
37 62 4.452
37 63 4.866
37 67 4.418
37 68 4.967
37 69 4.585
37 70 4.05
37 78 4.211
37 80 4.302
37 86 4.736
38 39 4.383
38 40 4.756
38 41 4.979
38 42 4.956
38 43 4.092
38 44 4.734
38 45 4.551
38 47 4.372
38 48 4.696
38 49 4.23
38 50 4.139
38 51 4.983
38 55 4.785
38 56 4.912
38 57 4.905
38 58 4.442
38 59 4.776
38 60 4.121
38 61 4.013
38 62 4.175
38 63 4.566
38 64 4.777
38 66 4.096
38 67 4.081
38 68 4.994
38 69 4.023
38 70 4.035
38 73 4.642
38 75 4.762
38 78 4.549
38 87 4.722
39 40 4.478
39 41 4.219
39 43 4.048
39 44 4.636
39 45 4.38
39 46 4.031
39 48 4.412
39 49 4.433
39 50 4.188
39 51 4.365
39 52 4.73
39 54 4.581
39 56 4.414
39 57 4.284
39 58 4.97
39 59 4.998
39 61 4.692
39 62 4.944
39 63 4.909
39 64 4.595
39 65 4.232
39 69 4.791
39 73 4.16
39 75 4.58
39 76 4.07
39 79 4.412
39 81 4.394
39 82 4.775
39 83 4.901
39 85 4.379
40 41 4.604
40 42 4.25
40 43 4.398
40 44 4.543
40 45 4.967
40 46 4.532
40 47 4.528
40 48 4.638
40 49 4.856
40 51 4.442
40 52 4.187
40 53 4.016
40 54 4.217
40 55 4.817
40 56 4.155
40 57 4.922
40 58 4.096
40 59 4.633
40 60 4.821
40 62 4.699
40 63 4.307
40 65 4.002
40 66 4.442
40 68 4.735
40 69 4.161
40 70 4.308
40 71 4.978
40 72 4.647
40 73 4.958
40 75 4.01
40 76 4.512
40 77 4.397
40 78 4.301
40 80 4.062
40 82 4.094
40 84 4.375
40 85 4.398
40 87 4.197
40 89 4.046
41 42 4.766
41 43 4.756
41 44 4.054
41 45 4.981
41 46 4.219
41 47 4.213
41 48 4.27
41 49 4.734
41 50 4.296
41 51 4.58
41 52 4.513
41 53 4.739
41 54 4.67
41 55 4.19
41 56 4.483
41 60 4.328
41 62 4.133
41 63 4.637
41 65 4.099
41 66 4.141
41 68 4.96
41 70 4.759
41 71 4.492
41 73 4.13
41 75 4.365
41 76 4.862
41 77 4.464
41 78 4.201
41 80 4.694
41 81 4.01
41 84 4.364
41 90 4.978
42 43 4.355
42 44 4.793
42 45 4.066
42 46 4.386
42 47 4.179
42 48 4.955
42 49 4.779
42 50 4.304
42 51 4.648
42 53 4.313
42 54 4.798
42 56 4.291
42 57 4.499
42 58 4.932
42 59 4.7
42 60 4.977
42 61 4.806
42 62 4.744
42 63 4.83
42 64 4.968
42 65 4.557
42 68 4.591
42 69 4.172
42 70 4.996
42 71 4.634
42 73 4.979
42 77 4.143
42 82 4.269
42 84 4.077
42 86 4.203
42 89 4.798
43 44 4.87
43 45 4.435
43 46 4.41
43 47 4.778
43 48 4.227
43 49 4.217
43 50 4.188
43 51 4.806
43 52 4.582
43 53 4.218
43 55 4.2
43 58 4.655
43 59 4.519
43 60 4.554
43 61 4.863
43 62 4.494
43 63 4.38
43 67 4.518
43 70 4.963
43 71 4.533
43 72 4.274
43 73 4.33
43 74 4.524
43 76 4.442
43 80 4.471
43 83 4.833
43 85 4.409
43 86 4.315
43 88 4.836
43 89 4.764
44 45 4.202
44 46 4.902
44 47 4.148
44 48 4.407
44 49 4.74
44 50 4.884
44 52 4.13
44 53 4.779
44 54 4.134
44 55 4.513
44 56 4.128
44 57 4.292
44 58 4.695
44 60 4.489
44 62 4.656
44 63 4.154
44 66 4.139
44 67 4.72
44 69 4.283
44 72 4.449
44 73 4.483
44 76 4.194
44 77 4.266
44 79 4.376
44 81 4.957
44 82 4.516
44 92 4.67
44 93 4.915
45 46 4.746
45 47 4.165
45 48 4.616
45 49 4.553
45 50 4.516
45 51 4.405
45 52 4.532
45 53 4.546
45 54 4.21
45 55 4.653
45 56 4.959
45 57 4.793
45 58 4.35
45 59 4.242
45 60 4.234
45 61 4.799
45 63 4.408
45 64 4.452
45 65 4.688
45 66 4.405
45 67 4.023
45 68 4.061
45 69 4.12
45 71 4.66
45 75 4.343
45 79 4.206
45 80 4.618
45 85 4.93
45 88 4.645
45 91 4.147
46 47 4.924
46 48 4.971
46 49 4.115
46 50 4.635
46 51 4.877
46 52 4.894
46 53 4.608
46 54 4.071
46 55 4.949
46 56 4.433
46 57 4.643
46 58 4.746
46 59 4.905
46 60 4.133
46 61 4.822
46 62 4.893
46 63 4.925
46 66 4.042
46 67 4.307
46 68 4.915
46 69 4.886
46 72 4.974
46 74 4.379
46 75 4.679
46 76 4.567
46 79 4.636
46 80 4.06
46 83 4.645
46 85 4.293
46 86 4.07
46 87 4.976
46 89 4.727
46 90 4.599
46 92 4.29
47 48 4.562
47 49 4.955
47 50 4.221
47 51 4.694
47 53 4.736
47 55 4.745
47 56 4.901
47 57 4.203
47 58 4.694
47 59 4.028
47 60 4.798
47 61 4.303
47 62 4.86
47 63 4.209
47 64 4.167
47 66 4.575
47 70 4.017
47 72 4.611
47 73 4.947
47 74 4.716
47 75 4.231
47 77 4.816
47 78 4.636
47 80 4.903
47 82 4.542
47 87 4.576
47 91 4.474
47 96 4.25
48 49 4.18
48 50 4.82
48 52 4.662
48 53 4.559
48 54 4.189
48 55 4.991
48 56 4.937
48 57 4.978
48 58 4.059
48 59 4.289
48 60 4.915
48 61 4.053
48 62 4.098
48 63 4.086
48 64 4.044
48 65 4.188
48 66 4.516
48 68 4.138
48 69 4.956
48 70 4.268
48 71 4.431
48 72 4.369
48 74 4.823
48 79 4.463
48 83 4.807
48 84 4.469
48 88 4.898
48 89 4.314
48 91 4.521
48 93 4.182
48 96 4.908
48 97 4.183
49 50 4.426
49 51 4.867
49 52 4.713
49 54 4.812
49 55 4.126
49 56 4.253
49 57 4.003
49 58 4.898
49 60 4.527
49 61 4.66
49 63 4.086
49 65 4.914
49 66 4.094
49 69 4.873
49 70 4.744
49 71 4.501
49 72 4.124
49 73 4.3
49 74 4.267
49 75 4.298
49 79 4.616
49 81 4.198
49 82 4.305
49 87 4.377
49 89 4.227
49 93 4.928
49 96 4.862
49 98 4.03
50 51 4.926
50 52 4.8
50 53 4.716
50 54 4.958
50 55 4.873
50 56 4.138
50 57 4.691
50 58 4.877
50 59 4.379
50 60 4.317
50 62 4.96
50 64 4.639
50 69 4.505
50 70 4.132
50 71 4.272
50 72 4.277
50 76 4.094
50 77 4.95
50 80 4.414
50 81 4.525
50 83 4.728
50 86 4.798
50 88 4.15
50 90 4.034
50 93 4.656
50 98 4.759
51 52 4.197
51 53 4.926
51 54 4.072
51 55 4.513
51 56 4.063
51 57 4.456
51 58 4.761
51 60 4.473
51 63 4.015
51 64 4.767
51 66 4.949
51 67 4.9
51 68 4.604
51 69 4.75
51 71 4.322
51 72 4.596
51 73 4.45
51 76 4.931
51 77 4.842
51 78 4.85
51 79 4.23
51 80 4.616
51 81 4.758
51 82 4.747
51 83 4.728
51 84 4.29
51 91 4.451
51 98 4.794
52 53 4.979
52 54 4.415
52 55 4.195
52 56 4.047
52 57 4.177
52 58 4.407
52 59 4.465
52 60 4.139
52 61 4.823
52 62 4.462
52 64 4.659
52 65 4.174
52 66 4.244
52 67 4.622
52 68 4.673
52 69 4.377
52 70 4.898
52 71 4.466
52 74 4.287
52 75 4.172
52 76 4.754
52 80 4.361
52 81 4.303
52 82 4.981
52 84 4.015
52 85 4.409
52 86 4.159
52 87 4.582
52 93 4.443
53 54 4.246
53 55 4.648
53 56 4.063
53 58 4.748
53 60 4.22
53 62 4.649
53 63 4.902
53 64 4.951
53 65 4.287
53 66 4.246
53 69 4.014
53 70 4.529
53 73 4.522
53 75 4.237
53 76 4.714
53 78 4.275
53 79 4.336
53 80 4.455
53 81 4.564
53 90 4.233
53 91 4.113
53 94 4.895
53 95 4.847
53 96 4.623
53 99 4.086
54 55 4.847
54 56 4.465
54 57 4.889
54 58 4.675
54 60 4.64
54 61 4.447
54 62 4.119
54 63 4.721
54 64 4.874
54 66 4.748
54 67 4.413
54 68 4.238
54 69 4.652
54 70 4.171
54 71 4.659
54 72 4.918
54 74 4.651
54 75 4.186
54 76 4.455
54 77 4.383
54 78 4.271
54 82 4.565
54 83 4.337
54 84 4.695
54 86 4.017
54 88 4.681
54 89 4.692
54 90 4.044
54 96 4.084
55 56 4.349
55 57 4.818
55 58 4.814
55 59 4.587
55 60 4.833
55 61 4.952
55 64 4.618
55 65 4.145
55 66 4.382
55 67 4.079
55 68 4.793
55 69 4.54
55 70 4.815
55 72 4.725
55 75 4.643
55 76 4.007
55 78 4.957
55 79 4.479
55 81 4.043
55 84 4.744
55 85 4.499
55 87 4.748
55 88 4.492
55 89 4.059
55 90 4.887
55 92 4.882
55 94 4.311
55 95 4.75
55 97 4.162
56 57 4.486
56 59 4.922
56 60 4.9
56 62 4.803
56 63 4.071
56 64 4.138
56 68 4.453
56 69 4.359
56 70 4.42
56 71 4.784
56 72 4.97
56 73 4.452
56 74 4.721
56 75 4.074
56 76 4.698
56 78 4.396
56 79 4.01
56 80 4.693
56 82 4.114
56 83 4.897
56 84 4.401
56 85 4.843
56 86 4.346
56 89 4.894
56 92 4.276
56 95 4.451
56 96 4.146
56 97 4.23
57 58 4.202
57 59 4.403
57 60 4.958
57 61 4.019
57 62 4.632
57 64 4.453
57 65 4.449
57 66 4.561
57 67 4.422
57 68 4.654
57 69 4.774
57 71 4.286
57 72 4.514
57 76 4.989
57 77 4.942
57 78 4.492
57 80 4.408
57 81 4.043
57 82 4.306
57 84 4.839
57 87 4.41
57 90 4.318
57 92 4.573
57 94 4.171
57 97 4.108
57 98 4.509
58 59 4.911
58 60 4.148
58 61 4.17
58 62 4.842
58 63 4.197
58 64 4.966
58 65 4.169
58 66 4.884
58 68 4.914
58 69 4.686
58 70 4.959
58 71 4.592
58 72 4.451
58 73 4.755
58 74 4.236
58 75 4.814
58 77 4.696
58 78 4.784
58 79 4.277
58 82 4.881
58 83 4.568
58 85 4.305
58 87 4.867
58 89 4.726
58 91 4.447
58 92 4.933
58 95 4.532
58 96 4.176
58 97 4.057
58 99 4.484
59 60 4.534
59 61 4.578
59 62 4.079
59 63 4.386
59 64 4.517
59 65 4.478
59 66 4.878
59 67 4.833
59 68 4.891
59 69 4.851
59 71 4.3
59 73 4.237
59 74 4.17
59 76 4.178
59 78 4.602
59 80 4.713
59 81 4.128
59 84 4.399
59 85 4.816
59 86 4.022
59 90 4.874
59 91 4.779
59 93 4.787
59 94 4.516
59 95 4.82
59 96 4.171
59 97 4.83
59 98 4.876
60 61 4.794
60 62 4.986
60 63 4.05
60 64 4.795
60 65 4.581
60 66 4.788
60 67 4.118
60 69 4.791
60 70 4.698
60 71 4.773
60 72 4.687
60 74 4.819
60 75 4.08
60 76 4.578
60 77 4.771
60 78 4.381
60 79 4.407
60 80 4.192
60 81 4.946
60 84 4.715
60 86 4.368
60 87 4.862
60 90 4.963
60 91 4.174
60 92 4.247
60 93 4.055
60 95 4.744
60 97 4.0
60 99 4.263
61 62 4.439
61 63 4.717
61 64 4.753
61 65 4.022
61 66 4.309
61 67 4.842
61 68 4.076
61 70 4.985
61 71 4.39
61 72 4.169
61 73 4.514
61 75 4.331
61 76 4.367
61 77 4.313
61 78 4.72
61 79 4.244
61 80 4.855
61 82 4.481
61 83 4.607
61 84 4.6
61 85 4.733
61 87 4.397
61 88 4.434
61 90 4.845
61 93 4.232
61 95 4.101
61 97 4.294
61 99 4.302
62 63 4.799
62 64 4.012
62 65 4.551
62 66 4.157
62 67 4.542
62 68 4.922
62 69 4.379
62 71 4.524
62 72 4.51
62 73 4.761
62 74 4.456
62 75 4.728
62 76 4.976
62 77 4.185
62 78 4.709
62 79 4.684
62 80 4.268
62 81 4.149
62 82 4.122
62 83 4.276
62 84 4.6
62 85 4.921
62 88 4.109
62 89 4.388
62 92 4.045
62 93 4.537
62 95 4.733
62 99 4.761
63 64 4.774
63 65 4.279
63 66 4.19
63 67 4.412
63 68 4.572
63 69 4.832
63 70 4.178
63 71 4.071
63 72 4.978
63 73 4.774
63 75 4.263
63 77 4.677
63 78 4.764
63 79 4.958
63 80 4.352
63 81 4.297
63 83 4.403
63 84 4.588
63 85 4.834
63 88 4.342
63 89 4.062
63 90 4.464
63 91 4.19
63 93 4.588
63 96 4.943
63 97 4.877
64 65 4.347
64 66 4.314
64 67 4.648
64 68 4.283
64 69 4.048
64 70 4.95
64 71 4.875
64 72 4.295
64 73 4.46
64 74 4.361
64 75 4.656
64 76 4.022
64 77 4.839
64 78 4.021
64 79 4.14
64 80 4.217
64 81 4.031
64 84 4.524
64 86 4.728
64 89 4.656
64 90 4.243
64 92 4.322
64 93 4.422
64 96 4.024
64 99 4.6
65 66 4.079
65 67 4.216
65 68 4.243
65 69 4.509
65 70 4.979
65 71 4.18
65 72 4.969
65 73 4.832
65 75 4.96
65 76 4.01
65 77 4.6
65 78 4.156
65 79 4.289
65 80 4.372
65 85 4.803
65 86 4.46
65 89 4.636
65 90 4.927
65 94 4.876
65 95 4.148
65 98 4.355
65 99 4.206
66 67 4.241
66 68 4.618
66 69 4.593
66 70 4.363
66 71 4.66
66 72 4.774
66 73 4.09
66 74 4.796
66 75 4.611
66 76 4.939
66 78 4.052
66 79 4.705
66 80 4.377
66 81 4.208
66 83 4.056
66 84 4.872
66 85 4.276
66 86 4.804
66 87 4.171
66 88 4.117
66 89 4.237
66 90 4.267
66 91 4.48
66 92 4.6
66 93 4.473
66 95 4.243
66 96 4.341
66 98 4.544
66 99 4.0
67 68 4.624
67 69 4.719
67 70 4.892
67 71 4.796
67 72 4.538
67 74 4.811
67 75 4.877
67 76 4.935
67 77 4.151
67 78 4.359
67 80 4.598
67 81 4.43
67 82 4.852
67 84 4.111
67 85 4.706
67 86 4.656
67 87 4.912
67 88 4.956
67 90 4.336
67 92 4.402
67 93 4.062
67 94 4.886
67 97 4.696
67 99 4.669
68 69 4.982
68 70 4.395
68 71 4.909
68 72 4.574
68 73 4.169
68 74 4.316
68 75 4.592
68 76 4.523
68 77 4.069
68 78 4.59
68 79 4.781
68 80 4.865
68 81 4.204
68 82 4.899
68 83 4.187
68 84 4.151
68 85 4.071
68 86 4.475
68 87 4.866
68 89 4.007
68 90 4.066
68 92 4.221
68 93 4.925
68 94 4.503
68 96 4.144
68 97 4.218
68 98 4.883
68 99 4.306
69 70 4.934
69 71 4.533
69 72 4.536
69 74 4.918
69 75 4.088
69 76 4.229
69 78 4.578
69 81 4.869
69 83 4.751
69 84 4.085
69 85 4.929
69 86 4.789
69 87 4.802
69 88 4.912
69 89 4.245
69 91 4.411
69 92 4.016
69 93 4.059
69 95 4.834
70 71 4.218
70 72 4.762
70 73 4.737
70 74 4.288
70 75 4.636
70 76 4.435
70 77 4.743
70 78 4.587
70 80 4.973
70 81 4.258
70 82 4.498
70 83 4.485
70 85 4.207
70 88 4.259
70 91 4.21
70 92 4.423
70 93 4.973
70 95 4.987
70 97 4.674
71 72 4.421
71 73 4.204
71 74 4.327
71 75 4.411
71 76 4.383
71 77 4.201
71 78 4.128
71 79 4.059
71 80 4.888
71 81 4.9
71 82 4.88
71 85 4.888
71 87 4.504
71 88 4.526
71 89 4.979
71 90 4.559
71 91 4.396
71 92 4.195
71 93 4.44
71 95 4.567
71 96 4.138
71 98 4.195
72 73 4.845
72 74 4.692
72 75 4.552
72 76 4.683
72 77 4.929
72 78 4.827
72 79 4.736
72 80 4.851
72 81 4.451
72 82 4.813
72 84 4.124
72 85 4.667
72 86 4.447
72 87 4.617
72 88 4.226
72 89 4.755
72 90 4.809
72 91 4.012
72 92 4.334
72 93 4.539
72 94 4.987
72 95 4.617
72 96 4.195
72 97 4.043
72 98 4.329
72 99 4.964
73 74 4.813
73 75 4.524
73 76 4.093
73 77 4.985
73 78 4.193
73 79 4.929
73 80 4.419
73 81 4.923
73 82 4.124
73 83 4.819
73 84 4.02
73 86 4.323
73 87 4.353
73 89 4.953
73 90 4.049
73 91 4.003
73 92 4.091
73 93 4.394
73 96 4.892
73 99 4.408
74 75 4.91
74 76 4.166
74 77 4.945
74 79 4.167
74 80 4.343
74 81 4.108
74 83 4.481
74 84 4.043
74 86 4.688
74 88 4.612
74 89 4.305
74 90 4.781
74 91 4.584
74 92 4.903
74 93 4.391
74 94 4.65
74 95 4.022
74 96 4.211
74 98 4.179
75 76 4.592
75 77 4.347
75 78 4.198
75 79 4.24
75 80 4.189
75 81 4.174
75 82 4.775
75 83 4.64
75 84 4.79
75 85 4.804
75 86 4.305
75 88 4.182
75 89 4.399
75 90 4.668
75 91 4.091
75 92 4.561
75 93 4.764
75 94 4.624
75 95 4.696
75 97 4.192
75 98 4.436
75 99 4.42
76 77 4.117
76 78 4.548
76 79 4.295
76 80 4.102
76 81 4.604
76 82 4.284
76 83 4.598
76 84 4.727
76 85 4.557
76 86 4.93
76 87 4.712
76 90 4.84
76 91 4.466
76 93 4.033
76 94 4.126
76 96 4.793
76 98 4.749
76 99 4.691
77 78 4.822
77 79 4.861
77 80 4.51
77 81 4.529
77 82 4.69
77 83 4.014
77 84 4.023
77 85 4.701
77 86 4.906
77 87 4.46
77 89 4.402
77 92 4.117
77 93 4.086
77 96 4.968
77 97 4.721
77 98 4.477
78 79 4.065
78 80 4.831
78 81 4.146
78 84 4.908
78 85 4.366
78 86 4.806
78 87 4.749
78 88 4.031
78 89 4.957
78 90 4.0
78 91 4.943
78 92 4.658
78 93 4.868
78 94 4.481
78 95 4.51
78 98 4.3
78 99 4.999
79 80 4.116
79 81 4.507
79 82 4.154
79 83 4.124
79 84 4.151
79 85 4.128
79 86 4.38
79 87 4.69
79 88 4.822
79 89 4.931
79 90 4.286
79 91 4.209
79 92 4.905
79 93 4.169
79 94 4.468
79 95 4.427
79 96 4.732
79 97 4.073
79 98 4.179
79 99 4.907
80 81 4.129
80 82 4.012
80 83 4.68
80 84 4.579
80 85 4.281
80 86 4.75
80 87 4.447
80 89 4.818
80 90 4.547
80 91 4.222
80 92 4.648
80 93 4.635
80 94 4.096
80 95 4.254
80 96 4.958
80 97 4.858
80 99 4.518
81 82 4.144
81 83 4.409
81 84 4.296
81 85 4.731
81 86 4.067
81 88 4.94
81 89 4.198
81 90 4.04
81 91 4.603
81 92 4.065
81 93 4.171
81 94 4.179
81 95 4.718
81 96 4.25
81 97 4.563
81 99 4.482
82 83 4.708
82 84 4.163
82 85 4.931
82 86 4.437
82 87 4.992
82 89 4.537
82 90 4.876
82 92 4.348
82 93 4.479
82 94 4.695
82 95 4.316
82 96 4.381
82 98 4.138
82 99 4.546
83 84 4.197
83 85 4.172
83 86 4.726
83 87 4.972
83 88 4.329
83 89 4.384
83 90 4.231
83 91 4.796
83 92 4.137
83 93 4.224
83 95 4.97
83 96 4.285
83 97 4.669
83 98 4.894
83 99 4.113
84 85 4.521
84 86 4.578
84 87 4.064
84 88 4.827
84 89 4.932
84 91 4.802
84 92 4.84
84 93 4.796
84 94 4.058
84 95 4.319
84 96 4.722
84 97 4.738
84 99 4.628
85 86 4.52
85 87 4.105
85 88 4.372
85 89 4.862
85 90 4.451
85 92 4.795
85 93 4.002
85 94 4.785
85 95 4.467
85 96 4.882
85 98 4.88
85 99 4.385
86 87 4.97
86 89 4.308
86 90 4.818
86 91 4.638
86 92 4.767
86 94 4.486
86 95 4.41
86 97 4.956
86 98 4.777
86 99 4.418
87 88 4.185
87 89 4.079
87 90 4.727
87 91 4.21
87 92 4.493
87 93 4.162
87 94 4.461
87 95 4.777
87 96 4.479
87 98 4.036
87 99 4.197
88 89 4.516
88 90 4.681
88 91 4.86
88 92 4.408
88 93 4.337
88 95 4.21
88 96 4.293
88 97 4.291
88 98 4.817
88 99 4.529
89 90 4.755
89 91 4.6
89 92 4.61
89 93 4.554
89 94 4.859
89 96 4.098
89 97 4.148
89 99 4.299
90 91 4.55
90 92 4.24
90 93 4.939
90 94 4.645
90 96 4.224
90 97 4.739
90 98 4.197
90 99 4.167
91 92 4.109
91 93 4.454
91 94 4.522
91 95 4.792
91 97 4.585
91 98 4.656
91 99 4.98
92 93 4.939
92 94 4.703
92 96 4.044
92 97 4.869
92 98 4.45
92 99 4.532
93 94 4.207
93 95 4.555
93 96 4.197
93 97 4.597
93 98 4.218
93 99 4.012
94 95 4.05
94 96 4.885
94 97 4.502
94 98 4.656
94 99 4.318
95 96 4.318
95 97 4.444
95 98 4.048
95 99 4.651
96 97 4.272
96 98 4.818
97 98 4.985
97 99 4.013
98 99 4.887