100
0 4 3
0 5 5
0 6 10
0 7 3
0 9 5
0 11 2
0 13 5
0 14 3
0 17 8
0 18 5
0 19 5
0 21 9
0 22 3
0 24 4
0 30 5
0 32 3
0 34 10
0 37 3
0 40 6
0 41 8
0 42 5
0 45 9
0 46 4
0 47 9
0 49 7
0 50 3
0 51 1
0 52 9
0 57 1
0 60 9
0 61 10
0 66 5
0 67 7
0 72 1
0 75 3
0 77 10
0 80 9
0 82 7
0 84 4
0 85 5
0 86 8
0 88 4
0 89 6
0 95 3
0 96 10
0 98 6
1 2 5
1 8 10
1 9 10
1 11 2
1 12 9
1 14 6
1 16 8
1 17 3
1 21 8
1 23 10
1 24 9
1 25 3
1 26 2
1 27 6
1 28 7
1 29 5
1 30 4
1 31 7
1 34 10
1 35 4
1 36 8
1 37 3
1 38 8
1 43 4
1 45 5
1 46 7
1 49 7
1 50 5
1 52 3
1 53 5
1 54 6
1 59 5
1 60 4
1 61 3
1 69 1
1 70 3
1 71 2
1 72 7
1 73 5
1 74 6
1 75 5
1 81 4
1 84 8
1 86 3
1 87 6
1 89 7
1 93 7
1 94 10
1 96 6
1 97 8
2 9 7
2 10 2
2 11 2
2 15 10
2 16 8
2 17 4
2 20 8
2 22 7
2 24 2
2 27 5
2 33 7
2 35 3
2 37 7
2 38 10
2 40 7
2 43 1
2 47 7
2 48 2
2 50 10
2 52 6
2 53 2
2 56 5
2 61 9
2 62 6
2 63 7
2 64 9
2 65 3
2 66 6
2 68 2
2 69 3
2 70 9
2 71 1
2 74 3
2 75 1
2 76 10
2 79 7
2 81 6
2 85 5
2 87 1
2 88 3
2 91 10
2 92 6
2 94 10
2 95 2
3 6 6
3 8 5
3 9 8
3 11 4
3 12 7
3 13 9
3 15 10
3 19 5
3 20 7
3 24 9
3 29 4
3 31 4
3 32 8
3 33 4
3 36 7
3 37 6
3 39 4
3 40 8
3 44 6
3 45 1
3 48 4
3 54 9
3 57 1
3 58 6
3 59 5
3 61 7
3 62 7
3 64 10
3 65 6
3 66 7
3 70 7
3 73 8
3 74 10
3 77 4
3 78 10
3 85 2
3 87 1
3 89 4
3 92 2
3 93 5
3 95 2
3 96 6
3 99 3
4 7 3
4 8 3
4 10 9
4 11 2
4 12 8
4 13 10
4 14 4
4 16 4
4 17 1
4 20 4
4 21 6
4 23 10
4 24 8
4 27 2
4 29 6
4 30 7
4 31 6
4 32 2
4 34 6
4 35 10
4 37 7
4 38 7
4 44 8
4 45 7
4 49 1
4 50 8
4 56 2
4 58 10
4 59 10
4 60 6
4 61 9
4 62 1
4 64 1
4 65 7
4 67 4
4 68 1
4 71 4
4 73 8
4 77 7
4 79 5
4 80 4
4 81 1
4 82 10
4 83 1
4 85 10
4 86 9
4 91 3
4 93 10
4 94 1
4 95 9
4 96 4
4 97 5
4 98 5
4 99 8
5 8 3
5 9 6
5 16 9
5 18 7
5 22 7
5 26 5
5 27 2
5 29 9
5 30 3
5 31 8
5 33 2
5 36 3
5 38 9
5 39 10
5 40 5
5 41 7
5 43 5
5 47 7
5 51 6
5 52 9
5 54 4
5 56 9
5 58 9
5 59 10
5 60 1
5 61 6
5 63 10
5 64 1
5 65 2
5 66 2
5 68 3
5 70 3
5 72 3
5 73 1
5 75 6
5 76 1
5 77 7
5 78 1
5 83 5
5 84 4
5 89 4
5 95 9
5 98 3
5 99 5
6 8 8
6 10 9
6 14 1
6 15 3
6 18 3
6 19 1
6 21 3
6 26 6
6 27 4
6 30 10
6 32 6
6 34 5
6 36 5
6 37 2
6 38 10
6 39 3
6 41 4
6 43 2
6 44 8
6 48 9
6 49 5
6 50 2
6 56 4
6 57 8
6 58 10
6 60 5
6 62 10
6 63 1
6 66 3
6 67 4
6 68 6
6 70 4
6 71 2
6 74 5
6 75 9
6 76 7
6 77 10
6 80 10
6 83 8
6 84 8
6 85 5
6 87 7
6 90 5
6 91 6
6 92 10
6 94 1
6 95 1
6 96 8
6 98 9
6 99 4
7 8 5
7 11 9
7 12 7
7 15 4
7 16 4
7 19 7
7 22 5
7 24 6
7 25 2
7 26 1
7 28 10
7 31 9
7 32 4
7 33 1
7 35 2
7 37 2
7 40 4
7 44 7
7 46 9
7 48 3
7 50 8
7 56 9
7 61 7
7 63 9
7 65 1
7 66 5
7 68 6
7 70 5
7 72 4
7 73 9
7 74 9
7 75 8
7 76 3
7 77 3
7 78 1
7 80 3
7 81 8
7 83 4
7 85 1
7 86 7
7 87 2
7 88 1
7 89 3
7 90 7
7 94 4
7 95 6
7 96 10
7 97 3
7 98 10
7 99 9
8 9 1
8 10 8
8 11 10
8 12 8
8 13 7
8 15 5
8 16 8
8 19 6
8 20 6
8 21 3
8 24 3
8 25 5
8 31 6
8 32 6
8 34 6
8 36 8
8 37 5
8 38 8
8 40 1
8 45 3
8 46 10
8 48 10
8 53 3
8 56 3
8 59 10
8 62 5
8 63 4
8 72 8
8 73 4
8 75 4
8 76 10
8 77 5
8 79 7
8 80 8
8 81 2
8 84 3
8 87 2
8 92 3
8 94 10
8 96 7
8 99 6
9 11 6
9 13 8
9 14 10
9 15 10
9 17 9
9 18 2
9 19 1
9 22 2
9 24 5
9 27 3
9 28 1
9 29 10
9 30 10
9 39 8
9 42 9
9 43 2
9 45 2
9 49 10
9 50 4
9 51 6
9 52 5
9 54 1
9 55 8
9 56 2
9 57 10
9 58 7
9 59 3
9 61 7
9 63 9
9 66 3
9 71 9
9 72 8
9 74 4
9 75 9
9 76 6
9 77 4
9 78 5
9 79 7
9 81 1
9 82 1
9 83 2
9 84 9
9 86 2
9 87 6
9 89 4
9 91 2
9 94 5
9 95 4
9 96 3
9 97 6
9 99 9
10 11 7
10 12 5
10 14 5
10 16 6
10 18 9
10 21 1
10 23 6
10 27 9
10 28 9
10 29 9
10 32 1
10 33 1
10 36 1
10 40 9
10 45 4
10 46 2
10 49 9
10 52 10
10 54 5
10 56 2
10 58 4
10 63 4
10 65 10
10 68 3
10 69 4
10 75 5
10 80 8
10 82 10
10 83 9
10 84 2
10 89 5
10 90 5
10 91 7
10 95 2
10 96 2
10 99 3
11 14 3
11 15 8
11 16 1
11 17 3
11 18 10
11 19 4
11 25 3
11 26 5
11 30 5
11 31 5
11 33 6
11 36 1
11 37 1
11 40 8
11 41 10
11 45 8
11 47 3
11 48 8
11 50 10
11 51 5
11 54 2
11 55 6
11 57 5
11 61 8
11 63 10
11 64 1
11 66 10
11 68 2
11 70 5
11 73 3
11 76 9
11 77 10
11 79 2
11 80 8
11 81 5
11 82 4
11 83 8
11 86 10
11 87 9
11 88 9
11 89 9
11 93 4
11 94 1
11 97 4
11 98 6
11 99 6
12 13 10
12 15 3
12 17 10
12 18 5
12 19 3
12 21 5
12 22 1
12 24 9
12 27 4
12 29 2
12 30 7
12 31 6
12 32 9
12 36 7
12 39 9
12 40 3
12 41 5
12 42 4
12 48 3
12 49 8
12 50 2
12 51 3
12 53 8
12 58 2
12 59 9
12 60 9
12 63 4
12 64 1
12 65 8
12 66 8
12 67 1
12 68 5
12 69 5
12 70 9
12 72 1
12 74 6
12 75 2
12 77 4
12 83 3
12 84 8
12 85 10
12 86 10
12 87 10
12 88 7
12 90 7
12 98 8
13 14 10
13 18 4
13 21 9
13 22 10
13 25 8
13 26 2
13 27 5
13 29 1
13 30 3
13 35 10
13 36 1
13 39 3
13 40 3
13 41 2
13 42 4
13 43 3
13 44 9
13 45 4
13 47 6
13 50 7
13 51 3
13 54 7
13 56 8
13 60 4
13 65 5
13 66 6
13 67 3
13 68 5
13 70 7
13 73 1
13 74 2
13 77 1
13 78 7
13 79 7
13 81 7
13 82 10
13 84 8
13 86 7
13 87 4
13 88 6
13 90 3
13 91 4
13 92 5
13 98 4
14 15 8
14 20 9
14 21 5
14 22 1
14 23 8
14 24 1
14 25 6
14 29 2
14 30 9
14 34 7
14 35 2
14 37 5
14 39 1
14 43 5
14 46 10
14 47 8
14 48 2
14 52 6
14 54 9
14 55 7
14 59 7
14 60 6
14 61 3
14 62 4
14 66 7
14 67 8
14 70 1
14 71 4
14 72 9
14 75 7
14 76 2
14 77 3
14 78 10
14 81 9
14 82 7
14 83 7
14 85 9
14 86 7
14 89 6
14 90 8
14 91 2
14 94 9
14 96 4
14 97 10
14 98 6
15 16 4
15 21 6
15 25 2
15 26 2
15 28 5
15 29 9
15 30 7
15 32 2
15 33 5
15 36 1
15 38 6
15 39 10
15 40 1
15 41 8
15 45 1
15 47 3
15 48 6
15 51 9
15 52 5
15 53 10
15 55 9
15 56 6
15 57 10
15 59 5
15 61 2
15 68 6
15 69 7
15 70 9
15 71 8
15 72 4
15 75 6
15 78 1
15 81 2
15 83 9
15 87 4
15 88 8
15 89 1
15 90 8
15 91 8
15 93 5
15 95 6
15 96 2
15 97 6
15 98 6
16 19 8
16 20 7
16 21 8
16 22 3
16 25 8
16 27 10
16 28 1
16 30 9
16 32 4
16 33 4
16 34 5
16 35 10
16 37 4
16 40 7
16 42 7
16 43 9
16 47 5
16 48 3
16 49 1
16 50 10
16 51 1
16 52 3
16 53 3
16 55 5
16 56 4
16 57 2
16 60 5
16 63 7
16 66 7
16 68 1
16 69 8
16 70 7
16 71 6
16 72 10
16 74 8
16 77 4
16 79 7
16 82 5
16 83 8
16 85 7
16 86 6
16 87 8
16 89 9
16 91 1
16 92 10
16 95 5
16 99 2
17 22 2
17 24 5
17 26 10
17 29 2
17 31 10
17 32 7
17 35 2
17 36 1
17 39 6
17 44 10
17 45 7
17 46 8
17 48 9
17 49 8
17 50 4
17 53 10
17 54 3
17 55 1
17 56 2
17 57 8
17 58 9
17 59 8
17 60 2
17 64 9
17 65 6
17 66 2
17 70 3
17 71 3
17 73 2
17 74 3
17 76 9
17 79 3
17 80 10
17 81 3
17 83 9
17 84 6
17 85 3
17 86 3
17 87 6
17 91 8
17 92 7
17 93 6
17 94 2
17 95 1
17 96 7
17 98 2
18 21 3
18 22 3
18 23 3
18 24 10
18 25 4
18 27 7
18 31 8
18 32 7
18 36 7
18 38 4
18 40 6
18 42 3
18 43 5
18 44 1
18 45 2
18 46 7
18 47 6
18 49 8
18 50 4
18 51 10
18 52 3
18 54 7
18 57 5
18 58 8
18 59 4
18 62 8
18 64 7
18 65 1
18 68 6
18 69 4
18 72 10
18 74 4
18 77 4
18 79 9
18 83 6
18 84 4
18 85 7
18 87 8
18 91 6
18 92 4
18 95 4
18 97 7
19 22 8
19 23 5
19 24 7
19 27 9
19 28 9
19 29 7
19 31 10
19 33 7
19 35 1
19 36 1
19 37 4
19 38 3
19 39 1
19 40 9
19 41 9
19 42 8
19 43 1
19 44 5
19 46 9
19 49 5
19 51 5
19 52 8
19 53 4
19 54 6
19 55 5
19 56 4
19 59 7
19 61 2
19 64 3
19 65 3
19 67 8
19 69 4
19 74 7
19 77 2
19 79 1
19 80 9
19 86 9
19 87 3
19 91 4
19 94 2
19 95 4
20 22 10
20 23 7
20 24 10
20 26 3
20 28 3
20 29 2
20 30 3
20 32 7
20 33 9
20 34 5
20 38 10
20 39 4
20 40 1
20 41 8
20 43 8
20 44 5
20 45 6
20 46 4
20 55 8
20 56 9
20 57 8
20 58 2
20 59 5
20 60 4
20 62 7
20 64 5
20 66 8
20 68 4
20 69 10
20 70 8
20 72 7
20 75 9
20 76 1
20 79 8
20 81 10
20 82 3
20 85 5
20 86 9
20 89 9
20 90 5
20 92 7
20 95 2
21 22 5
21 23 7
21 28 3
21 29 7
21 30 1
21 32 9
21 33 4
21 38 9
21 39 5
21 41 10
21 43 9
21 44 9
21 47 6
21 48 8
21 50 2
21 52 5
21 54 10
21 55 9
21 57 4
21 58 7
21 64 6
21 67 2
21 68 1
21 69 6
21 72 4
21 75 7
21 76 9
21 77 10
21 78 7
21 82 8
21 84 4
21 86 5
21 88 5
21 89 5
21 92 5
21 93 10
21 94 3
21 97 5
21 98 10
22 24 2
22 27 8
22 29 8
22 30 7
22 34 6
22 44 10
22 45 2
22 47 5
22 48 1
22 49 8
22 52 5
22 53 4
22 54 3
22 56 10
22 57 9
22 58 6
22 59 1
22 62 1
22 63 7
22 64 6
22 65 1
22 66 2
22 68 4
22 70 1
22 72 9
22 78 10
22 79 10
22 86 2
22 87 10
22 91 3
22 94 2
22 96 9
22 97 2
22 98 6
23 24 4
23 26 1
23 28 5
23 30 5
23 31 5
23 34 4
23 37 8
23 43 6
23 45 6
23 47 1
23 49 2
23 50 9
23 54 6
23 56 8
23 57 1
23 59 7
23 60 7
23 68 10
23 69 9
23 71 3
23 72 3
23 73 4
23 74 1
23 76 10
23 77 2
23 79 10
23 82 4
23 85 10
23 87 6
23 90 5
23 91 1
23 92 10
23 93 4
23 95 3
24 27 8
24 28 8
24 29 9
24 30 6
24 31 2
24 32 3
24 35 1
24 36 3
24 38 9
24 39 3
24 41 7
24 42 3
24 44 7
24 46 6
24 48 2
24 50 10
24 51 2
24 52 6
24 53 3
24 55 8
24 58 3
24 59 4
24 60 6
24 61 4
24 62 10
24 69 10
24 73 8
24 74 5
24 75 2
24 76 7
24 77 3
24 80 10
24 83 8
24 84 5
24 85 7
24 88 8
24 89 9
24 90 5
24 93 10
24 94 6
24 95 6
24 96 5
24 97 5
25 26 10
25 29 9
25 30 8
25 32 9
25 33 5
25 34 10
25 36 5
25 39 4
25 40 6
25 42 2
25 43 1
25 44 8
25 46 5
25 47 6
25 48 10
25 49 6
25 53 9
25 56 7
25 60 3
25 61 1
25 63 8
25 64 5
25 65 4
25 66 6
25 68 7
25 69 5
25 70 2
25 73 3
25 74 7
25 75 8
25 77 6
25 79 3
25 80 9
25 83 2
25 84 3
25 88 7
25 90 7
25 91 9
25 92 10
25 95 3
25 97 6
25 98 8
25 99 9
26 27 3
26 30 2
26 31 1
26 32 7
26 34 2
26 35 4
26 36 10
26 39 10
26 40 6
26 41 4
26 45 10
26 46 3
26 49 1
26 50 2
26 51 9
26 52 5
26 53 4
26 54 8
26 60 3
26 62 6
26 63 4
26 65 9
26 68 8
26 69 8
26 70 2
26 71 10
26 73 4
26 74 2
26 75 4
26 77 7
26 81 7
26 82 1
26 85 5
26 87 6
26 89 1
26 92 4
26 93 9
26 96 7
26 97 1
27 28 1
27 29 7
27 30 5
27 32 6
27 33 4
27 35 10
27 39 8
27 41 3
27 44 4
27 45 6
27 46 9
27 47 1
27 48 10
27 50 10
27 51 9
27 52 1
27 55 2
27 56 1
27 57 3
27 60 10
27 61 1
27 62 4
27 64 4
27 65 4
27 66 7
27 69 6
27 71 8
27 72 9
27 76 2
27 77 4
27 78 10
27 79 5
27 80 5
27 81 7
27 82 6
27 83 6
27 84 8
27 85 6
27 86 3
27 88 10
27 90 4
27 94 6
27 97 6
27 99 5
28 29 5
28 31 1
28 33 5
28 36 9
28 39 9
28 40 3
28 41 10
28 47 10
28 49 2
28 51 7
28 52 5
28 55 8
28 58 9
28 59 3
28 60 9
28 62 1
28 65 4
28 66 5
28 67 1
28 68 8
28 70 10
28 73 6
28 74 8
28 75 3
28 76 2
28 78 2
28 79 1
28 81 4
28 82 10
28 85 10
28 86 8
28 87 1
28 89 9
28 93 9
28 94 8
28 95 4
28 96 10
28 99 2
29 30 6
29 31 2
29 33 7
29 34 3
29 39 3
29 43 6
29 45 7
29 46 6
29 47 10
29 51 3
29 52 1
29 53 6
29 55 10
29 56 1
29 58 9
29 59 5
29 63 3
29 64 6
29 67 2
29 68 6
29 72 3
29 73 8
29 74 8
29 76 10
29 77 7
29 80 8
29 81 10
29 82 10
29 84 10
29 85 8
29 86 10
29 87 2
29 88 1
29 90 2
29 91 7
29 92 4
29 93 10
29 94 7
29 96 4
29 97 4
29 98 5
29 99 5
30 32 2
30 36 7
30 38 1
30 39 2
30 41 10
30 42 7
30 45 8
30 46 9
30 47 8
30 49 9
30 50 6
30 51 10
30 52 6
30 58 10
30 62 4
30 63 7
30 64 9
30 65 6
30 66 3
30 69 1
30 73 2
30 78 1
30 79 9
30 82 1
30 86 8
30 91 8
30 92 9
30 95 3
30 96 1
30 97 5
31 32 6
31 34 7
31 35 7
31 36 3
31 38 4
31 40 1
31 41 8
31 45 3
31 47 1
31 52 10
31 53 7
31 59 2
31 61 5
31 63 3
31 68 3
31 69 1
31 71 8
31 72 8
31 76 6
31 77 7
31 78 6
31 84 9
31 86 4
31 90 1
31 94 7
31 95 7
31 96 9
31 98 1
32 35 9
32 38 7
32 39 9
32 41 1
32 42 1
32 43 8
32 44 5
32 47 10
32 50 6
32 52 8
32 53 8
32 54 10
32 56 4
32 60 6
32 62 4
32 66 9
32 67 10
32 68 1
32 71 7
32 73 6
32 76 3
32 78 2
32 79 1
32 80 3
32 82 5
32 84 4
32 86 3
32 88 8
32 89 5
32 90 9
32 92 8
32 93 9
32 96 5
32 99 3
33 36 8
33 37 9
33 42 4
33 43 10
33 44 4
33 45 2
33 46 10
33 47 5
33 54 6
33 55 1
33 56 4
33 57 9
33 59 1
33 61 6
33 62 4
33 63 2
33 65 10
33 66 10
33 67 7
33 71 2
33 75 9
33 77 9
33 80 6
33 85 9
33 87 1
33 88 8
33 89 6
33 91 6
33 92 8
33 93 2
33 94 7
33 95 8
33 99 1
34 35 4
34 36 10
34 37 1
34 40 10
34 41 6
34 43 8
34 44 5
34 45 10
34 47 7
34 48 7
34 53 4
34 55 4
34 56 2
34 61 9
34 62 2
34 64 2
34 67 10
34 68 10
34 72 5
34 73 6
34 74 6
34 75 5
34 76 9
34 77 1
34 81 9
34 82 7
34 83 5
34 84 4
34 85 6
34 88 5
34 92 5
34 94 9
34 95 7
34 96 10
34 97 3
34 98 7
34 99 10
35 36 8
35 37 8
35 38 3
35 41 2
35 44 8
35 46 1
35 49 6
35 52 9
35 53 8
35 54 7
35 58 4
35 63 6
35 64 1
35 66 2
35 68 3
35 70 10
35 71 5
35 73 10
35 74 7
35 77 1
35 78 1
35 79 1
35 83 8
35 85 9
35 86 7
35 87 1
35 88 7
35 89 4
35 90 5
35 91 7
35 95 5
35 98 8
36 37 2
36 38 6
36 41 3
36 47 1
36 48 4
36 51 4
36 52 2
36 53 6
36 58 8
36 61 1
36 68 2
36 69 6
36 71 8
36 72 2
36 73 7
36 78 9
36 80 5
36 81 2
36 82 7
36 83 5
36 88 1
36 89 6
36 90 9
36 91 2
36 92 10
36 98 1
37 39 5
37 40 4
37 41 1
37 42 9
37 43 1
37 45 3
37 47 2
37 49 6
37 51 9
37 52 7
37 54 2
37 56 5
37 63 9
37 64 8
37 65 1
37 66 9
37 68 1
37 69 6
37 72 9
37 74 4
37 75 10
37 76 1
37 77 5
37 78 3
37 81 9
37 85 2
37 88 3
37 90 8
37 93 10
37 95 9
37 99 7
38 41 5
38 42 5
38 45 6
38 47 6
38 48 8
38 50 10
38 52 2
38 54 8
38 55 6
38 57 4
38 61 4
38 63 7
38 67 10
38 71 3
38 74 6
38 76 2
38 77 5
38 79 9
38 85 8
38 86 8
38 88 2
38 92 1
38 94 1
38 98 10
38 99 2
39 40 7
39 42 7
39 44 9
39 45 4
39 46 8
39 47 7
39 48 6
39 50 5
39 51 2
39 52 7
39 54 5
39 58 8
39 59 1
39 60 7
39 62 2
39 63 9
39 64 5
39 65 5
39 66 6
39 67 4
39 69 2
39 72 3
39 73 2
39 74 1
39 75 2
39 77 8
39 83 8
39 84 2
39 88 6
39 89 6
39 92 7
39 98 9
39 99 5
40 41 8
40 42 3
40 44 4
40 45 6
40 46 9
40 47 1
40 48 9
40 54 4
40 58 1
40 59 6
40 60 6
40 62 4
40 64 2
40 66 8
40 67 8
40 68 2
40 69 9
40 75 3
40 76 4
40 77 10
40 81 3
40 82 5
40 84 5
40 87 3
40 88 1
40 91 8
40 92 6
40 93 10
40 96 9
40 97 3
40 98 5
40 99 6
41 42 7
41 43 5
41 44 4
41 46 1
41 47 1
41 52 5
41 54 2
41 55 6
41 57 4
41 59 9
41 62 10
41 63 2
41 65 5
41 70 1
41 71 10
41 72 1
41 73 6
41 74 6
41 75 7
41 79 1
41 80 8
41 82 4
41 83 6
41 84 10
41 85 6
41 91 10
41 92 10
41 93 10
41 96 2
41 97 1
41 98 7
42 43 5
42 44 8
42 45 3
42 47 3
42 50 5
42 52 3
42 54 7
42 55 7
42 56 1
42 57 5
42 58 9
42 60 5
42 61 8
42 64 3
42 67 2
42 69 8
42 70 4
42 71 8
42 74 4
42 76 9
42 81 7
42 84 2
42 85 2
42 86 3
42 88 7
42 90 1
42 91 1
42 92 10
42 95 6
42 99 8
43 45 5
43 50 1
43 56 10
43 58 2
43 59 5
43 61 4
43 62 1
43 63 5
43 64 6
43 65 5
43 67 9
43 71 9
43 72 4
43 74 1
43 75 10
43 77 4
43 79 10
43 81 2
43 83 4
43 87 1
43 89 6
43 90 9
43 91 7
43 92 7
43 94 2
43 98 3
44 45 4
44 46 6
44 47 7
44 48 10
44 50 1
44 53 7
44 57 8
44 59 8
44 60 7
44 61 7
44 62 3
44 64 8
44 68 4
44 70 10
44 72 1
44 82 6
44 84 3
44 85 9
44 86 9
44 87 10
44 89 2
44 91 5
44 93 5
44 94 6
44 95 5
44 96 10
44 97 5
44 98 3
44 99 3
45 47 7
45 48 8
45 49 2
45 50 6
45 52 8
45 53 3
45 54 8
45 60 9
45 62 7
45 64 5
45 65 1
45 66 5
45 68 5
45 69 1
45 72 6
45 77 10
45 82 8
45 83 3
45 86 8
45 87 6
45 89 3
45 91 7
45 93 2
45 94 5
45 95 2
45 96 10
45 99 1
46 49 10
46 53 5
46 54 8
46 56 8
46 57 5
46 58 8
46 60 8
46 64 1
46 67 1
46 68 6
46 69 4
46 70 1
46 72 10
46 73 6
46 76 7
46 77 7
46 79 10
46 82 10
46 83 10
46 85 5
46 91 10
46 93 9
46 94 1
46 97 9
46 98 3
46 99 5
47 48 6
47 51 9
47 52 10
47 53 5
47 54 2
47 57 9
47 58 5
47 60 6
47 61 4
47 64 9
47 66 6
47 67 7
47 68 9
47 69 10
47 70 9
47 76 6
47 77 1
47 78 9
47 82 6
47 83 1
47 85 2
47 92 4
47 98 1
48 49 9
48 50 7
48 51 2
48 52 5
48 55 8
48 57 8
48 58 1
48 63 6
48 65 2
48 66 2
48 67 4
48 69 8
48 72 6
48 73 1
48 76 4
48 77 7
48 78 10
48 79 8
48 81 3
48 82 6
48 87 1
48 90 10
48 92 5
48 94 5
48 96 7
48 97 5
48 98 1
49 50 10
49 51 5
49 52 9
49 53 2
49 56 7
49 63 2
49 64 2
49 67 3
49 69 4
49 70 10
49 71 6
49 73 10
49 75 3
49 77 5
49 78 4
49 81 10
49 82 9
49 86 6
49 88 8
49 91 5
49 95 8
49 96 1
49 97 7
49 99 8
50 53 3
50 54 1
50 57 9
50 61 5
50 62 4
50 64 7
50 65 9
50 69 10
50 71 9
50 72 7
50 75 8
50 77 9
50 78 1
50 79 4
50 80 3
50 81 4
50 82 5
50 83 7
50 84 6
50 86 7
50 88 3
50 89 10
50 90 3
50 91 10
50 95 2
50 96 1
50 97 3
50 99 4
51 52 6
51 53 8
51 55 10
51 57 5
51 58 8
51 61 9
51 63 1
51 66 9
51 67 1
51 70 4
51 71 7
51 72 3
51 73 9
51 74 7
51 76 3
51 77 6
51 80 1
51 81 4
51 82 7
51 84 3
51 86 7
51 88 5
51 91 1
51 94 8
51 95 3
52 62 9
52 64 4
52 65 4
52 67 1
52 68 7
52 69 1
52 71 1
52 72 1
52 73 5
52 74 2
52 75 8
52 76 1
52 80 8
52 81 9
52 84 6
52 88 7
52 93 7
52 99 6
53 55 5
53 56 6
53 58 5
53 60 9
53 63 1
53 64 9
53 66 2
53 67 3
53 72 6
53 75 2
53 76 5
53 77 1
53 79 2
53 81 7
53 83 1
53 85 7
53 86 8
53 89 8
53 91 3
53 92 8
53 93 9
53 98 9
54 55 7
54 56 6
54 59 5
54 60 6
54 69 4
54 70 10
54 71 6
54 72 9
54 75 10
54 78 3
54 79 10
54 81 8
54 82 1
54 84 9
54 88 8
54 89 7
54 90 3
54 92 5
54 94 10
54 95 6
54 98 6
55 59 10
55 61 6
55 62 1
55 65 7
55 66 3
55 67 2
55 71 7
55 75 5
55 78 1
55 79 2
55 81 9
55 82 8
55 84 4
55 85 4
55 90 5
55 94 4
55 96 4
55 99 10
56 57 7
56 58 2
56 64 2
56 65 8
56 66 2
56 67 4
56 68 6
56 70 3
56 72 10
56 73 2
56 75 6
56 78 1
56 80 8
56 84 5
56 86 2
56 87 4
56 89 10
56 91 8
56 92 2
56 97 9
56 98 6
56 99 3
57 58 4
57 59 6
57 61 9
57 71 6
57 74 3
57 78 5
57 80 2
57 82 9
57 83 8
57 84 7
57 85 1
57 87 3
57 92 10
57 93 3
57 94 9
57 95 5
57 97 8
57 98 5
57 99 4
58 59 8
58 61 1
58 65 6
58 67 1
58 69 10
58 71 5
58 72 3
58 73 5
58 76 4
58 77 10
58 79 5
58 84 9
58 85 1
58 91 5
58 92 9
58 94 5
58 95 7
58 96 6
58 97 7
58 98 4
58 99 10
59 60 5
59 62 3
59 64 9
59 66 1
59 70 8
59 74 7
59 75 3
59 77 3
59 79 9
59 80 8
59 81 1
59 83 1
59 86 3
59 87 5
59 90 4
59 91 2
59 92 10
59 95 6
59 98 3
59 99 7
60 61 6
60 62 2
60 65 10
60 71 4
60 72 6
60 74 2
60 75 10
60 78 6
60 79 5
60 80 9
60 81 1
60 84 7
60 85 4
60 86 2
60 87 4
60 88 8
60 93 2
60 98 8
60 99 1
61 64 1
61 66 5
61 68 2
61 69 9
61 70 5
61 72 6
61 74 2
61 76 3
61 80 4
61 83 1
61 84 8
61 85 2
61 86 10
61 87 2
61 90 8
61 92 2
61 98 7
61 99 9
62 63 10
62 65 3
62 66 2
62 71 3
62 74 9
62 79 1
62 80 3
62 82 8
62 85 7
62 86 3
62 88 5
62 89 2
62 91 4
62 92 9
62 93 7
62 95 6
62 97 3
62 99 10
63 65 8
63 67 8
63 72 4
63 73 2
63 76 5
63 77 5
63 78 4
63 80 3
63 81 7
63 84 9
63 85 5
63 87 5
63 90 4
63 91 10
63 92 5
63 93 10
63 95 7
63 97 8
63 98 9
63 99 9
64 68 4
64 71 8
64 72 10
64 76 6
64 78 4
64 83 9
64 84 9
64 85 4
64 86 7
64 88 2
64 90 9
64 91 2
64 93 1
64 96 5
64 97 7
64 98 7
65 67 9
65 68 6
65 72 6
65 74 3
65 76 5
65 77 5
65 82 4
65 83 5
65 84 1
65 87 8
65 88 5
65 89 7
65 91 5
65 93 5
65 94 1
65 98 6
65 99 3
66 67 3
66 68 7
66 69 8
66 70 3
66 73 2
66 75 2
66 77 8
66 79 2
66 80 7
66 81 2
66 83 8
66 87 9
66 92 7
66 93 2
66 94 9
66 96 7
66 97 4
66 99 6
67 68 9
67 70 5
67 72 6
67 73 6
67 74 7
67 76 2
67 78 6
67 79 3
67 82 6
67 83 6
67 86 8
67 89 6
67 90 9
67 91 10
67 94 3
68 73 7
68 74 2
68 77 10
68 79 4
68 81 10
68 83 7
68 84 10
68 87 8
68 89 2
68 91 8
68 92 4
68 94 1
68 95 9
68 98 8
69 70 3
69 71 3
69 73 8
69 74 10
69 76 9
69 77 9
69 78 6
69 81 8
69 83 3
69 84 2
69 85 4
69 87 10
69 89 2
69 90 1
69 93 2
69 97 6
70 71 8
70 72 5
70 74 9
70 75 6
70 76 3
70 77 9
70 78 6
70 79 3
70 81 6
70 85 10
70 86 1
70 87 10
70 88 10
70 89 8
70 90 7
70 92 1
70 93 10
70 94 10
70 96 6
70 97 7
70 98 8
70 99 8
71 73 5
71 74 6
71 80 7
71 81 9
71 82 5
71 83 3
71 84 10
71 86 3
71 87 3
71 89 4
71 92 3
71 93 9
71 94 5
71 95 4
71 96 8
71 97 4
71 99 6
72 73 1
72 77 9
72 79 2
72 83 7
72 84 1
72 86 4
72 87 2
72 88 3
72 90 5
72 91 4
72 92 2
72 94 6
72 98 2
72 99 5
73 78 1
73 79 6
73 81 9
73 83 8
73 86 1
73 87 1
73 88 4
73 89 4
73 90 4
73 92 4
73 94 3
73 95 10
73 98 9
73 99 4
74 78 5
74 79 10
74 82 4
74 85 6
74 88 2
74 92 9
74 93 2
74 94 5
74 96 3
74 97 5
75 79 6
75 80 2
75 85 1
75 87 7
75 88 7
75 90 3
75 94 6
75 96 7
75 98 9
76 77 3
76 79 7
76 80 6
76 83 9
76 85 1
76 87 10
76 90 3
76 91 2
76 97 6
76 99 5
77 78 10
77 81 1
77 82 3
77 84 1
77 86 10
77 87 9
77 88 10
77 89 9
77 91 10
77 94 2
77 95 2
77 96 3
77 98 1
78 84 7
78 85 7
78 87 10
78 88 5
78 90 2
78 98 5
79 81 5
79 87 10
79 89 1
79 91 2
79 93 1
79 95 2
80 81 4
80 82 2
80 83 3
80 84 1
80 87 9
80 89 3
80 91 10
80 92 1
80 94 2
80 95 2
80 96 8
80 97 3
80 98 9
80 99 8
81 83 10
81 84 10
81 88 9
81 93 9
81 94 10
81 95 7
81 97 8
81 99 4
82 86 9
82 88 5
82 89 7
82 90 9
82 91 8
82 94 2
82 98 7
83 84 10
83 85 10
83 86 8
83 88 8
83 91 7
83 93 1
83 94 2
83 96 9
83 97 1
83 98 3
84 85 4
84 86 8
84 89 4
84 91 4
84 92 1
84 93 2
84 96 7
84 98 4
84 99 6
85 86 7
85 87 6
85 88 6
85 89 10
85 91 4
85 92 8
85 93 9
85 94 1
85 95 8
85 96 8
85 99 1
86 87 3
86 88 3
86 89 4
86 90 6
86 91 6
86 92 2
86 93 2
86 94 4
86 95 9
86 96 2
86 98 4
86 99 4
87 90 4
87 92 8
87 94 10
87 95 8
87 96 3
87 98 2
88 92 8
88 95 7
88 96 3
88 97 3
88 99 8
89 90 6
89 91 10
89 92 5
89 93 3
89 96 4
89 98 7
90 91 6
90 93 9
90 95 9
90 96 5
90 97 10
91 92 4
91 93 1
91 95 3
91 98 1
92 93 6
92 95 1
92 96 4
93 96 3
93 98 4
94 96 6
94 98 4
95 97 7
95 98 9
95 99 5
96 97 5
98 99 1