100
0 1 60.914
0 2 6.021
0 3 52.171
0 4 80.676
0 5 87.755
0 6 38.899
0 7 49.416
0 8 79.85
0 9 30.581
0 10 19.935
0 11 68.748
0 12 69.278
0 13 3.15
0 14 60.451
0 15 11.738
0 16 27.686
0 17 72.934
0 18 16.301
0 19 97.105
0 20 76.108
0 21 58.388
0 22 18.352
0 23 15.956
0 24 84.449
0 25 15.169
0 26 84.984
0 27 12.137
0 28 14.931
0 29 16.129
0 30 9.29
0 31 4.007
0 32 86.908
0 33 83.48
0 34 52.588
0 35 37.041
0 36 54.996
0 37 65.804
0 38 79.545
0 39 93.884
0 40 70.438
0 41 48.333
0 42 82.458
0 43 23.247
0 44 49.082
0 45 93.593
0 46 1.729
0 47 67.754
0 48 44.96
0 49 99.142
0 50 62.893
0 51 15.317
0 52 44.508
0 53 73.603
0 54 56.698
0 55 50.069
0 56 34.952
0 57 32.851
0 58 87.539
0 59 61.368
0 60 90.542
0 61 7.55
0 62 62.375
0 63 26.147
0 64 2.749
0 65 7.959
0 66 74.755
0 67 51.425
0 68 2.068
0 69 20.509
0 70 76.281
0 71 41.679
0 72 76.128
0 73 71.93
0 74 12.341
0 75 73.122
0 76 1.65
0 77 18.54
0 78 6.967
0 79 93.758
0 80 54.137
0 81 93.656
0 82 1.311
0 83 0.365
0 84 74.85
0 85 21.716
0 86 69.627
0 87 96.941
0 88 7.389
0 89 88.188
0 90 63.967
0 91 95.514
0 92 36.133
0 93 18.623
0 94 2.556
0 95 63.85
0 96 72.675
0 97 30.147
0 98 58.762
0 99 17.156
1 2 94.993
1 3 2.936
1 4 29.132
1 5 3.218
1 6 93.374
1 7 46.999
1 8 94.255
1 9 54.941
1 10 80.962
1 11 11.994
1 12 68.401
1 13 16.055
1 14 79.74
1 15 3.677
1 16 36.244
1 17 72.531
1 18 55.497
1 19 18.601
1 20 21.331
1 21 96.927
1 22 49.745
1 23 89.031
1 24 6.081
1 25 82.425
1 26 35.415
1 27 93.905
1 28 91.087
1 29 58.147
1 30 0.763
1 31 92.929
1 32 44.292
1 33 83.248
1 34 27.132
1 35 37.132
1 36 87.926
1 37 23.523
1 38 80.499
1 39 38.304
1 40 8.444
1 41 81.505
1 42 69.445
1 43 18.895
1 44 58.163
1 45 53.589
1 46 43.724
1 47 54.399
1 48 24.308
1 49 70.804
1 50 58.195
1 51 34.746
1 52 13.79
1 53 38.728
1 54 33.387
1 55 36.162
1 56 10.936
1 57 70.555
1 58 18.598
1 59 89.186
1 60 95.908
1 61 76.494
1 62 91.494
1 63 80.386
1 64 33.838
1 65 73.813
1 66 54.377
1 67 24.058
1 68 99.02
1 69 50.35
1 70 86.941
1 71 7.737
1 72 72.205
1 73 21.793
1 74 62.796
1 75 26.72
1 76 94.738
1 77 32.001
1 78 82.811
1 79 34.91
1 80 91.55
1 81 90.916
1 82 29.082
1 83 63.061
1 84 42.046
1 85 52.479
1 86 62.537
1 87 74.471
1 88 27.976
1 89 92.212
1 90 46.768
1 91 80.036
1 92 88.957
1 93 12.639
1 94 88.781
1 95 40.548
1 96 2.619
1 97 75.768
1 98 60.665
1 99 71.799
2 3 87.693
2 4 25.464
2 5 69.625
2 6 2.371
2 7 4.002
2 8 98.024
2 9 86.303
2 10 29.902
2 11 22.277
2 12 37.957
2 13 92.784
2 14 58.296
2 15 6.818
2 16 82.441
2 17 32.128
2 18 89.108
2 19 95.083
2 20 23.047
2 21 88.538
2 22 28.902
2 23 93.156
2 24 43.807
2 25 87.087
2 26 89.552
2 27 50.187
2 28 24.445
2 29 14.413
2 30 85.346
2 31 1.546
2 32 28.708
2 33 34.712
2 34 88.529
2 35 16.955
2 36 58.203
2 37 33.575
2 38 3.161
2 39 89.653
2 40 91.388
2 41 32.993
2 42 26.181
2 43 53.797
2 44 34.681
2 45 29.985
2 46 69.59
2 47 93.202
2 48 56.015
2 49 93.568
2 50 40.894
2 51 26.395
2 52 6.055
2 53 24.765
2 54 25.681
2 55 66.124
2 56 61.957
2 57 33.352
2 58 91.219
2 59 2.382
2 60 89.272
2 61 10.292
2 62 6.025
2 63 99.829
2 64 78.085
2 65 72.045
2 66 67.466
2 67 95.4
2 68 59.939
2 69 27.594
2 70 70.218
2 71 36.233
2 72 34.886
2 73 70.651
2 74 27.463
2 75 41.411
2 76 7.447
2 77 97.716
2 78 57.337
2 79 25.234
2 80 57.527
2 81 68.195
2 82 68.918
2 83 6.682
2 84 22.278
2 85 18.381
2 86 69.013
2 87 23.888
2 88 43.489
2 89 77.337
2 90 92.07
2 91 96.245
2 92 36.345
2 93 52.543
2 94 63.066
2 95 35.237
2 96 24.568
2 97 91.704
2 98 72.589
2 99 10.881
3 4 25.279
3 5 39.887
3 6 10.407
3 7 52.593
3 8 5.739
3 9 52.386
3 10 12.838
3 11 37.088
3 12 61.797
3 13 4.027
3 14 59.179
3 15 59.674
3 16 82.47
3 17 76.912
3 18 15.471
3 19 98.467
3 20 87.575
3 21 66.769
3 22 25.961
3 23 99.829
3 24 46.873
3 25 55.842
3 26 76.714
3 27 83.815
3 28 57.676
3 29 79.744
3 30 68.528
3 31 28.852
3 32 31.221
3 33 38.943
3 34 10.993
3 35 63.909
3 36 17.608
3 37 79.187
3 38 85.881
3 39 81.603
3 40 1.275
3 41 19.19
3 42 49.791
3 43 90.963
3 44 54.038
3 45 17.553
3 46 15.049
3 47 3.743
3 48 36.282
3 49 19.268
3 50 81.114
3 51 62.054
3 52 21.892
3 53 66.005
3 54 45.728
3 55 44.625
3 56 92.988
3 57 10.798
3 58 17.101
3 59 72.871
3 60 82.351
3 61 79.309
3 62 1.474
3 63 57.342
3 64 66.859
3 65 6.207
3 66 76.574
3 67 29.745
3 68 56.944
3 69 72.026
3 70 62.571
3 71 11.664
3 72 78.672
3 73 27.089
3 74 3.729
3 75 84.332
3 76 22.278
3 77 93.386
3 78 0.176
3 79 70.625
3 80 50.916
3 81 57.302
3 82 69.074
3 83 6.318
3 84 82.438
3 85 96.005
3 86 0.037
3 87 60.458
3 88 27.666
3 89 34.219
3 90 8.657
3 91 80.938
3 92 98.197
3 93 2.178
3 94 7.594
3 95 44.119
3 96 97.211
3 97 70.834
3 98 12.643
3 99 60.784
4 5 94.44
4 6 41.66
4 7 85.21
4 8 77.443
4 9 43.407
4 10 91.256
4 11 30.797
4 12 98.629
4 13 13.863
4 14 43.299
4 15 43.446
4 16 41.758
4 17 22.865
4 18 21.043
4 19 17.543
4 20 48.309
4 21 78.671
4 22 61.65
4 23 7.942
4 24 1.852
4 25 10.168
4 26 86.195
4 27 74.653
4 28 33.578
4 29 32.652
4 30 93.588
4 31 69.831
4 32 45.018
4 33 94.842
4 34 35.342
4 35 95.246
4 36 83.031
4 37 40.126
4 38 25.733
4 39 59.676
4 40 97.855
4 41 62.158
4 42 38.178
4 43 28.546
4 44 95.157
4 45 66.205
4 46 99.533
4 47 32.206
4 48 83.244
4 49 35.823
4 50 45.397
4 51 30.273
4 52 15.55
4 53 90.266
4 54 36.417
4 55 14.931
4 56 9.939
4 57 65.993
4 58 13.527
4 59 26.311
4 60 66.129
4 61 76.667
4 62 59.946
4 63 58.089
4 64 39.828
4 65 29.012
4 66 60.016
4 67 18.34
4 68 34.473
4 69 0.819
4 70 94.257
4 71 23.608
4 72 7.914
4 73 6.333
4 74 52.44
4 75 16.796
4 76 69.424
4 77 63.316
4 78 29.788
4 79 29.662
4 80 40.355
4 81 78.562
4 82 44.75
4 83 65.235
4 84 32.403
4 85 82.531
4 86 81.381
4 87 57.459
4 88 82.608
4 89 88.858
4 90 11.638
4 91 60.253
4 92 78.038
4 93 19.693
4 94 19.868
4 95 70.848
4 96 13.274
4 97 96.102
4 98 75.544
4 99 19.749
5 6 48.916
5 7 17.368
5 8 93.269
5 9 68.835
5 10 27.371
5 11 5.543
5 12 26.616
5 13 36.628
5 14 81.415
5 15 84.78
5 16 20.332
5 17 55.647
5 18 94.515
5 19 34.037
5 20 83.32
5 21 32.302
5 22 60.059
5 23 54.209
5 24 55.31
5 25 50.657
5 26 79.514
5 27 18.178
5 28 98.608
5 29 20.495
5 30 13.833
5 31 86.604
5 32 12.579
5 33 75.892
5 34 63.396
5 35 92.388
5 36 38.594
5 37 61.749
5 38 11.31
5 39 15.09
5 40 86.718
5 41 59.908
5 42 37.267
5 43 42.675
5 44 59.324
5 45 44.402
5 46 61.477
5 47 63.62
5 48 37.959
5 49 72.74
5 50 90.328
5 51 59.377
5 52 68.009
5 53 67.645
5 54 77.295
5 55 1.644
5 56 7.288
5 57 3.89
5 58 66.278
5 59 58.43
5 60 15.294
5 61 95.21
5 62 95.315
5 63 8.466
5 64 49.489
5 65 96.518
5 66 20.363
5 67 12.818
5 68 95.053
5 69 5.758
5 70 13.914
5 71 71.002
5 72 86.865
5 73 7.652
5 74 63.138
5 75 91.22
5 76 21.757
5 77 86.384
5 78 24.416
5 79 15.33
5 80 46.547
5 81 9.827
5 82 14.303
5 83 81.619
5 84 73.705
5 85 87.309
5 86 72.31
5 87 82.919
5 88 58.401
5 89 55.226
5 90 58.14
5 91 99.606
5 92 58.426
5 93 15.963
5 94 32.08
5 95 19.506
5 96 97.232
5 97 37.774
5 98 41.443
5 99 58.751
6 7 49.357
6 8 88.054
6 9 87.712
6 10 83.954
6 11 33.53
6 12 35.04
6 13 97.602
6 14 52.932
6 15 81.002
6 16 98.206
6 17 31.985
6 18 74.113
6 19 66.659
6 20 50.85
6 21 3.111
6 22 26.471
6 23 57.849
6 24 99.797
6 25 73.745
6 26 94.483
6 27 4.377
6 28 45.946
6 29 25.796
6 30 98.327
6 31 64.086
6 32 74.549
6 33 87.258
6 34 72.305
6 35 17.503
6 36 46.562
6 37 90.648
6 38 78.038
6 39 86.955
6 40 34.586
6 41 13.055
6 42 77.013
6 43 86.474
6 44 0.248
6 45 5.222
6 46 58.811
6 47 58.059
6 48 85.608
6 49 4.54
6 50 58.219
6 51 98.567
6 52 99.062
6 53 90.558
6 54 98.057
6 55 68.458
6 56 3.496
6 57 2.612
6 58 27.469
6 59 85.097
6 60 3.544
6 61 43.523
6 62 82.724
6 63 20.675
6 64 2.271
6 65 85.474
6 66 60.014
6 67 86.298
6 68 57.262
6 69 92.443
6 70 60.558
6 71 80.938
6 72 96.155
6 73 35.614
6 74 94.883
6 75 70.651
6 76 48.504
6 77 10.943
6 78 72.947
6 79 13.426
6 80 80.678
6 81 55.512
6 82 91.396
6 83 50.568
6 84 78.687
6 85 53.123
6 86 69.524
6 87 28.91
6 88 88.152
6 89 18.165
6 90 47.013
6 91 59.508
6 92 70.461
6 93 50.63
6 94 56.23
6 95 50.071
6 96 18.725
6 97 69.183
6 98 74.496
6 99 59.836
7 8 33.943
7 9 48.557
7 10 64.569
7 11 14.997
7 12 53.77
7 13 90.891
7 14 19.142
7 15 63.913
7 16 82.436
7 17 10.346
7 18 41.56
7 19 31.143
7 20 13.057
7 21 79.065
7 22 20.503
7 23 71.378
7 24 78.286
7 25 40.938
7 26 66.535
7 27 68.69
7 28 95.902
7 29 67.044
7 30 90.517
7 31 87.29
7 32 66.856
7 33 90.462
7 34 28.383
7 35 63.366
7 36 26.021
7 37 14.787
7 38 8.37
7 39 95.519
7 40 27.229
7 41 87.087
7 42 88.334
7 43 20.652
7 44 57.554
7 45 4.866
7 46 91.699
7 47 38.99
7 48 43.068
7 49 9.461
7 50 34.021
7 51 41.252
7 52 99.007
7 53 92.771
7 54 85.362
7 55 91.685
7 56 27.4
7 57 48.942
7 58 71.297
7 59 32.936
7 60 27.627
7 61 20.779
7 62 83.001
7 63 77.098
7 64 48.023
7 65 27.157
7 66 93.405
7 67 87.14
7 68 28.834
7 69 91.999
7 70 1.304
7 71 76.731
7 72 46.261
7 73 96.011
7 74 54.559
7 75 3.503
7 76 33.958
7 77 22.501
7 78 62.337
7 79 83.688
7 80 44.071
7 81 51.942
7 82 36.99
7 83 61.51
7 84 51.487
7 85 24.253
7 86 22.011
7 87 10.501
7 88 8.254
7 89 82.535
7 90 79.607
7 91 98.685
7 92 91.441
7 93 1.072
7 94 54.818
7 95 22.918
7 96 6.653
7 97 13.808
7 98 92.517
7 99 18.887
8 9 17.26
8 10 17.559
8 11 95.751
8 12 59.0
8 13 29.38
8 14 15.349
8 15 97.425
8 16 52.33
8 17 33.919
8 18 90.578
8 19 34.861
8 20 12.872
8 21 41.128
8 22 1.118
8 23 12.282
8 24 85.585
8 25 49.152
8 26 87.189
8 27 7.348
8 28 46.135
8 29 27.025
8 30 72.57
8 31 99.201
8 32 33.267
8 33 13.779
8 34 86.039
8 35 55.75
8 36 52.498
8 37 17.64
8 38 75.756
8 39 21.651
8 40 22.603
8 41 12.373
8 42 42.326
8 43 88.013
8 44 32.71
8 45 89.47
8 46 44.348
8 47 9.449
8 48 98.007
8 49 3.31
8 50 48.249
8 51 76.37
8 52 54.762
8 53 65.77
8 54 89.031
8 55 68.5
8 56 85.083
8 57 97.88
8 58 99.867
8 59 62.466
8 60 83.623
8 61 24.372
8 62 21.829
8 63 31.702
8 64 92.735
8 65 40.745
8 66 49.696
8 67 22.962
8 68 84.623
8 69 27.099
8 70 74.332
8 71 96.458
8 72 37.976
8 73 86.74
8 74 8.801
8 75 49.519
8 76 88.264
8 77 77.929
8 78 45.734
8 79 84.129
8 80 11.184
8 81 35.924
8 82 10.647
8 83 67.657
8 84 47.039
8 85 25.76
8 86 97.247
8 87 55.874
8 88 57.781
8 89 15.921
8 90 4.07
8 91 65.951
8 92 39.505
8 93 12.901
8 94 51.806
8 95 75.163
8 96 21.209
8 97 22.161
8 98 21.672
8 99 72.647
9 10 25.839
9 11 39.864
9 12 10.992
9 13 23.775
9 14 49.69
9 15 36.947
9 16 61.232
9 17 57.562
9 18 97.503
9 19 46.778
9 20 82.342
9 21 84.794
9 22 69.667
9 23 73.682
9 24 44.627
9 25 72.677
9 26 88.203
9 27 36.741
9 28 99.744
9 29 15.359
9 30 73.949
9 31 95.659
9 32 36.557
9 33 67.88
9 34 64.523
9 35 97.425
9 36 35.008
9 37 90.499
9 38 1.149
9 39 48.021
9 40 17.297
9 41 13.182
9 42 4.571
9 43 51.492
9 44 31.723
9 45 84.867
9 46 90.982
9 47 30.074
9 48 5.205
9 49 42.941
9 50 36.529
9 51 84.441
9 52 24.207
9 53 64.525
9 54 33.721
9 55 65.0
9 56 58.28
9 57 96.845
9 58 10.352
9 59 82.325
9 60 77.849
9 61 45.78
9 62 79.547
9 63 55.222
9 64 57.26
9 65 43.581
9 66 7.553
9 67 80.982
9 68 36.913
9 69 49.394
9 70 59.995
9 71 62.762
9 72 61.834
9 73 11.008
9 74 56.592
9 75 90.882
9 76 83.826
9 77 42.5
9 78 46.41
9 79 16.653
9 80 35.374
9 81 16.541
9 82 41.836
9 83 24.831
9 84 97.911
9 85 43.229
9 86 57.296
9 87 88.633
9 88 19.972
9 89 17.372
9 90 90.423
9 91 57.381
9 92 95.876
9 93 44.99
9 94 19.805
9 95 45.14
9 96 29.712
9 97 41.971
9 98 53.706
9 99 91.393
10 11 97.867
10 12 40.569
10 13 64.49
10 14 97.679
10 15 56.492
10 16 80.989
10 17 49.801
10 18 95.925
10 19 19.728
10 20 93.707
10 21 89.235
10 22 50.502
10 23 19.349
10 24 71.485
10 25 73.167
10 26 46.896
10 27 64.054
10 28 62.192
10 29 67.406
10 30 7.85
10 31 14.482
10 32 97.924
10 33 20.126
10 34 19.774
10 35 4.437
10 36 95.243
10 37 94.31
10 38 54.001
10 39 72.807
10 40 32.444
10 41 4.092
10 42 41.437
10 43 86.035
10 44 23.546
10 45 63.434
10 46 26.859
10 47 15.122
10 48 62.591
10 49 20.035
10 50 60.786
10 51 59.068
10 52 79.008
10 53 83.669
10 54 98.396
10 55 63.731
10 56 10.982
10 57 92.204
10 58 78.108
10 59 40.435
10 60 22.667
10 61 33.664
10 62 62.342
10 63 69.186
10 64 5.089
10 65 19.554
10 66 97.174
10 67 38.601
10 68 16.385
10 69 45.574
10 70 26.724
10 71 12.115
10 72 86.087
10 73 14.732
10 74 79.141
10 75 3.829
10 76 3.637
10 77 65.159
10 78 23.068
10 79 11.925
10 80 43.119
10 81 1.113
10 82 32.894
10 83 30.968
10 84 36.0
10 85 71.981
10 86 70.953
10 87 50.585
10 88 45.451
10 89 81.561
10 90 38.299
10 91 69.628
10 92 76.385
10 93 53.104
10 94 79.371
10 95 6.949
10 96 90.268
10 97 1.232
10 98 86.35
10 99 40.732
11 12 43.216
11 13 56.498
11 14 34.765
11 15 82.78
11 16 47.109
11 17 10.229
11 18 21.484
11 19 32.433
11 20 57.373
11 21 6.909
11 22 1.24
11 23 0.208
11 24 35.632
11 25 97.379
11 26 80.014
11 27 90.793
11 28 26.503
11 29 15.719
11 30 57.075
11 31 36.972
11 32 99.582
11 33 8.301
11 34 14.467
11 35 51.717
11 36 26.311
11 37 9.581
11 38 0.078
11 39 52.134
11 40 38.002
11 41 39.136
11 42 52.782
11 43 84.237
11 44 94.574
11 45 97.559
11 46 50.365
11 47 3.142
11 48 0.166
11 49 71.952
11 50 28.809
11 51 52.642
11 52 28.773
11 53 29.498
11 54 24.28
11 55 90.357
11 56 71.966
11 57 78.884
11 58 33.512
11 59 62.631
11 60 32.378
11 61 99.41
11 62 18.568
11 63 87.712
11 64 47.748
11 65 32.299
11 66 95.999
11 67 78.221
11 68 2.737
11 69 32.976
11 70 47.875
11 71 67.543
11 72 87.006
11 73 16.515
11 74 54.994
11 75 47.466
11 76 99.637
11 77 15.395
11 78 36.992
11 79 16.001
11 80 63.254
11 81 38.279
11 82 81.87
11 83 0.947
11 84 98.753
11 85 20.5
11 86 25.0
11 87 55.874
11 88 25.075
11 89 86.76
11 90 70.625
11 91 90.403
11 92 89.831
11 93 7.896
11 94 20.83
11 95 36.772
11 96 98.777
11 97 47.427
11 98 36.402
11 99 76.845
12 13 82.913
12 14 42.934
12 15 22.641
12 16 35.394
12 17 9.908
12 18 61.929
12 19 95.345
12 20 90.978
12 21 74.947
12 22 50.185
12 23 35.518
12 24 90.826
12 25 60.244
12 26 10.765
12 27 4.233
12 28 14.42
12 29 90.886
12 30 65.226
12 31 16.6
12 32 59.923
12 33 54.177
12 34 37.876
12 35 7.379
12 36 57.151
12 37 93.592
12 38 76.477
12 39 92.132
12 40 72.96
12 41 45.853
12 42 28.541
12 43 36.352
12 44 22.125
12 45 53.395
12 46 45.964
12 47 79.517
12 48 55.191
12 49 93.602
12 50 74.169
12 51 72.604
12 52 91.785
12 53 88.997
12 54 10.908
12 55 34.971
12 56 1.611
12 57 39.26
12 58 23.563
12 59 76.477
12 60 29.281
12 61 37.158
12 62 22.351
12 63 76.755
12 64 50.977
12 65 33.191
12 66 85.857
12 67 65.64
12 68 18.928
12 69 13.164
12 70 63.857
12 71 5.238
12 72 77.081
12 73 99.916
12 74 14.175
12 75 25.285
12 76 66.011
12 77 98.711
12 78 47.751
12 79 68.462
12 80 27.194
12 81 30.59
12 82 40.229
12 83 71.992
12 84 10.757
12 85 6.517
12 86 2.299
12 87 39.157
12 88 2.65
12 89 34.855
12 90 31.888
12 91 41.361
12 92 64.707
12 93 83.298
12 94 85.301
12 95 27.72
12 96 85.828
12 97 13.092
12 98 44.621
12 99 50.808
13 14 59.533
13 15 17.952
13 16 71.074
13 17 68.411
13 18 69.404
13 19 45.877
13 20 59.444
13 21 43.586
13 22 66.299
13 23 52.204
13 24 35.574
13 25 7.677
13 26 35.583
13 27 99.697
13 28 13.987
13 29 30.413
13 30 38.228
13 31 74.69
13 32 67.654
13 33 80.211
13 34 94.746
13 35 28.183
13 36 61.852
13 37 97.372
13 38 52.291
13 39 90.745
13 40 25.051
13 41 23.519
13 42 29.057
13 43 95.146
13 44 72.489
13 45 66.136
13 46 99.058
13 47 97.281
13 48 25.652
13 49 0.349
13 50 0.245
13 51 11.388
13 52 43.039
13 53 37.044
13 54 31.399
13 55 77.524
13 56 46.242
13 57 14.973
13 58 98.504
13 59 41.891
13 60 89.022
13 61 64.579
13 62 20.368
13 63 18.716
13 64 64.75
13 65 75.361
13 66 0.155
13 67 63.436
13 68 49.579
13 69 25.054
13 70 81.313
13 71 43.106
13 72 87.994
13 73 49.352
13 74 0.619
13 75 68.431
13 76 72.848
13 77 10.871
13 78 49.834
13 79 36.629
13 80 49.301
13 81 7.065
13 82 51.032
13 83 85.636
13 84 85.293
13 85 25.103
13 86 27.056
13 87 98.559
13 88 4.636
13 89 11.581
13 90 59.25
13 91 36.58
13 92 48.733
13 93 41.512
13 94 79.001
13 95 84.654
13 96 90.775
13 97 60.217
13 98 86.591
13 99 69.852
14 15 77.943
14 16 50.502
14 17 5.653
14 18 62.482
14 19 91.566
14 20 2.872
14 21 33.987
14 22 82.352
14 23 20.18
14 24 87.387
14 25 88.004
14 26 9.768
14 27 59.572
14 28 5.436
14 29 75.636
14 30 24.918
14 31 81.996
14 32 93.45
14 33 51.19
14 34 64.708
14 35 28.782
14 36 80.775
14 37 68.646
14 38 62.85
14 39 61.149
14 40 47.854
14 41 70.09
14 42 5.762
14 43 52.244
14 44 80.403
14 45 60.086
14 46 38.327
14 47 61.007
14 48 22.576
14 49 29.741
14 50 16.768
14 51 34.082
14 52 29.859
14 53 85.652
14 54 97.872
14 55 71.895
14 56 16.078
14 57 39.387
14 58 71.061
14 59 9.544
14 60 82.342
14 61 60.433
14 62 9.505
14 63 92.848
14 64 21.432
14 65 20.742
14 66 62.926
14 67 54.674
14 68 34.043
14 69 37.029
14 70 42.851
14 71 22.469
14 72 34.673
14 73 23.328
14 74 23.301
14 75 8.346
14 76 71.92
14 77 87.154
14 78 14.846
14 79 96.516
14 80 99.769
14 81 46.226
14 82 54.16
14 83 86.448
14 84 51.108
14 85 85.314
14 86 65.67
14 87 99.533
14 88 24.97
14 89 0.372
14 90 4.051
14 91 88.551
14 92 23.778
14 93 25.538
14 94 7.127
14 95 23.116
14 96 17.855
14 97 23.366
14 98 39.5
14 99 70.103
15 16 61.941
15 17 8.208
15 18 56.715
15 19 21.171
15 20 35.485
15 21 41.827
15 22 24.637
15 23 66.592
15 24 10.376
15 25 21.629
15 26 71.88
15 27 34.593
15 28 57.62
15 29 33.473
15 30 61.492
15 31 34.285
15 32 84.574
15 33 67.718
15 34 33.216
15 35 22.896
15 36 62.96
15 37 78.79
15 38 31.396
15 39 70.191
15 40 79.035
15 41 19.74
15 42 55.247
15 43 57.664
15 44 95.575
15 45 12.08
15 46 93.545
15 47 91.833
15 48 8.493
15 49 8.401
15 50 23.736
15 51 31.695
15 52 61.963
15 53 47.359
15 54 52.552
15 55 8.224
15 56 3.027
15 57 78.945
15 58 47.749
15 59 23.845
15 60 20.375
15 61 2.457
15 62 69.773
15 63 12.271
15 64 95.69
15 65 17.033
15 66 84.618
15 67 80.905
15 68 35.029
15 69 5.58
15 70 74.645
15 71 84.15
15 72 26.982
15 73 11.39
15 74 88.709
15 75 85.817
15 76 68.998
15 77 5.187
15 78 79.936
15 79 20.674
15 80 33.461
15 81 39.509
15 82 29.198
15 83 39.952
15 84 37.086
15 85 75.935
15 86 91.229
15 87 50.7
15 88 49.751
15 89 21.373
15 90 80.933
15 91 36.676
15 92 94.654
15 93 21.236
15 94 22.739
15 95 58.529
15 96 78.837
15 97 61.581
15 98 82.853
15 99 38.449
16 17 35.857
16 18 59.405
16 19 96.784
16 20 16.535
16 21 18.103
16 22 3.231
16 23 39.208
16 24 20.951
16 25 51.724
16 26 91.217
16 27 60.762
16 28 34.799
16 29 48.581
16 30 76.132
16 31 56.164
16 32 32.483
16 33 46.755
16 34 1.824
16 35 53.455
16 36 78.167
16 37 21.373
16 38 15.392
16 39 26.965
16 40 56.57
16 41 89.267
16 42 97.31
16 43 49.341
16 44 22.029
16 45 62.992
16 46 95.777
16 47 64.848
16 48 78.915
16 49 82.754
16 50 30.787
16 51 30.606
16 52 30.114
16 53 38.668
16 54 98.262
16 55 80.55
16 56 65.91
16 57 92.821
16 58 57.31
16 59 19.265
16 60 68.048
16 61 64.844
16 62 99.309
16 63 1.853
16 64 60.113
16 65 83.577
16 66 88.414
16 67 20.824
16 68 39.488
16 69 24.573
16 70 29.451
16 71 53.449
16 72 0.645
16 73 85.731
16 74 84.193
16 75 44.986
16 76 26.675
16 77 57.329
16 78 15.31
16 79 25.326
16 80 11.386
16 81 2.589
16 82 74.822
16 83 27.026
16 84 56.457
16 85 84.446
16 86 76.319
16 87 0.931
16 88 64.744
16 89 53.639
16 90 74.931
16 91 7.999
16 92 41.749
16 93 17.4
16 94 44.404
16 95 51.22
16 96 28.503
16 97 54.588
16 98 42.029
16 99 92.031
17 18 10.879
17 19 62.707
17 20 60.735
17 21 83.022
17 22 93.964
17 23 54.959
17 24 1.437
17 25 7.963
17 26 70.887
17 27 51.6
17 28 33.243
17 29 21.69
17 30 51.937
17 31 13.281
17 32 92.376
17 33 76.247
17 34 26.524
17 35 14.883
17 36 77.95
17 37 68.299
17 38 33.19
17 39 30.487
17 40 98.328
17 41 98.408
17 42 96.505
17 43 32.228
17 44 30.561
17 45 14.104
17 46 31.063
17 47 83.372
17 48 11.96
17 49 67.7
17 50 13.217
17 51 65.013
17 52 87.484
17 53 39.3
17 54 11.762
17 55 2.175
17 56 55.792
17 57 38.55
17 58 29.806
17 59 65.168
17 60 3.666
17 61 30.553
17 62 17.311
17 63 14.706
17 64 85.831
17 65 46.652
17 66 4.001
17 67 64.094
17 68 10.08
17 69 25.493
17 70 19.686
17 71 19.904
17 72 3.582
17 73 89.632
17 74 26.543
17 75 58.187
17 76 2.424
17 77 22.162
17 78 72.37
17 79 36.961
17 80 29.32
17 81 41.195
17 82 31.319
17 83 98.299
17 84 35.951
17 85 35.017
17 86 28.122
17 87 57.065
17 88 18.451
17 89 42.951
17 90 38.678
17 91 84.614
17 92 61.019
17 93 5.452
17 94 3.779
17 95 73.645
17 96 0.3
17 97 12.258
17 98 73.966
17 99 90.479
18 19 69.762
18 20 54.606
18 21 59.216
18 22 55.724
18 23 76.777
18 24 47.0
18 25 78.439
18 26 20.98
18 27 62.074
18 28 46.747
18 29 63.682
18 30 18.438
18 31 95.412
18 32 9.908
18 33 67.009
18 34 6.234
18 35 7.572
18 36 6.264
18 37 68.677
18 38 63.369
18 39 4.752
18 40 87.262
18 41 32.284
18 42 19.453
18 43 90.909
18 44 66.661
18 45 47.668
18 46 54.897
18 47 48.364
18 48 24.385
18 49 60.829
18 50 56.533
18 51 75.756
18 52 64.053
18 53 88.16
18 54 97.481
18 55 96.569
18 56 26.999
18 57 87.932
18 58 79.187
18 59 34.616
18 60 12.264
18 61 43.873
18 62 98.33
18 63 38.941
18 64 60.006
18 65 72.914
18 66 98.18
18 67 64.731
18 68 15.368
18 69 8.037
18 70 33.298
18 71 64.771
18 72 20.184
18 73 27.963
18 74 53.809
18 75 47.581
18 76 37.041
18 77 58.96
18 78 3.169
18 79 40.81
18 80 45.984
18 81 47.224
18 82 40.749
18 83 27.901
18 84 58.837
18 85 90.857
18 86 26.267
18 87 1.917
18 88 54.356
18 89 64.862
18 90 17.593
18 91 41.529
18 92 28.888
18 93 80.914
18 94 39.562
18 95 77.494
18 96 83.498
18 97 18.206
18 98 50.92
18 99 80.013
19 20 48.451
19 21 52.351
19 22 94.289
19 23 4.831
19 24 66.288
19 25 53.351
19 26 17.398
19 27 40.85
19 28 93.796
19 29 35.92
19 30 15.746
19 31 30.58
19 32 32.206
19 33 92.631
19 34 37.351
19 35 37.242
19 36 53.622
19 37 51.6
19 38 59.55
19 39 12.013
19 40 57.633
19 41 46.148
19 42 93.743
19 43 83.151
19 44 22.153
19 45 59.288
19 46 79.733
19 47 32.811
19 48 29.656
19 49 31.671
19 50 21.797
19 51 23.7
19 52 85.473
19 53 35.937
19 54 42.645
19 55 45.395
19 56 73.517
19 57 45.005
19 58 62.716
19 59 67.723
19 60 90.578
19 61 93.505
19 62 12.307
19 63 59.505
19 64 82.076
19 65 7.191
19 66 86.366
19 67 21.391
19 68 27.204
19 69 47.667
19 70 64.582
19 71 99.716
19 72 47.307
19 73 85.848
19 74 79.487
19 75 15.07
19 76 91.889
19 77 95.225
19 78 30.561
19 79 84.013
19 80 90.567
19 81 44.387
19 82 3.952
19 83 19.143
19 84 64.792
19 85 88.737
19 86 39.366
19 87 57.356
19 88 82.334
19 89 20.543
19 90 36.112
19 91 18.365
19 92 18.504
19 93 79.954
19 94 25.848
19 95 37.216
19 96 13.492
19 97 70.357
19 98 85.691
19 99 39.705
20 21 70.01
20 22 52.753
20 23 40.403
20 24 73.697
20 25 11.337
20 26 27.751
20 27 77.395
20 28 68.051
20 29 65.836
20 30 43.073
20 31 26.633
20 32 96.694
20 33 86.683
20 34 60.322
20 35 54.826
20 36 52.362
20 37 74.701
20 38 94.921
20 39 50.404
20 40 91.378
20 41 16.604
20 42 8.257
20 43 58.829
20 44 59.154
20 45 34.214
20 46 51.252
20 47 59.545
20 48 89.54
20 49 70.423
20 50 9.14
20 51 56.037
20 52 60.543
20 53 32.947
20 54 82.531
20 55 17.439
20 56 17.212
20 57 7.13
20 58 64.094
20 59 67.245
20 60 97.748
20 61 22.462
20 62 56.008
20 63 17.495
20 64 48.586
20 65 40.578
20 66 55.983
20 67 41.52
20 68 45.411
20 69 12.983
20 70 27.278
20 71 24.369
20 72 89.242
20 73 2.505
20 74 34.26
20 75 25.308
20 76 62.739
20 77 1.765
20 78 9.87
20 79 47.697
20 80 99.976
20 81 42.053
20 82 87.716
20 83 28.273
20 84 11.552
20 85 34.716
20 86 87.282
20 87 78.476
20 88 52.416
20 89 28.648
20 90 27.896
20 91 42.574
20 92 33.216
20 93 50.932
20 94 71.579
20 95 97.804
20 96 91.584
20 97 97.446
20 98 81.373
20 99 27.925
21 22 51.524
21 23 74.314
21 24 47.844
21 25 97.083
21 26 72.002
21 27 4.896
21 28 47.602
21 29 51.726
21 30 77.428
21 31 76.027
21 32 57.12
21 33 59.991
21 34 10.777
21 35 32.698
21 36 14.386
21 37 50.361
21 38 41.028
21 39 44.098
21 40 93.411
21 41 54.313
21 42 74.478
21 43 65.605
21 44 9.474
21 45 28.615
21 46 48.349
21 47 45.272
21 48 64.837
21 49 98.569
21 50 32.593
21 51 52.186
21 52 43.451
21 53 77.638
21 54 68.074
21 55 48.638
21 56 76.385
21 57 78.827
21 58 64.966
21 59 27.176
21 60 89.396
21 61 90.815
21 62 67.954
21 63 9.205
21 64 10.451
21 65 0.869
21 66 15.281
21 67 23.857
21 68 18.617
21 69 73.541
21 70 58.6
21 71 52.362
21 72 73.017
21 73 32.843
21 74 23.23
21 75 97.594
21 76 84.737
21 77 26.286
21 78 30.17
21 79 43.78
21 80 58.649
21 81 97.766
21 82 98.693
21 83 28.53
21 84 79.163
21 85 52.403
21 86 21.191
21 87 1.829
21 88 12.713
21 89 23.245
21 90 91.095
21 91 23.683
21 92 22.423
21 93 75.244
21 94 11.038
21 95 42.097
21 96 37.359
21 97 89.834
21 98 88.872
21 99 41.869
22 23 63.244
22 24 15.241
22 25 98.548
22 26 69.156
22 27 93.285
22 28 95.306
22 29 19.316
22 30 70.936
22 31 31.818
22 32 30.97
22 33 57.616
22 34 8.644
22 35 5.25
22 36 56.295
22 37 97.029
22 38 55.276
22 39 30.214
22 40 14.307
22 41 94.055
22 42 67.762
22 43 5.316
22 44 98.321
22 45 65.021
22 46 73.023
22 47 87.649
22 48 58.501
22 49 39.079
22 50 67.752
22 51 5.467
22 52 70.864
22 53 50.723
22 54 67.105
22 55 90.153
22 56 96.894
22 57 18.94
22 58 12.619
22 59 39.508
22 60 36.042
22 61 66.527
22 62 84.329
22 63 11.581
22 64 6.258
22 65 64.788
22 66 92.744
22 67 16.094
22 68 49.903
22 69 91.828
22 70 62.991
22 71 3.437
22 72 53.063
22 73 42.159
22 74 82.32
22 75 59.693
22 76 41.662
22 77 76.033
22 78 50.239
22 79 25.926
22 80 96.742
22 81 36.84
22 82 95.811
22 83 81.21
22 84 82.71
22 85 31.145
22 86 25.805
22 87 55.46
22 88 55.416
22 89 21.199
22 90 47.763
22 91 33.171
22 92 84.677
22 93 1.794
22 94 44.429
22 95 64.173
22 96 7.59
22 97 90.887
22 98 80.874
22 99 66.747
23 24 95.091
23 25 1.829
23 26 92.916
23 27 35.088
23 28 98.657
23 29 60.868
23 30 57.928
23 31 92.184
23 32 10.8
23 33 63.691
23 34 30.317
23 35 69.784
23 36 80.617
23 37 98.152
23 38 82.971
23 39 30.611
23 40 19.686
23 41 27.28
23 42 20.535
23 43 8.307
23 44 75.307
23 45 27.17
23 46 0.116
23 47 45.81
23 48 6.554
23 49 84.643
23 50 55.288
23 51 77.348
23 52 4.551
23 53 42.871
23 54 27.477
23 55 45.616
23 56 93.55
23 57 9.809
23 58 17.832
23 59 62.962
23 60 57.195
23 61 30.312
23 62 36.049
23 63 62.237
23 64 57.818
23 65 20.607
23 66 98.208
23 67 40.746
23 68 22.806
23 69 91.773
23 70 47.557
23 71 89.135
23 72 76.25
23 73 13.301
23 74 52.711
23 75 55.22
23 76 66.263
23 77 76.606
23 78 16.342
23 79 42.279
23 80 24.044
23 81 6.228
23 82 5.033
23 83 35.588
23 84 96.939
23 85 7.666
23 86 2.114
23 87 32.522
23 88 61.168
23 89 90.775
23 90 87.113
23 91 29.982
23 92 79.469
23 93 72.883
23 94 16.832
23 95 78.895
23 96 49.229
23 97 67.788
23 98 65.738
23 99 82.794
24 25 35.464
24 26 58.224
24 27 40.215
24 28 93.563
24 29 9.688
24 30 25.862
24 31 83.538
24 32 49.397
24 33 85.074
24 34 96.638
24 35 23.0
24 36 27.582
24 37 16.417
24 38 58.767
24 39 53.503
24 40 17.432
24 41 26.417
24 42 62.996
24 43 53.273
24 44 91.931
24 45 51.66
24 46 18.295
24 47 59.762
24 48 9.171
24 49 88.792
24 50 60.569
24 51 45.048
24 52 22.863
24 53 68.137
24 54 97.413
24 55 36.145
24 56 71.884
24 57 95.678
24 58 63.952
24 59 43.952
24 60 38.107
24 61 37.737
24 62 82.238
24 63 52.736
24 64 35.227
24 65 60.21
24 66 47.286
24 67 93.294
24 68 79.854
24 69 89.894
24 70 0.364
24 71 51.183
24 72 1.771
24 73 52.932
24 74 66.7
24 75 73.383
24 76 74.718
24 77 0.121
24 78 20.638
24 79 28.997
24 80 5.044
24 81 32.274
24 82 27.128
24 83 89.584
24 84 29.936
24 85 46.773
24 86 68.18
24 87 74.114
24 88 45.074
24 89 21.573
24 90 86.866
24 91 81.124
24 92 43.182
24 93 22.998
24 94 69.955
24 95 99.964
24 96 71.041
24 97 56.281
24 98 7.997
24 99 38.585
25 26 51.082
25 27 87.896
25 28 71.908
25 29 82.481
25 30 75.575
25 31 47.347
25 32 24.539
25 33 38.988
25 34 16.532
25 35 90.816
25 36 18.804
25 37 22.881
25 38 84.222
25 39 61.59
25 40 83.931
25 41 94.916
25 42 74.808
25 43 0.863
25 44 99.988
25 45 1.564
25 46 45.288
25 47 12.591
25 48 89.346
25 49 97.719
25 50 87.056
25 51 93.165
25 52 15.454
25 53 80.501
25 54 72.838
25 55 99.86
25 56 85.775
25 57 85.997
25 58 38.593
25 59 84.234
25 60 96.841
25 61 74.918
25 62 95.299
25 63 92.725
25 64 32.402
25 65 87.639
25 66 89.04
25 67 29.657
25 68 34.458
25 69 80.876
25 70 88.795
25 71 79.477
25 72 48.23
25 73 60.934
25 74 9.962
25 75 45.842
25 76 42.056
25 77 12.77
25 78 42.645
25 79 67.694
25 80 10.73
25 81 28.764
25 82 47.677
25 83 4.761
25 84 82.937
25 85 59.503
25 86 81.321
25 87 80.969
25 88 98.039
25 89 96.713
25 90 29.187
25 91 64.646
25 92 18.932
25 93 32.646
25 94 78.62
25 95 53.935
25 96 42.314
25 97 6.814
25 98 72.951
25 99 1.532
26 27 56.101
26 28 66.567
26 29 94.531
26 30 24.479
26 31 74.19
26 32 55.882
26 33 22.694
26 34 96.867
26 35 33.487
26 36 64.455
26 37 77.865
26 38 25.771
26 39 57.737
26 40 16.107
26 41 28.545
26 42 93.96
26 43 52.884
26 44 75.851
26 45 23.493
26 46 7.387
26 47 42.717
26 48 54.347
26 49 94.634
26 50 18.596
26 51 7.572
26 52 31.033
26 53 70.816
26 54 15.947
26 55 4.063
26 56 87.487
26 57 23.5
26 58 12.021
26 59 58.229
26 60 17.955
26 61 8.757
26 62 56.9
26 63 56.63
26 64 92.828
26 65 54.504
26 66 29.489
26 67 23.984
26 68 55.537
26 69 44.73
26 70 61.649
26 71 34.851
26 72 66.379
26 73 35.51
26 74 11.58
26 75 68.144
26 76 90.799
26 77 71.105
26 78 42.078
26 79 12.238
26 80 57.098
26 81 35.733
26 82 4.89
26 83 1.937
26 84 94.26
26 85 43.198
26 86 53.32
26 87 76.556
26 88 37.06
26 89 42.33
26 90 58.663
26 91 88.603
26 92 23.518
26 93 5.665
26 94 34.756
26 95 85.296
26 96 64.699
26 97 29.679
26 98 84.077
26 99 15.769
27 28 71.149
27 29 98.686
27 30 46.724
27 31 27.38
27 32 3.838
27 33 60.514
27 34 30.861
27 35 41.214
27 36 47.577
27 37 43.735
27 38 10.149
27 39 63.82
27 40 60.746
27 41 22.362
27 42 55.725
27 43 29.461
27 44 63.809
27 45 62.588
27 46 32.503
27 47 66.395
27 48 52.499
27 49 7.513
27 50 64.371
27 51 25.898
27 52 87.57
27 53 85.463
27 54 81.901
27 55 51.317
27 56 83.433
27 57 49.95
27 58 1.061
27 59 89.716
27 60 89.986
27 61 9.724
27 62 13.904
27 63 69.628
27 64 31.179
27 65 73.75
27 66 16.29
27 67 61.739
27 68 93.411
27 69 42.97
27 70 79.385
27 71 75.889
27 72 38.508
27 73 74.878
27 74 0.134
27 75 42.069
27 76 54.043
27 77 43.431
27 78 71.084
27 79 6.848
27 80 84.568
27 81 76.699
27 82 37.576
27 83 40.378
27 84 81.332
27 85 93.407
27 86 88.501
27 87 5.32
27 88 9.341
27 89 6.582
27 90 51.651
27 91 20.788
27 92 25.226
27 93 15.645
27 94 81.961
27 95 46.189
27 96 61.846
27 97 61.077
27 98 74.205
27 99 83.282
28 29 87.013
28 30 62.036
28 31 97.636
28 32 19.029
28 33 4.222
28 34 52.836
28 35 80.352
28 36 77.448
28 37 54.085
28 38 2.64
28 39 6.521
28 40 99.653
28 41 10.469
28 42 93.131
28 43 8.825
28 44 39.152
28 45 94.883
28 46 24.158
28 47 17.054
28 48 67.826
28 49 71.317
28 50 45.253
28 51 3.323
28 52 83.437
28 53 1.897
28 54 70.909
28 55 90.849
28 56 86.302
28 57 26.453
28 58 76.881
28 59 98.033
28 60 89.703
28 61 59.144
28 62 92.815
28 63 79.572
28 64 52.57
28 65 13.383
28 66 42.273
28 67 65.361
28 68 32.372
28 69 88.168
28 70 44.072
28 71 13.578
28 72 19.084
28 73 94.764
28 74 42.427
28 75 99.926
28 76 67.64
28 77 18.052
28 78 56.18
28 79 3.324
28 80 6.807
28 81 40.484
28 82 99.198
28 83 90.57
28 84 78.199
28 85 86.187
28 86 66.318
28 87 6.889
28 88 14.378
28 89 73.743
28 90 91.062
28 91 17.827
28 92 73.993
28 93 46.066
28 94 9.264
28 95 42.844
28 96 23.469
28 97 57.998
28 98 86.055
28 99 3.928
29 30 35.369
29 31 45.515
29 32 57.344
29 33 83.92
29 34 46.756
29 35 95.132
29 36 53.651
29 37 43.739
29 38 37.837
29 39 4.963
29 40 21.62
29 41 76.892
29 42 65.563
29 43 94.122
29 44 51.392
29 45 62.048
29 46 10.474
29 47 53.619
29 48 9.848
29 49 0.973
29 50 82.193
29 51 90.48
29 52 1.629
29 53 19.933
29 54 50.122
29 55 94.693
29 56 31.583
29 57 44.429
29 58 94.509
29 59 40.286
29 60 41.996
29 61 77.058
29 62 65.853
29 63 71.24
29 64 32.248
29 65 53.563
29 66 50.811
29 67 69.131
29 68 82.825
29 69 77.054
29 70 8.601
29 71 78.403
29 72 19.132
29 73 52.494
29 74 42.704
29 75 55.021
29 76 42.43
29 77 66.468
29 78 3.565
29 79 56.078
29 80 80.582
29 81 91.819
29 82 94.003
29 83 81.845
29 84 17.396
29 85 6.161
29 86 73.583
29 87 35.962
29 88 0.614
29 89 40.475
29 90 6.387
29 91 32.753
29 92 82.938
29 93 0.623
29 94 14.334
29 95 81.15
29 96 94.022
29 97 31.944
29 98 23.211
29 99 84.955
30 31 61.973
30 32 89.733
30 33 61.257
30 34 57.808
30 35 47.623
30 36 68.133
30 37 32.672
30 38 62.049
30 39 87.134
30 40 83.323
30 41 75.254
30 42 51.907
30 43 94.075
30 44 29.284
30 45 80.404
30 46 48.828
30 47 53.984
30 48 96.583
30 49 78.464
30 50 74.304
30 51 79.39
30 52 9.813
30 53 32.833
30 54 10.57
30 55 25.577
30 56 6.768
30 57 10.869
30 58 58.151
30 59 40.578
30 60 13.926
30 61 91.574
30 62 1.29
30 63 91.634
30 64 19.217
30 65 55.561
30 66 80.625
30 67 31.847
30 68 53.517
30 69 6.183
30 70 26.421
30 71 55.328
30 72 68.957
30 73 83.629
30 74 61.056
30 75 65.256
30 76 88.09
30 77 94.066
30 78 82.76
30 79 11.377
30 80 18.684
30 81 52.834
30 82 54.895
30 83 51.733
30 84 38.842
30 85 23.319
30 86 55.6
30 87 54.583
30 88 3.021
30 89 80.646
30 90 94.438
30 91 45.419
30 92 39.801
30 93 29.634
30 94 73.842
30 95 96.691
30 96 60.022
30 97 34.945
30 98 16.285
30 99 23.083
31 32 9.916
31 33 89.16
31 34 96.034
31 35 69.709
31 36 96.592
31 37 19.72
31 38 83.138
31 39 59.822
31 40 19.919
31 41 93.88
31 42 18.868
31 43 50.43
31 44 12.395
31 45 35.661
31 46 99.395
31 47 90.781
31 48 20.265
31 49 99.214
31 50 5.475
31 51 14.683
31 52 54.943
31 53 37.764
31 54 69.822
31 55 30.749
31 56 0.263
31 57 27.035
31 58 82.832
31 59 85.762
31 60 32.457
31 61 78.361
31 62 8.062
31 63 73.875
31 64 18.632
31 65 53.768
31 66 58.927
31 67 33.579
31 68 42.034
31 69 89.327
31 70 24.146
31 71 14.334
31 72 38.959
31 73 72.069
31 74 7.362
31 75 30.874
31 76 76.951
31 77 11.545
31 78 21.56
31 79 95.43
31 80 34.409
31 81 11.421
31 82 39.665
31 83 42.774
31 84 56.447
31 85 81.543
31 86 19.859
31 87 42.812
31 88 56.482
31 89 98.054
31 90 15.975
31 91 74.556
31 92 38.599
31 93 75.925
31 94 17.076
31 95 31.136
31 96 32.097
31 97 98.31
31 98 59.93
31 99 91.327
32 33 28.298
32 34 31.49
32 35 92.342
32 36 63.782
32 37 3.47
32 38 38.349
32 39 75.674
32 40 25.209
32 41 35.267
32 42 83.152
32 43 26.384
32 44 20.472
32 45 62.487
32 46 45.321
32 47 27.508
32 48 74.122
32 49 20.888
32 50 8.237
32 51 47.788
32 52 23.859
32 53 47.113
32 54 99.523
32 55 76.853
32 56 79.27
32 57 91.181
32 58 24.7
32 59 82.147
32 60 96.485
32 61 76.287
32 62 54.914
32 63 85.306
32 64 31.772
32 65 96.566
32 66 99.763
32 67 34.447
32 68 37.143
32 69 48.004
32 70 77.325
32 71 61.932
32 72 18.194
32 73 10.964
32 74 89.793
32 75 50.459
32 76 67.859
32 77 80.062
32 78 66.268
32 79 42.558
32 80 56.812
32 81 91.483
32 82 58.27
32 83 87.566
32 84 56.681
32 85 94.772
32 86 35.881
32 87 43.442
32 88 79.869
32 89 36.575
32 90 3.326
32 91 2.123
32 92 22.988
32 93 65.671
32 94 77.769
32 95 34.872
32 96 90.555
32 97 5.96
32 98 18.621
32 99 77.774
33 34 28.143
33 35 36.745
33 36 72.66
33 37 47.149
33 38 23.535
33 39 39.072
33 40 84.25
33 41 44.939
33 42 84.727
33 43 40.037
33 44 16.809
33 45 44.78
33 46 50.168
33 47 61.26
33 48 58.848
33 49 86.203
33 50 77.784
33 51 88.504
33 52 10.104
33 53 62.573
33 54 50.013
33 55 92.687
33 56 86.675
33 57 6.972
33 58 21.042
33 59 28.294
33 60 42.521
33 61 98.233
33 62 11.3
33 63 3.226
33 64 47.143
33 65 29.614
33 66 78.557
33 67 80.882
33 68 1.46
33 69 87.562
33 70 93.146
33 71 31.674
33 72 88.672
33 73 33.123
33 74 12.865
33 75 39.484
33 76 98.367
33 77 35.226
33 78 5.635
33 79 46.773
33 80 18.465
33 81 26.131
33 82 57.373
33 83 61.482
33 84 81.197
33 85 99.601
33 86 64.995
33 87 99.011
33 88 70.077
33 89 88.002
33 90 40.884
33 91 23.702
33 92 92.886
33 93 40.437
33 94 32.625
33 95 65.635
33 96 32.742
33 97 29.453
33 98 44.129
33 99 71.021
34 35 58.687
34 36 26.149
34 37 73.407
34 38 9.538
34 39 66.941
34 40 51.011
34 41 78.967
34 42 50.428
34 43 32.238
34 44 15.327
34 45 11.924
34 46 27.141
34 47 52.021
34 48 26.201
34 49 62.763
34 50 56.648
34 51 34.031
34 52 26.451
34 53 19.844
34 54 60.649
34 55 64.914
34 56 88.572
34 57 23.292
34 58 49.778
34 59 30.784
34 60 94.482
34 61 83.628
34 62 12.551
34 63 84.079
34 64 21.333
34 65 83.456
34 66 61.535
34 67 8.08
34 68 71.616
34 69 94.281
34 70 33.953
34 71 72.13
34 72 86.963
34 73 88.47
34 74 86.154
34 75 56.636
34 76 59.425
34 77 3.544
34 78 26.794
34 79 46.181
34 80 97.213
34 81 23.335
34 82 86.973
34 83 71.118
34 84 80.453
34 85 53.99
34 86 58.644
34 87 24.613
34 88 71.53
34 89 48.729
34 90 30.52
34 91 86.134
34 92 42.674
34 93 97.049
34 94 58.737
34 95 46.201
34 96 53.017
34 97 21.285
34 98 30.622
34 99 94.199
35 36 14.742
35 37 78.61
35 38 28.362
35 39 51.257
35 40 67.386
35 41 74.145
35 42 29.278
35 43 47.386
35 44 64.909
35 45 33.566
35 46 5.802
35 47 54.124
35 48 6.611
35 49 59.745
35 50 64.205
35 51 97.066
35 52 85.919
35 53 44.147
35 54 49.701
35 55 10.256
35 56 26.644
35 57 24.166
35 58 86.726
35 59 19.824
35 60 70.168
35 61 66.23
35 62 5.884
35 63 61.393
35 64 84.039
35 65 55.853
35 66 33.337
35 67 77.242
35 68 73.976
35 69 12.751
35 70 99.908
35 71 82.889
35 72 9.074
35 73 88.288
35 74 68.335
35 75 19.434
35 76 64.848
35 77 11.876
35 78 47.403
35 79 37.258
35 80 36.254
35 81 68.865
35 82 77.01
35 83 34.195
35 84 74.24
35 85 38.107
35 86 68.438
35 87 26.262
35 88 86.652
35 89 21.231
35 90 92.024
35 91 95.691
35 92 90.783
35 93 42.952
35 94 6.296
35 95 0.794
35 96 16.753
35 97 88.576
35 98 77.306
35 99 51.854
36 37 13.22
36 38 73.778
36 39 11.079
36 40 18.25
36 41 39.199
36 42 78.225
36 43 93.567
36 44 92.907
36 45 71.638
36 46 43.935
36 47 74.345
36 48 47.533
36 49 63.384
36 50 63.749
36 51 30.363
36 52 79.734
36 53 0.875
36 54 5.336
36 55 79.867
36 56 40.174
36 57 16.118
36 58 93.884
36 59 55.613
36 60 35.239
36 61 33.019
36 62 48.295
36 63 35.433
36 64 29.274
36 65 8.876
36 66 64.601
36 67 73.643
36 68 23.073
36 69 97.876
36 70 68.524
36 71 97.915
36 72 24.643
36 73 89.278
36 74 48.222
36 75 14.154
36 76 26.65
36 77 29.13
36 78 44.575
36 79 59.927
36 80 32.202
36 81 5.079
36 82 65.692
36 83 92.079
36 84 50.461
36 85 15.096
36 86 53.053
36 87 58.417
36 88 42.121
36 89 4.398
36 90 84.559
36 91 55.815
36 92 81.249
36 93 38.228
36 94 50.007
36 95 37.371
36 96 31.149
36 97 85.182
36 98 15.026
36 99 26.755
37 38 85.232
37 39 96.339
37 40 37.247
37 41 39.134
37 42 72.992
37 43 58.997
37 44 77.61
37 45 61.955
37 46 86.706
37 47 9.898
37 48 67.207
37 49 17.005
37 50 20.212
37 51 75.085
37 52 5.744
37 53 96.555
37 54 97.657
37 55 37.95
37 56 61.692
37 57 25.785
37 58 99.922
37 59 95.201
37 60 71.921
37 61 47.118
37 62 41.312
37 63 50.253
37 64 75.474
37 65 84.456
37 66 33.719
37 67 99.509
37 68 26.108
37 69 9.017
37 70 71.838
37 71 89.135
37 72 37.509
37 73 66.312
37 74 73.103
37 75 26.978
37 76 1.067
37 77 34.498
37 78 71.691
37 79 24.78
37 80 78.434
37 81 99.215
37 82 62.569
37 83 46.26
37 84 44.157
37 85 70.909
37 86 35.766
37 87 17.545
37 88 96.104
37 89 32.878
37 90 6.773
37 91 38.215
37 92 6.652
37 93 80.839
37 94 91.689
37 95 3.234
37 96 95.891
37 97 50.757
37 98 58.668
37 99 88.507
38 39 29.888
38 40 81.2
38 41 46.781
38 42 91.525
38 43 18.104
38 44 74.3
38 45 82.731
38 46 81.317
38 47 94.387
38 48 53.53
38 49 23.428
38 50 83.471
38 51 27.825
38 52 81.261
38 53 21.677
38 54 93.261
38 55 96.626
38 56 78.877
38 57 49.801
38 58 99.605
38 59 76.649
38 60 25.951
38 61 73.605
38 62 51.861
38 63 65.203
38 64 53.43
38 65 44.542
38 66 56.915
38 67 14.687
38 68 20.6
38 69 98.563
38 70 86.362
38 71 73.315
38 72 38.441
38 73 27.169
38 74 93.519
38 75 41.748
38 76 91.176
38 77 68.859
38 78 24.873
38 79 56.374
38 80 9.154
38 81 73.121
38 82 8.837
38 83 76.805
38 84 47.721
38 85 9.866
38 86 66.23
38 87 9.66
38 88 73.298
38 89 14.251
38 90 54.464
38 91 99.663
38 92 37.643
38 93 13.134
38 94 24.933
38 95 11.934
38 96 0.935
38 97 17.033
38 98 13.121
38 99 37.688
39 40 7.81
39 41 99.522
39 42 3.143
39 43 11.432
39 44 36.716
39 45 78.868
39 46 57.6
39 47 98.579
39 48 37.166
39 49 30.915
39 50 71.063
39 51 40.976
39 52 38.788
39 53 72.246
39 54 36.548
39 55 15.992
39 56 17.347
39 57 95.574
39 58 68.253
39 59 54.852
39 60 20.822
39 61 63.075
39 62 8.53
39 63 96.62
39 64 98.085
39 65 7.185
39 66 84.565
39 67 55.313
39 68 33.395
39 69 20.176
39 70 88.54
39 71 23.692
39 72 38.308
39 73 45.23
39 74 82.426
39 75 18.857
39 76 27.903
39 77 50.222
39 78 50.183
39 79 96.898
39 80 32.939
39 81 60.953
39 82 71.176
39 83 67.235
39 84 49.891
39 85 21.462
39 86 60.194
39 87 96.122
39 88 46.801
39 89 36.623
39 90 58.668
39 91 76.855
39 92 64.876
39 93 82.313
39 94 49.043
39 95 60.506
39 96 55.68
39 97 92.492
39 98 65.264
39 99 13.738
40 41 14.648
40 42 22.007
40 43 73.311
40 44 89.24
40 45 41.834
40 46 0.306
40 47 91.431
40 48 64.261
40 49 63.661
40 50 90.635
40 51 56.071
40 52 57.114
40 53 65.433
40 54 57.852
40 55 22.447
40 56 9.356
40 57 93.619
40 58 53.033
40 59 68.644
40 60 84.936
40 61 36.276
40 62 40.118
40 63 87.194
40 64 93.514
40 65 36.937
40 66 24.986
40 67 71.528
40 68 34.833
40 69 46.234
40 70 84.363
40 71 50.94
40 72 72.01
40 73 85.843
40 74 42.227
40 75 15.426
40 76 1.857
40 77 78.154
40 78 25.932
40 79 54.17
40 80 43.009
40 81 64.549
40 82 40.79
40 83 71.737
40 84 51.903
40 85 65.086
40 86 50.345
40 87 79.768
40 88 45.866
40 89 3.671
40 90 54.621
40 91 59.44
40 92 38.637
40 93 66.838
40 94 18.272
40 95 4.737
40 96 62.57
40 97 43.551
40 98 85.211
40 99 3.147
41 42 37.365
41 43 93.938
41 44 61.124
41 45 40.818
41 46 39.945
41 47 61.979
41 48 97.257
41 49 75.42
41 50 70.269
41 51 31.55
41 52 69.708
41 53 74.734
41 54 57.299
41 55 65.529
41 56 72.695
41 57 6.18
41 58 53.79
41 59 46.662
41 60 35.138
41 61 2.315
41 62 32.423
41 63 39.04
41 64 82.601
41 65 27.002
41 66 25.157
41 67 54.953
41 68 47.057
41 69 91.861
41 70 68.166
41 71 39.153
41 72 15.033
41 73 66.392
41 74 50.005
41 75 3.492
41 76 54.653
41 77 54.707
41 78 83.904
41 79 9.864
41 80 35.808
41 81 96.363
41 82 83.17
41 83 86.125
41 84 97.977
41 85 65.002
41 86 10.254
41 87 12.861
41 88 99.768
41 89 11.03
41 90 87.942
41 91 51.667
41 92 28.701
41 93 71.745
41 94 17.856
41 95 47.526
41 96 76.83
41 97 81.656
41 98 60.802
41 99 83.059
42 43 56.777
42 44 89.887
42 45 90.445
42 46 8.553
42 47 98.088
42 48 69.21
42 49 43.554
42 50 99.568
42 51 50.817
42 52 95.783
42 53 99.752
42 54 60.519
42 55 32.835
42 56 13.401
42 57 41.606
42 58 80.129
42 59 2.231
42 60 64.345
42 61 34.842
42 62 56.48
42 63 81.544
42 64 94.232
42 65 66.49
42 66 23.537
42 67 19.715
42 68 92.156
42 69 95.241
42 70 57.779
42 71 25.549
42 72 18.906
42 73 1.312
42 74 59.081
42 75 85.007
42 76 4.305
42 77 43.048
42 78 98.596
42 79 35.211
42 80 9.566
42 81 49.929
42 82 99.872
42 83 74.366
42 84 83.334
42 85 28.158
42 86 91.175
42 87 52.305
42 88 61.859
42 89 58.816
42 90 94.503
42 91 1.637
42 92 23.13
42 93 31.467
42 94 33.089
42 95 57.658
42 96 78.703
42 97 71.638
42 98 87.705
42 99 52.304
43 44 26.835
43 45 16.18
43 46 18.284
43 47 48.88
43 48 37.875
43 49 41.17
43 50 57.415
43 51 70.503
43 52 48.322
43 53 38.992
43 54 20.103
43 55 68.216
43 56 91.355
43 57 22.757
43 58 34.984
43 59 21.721
43 60 66.713
43 61 15.092
43 62 29.26
43 63 80.423
43 64 26.107
43 65 56.269
43 66 87.369
43 67 45.109
43 68 66.821
43 69 68.177
43 70 21.56
43 71 47.251
43 72 2.734
43 73 44.183
43 74 30.033
43 75 31.643
43 76 36.816
43 77 97.635
43 78 96.539
43 79 11.093
43 80 96.623
43 81 13.163
43 82 32.919
43 83 93.792
43 84 61.616
43 85 50.546
43 86 17.906
43 87 90.487
43 88 87.397
43 89 77.767
43 90 74.281
43 91 52.275
43 92 81.212
43 93 64.554
43 94 12.356
43 95 92.813
43 96 46.825
43 97 77.905
43 98 61.144
43 99 77.939
44 45 93.253
44 46 89.902
44 47 18.745
44 48 25.355
44 49 1.765
44 50 38.283
44 51 71.195
44 52 43.298
44 53 9.734
44 54 84.373
44 55 95.568
44 56 62.983
44 57 81.646
44 58 39.578
44 59 46.336
44 60 15.668
44 61 29.84
44 62 71.632
44 63 43.734
44 64 60.822
44 65 23.188
44 66 83.942
44 67 83.757
44 68 3.916
44 69 19.343
44 70 88.841
44 71 75.61
44 72 63.534
44 73 70.169
44 74 79.3
44 75 98.206
44 76 70.906
44 77 65.655
44 78 61.811
44 79 27.274
44 80 90.701
44 81 25.691
44 82 5.188
44 83 10.141
44 84 77.358
44 85 67.057
44 86 84.996
44 87 81.64
44 88 44.22
44 89 81.484
44 90 24.83
44 91 24.565
44 92 36.623
44 93 74.335
44 94 59.597
44 95 62.801
44 96 18.852
44 97 17.099
44 98 51.005
44 99 63.482
45 46 66.817
45 47 24.172
45 48 9.569
45 49 80.237
45 50 47.549
45 51 24.95
45 52 69.659
45 53 87.036
45 54 74.351
45 55 4.249
45 56 47.867
45 57 93.162
45 58 82.192
45 59 13.026
45 60 21.3
45 61 88.806
45 62 35.163
45 63 46.169
45 64 94.995
45 65 12.304
45 66 64.42
45 67 60.594
45 68 23.973
45 69 81.352
45 70 94.953
45 71 80.179
45 72 9.409
45 73 21.471
45 74 22.237
45 75 25.326
45 76 79.052
45 77 19.783
45 78 36.016
45 79 40.866
45 80 16.024
45 81 78.413
45 82 11.526
45 83 61.025
45 84 24.886
45 85 16.982
45 86 93.451
45 87 18.883
45 88 29.89
45 89 66.697
45 90 71.511
45 91 61.91
45 92 83.555
45 93 60.514
45 94 55.993
45 95 12.574
45 96 46.665
45 97 44.031
45 98 61.331
45 99 42.355
46 47 81.246
46 48 63.234
46 49 8.072
46 50 17.564
46 51 37.755
46 52 41.134
46 53 29.273
46 54 79.956
46 55 36.754
46 56 81.381
46 57 75.843
46 58 45.086
46 59 61.503
46 60 62.928
46 61 88.947
46 62 62.733
46 63 8.541
46 64 72.977
46 65 75.585
46 66 0.932
46 67 18.046
46 68 96.563
46 69 60.727
46 70 27.197
46 71 15.412
46 72 42.77
46 73 65.998
46 74 38.078
46 75 15.036
46 76 51.389
46 77 37.284
46 78 1.149
46 79 81.166
46 80 25.571
46 81 15.906
46 82 94.326
46 83 66.762
46 84 92.97
46 85 43.172
46 86 13.904
46 87 75.16
46 88 16.224
46 89 9.952
46 90 25.587
46 91 32.528
46 92 67.282
46 93 87.662
46 94 8.883
46 95 46.416
46 96 6.419
46 97 47.777
46 98 84.501
46 99 59.82
47 48 38.64
47 49 68.126
47 50 50.688
47 51 26.754
47 52 72.318
47 53 36.239
47 54 67.751
47 55 68.136
47 56 53.289
47 57 66.371
47 58 41.346
47 59 37.036
47 60 65.118
47 61 83.919
47 62 23.343
47 63 46.495
47 64 51.571
47 65 71.187
47 66 58.742
47 67 38.693
47 68 91.026
47 69 67.996
47 70 17.921
47 71 36.995
47 72 32.93
47 73 29.73
47 74 51.457
47 75 94.964
47 76 52.777
47 77 87.393
47 78 25.613
47 79 68.245
47 80 45.178
47 81 46.268
47 82 24.422
47 83 65.773
47 84 33.957
47 85 55.47
47 86 18.849
47 87 6.119
47 88 77.313
47 89 93.549
47 90 2.225
47 91 68.936
47 92 93.474
47 93 79.679
47 94 67.276
47 95 27.549
47 96 3.682
47 97 29.642
47 98 87.138
47 99 14.715
48 49 64.576
48 50 32.871
48 51 21.616
48 52 84.142
48 53 12.686
48 54 73.161
48 55 95.118
48 56 18.355
48 57 48.332
48 58 58.423
48 59 12.404
48 60 42.972
48 61 65.127
48 62 26.93
48 63 5.833
48 64 89.313
48 65 8.145
48 66 72.245
48 67 29.016
48 68 77.593
48 69 49.55
48 70 72.411
48 71 63.476
48 72 32.757
48 73 20.716
48 74 69.689
48 75 53.901
48 76 86.401
48 77 35.681
48 78 49.425
48 79 1.825
48 80 58.758
48 81 66.824
48 82 66.929
48 83 39.194
48 84 41.093
48 85 77.405
48 86 46.648
48 87 43.313
48 88 64.122
48 89 25.253
48 90 18.325
48 91 90.952
48 92 39.873
48 93 78.114
48 94 99.022
48 95 51.489
48 96 98.082
48 97 67.673
48 98 75.028
48 99 93.125
49 50 50.582
49 51 74.012
49 52 84.054
49 53 30.164
49 54 38.266
49 55 13.395
49 56 51.82
49 57 40.776
49 58 72.69
49 59 12.493
49 60 54.9
49 61 66.049
49 62 59.525
49 63 73.55
49 64 14.13
49 65 34.658
49 66 55.501
49 67 88.232
49 68 89.759
49 69 95.567
49 70 7.203
49 71 26.319
49 72 15.918
49 73 36.018
49 74 62.003
49 75 99.533
49 76 76.511
49 77 6.685
49 78 37.399
49 79 94.192
49 80 8.967
49 81 15.394
49 82 8.881
49 83 93.794
49 84 37.14
49 85 6.041
49 86 67.827
49 87 33.575
49 88 29.998
49 89 33.19
49 90 80.028
49 91 62.866
49 92 85.139
49 93 27.12
49 94 97.746
49 95 32.442
49 96 68.381
49 97 13.547
49 98 8.012
49 99 71.458
50 51 36.462
50 52 68.661
50 53 75.31
50 54 78.811
50 55 24.382
50 56 87.873
50 57 31.21
50 58 83.288
50 59 32.469
50 60 68.574
50 61 17.462
50 62 61.294
50 63 8.159
50 64 21.287
50 65 25.231
50 66 38.689
50 67 22.85
50 68 34.3
50 69 41.987
50 70 44.963
50 71 9.722
50 72 27.627
50 73 15.034
50 74 57.49
50 75 81.355
50 76 86.948
50 77 63.303
50 78 38.739
50 79 78.55
50 80 67.01
50 81 22.405
50 82 94.83
50 83 0.722
50 84 86.686
50 85 80.418
50 86 11.527
50 87 37.228
50 88 54.19
50 89 85.724
50 90 55.549
50 91 29.269
50 92 59.37
50 93 97.466
50 94 42.468
50 95 93.39
50 96 26.68
50 97 91.923
50 98 42.657
50 99 23.752
51 52 13.453
51 53 60.553
51 54 71.543
51 55 88.187
51 56 22.998
51 57 85.629
51 58 83.986
51 59 91.278
51 60 13.845
51 61 26.757
51 62 53.042
51 63 7.914
51 64 76.837
51 65 31.797
51 66 59.501
51 67 50.978
51 68 70.201
51 69 23.035
51 70 54.351
51 71 85.902
51 72 23.753
51 73 99.551
51 74 30.449
51 75 48.825
51 76 64.624
51 77 96.731
51 78 45.49
51 79 40.273
51 80 74.968
51 81 83.496
51 82 10.267
51 83 20.831
51 84 30.987
51 85 95.984
51 86 90.059
51 87 15.702
51 88 22.473
51 89 61.111
51 90 74.948
51 91 24.543
51 92 64.195
51 93 96.192
51 94 70.059
51 95 2.416
51 96 73.809
51 97 6.087
51 98 21.637
51 99 61.624
52 53 91.709
52 54 16.031
52 55 14.377
52 56 31.864
52 57 51.439
52 58 41.884
52 59 76.151
52 60 59.262
52 61 64.158
52 62 40.173
52 63 81.18
52 64 50.851
52 65 38.362
52 66 30.466
52 67 64.649
52 68 28.018
52 69 82.42
52 70 10.127
52 71 87.462
52 72 95.387
52 73 51.251
52 74 34.747
52 75 39.977
52 76 80.057
52 77 36.987
52 78 87.887
52 79 37.757
52 80 59.34
52 81 38.574
52 82 37.988
52 83 63.533
52 84 39.135
52 85 9.38
52 86 70.133
52 87 81.149
52 88 70.181
52 89 1.437
52 90 36.043
52 91 51.703
52 92 60.257
52 93 89.479
52 94 79.963
52 95 89.59
52 96 41.844
52 97 51.807
52 98 19.215
52 99 94.684
53 54 15.636
53 55 94.893
53 56 43.611
53 57 38.144
53 58 67.947
53 59 21.714
53 60 2.068
53 61 93.545
53 62 51.204
53 63 37.67
53 64 37.838
53 65 82.549
53 66 22.745
53 67 49.062
53 68 66.327
53 69 36.175
53 70 92.889
53 71 84.501
53 72 91.661
53 73 90.829
53 74 17.019
53 75 88.071
53 76 21.37
53 77 87.989
53 78 0.721
53 79 23.035
53 80 70.275
53 81 50.077
53 82 58.805
53 83 68.363
53 84 92.568
53 85 23.933
53 86 65.842
53 87 8.883
53 88 13.948
53 89 84.385
53 90 61.256
53 91 7.233
53 92 53.701
53 93 7.587
53 94 36.121
53 95 49.902
53 96 6.568
53 97 69.997
53 98 36.268
53 99 94.694
54 55 60.262
54 56 37.991
54 57 48.085
54 58 43.572
54 59 22.824
54 60 99.367
54 61 33.535
54 62 11.562
54 63 20.828
54 64 47.064
54 65 88.807
54 66 27.5
54 67 71.682
54 68 98.875
54 69 82.975
54 70 86.76
54 71 33.602
54 72 37.906
54 73 8.854
54 74 11.549
54 75 52.897
54 76 72.299
54 77 97.624
54 78 37.805
54 79 90.26
54 80 41.121
54 81 15.846
54 82 50.488
54 83 60.582
54 84 56.31
54 85 71.533
54 86 48.981
54 87 4.877
54 88 92.553
54 89 79.516
54 90 7.674
54 91 23.938
54 92 37.249
54 93 21.573
54 94 45.805
54 95 61.123
54 96 83.919
54 97 59.079
54 98 57.127
54 99 91.67
55 56 39.876
55 57 56.64
55 58 51.036
55 59 13.629
55 60 37.245
55 61 34.371
55 62 33.016
55 63 63.754
55 64 95.336
55 65 90.175
55 66 22.249
55 67 79.604
55 68 83.754
55 69 37.916
55 70 20.569
55 71 35.141
55 72 11.8
55 73 55.374
55 74 98.791
55 75 72.443
55 76 72.564
55 77 35.933
55 78 22.859
55 79 57.287
55 80 41.875
55 81 54.07
55 82 33.767
55 83 95.6
55 84 61.126
55 85 8.633
55 86 10.718
55 87 87.489
55 88 17.645
55 89 28.962
55 90 37.84
55 91 66.517
55 92 11.256
55 93 61.249
55 94 92.752
55 95 45.71
55 96 55.982
55 97 71.07
55 98 61.726
55 99 9.295
56 57 12.829
56 58 58.129
56 59 3.611
56 60 84.629
56 61 19.554
56 62 65.362
56 63 15.19
56 64 40.731
56 65 19.826
56 66 44.808
56 67 18.121
56 68 60.94
56 69 70.817
56 70 96.225
56 71 37.429
56 72 43.315
56 73 78.251
56 74 97.213
56 75 72.96
56 76 55.582
56 77 27.705
56 78 75.764
56 79 96.361
56 80 18.931
56 81 63.369
56 82 92.372
56 83 40.599
56 84 55.758
56 85 45.587
56 86 27.194
56 87 61.123
56 88 60.353
56 89 55.98
56 90 2.74
56 91 63.0
56 92 32.931
56 93 79.015
56 94 89.251
56 95 21.417
56 96 97.709
56 97 48.809
56 98 75.116
56 99 55.668
57 58 60.903
57 59 43.165
57 60 51.977
57 61 69.556
57 62 10.574
57 63 14.62
57 64 64.795
57 65 74.772
57 66 42.086
57 67 66.243
57 68 46.947
57 69 38.745
57 70 69.957
57 71 90.703
57 72 19.737
57 73 91.081
57 74 2.083
57 75 34.851
57 76 5.237
57 77 29.184
57 78 59.004
57 79 3.824
57 80 43.284
57 81 33.989
57 82 60.267
57 83 53.584
57 84 82.868
57 85 4.987
57 86 11.224
57 87 6.553
57 88 16.108
57 89 57.322
57 90 17.868
57 91 23.698
57 92 49.425
57 93 27.732
57 94 49.752
57 95 58.146
57 96 56.566
57 97 15.545
57 98 34.384
57 99 12.753
58 59 4.57
58 60 60.619
58 61 34.497
58 62 15.511
58 63 23.412
58 64 69.998
58 65 81.092
58 66 9.583
58 67 62.893
58 68 24.196
58 69 3.167
58 70 54.002
58 71 18.053
58 72 68.143
58 73 88.565
58 74 18.269
58 75 70.231
58 76 93.741
58 77 20.127
58 78 35.031
58 79 71.818
58 80 94.113
58 81 85.272
58 82 5.106
58 83 79.338
58 84 98.959
58 85 47.542
58 86 55.247
58 87 94.583
58 88 7.106
58 89 90.749
58 90 28.997
58 91 60.557
58 92 79.098
58 93 72.951
58 94 32.175
58 95 36.52
58 96 35.65
58 97 99.207
58 98 13.327
58 99 44.399
59 60 10.889
59 61 33.552
59 62 14.221
59 63 68.418
59 64 64.948
59 65 7.157
59 66 10.524
59 67 98.936
59 68 67.016
59 69 92.782
59 70 50.686
59 71 58.072
59 72 63.74
59 73 95.396
59 74 52.443
59 75 17.981
59 76 85.318
59 77 82.102
59 78 77.718
59 79 76.226
59 80 95.84
59 81 10.381
59 82 24.921
59 83 58.481
59 84 0.528
59 85 12.652
59 86 28.721
59 87 14.184
59 88 50.295
59 89 6.518
59 90 91.187
59 91 10.86
59 92 6.031
59 93 62.482
59 94 48.095
59 95 48.328
59 96 44.243
59 97 92.482
59 98 2.361
59 99 13.102
60 61 10.367
60 62 95.534
60 63 65.289
60 64 61.707
60 65 19.7
60 66 58.08
60 67 39.877
60 68 94.464
60 69 37.557
60 70 23.511
60 71 4.685
60 72 32.394
60 73 54.215
60 74 29.099
60 75 69.266
60 76 44.292
60 77 77.361
60 78 0.451
60 79 64.455
60 80 96.519
60 81 35.83
60 82 63.534
60 83 86.364
60 84 12.083
60 85 48.028
60 86 51.767
60 87 97.774
60 88 61.803
60 89 76.363
60 90 24.486
60 91 81.577
60 92 19.879
60 93 5.969
60 94 83.051
60 95 78.753
60 96 28.763
60 97 8.97
60 98 86.282
60 99 22.52
61 62 37.333
61 63 13.807
61 64 25.923
61 65 2.615
61 66 86.215
61 67 90.022
61 68 10.602
61 69 86.148
61 70 34.555
61 71 67.966
61 72 71.912
61 73 82.018
61 74 57.641
61 75 88.866
61 76 95.937
61 77 22.101
61 78 26.882
61 79 19.875
61 80 61.597
61 81 93.764
61 82 96.166
61 83 12.498
61 84 84.121
61 85 31.212
61 86 33.492
61 87 20.425
61 88 44.592
61 89 43.896
61 90 78.093
61 91 55.788
61 92 42.783
61 93 10.645
61 94 9.001
61 95 24.893
61 96 68.22
61 97 7.351
61 98 85.921
61 99 45.326
62 63 63.205
62 64 73.778
62 65 13.943
62 66 90.864
62 67 48.725
62 68 97.795
62 69 92.842
62 70 72.411
62 71 86.416
62 72 50.44
62 73 42.501
62 74 62.656
62 75 16.897
62 76 98.443
62 77 17.877
62 78 54.595
62 79 51.606
62 80 61.275
62 81 83.068
62 82 60.133
62 83 74.359
62 84 30.537
62 85 9.645
62 86 24.238
62 87 88.633
62 88 98.63
62 89 13.152
62 90 37.862
62 91 25.72
62 92 0.02
62 93 71.791
62 94 31.841
62 95 76.705
62 96 81.425
62 97 7.441
62 98 54.091
62 99 58.373
63 64 75.08
63 65 82.697
63 66 84.297
63 67 42.665
63 68 3.834
63 69 7.687
63 70 22.36
63 71 41.87
63 72 82.961
63 73 98.206
63 74 36.108
63 75 11.322
63 76 63.124
63 77 19.604
63 78 23.118
63 79 32.225
63 80 91.078
63 81 80.045
63 82 79.762
63 83 92.119
63 84 73.355
63 85 47.216
63 86 99.337
63 87 13.818
63 88 3.837
63 89 71.309
63 90 94.949
63 91 50.067
63 92 59.363
63 93 69.492
63 94 4.699
63 95 35.998
63 96 32.264
63 97 86.18
63 98 4.471
63 99 69.15
64 65 52.55
64 66 26.442
64 67 36.979
64 68 1.392
64 69 45.781
64 70 30.969
64 71 8.794
64 72 30.538
64 73 46.715
64 74 55.893
64 75 60.065
64 76 7.402
64 77 85.395
64 78 14.259
64 79 45.616
64 80 21.181
64 81 90.596
64 82 65.04
64 83 38.985
64 84 7.159
64 85 9.41
64 86 53.586
64 87 62.452
64 88 21.839
64 89 93.715
64 90 0.483
64 91 56.149
64 92 88.752
64 93 15.271
64 94 61.475
64 95 22.178
64 96 89.56
64 97 90.972
64 98 28.214
64 99 37.377
65 66 50.204
65 67 15.416
65 68 50.826
65 69 25.78
65 70 13.09
65 71 24.706
65 72 26.187
65 73 79.438
65 74 95.254
65 75 70.25
65 76 41.123
65 77 55.405
65 78 5.26
65 79 9.93
65 80 88.098
65 81 30.692
65 82 56.65
65 83 69.969
65 84 9.001
65 85 49.25
65 86 22.144
65 87 78.35
65 88 21.642
65 89 80.442
65 90 10.351
65 91 2.108
65 92 53.455
65 93 21.892
65 94 39.332
65 95 19.275
65 96 65.711
65 97 91.711
65 98 0.344
65 99 89.246
66 67 98.441
66 68 47.263
66 69 91.141
66 70 46.325
66 71 62.369
66 72 90.0
66 73 62.681
66 74 66.921
66 75 65.695
66 76 98.331
66 77 55.417
66 78 37.14
66 79 9.08
66 80 53.572
66 81 4.415
66 82 65.971
66 83 23.92
66 84 90.57
66 85 26.02
66 86 44.064
66 87 89.548
66 88 43.636
66 89 41.046
66 90 15.185
66 91 52.046
66 92 56.17
66 93 91.147
66 94 35.906
66 95 56.896
66 96 72.987
66 97 59.151
66 98 44.675
66 99 14.729
67 68 44.996
67 69 24.391
67 70 87.546
67 71 80.382
67 72 31.748
67 73 18.448
67 74 29.412
67 75 64.889
67 76 67.297
67 77 9.643
67 78 7.385
67 79 56.449
67 80 89.222
67 81 59.232
67 82 63.768
67 83 39.335
67 84 77.891
67 85 8.628
67 86 76.459
67 87 18.392
67 88 52.782
67 89 77.709
67 90 13.636
67 91 80.628
67 92 40.653
67 93 38.913
67 94 62.154
67 95 66.393
67 96 83.453
67 97 81.643
67 98 3.389
67 99 81.106
68 69 29.395
68 70 24.986
68 71 88.869
68 72 26.865
68 73 17.337
68 74 56.429
68 75 62.209
68 76 55.48
68 77 17.93
68 78 16.566
68 79 11.949
68 80 60.798
68 81 4.277
68 82 46.865
68 83 48.741
68 84 26.838
68 85 64.882
68 86 88.188
68 87 37.133
68 88 79.027
68 89 1.39
68 90 82.308
68 91 83.904
68 92 91.81
68 93 19.009
68 94 27.465
68 95 37.89
68 96 12.131
68 97 86.24
68 98 77.946
68 99 57.845
69 70 71.342
69 71 12.119
69 72 21.83
69 73 59.167
69 74 98.709
69 75 98.437
69 76 66.789
69 77 69.021
69 78 80.39
69 79 42.213
69 80 83.83
69 81 15.234
69 82 43.652
69 83 5.231
69 84 77.418
69 85 78.661
69 86 34.666
69 87 44.114
69 88 13.892
69 89 91.26
69 90 4.96
69 91 80.604
69 92 75.937
69 93 64.53
69 94 14.64
69 95 65.202
69 96 38.658
69 97 80.034
69 98 24.869
69 99 51.357
70 71 86.493
70 72 44.726
70 73 63.564
70 74 95.963
70 75 66.673
70 76 7.448
70 77 72.822
70 78 55.313
70 79 1.034
70 80 65.533
70 81 82.558
70 82 53.376
70 83 16.314
70 84 71.736
70 85 15.487
70 86 93.698
70 87 95.262
70 88 63.814
70 89 0.738
70 90 61.748
70 91 6.78
70 92 5.224
70 93 76.659
70 94 22.571
70 95 20.123
70 96 78.118
70 97 7.508
70 98 43.63
70 99 30.375
71 72 88.259
71 73 35.858
71 74 52.095
71 75 75.512
71 76 88.072
71 77 55.299
71 78 45.578
71 79 85.888
71 80 20.833
71 81 77.832
71 82 67.52
71 83 33.935
71 84 90.144
71 85 62.328
71 86 19.763
71 87 91.653
71 88 44.646
71 89 26.465
71 90 74.638
71 91 95.161
71 92 2.866
71 93 60.421
71 94 87.949
71 95 92.267
71 96 42.212
71 97 65.938
71 98 83.085
71 99 36.754
72 73 46.274
72 74 10.936
72 75 39.07
72 76 67.129
72 77 11.826
72 78 35.595
72 79 52.225
72 80 77.301
72 81 72.078
72 82 61.003
72 83 92.225
72 84 58.969
72 85 6.909
72 86 76.835
72 87 37.471
72 88 51.82
72 89 39.881
72 90 9.146
72 91 81.346
72 92 50.547
72 93 86.85
72 94 80.571
72 95 88.575
72 96 64.209
72 97 22.89
72 98 52.042
72 99 27.39
73 74 27.019
73 75 29.026
73 76 59.093
73 77 61.002
73 78 71.516
73 79 77.483
73 80 86.704
73 81 45.959
73 82 35.803
73 83 98.453
73 84 82.499
73 85 59.345
73 86 60.454
73 87 40.942
73 88 64.272
73 89 49.328
73 90 19.185
73 91 34.958
73 92 95.043
73 93 47.484
73 94 67.425
73 95 32.018
73 96 97.276
73 97 35.223
73 98 27.012
73 99 23.476
74 75 72.241
74 76 42.754
74 77 37.678
74 78 88.531
74 79 1.883
74 80 78.324
74 81 9.181
74 82 87.357
74 83 67.105
74 84 60.471
74 85 49.19
74 86 83.424
74 87 33.844
74 88 18.244
74 89 80.529
74 90 77.838
74 91 26.999
74 92 90.856
74 93 58.006
74 94 30.415
74 95 2.415
74 96 46.321
74 97 12.784
74 98 86.134
74 99 26.937
75 76 37.967
75 77 15.895
75 78 61.492
75 79 83.669
75 80 42.271
75 81 88.879
75 82 55.519
75 83 73.571
75 84 31.012
75 85 3.914
75 86 3.531
75 87 53.449
75 88 16.822
75 89 48.993
75 90 33.275
75 91 52.279
75 92 62.541
75 93 5.643
75 94 34.302
75 95 75.167
75 96 18.282
75 97 71.041
75 98 22.71
75 99 53.759
76 77 20.447
76 78 48.053
76 79 83.063
76 80 84.37
76 81 54.75
76 82 9.808
76 83 3.727
76 84 17.977
76 85 52.839
76 86 66.617
76 87 33.171
76 88 86.394
76 89 77.112
76 90 54.089
76 91 22.159
76 92 67.263
76 93 53.009
76 94 24.566
76 95 67.196
76 96 99.499
76 97 90.185
76 98 75.262
76 99 81.441
77 78 84.915
77 79 36.282
77 80 79.275
77 81 72.592
77 82 78.696
77 83 11.669
77 84 77.092
77 85 28.061
77 86 5.269
77 87 0.327
77 88 74.967
77 89 21.908
77 90 94.958
77 91 63.196
77 92 80.558
77 93 1.298
77 94 59.9
77 95 38.992
77 96 89.537
77 97 57.105
77 98 28.872
77 99 43.814
78 79 50.467
78 80 33.706
78 81 30.231
78 82 98.984
78 83 33.943
78 84 70.643
78 85 27.219
78 86 73.226
78 87 60.459
78 88 63.323
78 89 60.977
78 90 80.038
78 91 90.455
78 92 79.216
78 93 60.775
78 94 81.37
78 95 94.689
78 96 93.54
78 97 46.434
78 98 44.319
78 99 12.396
79 80 21.841
79 81 18.191
79 82 75.327
79 83 54.856
79 84 26.751
79 85 1.399
79 86 50.744
79 87 64.639
79 88 8.02
79 89 71.226
79 90 92.263
79 91 74.849
79 92 85.203
79 93 85.753
79 94 68.974
79 95 69.721
79 96 39.166
79 97 65.895
79 98 10.248
79 99 84.107
80 81 13.823
80 82 49.16
80 83 89.848
80 84 15.486
80 85 49.586
80 86 78.583
80 87 24.812
80 88 98.387
80 89 50.775
80 90 81.328
80 91 43.22
80 92 90.686
80 93 79.362
80 94 43.999
80 95 21.637
80 96 29.331
80 97 31.337
80 98 18.616
80 99 63.614
81 82 80.32
81 83 58.603
81 84 48.645
81 85 85.548
81 86 1.724
81 87 46.997
81 88 47.183
81 89 66.073
81 90 48.114
81 91 49.104
81 92 43.948
81 93 30.098
81 94 12.701
81 95 83.831
81 96 22.012
81 97 6.015
81 98 70.028
81 99 34.871
82 83 92.859
82 84 83.313
82 85 59.599
82 86 98.257
82 87 8.821
82 88 36.491
82 89 77.352
82 90 67.378
82 91 71.002
82 92 67.247
82 93 18.969
82 94 30.24
82 95 19.004
82 96 2.699
82 97 78.267
82 98 72.561
82 99 68.088
83 84 0.107
83 85 42.195
83 86 76.795
83 87 52.119
83 88 48.305
83 89 79.188
83 90 11.098
83 91 4.679
83 92 49.806
83 93 48.062
83 94 96.022
83 95 38.612
83 96 99.994
83 97 93.224
83 98 93.025
83 99 99.393
84 85 13.662
84 86 41.771
84 87 27.487
84 88 80.542
84 89 38.067
84 90 88.898
84 91 27.287
84 92 62.269
84 93 64.185
84 94 19.665
84 95 8.688
84 96 69.469
84 97 78.074
84 98 47.25
84 99 0.229
85 86 1.597
85 87 37.282
85 88 91.09
85 89 85.326
85 90 24.718
85 91 78.31
85 92 69.055
85 93 41.253
85 94 15.899
85 95 83.537
85 96 17.432
85 97 57.585
85 98 31.823
85 99 34.848
86 87 90.177
86 88 49.555
86 89 92.622
86 90 50.121
86 91 44.622
86 92 97.311
86 93 7.944
86 94 99.072
86 95 39.922
86 96 88.745
86 97 85.496
86 98 79.054
86 99 17.702
87 88 91.817
87 89 2.855
87 90 62.614
87 91 3.38
87 92 23.718
87 93 27.795
87 94 51.572
87 95 58.123
87 96 28.97
87 97 8.46
87 98 58.582
87 99 28.066
88 89 0.831
88 90 36.756
88 91 19.812
88 92 70.82
88 93 29.878
88 94 27.902
88 95 88.582
88 96 22.419
88 97 71.797
88 98 16.733
88 99 57.889
89 90 23.924
89 91 38.545
89 92 32.37
89 93 58.359
89 94 77.999
89 95 66.566
89 96 30.502
89 97 86.962
89 98 30.317
89 99 21.862
90 91 70.295
90 92 99.543
90 93 28.277
90 94 77.595
90 95 86.411
90 96 87.989
90 97 28.091
90 98 68.819
90 99 68.229
91 92 84.392
91 93 51.142
91 94 96.233
91 95 93.377
91 96 83.186
91 97 68.929
91 98 79.298
91 99 24.133
92 93 24.807
92 94 61.189
92 95 98.069
92 96 23.708
92 97 74.189
92 98 81.431
92 99 28.336
93 94 89.085
93 95 28.444
93 96 56.068
93 97 50.484
93 98 93.889
93 99 2.31
94 95 74.63
94 96 28.578
94 97 95.591
94 98 83.457
94 99 0.357
95 96 10.575
95 97 27.756
95 98 27.411
95 99 99.723
96 97 85.781
96 98 97.077
96 99 75.823
97 98 3.742
97 99 75.25
98 99 90.817