96
0 1 2
0 2 71
0 3 60
0 4 32
0 5 51
0 6 16
0 7 35
0 8 57
0 9 88
0 10 15
0 11 15
0 12 99
0 13 52
0 14 5
0 15 58
0 16 40
0 17 4
0 18 30
0 19 27
0 20 40
0 21 31
0 22 44
0 23 68
0 24 25
0 25 68
0 26 82
0 27 34
0 28 55
0 29 42
0 30 47
0 31 82
0 32 70
0 33 6
0 34 20
0 35 40
0 36 16
0 37 32
0 38 43
0 39 58
0 40 60
0 41 9
0 42 50
0 43 52
0 44 77
0 45 17
0 46 31
0 47 41
0 48 49
0 49 26
0 50 41
0 51 21
0 52 78
0 53 24
0 54 59
0 55 64
0 56 62
0 57 89
0 58 28
0 59 31
0 60 9
0 61 95
0 62 64
0 63 90
0 64 19
0 65 96
0 66 17
0 67 58
0 68 39
0 69 49
0 70 90
0 71 34
0 72 49
0 73 40
0 74 26
0 75 30
0 76 57
0 77 56
0 78 20
0 79 58
0 80 69
0 81 38
0 82 6
0 83 93
0 84 98
0 85 49
0 86 51
0 87 39
0 88 27
0 89 25
0 90 89
0 91 38
0 92 33
0 93 62
0 94 13
0 95 40
1 2 38
1 3 94
1 4 82
1 5 26
1 6 88
1 7 78
1 8 55
1 9 99
1 10 30
1 11 17
1 12 95
1 13 75
1 14 20
1 15 72
1 16 87
1 17 72
1 18 2
1 19 28
1 20 60
1 21 15
1 22 30
1 23 97
1 24 28
1 25 39
1 26 49
1 27 17
1 28 3
1 29 88
1 30 95
1 31 61
1 32 4
1 33 97
1 34 53
1 35 54
1 36 54
1 37 19
1 38 90
1 39 89
1 40 86
1 41 89
1 42 15
1 43 20
1 44 5
1 45 15
1 46 15
1 47 74
1 48 36
1 49 88
1 50 62
1 51 28
1 52 12
1 53 12
1 54 70
1 55 27
1 56 1
1 57 73
1 58 60
1 59 89
1 60 91
1 61 44
1 62 9
1 63 94
1 64 56
1 65 56
1 66 13
1 67 60
1 68 63
1 69 78
1 70 44
1 71 71
1 72 38
1 73 89
1 74 94
1 75 55
1 76 27
1 77 58
1 78 3
1 79 71
1 80 40
1 81 26
1 82 84
1 83 96
1 84 15
1 85 14
1 86 55
1 87 10
1 88 42
1 89 8
1 90 67
1 91 99
1 92 34
1 93 71
1 94 48
1 95 19
2 3 91
2 4 37
2 5 96
2 6 67
2 7 28
2 8 80
2 9 60
2 10 60
2 11 89
2 12 68
2 13 57
2 14 7
2 15 1
2 16 60
2 17 3
2 18 70
2 19 97
2 20 84
2 21 70
2 22 93
2 23 2
2 24 38
2 25 31
2 26 19
2 27 99
2 28 56
2 29 78
2 30 17
2 31 54
2 32 92
2 33 31
2 34 63
2 35 4
2 36 20
2 37 12
2 38 45
2 39 96
2 40 50
2 41 53
2 42 49
2 43 89
2 44 13
2 45 32
2 46 5
2 47 78
2 48 41
2 49 60
2 50 14
2 51 37
2 52 67
2 53 46
2 54 48
2 55 11
2 56 69
2 57 59
2 58 22
2 59 98
2 60 71
2 61 70
2 62 74
2 63 91
2 64 50
2 65 64
2 66 12
2 67 51
2 68 53
2 69 5
2 70 3
2 71 37
2 72 64
2 73 74
2 74 55
2 75 72
2 76 40
2 77 55
2 78 43
2 79 36
2 80 93
2 81 15
2 82 8
2 83 48
2 84 81
2 85 42
2 86 87
2 87 65
2 88 50
2 89 67
2 90 98
2 91 60
2 92 87
2 93 91
2 94 67
2 95 26
3 4 47
3 5 98
3 6 28
3 7 68
3 8 31
3 9 7
3 10 55
3 11 71
3 12 36
3 13 81
3 14 29
3 15 75
3 16 72
3 17 59
3 18 8
3 19 66
3 20 65
3 21 37
3 22 48
3 23 3
3 24 89
3 25 30
3 26 89
3 27 35
3 28 85
3 29 85
3 30 51
3 31 50
3 32 62
3 33 28
3 34 99
3 35 67
3 36 79
3 37 36
3 38 37
3 39 43
3 40 93
3 41 61
3 42 71
3 43 78
3 44 99
3 45 92
3 46 76
3 47 85
3 48 94
3 49 57
3 50 38
3 51 70
3 52 46
3 53 58
3 54 78
3 55 30
3 56 16
3 57 29
3 58 5
3 59 78
3 60 77
3 61 11
3 62 37
3 63 26
3 64 23
3 65 75
3 66 55
3 67 95
3 68 24
3 69 44
3 70 50
3 71 21
3 72 73
3 73 49
3 74 90
3 75 9
3 76 49
3 77 17
3 78 28
3 79 51
3 80 45
3 81 27
3 82 7
3 83 4
3 84 56
3 85 59
3 86 38
3 87 78
3 88 87
3 89 86
3 90 74
3 91 8
3 92 13
3 93 56
3 94 99
3 95 87
4 5 6
4 6 60
4 7 51
4 8 33
4 9 67
4 10 42
4 11 46
4 12 18
4 13 23
4 14 76
4 15 98
4 16 85
4 17 47
4 18 88
4 19 40
4 20 97
4 21 29
4 22 84
4 23 10
4 24 44
4 25 32
4 26 27
4 27 48
4 28 42
4 29 93
4 30 15
4 31 52
4 32 25
4 33 11
4 34 19
4 35 40
4 36 47
4 37 18
4 38 53
4 39 67
4 40 38
4 41 23
4 42 70
4 43 80
4 44 78
4 45 70
4 46 26
4 47 62
4 48 46
4 49 9
4 50 26
4 51 94
4 52 34
4 53 87
4 54 92
4 55 87
4 56 57
4 57 36
4 58 3
4 59 4
4 60 93
4 61 53
4 62 61
4 63 98
4 64 12
4 65 80
4 66 81
4 67 54
4 68 67
4 69 5
4 70 41
4 71 42
4 72 67
4 73 60
4 74 3
4 75 58
4 76 98
4 77 93
4 78 12
4 79 45
4 80 4
4 81 94
4 82 50
4 83 20
4 84 91
4 85 56
4 86 67
4 87 43
4 88 54
4 89 38
4 90 89
4 91 70
4 92 61
4 93 29
4 94 47
4 95 90
5 6 52
5 7 41
5 8 38
5 9 23
5 10 13
5 11 64
5 12 66
5 13 4
5 14 44
5 15 67
5 16 41
5 17 40
5 18 29
5 19 43
5 20 84
5 21 67
5 22 20
5 23 59
5 24 62
5 25 94
5 26 39
5 27 44
5 28 46
5 29 70
5 30 15
5 31 16
5 32 94
5 33 53
5 34 65
5 35 66
5 36 29
5 37 7
5 38 49
5 39 50
5 40 10
5 41 5
5 42 21
5 43 36
5 44 66
5 45 34
5 46 70
5 47 23
5 48 60
5 49 62
5 50 24
5 51 50
5 52 50
5 53 42
5 54 23
5 55 29
5 56 43
5 57 41
5 58 87
5 59 47
5 60 60
5 61 81
5 62 72
5 63 65
5 64 31
5 65 81
5 66 51
5 67 71
5 68 53
5 69 48
5 70 25
5 71 42
5 72 43
5 73 8
5 74 40
5 75 32
5 76 13
5 77 88
5 78 93
5 79 66
5 80 50
5 81 10
5 82 36
5 83 55
5 84 60
5 85 71
5 86 92
5 87 45
5 88 16
5 89 35
5 90 35
5 91 14
5 92 66
5 93 2
5 94 98
5 95 95
6 7 25
6 8 27
6 9 30
6 10 14
6 11 11
6 12 22
6 13 7
6 14 58
6 15 38
6 16 74
6 17 28
6 18 91
6 19 56
6 20 92
6 21 8
6 22 2
6 23 74
6 24 89
6 25 31
6 26 36
6 27 35
6 28 66
6 29 76
6 30 61
6 31 85
6 32 48
6 33 34
6 34 18
6 35 39
6 36 32
6 37 50
6 38 23
6 39 11
6 40 39
6 41 26
6 42 92
6 43 74
6 44 49
6 45 70
6 46 48
6 47 88
6 48 64
6 49 70
6 50 37
6 51 24
6 52 39
6 53 63
6 54 4
6 55 13
6 56 80
6 57 34
6 58 1
6 59 90
6 60 16
6 61 14
6 62 23
6 63 20
6 64 77
6 65 20
6 66 42
6 67 31
6 68 72
6 69 11
6 70 17
6 71 19
6 72 70
6 73 36
6 74 26
6 75 16
6 76 33
6 77 51
6 78 13
6 79 53
6 80 73
6 81 36
6 82 72
6 83 86
6 84 52
6 85 49
6 86 3
6 87 36
6 88 44
6 89 80
6 90 86
6 91 47
6 92 82
6 93 79
6 94 65
6 95 60
7 8 46
7 9 76
7 10 35
7 11 98
7 12 18
7 13 51
7 14 33
7 15 45
7 16 34
7 17 95
7 18 33
7 19 12
7 20 79
7 21 76
7 22 65
7 23 52
7 24 52
7 25 77
7 26 71
7 27 48
7 28 43
7 29 59
7 30 5
7 31 59
7 32 74
7 33 47
7 34 21
7 35 31
7 36 32
7 37 52
7 38 88
7 39 48
7 40 56
7 41 96
7 42 54
7 43 8
7 44 52
7 45 59
7 46 7
7 47 24
7 48 48
7 49 93
7 50 70
7 51 36
7 52 61
7 53 1
7 54 6
7 55 20
7 56 4
7 57 33
7 58 13
7 59 92
7 60 62
7 61 57
7 62 39
7 63 12
7 64 93
7 65 22
7 66 56
7 67 97
7 68 30
7 69 4
7 70 34
7 71 43
7 72 81
7 73 78
7 74 96
7 75 10
7 76 17
7 77 18
7 78 94
7 79 39
7 80 53
7 81 23
7 82 47
7 83 59
7 84 62
7 85 60
7 86 23
7 87 63
7 88 11
7 89 39
7 90 21
7 91 9
7 92 78
7 93 80
7 94 16
7 95 5
8 9 75
8 10 55
8 11 3
8 12 50
8 13 45
8 14 8
8 15 47
8 16 52
8 17 77
8 18 96
8 19 28
8 20 31
8 21 56
8 22 74
8 23 44
8 24 16
8 25 57
8 26 2
8 27 6
8 28 40
8 29 76
8 30 47
8 31 12
8 32 81
8 33 32
8 34 16
8 35 29
8 36 37
8 37 10
8 38 89
8 39 62
8 40 64
8 41 96
8 42 36
8 43 59
8 44 30
8 45 84
8 46 3
8 47 75
8 48 83
8 49 23
8 50 38
8 51 60
8 52 63
8 53 92
8 54 13
8 55 25
8 56 68
8 57 14
8 58 50
8 59 14
8 60 73
8 61 26
8 62 70
8 63 13
8 64 52
8 65 31
8 66 38
8 67 29
8 68 23
8 69 25
8 70 54
8 71 14
8 72 55
8 73 44
8 74 56
8 75 85
8 76 70
8 77 86
8 78 40
8 79 65
8 80 45
8 81 47
8 82 11
8 83 65
8 84 42
8 85 21
8 86 47
8 87 71
8 88 17
8 89 20
8 90 85
8 91 8
8 92 29
8 93 58
8 94 18
8 95 61
9 10 78
9 11 66
9 12 66
9 13 58
9 14 88
9 15 34
9 16 33
9 17 36
9 18 18
9 19 7
9 20 71
9 21 34
9 22 20
9 23 76
9 24 77
9 25 68
9 26 43
9 27 86
9 28 27
9 29 39
9 30 94
9 31 9
9 32 96
9 33 67
9 34 30
9 35 51
9 36 56
9 37 63
9 38 66
9 39 53
9 40 74
9 41 5
9 42 67
9 43 63
9 44 82
9 45 6
9 46 46
9 47 92
9 48 76
9 49 81
9 50 42
9 51 71
9 52 78
9 53 20
9 54 68
9 55 36
9 56 61
9 57 42
9 58 72
9 59 26
9 60 87
9 61 52
9 62 33
9 63 10
9 64 33
9 65 31
9 66 76
9 67 70
9 68 91
9 69 88
9 70 34
9 71 12
9 72 81
9 73 30
9 74 25
9 75 5
9 76 77
9 77 50
9 78 96
9 79 30
9 80 5
9 81 73
9 82 82
9 83 64
9 84 48
9 85 80
9 86 56
9 87 19
9 88 53
9 89 9
9 90 74
9 91 54
9 92 52
9 93 46
9 94 49
9 95 51
10 11 36
10 12 40
10 13 99
10 14 21
10 15 15
10 16 71
10 17 7
10 18 4
10 19 64
10 20 57
10 21 81
10 22 15
10 23 63
10 24 56
10 25 74
10 26 48
10 27 18
10 28 20
10 29 42
10 30 41
10 31 72
10 32 45
10 33 60
10 34 14
10 35 44
10 36 38
10 37 50
10 38 25
10 39 71
10 40 81
10 41 78
10 42 95
10 43 34
10 44 20
10 45 95
10 46 9
10 47 37
10 48 64
10 49 19
10 50 67
10 51 20
10 52 95
10 53 17
10 54 29
10 55 53
10 56 69
10 57 32
10 58 42
10 59 5
10 60 95
10 61 83
10 62 58
10 63 34
10 64 17
10 65 93
10 66 12
10 67 19
10 68 27
10 69 62
10 70 17
10 71 26
10 72 17
10 73 96
10 74 81
10 75 46
10 76 59
10 77 78
10 78 89
10 79 28
10 80 6
10 81 70
10 82 76
10 83 2
10 84 74
10 85 44
10 86 85
10 87 48
10 88 67
10 89 97
10 90 40
10 91 21
10 92 78
10 93 60
10 94 4
10 95 42
11 12 90
11 13 98
11 14 34
11 15 49
11 16 72
11 17 44
11 18 33
11 19 96
11 20 37
11 21 21
11 22 14
11 23 80
11 24 95
11 25 87
11 26 77
11 27 65
11 28 41
11 29 54
11 30 12
11 31 38
11 32 33
11 33 99
11 34 6
11 35 93
11 36 67
11 37 57
11 38 47
11 39 72
11 40 6
11 41 47
11 42 18
11 43 89
11 44 40
11 45 68
11 46 54
11 47 30
11 48 20
11 49 8
11 50 35
11 51 9
11 52 69
11 53 78
11 54 72
11 55 43
11 56 92
11 57 73
11 58 48
11 59 17
11 60 44
11 61 64
11 62 60
11 63 51
11 64 18
11 65 92
11 66 86
11 67 49
11 68 93
11 69 55
11 70 65
11 71 3
11 72 53
11 73 14
11 74 76
11 75 14
11 76 89
11 77 87
11 78 18
11 79 33
11 80 18
11 81 98
11 82 82
11 83 48
11 84 42
11 85 79
11 86 91
11 87 6
11 88 70
11 89 45
11 90 44
11 91 29
11 92 20
11 93 48
11 94 53
11 95 42
12 13 18
12 14 40
12 15 58
12 16 33
12 17 73
12 18 36
12 19 83
12 20 50
12 21 17
12 22 44
12 23 72
12 24 17
12 25 8
12 26 59
12 27 18
12 28 25
12 29 71
12 30 6
12 31 99
12 32 24
12 33 17
12 34 22
12 35 85
12 36 33
12 37 70
12 38 99
12 39 17
12 40 61
12 41 82
12 42 38
12 43 44
12 44 75
12 45 82
12 46 11
12 47 63
12 48 34
12 49 54
12 50 12
12 51 84
12 52 42
12 53 36
12 54 7
12 55 68
12 56 46
12 57 40
12 58 86
12 59 1
12 60 10
12 61 73
12 62 57
12 63 65
12 64 15
12 65 77
12 66 91
12 67 84
12 68 69
12 69 81
12 70 84
12 71 80
12 72 82
12 73 38
12 74 84
12 75 97
12 76 98
12 77 77
12 78 20
12 79 70
12 80 4
12 81 70
12 82 17
12 83 99
12 84 61
12 85 86
12 86 42
12 87 74
12 88 69
12 89 77
12 90 50
12 91 96
12 92 78
12 93 53
12 94 58
12 95 38
13 14 59
13 15 75
13 16 73
13 17 23
13 18 32
13 19 41
13 20 85
13 21 23
13 22 64
13 23 1
13 24 46
13 25 95
13 26 53
13 27 53
13 28 69
13 29 32
13 30 78
13 31 38
13 32 7
13 33 83
13 34 44
13 35 31
13 36 31
13 37 88
13 38 65
13 39 91
13 40 99
13 41 75
13 42 26
13 43 77
13 44 8
13 45 39
13 46 89
13 47 48
13 48 29
13 49 71
13 50 60
13 51 43
13 52 17
13 53 95
13 54 79
13 55 31
13 56 53
13 57 45
13 58 34
13 59 19
13 60 85
13 61 32
13 62 44
13 63 52
13 64 3
13 65 96
13 66 49
13 67 44
13 68 6
13 69 15
13 70 74
13 71 53
13 72 16
13 73 9
13 74 93
13 75 86
13 76 28
13 77 70
13 78 41
13 79 55
13 80 85
13 81 30
13 82 82
13 83 59
13 84 95
13 85 25
13 86 75
13 87 43
13 88 37
13 89 72
13 90 85
13 91 7
13 92 59
13 93 82
13 94 96
13 95 96
14 15 38
14 16 25
14 17 54
14 18 59
14 19 23
14 20 82
14 21 16
14 22 4
14 23 42
14 24 92
14 25 11
14 26 19
14 27 54
14 28 74
14 29 35
14 30 23
14 31 45
14 32 6
14 33 33
14 34 27
14 35 48
14 36 8
14 37 44
14 38 48
14 39 96
14 40 90
14 41 60
14 42 34
14 43 82
14 44 41
14 45 19
14 46 22
14 47 38
14 48 58
14 49 37
14 50 53
14 51 21
14 52 81
14 53 89
14 54 52
14 55 17
14 56 70
14 57 27
14 58 7
14 59 76
14 60 17
14 61 81
14 62 4
14 63 89
14 64 74
14 65 76
14 66 88
14 67 12
14 68 85
14 69 51
14 70 80
14 71 36
14 72 94
14 73 80
14 74 91
14 75 56
14 76 2
14 77 85
14 78 63
14 79 55
14 80 35
14 81 82
14 82 28
14 83 91
14 84 45
14 85 93
14 86 47
14 87 75
14 88 82
14 89 72
14 90 83
14 91 25
14 92 80
14 93 44
14 94 71
14 95 95
15 16 8
15 17 41
15 18 35
15 19 71
15 20 50
15 21 65
15 22 64
15 23 79
15 24 30
15 25 58
15 26 83
15 27 82
15 28 72
15 29 4
15 30 11
15 31 79
15 32 13
15 33 1
15 34 78
15 35 62
15 36 97
15 37 40
15 38 39
15 39 70
15 40 41
15 41 64
15 42 74
15 43 34
15 44 44
15 45 31
15 46 46
15 47 38
15 48 32
15 49 71
15 50 74
15 51 77
15 52 16
15 53 89
15 54 72
15 55 30
15 56 64
15 57 1
15 58 63
15 59 26
15 60 26
15 61 34
15 62 38
15 63 76
15 64 9
15 65 47
15 66 86
15 67 51
15 68 45
15 69 94
15 70 56
15 71 68
15 72 88
15 73 40
15 74 98
15 75 59
15 76 89
15 77 1
15 78 96
15 79 8
15 80 70
15 81 72
15 82 83
15 83 29
15 84 45
15 85 2
15 86 55
15 87 50
15 88 77
15 89 33
15 90 2
15 91 93
15 92 74
15 93 57
15 94 49
15 95 40
16 17 20
16 18 8
16 19 22
16 20 86
16 21 41
16 22 85
16 23 14
16 24 38
16 25 53
16 26 23
16 27 69
16 28 23
16 29 83
16 30 95
16 31 93
16 32 56
16 33 36
16 34 57
16 35 47
16 36 34
16 37 85
16 38 65
16 39 5
16 40 90
16 41 59
16 42 82
16 43 17
16 44 50
16 45 25
16 46 29
16 47 52
16 48 75
16 49 17
16 50 98
16 51 22
16 52 54
16 53 88
16 54 85
16 55 51
16 56 5
16 57 4
16 58 83
16 59 87
16 60 4
16 61 4
16 62 13
16 63 60
16 64 58
16 65 91
16 66 72
16 67 3
16 68 93
16 69 42
16 70 2
16 71 37
16 72 75
16 73 12
16 74 21
16 75 15
16 76 46
16 77 67
16 78 63
16 79 27
16 80 35
16 81 53
16 82 48
16 83 1
16 84 78
16 85 55
16 86 76
16 87 45
16 88 24
16 89 30
16 90 63
16 91 21
16 92 27
16 93 55
16 94 18
16 95 78
17 18 63
17 19 7
17 20 85
17 21 69
17 22 12
17 23 97
17 24 2
17 25 94
17 26 43
17 27 58
17 28 73
17 29 64
17 30 57
17 31 50
17 32 17
17 33 79
17 34 57
17 35 87
17 36 14
17 37 32
17 38 81
17 39 43
17 40 20
17 41 14
17 42 78
17 43 20
17 44 62
17 45 33
17 46 9
17 47 1
17 48 51
17 49 24
17 50 85
17 51 65
17 52 15
17 53 27
17 54 50
17 55 89
17 56 69
17 57 50
17 58 53
17 59 95
17 60 80
17 61 4
17 62 70
17 63 36
17 64 48
17 65 56
17 66 58
17 67 26
17 68 99
17 69 65
17 70 87
17 71 33
17 72 9
17 73 17
17 74 25
17 75 99
17 76 82
17 77 78
17 78 8
17 79 25
17 80 67
17 81 22
17 82 86
17 83 41
17 84 53
17 85 32
17 86 22
17 87 64
17 88 10
17 89 98
17 90 9
17 91 23
17 92 73
17 93 42
17 94 60
17 95 23
18 19 28
18 20 44
18 21 19
18 22 89
18 23 59
18 24 92
18 25 72
18 26 13
18 27 73
18 28 38
18 29 56
18 30 50
18 31 51
18 32 80
18 33 22
18 34 7
18 35 20
18 36 46
18 37 13
18 38 44
18 39 97
18 40 10
18 41 39
18 42 39
18 43 31
18 44 2
18 45 10
18 46 3
18 47 7
18 48 72
18 49 4
18 50 99
18 51 28
18 52 78
18 53 28
18 54 76
18 55 8
18 56 36
18 57 50
18 58 1
18 59 70
18 60 65
18 61 7
18 62 10
18 63 37
18 64 39
18 65 93
18 66 37
18 67 47
18 68 35
18 69 76
18 70 42
18 71 6
18 72 93
18 73 65
18 74 54
18 75 32
18 76 62
18 77 42
18 78 1
18 79 74
18 80 78
18 81 70
18 82 65
18 83 98
18 84 80
18 85 58
18 86 11
18 87 41
18 88 8
18 89 8
18 90 43
18 91 20
18 92 45
18 93 15
18 94 55
18 95 62
19 20 90
19 21 8
19 22 53
19 23 83
19 24 97
19 25 41
19 26 63
19 27 16
19 28 81
19 29 69
19 30 47
19 31 79
19 32 29
19 33 6
19 34 72
19 35 73
19 36 26
19 37 32
19 38 64
19 39 46
19 40 48
19 41 72
19 42 68
19 43 3
19 44 31
19 45 19
19 46 70
19 47 51
19 48 3
19 49 95
19 50 66
19 51 57
19 52 35
19 53 51
19 54 81
19 55 57
19 56 35
19 57 96
19 58 88
19 59 95
19 60 38
19 61 27
19 62 47
19 63 33
19 64 93
19 65 55
19 66 64
19 67 28
19 68 67
19 69 6
19 70 38
19 71 29
19 72 42
19 73 64
19 74 90
19 75 5
19 76 66
19 77 23
19 78 83
19 79 2
19 80 28
19 81 10
19 82 3
19 83 57
19 84 85
19 85 93
19 86 92
19 87 54
19 88 45
19 89 65
19 90 98
19 91 74
19 92 13
19 93 73
19 94 59
19 95 7
20 21 77
20 22 1
20 23 16
20 24 84
20 25 43
20 26 82
20 27 54
20 28 81
20 29 22
20 30 8
20 31 92
20 32 1
20 33 27
20 34 69
20 35 30
20 36 7
20 37 51
20 38 19
20 39 95
20 40 12
20 41 15
20 42 78
20 43 7
20 44 16
20 45 28
20 46 79
20 47 52
20 48 13
20 49 59
20 50 63
20 51 67
20 52 25
20 53 71
20 54 28
20 55 92
20 56 27
20 57 56
20 58 99
20 59 69
20 60 31
20 61 25
20 62 62
20 63 84
20 64 95
20 65 77
20 66 38
20 67 14
20 68 25
20 69 34
20 70 39
20 71 27
20 72 46
20 73 5
20 74 84
20 75 75
20 76 3
20 77 88
20 78 52
20 79 36
20 80 60
20 81 80
20 82 17
20 83 51
20 84 86
20 85 77
20 86 65
20 87 26
20 88 23
20 89 69
20 90 47
20 91 88
20 92 78
20 93 56
20 94 71
20 95 44
21 22 51
21 23 7
21 24 7
21 25 58
21 26 45
21 27 67
21 28 78
21 29 82
21 30 62
21 31 2
21 32 7
21 33 33
21 34 94
21 35 53
21 36 79
21 37 65
21 38 78
21 39 94
21 40 45
21 41 48
21 42 76
21 43 56
21 44 37
21 45 65
21 46 10
21 47 22
21 48 35
21 49 51
21 50 87
21 51 15
21 52 85
21 53 84
21 54 11
21 55 57
21 56 33
21 57 77
21 58 31
21 59 78
21 60 13
21 61 43
21 62 80
21 63 28
21 64 67
21 65 88
21 66 87
21 67 85
21 68 62
21 69 89
21 70 78
21 71 36
21 72 52
21 73 15
21 74 72
21 75 91
21 76 79
21 77 68
21 78 35
21 79 52
21 80 32
21 81 3
21 82 28
21 83 30
21 84 13
21 85 86
21 86 83
21 87 9
21 88 97
21 89 95
21 90 64
21 91 75
21 92 25
21 93 60
21 94 4
21 95 44
22 23 41
22 24 2
22 25 28
22 26 51
22 27 78
22 28 46
22 29 89
22 30 91
22 31 89
22 32 22
22 33 4
22 34 79
22 35 79
22 36 25
22 37 31
22 38 78
22 39 26
22 40 2
22 41 1
22 42 28
22 43 46
22 44 57
22 45 37
22 46 78
22 47 73
22 48 41
22 49 57
22 50 36
22 51 71
22 52 37
22 53 88
22 54 50
22 55 13
22 56 7
22 57 61
22 58 46
22 59 98
22 60 31
22 61 28
22 62 46
22 63 76
22 64 93
22 65 96
22 66 16
22 67 92
22 68 74
22 69 21
22 70 88
22 71 16
22 72 90
22 73 33
22 74 62
22 75 58
22 76 46
22 77 24
22 78 18
22 79 93
22 80 68
22 81 1
22 82 25
22 83 36
22 84 54
22 85 35
22 86 1
22 87 92
22 88 10
22 89 12
22 90 9
22 91 37
22 92 55
22 93 6
22 94 16
22 95 44
23 24 66
23 25 88
23 26 41
23 27 36
23 28 83
23 29 73
23 30 17
23 31 45
23 32 46
23 33 25
23 34 15
23 35 90
23 36 76
23 37 56
23 38 85
23 39 39
23 40 21
23 41 81
23 42 82
23 43 77
23 44 31
23 45 55
23 46 51
23 47 22
23 48 50
23 49 71
23 50 39
23 51 7
23 52 64
23 53 61
23 54 73
23 55 68
23 56 4
23 57 66
23 58 93
23 59 67
23 60 60
23 61 96
23 62 66
23 63 74
23 64 44
23 65 96
23 66 68
23 67 47
23 68 85
23 69 57
23 70 74
23 71 62
23 72 83
23 73 60
23 74 19
23 75 23
23 76 86
23 77 76
23 78 20
23 79 43
23 80 99
23 81 91
23 82 62
23 83 11
23 84 54
23 85 87
23 86 50
23 87 51
23 88 43
23 89 50
23 90 94
23 91 60
23 92 34
23 93 98
23 94 70
23 95 83
24 25 41
24 26 89
24 27 69
24 28 20
24 29 52
24 30 57
24 31 55
24 32 81
24 33 9
24 34 28
24 35 86
24 36 99
24 37 67
24 38 37
24 39 83
24 40 25
24 41 3
24 42 10
24 43 66
24 44 93
24 45 1
24 46 11
24 47 88
24 48 19
24 49 38
24 50 54
24 51 35
24 52 19
24 53 86
24 54 34
24 55 84
24 56 72
24 57 2
24 58 62
24 59 46
24 60 2
24 61 33
24 62 91
24 63 20
24 64 91
24 65 10
24 66 38
24 67 61
24 68 94
24 69 74
24 70 82
24 71 41
24 72 72
24 73 61
24 74 75
24 75 7
24 76 30
24 77 71
24 78 32
24 79 39
24 80 43
24 81 30
24 82 22
24 83 44
24 84 90
24 85 28
24 86 45
24 87 71
24 88 1
24 89 39
24 90 58
24 91 82
24 92 71
24 93 53
24 94 28
24 95 97
25 26 1
25 27 96
25 28 15
25 29 64
25 30 23
25 31 95
25 32 85
25 33 10
25 34 10
25 35 76
25 36 37
25 37 5
25 38 17
25 39 36
25 40 93
25 41 36
25 42 85
25 43 47
25 44 75
25 45 57
25 46 11
25 47 31
25 48 41
25 49 36
25 50 46
25 51 89
25 52 4
25 53 93
25 54 7
25 55 36
25 56 91
25 57 5
25 58 6
25 59 70
25 60 37
25 61 78
25 62 51
25 63 75
25 64 83
25 65 30
25 66 48
25 67 87
25 68 71
25 69 9
25 70 42
25 71 84
25 72 95
25 73 80
25 74 3
25 75 50
25 76 72
25 77 87
25 78 74
25 79 29
25 80 15
25 81 5
25 82 68
25 83 24
25 84 71
25 85 53
25 86 49
25 87 79
25 88 61
25 89 11
25 90 98
25 91 79
25 92 46
25 93 38
25 94 46
25 95 67
26 27 82
26 28 85
26 29 5
26 30 65
26 31 6
26 32 82
26 33 89
26 34 74
26 35 11
26 36 18
26 37 78
26 38 27
26 39 89
26 40 99
26 41 20
26 42 15
26 43 18
26 44 19
26 45 99
26 46 80
26 47 68
26 48 30
26 49 37
26 50 71
26 51 27
26 52 22
26 53 63
26 54 41
26 55 85
26 56 7
26 57 7
26 58 78
26 59 42
26 60 49
26 61 35
26 62 80
26 63 62
26 64 75
26 65 66
26 66 3
26 67 56
26 68 89
26 69 97
26 70 18
26 71 42
26 72 91
26 73 90
26 74 50
26 75 10
26 76 82
26 77 23
26 78 46
26 79 86
26 80 26
26 81 7
26 82 34
26 83 57
26 84 19
26 85 58
26 86 36
26 87 41
26 88 39
26 89 47
26 90 54
26 91 95
26 92 13
26 93 73
26 94 34
26 95 70
27 28 40
27 29 82
27 30 11
27 31 75
27 32 97
27 33 58
27 34 81
27 35 74
27 36 36
27 37 94
27 38 89
27 39 19
27 40 80
27 41 59
27 42 93
27 43 7
27 44 5
27 45 77
27 46 52
27 47 79
27 48 7
27 49 42
27 50 68
27 51 90
27 52 12
27 53 46
27 54 17
27 55 97
27 56 2
27 57 61
27 58 97
27 59 54
27 60 70
27 61 16
27 62 40
27 63 57
27 64 86
27 65 37
27 66 75
27 67 51
27 68 40
27 69 66
27 70 17
27 71 20
27 72 47
27 73 52
27 74 45
27 75 49
27 76 65
27 77 46
27 78 79
27 79 28
27 80 72
27 81 97
27 82 34
27 83 25
27 84 83
27 85 68
27 86 97
27 87 2
27 88 57
27 89 62
27 90 89
27 91 46
27 92 59
27 93 17
27 94 5
27 95 75
28 29 6
28 30 33
28 31 33
28 32 91
28 33 45
28 34 54
28 35 29
28 36 76
28 37 9
28 38 4
28 39 34
28 40 99
28 41 18
28 42 54
28 43 90
28 44 85
28 45 46
28 46 47
28 47 37
28 48 1
28 49 63
28 50 85
28 51 60
28 52 23
28 53 69
28 54 16
28 55 4
28 56 52
28 57 27
28 58 17
28 59 42
28 60 67
28 61 76
28 62 79
28 63 56
28 64 45
28 65 18
28 66 14
28 67 15
28 68 17
28 69 2
28 70 29
28 71 84
28 72 12
28 73 70
28 74 32
28 75 75
28 76 44
28 77 23
28 78 88
28 79 75
28 80 44
28 81 96
28 82 98
28 83 97
28 84 84
28 85 90
28 86 72
28 87 72
28 88 9
28 89 27
28 90 17
28 91 14
28 92 68
28 93 20
28 94 43
28 95 54
29 30 72
29 31 89
29 32 79
29 33 99
29 34 24
29 35 93
29 36 91
29 37 32
29 38 81
29 39 92
29 40 4
29 41 96
29 42 18
29 43 54
29 44 9
29 45 62
29 46 31
29 47 48
29 48 59
29 49 81
29 50 67
29 51 65
29 52 82
29 53 64
29 54 66
29 55 77
29 56 1
29 57 89
29 58 8
29 59 48
29 60 1
29 61 79
29 62 65
29 63 75
29 64 37
29 65 31
29 66 40
29 67 69
29 68 89
29 69 26
29 70 58
29 71 28
29 72 65
29 73 77
29 74 91
29 75 85
29 76 63
29 77 96
29 78 47
29 79 72
29 80 99
29 81 26
29 82 89
29 83 68
29 84 48
29 85 86
29 86 57
29 87 29
29 88 65
29 89 13
29 90 17
29 91 45
29 92 64
29 93 35
29 94 50
29 95 19
30 31 97
30 32 33
30 33 79
30 34 94
30 35 55
30 36 76
30 37 14
30 38 86
30 39 9
30 40 49
30 41 83
30 42 5
30 43 29
30 44 49
30 45 13
30 46 87
30 47 74
30 48 33
30 49 94
30 50 28
30 51 52
30 52 16
30 53 60
30 54 76
30 55 93
30 56 53
30 57 82
30 58 15
30 59 73
30 60 62
30 61 77
30 62 52
30 63 7
30 64 21
30 65 22
30 66 74
30 67 20
30 68 15
30 69 40
30 70 4
30 71 13
30 72 74
30 73 62
30 74 93
30 75 47
30 76 5
30 77 74
30 78 13
30 79 50
30 80 69
30 81 63
30 82 82
30 83 19
30 84 58
30 85 84
30 86 24
30 87 8
30 88 33
30 89 32
30 90 20
30 91 73
30 92 75
30 93 54
30 94 92
30 95 67
31 32 41
31 33 17
31 34 56
31 35 56
31 36 23
31 37 78
31 38 86
31 39 52
31 40 64
31 41 2
31 42 37
31 43 89
31 44 94
31 45 83
31 46 19
31 47 21
31 48 36
31 49 23
31 50 69
31 51 37
31 52 3
31 53 12
31 54 58
31 55 6
31 56 26
31 57 83
31 58 68
31 59 54
31 60 41
31 61 15
31 62 96
31 63 87
31 64 93
31 65 57
31 66 99
31 67 29
31 68 49
31 69 89
31 70 73
31 71 8
31 72 47
31 73 73
31 74 56
31 75 69
31 76 48
31 77 29
31 78 27
31 79 33
31 80 41
31 81 92
31 82 5
31 83 50
31 84 46
31 85 98
31 86 69
31 87 66
31 88 33
31 89 72
31 90 76
31 91 47
31 92 61
31 93 32
31 94 75
31 95 62
32 33 93
32 34 57
32 35 59
32 36 78
32 37 54
32 38 37
32 39 29
32 40 16
32 41 28
32 42 21
32 43 96
32 44 68
32 45 9
32 46 58
32 47 69
32 48 53
32 49 94
32 50 29
32 51 91
32 52 85
32 53 81
32 54 14
32 55 22
32 56 39
32 57 3
32 58 27
32 59 79
32 60 73
32 61 17
32 62 16
32 63 16
32 64 29
32 65 89
32 66 3
32 67 34
32 68 88
32 69 78
32 70 65
32 71 39
32 72 84
32 73 23
32 74 96
32 75 35
32 76 7
32 77 91
32 78 51
32 79 20
32 80 52
32 81 17
32 82 98
32 83 94
32 84 24
32 85 88
32 86 30
32 87 93
32 88 31
32 89 82
32 90 71
32 91 39
32 92 43
32 93 38
32 94 38
32 95 58
33 34 5
33 35 20
33 36 56
33 37 54
33 38 2
33 39 42
33 40 60
33 41 82
33 42 78
33 43 4
33 44 90
33 45 24
33 46 68
33 47 81
33 48 70
33 49 79
33 50 19
33 51 80
33 52 38
33 53 46
33 54 44
33 55 69
33 56 89
33 57 61
33 58 53
33 59 8
33 60 21
33 61 36
33 62 69
33 63 68
33 64 23
33 65 14
33 66 36
33 67 90
33 68 11
33 69 26
33 70 76
33 71 26
33 72 26
33 73 56
33 74 44
33 75 10
33 76 20
33 77 10
33 78 75
33 79 77
33 80 29
33 81 22
33 82 43
33 83 17
33 84 44
33 85 4
33 86 67
33 87 85
33 88 83
33 89 61
33 90 12
33 91 79
33 92 21
33 93 14
33 94 69
33 95 19
34 35 13
34 36 16
34 37 68
34 38 30
34 39 13
34 40 87
34 41 42
34 42 49
34 43 26
34 44 90
34 45 65
34 46 9
34 47 67
34 48 79
34 49 34
34 50 27
34 51 22
34 52 88
34 53 56
34 54 50
34 55 46
34 56 15
34 57 28
34 58 60
34 59 41
34 60 73
34 61 59
34 62 1
34 63 93
34 64 4
34 65 60
34 66 78
34 67 43
34 68 8
34 69 16
34 70 66
34 71 1
34 72 58
34 73 96
34 74 1
34 75 82
34 76 91
34 77 18
34 78 20
34 79 10
34 80 52
34 81 57
34 82 75
34 83 7
34 84 97
34 85 56
34 86 97
34 87 66
34 88 86
34 89 57
34 90 48
34 91 41
34 92 99
34 93 55
34 94 74
34 95 28
35 36 9
35 37 89
35 38 27
35 39 1
35 40 20
35 41 90
35 42 13
35 43 74
35 44 50
35 45 89
35 46 25
35 47 38
35 48 81
35 49 91
35 50 15
35 51 96
35 52 72
35 53 87
35 54 88
35 55 43
35 56 33
35 57 76
35 58 38
35 59 92
35 60 84
35 61 80
35 62 82
35 63 24
35 64 93
35 65 64
35 66 3
35 67 13
35 68 33
35 69 17
35 70 55
35 71 17
35 72 33
35 73 19
35 74 63
35 75 16
35 76 88
35 77 62
35 78 36
35 79 15
35 80 30
35 81 98
35 82 10
35 83 7
35 84 57
35 85 42
35 86 93
35 87 70
35 88 81
35 89 42
35 90 21
35 91 66
35 92 30
35 93 53
35 94 21
35 95 14
36 37 74
36 38 61
36 39 87
36 40 88
36 41 57
36 42 84
36 43 23
36 44 10
36 45 42
36 46 91
36 47 91
36 48 10
36 49 16
36 50 71
36 51 64
36 52 60
36 53 15
36 54 69
36 55 23
36 56 90
36 57 56
36 58 2
36 59 76
36 60 22
36 61 54
36 62 8
36 63 70
36 64 83
36 65 11
36 66 37
36 67 67
36 68 65
36 69 24
36 70 97
36 71 93
36 72 57
36 73 84
36 74 89
36 75 45
36 76 57
36 77 62
36 78 33
36 79 27
36 80 21
36 81 56
36 82 35
36 83 3
36 84 33
36 85 79
36 86 8
36 87 71
36 88 33
36 89 58
36 90 31
36 91 40
36 92 26
36 93 16
36 94 43
36 95 90
37 38 30
37 39 89
37 40 95
37 41 97
37 42 49
37 43 74
37 44 8
37 45 50
37 46 26
37 47 84
37 48 96
37 49 49
37 50 98
37 51 66
37 52 62
37 53 33
37 54 5
37 55 27
37 56 57
37 57 24
37 58 13
37 59 65
37 60 60
37 61 72
37 62 54
37 63 85
37 64 11
37 65 1
37 66 9
37 67 40
37 68 68
37 69 37
37 70 29
37 71 40
37 72 8
37 73 59
37 74 52
37 75 59
37 76 19
37 77 55
37 78 84
37 79 59
37 80 97
37 81 44
37 82 97
37 83 57
37 84 65
37 85 52
37 86 21
37 87 8
37 88 14
37 89 9
37 90 11
37 91 14
37 92 39
37 93 75
37 94 49
37 95 4
38 39 25
38 40 23
38 41 42
38 42 93
38 43 40
38 44 81
38 45 52
38 46 16
38 47 50
38 48 68
38 49 71
38 50 1
38 51 65
38 52 88
38 53 86
38 54 42
38 55 3
38 56 71
38 57 35
38 58 89
38 59 70
38 60 91
38 61 42
38 62 88
38 63 4
38 64 71
38 65 74
38 66 35
38 67 48
38 68 68
38 69 42
38 70 70
38 71 66
38 72 27
38 73 98
38 74 86
38 75 26
38 76 46
38 77 14
38 78 58
38 79 46
38 80 82
38 81 68
38 82 72
38 83 46
38 84 47
38 85 41
38 86 25
38 87 80
38 88 83
38 89 3
38 90 36
38 91 5
38 92 74
38 93 25
38 94 79
38 95 22
39 40 35
39 41 90
39 42 84
39 43 17
39 44 41
39 45 55
39 46 62
39 47 12
39 48 18
39 49 51
39 50 60
39 51 28
39 52 28
39 53 95
39 54 92
39 55 35
39 56 7
39 57 43
39 58 10
39 59 82
39 60 30
39 61 65
39 62 60
39 63 40
39 64 31
39 65 74
39 66 82
39 67 22
39 68 74
39 69 19
39 70 84
39 71 93
39 72 50
39 73 75
39 74 72
39 75 86
39 76 46
39 77 3
39 78 95
39 79 98
39 80 25
39 81 46
39 82 81
39 83 71
39 84 37
39 85 80
39 86 47
39 87 99
39 88 40
39 89 52
39 90 59
39 91 84
39 92 33
39 93 97
39 94 77
39 95 94
40 41 12
40 42 25
40 43 32
40 44 48
40 45 29
40 46 97
40 47 13
40 48 52
40 49 93
40 50 30
40 51 52
40 52 15
40 53 95
40 54 75
40 55 15
40 56 47
40 57 36
40 58 98
40 59 36
40 60 27
40 61 39
40 62 84
40 63 3
40 64 98
40 65 18
40 66 55
40 67 46
40 68 27
40 69 27
40 70 94
40 71 22
40 72 82
40 73 2
40 74 33
40 75 99
40 76 30
40 77 92
40 78 59
40 79 65
40 80 29
40 81 30
40 82 54
40 83 7
40 84 56
40 85 69
40 86 3
40 87 11
40 88 46
40 89 46
40 90 22
40 91 42
40 92 87
40 93 19
40 94 20
40 95 58
41 42 56
41 43 55
41 44 66
41 45 92
41 46 72
41 47 35
41 48 48
41 49 7
41 50 25
41 51 92
41 52 33
41 53 3
41 54 17
41 55 8
41 56 46
41 57 15
41 58 73
41 59 38
41 60 10
41 61 56
41 62 12
41 63 61
41 64 42
41 65 51
41 66 32
41 67 68
41 68 71
41 69 52
41 70 95
41 71 20
41 72 62
41 73 80
41 74 10
41 75 24
41 76 76
41 77 11
41 78 98
41 79 58
41 80 89
41 81 58
41 82 33
41 83 58
41 84 95
41 85 55
41 86 70
41 87 91
41 88 18
41 89 36
41 90 78
41 91 97
41 92 94
41 93 93
41 94 59
41 95 27
42 43 3
42 44 75
42 45 24
42 46 58
42 47 99
42 48 24
42 49 49
42 50 1
42 51 78
42 52 13
42 53 92
42 54 55
42 55 70
42 56 29
42 57 61
42 58 65
42 59 58
42 60 70
42 61 95
42 62 67
42 63 32
42 64 78
42 65 26
42 66 53
42 67 56
42 68 69
42 69 44
42 70 87
42 71 86
42 72 21
42 73 16
42 74 31
42 75 74
42 76 37
42 77 23
42 78 57
42 79 2
42 80 67
42 81 94
42 82 96
42 83 71
42 84 63
42 85 75
42 86 36
42 87 4
42 88 76
42 89 87
42 90 62
42 91 25
42 92 50
42 93 38
42 94 14
42 95 75
43 44 47
43 45 25
43 46 33
43 47 35
43 48 60
43 49 14
43 50 13
43 51 45
43 52 98
43 53 24
43 54 50
43 55 13
43 56 70
43 57 77
43 58 91
43 59 69
43 60 16
43 61 2
43 62 36
43 63 51
43 64 48
43 65 56
43 66 28
43 67 96
43 68 16
43 69 13
43 70 64
43 71 78
43 72 59
43 73 2
43 74 14
43 75 88
43 76 70
43 77 22
43 78 23
43 79 19
43 80 7
43 81 92
43 82 21
43 83 18
43 84 72
43 85 67
43 86 42
43 87 61
43 88 39
43 89 83
43 90 1
43 91 65
43 92 56
43 93 74
43 94 15
43 95 97
44 45 2
44 46 91
44 47 15
44 48 39
44 49 38
44 50 78
44 51 74
44 52 76
44 53 60
44 54 93
44 55 75
44 56 19
44 57 5
44 58 25
44 59 68
44 60 82
44 61 6
44 62 11
44 63 12
44 64 1
44 65 11
44 66 2
44 67 96
44 68 90
44 69 28
44 70 91
44 71 78
44 72 5
44 73 97
44 74 26
44 75 64
44 76 77
44 77 69
44 78 43
44 79 11
44 80 64
44 81 1
44 82 51
44 83 69
44 84 63
44 85 92
44 86 85
44 87 94
44 88 32
44 89 37
44 90 91
44 91 27
44 92 93
44 93 67
44 94 6
44 95 83
45 46 56
45 47 46
45 48 25
45 49 24
45 50 69
45 51 13
45 52 78
45 53 31
45 54 26
45 55 57
45 56 60
45 57 63
45 58 41
45 59 91
45 60 32
45 61 89
45 62 92
45 63 58
45 64 77
45 65 42
45 66 93
45 67 12
45 68 53
45 69 29
45 70 52
45 71 60
45 72 95
45 73 40
45 74 2
45 75 72
45 76 64
45 77 56
45 78 25
45 79 4
45 80 88
45 81 33
45 82 71
45 83 22
45 84 68
45 85 75
45 86 8
45 87 59
45 88 55
45 89 85
45 90 10
45 91 86
45 92 64
45 93 89
45 94 93
45 95 13
46 47 22
46 48 85
46 49 21
46 50 14
46 51 47
46 52 96
46 53 19
46 54 3
46 55 91
46 56 65
46 57 85
46 58 77
46 59 52
46 60 93
46 61 21
46 62 82
46 63 63
46 64 62
46 65 93
46 66 85
46 67 8
46 68 48
46 69 45
46 70 38
46 71 10
46 72 36
46 73 72
46 74 45
46 75 89
46 76 36
46 77 4
46 78 68
46 79 50
46 80 42
46 81 51
46 82 78
46 83 18
46 84 85
46 85 76
46 86 92
46 87 69
46 88 64
46 89 87
46 90 37
46 91 93
46 92 48
46 93 77
46 94 54
46 95 42
47 48 43
47 49 15
47 50 65
47 51 14
47 52 51
47 53 30
47 54 86
47 55 50
47 56 74
47 57 95
47 58 51
47 59 64
47 60 26
47 61 16
47 62 8
47 63 27
47 64 49
47 65 80
47 66 28
47 67 31
47 68 78
47 69 69
47 70 45
47 71 64
47 72 32
47 73 1
47 74 59
47 75 70
47 76 16
47 77 28
47 78 38
47 79 14
47 80 58
47 81 75
47 82 37
47 83 59
47 84 41
47 85 51
47 86 84
47 87 62
47 88 94
47 89 43
47 90 37
47 91 41
47 92 73
47 93 90
47 94 50
47 95 42
48 49 23
48 50 34
48 51 70
48 52 14
48 53 60
48 54 21
48 55 68
48 56 69
48 57 34
48 58 34
48 59 21
48 60 65
48 61 15
48 62 9
48 63 19
48 64 2
48 65 19
48 66 34
48 67 16
48 68 68
48 69 73
48 70 86
48 71 52
48 72 44
48 73 48
48 74 60
48 75 33
48 76 92
48 77 66
48 78 68
48 79 2
48 80 10
48 81 95
48 82 84
48 83 74
48 84 62
48 85 88
48 86 37
48 87 28
48 88 91
48 89 68
48 90 60
48 91 12
48 92 4
48 93 42
48 94 39
48 95 31
49 50 63
49 51 44
49 52 15
49 53 27
49 54 31
49 55 90
49 56 38
49 57 61
49 58 86
49 59 64
49 60 65
49 61 18
49 62 85
49 63 7
49 64 23
49 65 27
49 66 77
49 67 90
49 68 23
49 69 61
49 70 56
49 71 64
49 72 66
49 73 20
49 74 78
49 75 71
49 76 14
49 77 22
49 78 75
49 79 39
49 80 80
49 81 27
49 82 8
49 83 7
49 84 19
49 85 1
49 86 94
49 87 59
49 88 94
49 89 94
49 90 18
49 91 54
49 92 38
49 93 34
49 94 86
49 95 86
50 51 79
50 52 63
50 53 27
50 54 22
50 55 61
50 56 7
50 57 11
50 58 56
50 59 69
50 60 97
50 61 6
50 62 78
50 63 66
50 64 56
50 65 42
50 66 78
50 67 31
50 68 91
50 69 48
50 70 65
50 71 72
50 72 83
50 73 18
50 74 26
50 75 77
50 76 89
50 77 37
50 78 89
50 79 24
50 80 5
50 81 34
50 82 49
50 83 89
50 84 5
50 85 50
50 86 96
50 87 75
50 88 34
50 89 3
50 90 18
50 91 4
50 92 9
50 93 29
50 94 15
50 95 59
51 52 26
51 53 73
51 54 27
51 55 24
51 56 2
51 57 42
51 58 29
51 59 68
51 60 3
51 61 60
51 62 80
51 63 62
51 64 37
51 65 40
51 66 89
51 67 50
51 68 53
51 69 55
51 70 77
51 71 34
51 72 98
51 73 31
51 74 16
51 75 77
51 76 99
51 77 78
51 78 41
51 79 62
51 80 29
51 81 72
51 82 33
51 83 83
51 84 69
51 85 13
51 86 94
51 87 98
51 88 91
51 89 60
51 90 36
51 91 67
51 92 23
51 93 84
51 94 68
51 95 64
52 53 40
52 54 54
52 55 95
52 56 19
52 57 28
52 58 21
52 59 65
52 60 97
52 61 72
52 62 44
52 63 49
52 64 79
52 65 45
52 66 53
52 67 64
52 68 68
52 69 48
52 70 61
52 71 29
52 72 42
52 73 95
52 74 67
52 75 86
52 76 20
52 77 38
52 78 88
52 79 63
52 80 39
52 81 77
52 82 45
52 83 29
52 84 15
52 85 51
52 86 36
52 87 37
52 88 39
52 89 76
52 90 38
52 91 40
52 92 39
52 93 22
52 94 42
52 95 29
53 54 49
53 55 39
53 56 34
53 57 33
53 58 58
53 59 92
53 60 54
53 61 62
53 62 27
53 63 86
53 64 75
53 65 58
53 66 19
53 67 34
53 68 93
53 69 36
53 70 1
53 71 33
53 72 29
53 73 92
53 74 77
53 75 17
53 76 55
53 77 69
53 78 47
53 79 9
53 80 20
53 81 55
53 82 62
53 83 53
53 84 45
53 85 25
53 86 85
53 87 20
53 88 82
53 89 95
53 90 8
53 91 11
53 92 25
53 93 36
53 94 11
53 95 50
54 55 47
54 56 53
54 57 53
54 58 47
54 59 31
54 60 44
54 61 65
54 62 61
54 63 68
54 64 55
54 65 27
54 66 87
54 67 4
54 68 47
54 69 27
54 70 93
54 71 36
54 72 26
54 73 58
54 74 84
54 75 61
54 76 92
54 77 79
54 78 46
54 79 41
54 80 11
54 81 37
54 82 12
54 83 36
54 84 61
54 85 25
54 86 30
54 87 71
54 88 19
54 89 70
54 90 59
54 91 60
54 92 64
54 93 35
54 94 67
54 95 94
55 56 57
55 57 99
55 58 20
55 59 27
55 60 98
55 61 21
55 62 92
55 63 60
55 64 43
55 65 52
55 66 57
55 67 62
55 68 10
55 69 85
55 70 13
55 71 24
55 72 35
55 73 72
55 74 60
55 75 19
55 76 10
55 77 97
55 78 71
55 79 79
55 80 98
55 81 30
55 82 97
55 83 22
55 84 45
55 85 25
55 86 49
55 87 14
55 88 50
55 89 21
55 90 85
55 91 18
55 92 7
55 93 16
55 94 51
55 95 66
56 57 14
56 58 70
56 59 83
56 60 14
56 61 70
56 62 44
56 63 3
56 64 11
56 65 53
56 66 32
56 67 37
56 68 11
56 69 95
56 70 97
56 71 96
56 72 90
56 73 17
56 74 89
56 75 41
56 76 48
56 77 49
56 78 18
56 79 32
56 80 60
56 81 78
56 82 86
56 83 36
56 84 85
56 85 67
56 86 41
56 87 97
56 88 92
56 89 26
56 90 23
56 91 72
56 92 20
56 93 21
56 94 72
56 95 28
57 58 89
57 59 35
57 60 4
57 61 18
57 62 86
57 63 23
57 64 37
57 65 51
57 66 68
57 67 39
57 68 14
57 69 35
57 70 32
57 71 84
57 72 13
57 73 61
57 74 26
57 75 88
57 76 76
57 77 35
57 78 26
57 79 58
57 80 7
57 81 20
57 82 47
57 83 54
57 84 15
57 85 80
57 86 83
57 87 85
57 88 41
57 89 33
57 90 74
57 91 14
57 92 40
57 93 80
57 94 95
57 95 68
58 59 83
58 60 33
58 61 62
58 62 67
58 63 27
58 64 25
58 65 19
58 66 51
58 67 23
58 68 10
58 69 10
58 70 6
58 71 50
58 72 9
58 73 23
58 74 60
58 75 22
58 76 30
58 77 1
58 78 2
58 79 10
58 80 6
58 81 67
58 82 42
58 83 87
58 84 22
58 85 59
58 86 94
58 87 98
58 88 86
58 89 10
58 90 25
58 91 96
58 92 19
58 93 25
58 94 19
58 95 91
59 60 56
59 61 81
59 62 63
59 63 98
59 64 97
59 65 60
59 66 39
59 67 41
59 68 62
59 69 55
59 70 49
59 71 78
59 72 34
59 73 57
59 74 38
59 75 39
59 76 89
59 77 10
59 78 48
59 79 66
59 80 42
59 81 86
59 82 22
59 83 22
59 84 51
59 85 15
59 86 4
59 87 44
59 88 89
59 89 98
59 90 3
59 91 50
59 92 74
59 93 36
59 94 24
59 95 61
60 61 26
60 62 98
60 63 68
60 64 55
60 65 53
60 66 2
60 67 97
60 68 16
60 69 25
60 70 84
60 71 55
60 72 79
60 73 6
60 74 56
60 75 23
60 76 45
60 77 70
60 78 92
60 79 23
60 80 48
60 81 24
60 82 77
60 83 67
60 84 98
60 85 90
60 86 15
60 87 68
60 88 21
60 89 68
60 90 57
60 91 93
60 92 74
60 93 66
60 94 74
60 95 37
61 62 2
61 63 73
61 64 5
61 65 4
61 66 98
61 67 44
61 68 11
61 69 52
61 70 93
61 71 68
61 72 43
61 73 95
61 74 20
61 75 43
61 76 25
61 77 71
61 78 31
61 79 31
61 80 85
61 81 77
61 82 93
61 83 3
61 84 32
61 85 22
61 86 89
61 87 94
61 88 20
61 89 41
61 90 45
61 91 27
61 92 52
61 93 71
61 94 83
61 95 12
62 63 4
62 64 62
62 65 18
62 66 86
62 67 33
62 68 39
62 69 85
62 70 3
62 71 44
62 72 33
62 73 61
62 74 55
62 75 37
62 76 14
62 77 78
62 78 72
62 79 56
62 80 52
62 81 95
62 82 39
62 83 41
62 84 89
62 85 39
62 86 51
62 87 28
62 88 37
62 89 62
62 90 22
62 91 29
62 92 97
62 93 10
62 94 2
62 95 8
63 64 76
63 65 10
63 66 75
63 67 40
63 68 81
63 69 4
63 70 58
63 71 24
63 72 78
63 73 38
63 74 15
63 75 36
63 76 7
63 77 43
63 78 38
63 79 32
63 80 86
63 81 93
63 82 10
63 83 86
63 84 89
63 85 11
63 86 4
63 87 69
63 88 43
63 89 83
63 90 16
63 91 5
63 92 95
63 93 97
63 94 41
63 95 98
64 65 10
64 66 7
64 67 33
64 68 23
64 69 81
64 70 53
64 71 14
64 72 94
64 73 47
64 74 25
64 75 99
64 76 66
64 77 21
64 78 62
64 79 63
64 80 39
64 81 15
64 82 16
64 83 44
64 84 82
64 85 44
64 86 9
64 87 78
64 88 90
64 89 34
64 90 97
64 91 4
64 92 18
64 93 7
64 94 37
64 95 17
65 66 57
65 67 61
65 68 42
65 69 36
65 70 53
65 71 87
65 72 93
65 73 29
65 74 92
65 75 54
65 76 78
65 77 70
65 78 27
65 79 15
65 80 31
65 81 62
65 82 12
65 83 76
65 84 71
65 85 64
65 86 34
65 87 75
65 88 57
65 89 97
65 90 22
65 91 28
65 92 86
65 93 94
65 94 56
65 95 10
66 67 78
66 68 40
66 69 24
66 70 35
66 71 19
66 72 74
66 73 51
66 74 29
66 75 24
66 76 96
66 77 14
66 78 28
66 79 64
66 80 85
66 81 46
66 82 53
66 83 24
66 84 72
66 85 38
66 86 26
66 87 76
66 88 4
66 89 62
66 90 81
66 91 11
66 92 2
66 93 79
66 94 48
66 95 7
67 68 6
67 69 92
67 70 60
67 71 86
67 72 88
67 73 60
67 74 56
67 75 68
67 76 67
67 77 60
67 78 95
67 79 86
67 80 15
67 81 46
67 82 92
67 83 31
67 84 59
67 85 14
67 86 52
67 87 70
67 88 33
67 89 21
67 90 65
67 91 72
67 92 88
67 93 2
67 94 22
67 95 21
68 69 7
68 70 74
68 71 96
68 72 29
68 73 61
68 74 93
68 75 8
68 76 3
68 77 15
68 78 75
68 79 84
68 80 26
68 81 32
68 82 39
68 83 97
68 84 44
68 85 19
68 86 98
68 87 80
68 88 28
68 89 69
68 90 32
68 91 72
68 92 23
68 93 64
68 94 20
68 95 4
69 70 72
69 71 57
69 72 57
69 73 96
69 74 17
69 75 81
69 76 19
69 77 33
69 78 84
69 79 4
69 80 25
69 81 86
69 82 53
69 83 68
69 84 42
69 85 34
69 86 85
69 87 87
69 88 86
69 89 15
69 90 46
69 91 38
69 92 1
69 93 32
69 94 76
69 95 98
70 71 79
70 72 92
70 73 48
70 74 25
70 75 64
70 76 98
70 77 55
70 78 12
70 79 54
70 80 71
70 81 73
70 82 99
70 83 32
70 84 62
70 85 92
70 86 60
70 87 64
70 88 60
70 89 58
70 90 51
70 91 61
70 92 55
70 93 56
70 94 15
70 95 56
71 72 19
71 73 10
71 74 94
71 75 41
71 76 68
71 77 7
71 78 52
71 79 54
71 80 26
71 81 93
71 82 34
71 83 49
71 84 63
71 85 54
71 86 48
71 87 35
71 88 88
71 89 27
71 90 96
71 91 68
71 92 64
71 93 1
71 94 33
71 95 81
72 73 44
72 74 17
72 75 77
72 76 59
72 77 63
72 78 30
72 79 92
72 80 8
72 81 55
72 82 43
72 83 30
72 84 14
72 85 2
72 86 25
72 87 19
72 88 15
72 89 60
72 90 59
72 91 45
72 92 42
72 93 89
72 94 58
72 95 49
73 74 12
73 75 39
73 76 24
73 77 28
73 78 99
73 79 86
73 80 2
73 81 46
73 82 76
73 83 90
73 84 85
73 85 4
73 86 36
73 87 28
73 88 98
73 89 35
73 90 88
73 91 79
73 92 78
73 93 58
73 94 18
73 95 72
74 75 93
74 76 69
74 77 11
74 78 33
74 79 88
74 80 43
74 81 11
74 82 61
74 83 72
74 84 97
74 85 98
74 86 84
74 87 43
74 88 15
74 89 45
74 90 22
74 91 72
74 92 84
74 93 19
74 94 79
74 95 68
75 76 47
75 77 28
75 78 99
75 79 97
75 80 25
75 81 65
75 82 70
75 83 83
75 84 47
75 85 7
75 86 86
75 87 7
75 88 79
75 89 80
75 90 2
75 91 51
75 92 93
75 93 82
75 94 89
75 95 17
76 77 81
76 78 4
76 79 43
76 80 16
76 81 88
76 82 80
76 83 4
76 84 29
76 85 37
76 86 43
76 87 73
76 88 81
76 89 23
76 90 8
76 91 94
76 92 96
76 93 77
76 94 33
76 95 82
77 78 39
77 79 34
77 80 29
77 81 6
77 82 63
77 83 5
77 84 43
77 85 52
77 86 77
77 87 30
77 88 28
77 89 17
77 90 81
77 91 33
77 92 64
77 93 59
77 94 67
77 95 94
78 79 98
78 80 44
78 81 77
78 82 80
78 83 21
78 84 38
78 85 34
78 86 6
78 87 77
78 88 12
78 89 21
78 90 47
78 91 2
78 92 41
78 93 70
78 94 14
78 95 94
79 80 17
79 81 40
79 82 44
79 83 61
79 84 70
79 85 53
79 86 34
79 87 44
79 88 63
79 89 8
79 90 90
79 91 98
79 92 64
79 93 8
79 94 52
79 95 31
80 81 10
80 82 23
80 83 25
80 84 81
80 85 32
80 86 16
80 87 30
80 88 74
80 89 77
80 90 41
80 91 98
80 92 3
80 93 51
80 94 68
80 95 93
81 82 8
81 83 96
81 84 64
81 85 54
81 86 47
81 87 37
81 88 74
81 89 15
81 90 72
81 91 16
81 92 31
81 93 41
81 94 89
81 95 70
82 83 34
82 84 81
82 85 3
82 86 22
82 87 89
82 88 7
82 89 27
82 90 72
82 91 19
82 92 15
82 93 28
82 94 98
82 95 88
83 84 28
83 85 66
83 86 8
83 87 23
83 88 49
83 89 67
83 90 50
83 91 96
83 92 2
83 93 79
83 94 45
83 95 56
84 85 94
84 86 57
84 87 42
84 88 34
84 89 57
84 90 3
84 91 37
84 92 54
84 93 9
84 94 14
84 95 86
85 86 39
85 87 18
85 88 26
85 89 10
85 90 88
85 91 52
85 92 32
85 93 31
85 94 30
85 95 31
86 87 28
86 88 32
86 89 86
86 90 22
86 91 7
86 92 14
86 93 39
86 94 34
86 95 88
87 88 65
87 89 87
87 90 78
87 91 79
87 92 42
87 93 53
87 94 9
87 95 56
88 89 49
88 90 42
88 91 19
88 92 70
88 93 66
88 94 70
88 95 97
89 90 46
89 91 64
89 92 36
89 93 81
89 94 3
89 95 3
90 91 42
90 92 68
90 93 84
90 94 51
90 95 2
91 92 93
91 93 7
91 94 93
91 95 39
92 93 81
92 94 91
92 95 53
93 94 59
93 95 38
94 95 21