96
0 1 61
0 2 66
0 3 94
0 4 98
0 5 38
0 6 18
0 7 13
0 8 85
0 9 65
0 10 13
0 11 43
0 12 86
0 13 29
0 14 29
0 15 98
0 16 14
0 17 27
0 18 44
0 19 36
0 20 9
0 21 16
0 22 19
0 23 86
0 24 34
0 25 17
0 26 34
0 27 80
0 28 52
0 29 33
0 30 59
0 31 20
0 32 21
0 33 22
0 34 89
0 35 26
0 36 32
0 37 46
0 38 19
0 39 14
0 40 25
0 41 67
0 42 42
0 43 57
0 44 76
0 45 53
0 46 69
0 47 23
0 48 91
0 49 31
0 50 76
0 51 24
0 52 10
0 53 22
0 54 95
0 55 2
0 56 12
0 57 84
0 58 35
0 59 70
0 60 70
0 61 39
0 62 80
0 63 95
0 64 88
0 65 50
0 66 53
0 67 63
0 68 34
0 69 86
0 70 87
0 71 90
0 72 14
0 73 92
0 74 56
0 75 36
0 76 3
0 77 20
0 78 36
0 79 29
0 80 85
0 81 44
0 82 17
0 83 82
0 84 99
0 85 5
0 86 42
0 87 25
0 88 63
0 89 45
0 90 63
0 91 36
0 92 8
0 93 46
0 94 69
0 95 33
1 2 24
1 3 34
1 4 85
1 5 55
1 6 31
1 7 69
1 8 57
1 9 34
1 10 5
1 11 65
1 12 93
1 13 59
1 14 88
1 15 35
1 16 99
1 17 21
1 18 21
1 19 63
1 20 83
1 21 93
1 22 70
1 23 40
1 24 89
1 25 39
1 26 31
1 27 19
1 28 52
1 29 10
1 30 50
1 31 25
1 32 33
1 33 72
1 34 19
1 35 5
1 36 18
1 37 54
1 38 51
1 39 21
1 40 95
1 41 36
1 42 36
1 43 36
1 44 79
1 45 57
1 46 27
1 47 53
1 48 4
1 49 40
1 50 87
1 51 92
1 52 40
1 53 71
1 54 90
1 55 22
1 56 49
1 57 42
1 58 12
1 59 51
1 60 19
1 61 79
1 62 56
1 63 95
1 64 17
1 65 59
1 66 28
1 67 20
1 68 25
1 69 64
1 70 66
1 71 38
1 72 52
1 73 70
1 74 63
1 75 80
1 76 24
1 77 99
1 78 98
1 79 90
1 80 80
1 81 22
1 82 92
1 83 92
1 84 75
1 85 81
1 86 36
1 87 55
1 88 15
1 89 84
1 90 78
1 91 37
1 92 59
1 93 53
1 94 80
1 95 11
2 3 23
2 4 10
2 5 2
2 6 67
2 7 7
2 8 8
2 9 60
2 10 71
2 11 12
2 12 91
2 13 11
2 14 67
2 15 56
2 16 42
2 17 15
2 18 87
2 19 98
2 20 98
2 21 96
2 22 71
2 23 39
2 24 49
2 25 57
2 26 33
2 27 32
2 28 90
2 29 99
2 30 14
2 31 51
2 32 60
2 33 63
2 34 14
2 35 43
2 36 53
2 37 53
2 38 46
2 39 71
2 40 93
2 41 30
2 42 99
2 43 98
2 44 92
2 45 14
2 46 21
2 47 19
2 48 35
2 49 75
2 50 33
2 51 14
2 52 15
2 53 39
2 54 6
2 55 54
2 56 98
2 57 49
2 58 35
2 59 90
2 60 5
2 61 30
2 62 6
2 63 47
2 64 21
2 65 14
2 66 65
2 67 77
2 68 83
2 69 91
2 70 84
2 71 39
2 72 23
2 73 59
2 74 41
2 75 12
2 76 34
2 77 14
2 78 41
2 79 61
2 80 15
2 81 46
2 82 35
2 83 6
2 84 30
2 85 25
2 86 48
2 87 98
2 88 20
2 89 34
2 90 49
2 91 6
2 92 63
2 93 31
2 94 89
2 95 78
3 4 55
3 5 47
3 6 69
3 7 72
3 8 12
3 9 33
3 10 54
3 11 26
3 12 47
3 13 43
3 14 34
3 15 37
3 16 80
3 17 38
3 18 96
3 19 3
3 20 85
3 21 82
3 22 63
3 23 16
3 24 93
3 25 20
3 26 73
3 27 49
3 28 93
3 29 22
3 30 89
3 31 34
3 32 95
3 33 75
3 34 46
3 35 83
3 36 11
3 37 6
3 38 66
3 39 33
3 40 29
3 41 15
3 42 36
3 43 97
3 44 53
3 45 42
3 46 23
3 47 98
3 48 5
3 49 15
3 50 72
3 51 17
3 52 85
3 53 74
3 54 6
3 55 45
3 56 75
3 57 13
3 58 81
3 59 34
3 60 85
3 61 66
3 62 13
3 63 50
3 64 80
3 65 19
3 66 83
3 67 96
3 68 64
3 69 48
3 70 49
3 71 56
3 72 76
3 73 27
3 74 13
3 75 41
3 76 69
3 77 34
3 78 34
3 79 15
3 80 12
3 81 29
3 82 13
3 83 83
3 84 69
3 85 56
3 86 20
3 87 96
3 88 14
3 89 92
3 90 3
3 91 47
3 92 56
3 93 76
3 94 10
3 95 92
4 5 93
4 6 61
4 7 3
4 8 65
4 9 16
4 10 14
4 11 5
4 12 40
4 13 98
4 14 24
4 15 23
4 16 44
4 17 27
4 18 85
4 19 81
4 20 44
4 21 47
4 22 78
4 23 1
4 24 90
4 25 84
4 26 8
4 27 58
4 28 39
4 29 15
4 30 46
4 31 61
4 32 98
4 33 70
4 34 92
4 35 66
4 36 79
4 37 73
4 38 48
4 39 92
4 40 14
4 41 48
4 42 69
4 43 8
4 44 64
4 45 28
4 46 81
4 47 44
4 48 65
4 49 6
4 50 54
4 51 58
4 52 10
4 53 16
4 54 39
4 55 52
4 56 45
4 57 73
4 58 8
4 59 68
4 60 77
4 61 58
4 62 87
4 63 78
4 64 90
4 65 16
4 66 44
4 67 35
4 68 92
4 69 5
4 70 93
4 71 36
4 72 80
4 73 40
4 74 72
4 75 47
4 76 5
4 77 4
4 78 33
4 79 93
4 80 7
4 81 9
4 82 38
4 83 80
4 84 93
4 85 89
4 86 74
4 87 91
4 88 35
4 89 33
4 90 57
4 91 89
4 92 83
4 93 2
4 94 49
4 95 56
5 6 94
5 7 24
5 8 10
5 9 15
5 10 66
5 11 82
5 12 99
5 13 14
5 14 64
5 15 23
5 16 90
5 17 39
5 18 4
5 19 22
5 20 93
5 21 76
5 22 64
5 23 25
5 24 8
5 25 50
5 26 79
5 27 86
5 28 22
5 29 96
5 30 85
5 31 48
5 32 7
5 33 67
5 34 54
5 35 15
5 36 72
5 37 75
5 38 89
5 39 86
5 40 19
5 41 85
5 42 98
5 43 71
5 44 48
5 45 91
5 46 7
5 47 84
5 48 50
5 49 49
5 50 82
5 51 33
5 52 37
5 53 82
5 54 80
5 55 61
5 56 8
5 57 70
5 58 71
5 59 4
5 60 9
5 61 29
5 62 20
5 63 86
5 64 80
5 65 76
5 66 54
5 67 38
5 68 46
5 69 31
5 70 14
5 71 96
5 72 52
5 73 45
5 74 65
5 75 93
5 76 19
5 77 57
5 78 39
5 79 10
5 80 59
5 81 20
5 82 45
5 83 30
5 84 52
5 85 89
5 86 49
5 87 18
5 88 42
5 89 49
5 90 84
5 91 74
5 92 1
5 93 87
5 94 12
5 95 11
6 7 71
6 8 83
6 9 13
6 10 84
6 11 52
6 12 93
6 13 31
6 14 8
6 15 12
6 16 95
6 17 74
6 18 26
6 19 48
6 20 82
6 21 57
6 22 41
6 23 78
6 24 97
6 25 18
6 26 71
6 27 75
6 28 33
6 29 12
6 30 2
6 31 71
6 32 87
6 33 49
6 34 57
6 35 76
6 36 56
6 37 18
6 38 77
6 39 48
6 40 90
6 41 80
6 42 52
6 43 86
6 44 73
6 45 66
6 46 6
6 47 14
6 48 80
6 49 7
6 50 66
6 51 37
6 52 34
6 53 53
6 54 77
6 55 7
6 56 61
6 57 72
6 58 82
6 59 58
6 60 29
6 61 65
6 62 94
6 63 68
6 64 48
6 65 88
6 66 88
6 67 3
6 68 98
6 69 18
6 70 47
6 71 21
6 72 69
6 73 54
6 74 98
6 75 17
6 76 37
6 77 44
6 78 74
6 79 48
6 80 55
6 81 27
6 82 83
6 83 3
6 84 47
6 85 30
6 86 35
6 87 33
6 88 58
6 89 94
6 90 87
6 91 13
6 92 79
6 93 12
6 94 95
6 95 13
7 8 5
7 9 73
7 10 66
7 11 31
7 12 79
7 13 52
7 14 26
7 15 13
7 16 33
7 17 74
7 18 46
7 19 2
7 20 74
7 21 63
7 22 2
7 23 16
7 24 3
7 25 48
7 26 14
7 27 51
7 28 7
7 29 92
7 30 42
7 31 71
7 32 94
7 33 45
7 34 20
7 35 57
7 36 99
7 37 20
7 38 89
7 39 90
7 40 81
7 41 78
7 42 81
7 43 49
7 44 81
7 45 76
7 46 52
7 47 1
7 48 1
7 49 94
7 50 93
7 51 73
7 52 94
7 53 17
7 54 55
7 55 47
7 56 68
7 57 74
7 58 53
7 59 72
7 60 54
7 61 56
7 62 92
7 63 48
7 64 77
7 65 11
7 66 18
7 67 27
7 68 85
7 69 42
7 70 64
7 71 36
7 72 69
7 73 90
7 74 78
7 75 22
7 76 54
7 77 26
7 78 61
7 79 72
7 80 52
7 81 55
7 82 18
7 83 21
7 84 86
7 85 58
7 86 87
7 87 96
7 88 26
7 89 84
7 90 20
7 91 35
7 92 70
7 93 12
7 94 87
7 95 14
8 9 38
8 10 36
8 11 35
8 12 61
8 13 76
8 14 9
8 15 59
8 16 51
8 17 61
8 18 21
8 19 21
8 20 19
8 21 10
8 22 89
8 23 49
8 24 74
8 25 24
8 26 77
8 27 32
8 28 68
8 29 32
8 30 14
8 31 53
8 32 73
8 33 96
8 34 28
8 35 17
8 36 87
8 37 96
8 38 94
8 39 48
8 40 28
8 41 42
8 42 74
8 43 13
8 44 25
8 45 97
8 46 70
8 47 72
8 48 47
8 49 91
8 50 79
8 51 90
8 52 9
8 53 27
8 54 49
8 55 77
8 56 29
8 57 53
8 58 24
8 59 15
8 60 3
8 61 73
8 62 41
8 63 21
8 64 4
8 65 23
8 66 87
8 67 64
8 68 60
8 69 25
8 70 94
8 71 47
8 72 84
8 73 70
8 74 46
8 75 80
8 76 80
8 77 25
8 78 97
8 79 36
8 80 59
8 81 35
8 82 23
8 83 35
8 84 62
8 85 49
8 86 38
8 87 48
8 88 49
8 89 62
8 90 87
8 91 96
8 92 39
8 93 33
8 94 39
8 95 30
9 10 59
9 11 83
9 12 14
9 13 80
9 14 25
9 15 14
9 16 48
9 17 48
9 18 64
9 19 71
9 20 59
9 21 6
9 22 59
9 23 91
9 24 99
9 25 32
9 26 42
9 27 50
9 28 59
9 29 90
9 30 88
9 31 18
9 32 27
9 33 53
9 34 1
9 35 80
9 36 18
9 37 74
9 38 55
9 39 22
9 40 96
9 41 57
9 42 3
9 43 70
9 44 49
9 45 70
9 46 21
9 47 50
9 48 21
9 49 50
9 50 80
9 51 85
9 52 4
9 53 52
9 54 57
9 55 22
9 56 36
9 57 78
9 58 27
9 59 17
9 60 30
9 61 48
9 62 41
9 63 80
9 64 6
9 65 60
9 66 94
9 67 61
9 68 56
9 69 56
9 70 12
9 71 56
9 72 1
9 73 7
9 74 10
9 75 36
9 76 18
9 77 79
9 78 67
9 79 42
9 80 99
9 81 42
9 82 32
9 83 27
9 84 89
9 85 60
9 86 69
9 87 17
9 88 73
9 89 29
9 90 67
9 91 2
9 92 66
9 93 45
9 94 66
9 95 76
10 11 78
10 12 70
10 13 70
10 14 25
10 15 28
10 16 3
10 17 4
10 18 50
10 19 22
10 20 32
10 21 63
10 22 13
10 23 60
10 24 85
10 25 28
10 26 45
10 27 79
10 28 97
10 29 37
10 30 72
10 31 75
10 32 91
10 33 61
10 34 93
10 35 24
10 36 38
10 37 61
10 38 59
10 39 1
10 40 42
10 41 67
10 42 84
10 43 16
10 44 73
10 45 12
10 46 44
10 47 27
10 48 7
10 49 33
10 50 59
10 51 60
10 52 74
10 53 54
10 54 94
10 55 90
10 56 40
10 57 50
10 58 63
10 59 53
10 60 70
10 61 3
10 62 17
10 63 23
10 64 84
10 65 49
10 66 83
10 67 26
10 68 74
10 69 86
10 70 27
10 71 68
10 72 93
10 73 8
10 74 46
10 75 82
10 76 10
10 77 58
10 78 16
10 79 17
10 80 97
10 81 53
10 82 97
10 83 74
10 84 8
10 85 2
10 86 77
10 87 10
10 88 41
10 89 98
10 90 3
10 91 82
10 92 91
10 93 19
10 94 76
10 95 13
11 12 56
11 13 46
11 14 90
11 15 94
11 16 10
11 17 55
11 18 11
11 19 57
11 20 6
11 21 49
11 22 94
11 23 83
11 24 82
11 25 84
11 26 91
11 27 47
11 28 73
11 29 24
11 30 80
11 31 52
11 32 63
11 33 79
11 34 94
11 35 16
11 36 52
11 37 78
11 38 22
11 39 8
11 40 12
11 41 97
11 42 64
11 43 50
11 44 38
11 45 54
11 46 72
11 47 10
11 48 62
11 49 30
11 50 61
11 51 81
11 52 4
11 53 71
11 54 86
11 55 31
11 56 97
11 57 82
11 58 41
11 59 71
11 60 93
11 61 5
11 62 57
11 63 58
11 64 87
11 65 48
11 66 91
11 67 91
11 68 41
11 69 26
11 70 71
11 71 21
11 72 77
11 73 12
11 74 9
11 75 50
11 76 94
11 77 60
11 78 85
11 79 45
11 80 2
11 81 45
11 82 96
11 83 33
11 84 54
11 85 48
11 86 34
11 87 48
11 88 23
11 89 14
11 90 79
11 91 80
11 92 54
11 93 98
11 94 34
11 95 9
12 13 63
12 14 57
12 15 61
12 16 47
12 17 52
12 18 53
12 19 93
12 20 89
12 21 65
12 22 50
12 23 85
12 24 83
12 25 17
12 26 69
12 27 89
12 28 56
12 29 58
12 30 28
12 31 83
12 32 41
12 33 42
12 34 40
12 35 57
12 36 21
12 37 77
12 38 2
12 39 81
12 40 62
12 41 25
12 42 31
12 43 73
12 44 54
12 45 75
12 46 40
12 47 64
12 48 40
12 49 58
12 50 66
12 51 39
12 52 60
12 53 95
12 54 12
12 55 83
12 56 13
12 57 87
12 58 91
12 59 77
12 60 79
12 61 70
12 62 50
12 63 79
12 64 10
12 65 17
12 66 52
12 67 9
12 68 44
12 69 45
12 70 2
12 71 3
12 72 83
12 73 33
12 74 87
12 75 31
12 76 28
12 77 21
12 78 38
12 79 47
12 80 76
12 81 88
12 82 81
12 83 84
12 84 98
12 85 2
12 86 48
12 87 47
12 88 30
12 89 92
12 90 3
12 91 66
12 92 13
12 93 52
12 94 34
12 95 52
13 14 24
13 15 2
13 16 79
13 17 89
13 18 31
13 19 33
13 20 23
13 21 33
13 22 8
13 23 19
13 24 42
13 25 64
13 26 17
13 27 32
13 28 91
13 29 23
13 30 26
13 31 54
13 32 49
13 33 22
13 34 97
13 35 89
13 36 90
13 37 45
13 38 69
13 39 57
13 40 73
13 41 77
13 42 31
13 43 38
13 44 95
13 45 76
13 46 92
13 47 17
13 48 21
13 49 59
13 50 46
13 51 15
13 52 47
13 53 23
13 54 69
13 55 68
13 56 4
13 57 25
13 58 35
13 59 45
13 60 97
13 61 3
13 62 41
13 63 74
13 64 27
13 65 33
13 66 31
13 67 96
13 68 3
13 69 86
13 70 22
13 71 95
13 72 28
13 73 48
13 74 79
13 75 3
13 76 61
13 77 61
13 78 29
13 79 57
13 80 84
13 81 48
13 82 14
13 83 81
13 84 35
13 85 90
13 86 22
13 87 71
13 88 3
13 89 16
13 90 40
13 91 47
13 92 99
13 93 70
13 94 30
13 95 17
14 15 27
14 16 44
14 17 24
14 18 14
14 19 44
14 20 87
14 21 58
14 22 33
14 23 38
14 24 31
14 25 48
14 26 17
14 27 92
14 28 94
14 29 53
14 30 54
14 31 41
14 32 53
14 33 68
14 34 64
14 35 65
14 36 45
14 37 73
14 38 18
14 39 59
14 40 49
14 41 23
14 42 5
14 43 63
14 44 41
14 45 94
14 46 47
14 47 77
14 48 18
14 49 6
14 50 80
14 51 46
14 52 94
14 53 56
14 54 94
14 55 10
14 56 18
14 57 41
14 58 30
14 59 29
14 60 87
14 61 73
14 62 62
14 63 41
14 64 16
14 65 3
14 66 11
14 67 22
14 68 9
14 69 59
14 70 64
14 71 92
14 72 24
14 73 41
14 74 96
14 75 1
14 76 11
14 77 16
14 78 50
14 79 66
14 80 69
14 81 84
14 82 5
14 83 70
14 84 15
14 85 24
14 86 28
14 87 63
14 88 96
14 89 28
14 90 93
14 91 75
14 92 64
14 93 38
14 94 52
14 95 88
15 16 98
15 17 25
15 18 80
15 19 42
15 20 92
15 21 59
15 22 5
15 23 89
15 24 90
15 25 4
15 26 55
15 27 18
15 28 5
15 29 59
15 30 38
15 31 98
15 32 46
15 33 12
15 34 81
15 35 52
15 36 13
15 37 6
15 38 64
15 39 92
15 40 59
15 41 25
15 42 99
15 43 59
15 44 69
15 45 91
15 46 98
15 47 82
15 48 39
15 49 65
15 50 91
15 51 37
15 52 49
15 53 56
15 54 7
15 55 17
15 56 86
15 57 73
15 58 2
15 59 30
15 60 22
15 61 3
15 62 61
15 63 56
15 64 10
15 65 41
15 66 94
15 67 73
15 68 65
15 69 45
15 70 75
15 71 55
15 72 37
15 73 51
15 74 75
15 75 81
15 76 41
15 77 50
15 78 8
15 79 35
15 80 70
15 81 8
15 82 34
15 83 23
15 84 34
15 85 94
15 86 15
15 87 71
15 88 52
15 89 80
15 90 60
15 91 2
15 92 50
15 93 1
15 94 83
15 95 56
16 17 56
16 18 8
16 19 11
16 20 60
16 21 81
16 22 97
16 23 38
16 24 77
16 25 77
16 26 64
16 27 59
16 28 29
16 29 10
16 30 77
16 31 80
16 32 7
16 33 12
16 34 97
16 35 25
16 36 4
16 37 84
16 38 37
16 39 77
16 40 11
16 41 77
16 42 90
16 43 81
16 44 65
16 45 89
16 46 63
16 47 41
16 48 8
16 49 13
16 50 54
16 51 74
16 52 29
16 53 78
16 54 60
16 55 18
16 56 65
16 57 39
16 58 13
16 59 53
16 60 95
16 61 53
16 62 95
16 63 26
16 64 81
16 65 42
16 66 63
16 67 45
16 68 96
16 69 83
16 70 66
16 71 55
16 72 21
16 73 10
16 74 3
16 75 9
16 76 94
16 77 22
16 78 91
16 79 23
16 80 24
16 81 53
16 82 65
16 83 97
16 84 84
16 85 1
16 86 44
16 87 29
16 88 96
16 89 24
16 90 70
16 91 66
16 92 91
16 93 72
16 94 11
16 95 95
17 18 9
17 19 55
17 20 82
17 21 99
17 22 79
17 23 36
17 24 35
17 25 86
17 26 60
17 27 18
17 28 44
17 29 26
17 30 62
17 31 85
17 32 81
17 33 73
17 34 20
17 35 83
17 36 57
17 37 18
17 38 73
17 39 94
17 40 29
17 41 31
17 42 19
17 43 17
17 44 27
17 45 77
17 46 8
17 47 29
17 48 37
17 49 51
17 50 98
17 51 19
17 52 99
17 53 6
17 54 53
17 55 63
17 56 45
17 57 8
17 58 98
17 59 68
17 60 83
17 61 46
17 62 81
17 63 82
17 64 74
17 65 91
17 66 7
17 67 38
17 68 14
17 69 12
17 70 29
17 71 82
17 72 60
17 73 79
17 74 98
17 75 52
17 76 32
17 77 36
17 78 37
17 79 17
17 80 45
17 81 68
17 82 24
17 83 62
17 84 57
17 85 23
17 86 41
17 87 88
17 88 36
17 89 27
17 90 36
17 91 29
17 92 66
17 93 51
17 94 68
17 95 14
18 19 39
18 20 59
18 21 22
18 22 74
18 23 58
18 24 92
18 25 33
18 26 46
18 27 90
18 28 99
18 29 18
18 30 73
18 31 39
18 32 23
18 33 1
18 34 73
18 35 61
18 36 11
18 37 47
18 38 75
18 39 38
18 40 73
18 41 56
18 42 35
18 43 20
18 44 21
18 45 44
18 46 81
18 47 87
18 48 87
18 49 57
18 50 57
18 51 50
18 52 84
18 53 1
18 54 71
18 55 77
18 56 97
18 57 92
18 58 68
18 59 57
18 60 90
18 61 14
18 62 61
18 63 31
18 64 75
18 65 50
18 66 72
18 67 84
18 68 12
18 69 46
18 70 61
18 71 28
18 72 6
18 73 76
18 74 85
18 75 39
18 76 85
18 77 77
18 78 68
18 79 4
18 80 2
18 81 85
18 82 7
18 83 47
18 84 23
18 85 80
18 86 6
18 87 60
18 88 1
18 89 25
18 90 86
18 91 10
18 92 96
18 93 34
18 94 39
18 95 1
19 20 51
19 21 35
19 22 38
19 23 33
19 24 20
19 25 55
19 26 50
19 27 63
19 28 25
19 29 13
19 30 87
19 31 11
19 32 27
19 33 9
19 34 28
19 35 14
19 36 36
19 37 31
19 38 53
19 39 54
19 40 50
19 41 53
19 42 47
19 43 63
19 44 1
19 45 23
19 46 28
19 47 73
19 48 92
19 49 78
19 50 48
19 51 89
19 52 86
19 53 77
19 54 92
19 55 72
19 56 8
19 57 52
19 58 43
19 59 53
19 60 61
19 61 39
19 62 10
19 63 55
19 64 58
19 65 23
19 66 27
19 67 63
19 68 72
19 69 8
19 70 29
19 71 85
19 72 50
19 73 72
19 74 76
19 75 32
19 76 67
19 77 94
19 78 7
19 79 7
19 80 88
19 81 51
19 82 58
19 83 51
19 84 39
19 85 95
19 86 26
19 87 91
19 88 12
19 89 8
19 90 27
19 91 34
19 92 44
19 93 73
19 94 51
19 95 50
20 21 71
20 22 9
20 23 90
20 24 98
20 25 33
20 26 23
20 27 66
20 28 77
20 29 56
20 30 44
20 31 44
20 32 1
20 33 79
20 34 75
20 35 92
20 36 69
20 37 32
20 38 88
20 39 60
20 40 6
20 41 37
20 42 86
20 43 68
20 44 85
20 45 76
20 46 17
20 47 16
20 48 88
20 49 60
20 50 27
20 51 51
20 52 72
20 53 55
20 54 99
20 55 62
20 56 18
20 57 3
20 58 88
20 59 84
20 60 13
20 61 10
20 62 26
20 63 90
20 64 69
20 65 30
20 66 79
20 67 4
20 68 42
20 69 12
20 70 49
20 71 30
20 72 52
20 73 1
20 74 83
20 75 96
20 76 31
20 77 4
20 78 98
20 79 94
20 80 10
20 81 6
20 82 4
20 83 77
20 84 25
20 85 72
20 86 58
20 87 24
20 88 47
20 89 16
20 90 80
20 91 55
20 92 77
20 93 98
20 94 79
20 95 40
21 22 40
21 23 75
21 24 31
21 25 74
21 26 40
21 27 21
21 28 89
21 29 26
21 30 69
21 31 61
21 32 76
21 33 40
21 34 74
21 35 83
21 36 39
21 37 1
21 38 4
21 39 31
21 40 81
21 41 59
21 42 25
21 43 8
21 44 39
21 45 7
21 46 45
21 47 54
21 48 81
21 49 47
21 50 44
21 51 95
21 52 6
21 53 86
21 54 11
21 55 69
21 56 8
21 57 90
21 58 12
21 59 28
21 60 87
21 61 5
21 62 8
21 63 11
21 64 3
21 65 76
21 66 66
21 67 46
21 68 41
21 69 94
21 70 25
21 71 75
21 72 23
21 73 53
21 74 11
21 75 58
21 76 96
21 77 27
21 78 27
21 79 53
21 80 68
21 81 24
21 82 1
21 83 87
21 84 81
21 85 92
21 86 16
21 87 68
21 88 83
21 89 24
21 90 70
21 91 92
21 92 15
21 93 75
21 94 17
21 95 36
22 23 76
22 24 60
22 25 71
22 26 35
22 27 7
22 28 56
22 29 3
22 30 71
22 31 50
22 32 42
22 33 91
22 34 97
22 35 48
22 36 72
22 37 15
22 38 43
22 39 90
22 40 15
22 41 49
22 42 77
22 43 15
22 44 76
22 45 34
22 46 27
22 47 35
22 48 29
22 49 74
22 50 57
22 51 9
22 52 87
22 53 78
22 54 12
22 55 27
22 56 49
22 57 66
22 58 87
22 59 22
22 60 26
22 61 25
22 62 68
22 63 72
22 64 35
22 65 89
22 66 87
22 67 17
22 68 48
22 69 78
22 70 37
22 71 57
22 72 21
22 73 82
22 74 34
22 75 82
22 76 95
22 77 87
22 78 10
22 79 82
22 80 55
22 81 83
22 82 24
22 83 97
22 84 11
22 85 17
22 86 83
22 87 94
22 88 43
22 89 85
22 90 22
22 91 47
22 92 96
22 93 72
22 94 61
22 95 50
23 24 5
23 25 98
23 26 28
23 27 18
23 28 71
23 29 27
23 30 37
23 31 94
23 32 27
23 33 19
23 34 50
23 35 62
23 36 26
23 37 25
23 38 8
23 39 40
23 40 74
23 41 94
23 42 79
23 43 58
23 44 47
23 45 51
23 46 99
23 47 90
23 48 1
23 49 96
23 50 89
23 51 7
23 52 19
23 53 80
23 54 2
23 55 54
23 56 86
23 57 59
23 58 27
23 59 43
23 60 65
23 61 5
23 62 77
23 63 35
23 64 33
23 65 87
23 66 42
23 67 26
23 68 60
23 69 24
23 70 73
23 71 9
23 72 42
23 73 51
23 74 6
23 75 42
23 76 59
23 77 86
23 78 72
23 79 42
23 80 25
23 81 6
23 82 45
23 83 47
23 84 7
23 85 53
23 86 65
23 87 30
23 88 69
23 89 79
23 90 25
23 91 61
23 92 34
23 93 9
23 94 17
23 95 14
24 25 66
24 26 76
24 27 15
24 28 99
24 29 13
24 30 36
24 31 1
24 32 5
24 33 94
24 34 77
24 35 33
24 36 60
24 37 53
24 38 51
24 39 40
24 40 44
24 41 6
24 42 1
24 43 20
24 44 85
24 45 49
24 46 88
24 47 30
24 48 86
24 49 84
24 50 97
24 51 16
24 52 66
24 53 72
24 54 38
24 55 87
24 56 96
24 57 5
24 58 43
24 59 58
24 60 19
24 61 24
24 62 97
24 63 7
24 64 73
24 65 42
24 66 14
24 67 56
24 68 12
24 69 2
24 70 89
24 71 67
24 72 99
24 73 59
24 74 41
24 75 56
24 76 79
24 77 4
24 78 45
24 79 53
24 80 8
24 81 31
24 82 25
24 83 43
24 84 64
24 85 20
24 86 82
24 87 75
24 88 44
24 89 19
24 90 68
24 91 61
24 92 96
24 93 14
24 94 54
24 95 49
25 26 29
25 27 10
25 28 95
25 29 53
25 30 29
25 31 89
25 32 10
25 33 76
25 34 33
25 35 41
25 36 20
25 37 81
25 38 84
25 39 19
25 40 67
25 41 6
25 42 75
25 43 58
25 44 87
25 45 87
25 46 44
25 47 4
25 48 4
25 49 79
25 50 24
25 51 42
25 52 70
25 53 34
25 54 67
25 55 32
25 56 64
25 57 78
25 58 92
25 59 59
25 60 59
25 61 97
25 62 2
25 63 77
25 64 87
25 65 45
25 66 29
25 67 31
25 68 40
25 69 87
25 70 11
25 71 30
25 72 48
25 73 33
25 74 32
25 75 2
25 76 39
25 77 67
25 78 27
25 79 82
25 80 53
25 81 90
25 82 91
25 83 51
25 84 29
25 85 99
25 86 88
25 87 30
25 88 88
25 89 77
25 90 11
25 91 93
25 92 88
25 93 7
25 94 60
25 95 54
26 27 43
26 28 34
26 29 7
26 30 89
26 31 21
26 32 52
26 33 72
26 34 92
26 35 76
26 36 75
26 37 77
26 38 64
26 39 56
26 40 72
26 41 80
26 42 94
26 43 38
26 44 16
26 45 27
26 46 54
26 47 96
26 48 19
26 49 34
26 50 4
26 51 81
26 52 71
26 53 32
26 54 75
26 55 95
26 56 61
26 57 3
26 58 60
26 59 59
26 60 34
26 61 1
26 62 93
26 63 80
26 64 56
26 65 59
26 66 80
26 67 31
26 68 79
26 69 62
26 70 39
26 71 73
26 72 36
26 73 51
26 74 96
26 75 50
26 76 66
26 77 98
26 78 13
26 79 75
26 80 13
26 81 19
26 82 98
26 83 38
26 84 23
26 85 79
26 86 78
26 87 74
26 88 11
26 89 62
26 90 94
26 91 49
26 92 16
26 93 40
26 94 74
26 95 24
27 28 97
27 29 38
27 30 8
27 31 75
27 32 41
27 33 30
27 34 33
27 35 73
27 36 9
27 37 90
27 38 54
27 39 39
27 40 22
27 41 92
27 42 23
27 43 2
27 44 76
27 45 72
27 46 83
27 47 38
27 48 23
27 49 55
27 50 60
27 51 23
27 52 22
27 53 2
27 54 97
27 55 70
27 56 53
27 57 15
27 58 17
27 59 41
27 60 58
27 61 91
27 62 46
27 63 61
27 64 20
27 65 41
27 66 19
27 67 85
27 68 98
27 69 70
27 70 83
27 71 7
27 72 42
27 73 79
27 74 73
27 75 57
27 76 2
27 77 14
27 78 8
27 79 32
27 80 81
27 81 12
27 82 23
27 83 41
27 84 21
27 85 3
27 86 35
27 87 3
27 88 60
27 89 82
27 90 85
27 91 93
27 92 42
27 93 75
27 94 45
27 95 85
28 29 59
28 30 10
28 31 71
28 32 91
28 33 17
28 34 2
28 35 72
28 36 1
28 37 26
28 38 95
28 39 64
28 40 19
28 41 35
28 42 14
28 43 35
28 44 52
28 45 94
28 46 73
28 47 25
28 48 93
28 49 82
28 50 71
28 51 71
28 52 48
28 53 88
28 54 94
28 55 80
28 56 12
28 57 37
28 58 95
28 59 62
28 60 62
28 61 83
28 62 38
28 63 90
28 64 15
28 65 82
28 66 71
28 67 68
28 68 19
28 69 10
28 70 71
28 71 72
28 72 68
28 73 98
28 74 40
28 75 39
28 76 93
28 77 46
28 78 42
28 79 98
28 80 58
28 81 22
28 82 77
28 83 7
28 84 65
28 85 43
28 86 18
28 87 99
28 88 41
28 89 83
28 90 57
28 91 12
28 92 49
28 93 17
28 94 39
28 95 10
29 30 87
29 31 51
29 32 66
29 33 45
29 34 29
29 35 99
29 36 78
29 37 79
29 38 2
29 39 92
29 40 76
29 41 41
29 42 93
29 43 69
29 44 56
29 45 71
29 46 62
29 47 1
29 48 41
29 49 77
29 50 75
29 51 68
29 52 84
29 53 39
29 54 9
29 55 59
29 56 13
29 57 37
29 58 24
29 59 50
29 60 2
29 61 24
29 62 24
29 63 35
29 64 25
29 65 74
29 66 70
29 67 63
29 68 30
29 69 45
29 70 18
29 71 54
29 72 51
29 73 89
29 74 60
29 75 6
29 76 28
29 77 67
29 78 55
29 79 7
29 80 67
29 81 43
29 82 2
29 83 61
29 84 84
29 85 36
29 86 29
29 87 72
29 88 29
29 89 98
29 90 92
29 91 48
29 92 17
29 93 49
29 94 73
29 95 58
30 31 84
30 32 18
30 33 57
30 34 25
30 35 50
30 36 43
30 37 10
30 38 26
30 39 50
30 40 59
30 41 12
30 42 16
30 43 3
30 44 74
30 45 60
30 46 99
30 47 21
30 48 65
30 49 35
30 50 48
30 51 60
30 52 70
30 53 83
30 54 69
30 55 6
30 56 82
30 57 44
30 58 36
30 59 86
30 60 30
30 61 50
30 62 17
30 63 72
30 64 38
30 65 39
30 66 49
30 67 10
30 68 93
30 69 41
30 70 38
30 71 96
30 72 14
30 73 74
30 74 38
30 75 47
30 76 24
30 77 32
30 78 57
30 79 74
30 80 8
30 81 18
30 82 10
30 83 60
30 84 35
30 85 23
30 86 90
30 87 32
30 88 43
30 89 27
30 90 40
30 91 66
30 92 4
30 93 38
30 94 16
30 95 47
31 32 6
31 33 70
31 34 66
31 35 14
31 36 1
31 37 37
31 38 64
31 39 25
31 40 41
31 41 37
31 42 99
31 43 16
31 44 72
31 45 50
31 46 87
31 47 64
31 48 51
31 49 59
31 50 33
31 51 41
31 52 39
31 53 94
31 54 37
31 55 61
31 56 68
31 57 39
31 58 69
31 59 25
31 60 90
31 61 44
31 62 89
31 63 80
31 64 60
31 65 56
31 66 80
31 67 92
31 68 36
31 69 66
31 70 77
31 71 61
31 72 41
31 73 15
31 74 4
31 75 50
31 76 97
31 77 44
31 78 10
31 79 52
31 80 33
31 81 50
31 82 53
31 83 67
31 84 76
31 85 96
31 86 91
31 87 54
31 88 42
31 89 22
31 90 25
31 91 41
31 92 73
31 93 17
31 94 18
31 95 10
32 33 8
32 34 33
32 35 80
32 36 19
32 37 24
32 38 69
32 39 45
32 40 14
32 41 9
32 42 18
32 43 95
32 44 41
32 45 37
32 46 84
32 47 62
32 48 72
32 49 50
32 50 98
32 51 10
32 52 16
32 53 5
32 54 12
32 55 9
32 56 20
32 57 44
32 58 83
32 59 56
32 60 77
32 61 5
32 62 19
32 63 90
32 64 10
32 65 71
32 66 82
32 67 92
32 68 5
32 69 16
32 70 33
32 71 32
32 72 58
32 73 37
32 74 67
32 75 25
32 76 73
32 77 72
32 78 28
32 79 17
32 80 93
32 81 55
32 82 55
32 83 83
32 84 30
32 85 60
32 86 1
32 87 55
32 88 84
32 89 95
32 90 3
32 91 2
32 92 84
32 93 87
32 94 76
32 95 28
33 34 30
33 35 83
33 36 44
33 37 31
33 38 37
33 39 94
33 40 10
33 41 58
33 42 10
33 43 78
33 44 35
33 45 69
33 46 79
33 47 53
33 48 55
33 49 53
33 50 3
33 51 92
33 52 20
33 53 50
33 54 38
33 55 4
33 56 97
33 57 73
33 58 4
33 59 5
33 60 93
33 61 9
33 62 28
33 63 92
33 64 51
33 65 38
33 66 72
33 67 72
33 68 46
33 69 75
33 70 84
33 71 80
33 72 19
33 73 84
33 74 37
33 75 8
33 76 54
33 77 91
33 78 99
33 79 39
33 80 3
33 81 37
33 82 89
33 83 23
33 84 74
33 85 7
33 86 47
33 87 86
33 88 98
33 89 17
33 90 22
33 91 72
33 92 14
33 93 64
33 94 1
33 95 14
34 35 53
34 36 7
34 37 39
34 38 76
34 39 83
34 40 18
34 41 49
34 42 35
34 43 95
34 44 18
34 45 12
34 46 30
34 47 36
34 48 66
34 49 25
34 50 79
34 51 39
34 52 43
34 53 84
34 54 59
34 55 39
34 56 46
34 57 30
34 58 44
34 59 80
34 60 9
34 61 80
34 62 24
34 63 14
34 64 78
34 65 78
34 66 55
34 67 49
34 68 8
34 69 75
34 70 81
34 71 64
34 72 30
34 73 67
34 74 81
34 75 91
34 76 96
34 77 9
34 78 91
34 79 67
34 80 19
34 81 31
34 82 2
34 83 11
34 84 94
34 85 13
34 86 9
34 87 99
34 88 19
34 89 2
34 90 27
34 91 88
34 92 97
34 93 34
34 94 75
34 95 2
35 36 40
35 37 40
35 38 96
35 39 41
35 40 77
35 41 17
35 42 86
35 43 57
35 44 11
35 45 33
35 46 90
35 47 85
35 48 32
35 49 3
35 50 87
35 51 73
35 52 5
35 53 94
35 54 81
35 55 1
35 56 2
35 57 57
35 58 66
35 59 92
35 60 15
35 61 43
35 62 16
35 63 57
35 64 38
35 65 74
35 66 66
35 67 9
35 68 8
35 69 99
35 70 15
35 71 85
35 72 36
35 73 74
35 74 78
35 75 49
35 76 20
35 77 73
35 78 4
35 79 25
35 80 72
35 81 93
35 82 40
35 83 72
35 84 2
35 85 38
35 86 82
35 87 71
35 88 20
35 89 18
35 90 86
35 91 15
35 92 93
35 93 94
35 94 30
35 95 22
36 37 77
36 38 86
36 39 16
36 40 83
36 41 73
36 42 44
36 43 52
36 44 78
36 45 11
36 46 15
36 47 89
36 48 41
36 49 11
36 50 99
36 51 52
36 52 79
36 53 41
36 54 15
36 55 78
36 56 99
36 57 33
36 58 44
36 59 46
36 60 4
36 61 93
36 62 78
36 63 59
36 64 81
36 65 43
36 66 20
36 67 97
36 68 69
36 69 69
36 70 31
36 71 63
36 72 95
36 73 49
36 74 88
36 75 5
36 76 52
36 77 56
36 78 89
36 79 50
36 80 4
36 81 29
36 82 84
36 83 46
36 84 15
36 85 66
36 86 22
36 87 64
36 88 92
36 89 45
36 90 97
36 91 66
36 92 8
36 93 19
36 94 49
36 95 99
37 38 87
37 39 8
37 40 73
37 41 41
37 42 93
37 43 26
37 44 87
37 45 76
37 46 32
37 47 30
37 48 90
37 49 26
37 50 32
37 51 65
37 52 7
37 53 96
37 54 50
37 55 81
37 56 71
37 57 36
37 58 45
37 59 16
37 60 49
37 61 55
37 62 34
37 63 32
37 64 25
37 65 1
37 66 37
37 67 45
37 68 96
37 69 66
37 70 52
37 71 31
37 72 1
37 73 93
37 74 71
37 75 42
37 76 91
37 77 23
37 78 10
37 79 70
37 80 29
37 81 29
37 82 89
37 83 16
37 84 2
37 85 45
37 86 52
37 87 73
37 88 43
37 89 17
37 90 8
37 91 99
37 92 26
37 93 20
37 94 34
37 95 51
38 39 39
38 40 64
38 41 73
38 42 43
38 43 51
38 44 7
38 45 20
38 46 35
38 47 50
38 48 30
38 49 92
38 50 25
38 51 90
38 52 73
38 53 81
38 54 21
38 55 20
38 56 85
38 57 45
38 58 92
38 59 4
38 60 70
38 61 73
38 62 81
38 63 7
38 64 36
38 65 34
38 66 37
38 67 46
38 68 62
38 69 61
38 70 14
38 71 79
38 72 8
38 73 55
38 74 38
38 75 95
38 76 71
38 77 24
38 78 29
38 79 83
38 80 31
38 81 61
38 82 43
38 83 92
38 84 22
38 85 64
38 86 52
38 87 5
38 88 56
38 89 93
38 90 83
38 91 17
38 92 43
38 93 67
38 94 11
38 95 48
39 40 73
39 41 2
39 42 16
39 43 72
39 44 52
39 45 78
39 46 21
39 47 22
39 48 82
39 49 69
39 50 3
39 51 61
39 52 73
39 53 85
39 54 24
39 55 9
39 56 35
39 57 14
39 58 99
39 59 47
39 60 26
39 61 61
39 62 41
39 63 65
39 64 78
39 65 79
39 66 46
39 67 28
39 68 94
39 69 97
39 70 44
39 71 90
39 72 27
39 73 16
39 74 13
39 75 82
39 76 10
39 77 77
39 78 55
39 79 45
39 80 70
39 81 18
39 82 33
39 83 12
39 84 23
39 85 73
39 86 87
39 87 94
39 88 43
39 89 28
39 90 79
39 91 57
39 92 13
39 93 82
39 94 3
39 95 87
40 41 94
40 42 30
40 43 95
40 44 15
40 45 69
40 46 50
40 47 99
40 48 85
40 49 24
40 50 78
40 51 17
40 52 14
40 53 26
40 54 27
40 55 89
40 56 98
40 57 35
40 58 70
40 59 49
40 60 7
40 61 96
40 62 37
40 63 13
40 64 6
40 65 4
40 66 2
40 67 98
40 68 4
40 69 64
40 70 18
40 71 70
40 72 68
40 73 70
40 74 46
40 75 48
40 76 64
40 77 61
40 78 19
40 79 72
40 80 91
40 81 71
40 82 43
40 83 82
40 84 39
40 85 18
40 86 31
40 87 50
40 88 85
40 89 46
40 90 90
40 91 63
40 92 63
40 93 3
40 94 60
40 95 11
41 42 54
41 43 46
41 44 78
41 45 12
41 46 1
41 47 26
41 48 94
41 49 18
41 50 76
41 51 38
41 52 32
41 53 76
41 54 40
41 55 45
41 56 20
41 57 51
41 58 62
41 59 9
41 60 51
41 61 82
41 62 95
41 63 32
41 64 54
41 65 17
41 66 67
41 67 11
41 68 63
41 69 25
41 70 79
41 71 19
41 72 92
41 73 55
41 74 19
41 75 50
41 76 10
41 77 38
41 78 18
41 79 54
41 80 71
41 81 15
41 82 41
41 83 84
41 84 84
41 85 42
41 86 87
41 87 10
41 88 23
41 89 45
41 90 82
41 91 2
41 92 49
41 93 40
41 94 49
41 95 23
42 43 90
42 44 57
42 45 41
42 46 94
42 47 4
42 48 28
42 49 86
42 50 39
42 51 93
42 52 94
42 53 32
42 54 93
42 55 14
42 56 29
42 57 85
42 58 69
42 59 50
42 60 16
42 61 69
42 62 46
42 63 34
42 64 57
42 65 20
42 66 38
42 67 90
42 68 49
42 69 80
42 70 43
42 71 4
42 72 92
42 73 16
42 74 3
42 75 33
42 76 49
42 77 80
42 78 17
42 79 76
42 80 94
42 81 24
42 82 84
42 83 35
42 84 68
42 85 49
42 86 98
42 87 3
42 88 3
42 89 94
42 90 85
42 91 54
42 92 8
42 93 14
42 94 54
42 95 70
43 44 65
43 45 74
43 46 54
43 47 14
43 48 25
43 49 14
43 50 27
43 51 32
43 52 31
43 53 13
43 54 4
43 55 71
43 56 24
43 57 61
43 58 24
43 59 72
43 60 66
43 61 30
43 62 78
43 63 65
43 64 83
43 65 92
43 66 93
43 67 4
43 68 93
43 69 74
43 70 95
43 71 8
43 72 12
43 73 93
43 74 52
43 75 70
43 76 42
43 77 30
43 78 40
43 79 20
43 80 96
43 81 41
43 82 28
43 83 41
43 84 88
43 85 93
43 86 28
43 87 99
43 88 67
43 89 26
43 90 14
43 91 14
43 92 66
43 93 50
43 94 16
43 95 95
44 45 74
44 46 49
44 47 68
44 48 23
44 49 64
44 50 35
44 51 11
44 52 58
44 53 44
44 54 52
44 55 30
44 56 92
44 57 45
44 58 28
44 59 36
44 60 37
44 61 3
44 62 9
44 63 74
44 64 6
44 65 9
44 66 93
44 67 19
44 68 61
44 69 27
44 70 93
44 71 47
44 72 71
44 73 43
44 74 33
44 75 86
44 76 92
44 77 79
44 78 8
44 79 78
44 80 48
44 81 33
44 82 84
44 83 17
44 84 62
44 85 53
44 86 16
44 87 30
44 88 23
44 89 92
44 90 13
44 91 37
44 92 30
44 93 32
44 94 93
44 95 15
45 46 8
45 47 59
45 48 39
45 49 78
45 50 49
45 51 46
45 52 82
45 53 10
45 54 45
45 55 30
45 56 25
45 57 3
45 58 40
45 59 13
45 60 32
45 61 64
45 62 49
45 63 26
45 64 3
45 65 54
45 66 25
45 67 52
45 68 67
45 69 86
45 70 70
45 71 50
45 72 22
45 73 7
45 74 12
45 75 89
45 76 24
45 77 95
45 78 12
45 79 53
45 80 79
45 81 29
45 82 52
45 83 99
45 84 37
45 85 61
45 86 52
45 87 57
45 88 39
45 89 98
45 90 74
45 91 13
45 92 80
45 93 89
45 94 57
45 95 52
46 47 95
46 48 22
46 49 20
46 50 7
46 51 29
46 52 32
46 53 92
46 54 67
46 55 86
46 56 97
46 57 57
46 58 4
46 59 80
46 60 46
46 61 78
46 62 96
46 63 89
46 64 33
46 65 17
46 66 19
46 67 65
46 68 48
46 69 57
46 70 75
46 71 36
46 72 5
46 73 34
46 74 18
46 75 33
46 76 88
46 77 4
46 78 62
46 79 54
46 80 26
46 81 56
46 82 50
46 83 47
46 84 63
46 85 13
46 86 58
46 87 99
46 88 66
46 89 66
46 90 86
46 91 53
46 92 76
46 93 8
46 94 83
46 95 96
47 48 57
47 49 34
47 50 67
47 51 93
47 52 80
47 53 96
47 54 95
47 55 24
47 56 57
47 57 4
47 58 46
47 59 10
47 60 19
47 61 86
47 62 56
47 63 52
47 64 21
47 65 37
47 66 78
47 67 22
47 68 75
47 69 85
47 70 4
47 71 84
47 72 21
47 73 31
47 74 22
47 75 78
47 76 8
47 77 28
47 78 98
47 79 30
47 80 94
47 81 65
47 82 53
47 83 87
47 84 94
47 85 45
47 86 89
47 87 26
47 88 40
47 89 7
47 90 28
47 91 1
47 92 96
47 93 46
47 94 66
47 95 79
48 49 54
48 50 61
48 51 20
48 52 23
48 53 22
48 54 35
48 55 40
48 56 23
48 57 34
48 58 19
48 59 99
48 60 21
48 61 31
48 62 4
48 63 73
48 64 26
48 65 65
48 66 13
48 67 92
48 68 93
48 69 39
48 70 48
48 71 66
48 72 3
48 73 35
48 74 62
48 75 88
48 76 29
48 77 10
48 78 27
48 79 59
48 80 11
48 81 74
48 82 27
48 83 41
48 84 74
48 85 20
48 86 16
48 87 98
48 88 3
48 89 82
48 90 24
48 91 37
48 92 1
48 93 61
48 94 75
48 95 40
49 50 67
49 51 74
49 52 15
49 53 27
49 54 60
49 55 45
49 56 14
49 57 29
49 58 14
49 59 4
49 60 64
49 61 18
49 62 21
49 63 37
49 64 49
49 65 8
49 66 72
49 67 4
49 68 93
49 69 83
49 70 60
49 71 74
49 72 22
49 73 33
49 74 2
49 75 16
49 76 39
49 77 46
49 78 51
49 79 17
49 80 9
49 81 5
49 82 99
49 83 97
49 84 7
49 85 49
49 86 29
49 87 32
49 88 86
49 89 8
49 90 94
49 91 41
49 92 15
49 93 26
49 94 4
49 95 91
50 51 88
50 52 78
50 53 34
50 54 43
50 55 50
50 56 35
50 57 5
50 58 67
50 59 15
50 60 74
50 61 37
50 62 35
50 63 23
50 64 93
50 65 48
50 66 24
50 67 37
50 68 63
50 69 39
50 70 65
50 71 17
50 72 87
50 73 6
50 74 63
50 75 77
50 76 69
50 77 28
50 78 24
50 79 68
50 80 73
50 81 70
50 82 19
50 83 2
50 84 56
50 85 57
50 86 44
50 87 11
50 88 80
50 89 89
50 90 41
50 91 54
50 92 37
50 93 75
50 94 16
50 95 99
51 52 32
51 53 58
51 54 10
51 55 10
51 56 98
51 57 61
51 58 29
51 59 47
51 60 60
51 61 42
51 62 13
51 63 96
51 64 55
51 65 29
51 66 19
51 67 99
51 68 82
51 69 40
51 70 42
51 71 42
51 72 61
51 73 21
51 74 51
51 75 73
51 76 39
51 77 60
51 78 54
51 79 63
51 80 74
51 81 41
51 82 49
51 83 82
51 84 54
51 85 12
51 86 29
51 87 96
51 88 99
51 89 27
51 90 47
51 91 12
51 92 29
51 93 84
51 94 25
51 95 23
52 53 57
52 54 60
52 55 71
52 56 16
52 57 92
52 58 78
52 59 98
52 60 93
52 61 91
52 62 10
52 63 77
52 64 32
52 65 67
52 66 45
52 67 21
52 68 39
52 69 21
52 70 61
52 71 19
52 72 51
52 73 29
52 74 64
52 75 65
52 76 7
52 77 53
52 78 69
52 79 13
52 80 35
52 81 5
52 82 7
52 83 77
52 84 93
52 85 63
52 86 72
52 87 8
52 88 47
52 89 64
52 90 64
52 91 97
52 92 66
52 93 66
52 94 96
52 95 48
53 54 34
53 55 97
53 56 14
53 57 21
53 58 10
53 59 52
53 60 62
53 61 48
53 62 10
53 63 66
53 64 32
53 65 50
53 66 61
53 67 82
53 68 57
53 69 12
53 70 25
53 71 2
53 72 58
53 73 7
53 74 67
53 75 20
53 76 40
53 77 11
53 78 25
53 79 20
53 80 33
53 81 38
53 82 39
53 83 2
53 84 48
53 85 87
53 86 29
53 87 17
53 88 15
53 89 24
53 90 73
53 91 74
53 92 2
53 93 99
53 94 98
53 95 48
54 55 74
54 56 80
54 57 93
54 58 95
54 59 51
54 60 29
54 61 80
54 62 17
54 63 93
54 64 92
54 65 60
54 66 90
54 67 38
54 68 40
54 69 17
54 70 23
54 71 4
54 72 98
54 73 91
54 74 47
54 75 29
54 76 40
54 77 64
54 78 80
54 79 82
54 80 39
54 81 96
54 82 73
54 83 28
54 84 38
54 85 59
54 86 70
54 87 20
54 88 79
54 89 39
54 90 69
54 91 19
54 92 41
54 93 10
54 94 6
54 95 90
55 56 98
55 57 96
55 58 36
55 59 93
55 60 49
55 61 28
55 62 83
55 63 11
55 64 3
55 65 25
55 66 73
55 67 39
55 68 84
55 69 78
55 70 52
55 71 35
55 72 33
55 73 13
55 74 27
55 75 61
55 76 83
55 77 78
55 78 9
55 79 9
55 80 47
55 81 69
55 82 59
55 83 47
55 84 1
55 85 69
55 86 25
55 87 51
55 88 12
55 89 4
55 90 96
55 91 3
55 92 62
55 93 35
55 94 71
55 95 22
56 57 10
56 58 75
56 59 16
56 60 7
56 61 72
56 62 87
56 63 29
56 64 17
56 65 16
56 66 1
56 67 29
56 68 31
56 69 32
56 70 18
56 71 82
56 72 29
56 73 41
56 74 30
56 75 57
56 76 61
56 77 77
56 78 26
56 79 92
56 80 37
56 81 73
56 82 65
56 83 23
56 84 52
56 85 35
56 86 60
56 87 31
56 88 74
56 89 58
56 90 4
56 91 70
56 92 32
56 93 91
56 94 17
56 95 11
57 58 89
57 59 54
57 60 82
57 61 37
57 62 86
57 63 38
57 64 67
57 65 33
57 66 2
57 67 75
57 68 82
57 69 96
57 70 90
57 71 54
57 72 83
57 73 76
57 74 2
57 75 14
57 76 3
57 77 77
57 78 9
57 79 56
57 80 11
57 81 70
57 82 17
57 83 5
57 84 34
57 85 82
57 86 62
57 87 53
57 88 35
57 89 98
57 90 49
57 91 89
57 92 58
57 93 44
57 94 62
57 95 76
58 59 22
58 60 90
58 61 44
58 62 69
58 63 14
58 64 55
58 65 22
58 66 1
58 67 46
58 68 99
58 69 5
58 70 12
58 71 44
58 72 63
58 73 15
58 74 12
58 75 36
58 76 85
58 77 99
58 78 30
58 79 49
58 80 98
58 81 27
58 82 99
58 83 1
58 84 76
58 85 44
58 86 94
58 87 79
58 88 29
58 89 81
58 90 56
58 91 76
58 92 47
58 93 42
58 94 19
58 95 38
59 60 87
59 61 67
59 62 20
59 63 14
59 64 52
59 65 42
59 66 2
59 67 85
59 68 81
59 69 48
59 70 85
59 71 4
59 72 95
59 73 61
59 74 30
59 75 1
59 76 95
59 77 35
59 78 97
59 79 57
59 80 7
59 81 39
59 82 64
59 83 23
59 84 2
59 85 9
59 86 49
59 87 98
59 88 54
59 89 83
59 90 84
59 91 98
59 92 5
59 93 62
59 94 84
59 95 16
60 61 79
60 62 92
60 63 59
60 64 64
60 65 42
60 66 30
60 67 66
60 68 91
60 69 32
60 70 88
60 71 22
60 72 90
60 73 34
60 74 90
60 75 24
60 76 12
60 77 80
60 78 97
60 79 69
60 80 61
60 81 10
60 82 3
60 83 97
60 84 83
60 85 65
60 86 30
60 87 33
60 88 83
60 89 51
60 90 56
60 91 48
60 92 74
60 93 32
60 94 54
60 95 18
61 62 19
61 63 67
61 64 71
61 65 89
61 66 31
61 67 32
61 68 69
61 69 31
61 70 96
61 71 80
61 72 40
61 73 72
61 74 61
61 75 82
61 76 49
61 77 60
61 78 23
61 79 42
61 80 31
61 81 66
61 82 45
61 83 42
61 84 42
61 85 22
61 86 75
61 87 61
61 88 42
61 89 85
61 90 39
61 91 88
61 92 13
61 93 3
61 94 46
61 95 17
62 63 24
62 64 28
62 65 98
62 66 38
62 67 77
62 68 21
62 69 62
62 70 65
62 71 20
62 72 11
62 73 97
62 74 12
62 75 28
62 76 50
62 77 54
62 78 93
62 79 42
62 80 76
62 81 50
62 82 96
62 83 1
62 84 45
62 85 69
62 86 79
62 87 54
62 88 55
62 89 18
62 90 67
62 91 32
62 92 82
62 93 10
62 94 58
62 95 2
63 64 75
63 65 81
63 66 29
63 67 99
63 68 85
63 69 88
63 70 61
63 71 11
63 72 57
63 73 44
63 74 66
63 75 51
63 76 27
63 77 42
63 78 41
63 79 79
63 80 86
63 81 85
63 82 95
63 83 64
63 84 74
63 85 18
63 86 12
63 87 41
63 88 57
63 89 79
63 90 97
63 91 95
63 92 95
63 93 98
63 94 8
63 95 27
64 65 8
64 66 71
64 67 87
64 68 63
64 69 17
64 70 88
64 71 28
64 72 24
64 73 46
64 74 32
64 75 99
64 76 5
64 77 18
64 78 39
64 79 39
64 80 17
64 81 88
64 82 36
64 83 81
64 84 71
64 85 57
64 86 32
64 87 77
64 88 6
64 89 29
64 90 31
64 91 80
64 92 86
64 93 41
64 94 89
64 95 73
65 66 21
65 67 72
65 68 23
65 69 53
65 70 40
65 71 69
65 72 29
65 73 36
65 74 35
65 75 20
65 76 53
65 77 91
65 78 40
65 79 84
65 80 75
65 81 7
65 82 38
65 83 41
65 84 7
65 85 17
65 86 57
65 87 57
65 88 9
65 89 26
65 90 1
65 91 65
65 92 51
65 93 11
65 94 78
65 95 58
66 67 1
66 68 42
66 69 41
66 70 32
66 71 4
66 72 53
66 73 51
66 74 23
66 75 10
66 76 40
66 77 80
66 78 41
66 79 41
66 80 50
66 81 31
66 82 37
66 83 51
66 84 49
66 85 11
66 86 78
66 87 27
66 88 12
66 89 74
66 90 27
66 91 36
66 92 12
66 93 26
66 94 99
66 95 9
67 68 69
67 69 8
67 70 1
67 71 1
67 72 31
67 73 23
67 74 41
67 75 96
67 76 16
67 77 37
67 78 14
67 79 55
67 80 10
67 81 8
67 82 19
67 83 15
67 84 41
67 85 20
67 86 64
67 87 81
67 88 5
67 89 64
67 90 92
67 91 66
67 92 35
67 93 88
67 94 74
67 95 99
68 69 53
68 70 83
68 71 42
68 72 12
68 73 26
68 74 43
68 75 40
68 76 34
68 77 5
68 78 79
68 79 71
68 80 81
68 81 38
68 82 99
68 83 13
68 84 26
68 85 88
68 86 38
68 87 97
68 88 39
68 89 10
68 90 5
68 91 56
68 92 51
68 93 69
68 94 55
68 95 80
69 70 61
69 71 59
69 72 18
69 73 85
69 74 3
69 75 96
69 76 14
69 77 61
69 78 85
69 79 80
69 80 60
69 81 16
69 82 69
69 83 49
69 84 66
69 85 2
69 86 4
69 87 68
69 88 29
69 89 83
69 90 2
69 91 91
69 92 79
69 93 67
69 94 10
69 95 64
70 71 44
70 72 43
70 73 71
70 74 36
70 75 60
70 76 39
70 77 98
70 78 45
70 79 2
70 80 68
70 81 42
70 82 19
70 83 49
70 84 77
70 85 15
70 86 35
70 87 59
70 88 38
70 89 29
70 90 5
70 91 75
70 92 35
70 93 26
70 94 24
70 95 1
71 72 50
71 73 53
71 74 10
71 75 56
71 76 91
71 77 35
71 78 19
71 79 37
71 80 70
71 81 49
71 82 6
71 83 98
71 84 40
71 85 19
71 86 13
71 87 9
71 88 24
71 89 79
71 90 83
71 91 11
71 92 43
71 93 25
71 94 67
71 95 2
72 73 42
72 74 8
72 75 47
72 76 85
72 77 74
72 78 65
72 79 28
72 80 40
72 81 39
72 82 8
72 83 67
72 84 5
72 85 92
72 86 8
72 87 98
72 88 19
72 89 82
72 90 38
72 91 87
72 92 43
72 93 46
72 94 52
72 95 19
73 74 61
73 75 20
73 76 96
73 77 57
73 78 61
73 79 58
73 80 83
73 81 64
73 82 70
73 83 51
73 84 20
73 85 14
73 86 63
73 87 45
73 88 86
73 89 47
73 90 62
73 91 65
73 92 5
73 93 16
73 94 11
73 95 75
74 75 8
74 76 36
74 77 89
74 78 47
74 79 54
74 80 40
74 81 74
74 82 92
74 83 78
74 84 39
74 85 13
74 86 1
74 87 62
74 88 81
74 89 75
74 90 70
74 91 61
74 92 38
74 93 54
74 94 90
74 95 88
75 76 28
75 77 93
75 78 51
75 79 51
75 80 49
75 81 88
75 82 16
75 83 34
75 84 36
75 85 82
75 86 29
75 87 43
75 88 50
75 89 39
75 90 58
75 91 89
75 92 33
75 93 93
75 94 17
75 95 31
76 77 74
76 78 76
76 79 75
76 80 62
76 81 69
76 82 46
76 83 62
76 84 81
76 85 45
76 86 48
76 87 97
76 88 78
76 89 18
76 90 66
76 91 30
76 92 37
76 93 96
76 94 2
76 95 90
77 78 49
77 79 30
77 80 84
77 81 20
77 82 18
77 83 4
77 84 33
77 85 51
77 86 50
77 87 23
77 88 55
77 89 37
77 90 58
77 91 90
77 92 13
77 93 88
77 94 9
77 95 39
78 79 40
78 80 9
78 81 50
78 82 50
78 83 15
78 84 16
78 85 85
78 86 85
78 87 32
78 88 35
78 89 44
78 90 57
78 91 54
78 92 90
78 93 60
78 94 9
78 95 29
79 80 6
79 81 48
79 82 77
79 83 41
79 84 25
79 85 84
79 86 31
79 87 63
79 88 74
79 89 1
79 90 18
79 91 87
79 92 45
79 93 76
79 94 40
79 95 44
80 81 16
80 82 38
80 83 95
80 84 16
80 85 60
80 86 30
80 87 18
80 88 44
80 89 86
80 90 92
80 91 71
80 92 8
80 93 73
80 94 87
80 95 37
81 82 78
81 83 60
81 84 5
81 85 40
81 86 78
81 87 41
81 88 51
81 89 30
81 90 49
81 91 68
81 92 57
81 93 42
81 94 75
81 95 98
82 83 77
82 84 13
82 85 85
82 86 69
82 87 25
82 88 61
82 89 90
82 90 41
82 91 89
82 92 8
82 93 49
82 94 49
82 95 37
83 84 62
83 85 28
83 86 56
83 87 57
83 88 12
83 89 36
83 90 15
83 91 14
83 92 51
83 93 31
83 94 98
83 95 9
84 85 98
84 86 32
84 87 71
84 88 44
84 89 8
84 90 21
84 91 15
84 92 40
84 93 50
84 94 56
84 95 29
85 86 69
85 87 26
85 88 83
85 89 61
85 90 97
85 91 59
85 92 20
85 93 53
85 94 76
85 95 39
86 87 32
86 88 57
86 89 17
86 90 33
86 91 66
86 92 65
86 93 4
86 94 1
86 95 45
87 88 11
87 89 10
87 90 59
87 91 41
87 92 98
87 93 33
87 94 69
87 95 47
88 89 72
88 90 94
88 91 85
88 92 13
88 93 79
88 94 44
88 95 60
89 90 98
89 91 39
89 92 61
89 93 41
89 94 32
89 95 9
90 91 55
90 92 41
90 93 87
90 94 46
90 95 23
91 92 59
91 93 78
91 94 25
91 95 28
92 93 90
92 94 67
92 95 47
93 94 92
93 95 36
94 95 56