100
0 27 57
0 32 7
0 77 30
0 87 4
0 60 74
0 83 52
0 15 95
0 45 78
0 36 98
0 80 89
0 50 50
0 67 42
0 30 39
0 25 31
0 72 29
0 2 78
0 26 60
0 39 46
0 94 90
0 8 92
0 64 61
0 18 86
0 35 1
0 41 95
0 65 42
0 86 8
0 4 33
0 49 42
0 33 41
0 40 84
0 69 10
0 52 4
0 22 35
0 37 39
0 21 2
0 16 94
0 34 46
0 84 29
0 23 14
0 93 3
0 31 67
0 3 38
0 7 7
0 11 87
0 12 48
0 13 92
0 14 17
0 17 40
0 19 14
0 20 31
0 24 17
0 38 83
0 46 91
0 47 35
0 54 15
0 55 83
0 57 36
0 58 38
0 59 28
0 61 8
0 68 80
0 70 71
0 71 26
0 74 82
0 79 11
0 81 49
0 88 31
0 89 88
0 90 5
0 91 30
0 92 69
0 97 57
0 98 39
0 99 40
1 5 46
1 43 38
1 79 3
1 39 76
1 37 53
1 6 16
1 90 92
1 31 10
1 26 78
1 10 25
1 2 86
1 65 17
1 40 42
1 33 16
1 95 93
1 85 23
1 63 33
1 49 31
1 22 78
1 76 9
1 82 3
1 18 97
1 56 91
1 98 92
1 12 64
1 89 46
1 3 81
1 7 57
1 8 80
1 11 74
1 14 37
1 17 4
1 19 96
1 23 72
1 24 14
1 25 98
1 27 54
1 34 57
1 38 61
1 41 36
1 48 16
1 50 85
1 52 47
1 53 5
1 55 50
1 57 61
1 59 81
1 60 70
1 61 85
1 62 52
1 70 62
1 73 63
1 74 96
1 78 89
1 81 32
1 83 68
1 84 60
1 88 48
1 91 54
1 94 63
1 97 14
2 11 40
2 58 59
2 96 21
2 8 88
2 53 56
2 69 29
2 95 58
2 63 84
2 99 42
2 68 92
2 44 22
2 17 64
2 47 15
2 98 79
2 48 36
2 81 65
2 97 78
2 21 48
2 86 38
2 18 48
2 89 6
2 38 48
2 85 49
2 35 72
2 67 79
2 15 3
2 50 78
2 34 3
2 79 16
2 64 14
2 54 77
2 30 95
2 20 81
2 29 32
2 45 64
2 27 72
2 66 65
2 3 32
2 61 28
2 60 28
2 70 75
2 80 20
2 94 77
2 78 68
2 40 9
2 24 40
2 59 96
2 82 83
2 57 86
2 62 99
2 41 73
2 90 61
2 39 68
2 7 32
2 46 30
2 5 47
2 55 40
2 10 87
2 14 75
2 23 9
2 26 51
2 28 53
2 31 22
2 33 48
2 43 7
2 49 3
2 72 58
2 73 56
2 76 20
2 77 92
2 84 53
2 87 21
2 88 58
2 91 38
2 92 72
3 73 70
3 84 67
3 98 70
3 81 94
3 91 34
3 79 65
3 12 85
3 62 40
3 18 95
3 38 94
3 31 93
3 80 83
3 57 96
3 89 69
3 21 28
3 50 76
3 74 42
3 4 5
3 5 82
3 72 42
3 56 93
3 39 49
3 10 39
3 82 31
3 16 45
3 7 8
3 66 63
3 47 57
3 15 48
3 19 58
3 60 5
3 70 41
3 45 31
3 94 90
3 42 46
3 63 36
3 11 89
3 96 67
3 30 39
3 95 25
3 55 78
3 41 61
3 52 47
3 27 69
3 92 30
3 9 95
3 14 28
3 17 61
3 20 72
3 22 44
3 23 34
3 26 27
3 29 14
3 32 92
3 33 8
3 34 48
3 35 25
3 36 86
3 37 71
3 40 73
3 43 18
3 44 26
3 48 40
3 51 46
3 53 10
3 59 42
3 61 75
3 65 95
3 69 86
3 76 38
3 88 93
3 97 54
4 17 89
4 11 46
4 41 17
4 16 81
4 58 71
4 90 23
4 42 12
4 56 40
4 13 92
4 79 2
4 31 61
4 99 94
4 97 70
4 54 50
4 23 11
4 20 45
4 25 67
4 86 91
4 5 6
4 6 82
4 12 88
4 29 9
4 68 5
4 84 77
4 10 61
4 24 30
4 48 91
4 57 94
4 73 55
4 85 62
4 63 80
4 62 17
4 15 97
4 72 8
4 71 39
4 81 8
4 80 29
4 26 37
4 91 96
4 52 47
4 28 47
4 49 95
4 59 7
4 34 30
4 14 79
4 18 78
4 21 21
4 22 4
4 27 66
4 33 39
4 35 24
4 37 92
4 38 92
4 39 8
4 40 45
4 43 45
4 44 38
4 47 47
4 53 14
4 55 61
4 66 39
4 69 68
4 70 58
4 78 45
4 87 27
4 88 42
4 89 26
4 92 66
4 94 82
5 25 98
5 41 90
5 88 28
5 72 13
5 87 45
5 26 70
5 63 64
5 29 76
5 10 28
5 78 20
5 68 42
5 74 74
5 24 24
5 17 52
5 99 46
5 82 22
5 71 51
5 61 85
5 70 50
5 90 62
5 51 72
5 44 43
5 45 8
5 73 64
5 91 32
5 94 19
5 69 89
5 7 41
5 21 4
5 67 26
5 36 80
5 77 87
5 20 36
5 53 36
5 28 5
5 62 74
5 38 72
5 98 4
5 50 11
5 15 94
5 54 70
5 6 89
5 59 45
5 35 26
5 93 48
5 23 88
5 48 11
5 30 78
5 33 8
5 81 27
5 14 95
5 83 35
5 84 47
5 39 92
5 85 99
5 80 29
5 49 6
5 22 15
5 96 24
5 64 49
5 43 79
5 11 54
5 19 72
5 27 35
5 31 71
5 34 5
5 37 21
5 40 27
5 47 28
5 52 73
5 55 84
5 57 91
5 58 30
5 60 52
5 66 29
5 79 19
5 89 32
5 92 1
5 97 30
6 96 67
6 46 66
6 32 70
6 28 24
6 43 49
6 62 15
6 58 31
6 65 3
6 7 50
6 9 78
6 11 4
6 12 46
6 15 87
6 17 41
6 18 8
6 20 30
6 21 67
6 22 11
6 23 8
6 25 28
6 26 27
6 29 97
6 30 50
6 34 25
6 35 25
6 37 80
6 38 13
6 39 32
6 40 25
6 49 88
6 50 90
6 53 23
6 54 1
6 57 79
6 59 25
6 63 42
6 66 5
6 70 34
6 71 72
6 73 72
6 74 51
6 78 21
6 81 82
6 84 51
6 86 7
6 88 48
6 90 15
6 91 25
6 92 59
6 94 62
6 95 22
6 97 82
6 98 49
7 78 70
7 88 92
7 32 80
7 27 39
7 65 6
7 73 16
7 34 20
7 51 54
7 46 80
7 53 86
7 87 83
7 63 55
7 60 19
7 19 50
7 31 96
7 55 35
7 90 41
7 17 14
7 82 10
7 47 97
7 95 62
7 76 72
7 30 72
7 41 40
7 77 18
7 58 94
7 94 21
7 11 44
7 49 87
7 85 48
7 45 4
7 48 20
7 13 84
7 35 83
7 84 32
7 25 33
7 71 35
7 28 64
7 91 38
7 98 21
7 89 92
7 97 99
7 75 92
7 18 48
7 72 94
7 69 50
7 20 26
7 43 37
7 70 77
7 80 21
7 37 10
7 8 80
7 9 54
7 12 5
7 14 57
7 15 76
7 16 26
7 21 23
7 22 11
7 23 6
7 24 71
7 26 24
7 33 32
7 38 49
7 39 40
7 40 2
7 44 93
7 52 34
7 57 46
7 61 3
7 62 52
7 66 49
7 74 64
7 79 11
7 99 17
8 15 58
8 34 67
8 48 99
8 78 50
8 97 58
8 10 75
8 9 72
8 51 52
8 22 55
8 83 92
8 31 8
8 59 42
8 63 35
8 13 40
8 55 20
8 89 86
8 36 97
8 39 44
8 68 60
8 42 13
8 18 54
8 67 25
8 77 73
8 54 49
8 79 71
8 37 74
8 93 53
8 11 10
8 14 40
8 17 38
8 20 27
8 21 97
8 23 28
8 25 84
8 26 91
8 27 86
8 30 36
8 33 37
8 38 25
8 40 12
8 44 80
8 46 67
8 52 66
8 53 21
8 58 34
8 69 95
8 70 13
8 71 30
8 73 34
8 80 6
8 84 68
8 88 5
8 91 70
8 92 18
8 94 6
8 95 59
8 98 57
9 46 52
9 24 24
9 86 38
9 12 65
9 87 78
9 22 51
9 76 38
9 70 89
9 33 16
9 19 30
9 85 4
9 63 96
9 29 94
9 62 18
9 92 12
9 53 42
9 79 72
9 93 95
9 36 51
9 66 31
9 28 31
9 71 45
9 90 10
9 11 26
9 26 7
9 20 97
9 69 20
9 23 25
9 13 63
9 60 86
9 75 75
9 59 41
9 16 74
9 52 97
9 54 25
9 88 94
9 89 14
9 81 19
9 10 57
9 91 68
9 44 90
9 14 70
9 15 94
9 17 26
9 18 7
9 25 79
9 27 21
9 30 92
9 31 10
9 34 76
9 37 3
9 38 65
9 39 52
9 40 83
9 42 8
9 43 7
9 49 23
9 50 93
9 55 65
9 57 43
9 61 65
9 64 79
9 68 68
9 73 93
9 77 33
9 78 2
9 80 97
9 84 7
9 94 33
9 97 36
10 25 75
10 30 19
10 50 13
10 17 47
10 93 56
10 97 75
10 98 14
10 80 30
10 73 22
10 67 16
10 20 74
10 84 23
10 76 15
10 79 79
10 62 77
10 55 22
10 16 20
10 38 80
10 52 34
10 48 3
10 88 77
10 94 64
10 72 55
10 53 41
10 64 14
10 44 43
10 18 78
10 68 46
10 39 54
10 82 43
10 26 48
10 37 34
10 60 57
10 41 45
10 86 35
10 66 65
10 90 89
10 87 88
10 57 11
10 63 63
10 56 88
10 96 75
10 23 98
10 21 30
10 81 97
10 91 59
10 92 25
10 99 70
10 32 50
10 34 18
10 59 84
10 54 95
10 40 41
10 14 15
10 22 67
10 27 95
10 28 10
10 29 13
10 31 46
10 35 73
10 36 44
10 42 65
10 43 5
10 49 8
10 58 58
10 61 48
10 69 35
10 70 99
10 74 16
10 89 86
11 74 5
11 77 27
11 59 42
11 57 50
11 72 18
11 28 74
11 68 9
11 30 99
11 97 44
11 60 57
11 46 33
11 23 88
11 92 94
11 70 2
11 49 32
11 86 3
11 15 95
11 44 75
11 52 69
11 98 27
11 13 85
11 67 96
11 54 76
11 73 33
11 89 15
11 31 82
11 91 58
11 41 53
11 56 8
11 95 90
11 99 89
11 87 39
11 18 12
11 51 40
11 78 55
11 33 92
11 62 16
11 45 5
11 66 49
11 43 14
11 61 36
11 48 13
11 96 94
11 12 35
11 50 91
11 17 34
11 29 98
11 47 88
11 22 93
11 16 87
11 25 38
11 81 47
11 24 66
11 32 15
11 90 42
11 58 14
11 71 93
11 75 54
11 55 89
11 36 10
11 65 79
11 40 2
11 84 42
11 14 71
11 20 67
11 21 69
11 26 7
11 27 59
11 34 36
11 35 68
11 37 95
11 38 21
11 39 11
11 42 15
11 63 43
11 64 16
11 69 84
11 76 32
11 79 68
11 80 12
11 93 57
11 94 64
12 23 34
12 16 27
12 29 69
12 51 44
12 48 93
12 41 7
12 74 34
12 61 58
12 83 77
12 25 2
12 56 66
12 90 82
12 57 87
12 62 2
12 14 9
12 80 24
12 87 80
12 46 25
12 93 57
12 55 51
12 76 49
12 52 40
12 95 79
12 85 12
12 43 16
12 66 65
12 97 95
12 78 99
12 27 65
12 31 81
12 21 7
12 82 36
12 13 78
12 17 62
12 18 13
12 22 41
12 26 88
12 28 71
12 33 59
12 34 3
12 37 36
12 38 42
12 39 33
12 40 26
12 44 37
12 49 96
12 53 97
12 59 95
12 60 77
12 63 38
12 65 61
12 69 83
12 70 76
12 73 37
12 79 83
12 81 41
12 86 43
12 88 1
12 89 78
12 91 88
12 92 22
12 94 29
13 29 68
13 48 58
13 37 80
13 82 59
13 66 89
13 97 6
13 20 48
13 96 94
13 51 31
13 19 38
13 95 54
13 67 46
13 70 42
13 63 67
13 59 86
13 49 14
13 86 89
13 69 85
13 62 45
13 78 73
13 32 99
13 39 70
13 71 8
13 76 26
13 33 58
13 90 72
13 53 17
13 56 54
13 26 27
13 14 81
13 16 12
13 17 46
13 18 55
13 22 48
13 23 28
13 28 46
13 30 9
13 31 19
13 34 11
13 35 50
13 36 91
13 38 7
13 40 81
13 42 54
13 43 74
13 47 90
13 52 25
13 57 49
13 60 97
13 61 18
13 65 35
13 68 31
13 73 62
13 74 20
13 79 90
13 81 58
13 83 13
13 84 81
13 87 29
13 88 43
13 89 76
13 91 92
13 93 68
13 94 26
13 98 25
13 99 77
14 24 60
14 20 37
14 62 89
14 92 71
14 64 97
14 97 76
14 66 58
14 67 52
14 85 51
14 25 37
14 88 66
14 72 96
14 69 27
14 98 1
14 84 52
14 40 57
14 80 37
14 96 41
14 26 53
14 33 21
14 50 13
14 74 37
14 53 69
14 68 79
14 31 88
14 79 97
14 49 54
14 37 15
14 52 11
14 43 22
14 35 16
14 83 35
14 60 52
14 94 81
14 58 81
14 55 65
14 28 32
14 48 84
14 34 82
14 54 70
14 36 33
14 38 71
14 99 74
14 75 68
14 39 56
14 30 1
14 23 58
14 89 14
14 21 16
14 65 95
14 47 87
14 45 51
14 42 16
14 91 34
14 61 70
14 63 11
14 71 79
14 86 22
14 57 75
14 81 36
14 22 46
14 56 53
14 19 58
14 32 77
14 29 6
14 17 87
14 16 33
14 18 33
14 59 69
14 73 97
14 78 78
14 76 13
14 41 15
14 15 37
14 82 91
14 87 15
14 46 19
14 27 42
14 77 30
14 95 16
14 90 84
14 44 95
14 51 32
14 70 58
14 93 51
15 44 16
15 70 84
15 98 53
15 58 89
15 17 30
15 71 93
15 72 71
15 90 2
15 92 44
15 54 4
15 25 78
15 59 13
15 49 78
15 76 88
15 55 8
15 79 8
15 24 96
15 19 74
15 89 77
15 16 18
15 94 10
15 74 71
15 23 39
15 96 67
15 56 26
15 87 91
15 45 95
15 93 62
15 48 79
15 77 68
15 97 99
15 31 43
15 37 34
15 42 97
15 81 13
15 50 91
15 39 29
15 22 23
15 52 67
15 46 47
15 60 44
15 53 6
15 29 54
15 35 18
15 40 90
15 83 35
15 86 34
15 67 27
15 47 2
15 61 44
15 30 85
15 27 77
15 85 74
15 41 18
15 95 36
15 43 98
15 84 81
15 64 50
15 51 29
15 69 57
15 33 84
15 28 62
15 66 65
15 26 6
15 18 46
15 20 23
15 34 67
15 38 10
15 57 8
15 63 91
15 73 48
15 88 18
15 91 11
15 99 79
16 25 17
16 51 67
16 53 32
16 74 51
16 89 85
16 17 27
16 56 89
16 45 98
16 35 18
16 54 86
16 33 97
16 52 15
16 77 21
16 26 44
16 42 56
16 81 25
16 46 16
16 68 40
16 59 92
16 50 69
16 48 55
16 22 80
16 37 99
16 49 53
16 29 86
16 24 74
16 88 18
16 39 4
16 32 15
16 82 73
16 84 92
16 97 59
16 36 5
16 71 50
16 93 48
16 31 6
16 19 73
16 76 88
16 61 29
16 98 73
16 38 32
16 34 71
16 41 50
16 57 90
16 83 5
16 70 30
16 73 33
16 60 17
16 27 88
16 65 5
16 18 95
16 20 49
16 23 25
16 28 6
16 40 4
16 55 11
16 62 87
16 63 50
16 67 1
16 69 94
16 78 81
16 79 92
16 80 30
16 86 4
16 92 9
16 94 95
16 99 41
17 37 6
17 93 5
17 67 53
17 72 9
17 20 15
17 46 4
17 89 7
17 39 9
17 64 83
17 65 85
17 97 65
17 63 18
17 66 49
17 80 29
17 79 56
17 19 91
17 48 72
17 21 35
17 86 22
17 84 41
17 59 24
17 88 94
17 71 22
17 32 31
17 83 50
17 29 36
17 78 85
17 75 27
17 58 4
17 27 60
17 47 60
17 51 20
17 92 31
17 41 37
17 90 10
17 54 2
17 57 95
17 98 24
17 44 77
17 35 39
17 95 81
17 56 11
17 52 29
17 40 5
17 23 2
17 22 14
17 77 58
17 96 23
17 99 95
17 69 77
17 43 75
17 31 83
17 33 91
17 70 2
17 94 61
17 38 72
17 42 82
17 55 29
17 60 69
17 34 99
17 61 44
17 36 12
17 81 80
17 74 18
17 62 21
17 91 72
17 73 61
17 76 89
17 26 46
17 49 19
17 18 30
17 24 3
17 28 3
17 30 13
17 50 31
17 53 53
18 83 55
18 84 1
18 53 74
18 99 15
18 90 89
18 75 44
18 71 72
18 70 95
18 34 23
18 95 12
18 49 66
18 76 62
18 78 40
18 87 27
18 39 60
18 80 98
18 89 65
18 31 64
18 74 97
18 35 69
18 65 80
18 86 84
18 58 23
18 72 17
18 26 52
18 27 17
18 82 67
18 50 87
18 20 15
18 40 9
18 64 41
18 52 58
18 56 37
18 88 45
18 67 3
18 96 68
18 57 58
18 46 18
18 21 44
18 97 2
18 33 45
18 62 48
18 94 54
18 36 56
18 98 20
18 30 88
18 59 90
18 92 94
18 66 96
18 54 96
18 19 70
18 22 46
18 23 9
18 25 77
18 37 59
18 38 97
18 41 27
18 44 68
18 47 29
18 55 98
18 60 14
18 61 60
18 63 39
18 68 36
18 69 33
18 77 22
18 79 33
18 81 57
18 91 15
19 81 24
19 21 15
19 82 74
19 62 71
19 70 48
19 45 10
19 97 40
19 71 40
19 46 78
19 25 87
19 30 78
19 69 58
19 92 61
19 75 66
19 22 91
19 23 22
19 26 33
19 27 57
19 31 40
19 34 13
19 37 52
19 38 58
19 39 28
19 40 37
19 43 39
19 47 78
19 53 37
19 55 85
19 57 42
19 61 16
19 66 72
19 73 75
19 74 47
19 79 43
19 84 4
19 85 75
19 86 15
19 88 48
19 90 35
19 91 91
19 94 46
19 95 2
20 97 89
20 98 51
20 62 9
20 66 80
20 53 39
20 43 16
20 85 47
20 47 41
20 83 25
20 82 38
20 78 75
20 30 14
20 92 38
20 54 86
20 75 8
20 60 71
20 44 41
20 84 91
20 80 86
20 50 64
20 58 55
20 77 2
20 87 71
20 24 43
20 22 96
20 36 58
20 86 33
20 52 97
20 64 2
20 72 40
20 51 76
20 93 30
20 57 4
20 45 26
20 91 72
20 95 23
20 96 79
20 46 90
20 70 81
20 33 38
20 90 89
20 29 76
20 48 94
20 39 85
20 68 18
20 23 45
20 74 5
20 69 43
20 61 38
20 27 4
20 65 83
20 41 62
20 55 40
20 67 99
20 37 23
20 28 28
20 79 83
20 26 82
20 99 27
20 42 78
20 73 69
20 31 60
20 88 45
20 38 79
20 49 26
20 94 1
20 81 50
20 71 68
20 59 64
20 21 14
20 34 53
20 40 46
20 89 18
21 71 90
21 74 68
21 69 73
21 42 19
21 55 35
21 38 81
21 77 87
21 49 30
21 57 33
21 84 60
21 67 30
21 63 89
21 28 86
21 44 27
21 34 38
21 32 95
21 26 87
21 79 56
21 70 62
21 60 5
21 22 89
21 68 79
21 80 40
21 51 95
21 31 6
21 40 70
21 29 76
21 66 53
21 52 59
21 37 64
21 59 97
21 58 75
21 92 69
21 56 67
21 62 9
21 91 6
21 25 53
21 72 23
21 76 47
21 75 90
21 43 59
21 35 58
21 85 36
21 24 87
21 89 9
21 78 80
21 48 41
21 93 69
21 96 45
21 88 47
21 47 36
21 39 93
21 99 21
21 61 41
21 81 7
21 87 23
21 46 73
21 97 3
21 98 72
21 82 72
21 73 47
21 50 25
21 65 80
21 30 66
21 53 88
21 23 4
21 33 80
21 45 29
21 83 15
21 94 22
22 26 46
22 34 79
22 75 90
22 55 94
22 27 30
22 67 58
22 80 80
22 88 36
22 54 71
22 23 20
22 72 54
22 30 68
22 85 89
22 59 65
22 41 87
22 43 43
22 42 88
22 45 89
22 89 23
22 58 30
22 77 51
22 31 70
22 76 7
22 32 17
22 99 97
22 65 59
22 56 71
22 66 34
22 37 66
22 61 71
22 35 48
22 98 44
22 97 55
22 24 85
22 60 93
22 47 27
22 81 46
22 44 73
22 29 80
22 38 45
22 28 65
22 63 96
22 53 3
22 79 84
22 74 39
22 84 86
22 62 77
22 36 97
22 90 42
22 33 13
22 57 96
22 25 22
22 51 32
22 49 37
22 52 89
22 46 3
22 71 71
22 94 54
22 87 75
22 83 97
22 39 12
22 40 67
22 50 44
22 64 2
22 69 36
22 70 18
22 73 14
22 78 2
23 78 17
23 88 46
23 26 45
23 80 74
23 75 92
23 44 49
23 31 88
23 73 51
23 90 67
23 89 70
23 92 33
23 61 24
23 57 2
23 60 54
23 27 46
23 95 71
23 59 42
23 83 46
23 52 12
23 94 89
23 38 5
23 54 85
23 45 58
23 29 37
23 93 54
23 82 91
23 65 94
23 87 42
23 39 71
23 41 38
23 76 55
23 28 13
23 46 66
23 35 11
23 71 84
23 30 88
23 62 36
23 66 97
23 25 65
23 43 55
23 58 98
23 63 49
23 56 82
23 33 89
23 68 24
23 40 81
23 97 41
23 32 84
23 77 54
23 81 4
23 37 4
23 79 7
23 69 77
23 86 41
23 50 68
23 67 53
23 51 17
23 64 70
23 47 88
23 91 19
23 85 41
23 55 6
23 49 93
23 84 64
23 98 10
23 42 65
23 36 86
23 53 89
23 96 42
23 24 86
23 34 20
23 48 9
23 70 6
23 99 98
24 88 7
24 67 87
24 50 7
24 73 72
24 78 72
24 46 72
24 61 54
24 81 52
24 98 97
24 83 25
24 71 44
24 34 52
24 80 60
24 35 31
24 68 95
24 40 75
24 56 70
24 74 56
24 90 63
24 51 90
24 29 90
24 92 13
24 36 12
24 94 68
24 31 84
24 28 64
24 75 3
24 45 8
24 25 23
24 76 61
24 85 2
24 27 11
24 86 36
24 59 73
24 41 28
24 32 75
24 55 60
24 47 15
24 26 47
24 33 91
24 37 14
24 38 56
24 39 61
24 43 36
24 44 79
24 48 57
24 49 89
24 52 57
24 53 49
24 57 75
24 58 56
24 60 7
24 63 52
24 69 63
24 70 17
24 79 70
24 82 11
24 89 24
24 91 33
24 95 41
24 97 32
24 99 41
25 94 73
25 81 11
25 27 79
25 70 20
25 36 98
25 52 2
25 48 95
25 34 54
25 80 41
25 98 4
25 95 27
25 62 86
25 29 53
25 82 8
25 68 83
25 57 28
25 26 84
25 33 81
25 37 81
25 39 37
25 40 96
25 41 13
25 42 43
25 43 4
25 44 76
25 46 28
25 47 84
25 49 46
25 50 30
25 53 49
25 55 71
25 56 17
25 58 2
25 59 71
25 61 99
25 64 23
25 65 26
25 69 57
25 71 10
25 73 15
25 79 12
25 84 74
25 88 56
25 89 96
25 90 66
25 91 92
25 92 51
25 97 62
26 42 91
26 91 12
26 53 52
26 68 8
26 90 4
26 83 91
26 48 47
26 41 81
26 64 2
26 33 77
26 76 34
26 38 5
26 96 51
26 36 65
26 34 35
26 44 59
26 77 89
26 69 64
26 93 81
26 89 72
26 95 1
26 72 55
26 31 74
26 30 75
26 73 55
26 86 92
26 80 19
26 81 87
26 54 61
26 46 25
26 65 27
26 35 15
26 29 45
26 99 49
26 50 96
26 32 76
26 58 27
26 56 77
26 97 41
26 85 63
26 45 98
26 67 93
26 75 57
26 82 31
26 61 87
26 92 57
26 60 67
26 43 78
26 47 52
26 98 29
26 39 32
26 88 31
26 49 84
26 79 39
26 28 20
26 40 39
26 87 78
26 63 73
26 71 39
26 74 66
26 78 10
26 66 26
26 51 34
26 55 99
26 62 33
26 94 49
26 70 65
26 57 29
26 37 53
26 59 54
26 52 57
26 84 94
27 91 91
27 43 20
27 50 53
27 39 42
27 76 18
27 52 79
27 85 23
27 87 14
27 84 76
27 88 16
27 89 44
27 97 70
27 33 13
27 51 10
27 37 22
27 72 54
27 78 2
27 82 43
27 92 42
27 61 93
27 67 60
27 54 97
27 40 29
27 38 5
27 56 95
27 35 36
27 62 26
27 47 29
27 42 2
27 44 78
27 31 37
27 34 66
27 36 32
27 41 42
27 49 45
27 53 56
27 57 24
27 58 76
27 59 49
27 60 44
27 69 36
27 70 35
27 73 57
27 74 98
27 81 44
27 86 15
27 93 50
27 94 70
27 95 26
27 98 26
27 99 65
28 96 41
28 56 43
28 95 15
28 91 84
28 55 2
28 63 26
28 72 85
28 94 69
28 54 53
28 49 41
28 92 56
28 64 61
28 46 12
28 69 93
28 47 78
28 71 43
28 43 71
28 97 17
28 80 88
28 40 17
28 39 93
28 42 1
28 58 87
28 83 62
28 75 43
28 52 30
28 74 8
28 78 62
28 99 50
28 30 14
28 36 14
28 59 65
28 48 31
28 86 97
28 81 18
28 79 21
28 67 7
28 31 87
28 33 61
28 34 14
28 37 54
28 41 69
28 44 81
28 51 97
28 53 49
28 57 2
28 61 94
28 62 11
28 66 13
28 70 3
28 73 22
28 76 48
28 84 53
28 88 30
28 89 70
28 93 75
28 98 73
29 31 17
29 36 24
29 87 88
29 56 54
29 75 26
29 84 9
29 65 47
29 57 7
29 52 14
29 89 24
29 86 33
29 41 37
29 53 12
29 32 78
29 72 13
29 33 31
29 82 61
29 70 8
29 62 89
29 45 98
29 42 21
29 78 76
29 79 58
29 73 46
29 30 91
29 34 58
29 35 4
29 37 41
29 38 47
29 39 67
29 40 10
29 46 94
29 47 19
29 48 52
29 49 41
29 50 2
29 55 7
29 61 88
29 63 43
29 69 7
29 71 67
29 80 10
29 83 89
29 85 39
29 88 45
29 90 68
29 91 9
29 92 29
29 94 93
29 97 4
29 98 60
30 54 59
30 78 6
30 80 84
30 91 30
30 84 25
30 90 80
30 31 29
30 34 25
30 37 96
30 38 39
30 39 42
30 40 57
30 43 85
30 47 28
30 49 72
30 53 63
30 55 33
30 57 46
30 58 55
30 59 35
30 61 77
30 62 98
30 63 27
30 64 99
30 69 2
30 70 38
30 71 44
30 73 32
30 74 62
30 79 58
30 81 26
30 85 32
30 88 17
30 89 19
30 92 97
30 93 87
30 94 12
30 98 5
31 39 73
31 64 78
31 65 91
31 97 67
31 95 56
31 57 97
31 82 82
31 40 56
31 47 42
31 84 46
31 98 91
31 35 43
31 78 23
31 56 14
31 61 88
31 59 80
31 80 84
31 86 2
31 85 16
31 32 13
31 58 34
31 87 67
31 62 37
31 99 2
31 51 77
31 60 40
31 48 87
31 96 57
31 67 13
31 83 64
31 72 13
31 43 7
31 33 72
31 36 55
31 63 82
31 52 87
31 74 10
31 70 74
31 77 86
31 68 59
31 46 71
31 71 11
31 38 51
31 92 80
31 37 99
31 42 26
31 69 5
31 81 81
31 66 48
31 45 12
31 76 35
31 34 38
31 41 80
31 44 3
31 49 53
31 50 84
31 53 27
31 55 83
31 73 4
31 79 65
31 88 77
31 89 26
31 91 74
31 94 4
32 40 16
32 66 93
32 55 60
32 69 31
32 75 83
32 50 95
32 34 24
32 35 22
32 37 65
32 39 70
32 43 95
32 46 66
32 47 42
32 49 14
32 53 5
32 57 28
32 61 3
32 62 21
32 65 9
32 67 42
32 68 15
32 70 25
32 73 31
32 77 10
32 79 93
32 81 74
32 84 73
32 88 41
32 89 68
32 91 2
32 94 64
32 95 87
32 97 1
32 98 64
32 99 60
33 50 1
33 57 64
33 86 81
33 77 98
33 68 97
33 72 48
33 69 41
33 88 46
33 81 81
33 38 36
33 55 2
33 35 47
33 37 49
33 75 8
33 66 52
33 80 17
33 44 87
33 56 2
33 82 41
33 78 21
33 85 78
33 61 98
33 99 16
33 64 68
33 65 15
33 70 67
33 94 17
33 63 76
33 98 46
33 49 93
33 47 27
33 93 60
33 48 58
33 36 1
33 53 75
33 96 85
33 91 36
33 97 43
33 67 95
33 74 40
33 60 91
33 79 70
33 52 15
33 92 14
33 58 56
33 46 96
33 41 12
33 76 43
33 34 63
33 40 97
33 42 68
33 59 39
33 71 50
33 73 5
33 84 87
33 87 38
33 89 69
34 81 15
34 94 72
34 86 65
34 68 63
34 46 85
34 48 13
34 37 97
34 49 46
34 87 86
34 58 40
34 35 88
34 90 26
34 44 12
34 73 22
34 61 58
34 76 68
34 40 14
34 45 49
34 39 70
34 97 11
34 59 86
34 60 41
34 69 37
34 43 99
34 77 70
34 75 25
34 42 31
34 95 85
34 62 30
34 57 59
34 55 49
34 78 53
34 93 95
34 70 2
34 64 68
34 36 4
34 41 91
34 53 99
34 66 62
34 74 18
34 50 88
34 84 84
34 56 24
34 79 27
34 99 58
34 83 1
34 71 48
34 47 16
34 85 1
34 96 46
34 91 88
34 67 6
34 63 65
34 54 7
34 92 58
34 38 97
34 89 56
34 80 20
34 51 51
34 65 14
34 82 22
34 52 26
34 88 51
34 72 38
34 98 7
35 87 39
35 99 11
35 73 89
35 54 46
35 69 20
35 47 44
35 82 94
35 68 51
35 76 85
35 49 42
35 79 42
35 44 46
35 89 5
35 81 66
35 62 19
35 65 12
35 50 46
35 74 46
35 58 46
35 93 78
35 46 79
35 78 18
35 70 62
35 91 66
35 59 75
35 71 63
35 63 37
35 53 43
35 56 72
35 57 40
35 94 5
35 42 77
35 36 11
35 37 96
35 38 55
35 39 86
35 40 57
35 41 67
35 43 77
35 52 9
35 55 38
35 60 91
35 61 68
35 66 15
35 84 20
35 90 92
35 92 85
35 97 57
35 98 68
36 67 20
36 40 17
36 56 56
36 63 44
36 65 3
36 43 49
36 91 8
36 60 9
36 42 97
36 52 40
36 84 40
36 37 47
36 49 76
36 48 62
36 69 39
36 41 5
36 46 50
36 47 17
36 38 2
36 39 69
36 44 57
36 53 75
36 57 70
36 59 5
36 61 45
36 70 37
36 73 28
36 74 40
36 76 81
36 78 20
36 79 62
36 80 7
36 81 49
36 88 39
36 89 49
36 90 83
36 92 34
36 94 75
36 97 50
36 98 30
37 41 57
37 45 6
37 51 76
37 97 82
37 86 61
37 40 68
37 48 68
37 88 75
37 63 94
37 73 73
37 53 81
37 87 20
37 90 69
37 68 79
37 46 95
37 70 78
37 74 24
37 55 35
37 61 90
37 84 64
37 81 84
37 82 59
37 60 94
37 95 28
37 75 71
37 77 96
37 69 41
37 62 81
37 76 88
37 38 15
37 80 71
37 91 89
37 85 40
37 47 17
37 57 45
37 59 42
37 96 12
37 99 82
37 72 40
37 52 21
37 89 51
37 67 35
37 79 17
37 64 85
37 66 33
37 65 89
37 93 15
37 94 35
37 78 45
37 49 93
37 83 94
37 44 34
37 42 5
37 56 47
37 71 28
37 39 47
37 54 3
37 43 9
37 92 63
37 98 1
37 58 59
38 64 49
38 59 68
38 82 33
38 92 99
38 44 28
38 69 36
38 55 7
38 50 55
38 62 4
38 53 73
38 65 71
38 48 86
38 98 34
38 80 73
38 73 58
38 67 40
38 95 66
38 90 82
38 43 96
38 51 34
38 94 82
38 84 84
38 39 96
38 88 43
38 42 42
38 81 66
38 66 45
38 74 48
38 56 95
38 79 27
38 63 55
38 76 94
38 68 58
38 99 7
38 58 88
38 60 10
38 85 44
38 86 96
38 46 22
38 41 55
38 70 67
38 97 61
38 71 36
38 45 58
38 49 31
38 96 85
38 40 70
38 89 39
38 93 9
38 47 86
38 61 23
38 87 20
38 57 31
38 78 15
38 91 23
39 51 75
39 82 54
39 42 33
39 60 87
39 45 2
39 88 12
39 63 53
39 53 15
39 52 55
39 86 37
39 66 87
39 68 87
39 97 84
39 77 18
39 40 76
39 72 19
39 43 4
39 56 46
39 92 67
39 83 48
39 57 64
39 95 78
39 70 40
39 85 23
39 58 96
39 91 45
39 74 95
39 99 12
39 90 7
39 46 96
39 96 80
39 75 38
39 59 85
39 65 94
39 44 54
39 94 53
39 48 7
39 78 86
39 55 34
39 71 21
39 47 63
39 89 26
39 81 87
39 50 91
39 73 33
39 76 55
39 98 38
39 62 20
39 93 3
39 49 97
39 69 37
39 64 49
39 61 70
39 41 22
39 79 73
39 80 26
39 84 55
39 87 97
40 86 78
40 42 39
40 80 41
40 72 90
40 63 13
40 57 69
40 89 89
40 60 17
40 83 25
40 41 22
40 71 59
40 85 90
40 47 19
40 99 32
40 95 53
40 67 56
40 75 86
40 93 7
40 68 71
40 70 90
40 81 47
40 76 94
40 53 62
40 45 73
40 88 81
40 73 87
40 90 32
40 44 17
40 61 50
40 54 63
40 52 64
40 82 62
40 92 66
40 84 11
40 77 49
40 69 13
40 56 94
40 94 79
40 74 5
40 96 74
40 98 61
40 97 48
40 62 82
40 51 24
40 78 43
40 43 63
40 48 72
40 79 70
40 64 40
40 50 49
40 59 7
40 66 68
40 87 89
40 49 50
40 58 32
40 91 55
40 46 47
40 55 86
40 65 46
41 97 61
41 76 93
41 54 89
41 58 63
41 49 48
41 88 9
41 84 94
41 45 33
41 74 50
41 53 6
41 82 12
41 79 39
41 77 93
41 85 56
41 89 89
41 92 28
41 94 5
41 91 20
41 56 1
41 81 28
41 51 93
41 90 56
41 98 93
41 68 57
41 72 15
41 50 73
41 99 59
41 70 44
41 61 17
41 44 23
41 47 97
41 48 51
41 55 56
41 57 52
41 59 67
41 60 80
41 63 59
41 64 32
41 69 18
41 73 49
41 93 99
41 95 22
42 69 17
42 49 17
42 43 43
42 57 34
42 93 72
42 55 54
42 45 95
42 60 16
42 80 43
42 92 7
42 58 33
42 51 29
42 94 26
42 48 53
42 46 29
42 47 9
42 50 13
42 52 21
42 53 21
42 54 12
42 59 80
42 61 78
42 62 98
42 63 27
42 70 99
42 72 65
42 73 10
42 74 14
42 78 37
42 84 84
42 88 59
42 89 93
42 90 82
42 91 68
42 97 67
42 98 56
42 99 5
43 98 79
43 71 8
43 65 80
43 96 37
43 63 8
43 93 64
43 68 15
43 84 56
43 81 12
43 97 25
43 95 11
43 54 72
43 94 36
43 86 38
43 57 45
43 90 26
43 55 61
43 59 86
43 60 75
43 76 14
43 80 76
43 52 8
43 92 18
43 70 71
43 66 8
43 45 83
43 85 56
43 62 78
43 82 89
43 91 49
43 74 10
43 44 56
43 47 94
43 49 1
43 50 3
43 56 13
43 58 17
43 61 74
43 73 78
43 78 61
43 79 13
43 88 57
44 91 87
44 62 52
44 63 84
44 71 74
44 49 44
44 47 26
44 77 71
44 70 35
44 92 78
44 94 8
44 88 67
44 59 9
44 51 27
44 67 29
44 75 41
44 56 53
44 58 33
44 69 99
44 73 51
44 52 88
44 90 83
44 89 18
44 96 2
44 93 56
44 55 31
44 84 34
44 66 63
44 97 85
44 54 8
44 87 17
44 95 89
44 48 83
44 50 49
44 60 81
44 61 15
44 68 66
44 76 41
44 78 92
44 79 51
44 80 63
44 81 85
44 86 3
44 98 79
45 62 44
45 91 67
45 86 54
45 47 30
45 49 79
45 51 16
45 53 23
45 55 2
45 56 3
45 57 83
45 59 36
45 60 76
45 64 64
45 67 46
45 69 66
45 70 48
45 73 68
45 78 86
45 79 5
45 81 31
45 84 38
45 88 50
45 89 83
45 92 11
45 94 63
45 97 61
45 99 5
46 68 85
46 94 1
46 75 56
46 60 88
46 95 58
46 49 79
46 87 35
46 86 84
46 50 2
46 82 59
46 79 68
46 84 30
46 71 98
46 69 77
46 81 70
46 90 8
46 51 2
46 52 9
46 53 84
46 57 54
46 61 90
46 62 34
46 65 91
46 70 41
46 73 69
46 74 34
46 78 47
46 88 62
46 89 32
46 91 39
46 92 58
46 97 82
46 98 55
47 76 28
47 73 30
47 81 69
47 74 79
47 94 83
47 63 40
47 71 47
47 52 51
47 87 73
47 86 64
47 60 92
47 85 26
47 84 40
47 56 57
47 99 64
47 72 82
47 66 22
47 89 70
47 68 3
47 57 94
47 70 86
47 83 7
47 98 17
47 53 8
47 54 56
47 97 58
47 75 25
47 79 55
47 51 45
47 88 84
47 93 33
47 80 86
47 90 84
47 59 55
47 48 52
47 61 23
47 69 73
47 78 69
47 91 94
47 92 31
48 83 30
48 97 15
48 56 44
48 96 65
48 64 36
48 94 60
48 80 25
48 82 24
48 62 55
48 51 73
48 85 70
48 92 62
48 66 54
48 98 28
48 95 55
48 88 54
48 61 8
48 49 97
48 53 68
48 55 28
48 57 37
48 59 17
48 67 3
48 68 62
48 69 70
48 70 42
48 73 26
48 79 67
48 84 27
48 90 36
48 91 62
49 81 92
49 85 9
49 60 60
49 52 13
49 69 5
49 84 32
49 82 8
49 74 86
49 70 50
49 79 17
49 59 82
49 87 41
49 68 68
49 83 3
49 67 97
49 50 65
49 73 64
49 94 30
49 71 20
49 93 8
49 57 23
49 61 33
49 88 29
49 66 12
49 56 26
49 80 48
49 54 57
49 53 58
49 55 94
49 62 57
49 63 98
49 78 20
49 89 29
49 91 92
49 92 73
49 96 51
49 97 26
49 98 86
50 66 85
50 72 28
50 52 52
50 96 76
50 81 56
50 55 98
50 62 73
50 71 93
50 76 82
50 98 8
50 59 43
50 80 41
50 54 17
50 73 19
50 75 20
50 88 38
50 83 60
50 85 80
50 77 73
50 74 61
50 90 26
50 70 57
50 89 40
50 61 56
50 51 11
50 53 75
50 57 90
50 65 83
50 68 5
50 79 69
50 84 6
50 92 89
50 93 17
50 94 66
50 97 36
51 72 10
51 81 77
51 69 82
51 57 14
51 52 4
51 88 76
51 66 25
51 99 78
51 84 83
51 58 57
51 78 10
51 63 52
51 74 23
51 70 87
51 80 11
51 75 68
51 53 38
51 55 90
51 59 56
51 60 56
51 61 7
51 62 54
51 77 8
51 79 7
51 86 9
51 89 24
51 91 65
51 92 30
51 94 44
51 97 51
51 98 62
52 81 6
52 65 6
52 73 9
52 63 68
52 53 36
52 56 26
52 78 19
52 59 66
52 92 17
52 57 33
52 60 99
52 62 26
52 67 6
52 69 46
52 70 77
52 72 32
52 74 33
52 77 60
52 79 61
52 80 55
52 84 81
52 85 20
52 88 45
52 90 48
52 97 22
52 99 63
53 76 37
53 91 72
53 98 71
53 83 9
53 68 13
53 93 32
53 71 22
53 92 63
53 82 22
53 79 14
53 62 85
53 89 87
53 59 44
53 85 21
53 75 23
53 64 97
53 72 93
53 63 78
53 73 99
53 95 27
53 80 79
53 60 19
53 54 35
53 67 18
53 78 27
53 58 30
53 61 59
53 96 27
53 69 85
53 97 9
53 81 43
53 87 59
53 65 95
53 84 41
53 86 60
53 74 41
53 55 43
53 94 56
53 57 33
53 66 17
53 70 15
53 77 55
53 88 94
53 99 42
54 88 16
54 57 36
54 61 79
54 65 89
54 66 56
54 69 68
54 70 57
54 73 98
54 81 11
54 84 47
54 87 16
54 91 5
54 97 96
54 99 24
55 97 90
55 76 97
55 80 22
55 92 4
55 86 91
55 68 50
55 75 75
55 56 47
55 66 81
55 64 91
55 87 60
55 83 51
55 82 82
55 98 31
55 72 49
55 95 73
55 85 51
55 99 70
55 94 42
55 67 19
55 89 37
55 71 36
55 81 99
55 61 69
55 69 65
55 90 81
55 58 2
55 59 4
55 88 23
55 96 63
55 65 73
55 62 89
55 57 23
55 60 35
55 63 27
55 70 82
55 73 16
55 74 42
55 78 73
55 79 66
55 91 77
55 93 39
56 61 99
56 84 37
56 94 41
56 60 58
56 89 16
56 82 99
56 68 43
56 57 16
56 62 66
56 63 9
56 66 28
56 69 88
56 70 64
56 71 21
56 73 79
56 74 11
56 78 74
56 79 64
56 80 37
56 81 70
56 83 65
56 88 47
56 91 41
56 93 72
56 95 64
56 97 31
56 98 5
56 99 98
57 60 81
57 80 28
57 81 87
57 89 11
57 68 4
57 92 17
57 99 68
57 59 40
57 62 75
57 83 8
57 78 96
57 63 52
57 77 24
57 65 17
57 90 48
57 64 72
57 61 50
57 70 98
57 75 9
57 74 3
57 84 68
57 66 60
57 96 24
57 91 57
57 93 7
57 95 71
57 58 33
57 79 48
57 94 99
57 98 51
57 72 26
57 73 68
57 76 97
57 87 16
57 67 38
57 69 7
57 86 54
57 88 4
57 97 57
58 78 36
58 68 46
58 86 69
58 65 41
58 59 46
58 61 37
58 63 24
58 69 52
58 70 14
58 72 18
58 73 31
58 79 14
58 81 17
58 84 86
58 85 34
58 87 77
58 88 85
58 89 13
58 91 11
58 92 75
58 94 23
58 97 94
59 73 19
59 66 10
59 87 21
59 60 4
59 79 93
59 98 29
59 77 45
59 80 61
59 88 85
59 78 55
59 82 70
59 64 55
59 62 91
59 95 12
59 81 86
59 91 65
59 72 52
59 63 41
59 94 43
59 89 76
59 97 11
59 70 12
59 75 64
59 93 10
59 96 92
59 92 85
59 61 44
59 76 17
59 74 15
59 67 31
59 68 60
59 85 81
59 69 8
59 83 60
59 84 14
59 90 74
59 99 66
60 66 42
60 63 94
60 70 99
60 85 34
60 81 12
60 78 90
60 88 74
60 83 44
60 84 77
60 64 2
60 80 35
60 76 61
60 77 22
60 67 18
60 86 79
60 68 56
60 98 25
60 74 98
60 97 56
60 69 99
60 61 88
60 71 12
60 82 72
60 92 10
60 93 57
60 73 38
60 65 90
60 89 97
60 91 6
60 75 60
60 90 28
60 72 47
60 94 42
60 99 80
61 79 48
61 99 66
61 91 91
61 98 36
61 88 56
61 66 60
61 65 26
61 85 62
61 95 93
61 76 6
61 62 20
61 93 47
61 90 60
61 71 58
61 86 59
61 74 75
61 80 94
61 92 28
61 72 33
61 69 30
61 77 36
61 70 32
61 83 70
61 67 54
61 94 21
61 63 27
61 97 87
61 84 44
61 78 49
61 81 53
61 87 30
61 64 56
62 69 16
62 90 6
62 65 36
62 91 43
62 97 87
62 71 36
62 73 80
62 82 10
62 94 12
62 86 58
62 77 10
62 76 53
62 87 11
62 80 82
62 81 19
62 75 4
62 92 76
62 66 55
62 89 10
62 70 33
62 74 40
62 78 99
62 79 80
62 88 49
62 93 15
62 98 37
62 99 74
63 79 57
63 66 14
63 76 52
63 64 33
63 65 72
63 78 89
63 94 98
63 97 33
63 86 99
63 82 27
63 88 79
63 67 30
63 84 72
63 69 49
63 70 83
63 72 46
63 73 73
63 74 71
63 81 92
63 89 86
63 90 99
63 91 32
63 92 48
63 95 79
63 98 92
63 99 79
64 74 83
64 86 94
64 65 47
64 73 31
64 89 44
64 99 30
64 72 56
64 68 59
64 69 3
64 70 93
64 76 77
64 78 23
64 79 78
64 81 16
64 84 51
64 87 87
64 88 64
64 90 98
64 91 97
64 94 40
64 97 64
64 98 9
65 99 41
65 81 54
65 73 65
65 74 44
65 77 12
65 88 6
65 83 65
65 76 30
65 93 10
65 66 97
65 67 18
65 68 53
65 70 10
65 71 82
65 72 87
65 80 61
65 84 20
65 89 72
65 91 96
65 94 18
65 97 42
65 98 84
66 86 85
66 72 50
66 68 25
66 79 89
66 94 80
66 74 87
66 91 58
66 87 50
66 96 17
66 67 19
66 69 46
66 70 62
66 78 44
66 84 53
66 88 92
66 73 11
66 76 40
66 92 71
66 77 48
66 75 24
66 85 69
66 80 63
66 81 84
66 90 95
66 95 8
66 97 65
66 98 74
67 82 44
67 96 52
67 74 44
67 90 22
67 68 84
67 83 78
67 87 5
67 81 8
67 69 90
67 70 70
67 73 51
67 76 99
67 79 90
67 80 79
67 84 6
67 86 68
67 88 54
67 91 43
67 97 42
67 98 85
68 69 38
68 71 34
68 84 62
68 76 2
68 77 69
68 70 88
68 73 2
68 74 93
68 78 32
68 79 34
68 80 79
68 85 78
68 88 18
68 90 81
68 91 10
68 98 76
69 79 76
69 94 5
69 77 18
69 73 54
69 87 93
69 71 79
69 95 14
69 85 62
69 82 53
69 84 3
69 88 32
69 86 77
69 78 11
69 70 55
69 97 22
69 81 52
69 93 88
69 99 97
69 91 88
69 90 75
69 76 52
69 72 59
69 98 18
69 74 3
69 80 17
69 92 40
69 89 98
70 84 42
70 90 67
70 86 27
70 71 70
70 78 83
70 81 95
70 95 67
70 82 69
70 98 21
70 77 7
70 91 68
70 76 49
70 88 98
70 94 27
70 97 91
70 92 69
70 96 41
70 83 87
70 79 4
70 74 4
70 93 83
70 89 51
70 85 72
70 87 64
70 80 71
70 75 27
70 99 47
70 73 46
70 72 57
71 95 68
71 72 73
71 90 29
71 83 62
71 77 94
71 73 58
71 96 10
71 91 74
71 98 5
71 78 12
71 79 1
71 80 54
71 81 39
71 84 57
71 87 39
71 88 51
71 92 64
71 93 40
71 94 69
71 99 73
72 78 94
72 76 2
72 90 44
72 82 7
72 74 30
72 79 30
72 80 78
72 81 12
72 84 15
72 87 44
72 88 32
72 91 61
72 93 86
72 94 60
72 95 15
72 97 79
72 99 98
73 94 54
73 85 17
73 76 97
73 74 82
73 81 43
73 89 84
73 97 87
73 87 2
73 86 95
73 79 62
73 88 51
73 98 97
73 91 16
73 78 23
73 93 42
73 99 13
73 80 84
73 84 42
73 90 43
73 92 78
73 95 56
74 90 39
74 75 1
74 92 27
74 96 55
74 81 79
74 76 9
74 85 45
74 86 76
74 79 18
74 82 29
74 84 49
74 88 81
74 91 68
74 94 16
74 95 65
74 97 17
74 98 14
74 99 52
75 78 4
75 79 3
75 96 35
75 76 25
75 81 20
75 84 33
75 86 66
75 88 78
75 89 4
75 91 28
75 94 16
75 97 41
75 98 89
75 99 3
76 95 51
76 93 59
76 90 80
76 87 17
76 80 13
76 92 23
76 81 40
76 79 79
76 85 85
76 78 47
76 84 50
76 88 2
76 89 90
76 91 11
76 94 95
76 97 54
77 86 87
77 90 71
77 95 47
77 97 61
77 78 53
77 79 79
77 83 59
77 84 95
77 88 30
77 91 20
77 92 11
77 98 85
78 91 46
78 79 72
78 99 4
78 98 43
78 85 5
78 90 70
78 81 72
78 82 31
78 94 28
78 97 92
78 95 57
78 93 27
78 87 54
78 89 11
78 84 98
78 86 61
78 88 50
78 92 95
79 96 23
79 92 67
79 90 84
79 94 15
79 88 73
79 84 99
79 86 90
79 91 56
79 82 10
79 98 13
79 80 42
79 95 73
79 83 21
79 89 58
79 85 89
79 81 95
79 99 61
79 93 39
79 97 83
80 99 22
80 81 16
80 90 91
80 96 95
80 82 71
80 93 81
80 84 4
80 85 67
80 94 8
80 86 24
80 88 77
80 89 52
80 92 70
80 97 98
80 98 33
81 92 64
81 82 63
81 86 58
81 91 2
81 83 48
81 94 9
81 98 28
81 90 10
81 99 68
81 85 95
81 93 49
81 96 7
81 89 63
81 84 7
81 87 7
81 88 92
81 97 43
82 88 86
82 89 89
82 90 72
82 91 30
82 92 89
82 94 72
82 97 4
82 98 57
83 99 94
83 93 42
83 84 10
83 88 86
83 89 66
83 91 38
83 95 62
83 97 89
84 90 33
84 91 36
84 92 15
84 95 6
84 99 99
84 94 68
84 87 10
84 93 52
84 88 98
84 89 19
84 97 91
84 98 74
84 86 7
84 96 54
85 87 47
85 94 26
85 89 55
85 92 30
85 88 54
85 91 26
85 97 3
86 94 25
86 89 62
86 92 14
86 96 28
86 97 52
86 88 17
86 90 15
86 91 31
86 98 71
87 97 4
87 94 84
87 96 58
87 91 35
87 88 36
87 93 71
87 89 27
87 92 68
87 98 38
87 99 46
88 89 2
88 92 63
88 95 49
88 91 61
88 94 81
88 97 77
88 93 62
88 96 24
88 90 90
88 99 82
89 94 20
89 95 76
89 90 39
89 99 43
89 92 32
89 93 31
89 91 10
89 97 48
90 92 76
90 95 19
90 94 86
90 99 1
90 91 90
90 97 86
90 98 16
91 98 7
91 92 9
91 97 82
91 96 86
91 93 8
91 95 36
91 94 17
91 99 55
92 97 91
92 98 56
92 95 18
92 99 13
92 94 92
93 95 83
93 99 52
93 94 80
93 97 42
93 98 18
94 99 91
94 98 38
94 95 29
94 97 50
94 96 49
95 97 31
95 99 90
96 97 38
96 98 39
96 99 43
97 99 25
97 98 79