55
0 1 37.3
0 7 67
1 10 9
1 12 0.8
2 7 87.6
2 3 2.18
3 8 4.2
3 13 97.7
4 7 1.68
4 12 5.39
5 36 35.3
5 14 7.24
6 9 66.6
6 14 34.5
7 24 54.3
7 49 9.34
8 17 0.45
8 51 8.37
9 23 46.9
9 42 6.84
10 11 8.6
10 27 53
11 19 0.23
11 54 11.7
12 28 8.63
12 52 10.3
13 32 28.5
13 45 4.16
14 19 17.3
14 24 85.8
15 16 1.96
15 36 37.4
16 42 7
16 52 96.2
17 27 4.85
17 33 90.1
18 28 10.3
18 48 65.7
19 21 74.7
19 38 5.03
20 47 35
20 50 23.4
21 31 0.49
21 41 19.9
22 24 68.9
22 31 93.2
23 49 71.2
23 53 11.3
24 28 40.1
24 44 9.46
25 46 84
25 48 0.12
26 43 8.48
26 48 79.3
27 37 6.24
27 47 72.8
28 32 7.66
28 45 76.1
29 36 40
29 39 89.2
30 44 6.64
30 51 34.8
31 50 41.1
31 54 3.25
32 46 7.62
32 35 8.92
33 46 70.5
33 48 16.3
34 38 1.68
34 41 62.9
35 43 23.6
35 49 43.2
36 38 9.14
36 47 70.6
37 46 1.9
37 49 53.3
38 52 95
38 53 63.6
39 46 7.6
39 48 62.9
40 41 68.4
40 43 4.90