93
0 1 40
0 2 32
0 3 33
0 4 2
0 5 18
0 6 11
0 7 23
0 8 20
0 9 32
0 10 80
0 11 35
0 12 75
0 13 13
0 14 72
0 15 61
0 16 72
0 17 40
0 18 88
0 19 70
0 20 7
0 21 80
0 22 12
0 23 4
0 24 23
0 25 95
0 26 83
0 27 50
0 28 24
0 29 31
0 30 50
0 31 53
0 32 40
0 33 28
0 34 61
0 35 5
0 36 44
0 37 7
0 38 68
0 39 97
0 40 41
0 41 15
0 42 21
0 43 37
0 44 45
0 45 39
0 46 58
0 47 86
0 48 31
0 49 63
0 50 72
0 51 28
0 52 50
0 53 60
0 54 95
0 55 92
0 56 50
0 57 72
0 58 35
0 59 6
0 60 44
0 61 60
0 62 10
0 63 50
0 64 23
0 65 28
0 66 89
0 67 13
0 68 10
0 69 17
0 70 89
0 71 18
0 72 23
0 73 11
0 74 78
0 75 16
0 76 46
0 77 44
0 78 43
0 79 36
0 80 31
0 81 37
0 82 21
0 83 88
0 84 12
0 85 70
0 86 48
0 87 47
0 88 62
0 89 78
0 90 59
0 91 75
0 92 11
1 2 86
1 3 7
1 4 26
1 5 34
1 6 30
1 7 78
1 8 57
1 9 53
1 10 48
1 11 8
1 12 57
1 13 54
1 14 26
1 15 75
1 16 80
1 17 94
1 18 7
1 19 88
1 20 83
1 21 99
1 22 92
1 23 33
1 24 83
1 25 47
1 26 70
1 27 28
1 28 53
1 29 56
1 30 82
1 31 5
1 32 92
1 33 90
1 34 16
1 35 84
1 36 9
1 37 61
1 38 42
1 39 12
1 40 77
1 41 98
1 42 32
1 43 8
1 44 78
1 45 60
1 46 97
1 47 72
1 48 71
1 49 24
1 50 69
1 51 71
1 52 82
1 53 60
1 54 54
1 55 68
1 56 1
1 57 90
1 58 25
1 59 95
1 60 37
1 61 8
1 62 60
1 63 48
1 64 61
1 65 87
1 66 96
1 67 87
1 68 35
1 69 53
1 70 39
1 71 63
1 72 22
1 73 45
1 74 30
1 75 7
1 76 77
1 77 12
1 78 71
1 79 4
1 80 78
1 81 25
1 82 77
1 83 61
1 84 6
1 85 92
1 86 4
1 87 58
1 88 26
1 89 76
1 90 58
1 91 16
1 92 5
2 3 7
2 4 83
2 5 86
2 6 65
2 7 84
2 8 94
2 9 77
2 10 30
2 11 40
2 12 11
2 13 20
2 14 23
2 15 37
2 16 98
2 17 68
2 18 21
2 19 14
2 20 48
2 21 74
2 22 6
2 23 90
2 24 40
2 25 45
2 26 17
2 27 62
2 28 61
2 29 63
2 30 63
2 31 41
2 32 61
2 33 77
2 34 59
2 35 41
2 36 32
2 37 87
2 38 29
2 39 77
2 40 51
2 41 15
2 42 72
2 43 95
2 44 54
2 45 17
2 46 37
2 47 33
2 48 32
2 49 42
2 50 87
2 51 19
2 52 56
2 53 34
2 54 23
2 55 28
2 56 92
2 57 71
2 58 7
2 59 89
2 60 90
2 61 98
2 62 10
2 63 82
2 64 26
2 65 26
2 66 9
2 67 92
2 68 7
2 69 56
2 70 89
2 71 69
2 72 43
2 73 24
2 74 25
2 75 87
2 76 67
2 77 18
2 78 76
2 79 93
2 80 85
2 81 9
2 82 10
2 83 43
2 84 72
2 85 92
2 86 56
2 87 8
2 88 32
2 89 1
2 90 56
2 91 42
2 92 24
3 4 26
3 5 80
3 6 8
3 7 11
3 8 34
3 9 14
3 10 77
3 11 2
3 12 22
3 13 37
3 14 78
3 15 7
3 16 18
3 17 72
3 18 86
3 19 41
3 20 33
3 21 78
3 22 86
3 23 72
3 24 40
3 25 40
3 26 53
3 27 27
3 28 11
3 29 58
3 30 98
3 31 68
3 32 2
3 33 51
3 34 62
3 35 93
3 36 34
3 37 11
3 38 53
3 39 60
3 40 80
3 41 33
3 42 62
3 43 65
3 44 52
3 45 62
3 46 48
3 47 74
3 48 48
3 49 17
3 50 12
3 51 13
3 52 16
3 53 2
3 54 93
3 55 69
3 56 95
3 57 76
3 58 93
3 59 17
3 60 22
3 61 27
3 62 32
3 63 42
3 64 25
3 65 66
3 66 32
3 67 20
3 68 12
3 69 35
3 70 48
3 71 81
3 72 15
3 73 70
3 74 29
3 75 98
3 76 17
3 77 60
3 78 44
3 79 15
3 80 3
3 81 66
3 82 60
3 83 56
3 84 94
3 85 60
3 86 26
3 87 81
3 88 82
3 89 53
3 90 70
3 91 50
3 92 75
4 5 38
4 6 54
4 7 98
4 8 97
4 9 13
4 10 74
4 11 80
4 12 40
4 13 84
4 14 15
4 15 99
4 16 1
4 17 21
4 18 16
4 19 68
4 20 99
4 21 64
4 22 47
4 23 46
4 24 21
4 25 79
4 26 75
4 27 1
4 28 53
4 29 75
4 30 51
4 31 8
4 32 6
4 33 26
4 34 82
4 35 2
4 36 80
4 37 98
4 38 52
4 39 59
4 40 86
4 41 81
4 42 17
4 43 83
4 44 42
4 45 91
4 46 30
4 47 57
4 48 66
4 49 1
4 50 20
4 51 58
4 52 56
4 53 78
4 54 95
4 55 25
4 56 90
4 57 40
4 58 3
4 59 30
4 60 60
4 61 36
4 62 11
4 63 31
4 64 93
4 65 81
4 66 79
4 67 56
4 68 41
4 69 90
4 70 73
4 71 33
4 72 14
4 73 14
4 74 12
4 75 34
4 76 23
4 77 51
4 78 28
4 79 53
4 80 59
4 81 28
4 82 62
4 83 19
4 84 97
4 85 76
4 86 75
4 87 52
4 88 1
4 89 11
4 90 6
4 91 37
4 92 79
5 6 82
5 7 87
5 8 93
5 9 19
5 10 93
5 11 34
5 12 93
5 13 98
5 14 81
5 15 83
5 16 73
5 17 66
5 18 35
5 19 68
5 20 5
5 21 56
5 22 82
5 23 57
5 24 64
5 25 22
5 26 5
5 27 32
5 28 34
5 29 75
5 30 95
5 31 71
5 32 96
5 33 66
5 34 92
5 35 62
5 36 62
5 37 11
5 38 1
5 39 79
5 40 30
5 41 37
5 42 96
5 43 41
5 44 91
5 45 49
5 46 61
5 47 76
5 48 75
5 49 15
5 50 24
5 51 52
5 52 75
5 53 48
5 54 39
5 55 58
5 56 49
5 57 78
5 58 47
5 59 19
5 60 31
5 61 61
5 62 26
5 63 50
5 64 3
5 65 70
5 66 35
5 67 35
5 68 41
5 69 21
5 70 92
5 71 72
5 72 68
5 73 31
5 74 15
5 75 65
5 76 89
5 77 83
5 78 58
5 79 95
5 80 55
5 81 58
5 82 22
5 83 24
5 84 46
5 85 84
5 86 29
5 87 39
5 88 28
5 89 38
5 90 89
5 91 95
5 92 50
6 7 74
6 8 53
6 9 23
6 10 17
6 11 90
6 12 25
6 13 71
6 14 52
6 15 23
6 16 65
6 17 40
6 18 31
6 19 91
6 20 39
6 21 99
6 22 52
6 23 73
6 24 54
6 25 36
6 26 43
6 27 41
6 28 18
6 29 50
6 30 77
6 31 22
6 32 17
6 33 53
6 34 27
6 35 27
6 36 1
6 37 29
6 38 62
6 39 59
6 40 93
6 41 73
6 42 96
6 43 52
6 44 79
6 45 30
6 46 19
6 47 22
6 48 68
6 49 26
6 50 2
6 51 18
6 52 36
6 53 29
6 54 6
6 55 59
6 56 10
6 57 16
6 58 10
6 59 11
6 60 33
6 61 54
6 62 81
6 63 15
6 64 9
6 65 32
6 66 2
6 67 18
6 68 53
6 69 33
6 70 69
6 71 41
6 72 41
6 73 83
6 74 40
6 75 27
6 76 41
6 77 27
6 78 22
6 79 31
6 80 72
6 81 74
6 82 95
6 83 89
6 84 74
6 85 2
6 86 6
6 87 52
6 88 69
6 89 81
6 90 29
6 91 17
6 92 29
7 8 14
7 9 48
7 10 49
7 11 86
7 12 4
7 13 21
7 14 30
7 15 40
7 16 75
7 17 5
7 18 86
7 19 89
7 20 58
7 21 10
7 22 46
7 23 21
7 24 24
7 25 17
7 26 36
7 27 16
7 28 15
7 29 49
7 30 50
7 31 32
7 32 49
7 33 18
7 34 94
7 35 91
7 36 14
7 37 59
7 38 94
7 39 40
7 40 52
7 41 18
7 42 8
7 43 3
7 44 92
7 45 91
7 46 11
7 47 28
7 48 37
7 49 31
7 50 43
7 51 53
7 52 17
7 53 27
7 54 25
7 55 92
7 56 34
7 57 57
7 58 94
7 59 27
7 60 39
7 61 67
7 62 75
7 63 56
7 64 65
7 65 31
7 66 77
7 67 25
7 68 94
7 69 10
7 70 25
7 71 86
7 72 36
7 73 89
7 74 17
7 75 78
7 76 66
7 77 23
7 78 58
7 79 85
7 80 25
7 81 86
7 82 25
7 83 39
7 84 83
7 85 60
7 86 84
7 87 96
7 88 48
7 89 61
7 90 62
7 91 6
7 92 41
8 9 18
8 10 97
8 11 37
8 12 67
8 13 89
8 14 40
8 15 55
8 16 19
8 17 2
8 18 51
8 19 7
8 20 33
8 21 12
8 22 89
8 23 8
8 24 54
8 25 49
8 26 26
8 27 76
8 28 34
8 29 39
8 30 92
8 31 30
8 32 94
8 33 54
8 34 98
8 35 15
8 36 3
8 37 50
8 38 30
8 39 74
8 40 96
8 41 5
8 42 29
8 43 51
8 44 95
8 45 83
8 46 73
8 47 90
8 48 34
8 49 27
8 50 1
8 51 88
8 52 26
8 53 80
8 54 95
8 55 89
8 56 52
8 57 18
8 58 72
8 59 52
8 60 42
8 61 40
8 62 19
8 63 3
8 64 91
8 65 79
8 66 57
8 67 80
8 68 96
8 69 18
8 70 74
8 71 82
8 72 14
8 73 12
8 74 19
8 75 94
8 76 79
8 77 75
8 78 32
8 79 82
8 80 23
8 81 37
8 82 85
8 83 62
8 84 19
8 85 97
8 86 26
8 87 12
8 88 19
8 89 57
8 90 77
8 91 82
8 92 84
9 10 15
9 11 81
9 12 70
9 13 13
9 14 95
9 15 74
9 16 19
9 17 60
9 18 51
9 19 68
9 20 91
9 21 68
9 22 30
9 23 84
9 24 92
9 25 90
9 26 72
9 27 64
9 28 84
9 29 4
9 30 28
9 31 79
9 32 55
9 33 12
9 34 46
9 35 50
9 36 77
9 37 80
9 38 19
9 39 30
9 40 22
9 41 50
9 42 97
9 43 91
9 44 87
9 45 58
9 46 9
9 47 36
9 48 62
9 49 23
9 50 37
9 51 5
9 52 63
9 53 64
9 54 22
9 55 57
9 56 75
9 57 13
9 58 8
9 59 50
9 60 75
9 61 42
9 62 70
9 63 38
9 64 20
9 65 20
9 66 91
9 67 80
9 68 31
9 69 97
9 70 38
9 71 41
9 72 16
9 73 31
9 74 67
9 75 79
9 76 61
9 77 52
9 78 68
9 79 53
9 80 24
9 81 6
9 82 99
9 83 71
9 84 85
9 85 51
9 86 92
9 87 50
9 88 3
9 89 82
9 90 6
9 91 71
9 92 60
10 11 44
10 12 51
10 13 67
10 14 22
10 15 38
10 16 43
10 17 59
10 18 85
10 19 9
10 20 99
10 21 1
10 22 82
10 23 13
10 24 9
10 25 20
10 26 77
10 27 89
10 28 87
10 29 9
10 30 76
10 31 37
10 32 17
10 33 56
10 34 61
10 35 82
10 36 26
10 37 28
10 38 30
10 39 81
10 40 84
10 41 88
10 42 31
10 43 11
10 44 52
10 45 20
10 46 78
10 47 59
10 48 32
10 49 49
10 50 18
10 51 93
10 52 32
10 53 10
10 54 40
10 55 99
10 56 90
10 57 89
10 58 43
10 59 98
10 60 67
10 61 75
10 62 1
10 63 67
10 64 64
10 65 18
10 66 90
10 67 32
10 68 80
10 69 29
10 70 87
10 71 78
10 72 40
10 73 29
10 74 89
10 75 84
10 76 48
10 77 17
10 78 50
10 79 28
10 80 74
10 81 43
10 82 59
10 83 36
10 84 3
10 85 61
10 86 35
10 87 12
10 88 35
10 89 77
10 90 11
10 91 32
10 92 40
11 12 89
11 13 80
11 14 23
11 15 85
11 16 25
11 17 33
11 18 19
11 19 43
11 20 6
11 21 91
11 22 68
11 23 78
11 24 65
11 25 80
11 26 83
11 27 52
11 28 57
11 29 45
11 30 97
11 31 77
11 32 45
11 33 75
11 34 63
11 35 74
11 36 95
11 37 72
11 38 75
11 39 51
11 40 51
11 41 10
11 42 51
11 43 76
11 44 83
11 45 13
11 46 8
11 47 2
11 48 35
11 49 20
11 50 85
11 51 43
11 52 56
11 53 3
11 54 36
11 55 77
11 56 74
11 57 53
11 58 84
11 59 58
11 60 83
11 61 11
11 62 55
11 63 96
11 64 15
11 65 29
11 66 61
11 67 2
11 68 94
11 69 98
11 70 1
11 71 11
11 72 32
11 73 18
11 74 89
11 75 50
11 76 83
11 77 35
11 78 34
11 79 97
11 80 64
11 81 22
11 82 80
11 83 50
11 84 20
11 85 68
11 86 56
11 87 96
11 88 61
11 89 9
11 90 77
11 91 89
11 92 19
12 13 92
12 14 22
12 15 54
12 16 44
12 17 42
12 18 36
12 19 29
12 20 46
12 21 85
12 22 30
12 23 77
12 24 34
12 25 85
12 26 91
12 27 16
12 28 18
12 29 4
12 30 84
12 31 11
12 32 91
12 33 94
12 34 33
12 35 78
12 36 75
12 37 88
12 38 17
12 39 26
12 40 98
12 41 47
12 42 38
12 43 13
12 44 93
12 45 78
12 46 7
12 47 26
12 48 78
12 49 72
12 50 35
12 51 66
12 52 47
12 53 61
12 54 30
12 55 76
12 56 14
12 57 50
12 58 27
12 59 79
12 60 81
12 61 51
12 62 86
12 63 36
12 64 94
12 65 98
12 66 98
12 67 88
12 68 62
12 69 31
12 70 79
12 71 53
12 72 66
12 73 11
12 74 89
12 75 80
12 76 51
12 77 33
12 78 11
12 79 81
12 80 40
12 81 69
12 82 12
12 83 94
12 84 10
12 85 33
12 86 3
12 87 69
12 88 57
12 89 45
12 90 71
12 91 13
12 92 13
13 14 16
13 15 89
13 16 13
13 17 20
13 18 34
13 19 12
13 20 78
13 21 19
13 22 41
13 23 67
13 24 42
13 25 99
13 26 24
13 27 25
13 28 19
13 29 25
13 30 27
13 31 56
13 32 70
13 33 19
13 34 28
13 35 66
13 36 9
13 37 1
13 38 23
13 39 17
13 40 17
13 41 86
13 42 23
13 43 62
13 44 78
13 45 27
13 46 53
13 47 83
13 48 80
13 49 43
13 50 10
13 51 41
13 52 45
13 53 55
13 54 29
13 55 83
13 56 55
13 57 66
13 58 33
13 59 49
13 60 44
13 61 42
13 62 92
13 63 19
13 64 18
13 65 42
13 66 85
13 67 86
13 68 61
13 69 10
13 70 22
13 71 7
13 72 16
13 73 60
13 74 75
13 75 61
13 76 22
13 77 23
13 78 31
13 79 53
13 80 30
13 81 60
13 82 50
13 83 61
13 84 63
13 85 92
13 86 49
13 87 95
13 88 67
13 89 70
13 90 87
13 91 4
13 92 66
14 15 86
14 16 20
14 17 50
14 18 70
14 19 84
14 20 6
14 21 28
14 22 54
14 23 89
14 24 33
14 25 66
14 26 91
14 27 48
14 28 88
14 29 3
14 30 85
14 31 6
14 32 46
14 33 89
14 34 47
14 35 5
14 36 84
14 37 9
14 38 37
14 39 26
14 40 70
14 41 67
14 42 94
14 43 26
14 44 66
14 45 49
14 46 72
14 47 72
14 48 78
14 49 13
14 50 4
14 51 15
14 52 10
14 53 78
14 54 40
14 55 85
14 56 97
14 57 16
14 58 64
14 59 31
14 60 55
14 61 55
14 62 62
14 63 51
14 64 69
14 65 88
14 66 12
14 67 59
14 68 91
14 69 76
14 70 20
14 71 15
14 72 30
14 73 37
14 74 89
14 75 28
14 76 66
14 77 8
14 78 35
14 79 82
14 80 96
14 81 72
14 82 76
14 83 25
14 84 33
14 85 57
14 86 15
14 87 90
14 88 90
14 89 97
14 90 51
14 91 66
14 92 32
15 16 60
15 17 49
15 18 52
15 19 62
15 20 56
15 21 35
15 22 82
15 23 18
15 24 75
15 25 77
15 26 3
15 27 4
15 28 8
15 29 67
15 30 87
15 31 8
15 32 37
15 33 98
15 34 49
15 35 23
15 36 81
15 37 27
15 38 89
15 39 44
15 40 41
15 41 95
15 42 26
15 43 98
15 44 95
15 45 71
15 46 74
15 47 71
15 48 76
15 49 36
15 50 80
15 51 58
15 52 5
15 53 68
15 54 11
15 55 80
15 56 88
15 57 17
15 58 40
15 59 75
15 60 31
15 61 66
15 62 44
15 63 19
15 64 90
15 65 9
15 66 28
15 67 3
15 68 19
15 69 71
15 70 23
15 71 39
15 72 29
15 73 30
15 74 93
15 75 26
15 76 47
15 77 27
15 78 40
15 79 70
15 80 79
15 81 34
15 82 65
15 83 43
15 84 55
15 85 62
15 86 64
15 87 83
15 88 40
15 89 67
15 90 94
15 91 6
15 92 81
16 17 24
16 18 96
16 19 68
16 20 92
16 21 43
16 22 10
16 23 93
16 24 92
16 25 53
16 26 72
16 27 83
16 28 7
16 29 80
16 30 6
16 31 39
16 32 7
16 33 96
16 34 56
16 35 59
16 36 94
16 37 25
16 38 3
16 39 11
16 40 79
16 41 9
16 42 91
16 43 54
16 44 3
16 45 66
16 46 13
16 47 15
16 48 26
16 49 25
16 50 2
16 51 89
16 52 55
16 53 46
16 54 87
16 55 97
16 56 1
16 57 65
16 58 47
16 59 40
16 60 47
16 61 98
16 62 91
16 63 5
16 64 27
16 65 87
16 66 13
16 67 80
16 68 62
16 69 86
16 70 66
16 71 90
16 72 99
16 73 18
16 74 64
16 75 74
16 76 93
16 77 60
16 78 41
16 79 87
16 80 60
16 81 83
16 82 68
16 83 4
16 84 11
16 85 58
16 86 71
16 87 34
16 88 53
16 89 14
16 90 54
16 91 65
16 92 95
17 18 83
17 19 38
17 20 59
17 21 8
17 22 28
17 23 38
17 24 89
17 25 49
17 26 28
17 27 23
17 28 35
17 29 11
17 30 2
17 31 96
17 32 68
17 33 31
17 34 97
17 35 28
17 36 65
17 37 19
17 38 6
17 39 27
17 40 41
17 41 8
17 42 31
17 43 23
17 44 60
17 45 22
17 46 63
17 47 23
17 48 87
17 49 38
17 50 96
17 51 53
17 52 41
17 53 4
17 54 35
17 55 54
17 56 51
17 57 22
17 58 45
17 59 67
17 60 29
17 61 57
17 62 39
17 63 33
17 64 44
17 65 6
17 66 65
17 67 41
17 68 25
17 69 26
17 70 43
17 71 7
17 72 33
17 73 8
17 74 57
17 75 33
17 76 3
17 77 45
17 78 84
17 79 72
17 80 72
17 81 42
17 82 60
17 83 47
17 84 99
17 85 22
17 86 59
17 87 20
17 88 9
17 89 20
17 90 37
17 91 9
17 92 58
18 19 86
18 20 55
18 21 15
18 22 74
18 23 94
18 24 80
18 25 93
18 26 40
18 27 17
18 28 25
18 29 90
18 30 30
18 31 50
18 32 35
18 33 2
18 34 81
18 35 41
18 36 23
18 37 36
18 38 2
18 39 79
18 40 41
18 41 51
18 42 82
18 43 8
18 44 67
18 45 13
18 46 88
18 47 19
18 48 68
18 49 65
18 50 94
18 51 85
18 52 91
18 53 46
18 54 58
18 55 44
18 56 87
18 57 29
18 58 12
18 59 75
18 60 2
18 61 54
18 62 69
18 63 77
18 64 61
18 65 48
18 66 64
18 67 5
18 68 57
18 69 62
18 70 90
18 71 3
18 72 32
18 73 7
18 74 42
18 75 67
18 76 22
18 77 10
18 78 76
18 79 71
18 80 22
18 81 16
18 82 9
18 83 13
18 84 96
18 85 11
18 86 83
18 87 65
18 88 94
18 89 94
18 90 20
18 91 9
18 92 13
19 20 57
19 21 54
19 22 52
19 23 62
19 24 14
19 25 90
19 26 61
19 27 81
19 28 41
19 29 37
19 30 36
19 31 50
19 32 57
19 33 8
19 34 66
19 35 83
19 36 59
19 37 89
19 38 15
19 39 2
19 40 70
19 41 72
19 42 35
19 43 7
19 44 45
19 45 84
19 46 31
19 47 16
19 48 15
19 49 19
19 50 90
19 51 71
19 52 56
19 53 43
19 54 38
19 55 86
19 56 65
19 57 28
19 58 33
19 59 30
19 60 74
19 61 76
19 62 48
19 63 63
19 64 96
19 65 1
19 66 46
19 67 34
19 68 84
19 69 67
19 70 48
19 71 63
19 72 16
19 73 32
19 74 96
19 75 48
19 76 10
19 77 16
19 78 52
19 79 26
19 80 19
19 81 36
19 82 78
19 83 53
19 84 90
19 85 3
19 86 90
19 87 91
19 88 92
19 89 23
19 90 21
19 91 90
19 92 82
20 21 54
20 22 93
20 23 78
20 24 18
20 25 84
20 26 28
20 27 13
20 28 55
20 29 97
20 30 49
20 31 22
20 32 93
20 33 22
20 34 60
20 35 41
20 36 83
20 37 78
20 38 51
20 39 49
20 40 91
20 41 96
20 42 88
20 43 70
20 44 41
20 45 40
20 46 22
20 47 55
20 48 21
20 49 88
20 50 4
20 51 66
20 52 49
20 53 16
20 54 60
20 55 5
20 56 65
20 57 5
20 58 21
20 59 4
20 60 11
20 61 9
20 62 41
20 63 29
20 64 83
20 65 97
20 66 27
20 67 72
20 68 15
20 69 29
20 70 41
20 71 22
20 72 98
20 73 55
20 74 91
20 75 52
20 76 59
20 77 59
20 78 34
20 79 42
20 80 91
20 81 97
20 82 36
20 83 56
20 84 36
20 85 39
20 86 67
20 87 91
20 88 34
20 89 9
20 90 23
20 91 25
20 92 73
21 22 2
21 23 8
21 24 25
21 25 53
21 26 16
21 27 31
21 28 25
21 29 86
21 30 72
21 31 43
21 32 13
21 33 66
21 34 94
21 35 37
21 36 94
21 37 73
21 38 51
21 39 33
21 40 69
21 41 41
21 42 44
21 43 72
21 44 78
21 45 50
21 46 58
21 47 51
21 48 10
21 49 68
21 50 3
21 51 26
21 52 62
21 53 88
21 54 20
21 55 54
21 56 72
21 57 78
21 58 28
21 59 5
21 60 47
21 61 87
21 62 70
21 63 71
21 64 24
21 65 37
21 66 56
21 67 64
21 68 20
21 69 97
21 70 39
21 71 21
21 72 65
21 73 76
21 74 80
21 75 9
21 76 22
21 77 80
21 78 2
21 79 43
21 80 94
21 81 46
21 82 46
21 83 23
21 84 85
21 85 35
21 86 24
21 87 89
21 88 86
21 89 76
21 90 62
21 91 42
21 92 59
22 23 40
22 24 8
22 25 28
22 26 66
22 27 24
22 28 41
22 29 78
22 30 87
22 31 32
22 32 44
22 33 45
22 34 98
22 35 25
22 36 74
22 37 63
22 38 13
22 39 73
22 40 39
22 41 84
22 42 69
22 43 83
22 44 95
22 45 24
22 46 56
22 47 2
22 48 76
22 49 58
22 50 59
22 51 58
22 52 27
22 53 14
22 54 16
22 55 82
22 56 40
22 57 60
22 58 11
22 59 73
22 60 34
22 61 9
22 62 16
22 63 39
22 64 75
22 65 79
22 66 28
22 67 94
22 68 47
22 69 97
22 70 56
22 71 17
22 72 31
22 73 6
22 74 53
22 75 14
22 76 63
22 77 55
22 78 92
22 79 15
22 80 11
22 81 10
22 82 37
22 83 73
22 84 37
22 85 65
22 86 57
22 87 12
22 88 1
22 89 69
22 90 62
22 91 84
22 92 39
23 24 81
23 25 19
23 26 58
23 27 32
23 28 74
23 29 11
23 30 90
23 31 15
23 32 9
23 33 71
23 34 30
23 35 48
23 36 92
23 37 93
23 38 12
23 39 53
23 40 59
23 41 11
23 42 80
23 43 21
23 44 74
23 45 69
23 46 91
23 47 88
23 48 22
23 49 27
23 50 61
23 51 56
23 52 21
23 53 46
23 54 80
23 55 56
23 56 82
23 57 19
23 58 9
23 59 62
23 60 75
23 61 64
23 62 83
23 63 5
23 64 21
23 65 69
23 66 52
23 67 15
23 68 63
23 69 88
23 70 27
23 71 49
23 72 20
23 73 69
23 74 92
23 75 9
23 76 2
23 77 60
23 78 19
23 79 55
23 80 14
23 81 27
23 82 84
23 83 12
23 84 71
23 85 44
23 86 49
23 87 81
23 88 17
23 89 63
23 90 80
23 91 75
23 92 59
24 25 64
24 26 33
24 27 41
24 28 61
24 29 38
24 30 46
24 31 50
24 32 94
24 33 23
24 34 96
24 35 86
24 36 68
24 37 55
24 38 95
24 39 20
24 40 21
24 41 23
24 42 51
24 43 9
24 44 52
24 45 23
24 46 28
24 47 66
24 48 92
24 49 17
24 50 83
24 51 35
24 52 37
24 53 62
24 54 43
24 55 77
24 56 20
24 57 80
24 58 29
24 59 73
24 60 24
24 61 37
24 62 36
24 63 17
24 64 28
24 65 19
24 66 49
24 67 85
24 68 57
24 69 25
24 70 56
24 71 39
24 72 81
24 73 43
24 74 46
24 75 54
24 76 45
24 77 32
24 78 47
24 79 52
24 80 85
24 81 21
24 82 94
24 83 14
24 84 50
24 85 83
24 86 11
24 87 22
24 88 74
24 89 47
24 90 10
24 91 59
24 92 98
25 26 88
25 27 25
25 28 14
25 29 42
25 30 57
25 31 74
25 32 93
25 33 76
25 34 26
25 35 49
25 36 16
25 37 82
25 38 97
25 39 35
25 40 79
25 41 15
25 42 53
25 43 9
25 44 73
25 45 79
25 46 36
25 47 36
25 48 14
25 49 90
25 50 39
25 51 86
25 52 55
25 53 46
25 54 93
25 55 4
25 56 24
25 57 66
25 58 81
25 59 45
25 60 38
25 61 84
25 62 40
25 63 51
25 64 84
25 65 10
25 66 5
25 67 81
25 68 72
25 69 44
25 70 15
25 71 74
25 72 50
25 73 43
25 74 86
25 75 90
25 76 3
25 77 72
25 78 12
25 79 31
25 80 99
25 81 65
25 82 17
25 83 39
25 84 25
25 85 30
25 86 77
25 87 53
25 88 68
25 89 51
25 90 99
25 91 70
25 92 32
26 27 46
26 28 92
26 29 55
26 30 80
26 31 14
26 32 56
26 33 27
26 34 44
26 35 52
26 36 13
26 37 73
26 38 66
26 39 71
26 40 10
26 41 5
26 42 10
26 43 2
26 44 17
26 45 66
26 46 7
26 47 67
26 48 45
26 49 78
26 50 81
26 51 83
26 52 27
26 53 82
26 54 47
26 55 57
26 56 51
26 57 4
26 58 50
26 59 55
26 60 53
26 61 39
26 62 22
26 63 14
26 64 36
26 65 81
26 66 19
26 67 89
26 68 49
26 69 81
26 70 76
26 71 41
26 72 50
26 73 11
26 74 57
26 75 76
26 76 63
26 77 34
26 78 2
26 79 83
26 80 28
26 81 89
26 82 35
26 83 51
26 84 69
26 85 68
26 86 55
26 87 42
26 88 83
26 89 57
26 90 89
26 91 68
26 92 16
27 28 53
27 29 7
27 30 7
27 31 84
27 32 66
27 33 32
27 34 6
27 35 62
27 36 27
27 37 15
27 38 21
27 39 79
27 40 81
27 41 78
27 42 66
27 43 78
27 44 78
27 45 8
27 46 17
27 47 96
27 48 40
27 49 80
27 50 79
27 51 50
27 52 7
27 53 72
27 54 34
27 55 7
27 56 61
27 57 11
27 58 67
27 59 51
27 60 87
27 61 94
27 62 11
27 63 2
27 64 17
27 65 19
27 66 23
27 67 53
27 68 61
27 69 88
27 70 3
27 71 63
27 72 16
27 73 56
27 74 24
27 75 78
27 76 57
27 77 43
27 78 50
27 79 43
27 80 33
27 81 69
27 82 65
27 83 80
27 84 40
27 85 49
27 86 92
27 87 21
27 88 55
27 89 36
27 90 26
27 91 46
27 92 87
28 29 27
28 30 45
28 31 16
28 32 81
28 33 36
28 34 3
28 35 78
28 36 85
28 37 94
28 38 84
28 39 12
28 40 72
28 41 9
28 42 83
28 43 86
28 44 9
28 45 46
28 46 10
28 47 18
28 48 3
28 49 82
28 50 58
28 51 35
28 52 1
28 53 79
28 54 60
28 55 62
28 56 97
28 57 26
28 58 42
28 59 23
28 60 89
28 61 69
28 62 31
28 63 68
28 64 83
28 65 73
28 66 21
28 67 2
28 68 73
28 69 64
28 70 44
28 71 41
28 72 83
28 73 82
28 74 37
28 75 94
28 76 44
28 77 70
28 78 50
28 79 12
28 80 75
28 81 26
28 82 97
28 83 69
28 84 4
28 85 54
28 86 22
28 87 28
28 88 75
28 89 58
28 90 6
28 91 62
28 92 14
29 30 52
29 31 19
29 32 63
29 33 76
29 34 52
29 35 85
29 36 30
29 37 34
29 38 59
29 39 30
29 40 57
29 41 63
29 42 42
29 43 99
29 44 72
29 45 32
29 46 15
29 47 32
29 48 8
29 49 41
29 50 89
29 51 99
29 52 43
29 53 6
29 54 91
29 55 84
29 56 32
29 57 78
29 58 14
29 59 9
29 60 91
29 61 6
29 62 14
29 63 69
29 64 16
29 65 16
29 66 80
29 67 34
29 68 67
29 69 70
29 70 53
29 71 53
29 72 94
29 73 19
29 74 91
29 75 78
29 76 76
29 77 71
29 78 52
29 79 91
29 80 73
29 81 19
29 82 67
29 83 41
29 84 26
29 85 80
29 86 7
29 87 98
29 88 34
29 89 35
29 90 24
29 91 41
29 92 93
30 31 68
30 32 30
30 33 80
30 34 20
30 35 95
30 36 11
30 37 77
30 38 3
30 39 79
30 40 49
30 41 55
30 42 80
30 43 52
30 44 94
30 45 62
30 46 59
30 47 78
30 48 19
30 49 54
30 50 75
30 51 92
30 52 82
30 53 23
30 54 68
30 55 21
30 56 41
30 57 19
30 58 72
30 59 35
30 60 84
30 61 24
30 62 61
30 63 79
30 64 2
30 65 23
30 66 8
30 67 12
30 68 31
30 69 16
30 70 32
30 71 56
30 72 55
30 73 94
30 74 87
30 75 8
30 76 23
30 77 13
30 78 55
30 79 95
30 80 43
30 81 70
30 82 38
30 83 57
30 84 70
30 85 12
30 86 63
30 87 34
30 88 45
30 89 97
30 90 34
30 91 3
30 92 72
31 32 6
31 33 69
31 34 23
31 35 61
31 36 56
31 37 31
31 38 53
31 39 61
31 40 73
31 41 84
31 42 53
31 43 12
31 44 36
31 45 78
31 46 28
31 47 80
31 48 26
31 49 47
31 50 44
31 51 17
31 52 66
31 53 19
31 54 26
31 55 91
31 56 39
31 57 72
31 58 34
31 59 5
31 60 83
31 61 88
31 62 76
31 63 93
31 64 31
31 65 43
31 66 81
31 67 98
31 68 25
31 69 76
31 70 62
31 71 84
31 72 35
31 73 57
31 74 54
31 75 33
31 76 29
31 77 10
31 78 84
31 79 33
31 80 27
31 81 99
31 82 12
31 83 51
31 84 91
31 85 8
31 86 52
31 87 48
31 88 97
31 89 43
31 90 81
31 91 27
31 92 97
32 33 59
32 34 68
32 35 26
32 36 45
32 37 43
32 38 17
32 39 64
32 40 74
32 41 29
32 42 64
32 43 49
32 44 90
32 45 68
32 46 3
32 47 83
32 48 97
32 49 57
32 50 4
32 51 68
32 52 88
32 53 10
32 54 48
32 55 72
32 56 49
32 57 3
32 58 93
32 59 93
32 60 26
32 61 34
32 62 16
32 63 3
32 64 33
32 65 64
32 66 85
32 67 7
32 68 96
32 69 8
32 70 89
32 71 68
32 72 35
32 73 62
32 74 11
32 75 28
32 76 61
32 77 95
32 78 92
32 79 38
32 80 84
32 81 96
32 82 81
32 83 5
32 84 9
32 85 53
32 86 95
32 87 80
32 88 34
32 89 98
32 90 66
32 91 61
32 92 28
33 34 50
33 35 21
33 36 82
33 37 56
33 38 19
33 39 86
33 40 17
33 41 39
33 42 29
33 43 87
33 44 16
33 45 73
33 46 50
33 47 60
33 48 30
33 49 31
33 50 27
33 51 89
33 52 99
33 53 13
33 54 60
33 55 41
33 56 4
33 57 22
33 58 37
33 59 91
33 60 18
33 61 78
33 62 24
33 63 47
33 64 85
33 65 69
33 66 87
33 67 74
33 68 4
33 69 38
33 70 88
33 71 46
33 72 50
33 73 30
33 74 78
33 75 2
33 76 93
33 77 13
33 78 84
33 79 11
33 80 40
33 81 99
33 82 36
33 83 56
33 84 52
33 85 73
33 86 31
33 87 32
33 88 11
33 89 25
33 90 41
33 91 78
33 92 69
34 35 92
34 36 31
34 37 76
34 38 46
34 39 89
34 40 47
34 41 28
34 42 53
34 43 2
34 44 31
34 45 2
34 46 5
34 47 82
34 48 65
34 49 6
34 50 3
34 51 34
34 52 2
34 53 61
34 54 51
34 55 1
34 56 65
34 57 55
34 58 93
34 59 65
34 60 81
34 61 35
34 62 36
34 63 52
34 64 4
34 65 89
34 66 30
34 67 29
34 68 62
34 69 77
34 70 17
34 71 77
34 72 37
34 73 6
34 74 78
34 75 7
34 76 25
34 77 7
34 78 62
34 79 73
34 80 74
34 81 8
34 82 30
34 83 64
34 84 1
34 85 47
34 86 93
34 87 1
34 88 69
34 89 92
34 90 77
34 91 13
34 92 8
35 36 2
35 37 81
35 38 20
35 39 33
35 40 44
35 41 90
35 42 3
35 43 15
35 44 64
35 45 45
35 46 45
35 47 24
35 48 14
35 49 38
35 50 42
35 51 68
35 52 60
35 53 70
35 54 44
35 55 49
35 56 92
35 57 22
35 58 94
35 59 43
35 60 59
35 61 54
35 62 25
35 63 10
35 64 46
35 65 72
35 66 81
35 67 16
35 68 12
35 69 85
35 70 36
35 71 77
35 72 14
35 73 94
35 74 22
35 75 73
35 76 60
35 77 53
35 78 23
35 79 81
35 80 1
35 81 54
35 82 62
35 83 1
35 84 96
35 85 17
35 86 66
35 87 90
35 88 80
35 89 76
35 90 57
35 91 66
35 92 39
36 37 18
36 38 97
36 39 47
36 40 15
36 41 62
36 42 18
36 43 47
36 44 68
36 45 44
36 46 55
36 47 27
36 48 1
36 49 12
36 50 71
36 51 98
36 52 22
36 53 71
36 54 82
36 55 14
36 56 32
36 57 32
36 58 44
36 59 97
36 60 4
36 61 67
36 62 47
36 63 53
36 64 3
36 65 84
36 66 67
36 67 91
36 68 71
36 69 46
36 70 15
36 71 29
36 72 90
36 73 73
36 74 3
36 75 11
36 76 92
36 77 58
36 78 85
36 79 22
36 80 41
36 81 78
36 82 52
36 83 90
36 84 80
36 85 6
36 86 80
36 87 73
36 88 95
36 89 32
36 90 66
36 91 30
36 92 18
37 38 83
37 39 97
37 40 4
37 41 87
37 42 25
37 43 41
37 44 11
37 45 12
37 46 32
37 47 78
37 48 6
37 49 90
37 50 2
37 51 60
37 52 22
37 53 79
37 54 82
37 55 73
37 56 18
37 57 14
37 58 26
37 59 3
37 60 24
37 61 54
37 62 60
37 63 31
37 64 56
37 65 53
37 66 91
37 67 72
37 68 14
37 69 86
37 70 77
37 71 92
37 72 18
37 73 72
37 74 96
37 75 60
37 76 96
37 77 97
37 78 62
37 79 62
37 80 8
37 81 71
37 82 15
37 83 27
37 84 44
37 85 42
37 86 69
37 87 36
37 88 14
37 89 79
37 90 29
37 91 72
37 92 18
38 39 83
38 40 19
38 41 87
38 42 81
38 43 94
38 44 59
38 45 87
38 46 34
38 47 93
38 48 88
38 49 90
38 50 50
38 51 26
38 52 3
38 53 24
38 54 59
38 55 39
38 56 49
38 57 3
38 58 63
38 59 24
38 60 30
38 61 27
38 62 17
38 63 96
38 64 33
38 65 72
38 66 13
38 67 31
38 68 8
38 69 52
38 70 44
38 71 8
38 72 19
38 73 41
38 74 95
38 75 36
38 76 71
38 77 53
38 78 22
38 79 20
38 80 10
38 81 53
38 82 96
38 83 4
38 84 38
38 85 50
38 86 80
38 87 1
38 88 30
38 89 54
38 90 83
38 91 72
38 92 36
39 40 58
39 41 6
39 42 17
39 43 60
39 44 39
39 45 2
39 46 77
39 47 18
39 48 63
39 49 20
39 50 97
39 51 93
39 52 91
39 53 90
39 54 90
39 55 86
39 56 78
39 57 16
39 58 45
39 59 54
39 60 99
39 61 47
39 62 22
39 63 78
39 64 95
39 65 28
39 66 55
39 67 43
39 68 1
39 69 15
39 70 96
39 71 53
39 72 37
39 73 79
39 74 90
39 75 68
39 76 31
39 77 87
39 78 22
39 79 37
39 80 70
39 81 41
39 82 69
39 83 63
39 84 50
39 85 93
39 86 62
39 87 53
39 88 21
39 89 55
39 90 22
39 91 75
39 92 70
40 41 20
40 42 95
40 43 91
40 44 18
40 45 45
40 46 1
40 47 60
40 48 31
40 49 91
40 50 86
40 51 25
40 52 2
40 53 45
40 54 30
40 55 49
40 56 36
40 57 27
40 58 33
40 59 8
40 60 30
40 61 73
40 62 42
40 63 65
40 64 56
40 65 31
40 66 41
40 67 11
40 68 11
40 69 51
40 70 24
40 71 71
40 72 15
40 73 19
40 74 33
40 75 64
40 76 8
40 77 44
40 78 24
40 79 99
40 80 1
40 81 87
40 82 56
40 83 45
40 84 38
40 85 61
40 86 94
40 87 13
40 88 69
40 89 98
40 90 90
40 91 10
40 92 47
41 42 79
41 43 66
41 44 58
41 45 22
41 46 65
41 47 28
41 48 89
41 49 28
41 50 63
41 51 61
41 52 3
41 53 83
41 54 79
41 55 85
41 56 27
41 57 91
41 58 20
41 59 99
41 60 78
41 61 39
41 62 26
41 63 82
41 64 14
41 65 28
41 66 97
41 67 8
41 68 87
41 69 42
41 70 13
41 71 49
41 72 36
41 73 80
41 74 24
41 75 15
41 76 29
41 77 87
41 78 43
41 79 66
41 80 10
41 81 34
41 82 45
41 83 80
41 84 82
41 85 62
41 86 23
41 87 25
41 88 25
41 89 19
41 90 48
41 91 47
41 92 14
42 43 41
42 44 39
42 45 88
42 46 60
42 47 1
42 48 91
42 49 33
42 50 31
42 51 30
42 52 67
42 53 34
42 54 12
42 55 12
42 56 6
42 57 3
42 58 63
42 59 29
42 60 9
42 61 68
42 62 74
42 63 34
42 64 77
42 65 65
42 66 90
42 67 70
42 68 3
42 69 16
42 70 4
42 71 91
42 72 19
42 73 65
42 74 28
42 75 34
42 76 39
42 77 36
42 78 65
42 79 88
42 80 46
42 81 88
42 82 18
42 83 41
42 84 98
42 85 26
42 86 69
42 87 12
42 88 53
42 89 78
42 90 95
42 91 16
42 92 81
43 44 25
43 45 36
43 46 63
43 47 92
43 48 48
43 49 51
43 50 35
43 51 47
43 52 3
43 53 63
43 54 71
43 55 3
43 56 2
43 57 35
43 58 39
43 59 3
43 60 41
43 61 92
43 62 51
43 63 32
43 64 86
43 65 1
43 66 76
43 67 2
43 68 84
43 69 64
43 70 33
43 71 96
43 72 15
43 73 74
43 74 38
43 75 34
43 76 9
43 77 81
43 78 78
43 79 84
43 80 11
43 81 74
43 82 82
43 83 77
43 84 91
43 85 93
43 86 26
43 87 87
43 88 76
43 89 15
43 90 11
43 91 17
43 92 48
44 45 14
44 46 18
44 47 56
44 48 63
44 49 90
44 50 33
44 51 2
44 52 38
44 53 97
44 54 32
44 55 19
44 56 39
44 57 4
44 58 87
44 59 96
44 60 20
44 61 63
44 62 72
44 63 60
44 64 66
44 65 39
44 66 30
44 67 86
44 68 3
44 69 9
44 70 39
44 71 43
44 72 10
44 73 10
44 74 89
44 75 8
44 76 8
44 77 92
44 78 3
44 79 75
44 80 85
44 81 93
44 82 71
44 83 80
44 84 85
44 85 43
44 86 47
44 87 80
44 88 62
44 89 40
44 90 86
44 91 71
44 92 42
45 46 35
45 47 24
45 48 91
45 49 99
45 50 33
45 51 85
45 52 88
45 53 61
45 54 17
45 55 66
45 56 76
45 57 48
45 58 75
45 59 41
45 60 76
45 61 11
45 62 7
45 63 53
45 64 79
45 65 43
45 66 59
45 67 98
45 68 72
45 69 98
45 70 34
45 71 1
45 72 57
45 73 33
45 74 49
45 75 99
45 76 42
45 77 49
45 78 68
45 79 50
45 80 7
45 81 72
45 82 13
45 83 9
45 84 44
45 85 5
45 86 52
45 87 44
45 88 54
45 89 46
45 90 99
45 91 8
45 92 72
46 47 18
46 48 17
46 49 92
46 50 84
46 51 40
46 52 41
46 53 61
46 54 1
46 55 87
46 56 75
46 57 15
46 58 52
46 59 21
46 60 33
46 61 70
46 62 58
46 63 53
46 64 62
46 65 67
46 66 25
46 67 20
46 68 90
46 69 93
46 70 29
46 71 36
46 72 14
46 73 40
46 74 58
46 75 85
46 76 20
46 77 89
46 78 37
46 79 27
46 80 24
46 81 93
46 82 14
46 83 91
46 84 87
46 85 12
46 86 90
46 87 79
46 88 35
46 89 76
46 90 35
46 91 7
46 92 11
47 48 80
47 49 1
47 50 26
47 51 98
47 52 26
47 53 91
47 54 94
47 55 80
47 56 43
47 57 16
47 58 38
47 59 42
47 60 80
47 61 40
47 62 23
47 63 80
47 64 16
47 65 50
47 66 16
47 67 91
47 68 13
47 69 47
47 70 23
47 71 59
47 72 80
47 73 37
47 74 73
47 75 82
47 76 56
47 77 48
47 78 47
47 79 17
47 80 30
47 81 90
47 82 40
47 83 74
47 84 53
47 85 93
47 86 15
47 87 31
47 88 34
47 89 53
47 90 60
47 91 62
47 92 47
48 49 52
48 50 46
48 51 83
48 52 87
48 53 22
48 54 27
48 55 39
48 56 33
48 57 6
48 58 96
48 59 27
48 60 88
48 61 24
48 62 52
48 63 63
48 64 84
48 65 12
48 66 16
48 67 31
48 68 24
48 69 42
48 70 51
48 71 42
48 72 71
48 73 28
48 74 89
48 75 26
48 76 62
48 77 12
48 78 41
48 79 38
48 80 92
48 81 35
48 82 68
48 83 24
48 84 72
48 85 16
48 86 15
48 87 81
48 88 29
48 89 23
48 90 36
48 91 26
48 92 45
49 50 68
49 51 34
49 52 86
49 53 67
49 54 81
49 55 47
49 56 67
49 57 66
49 58 38
49 59 99
49 60 36
49 61 37
49 62 5
49 63 20
49 64 28
49 65 62
49 66 63
49 67 4
49 68 50
49 69 69
49 70 58
49 71 56
49 72 91
49 73 53
49 74 47
49 75 47
49 76 58
49 77 42
49 78 13
49 79 2
49 80 8
49 81 16
49 82 17
49 83 53
49 84 47
49 85 82
49 86 64
49 87 82
49 88 80
49 89 38
49 90 34
49 91 93
49 92 28
50 51 12
50 52 64
50 53 17
50 54 45
50 55 46
50 56 99
50 57 97
50 58 88
50 59 4
50 60 79
50 61 49
50 62 65
50 63 5
50 64 30
50 65 85
50 66 8
50 67 54
50 68 19
50 69 61
50 70 60
50 71 28
50 72 12
50 73 82
50 74 53
50 75 50
50 76 43
50 77 96
50 78 95
50 79 58
50 80 87
50 81 73
50 82 62
50 83 38
50 84 72
50 85 75
50 86 96
50 87 58
50 88 99
50 89 59
50 90 26
50 91 8
50 92 76
51 52 41
51 53 86
51 54 40
51 55 87
51 56 1
51 57 29
51 58 52
51 59 35
51 60 43
51 61 30
51 62 62
51 63 18
51 64 44
51 65 70
51 66 1
51 67 93
51 68 88
51 69 16
51 70 68
51 71 23
51 72 15
51 73 3
51 74 6
51 75 14
51 76 29
51 77 98
51 78 38
51 79 75
51 80 6
51 81 18
51 82 11
51 83 28
51 84 4
51 85 33
51 86 95
51 87 60
51 88 11
51 89 16
51 90 82
51 91 8
51 92 22
52 53 33
52 54 79
52 55 26
52 56 24
52 57 67
52 58 23
52 59 8
52 60 64
52 61 19
52 62 3
52 63 90
52 64 98
52 65 6
52 66 73
52 67 43
52 68 82
52 69 91
52 70 25
52 71 83
52 72 48
52 73 95
52 74 49
52 75 82
52 76 33
52 77 17
52 78 54
52 79 9
52 80 90
52 81 80
52 82 82
52 83 74
52 84 37
52 85 56
52 86 94
52 87 76
52 88 65
52 89 34
52 90 51
52 91 67
52 92 49
53 54 24
53 55 87
53 56 49
53 57 84
53 58 35
53 59 58
53 60 90
53 61 50
53 62 63
53 63 97
53 64 47
53 65 40
53 66 82
53 67 69
53 68 96
53 69 95
53 70 39
53 71 22
53 72 97
53 73 1
53 74 75
53 75 42
53 76 75
53 77 39
53 78 87
53 79 2
53 80 90
53 81 32
53 82 1
53 83 70
53 84 90
53 85 50
53 86 55
53 87 52
53 88 57
53 89 90
53 90 60
53 91 39
53 92 92
54 55 13
54 56 31
54 57 76
54 58 10
54 59 70
54 60 50
54 61 3
54 62 38
54 63 10
54 64 38
54 65 91
54 66 77
54 67 22
54 68 38
54 69 37
54 70 84
54 71 90
54 72 98
54 73 12
54 74 59
54 75 29
54 76 56
54 77 36
54 78 97
54 79 60
54 80 76
54 81 21
54 82 45
54 83 62
54 84 22
54 85 20
54 86 33
54 87 7
54 88 91
54 89 24
54 90 84
54 91 14
54 92 95
55 56 39
55 57 8
55 58 7
55 59 25
55 60 48
55 61 60
55 62 8
55 63 69
55 64 56
55 65 12
55 66 14
55 67 2
55 68 17
55 69 95
55 70 63
55 71 74
55 72 97
55 73 46
55 74 72
55 75 33
55 76 11
55 77 10
55 78 43
55 79 70
55 80 98
55 81 93
55 82 53
55 83 38
55 84 5
55 85 54
55 86 87
55 87 34
55 88 71
55 89 39
55 90 83
55 91 12
55 92 23
56 57 3
56 58 9
56 59 80
56 60 61
56 61 17
56 62 19
56 63 17
56 64 17
56 65 95
56 66 57
56 67 18
56 68 27
56 69 55
56 70 68
56 71 99
56 72 34
56 73 99
56 74 42
56 75 35
56 76 85
56 77 58
56 78 76
56 79 17
56 80 4
56 81 97
56 82 89
56 83 78
56 84 30
56 85 15
56 86 16
56 87 90
56 88 82
56 89 26
56 90 12
56 91 8
56 92 13
57 58 62
57 59 65
57 60 90
57 61 42
57 62 24
57 63 51
57 64 80
57 65 58
57 66 64
57 67 54
57 68 43
57 69 54
57 70 15
57 71 88
57 72 36
57 73 94
57 74 97
57 75 81
57 76 21
57 77 7
57 78 86
57 79 65
57 80 49
57 81 62
57 82 13
57 83 30
57 84 54
57 85 98
57 86 12
57 87 83
57 88 35
57 89 24
57 90 68
57 91 26
57 92 60
58 59 1
58 60 92
58 61 25
58 62 75
58 63 2
58 64 34
58 65 70
58 66 15
58 67 46
58 68 75
58 69 18
58 70 85
58 71 46
58 72 14
58 73 51
58 74 92
58 75 52
58 76 90
58 77 82
58 78 72
58 79 30
58 80 48
58 81 63
58 82 61
58 83 62
58 84 3
58 85 37
58 86 74
58 87 17
58 88 19
58 89 45
58 90 49
58 91 32
58 92 61
59 60 18
59 61 17
59 62 25
59 63 73
59 64 31
59 65 54
59 66 69
59 67 64
59 68 28
59 69 25
59 70 87
59 71 81
59 72 48
59 73 86
59 74 97
59 75 31
59 76 33
59 77 71
59 78 93
59 79 1
59 80 98
59 81 71
59 82 33
59 83 71
59 84 80
59 85 59
59 86 93
59 87 53
59 88 23
59 89 19
59 90 80
59 91 49
59 92 96
60 61 74
60 62 49
60 63 18
60 64 17
60 65 43
60 66 52
60 67 37
60 68 25
60 69 11
60 70 27
60 71 62
60 72 76
60 73 46
60 74 54
60 75 39
60 76 16
60 77 53
60 78 16
60 79 17
60 80 48
60 81 10
60 82 48
60 83 39
60 84 29
60 85 30
60 86 64
60 87 15
60 88 36
60 89 47
60 90 73
60 91 60
60 92 7
61 62 15
61 63 31
61 64 10
61 65 21
61 66 17
61 67 33
61 68 28
61 69 15
61 70 18
61 71 91
61 72 2
61 73 26
61 74 59
61 75 86
61 76 47
61 77 1
61 78 11
61 79 90
61 80 82
61 81 20
61 82 82
61 83 31
61 84 94
61 85 36
61 86 19
61 87 86
61 88 27
61 89 81
61 90 68
61 91 20
61 92 44
62 63 55
62 64 29
62 65 45
62 66 92
62 67 29
62 68 90
62 69 88
62 70 3
62 71 89
62 72 86
62 73 82
62 74 70
62 75 58
62 76 92
62 77 60
62 78 58
62 79 34
62 80 40
62 81 87
62 82 43
62 83 49
62 84 95
62 85 51
62 86 32
62 87 63
62 88 97
62 89 73
62 90 64
62 91 92
62 92 48
63 64 32
63 65 43
63 66 60
63 67 47
63 68 87
63 69 60
63 70 29
63 71 23
63 72 84
63 73 81
63 74 21
63 75 73
63 76 85
63 77 34
63 78 37
63 79 84
63 80 25
63 81 33
63 82 3
63 83 97
63 84 71
63 85 71
63 86 66
63 87 10
63 88 8
63 89 37
63 90 82
63 91 72
63 92 81
64 65 55
64 66 39
64 67 19
64 68 17
64 69 12
64 70 91
64 71 41
64 72 15
64 73 1
64 74 42
64 75 69
64 76 4
64 77 83
64 78 34
64 79 34
64 80 22
64 81 25
64 82 66
64 83 49
64 84 19
64 85 60
64 86 86
64 87 12
64 88 54
64 89 7
64 90 14
64 91 6
64 92 74
65 66 33
65 67 65
65 68 65
65 69 39
65 70 97
65 71 27
65 72 88
65 73 61
65 74 60
65 75 32
65 76 47
65 77 95
65 78 4
65 79 67
65 80 40
65 81 95
65 82 49
65 83 87
65 84 79
65 85 61
65 86 5
65 87 48
65 88 27
65 89 52
65 90 65
65 91 78
65 92 62
66 67 44
66 68 99
66 69 75
66 70 71
66 71 62
66 72 94
66 73 20
66 74 96
66 75 81
66 76 31
66 77 60
66 78 7
66 79 40
66 80 92
66 81 9
66 82 57
66 83 79
66 84 17
66 85 26
66 86 68
66 87 54
66 88 11
66 89 19
66 90 77
66 91 68
66 92 7
67 68 44
67 69 16
67 70 10
67 71 70
67 72 16
67 73 22
67 74 35
67 75 91
67 76 77
67 77 76
67 78 25
67 79 88
67 80 72
67 81 35
67 82 13
67 83 70
67 84 61
67 85 24
67 86 63
67 87 71
67 88 56
67 89 80
67 90 5
67 91 25
67 92 90
68 69 28
68 70 88
68 71 96
68 72 74
68 73 4
68 74 47
68 75 75
68 76 41
68 77 37
68 78 18
68 79 39
68 80 32
68 81 3
68 82 22
68 83 40
68 84 87
68 85 71
68 86 47
68 87 62
68 88 20
68 89 22
68 90 65
68 91 73
68 92 99
69 70 26
69 71 57
69 72 55
69 73 16
69 74 96
69 75 40
69 76 28
69 77 27
69 78 66
69 79 23
69 80 93
69 81 55
69 82 61
69 83 33
69 84 55
69 85 12
69 86 87
69 87 61
69 88 28
69 89 84
69 90 74
69 91 80
69 92 30
70 71 72
70 72 75
70 73 40
70 74 25
70 75 3
70 76 11
70 77 35
70 78 94
70 79 34
70 80 76
70 81 4
70 82 30
70 83 4
70 84 5
70 85 42
70 86 14
70 87 23
70 88 96
70 89 56
70 90 16
70 91 80
70 92 14
71 72 35
71 73 9
71 74 39
71 75 69
71 76 31
71 77 26
71 78 84
71 79 80
71 80 43
71 81 31
71 82 87
71 83 19
71 84 66
71 85 45
71 86 84
71 87 14
71 88 32
71 89 6
71 90 34
71 91 50
71 92 8
72 73 85
72 74 9
72 75 41
72 76 9
72 77 97
72 78 10
72 79 79
72 80 18
72 81 17
72 82 66
72 83 95
72 84 43
72 85 87
72 86 41
72 87 87
72 88 49
72 89 55
72 90 1
72 91 69
72 92 65
73 74 60
73 75 47
73 76 98
73 77 85
73 78 19
73 79 81
73 80 31
73 81 81
73 82 5
73 83 46
73 84 68
73 85 17
73 86 65
73 87 53
73 88 87
73 89 15
73 90 57
73 91 2
73 92 4
74 75 29
74 76 27
74 77 65
74 78 41
74 79 11
74 80 2
74 81 3
74 82 54
74 83 51
74 84 22
74 85 73
74 86 67
74 87 95
74 88 2
74 89 5
74 90 42
74 91 42
74 92 24
75 76 11
75 77 53
75 78 1
75 79 45
75 80 3
75 81 97
75 82 87
75 83 65
75 84 68
75 85 43
75 86 47
75 87 79
75 88 15
75 89 36
75 90 92
75 91 45
75 92 41
76 77 97
76 78 18
76 79 55
76 80 12
76 81 50
76 82 87
76 83 95
76 84 90
76 85 47
76 86 7
76 87 91
76 88 49
76 89 55
76 90 35
76 91 62
76 92 79
77 78 68
77 79 3
77 80 41
77 81 49
77 82 9
77 83 7
77 84 61
77 85 7
77 86 1
77 87 93
77 88 57
77 89 49
77 90 56
77 91 31
77 92 2
78 79 5
78 80 29
78 81 6
78 82 78
78 83 29
78 84 69
78 85 24
78 86 63
78 87 76
78 88 5
78 89 50
78 90 45
78 91 68
78 92 67
79 80 86
79 81 48
79 82 61
79 83 91
79 84 37
79 85 59
79 86 47
79 87 24
79 88 77
79 89 76
79 90 67
79 91 31
79 92 99
80 81 50
80 82 66
80 83 61
80 84 96
80 85 30
80 86 40
80 87 86
80 88 95
80 89 50
80 90 20
80 91 1
80 92 35
81 82 47
81 83 23
81 84 89
81 85 14
81 86 5
81 87 88
81 88 59
81 89 75
81 90 20
81 91 47
81 92 25
82 83 25
82 84 58
82 85 51
82 86 50
82 87 95
82 88 41
82 89 9
82 90 73
82 91 69
82 92 57
83 84 30
83 85 11
83 86 95
83 87 88
83 88 41
83 89 52
83 90 62
83 91 16
83 92 3
84 85 13
84 86 66
84 87 48
84 88 55
84 89 46
84 90 4
84 91 41
84 92 53
85 86 10
85 87 64
85 88 14
85 89 27
85 90 24
85 91 85
85 92 67
86 87 10
86 88 34
86 89 28
86 90 44
86 91 80
86 92 90
87 88 76
87 89 42
87 90 84
87 91 19
87 92 32
88 89 16
88 90 40
88 91 28
88 92 81
89 90 66
89 91 69
89 92 27
90 91 31
90 92 42
91 92 1