100
0 1 1.23
0 2 2.34
1 2 8.4
1 4 5.6
2 3 8.3
3 1 9.8
3 10 99.1
4 2 16.4
4 5 22.3
4 11 4.55
5 10 8.91
5 20 7.65
6 2 1.4
6 7 1.2
7 8 8.7
7 10 4.21
8 11 4.5
9 12 8.7
9 5 78.2
12 5 34.2
13 11 89.1
13 15 55.3
14 15 38.6
14 22 33.4
15 18 2.87
16 4 2.02
16 12 8.38
17 16 6.5
17 6 3.3
17 20 2.3
17 22 2.2
18 2 5.4
18 7 8.4
19 18 7.21
19 29 2.1
20 0 3.4
20 1 88.21
21 8 20.2
21 22 10.4
21 23 87.3
22 4 72.3
22 10 12
23 24 3.24
23 25 66.7
24 29 24.4
24 17 44.3
25 29 27.5
25 5 33.2
26 29 0.5
26 7 22.2
27 9 0.55
27 29 45.87
28 16 32.1
28 29 1.1
29 3 7.45
29 6 8.77
30 2 5.6
30 22 7.4
30 12 87.2
31 8 33.4
31 30 45.5
31 32 3.2
32 23 8.9
32 45 1.2
33 27 33.4
33 39 3.4
34 39 44.5
34 40 58.3
35 7 8.3
35 23 72.2
36 37 3.4
37 44 8.1
37 8 2.3
38 33 2.4
38 39 2.2
39 1 42.4
39 40 65.5
40 21 3.8
41 2 3.2
41 22 5.5
42 20 22.4
42 9 3.2
43 44 4.8
43 45 22.2
44 40 91.1
45 41 4.2
45 25 2.9
46 42 3.3
46 18 4.2
47 34 84.2
47 42 24.5
48 36 7.34
48 45 8.45
49 29 9.2
49 48 10.2
50 45 20.3
50 54 2.28
51 99 4.5
51 25 17.1
52 34 5.2
52 55 4.5
53 24 14.2
53 65 32.2
54 76 42.4
54 87 12.2
55 34 45.5
55 77 2.4
56 68 2.9
56 84 3.45
57 82 4.3
57 71 24.9
58 22 13.5
58 9 12.4
59 11 2.4
59 73 2.9
60 61 2.44
60 62 8.89
61 45 4.4
61 62 2.9
62 2 1.1
62 24 4.2
63 74 2.4
63 84 4.5
64 62 7.56
64 53 21.5
65 39 43.3
65 66 43.4
66 67 44.4
66 68 3.7
67 14 42.1
67 17 13.2
68 73 15.2
68 78 45.4
69 3 0.44
69 44 8.79
70 24 2.39
70 42 2.2
71 24 5.6
71 66 4.3
72 82 9.5
72 23 10.4
73 57 3.4
73 12 32.2
74 10 24.3
74 18 2.4
75 65 2.9
75 4 22.3
76 0 2.2
76 1 3.5
77 58 26.5
77 20 4.5
78 8 24.4
78 81 95.2
79 80 4.4
79 82 75.5
80 24 0.44
80 81 1.1
81 27 4.4
81 3 2.3
82 18 2.4
82 44 2.3
83 17 24.2
83 88 24.4
84 42 24.9
84 3 45.5
85 8 34.4
85 78 24.4
86 1 13.4
86 13 1.4
87 24 44.4
87 65 4.4
88 63 3.34
88 54 4.5
89 42 2.4
89 40 43.4
90 99 5.5
90 97 10.4
91 92 3.4
91 3 43.5
92 4 2.4
92 55 4.4
93 57 2.43
93 43 0.55
94 76 0.4
94 82 2.4
95 40 8.2
95 92 2.44
96 3 95.5
96 0 0.34
97 2 2.4
97 22 4.5
98 54 5.3
98 87 3.22
99 44 4.3
99 38 5.89