100
0 1 56.912
0 2 53.827
0 3 17.321
0 6 50.449
0 7 42.479
0 8 12.522
0 9 94.392
0 10 49.129
0 11 59.653
0 12 1.345
0 13 12.998
0 14 28.7
0 15 96.943
0 16 31.065
0 17 12.314
0 18 87.237
0 19 66.333
0 21 59.585
0 22 22.46
0 23 51.77
0 25 79.125
0 26 43.018
0 27 48.606
0 28 7.737
0 29 44.973
0 30 5.956
0 31 68.336
0 32 9.078
0 33 9.516
0 34 69.627
0 35 32.65
0 36 39.772
0 37 27.618
0 39 8.548
0 40 74.385
0 41 3.234
0 42 35.184
0 43 31.491
0 44 34.377
0 45 50.694
0 46 55.495
0 47 76.385
0 48 42.894
0 49 86.855
0 50 89.355
0 52 88.278
0 54 79.963
0 55 97.278
0 56 38.57
0 57 52.196
0 58 54.122
0 59 94.201
0 60 99.506
0 62 16.1
0 63 0.374
0 64 75.652
0 65 19.915
0 66 46.735
0 67 7.015
0 68 7.413
0 69 26.369
0 70 36.042
0 71 73.746
0 72 59.564
0 73 35.981
0 74 46.275
0 75 38.238
0 76 18.13
0 77 19.699
0 78 78.07
0 79 86.697
0 81 3.018
0 82 56.051
0 83 9.644
0 84 2.577
0 85 93.897
0 86 84.799
0 88 84.682
0 89 8.46
0 90 70.537
0 91 55.821
0 92 86.802
0 93 56.725
0 94 87.442
0 96 44.968
0 97 92.492
0 98 47.603
0 99 14.382
1 2 42.12
1 3 64.693
1 4 63.941
1 5 75.243
1 6 95.267
1 7 68.485
1 8 28.879
1 9 53.774
1 11 10.484
1 12 15.862
1 13 54.75
1 14 42.259
1 15 81.368
1 16 61.947
1 17 44.344
1 18 68.835
1 19 71.202
1 21 63.764
1 23 9.847
1 24 47.601
1 26 19.025
1 27 1.475
1 28 68.722
1 29 95.625
1 30 60.147
1 31 45.105
1 32 36.454
1 33 15.971
1 34 60.019
1 35 59.959
1 36 62.339
1 37 7.827
1 38 33.49
1 39 89.282
1 40 88.203
1 41 91.058
1 42 43.641
1 43 86.711
1 44 97.145
1 45 43.649
1 47 54.935
1 48 56.367
1 49 45.943
1 50 41.914
1 51 16.092
1 52 57.829
1 53 18.078
1 54 7.087
1 55 21.375
1 56 12.37
1 57 77.127
1 58 80.667
1 59 37.611
1 60 94.061
1 61 7.709
1 62 25.281
1 63 60.908
1 64 44.978
1 65 17.517
1 66 90.177
1 67 99.454
1 68 91.218
1 69 17.751
1 70 53.981
1 71 55.119
1 72 68.984
1 73 17.389
1 74 61.418
1 75 22.867
1 76 18.615
1 77 10.725
1 78 56.902
1 79 53.215
1 80 73.181
1 81 1.634
1 82 44.661
1 84 25.577
1 85 75.044
1 86 71.869
1 88 19.031
1 89 5.049
1 90 33.566
1 91 9.752
1 92 10.373
1 93 92.989
1 94 94.131
1 95 86.957
1 97 8.707
1 99 10.956
2 3 96.408
2 4 35.627
2 5 63.585
2 6 54.686
2 7 24.345
2 8 93.357
2 9 19.902
2 10 63.48
2 11 96.441
2 12 57.714
2 13 49.623
2 14 39.05
2 15 23.537
2 16 43.228
2 17 86.034
2 18 15.991
2 19 53.536
2 20 68.651
2 21 83.269
2 22 35.911
2 23 60.016
2 24 15.806
2 25 41.659
2 26 47.426
2 27 23.741
2 28 31.848
2 29 74.516
2 30 0.943
2 31 90.435
2 32 33.501
2 33 20.566
2 35 45.156
2 36 41.382
2 37 47.055
2 38 32.04
2 40 95.37
2 41 51.564
2 42 84.402
2 43 19.909
2 45 11.783
2 46 98.927
2 47 15.13
2 48 33.153
2 49 83.189
2 50 41.816
2 51 24.54
2 52 59.848
2 53 26.286
2 54 99.716
2 55 92.01
2 56 14.777
2 57 64.901
2 58 44.997
2 60 30.706
2 61 10.324
2 62 17.253
2 63 56.527
2 64 83.562
2 65 53.69
2 66 1.571
2 67 39.768
2 68 25.592
2 69 98.886
2 70 22.042
2 71 52.288
2 72 32.139
2 73 59.744
2 75 47.138
2 76 37.312
2 77 89.707
2 78 45.984
2 79 43.447
2 80 32.276
2 81 74.432
2 82 88.136
2 83 53.525
2 84 55.2
2 85 77.376
2 86 95.622
2 87 73.73
2 88 95.593
2 89 46.888
2 90 35.674
2 91 45.117
2 92 0.099
2 93 61.016
2 94 49.49
2 96 30.676
2 98 78.814
2 99 47.201
3 4 48.504
3 5 36.172
3 6 8.479
3 7 85.506
3 8 96.79
3 9 22.556
3 10 33.194
3 11 89.707
3 12 26.018
3 13 32.079
3 14 60.614
3 15 62.977
3 16 74.387
3 17 16.493
3 18 73.011
3 19 37.165
3 20 72.782
3 21 18.264
3 23 54.061
3 25 61.622
3 26 16.268
3 28 20.497
3 29 5.222
3 30 74.725
3 31 40.253
3 32 30.784
3 33 31.971
3 34 35.85
3 35 20.96
3 36 85.172
3 37 88.087
3 38 28.113
3 39 14.986
3 40 57.548
3 42 58.498
3 43 46.858
3 44 2.294
3 45 37.035
3 46 23.304
3 47 30.022
3 48 59.244
3 49 59.621
3 50 28.5
3 51 32.046
3 52 87.978
3 53 31.467
3 54 34.246
3 55 49.215
3 56 14.9
3 58 37.429
3 60 5.267
3 61 26.611
3 62 77.145
3 63 87.439
3 64 59.605
3 65 18.047
3 66 16.271
3 67 52.371
3 68 99.428
3 69 41.7
3 70 56.878
3 71 49.279
3 72 20.641
3 73 75.996
3 74 26.129
3 75 3.901
3 76 67.756
3 77 31.453
3 78 34.929
3 79 66.324
3 80 85.441
3 81 27.008
3 82 60.593
3 83 95.736
3 84 76.785
3 85 96.454
3 86 25.302
3 87 59.921
3 88 56.756
3 89 80.163
3 90 16.427
3 92 41.835
3 93 2.135
3 95 99.924
3 97 66.97
3 98 9.591
3 99 19.179
4 5 98.344
4 6 30.241
4 7 68.159
4 8 97.585
4 9 96.501
4 10 12.161
4 11 67.32
4 12 21.93
4 13 93.39
4 14 54.718
4 15 83.314
4 16 31.184
4 17 65.013
4 19 26.027
4 20 38.887
4 21 14.666
4 22 85.219
4 23 10.192
4 24 17.148
4 26 3.712
4 27 88.991
4 28 92.614
4 29 68.632
4 30 75.26
4 31 17.861
4 32 92.689
4 33 72.406
4 34 66.634
4 35 97.478
4 36 37.266
4 37 58.662
4 38 82.727
4 39 93.198
4 40 5.762
4 41 98.071
4 42 33.559
4 43 92.182
4 45 0.602
4 46 85.34
4 47 6.459
4 48 48.153
4 49 48.104
4 50 51.391
4 52 44.343
4 54 46.861
4 55 6.458
4 56 95.171
4 58 78.471
4 59 89.481
4 60 5.019
4 61 56.421
4 62 73.416
4 63 82.068
4 64 90.135
4 65 44.066
4 66 34.574
4 68 10.67
4 69 36.105
4 70 34.712
4 71 62.742
4 72 86.379
4 74 7.472
4 75 6.078
4 76 76.293
4 77 64.614
4 78 18.962
4 79 49.727
4 80 3.426
4 81 99.1
4 83 81.859
4 84 29.821
4 86 14.295
4 87 22.816
4 88 23.462
4 89 99.316
4 90 91.534
4 91 45.391
4 92 77.383
4 93 75.633
4 94 86.302
4 95 95.638
4 97 19.004
4 98 76.538
4 99 83.014
5 6 82.641
5 7 90.467
5 8 0.22
5 9 4.52
5 10 95.508
5 12 97.693
5 13 50.076
5 14 46.218
5 15 73.998
5 16 39.991
5 17 99.386
5 18 47.665
5 19 14.448
5 20 34.493
5 21 4.792
5 22 75.249
5 23 26.022
5 24 93.455
5 25 12.424
5 27 46.52
5 29 56.166
5 30 23.096
5 31 40.737
5 32 77.484
5 33 65.437
5 34 5.292
5 35 43.642
5 36 61.122
5 38 64.58
5 39 54.925
5 40 26.849
5 41 91.318
5 42 88.601
5 43 57.384
5 44 18.932
5 45 27.77
5 46 74.956
5 47 9.708
5 48 30.495
5 49 79.867
5 50 35.34
5 51 63.25
5 52 73.068
5 53 44.492
5 54 51.259
5 55 42.14
5 56 20.123
5 57 18.097
5 58 80.113
5 59 16.953
5 60 98.947
5 61 11.102
5 62 90.065
5 63 35.871
5 64 36.836
5 65 72.881
5 66 90.226
5 67 77.245
5 68 52.323
5 69 63.331
5 70 76.198
5 71 82.688
5 73 54.037
5 74 99.411
5 75 40.94
5 76 5.446
5 77 23.746
5 78 14.445
5 79 46.075
5 80 77.196
5 81 89.062
5 82 76.184
5 83 19.356
5 84 42.502
5 85 58.385
5 86 63.69
5 87 97.47
5 88 46.487
5 89 18.29
5 91 33.421
5 92 24.357
5 93 59.27
5 94 15.987
5 95 80.589
5 96 44.159
5 97 29.794
5 98 32.11
5 99 68.491
6 7 50.875
6 8 36.445
6 9 73.35
6 10 60.315
6 11 46.322
6 12 93.181
6 13 11.706
6 14 52.239
6 15 76.537
6 16 74.671
6 17 39.866
6 18 70.052
6 19 41.248
6 20 24.058
6 21 2.128
6 22 72.873
6 23 11.492
6 24 83.987
6 26 41.115
6 27 58.431
6 28 5.356
6 29 27.241
6 30 91.833
6 31 82.814
6 32 10.17
6 33 96.848
6 34 0.478
6 35 70.925
6 37 68.864
6 38 37.855
6 39 53.123
6 40 55.398
6 41 57.546
6 43 36.514
6 45 25.263
6 46 56.499
6 47 73.5
6 48 25.593
6 49 99.952
6 50 14.728
6 51 43.114
6 52 60.302
6 53 73.463
6 54 69.385
6 55 24.656
6 56 32.839
6 57 95.554
6 58 3.973
6 59 89.365
6 60 38.526
6 61 89.988
6 63 61.408
6 65 46.867
6 66 6.802
6 67 15.39
6 68 77.208
6 69 29.878
6 70 22.479
6 71 42.352
6 72 75.717
6 74 35.28
6 75 59.697
6 77 89.309
6 78 86.503
6 79 62.6
6 80 57.0
6 81 89.868
6 82 60.138
6 83 73.397
6 84 85.767
6 86 77.046
6 88 66.391
6 89 42.95
6 90 7.826
6 91 65.389
6 92 85.28
6 93 83.057
6 94 56.561
6 95 40.82
6 96 63.827
6 97 39.703
6 98 93.689
6 99 65.466
7 8 12.358
7 9 11.286
7 10 47.378
7 11 24.882
7 12 12.305
7 13 95.448
7 14 8.912
7 15 41.255
7 16 26.812
7 17 69.476
7 18 68.348
7 20 34.764
7 21 49.673
7 22 70.049
7 23 34.45
7 24 79.231
7 25 54.569
7 26 26.081
7 27 1.058
7 28 15.503
7 29 46.836
7 30 83.057
7 31 16.378
7 32 31.89
7 33 7.631
7 34 53.531
7 35 51.557
7 37 22.658
7 38 65.494
7 39 14.673
7 40 84.775
7 41 9.536
7 42 25.053
7 43 98.863
7 44 75.143
7 45 58.198
7 46 51.834
7 48 47.441
7 50 32.879
7 51 1.115
7 54 98.212
7 55 35.637
7 56 48.273
7 58 29.138
7 59 51.502
7 60 59.616
7 61 8.602
7 63 35.395
7 65 74.298
7 66 87.985
7 67 8.481
7 68 27.527
7 71 77.147
7 72 73.128
7 73 36.307
7 74 17.523
7 75 56.065
7 76 40.416
7 77 19.599
7 78 58.921
7 79 61.099
7 80 87.872
7 81 51.572
7 82 67.651
7 83 2.681
7 84 29.594
7 85 72.354
7 86 15.958
7 87 72.512
7 89 58.621
7 90 37.95
7 91 63.469
7 92 54.697
7 93 20.581
7 94 40.224
7 95 97.124
7 97 54.872
7 98 88.867
7 99 63.667
8 9 50.122
8 10 11.0
8 11 97.545
8 12 36.917
8 14 12.037
8 15 60.952
8 16 26.72
8 17 4.999
8 18 56.534
8 19 31.172
8 20 69.864
8 21 42.34
8 22 99.952
8 25 95.597
8 26 87.773
8 27 59.057
8 28 92.856
8 29 55.94
8 30 25.501
8 31 94.69
8 32 91.025
8 33 93.289
8 34 32.151
8 36 81.379
8 37 87.159
8 38 79.414
8 39 52.0
8 40 81.695
8 41 69.841
8 42 73.451
8 43 46.85
8 45 42.969
8 46 1.052
8 47 99.087
8 48 33.165
8 49 62.877
8 50 80.017
8 51 25.752
8 52 27.435
8 53 99.922
8 54 70.631
8 55 18.523
8 56 97.177
8 57 15.446
8 59 84.924
8 60 81.69
8 61 37.651
8 62 21.332
8 63 80.677
8 64 91.99
8 66 5.741
8 67 50.907
8 68 16.1
8 70 27.927
8 71 12.195
8 72 88.092
8 73 69.088
8 74 94.122
8 75 74.109
8 76 7.724
8 77 83.572
8 78 28.136
8 79 96.655
8 80 39.776
8 81 93.591
8 82 64.374
8 83 70.718
8 84 85.092
8 85 26.689
8 86 69.652
8 87 54.118
8 88 60.8
8 89 64.727
8 90 33.942
8 91 33.964
8 92 51.317
8 93 54.081
8 94 15.908
8 95 49.405
8 96 67.099
8 97 88.871
8 98 7.766
8 99 41.27
9 10 55.901
9 11 36.177
9 12 89.306
9 13 87.526
9 14 17.861
9 15 38.317
9 16 83.747
9 17 61.957
9 18 42.073
9 19 47.542
9 20 54.833
9 21 39.703
9 22 56.125
9 23 38.898
9 24 11.29
9 25 79.066
9 26 14.037
9 27 45.959
9 28 52.612
9 29 55.713
9 30 44.09
9 32 7.272
9 33 0.695
9 34 97.846
9 35 61.879
9 36 95.679
9 37 6.311
9 38 66.273
9 40 90.878
9 44 68.802
9 45 21.958
9 46 18.826
9 48 97.134
9 50 59.43
9 51 63.29
9 52 96.758
9 53 73.877
9 54 64.673
9 55 46.342
9 56 61.706
9 57 6.803
9 58 30.558
9 59 81.156
9 62 7.683
9 63 0.815
9 65 10.972
9 66 95.293
9 67 64.368
9 68 39.359
9 70 18.537
9 71 58.948
9 72 63.795
9 73 94.747
9 74 36.723
9 75 8.07
9 76 73.203
9 77 23.679
9 80 27.28
9 81 78.307
9 84 43.703
9 85 99.678
9 86 51.836
9 87 62.643
9 88 95.175
9 90 42.414
9 91 47.042
9 92 71.872
9 93 47.543
9 94 58.216
9 95 44.688
9 96 68.39
9 97 23.506
9 98 32.276
9 99 21.073
10 11 54.626
10 12 7.385
10 13 46.253
10 14 86.605
10 15 24.846
10 16 57.505
10 17 0.416
10 18 79.496
10 20 68.771
10 22 57.985
10 23 11.191
10 24 86.463
10 25 10.124
10 26 71.616
10 27 77.606
10 28 45.74
10 29 31.485
10 30 5.162
10 31 88.495
10 32 42.186
10 33 61.645
10 34 89.779
10 35 43.244
10 36 72.388
10 37 69.921
10 38 34.106
10 39 51.125
10 40 77.826
10 41 47.034
10 42 15.469
10 43 74.616
10 44 17.938
10 45 30.607
10 47 52.225
10 48 24.905
10 49 40.248
10 50 50.579
10 51 49.637
10 52 52.391
10 53 78.85
10 54 27.332
10 56 3.409
10 57 7.856
10 58 35.695
10 59 82.662
10 60 26.366
10 61 97.637
10 63 60.945
10 64 89.146
10 65 7.757
10 66 21.779
10 67 85.954
10 69 4.227
10 70 74.001
10 71 99.379
10 72 29.076
10 73 66.05
10 75 73.735
10 76 91.428
10 77 20.323
10 78 82.696
10 79 4.154
10 80 19.301
10 81 91.123
10 82 68.904
10 84 60.497
10 85 17.621
10 86 11.753
10 87 94.533
10 88 74.159
10 89 42.961
10 90 89.287
10 91 39.511
10 92 11.408
10 93 76.924
10 94 82.422
10 95 95.137
10 96 46.117
10 97 19.226
10 98 72.818
11 12 78.417
11 13 2.098
11 14 62.371
11 15 6.196
11 16 26.492
11 17 0.85
11 18 61.457
11 19 28.941
11 20 39.861
11 21 32.842
11 22 10.277
11 23 28.311
11 24 26.401
11 25 56.263
11 26 90.878
11 27 71.522
11 28 23.746
11 29 32.236
11 30 12.085
11 31 17.728
11 32 10.118
11 33 82.182
11 34 52.472
11 35 74.942
11 36 49.756
11 37 30.811
11 38 96.04
11 39 95.148
11 43 26.49
11 44 85.364
11 45 6.818
11 46 6.706
11 47 48.358
11 48 81.498
11 49 95.907
11 50 95.232
11 51 29.484
11 54 18.224
11 55 41.529
11 56 98.332
11 57 76.061
11 58 45.55
11 59 74.493
11 60 22.715
11 61 80.064
11 62 83.184
11 65 77.643
11 67 64.879
11 68 79.995
11 70 39.986
11 72 29.367
11 73 78.7
11 74 85.791
11 75 58.532
11 76 27.432
11 77 78.92
11 78 3.185
11 79 30.796
11 80 88.045
11 81 24.616
11 82 89.864
11 83 57.503
11 84 90.875
11 85 23.176
11 86 16.24
11 88 9.379
11 89 62.829
11 90 41.716
11 91 8.617
11 92 32.304
11 93 48.687
11 94 81.136
11 95 93.207
11 96 71.668
11 97 27.38
11 98 27.035
11 99 86.816
12 13 0.428
12 14 88.77
12 15 76.59
12 16 72.574
12 17 87.042
12 18 84.851
12 19 75.252
12 20 46.037
12 21 36.1
12 22 12.76
12 23 42.992
12 24 46.1
12 26 44.733
12 27 11.465
12 28 45.04
12 29 83.313
12 30 11.762
12 31 26.495
12 32 14.294
12 33 92.589
12 34 72.564
12 36 39.845
12 38 43.855
12 39 13.989
12 40 59.064
12 42 74.587
12 43 65.872
12 44 87.77
12 45 41.626
12 46 43.24
12 47 93.19
12 48 86.294
12 49 63.523
12 50 21.083
12 51 59.593
12 53 24.595
12 54 23.903
12 55 54.98
12 56 66.901
12 57 55.822
12 58 6.045
12 60 34.728
12 61 29.95
12 63 62.324
12 64 11.31
12 66 97.005
12 67 61.052
12 68 19.104
12 69 30.525
12 70 71.839
12 71 71.945
12 72 26.913
12 73 24.937
12 74 85.748
12 75 25.214
12 76 94.405
12 77 49.358
12 78 40.036
12 79 50.473
12 80 88.635
12 81 23.731
12 82 90.617
12 83 38.469
12 84 68.982
12 85 28.237
12 86 72.16
12 87 47.026
12 89 14.994
12 90 45.018
12 91 29.034
12 92 32.126
12 93 3.587
12 95 12.656
12 96 85.623
12 97 9.19
12 98 81.113
12 99 64.952
13 14 13.962
13 15 12.871
13 16 61.966
13 17 71.346
13 18 49.73
13 19 34.217
13 21 8.312
13 22 8.36
13 24 34.333
13 25 56.023
13 26 4.252
13 27 37.237
13 28 26.575
13 29 55.104
13 30 78.033
13 31 67.128
13 32 59.779
13 33 43.617
13 34 74.72
13 35 92.423
13 36 66.455
13 37 81.487
13 38 27.863
13 39 1.913
13 40 48.23
13 41 4.809
13 42 60.163
13 43 95.676
13 44 83.097
13 45 81.664
13 46 81.607
13 47 41.396
13 48 88.761
13 49 29.852
13 50 26.203
13 51 60.013
13 52 72.766
13 53 65.717
13 54 21.953
13 55 74.887
13 56 74.806
13 57 5.105
13 60 21.716
13 61 41.678
13 62 49.086
13 63 32.128
13 64 69.907
13 65 17.59
13 66 45.372
13 68 17.065
13 69 51.925
13 70 38.854
13 72 18.669
13 73 76.297
13 74 39.273
13 75 18.019
13 77 48.551
13 78 3.771
13 79 65.313
13 80 67.892
13 81 6.347
13 82 72.877
13 83 70.643
13 84 26.231
13 85 94.006
13 86 88.399
13 87 97.073
13 88 31.27
13 90 6.888
13 91 17.941
13 92 15.858
13 93 44.021
13 94 84.242
13 95 19.876
13 96 49.02
13 97 79.341
13 98 50.459
13 99 43.607
14 15 94.892
14 16 23.685
14 17 6.33
14 18 68.138
14 19 6.555
14 20 30.399
14 22 13.63
14 23 26.958
14 24 22.011
14 25 31.339
14 26 94.489
14 27 7.889
14 28 23.71
14 29 74.646
14 30 21.393
14 31 25.422
14 32 37.796
14 33 50.705
14 35 93.816
14 37 7.141
14 38 67.821
14 39 9.562
14 40 71.714
14 41 5.682
14 42 85.945
14 43 42.246
14 44 27.22
14 45 95.497
14 46 70.601
14 47 76.528
14 48 28.715
14 49 50.967
14 50 75.009
14 51 46.508
14 53 22.034
14 54 29.924
14 55 30.304
14 56 8.567
14 57 42.704
14 58 13.627
14 59 66.047
14 60 93.283
14 61 88.046
14 62 60.468
14 63 37.236
14 65 80.28
14 66 24.72
14 67 64.531
14 68 75.094
14 69 10.577
14 70 31.178
14 71 87.226
14 72 51.862
14 73 73.775
14 75 66.692
14 76 73.572
14 77 89.019
14 78 54.025
14 79 65.739
14 80 27.651
14 81 44.796
14 82 11.934
14 83 3.12
14 85 57.886
14 86 62.202
14 87 27.779
14 88 39.773
14 89 45.187
14 90 39.053
14 91 66.027
14 92 39.958
14 93 13.314
14 94 96.751
14 95 56.586
14 96 98.174
14 97 12.074
14 98 33.399
14 99 53.127
15 16 71.281
15 17 81.127
15 18 97.683
15 19 89.963
15 21 78.612
15 22 12.498
15 23 45.197
15 25 30.136
15 26 43.641
15 27 5.572
15 28 19.021
15 29 66.073
15 30 9.576
15 31 78.722
15 32 15.18
15 33 67.659
15 34 1.154
15 35 37.575
15 36 5.763
15 37 11.837
15 38 19.961
15 39 6.444
15 40 18.405
15 41 91.449
15 42 78.236
15 43 79.911
15 44 15.442
15 45 1.155
15 46 26.209
15 47 65.712
15 48 16.853
15 49 57.526
15 50 15.216
15 51 50.534
15 52 86.732
15 53 35.766
15 55 62.986
15 56 81.7
15 57 90.845
15 59 82.711
15 60 4.167
15 61 1.43
15 62 28.778
15 63 66.685
15 64 52.539
15 66 21.23
15 67 91.326
15 68 48.792
15 69 5.072
15 70 70.811
15 71 81.022
15 73 78.132
15 74 61.954
15 75 77.558
15 76 6.301
15 77 60.62
15 78 90.626
15 79 86.333
15 81 62.648
15 82 47.897
15 83 46.634
15 84 17.279
15 85 60.519
15 86 47.51
15 87 9.095
15 88 30.005
15 89 63.771
15 90 13.715
15 91 25.468
15 92 80.325
15 93 5.715
15 94 28.941
15 95 97.541
15 97 21.581
15 98 73.39
15 99 29.182
16 17 93.03
16 18 68.238
16 19 13.182
16 20 48.721
16 21 89.2
16 22 46.578
16 23 82.033
16 24 13.878
16 25 95.574
16 26 15.663
16 27 2.821
16 29 16.196
16 30 14.948
16 31 46.195
16 32 83.327
16 34 31.121
16 35 22.645
16 36 48.943
16 37 28.09
16 38 87.889
16 39 57.634
16 40 30.508
16 41 69.214
16 42 79.886
16 43 5.062
16 44 91.931
16 45 10.383
16 46 5.144
16 47 2.354
16 48 95.623
16 49 31.849
16 50 11.999
16 51 33.615
16 52 91.82
16 53 81.461
16 54 99.31
16 55 26.628
16 56 44.963
16 57 92.756
16 58 81.659
16 59 49.832
16 60 99.897
16 61 79.473
16 63 12.642
16 64 14.738
16 65 77.899
16 66 26.177
16 67 70.365
16 68 80.582
16 70 0.666
16 71 66.023
16 72 35.793
16 73 20.181
16 74 27.535
16 76 7.314
16 77 43.357
16 78 47.861
16 79 70.709
16 81 32.013
16 82 76.908
16 83 87.486
16 84 35.663
16 85 32.369
16 86 43.089
16 87 29.087
16 88 3.117
16 90 36.655
16 91 95.281
16 92 30.592
16 93 36.108
16 94 55.077
16 95 52.315
16 96 17.283
16 97 43.34
16 98 51.018
17 18 20.396
17 19 20.338
17 20 95.702
17 21 23.586
17 22 97.087
17 23 27.819
17 24 84.102
17 25 96.553
17 26 63.785
17 28 87.867
17 29 83.687
17 30 5.08
17 31 33.932
17 32 82.089
17 33 49.163
17 34 69.341
17 35 10.813
17 36 28.373
17 37 50.068
17 38 94.46
17 39 91.318
17 40 43.305
17 41 87.454
17 43 15.926
17 44 35.208
17 45 57.667
17 46 48.894
17 47 25.062
17 48 10.287
17 49 54.451
17 50 26.581
17 52 62.123
17 53 60.664
17 54 64.087
17 55 99.999
17 56 90.325
17 57 98.596
17 58 4.611
17 59 75.611
17 60 6.896
17 61 6.528
17 62 78.575
17 64 10.111
17 65 2.113
17 66 3.319
17 67 27.784
17 68 71.545
17 69 8.907
17 70 69.211
17 71 3.866
17 72 82.823
17 73 2.75
17 74 30.557
17 75 96.9
17 77 92.601
17 78 80.647
17 79 58.321
17 80 27.759
17 81 8.173
17 82 3.793
17 83 60.983
17 84 28.675
17 85 69.249
17 86 86.313
17 87 1.275
17 88 78.265
17 89 93.709
17 90 47.984
17 91 22.37
17 92 19.467
17 93 60.995
17 94 31.317
17 95 47.316
17 96 33.262
17 97 46.891
17 98 42.478
17 99 86.97
18 19 39.557
18 20 23.98
18 21 34.473
18 22 8.08
18 23 50.778
18 25 63.316
18 26 70.929
18 27 78.783
18 28 35.96
18 29 53.09
18 30 46.272
18 32 78.229
18 33 83.631
18 34 44.105
18 35 48.872
18 36 66.128
18 37 7.026
18 38 84.491
18 39 2.99
18 40 53.912
18 41 47.007
18 42 79.276
18 43 60.629
18 44 4.376
18 45 90.327
18 46 67.607
18 49 55.754
18 51 56.841
18 52 28.535
18 53 51.667
18 54 37.613
18 55 2.085
18 56 61.925
18 58 57.091
18 59 69.245
18 60 82.335
18 61 36.834
18 62 12.253
18 63 40.227
18 64 97.112
18 65 27.435
18 66 91.859
18 67 84.373
18 68 43.616
18 69 12.366
18 70 58.775
18 72 22.867
18 73 47.099
18 74 62.043
18 75 3.376
18 76 77.813
18 77 4.804
18 78 30.171
18 79 86.39
18 80 67.181
18 81 62.615
18 82 41.082
18 83 6.05
18 84 15.646
18 86 8.984
18 87 37.755
18 88 45.919
18 89 20.565
18 90 15.021
18 91 4.315
18 92 24.071
18 93 82.415
18 94 16.335
18 96 55.698
18 97 39.166
18 98 23.661
18 99 81.38
19 20 1.597
19 21 19.994
19 22 32.713
19 23 75.114
19 24 60.176
19 25 87.004
19 26 82.784
19 27 55.682
19 28 14.929
19 29 17.88
19 30 6.958
19 31 35.616
19 32 28.285
19 33 54.157
19 34 91.778
19 35 46.699
19 36 36.259
19 37 61.781
19 38 42.836
19 39 73.128
19 40 13.259
19 41 49.616
19 43 27.57
19 44 68.546
19 45 98.808
19 46 91.585
19 47 95.652
19 48 19.124
19 49 89.141
19 50 53.174
19 51 29.996
19 52 76.143
19 53 14.336
19 54 14.477
19 55 3.356
19 56 20.219
19 57 61.665
19 58 99.956
19 60 82.531
19 61 66.749
19 62 43.209
19 63 10.283
19 64 72.926
19 65 5.802
19 66 40.494
19 67 46.531
19 68 1.939
19 69 46.407
19 70 34.351
19 72 27.167
19 73 88.903
19 74 83.416
19 75 86.802
19 76 15.56
19 77 31.558
19 79 45.644
19 80 41.786
19 81 46.886
19 82 46.801
19 84 25.133
19 86 59.207
19 87 36.69
19 88 88.274
19 89 79.491
19 90 89.38
19 91 14.771
19 93 25.859
19 94 86.807
19 95 93.134
19 96 90.662
19 97 99.557
19 98 82.554
19 99 27.453
20 21 51.345
20 22 76.725
20 23 50.816
20 24 90.922
20 25 23.617
20 26 96.043
20 27 91.446
20 28 41.053
20 29 74.27
20 30 0.958
20 31 68.148
20 32 65.5
20 33 77.578
20 34 29.982
20 35 2.567
20 37 49.66
20 38 92.058
20 40 85.023
20 41 64.191
20 42 88.447
20 43 44.123
20 44 8.388
20 45 97.959
20 46 56.697
20 47 79.635
20 48 86.0
20 49 51.249
20 51 92.707
20 52 81.18
20 53 61.216
20 54 80.747
20 55 22.994
20 56 79.086
20 57 28.407
20 58 30.146
20 59 66.115
20 61 15.112
20 62 3.417
20 63 46.005
20 64 46.62
20 66 68.344
20 67 6.059
20 68 99.41
20 69 37.094
20 70 55.444
20 72 52.263
20 73 96.21
20 74 57.829
20 75 91.937
20 76 3.918
20 77 21.514
20 78 64.572
20 79 76.012
20 80 19.511
20 81 18.972
20 82 73.056
20 83 38.926
20 84 79.235
20 85 49.51
20 86 76.687
20 87 45.87
20 88 36.897
20 89 55.597
20 91 29.829
20 92 13.179
20 93 31.609
20 94 58.848
20 95 52.768
20 96 81.363
20 97 64.741
20 98 69.933
20 99 71.285
21 22 16.718
21 23 82.578
21 24 6.136
21 25 49.288
21 26 19.38
21 27 41.601
21 28 98.217
21 29 22.298
21 30 29.251
21 31 95.156
21 32 73.85
21 33 44.835
21 34 81.361
21 35 95.442
21 36 67.784
21 37 81.394
21 38 80.876
21 39 79.188
21 40 38.901
21 41 11.075
21 42 49.465
21 43 84.891
21 44 45.965
21 45 13.813
21 46 23.335
21 47 68.901
21 48 67.167
21 49 0.924
21 50 1.918
21 51 14.389
21 52 25.603
21 53 94.044
21 54 89.116
21 55 73.854
21 56 56.43
21 57 3.498
21 59 49.736
21 60 77.582
21 61 70.29
21 62 21.612
21 63 53.859
21 65 54.242
21 66 18.747
21 67 57.933
21 68 98.862
21 69 1.08
21 70 60.475
21 71 90.394
21 72 34.772
21 73 26.699
21 74 41.216
21 75 30.479
21 76 84.683
21 79 61.756
21 80 77.638
21 81 79.265
21 82 93.555
21 83 52.123
21 84 47.808
21 85 4.68
21 86 24.883
21 88 4.471
21 89 82.804
21 91 35.766
21 92 8.139
21 93 93.379
21 94 35.723
21 95 34.05
21 96 39.121
21 97 56.138
21 98 94.509
21 99 95.339
22 23 75.398
22 24 76.437
22 25 26.774
22 26 79.535
22 27 14.761
22 28 66.318
22 29 50.221
22 30 56.744
22 31 79.506
22 32 6.42
22 33 78.423
22 34 69.968
22 36 17.381
22 37 29.918
22 38 51.026
22 39 57.501
22 40 35.176
22 41 85.549
22 42 43.327
22 43 83.597
22 44 92.767
22 45 1.526
22 46 61.883
22 47 34.1
22 48 64.187
22 49 79.239
22 50 38.188
22 51 15.669
22 52 93.297
22 53 35.609
22 54 60.362
22 55 99.691
22 56 29.408
22 57 25.015
22 58 28.377
22 59 8.017
22 60 53.935
22 61 99.824
22 62 96.693
22 63 53.131
22 64 59.05
22 65 0.711
22 66 1.927
22 67 44.882
22 69 96.76
22 70 5.692
22 71 19.184
22 72 36.387
22 73 96.758
22 74 46.336
22 75 98.645
22 76 53.887
22 77 92.068
22 78 16.318
22 79 14.672
22 80 68.858
22 81 8.985
22 82 68.689
22 83 33.968
22 84 30.613
22 85 52.035
22 86 13.901
22 89 49.041
22 90 65.83
22 91 80.064
22 92 30.921
22 93 24.72
22 94 33.498
22 95 75.661
22 96 89.232
22 97 46.247
22 98 38.134
22 99 68.379
23 24 56.034
23 25 9.708
23 26 56.997
23 28 79.017
23 29 53.546
23 30 91.756
23 31 35.486
23 32 28.641
23 33 21.348
23 34 17.984
23 35 54.196
23 36 19.564
23 37 39.108
23 38 49.316
23 39 65.44
23 41 6.995
23 42 68.338
23 43 45.818
23 44 52.682
23 45 99.575
23 46 52.501
23 47 48.247
23 48 2.848
23 50 14.714
23 51 42.38
23 52 52.447
23 53 37.519
23 54 59.561
23 55 5.731
23 56 68.172
23 58 82.218
23 59 20.001
23 60 51.752
23 61 98.648
23 62 47.946
23 63 48.278
23 64 25.939
23 65 32.481
23 67 77.002
23 68 74.228
23 69 64.756
23 70 13.816
23 72 5.163
23 73 68.031
23 74 74.296
23 75 26.502
23 76 73.862
23 77 56.522
23 78 65.683
23 79 46.074
23 81 5.196
23 82 98.701
23 83 19.846
23 85 80.766
23 86 46.98
23 87 47.381
23 89 90.779
23 90 76.288
23 91 64.911
23 92 5.649
23 93 22.332
23 94 81.088
23 96 61.698
23 97 67.566
23 98 81.671
23 99 73.182
24 25 96.917
24 27 79.327
24 28 30.601
24 29 75.505
24 30 29.391
24 31 3.621
24 32 61.501
24 33 54.971
24 34 84.157
24 35 8.263
24 36 43.361
24 37 9.32
24 38 0.473
24 39 0.153
24 40 12.312
24 41 39.579
24 42 86.908
24 43 26.371
24 44 81.192
24 45 0.817
24 46 58.778
24 47 19.054
24 48 2.184
24 49 62.273
24 50 45.542
24 51 26.18
24 52 1.145
24 53 90.793
24 54 64.199
24 55 87.676
24 56 66.485
24 57 91.418
24 58 36.981
24 59 50.911
24 60 63.297
24 62 50.268
24 63 83.202
24 64 84.295
24 65 51.075
24 67 42.456
24 68 91.325
24 69 98.928
24 70 11.311
24 71 86.66
24 72 31.162
24 73 90.292
24 74 65.928
24 75 4.272
24 76 58.39
24 77 20.031
24 78 74.459
24 79 69.132
24 80 11.197
24 81 90.976
24 82 80.498
24 83 34.298
24 84 88.381
24 85 91.502
24 86 43.155
24 87 56.921
24 88 24.92
24 89 48.129
24 90 99.973
24 92 73.077
24 93 36.134
24 94 36.89
24 95 37.426
24 96 95.593
24 97 87.647
24 98 90.209
25 26 21.59
25 27 6.834
25 28 77.897
25 29 49.102
25 30 11.496
25 31 3.84
25 32 66.958
25 33 5.565
25 34 46.501
25 36 18.422
25 37 75.707
25 38 14.957
25 39 82.832
25 40 68.786
25 41 34.112
25 42 88.5
25 43 37.56
25 45 17.034
25 46 95.363
25 47 38.677
25 48 35.758
25 49 96.053
25 50 5.064
25 51 96.447
25 52 13.858
25 53 85.949
25 54 48.607
25 55 19.19
25 56 98.578
25 57 26.522
25 58 2.487
25 59 73.465
25 60 79.818
25 61 75.077
25 62 41.669
25 65 34.221
25 66 80.798
25 67 73.57
25 68 69.993
25 70 25.07
25 71 99.162
25 72 78.935
25 73 36.106
25 74 15.867
25 75 41.628
25 76 37.788
25 77 90.645
25 78 41.575
25 79 72.736
25 80 56.215
25 81 0.255
25 83 0.417
25 84 17.964
25 85 15.397
25 87 81.463
25 88 88.098
25 89 43.086
25 90 26.857
25 91 81.131
25 92 41.946
25 93 47.606
25 94 50.88
25 95 70.608
25 97 18.075
25 98 30.186
25 99 62.744
26 27 12.677
26 28 54.295
26 29 35.248
26 31 3.477
26 32 65.15
26 33 87.444
26 34 24.005
26 35 50.841
26 36 98.846
26 37 9.664
26 38 3.188
26 39 4.813
26 40 75.329
26 42 9.588
26 43 68.424
26 44 48.863
26 45 63.112
26 46 70.515
26 47 42.124
26 48 93.435
26 49 27.284
26 51 41.837
26 52 73.237
26 53 10.953
26 54 36.821
26 55 24.739
26 56 28.747
26 57 11.328
26 59 28.648
26 60 71.955
26 61 80.067
26 62 33.454
26 64 96.264
26 65 57.244
26 66 67.976
26 67 88.128
26 68 44.056
26 69 85.943
26 70 85.233
26 71 39.659
26 72 12.603
26 73 15.96
26 74 29.199
26 75 23.313
26 76 5.064
26 77 30.795
26 80 90.218
26 81 73.61
26 82 38.661
26 83 10.599
26 84 36.626
26 85 70.777
26 86 82.78
26 87 66.32
26 88 9.516
26 89 99.046
26 90 55.302
26 91 8.603
26 92 90.688
26 93 54.645
26 94 28.565
26 95 63.432
26 96 97.833
26 97 26.179
26 98 53.459
26 99 47.67
27 28 98.253
27 29 83.613
27 30 54.311
27 31 0.71
27 32 17.452
27 33 29.143
27 34 59.344
27 35 32.297
27 37 73.371
27 39 44.57
27 40 93.785
27 41 4.921
27 42 80.097
27 44 65.108
27 45 73.0
27 46 59.107
27 47 53.085
27 48 4.155
27 50 8.489
27 51 82.858
27 52 72.637
27 53 13.292
27 54 93.002
27 55 15.486
27 56 92.959
27 57 46.959
27 58 66.109
27 59 16.511
27 60 61.754
27 61 69.111
27 62 16.127
27 63 24.334
27 64 11.151
27 65 12.273
27 66 67.598
27 67 70.641
27 69 89.03
27 70 16.57
27 71 53.84
27 72 41.188
27 73 39.126
27 74 8.942
27 75 20.267
27 76 48.18
27 78 27.81
27 79 20.26
27 80 12.291
27 81 62.207
27 82 67.955
27 83 46.295
27 84 53.9
27 86 75.927
27 87 8.095
27 88 14.798
27 89 20.852
27 90 37.592
27 91 20.818
27 92 99.073
27 93 86.517
27 94 27.652
27 95 66.7
27 96 28.135
27 97 11.687
27 98 86.436
27 99 86.307
28 29 25.174
28 30 51.515
28 31 33.987
28 32 43.486
28 33 32.944
28 34 19.049
28 35 78.018
28 36 60.414
28 37 82.583
28 38 88.95
28 39 49.003
28 40 86.334
28 41 71.76
28 42 15.28
28 43 81.784
28 44 48.69
28 46 66.308
28 47 78.087
28 48 65.618
28 49 65.765
28 50 2.363
28 51 76.848
28 52 43.464
28 53 24.38
28 54 80.366
28 55 94.459
28 56 84.798
28 57 82.819
28 58 39.686
28 59 37.304
28 60 77.754
28 61 9.17
28 62 65.476
28 63 19.856
28 65 16.073
28 66 13.713
28 67 77.769
28 68 58.978
28 69 22.985
28 70 70.814
28 71 95.784
28 72 47.943
28 73 66.572
28 74 73.796
28 75 9.807
28 76 92.831
28 77 21.253
28 79 92.481
28 80 73.974
28 82 24.598
28 83 85.719
28 84 24.688
28 85 20.757
28 86 71.621
28 87 79.598
28 88 71.552
28 89 19.0
28 91 57.935
28 92 89.983
28 95 36.064
28 96 56.225
28 97 38.295
28 98 94.705
28 99 2.048
29 30 18.093
29 31 36.716
29 32 67.128
29 33 14.763
29 34 85.217
29 35 71.329
29 36 17.208
29 38 81.246
29 39 46.465
29 40 64.654
29 41 73.384
29 42 89.046
29 43 9.666
29 44 68.441
29 45 59.321
29 47 67.557
29 48 31.475
29 49 92.022
29 50 8.26
29 51 79.504
29 52 1.647
29 53 59.792
29 54 13.072
29 56 42.81
29 57 14.103
29 58 70.48
29 59 84.549
29 61 97.126
29 62 42.208
29 63 54.872
29 64 47.671
29 65 57.524
29 67 19.564
29 68 72.254
29 69 66.681
29 70 47.178
29 71 13.33
29 72 3.453
29 73 9.96
29 74 82.035
29 76 68.539
29 77 45.724
29 78 1.834
29 79 47.594
29 80 21.752
29 81 27.934
29 82 77.339
29 83 74.477
29 84 79.731
29 85 27.978
29 86 33.75
29 87 2.28
29 88 87.113
29 89 28.644
29 90 19.5
29 91 97.208
29 92 66.233
29 94 38.913
29 95 86.263
29 96 92.042
29 97 58.788
29 98 98.963
29 99 48.539
30 31 24.872
30 32 6.64
30 33 13.276
30 34 39.885
30 35 7.196
30 36 76.672
30 37 41.289
30 39 3.25
30 40 15.868
30 41 66.679
30 42 76.354
30 43 84.747
30 45 20.195
30 46 16.141
30 47 70.971
30 48 76.625
30 49 91.309
30 50 76.781
30 51 36.948
30 52 11.294
30 53 8.038
30 55 55.395
30 57 85.638
30 58 42.699
30 59 24.066
30 60 31.076
30 61 52.299
30 62 8.409
30 65 3.592
30 66 2.394
30 67 66.291
30 68 22.865
30 69 35.803
30 70 87.346
30 71 0.089
30 72 6.732
30 73 77.439
30 74 97.559
30 75 87.476
30 76 39.059
30 77 91.952
30 78 18.674
30 79 40.632
30 80 30.813
30 81 95.904
30 82 86.234
30 83 85.495
30 84 90.055
30 85 61.913
30 86 8.016
30 87 90.146
30 88 31.834
30 89 48.311
30 90 39.772
30 91 99.785
30 94 93.749
30 95 97.09
30 96 47.91
30 97 5.108
30 98 32.725
30 99 70.262
31 32 44.505
31 33 13.595
31 34 90.492
31 35 67.856
31 36 30.689
31 37 38.374
31 38 47.612
31 39 58.842
31 40 3.329
31 41 37.939
31 42 61.471
31 43 65.18
31 44 75.201
31 45 70.979
31 46 73.227
31 47 21.085
31 48 79.134
31 49 90.553
31 50 30.724
31 52 74.569
31 53 83.649
31 54 10.778
31 55 52.966
31 56 24.02
31 58 37.194
31 59 72.846
31 61 51.313
31 62 41.606
31 63 77.732
31 64 79.996
31 65 14.017
31 66 28.485
31 67 47.16
31 68 29.699
31 69 85.084
31 70 3.293
31 71 73.5
31 73 87.629
31 75 9.554
31 77 43.117
31 78 23.557
31 79 40.366
31 80 59.7
31 81 47.866
31 82 48.618
31 83 73.397
31 84 2.781
31 85 37.875
31 86 82.802
31 87 8.283
31 88 22.132
31 89 52.425
31 90 7.362
31 91 54.768
31 92 80.926
31 94 45.263
31 95 34.222
31 96 7.667
31 97 66.308
31 98 60.087
31 99 5.419
32 33 48.35
32 34 38.32
32 36 12.041
32 37 24.236
32 38 70.461
32 39 35.807
32 40 97.944
32 41 12.999
32 42 38.969
32 43 59.678
32 44 62.361
32 45 51.771
32 46 56.135
32 47 95.001
32 48 24.308
32 49 91.284
32 50 31.118
32 51 17.79
32 52 51.322
32 53 7.341
32 54 15.432
32 55 90.91
32 56 18.829
32 57 92.327
32 59 93.393
32 60 88.965
32 61 44.349
32 62 69.649
32 63 8.364
32 64 19.126
32 65 78.477
32 66 60.869
32 67 15.417
32 68 76.769
32 70 63.033
32 71 8.338
32 72 12.419
32 74 72.905
32 75 79.101
32 76 28.974
32 77 71.004
32 78 1.31
32 79 0.885
32 80 32.3
32 82 79.777
32 83 29.874
32 84 17.268
32 85 48.218
32 86 30.102
32 87 67.001
32 88 2.563
32 90 45.313
32 91 31.167
32 92 88.592
32 93 27.241
32 94 19.419
32 95 12.932
32 96 10.614
32 97 60.594
32 98 12.382
32 99 82.253
33 34 82.793
33 35 45.663
33 36 42.808
33 38 28.661
33 39 34.263
33 41 58.046
33 42 11.577
33 43 15.862
33 44 67.254
33 45 39.459
33 46 72.839
33 47 97.692
33 48 35.19
33 49 50.754
33 50 29.516
33 51 58.082
33 52 36.828
33 53 55.085
33 54 76.431
33 55 53.912
33 57 49.822
33 58 77.487
33 59 24.16
33 61 21.389
33 62 2.044
33 63 83.351
33 64 69.671
33 65 52.324
33 66 24.101
33 69 77.294
33 70 46.333
33 72 43.711
33 73 58.026
33 74 73.217
33 75 95.843
33 76 1.258
33 77 9.061
33 78 8.961
33 79 28.308
33 81 75.994
33 82 81.416
33 83 79.159
33 84 12.443
33 85 58.713
33 86 69.661
33 87 53.941
33 88 73.088
33 90 61.575
33 91 27.447
33 92 17.705
33 93 3.887
33 94 53.452
33 95 57.884
33 96 20.708
33 97 43.023
33 98 44.25
33 99 44.741
34 35 24.156
34 36 28.094
34 37 92.652
34 38 85.71
34 39 54.596
34 40 68.969
34 41 84.822
34 42 96.775
34 44 73.451
34 45 4.126
34 46 28.347
34 47 55.746
34 49 6.777
34 50 27.925
34 51 96.016
34 52 99.652
34 53 39.48
34 54 14.06
34 55 99.358
34 57 11.305
34 58 89.981
34 61 31.481
34 62 1.11
34 63 36.279
34 64 61.287
34 65 79.343
34 66 13.897
34 67 32.798
34 68 56.807
34 69 8.849
34 70 69.103
34 71 91.932
34 72 35.171
34 73 53.849
34 74 10.754
34 75 2.029
34 76 22.652
34 77 93.823
34 78 60.242
34 79 3.757
34 80 85.239
34 81 88.197
34 82 71.414
34 83 44.319
34 84 42.146
34 85 89.106
34 86 68.938
34 87 97.165
34 88 60.635
34 89 98.256
34 90 4.298
34 91 75.078
34 92 98.193
34 93 5.438
34 94 26.215
34 95 88.546
34 96 58.405
34 97 85.966
34 98 79.999
34 99 51.614
35 36 8.7
35 37 92.727
35 38 59.628
35 39 92.095
35 41 82.334
35 42 14.658
35 43 5.092
35 44 17.13
35 45 13.705
35 46 80.058
35 47 82.137
35 48 15.577
35 49 17.254
35 50 63.237
35 51 34.955
35 53 5.745
35 54 87.085
35 55 80.745
35 56 49.625
35 57 36.136
35 59 86.393
35 60 99.779
35 61 83.287
35 62 6.602
35 63 61.136
35 64 20.266
35 65 8.925
35 66 38.735
35 67 55.819
35 68 22.186
35 69 55.145
35 70 43.185
35 73 24.895
35 74 79.329
35 75 74.292
35 76 62.214
35 77 49.292
35 79 31.19
35 80 91.807
35 81 33.505
35 82 84.355
35 83 67.722
35 84 51.034
35 85 52.692
35 86 85.098
35 87 56.718
35 88 90.17
35 89 89.352
35 90 31.091
35 91 0.867
35 92 25.612
35 93 11.297
35 94 78.934
35 95 40.491
35 96 62.556
35 97 75.814
35 98 41.007
35 99 45.427
36 38 51.13
36 39 31.406
36 40 8.841
36 41 36.388
36 42 86.072
36 43 96.451
36 44 11.37
36 45 89.23
36 46 65.133
36 47 8.313
36 49 61.648
36 50 8.931
36 51 51.58
36 52 36.988
36 53 91.876
36 54 65.127
36 55 15.337
36 56 0.638
36 57 82.378
36 58 17.426
36 59 7.464
36 60 85.833
36 62 86.14
36 64 71.114
36 65 63.865
36 66 45.511
36 68 69.192
36 70 55.917
36 71 75.069
36 72 57.708
36 75 27.919
36 77 19.196
36 78 99.407
36 79 56.246
36 80 95.119
36 81 98.462
36 82 27.127
36 83 57.885
36 84 16.377
36 85 2.353
36 86 85.702
36 87 72.328
36 88 30.087
36 89 18.34
36 90 90.247
36 91 69.996
36 92 90.528
36 93 87.156
36 94 94.974
36 95 35.869
36 96 52.179
36 97 72.329
36 98 14.875
36 99 66.705
37 38 98.018
37 40 53.065
37 41 1.994
37 42 11.343
37 43 70.042
37 44 71.793
37 45 44.446
37 46 33.177
37 47 16.379
37 48 98.717
37 49 23.906
37 50 98.899
37 51 73.831
37 52 29.117
37 53 41.832
37 54 62.144
37 55 55.796
37 56 14.92
37 57 76.097
37 58 14.654
37 59 42.673
37 61 27.111
37 62 87.774
37 63 83.1
37 64 8.978
37 65 28.131
37 66 75.883
37 67 87.053
37 68 11.9
37 69 78.096
37 70 49.589
37 71 27.18
37 72 80.015
37 73 22.535
37 74 16.994
37 75 72.046
37 77 69.983
37 78 61.901
37 79 22.449
37 80 15.258
37 81 43.577
37 82 66.117
37 83 75.497
37 84 18.128
37 85 16.911
37 86 48.925
37 87 40.776
37 88 18.814
37 89 81.293
37 90 62.114
37 91 13.849
37 92 56.319
37 93 26.071
37 94 36.771
37 95 57.847
37 96 28.575
37 97 74.57
37 98 24.216
37 99 80.208
38 39 50.208
38 40 58.32
38 41 27.994
38 42 63.692
38 43 18.122
38 45 59.838
38 46 78.702
38 47 5.502
38 48 85.189
38 49 15.709
38 50 11.793
38 51 40.208
38 53 83.543
38 54 21.097
38 55 22.231
38 56 50.088
38 57 85.106
38 58 37.101
38 59 92.98
38 61 74.358
38 62 86.656
38 63 21.351
38 64 15.331
38 65 94.276
38 66 69.493
38 67 17.904
38 68 67.758
38 69 90.704
38 70 37.513
38 71 25.931
38 72 42.376
38 73 25.616
38 74 18.258
38 76 4.079
38 77 79.396
38 78 86.188
38 79 8.124
38 80 5.88
38 81 78.937
38 82 65.17
38 83 90.855
38 84 57.686
38 86 89.431
38 87 41.135
38 88 39.009
38 89 12.316
38 90 20.633
38 91 12.71
38 92 46.018
38 93 75.378
38 94 74.011
38 95 14.372
38 96 45.961
38 97 80.964
38 98 0.487
38 99 12.494
39 40 73.382
39 41 87.569
39 42 10.089
39 43 4.03
39 44 16.854
39 45 9.334
39 46 43.509
39 47 45.16
39 48 82.389
39 50 74.037
39 51 37.873
39 53 23.117
39 54 14.611
39 55 91.055
39 56 63.415
39 57 28.335
39 58 77.622
39 60 91.555
39 61 7.82
39 62 45.535
39 63 37.106
39 64 49.364
39 65 8.995
39 66 98.333
39 67 68.144
39 68 37.728
39 69 14.097
39 70 93.523
39 71 1.702
39 72 7.221
39 73 80.517
39 74 67.077
39 75 62.447
39 76 59.68
39 77 55.284
39 78 52.251
39 79 75.469
39 80 83.842
39 81 6.399
39 82 88.406
39 83 11.002
39 84 37.28
39 85 4.124
39 86 0.131
39 87 9.352
39 88 67.111
39 89 9.609
39 90 0.73
39 91 82.411
39 92 54.221
39 93 56.417
39 94 83.386
39 95 77.543
39 96 85.832
39 97 71.34
39 98 23.961
39 99 80.916
40 41 50.581
40 42 91.072
40 43 88.352
40 44 52.877
40 45 81.858
40 46 94.357
40 47 6.966
40 49 60.87
40 51 1.101
40 53 9.742
40 54 93.614
40 55 1.491
40 56 67.663
40 57 48.372
40 58 58.697
40 59 78.409
40 60 28.173
40 61 12.822
40 62 84.743
40 63 76.446
40 64 29.055
40 65 14.192
40 66 16.777
40 68 39.573
40 70 25.832
40 71 36.19
40 72 19.195
40 73 38.156
40 74 48.447
40 75 48.333
40 76 7.932
40 77 7.379
40 78 37.781
40 80 66.127
40 81 84.959
40 83 83.832
40 84 20.573
40 85 0.655
40 86 27.376
40 87 94.453
40 88 43.95
40 90 38.189
40 91 89.135
40 92 3.134
40 93 79.376
40 94 18.13
40 95 18.797
40 96 17.727
40 97 92.737
40 98 33.607
40 99 63.745
41 42 42.415
41 43 72.255
41 44 14.958
41 46 35.12
41 47 37.134
41 48 74.13
41 49 7.612
41 50 87.923
41 51 93.434
41 52 10.088
41 53 44.506
41 54 84.31
41 55 85.633
41 56 66.26
41 57 8.659
41 58 91.624
41 59 55.771
41 60 76.359
41 61 70.29
41 62 84.477
41 63 97.602
41 64 80.912
41 65 30.803
41 66 43.867
41 67 9.52
41 68 55.771
41 69 98.149
41 70 22.929
41 71 1.961
41 72 30.559
41 73 19.569
41 74 84.186
41 76 55.032
41 77 26.083
41 78 63.789
41 80 21.6
41 81 55.204
41 82 35.435
41 83 1.629
41 85 9.586
41 86 54.611
41 87 86.096
41 88 24.189
41 89 7.075
41 91 83.801
41 92 93.4
41 93 69.846
41 94 25.762
41 95 76.677
41 96 30.375
41 97 7.185
41 98 62.358
41 99 15.147
42 43 29.808
42 44 92.071
42 45 13.764
42 46 9.625
42 47 84.165
42 48 40.199
42 49 45.489
42 50 75.745
42 51 80.807
42 52 3.809
42 53 35.414
42 54 15.428
42 56 12.058
42 57 76.45
42 58 48.103
42 59 91.643
42 60 41.146
42 62 83.504
42 63 53.661
42 64 34.68
42 65 22.502
42 66 80.193
42 68 53.122
42 69 0.34
42 71 48.213
42 73 76.443
42 74 79.51
42 75 45.528
42 76 30.847
42 77 97.845
42 78 0.019
42 79 18.687
42 81 84.187
42 82 18.207
42 83 15.814
42 84 41.864
42 85 61.38
42 87 95.338
42 88 97.987
42 89 2.037
42 90 90.378
42 91 16.689
42 92 2.448
42 93 92.541
42 94 64.972
42 95 5.043
42 97 5.811
42 98 16.376
42 99 74.002
43 44 96.809
43 45 43.768
43 46 97.609
43 47 42.68
43 48 70.683
43 49 69.395
43 50 11.253
43 52 2.668
43 53 14.92
43 54 81.38
43 55 23.95
43 56 38.416
43 57 71.713
43 58 95.483
43 59 92.516
43 60 87.907
43 61 53.108
43 62 27.301
43 63 53.3
43 64 67.315
43 65 48.081
43 66 72.538
43 67 0.376
43 68 95.413
43 69 72.231
43 70 44.952
43 71 90.417
43 72 11.82
43 73 19.492
43 74 0.027
43 76 79.462
43 78 94.206
43 79 13.447
43 80 65.798
43 81 32.394
43 82 82.648
43 83 75.671
43 84 91.851
43 86 85.693
43 87 95.528
43 88 74.766
43 89 92.235
43 90 28.542
43 91 65.738
43 92 53.831
43 93 14.261
43 95 60.843
43 97 38.885
43 98 53.103
43 99 51.146
44 45 42.734
44 46 75.138
44 47 56.227
44 49 1.411
44 50 77.471
44 51 79.218
44 52 89.889
44 53 27.122
44 54 53.132
44 55 80.496
44 56 40.61
44 57 32.882
44 58 62.879
44 59 94.036
44 60 80.314
44 61 96.858
44 62 29.608
44 63 83.798
44 64 59.445
44 65 89.993
44 66 22.572
44 67 8.969
44 68 72.889
44 69 6.373
44 70 34.823
44 71 63.161
44 73 99.63
44 74 17.132
44 75 9.172
44 76 88.277
44 77 24.414
44 79 19.395
44 80 69.361
44 81 36.474
44 84 49.471
44 85 4.842
44 86 64.996
44 87 41.014
44 88 89.23
44 89 66.707
44 90 62.329
44 91 4.427
44 92 31.112
44 94 53.148
44 96 62.315
44 98 92.995
44 99 21.74
45 46 88.026
45 47 31.795
45 48 99.151
45 49 19.264
45 50 37.606
45 51 88.836
45 52 65.624
45 53 50.213
45 54 69.897
45 55 60.764
45 56 12.596
45 57 35.876
45 58 57.508
45 61 42.858
45 62 87.767
45 63 91.224
45 64 88.177
45 65 7.199
45 66 85.123
45 67 75.057
45 68 24.952
45 69 60.404
45 70 62.678
45 71 53.122
45 72 59.303
45 73 56.405
45 74 62.986
45 75 34.774
45 76 61.348
45 77 75.726
45 78 61.261
45 79 12.568
45 80 35.72
45 81 26.349
45 82 39.266
45 83 34.924
45 84 30.28
45 85 40.923
45 86 33.4
45 87 79.053
45 88 80.505
45 89 86.272
45 90 64.905
45 91 97.59
45 92 10.09
45 94 25.9
45 95 40.062
45 96 12.005
45 97 98.233
45 98 2.895
45 99 5.748
46 47 39.514
46 48 57.525
46 49 9.621
46 50 62.77
46 51 27.777
46 52 49.452
46 53 29.43
46 54 14.158
46 55 15.781
46 56 69.633
46 57 8.174
46 58 77.063
46 59 45.906
46 60 5.794
46 62 7.27
46 63 36.157
46 64 97.903
46 66 70.972
46 67 50.134
46 68 55.741
46 69 30.017
46 70 97.378
46 71 15.827
46 72 42.162
46 73 93.965
46 74 27.368
46 75 90.029
46 76 82.811
46 77 30.617
46 78 27.402
46 79 72.493
46 80 61.222
46 81 15.331
46 82 38.058
46 83 28.914
46 84 29.286
46 85 83.691
46 86 19.877
46 87 86.175
46 88 54.919
46 89 65.263
46 90 77.637
46 91 58.078
46 92 8.598
46 93 90.375
46 94 32.107
46 95 97.365
46 96 29.874
46 97 55.707
46 99 6.184
47 48 15.46
47 49 95.757
47 50 95.203
47 51 40.077
47 52 69.56
47 53 19.61
47 55 79.003
47 56 37.666
47 57 39.609
47 58 52.376
47 59 83.47
47 60 62.34
47 61 80.157
47 62 32.215
47 63 80.601
47 64 42.332
47 65 69.279
47 66 64.942
47 67 65.199
47 68 84.45
47 70 74.85
47 71 11.649
47 72 26.45
47 73 56.21
47 74 74.948
47 75 70.742
47 77 30.207
47 79 28.243
47 80 81.458
47 82 7.573
47 84 51.632
47 85 4.987
47 86 22.087
47 87 33.054
47 88 46.724
47 89 31.659
47 90 75.612
47 91 71.822
47 94 45.598
47 95 77.186
47 96 13.654
47 97 11.566
47 98 7.555
48 49 50.349
48 50 2.685
48 51 48.876
48 53 94.74
48 54 5.64
48 56 80.059
48 57 96.35
48 58 34.239
48 59 87.957
48 60 54.925
48 61 77.601
48 62 48.476
48 63 28.62
48 64 1.608
48 65 90.857
48 66 40.308
48 67 15.07
48 69 39.439
48 71 69.67
48 72 2.39
48 73 23.517
48 74 87.062
48 75 38.249
48 76 78.964
48 77 13.586
48 78 19.243
48 79 97.846
48 80 87.976
48 81 7.451
48 83 51.516
48 84 91.67
48 85 54.048
48 86 95.454
48 87 66.978
48 88 70.133
48 89 80.584
48 90 88.126
48 91 9.713
48 92 83.243
48 93 31.331
48 94 49.229
48 95 13.158
48 96 67.876
48 97 47.353
48 98 54.572
48 99 13.635
49 50 5.465
49 51 6.883
49 52 48.025
49 53 79.387
49 54 60.985
49 55 39.768
49 56 14.381
49 57 26.709
49 58 70.073
49 59 48.733
49 61 44.305
49 62 23.52
49 63 0.887
49 64 27.342
49 66 96.527
49 67 48.336
49 68 33.796
49 69 92.483
49 70 98.841
49 71 37.192
49 72 2.136
49 73 54.17
49 74 55.614
49 75 30.081
49 76 55.145
49 78 28.697
49 79 58.311
49 80 93.254
49 81 47.188
49 82 12.923
49 84 22.277
49 85 84.643
49 86 33.814
49 87 94.311
49 88 80.921
49 90 24.927
49 91 35.087
49 92 82.214
49 93 62.553
49 94 98.372
49 96 56.683
49 97 82.207
49 98 8.206
49 99 61.195
50 51 20.066
50 52 98.994
50 53 51.234
50 54 36.327
50 55 31.318
50 56 84.751
50 57 29.705
50 58 30.23
50 59 33.598
50 60 44.704
50 61 12.869
50 62 79.881
50 63 95.241
50 64 93.243
50 65 41.792
50 66 21.862
50 67 24.279
50 68 90.1
50 69 8.658
50 70 29.846
50 71 5.346
50 72 88.313
50 73 2.382
50 74 59.829
50 75 56.289
50 76 51.277
50 77 69.464
50 78 75.208
50 79 87.671
50 80 22.264
50 81 44.975
50 82 60.15
50 83 81.913
50 84 69.789
50 85 13.103
50 87 48.79
50 88 35.591
50 89 75.521
50 90 46.007
50 91 35.987
50 92 43.281
50 93 54.229
50 94 96.998
50 96 84.037
50 97 95.156
50 98 17.24
50 99 27.971
51 52 88.353
51 53 6.948
51 55 45.698
51 56 44.083
51 57 82.23
51 58 43.293
51 59 46.272
51 60 95.688
51 61 14.964
51 62 15.612
51 63 43.043
51 64 6.51
51 66 52.808
51 67 79.7
51 68 4.645
51 69 60.511
51 70 68.392
51 71 61.859
51 72 51.569
51 74 5.564
51 75 93.169
51 76 53.879
51 77 18.062
51 78 81.705
51 80 46.765
51 81 8.258
51 82 38.172
51 83 68.472
51 84 25.054
51 85 86.227
51 86 75.223
51 87 22.261
51 88 75.741
51 89 20.018
51 90 54.763
51 91 46.528
51 92 76.262
51 93 14.535
51 94 79.915
51 95 69.282
51 96 70.965
51 97 23.132
51 98 42.512
51 99 63.815
52 53 62.93
52 54 26.448
52 55 70.632
52 56 60.621
52 57 40.184
52 58 27.545
52 59 46.026
52 60 32.508
52 61 58.505
52 62 3.164
52 63 67.194
52 64 97.146
52 65 99.786
52 66 98.138
52 67 52.126
52 68 82.168
52 69 98.858
52 70 34.677
52 71 57.839
52 72 90.41
52 73 57.333
52 74 49.399
52 75 52.759
52 76 60.344
52 77 37.336
52 78 48.704
52 79 88.026
52 80 36.911
52 81 7.554
52 82 10.63
52 83 69.686
52 84 84.855
52 85 1.822
52 86 99.246
52 87 33.581
52 88 29.102
52 89 62.747
52 90 69.718
52 91 53.598
52 92 2.53
52 93 9.767
52 94 5.383
52 95 88.709
52 96 23.884
52 97 48.375
52 98 73.274
52 99 45.308
53 54 15.328
53 55 84.329
53 56 93.214
53 57 89.681
53 58 6.694
53 59 30.497
53 60 78.827
53 61 73.225
53 62 52.563
53 64 63.491
53 67 12.142
53 68 99.976
53 69 72.971
53 71 7.47
53 72 55.4
53 73 69.759
53 74 43.831
53 76 66.275
53 77 23.044
53 80 31.949
53 82 92.287
53 83 29.581
53 84 20.082
53 85 57.456
53 86 41.464
53 87 96.499
53 88 97.51
53 89 74.685
53 90 34.532
53 91 50.403
53 92 44.624
53 93 39.293
53 94 38.773
53 95 50.663
53 96 38.593
53 97 25.091
53 98 91.155
53 99 26.184
54 55 0.372
54 56 68.366
54 57 46.627
54 58 74.299
54 59 43.383
54 60 46.483
54 61 59.342
54 62 69.454
54 63 75.798
54 64 11.641
54 65 19.901
54 66 57.071
54 67 18.551
54 68 66.249
54 69 18.71
54 70 12.736
54 71 51.436
54 72 74.05
54 73 71.254
54 74 11.782
54 75 87.548
54 76 90.894
54 77 22.53
54 78 11.752
54 79 2.696
54 80 33.045
54 81 8.178
54 82 96.903
54 83 3.116
54 84 22.13
54 85 8.041
54 86 68.517
54 87 29.738
54 88 42.759
54 89 79.304
54 90 84.982
54 91 42.921
54 93 26.777
54 94 98.652
54 95 25.028
54 96 76.494
54 97 62.862
54 98 3.412
54 99 23.437
55 56 89.669
55 57 26.958
55 58 94.881
55 59 52.277
55 60 2.563
55 61 67.795
55 63 98.294
55 65 55.54
55 66 9.493
55 67 81.502
55 68 21.647
55 69 53.456
55 70 45.983
55 71 70.441
55 72 14.97
55 73 31.668
55 74 49.313
55 75 55.131
55 77 63.151
55 78 86.301
55 79 82.865
55 80 23.319
55 81 47.312
55 82 70.21
55 83 8.25
55 84 78.025
55 85 47.461
55 86 14.049
55 87 59.505
55 88 90.051
55 90 47.572
55 91 54.269
55 92 32.911
55 93 50.633
55 94 3.115
55 95 80.479
55 96 82.485
55 97 48.446
55 98 87.42
55 99 18.091
56 57 97.253
56 58 76.635
56 59 96.132
56 61 34.642
56 62 60.415
56 63 14.795
56 64 77.368
56 65 30.839
56 66 34.331
56 67 52.994
56 68 70.543
56 69 52.035
56 70 55.804
56 71 83.826
56 72 37.734
56 73 80.507
56 74 51.373
56 75 11.516
56 76 23.737
56 77 82.392
56 78 51.52
56 79 29.487
56 80 77.979
56 81 4.671
56 82 89.972
56 83 76.876
56 84 68.054
56 85 29.578
56 86 80.095
56 87 71.129
56 88 74.288
56 89 99.822
56 90 24.67
56 91 12.925
56 93 25.935
56 94 56.752
56 95 31.487
56 96 18.269
56 97 15.118
56 98 39.858
56 99 74.651
57 58 90.184
57 59 12.873
57 60 45.739
57 61 56.702
57 62 14.736
57 64 80.469
57 65 75.311
57 66 47.699
57 67 66.654
57 68 42.645
57 69 49.114
57 70 48.047
57 71 77.653
57 73 89.066
57 74 27.826
57 75 45.792
57 77 63.334
57 78 88.638
57 79 37.46
57 80 88.693
57 81 83.069
57 82 93.784
57 83 60.807
57 84 69.924
57 85 35.883
57 86 71.785
57 87 68.164
57 88 20.197
57 89 82.801
57 90 6.947
57 91 72.56
57 92 65.193
57 94 64.758
57 95 34.415
57 96 62.107
57 97 86.478
57 98 63.038
57 99 65.193
58 60 9.03
58 61 41.276
58 62 28.64
58 63 16.851
58 65 33.149
58 66 73.846
58 67 94.891
58 68 15.924
58 69 35.233
58 70 3.622
58 71 65.851
58 72 14.946
58 74 20.619
58 75 15.09
58 76 30.278
58 77 72.126
58 78 47.646
58 79 28.55
58 80 69.192
58 81 37.682
58 82 32.119
58 83 4.897
58 84 56.745
58 85 36.98
58 86 11.506
58 87 90.049
58 88 75.772
58 89 88.045
58 90 39.07
58 91 44.943
58 92 33.633
58 93 65.003
58 94 56.253
58 95 39.835
58 96 37.035
58 97 60.763
58 99 5.461
59 60 18.369
59 61 89.968
59 62 99.212
59 63 88.31
59 64 81.246
59 65 90.013
59 66 27.041
59 67 67.614
59 68 6.304
59 69 1.122
59 70 9.149
59 71 43.829
59 72 78.313
59 73 75.544
59 74 92.164
59 75 53.314
59 76 54.302
59 77 76.374
59 78 90.968
59 79 55.557
59 80 52.325
59 81 55.278
59 82 24.486
59 83 49.925
59 84 12.738
59 85 31.854
59 86 64.106
59 87 29.812
59 88 53.891
59 89 4.87
59 90 33.9
59 93 88.219
59 94 13.612
59 95 30.34
59 96 2.691
59 97 70.435
59 98 60.748
59 99 76.395
60 61 50.764
60 62 45.943
60 63 86.278
60 64 51.258
60 65 41.37
60 66 75.208
60 68 75.582
60 69 6.946
60 70 55.827
60 71 24.899
60 73 48.728
60 74 48.398
60 75 0.532
60 76 80.649
60 77 95.598
60 79 40.292
60 80 75.597
60 81 94.241
60 82 52.458
60 83 34.967
60 84 84.786
60 85 39.508
60 87 30.759
60 88 89.357
60 89 76.883
60 90 7.756
60 91 47.618
60 92 19.068
60 93 65.777
60 94 13.286
60 96 19.153
60 97 90.526
60 99 90.806
61 62 6.067
61 63 28.685
61 64 83.971
61 65 76.117
61 66 73.125
61 67 89.672
61 68 67.585
61 69 52.244
61 70 1.855
61 71 11.038
61 72 82.853
61 73 55.007
61 74 31.109
61 75 60.357
61 76 62.289
61 77 55.298
61 78 27.919
61 79 36.863
61 80 39.031
61 81 5.407
61 82 67.612
61 83 82.717
61 84 46.589
61 85 52.588
61 86 35.519
61 87 95.228
61 88 60.351
61 89 77.146
61 90 45.776
61 91 91.297
61 92 12.152
61 93 50.291
61 94 69.502
61 95 77.836
61 96 53.066
61 97 77.179
61 98 49.314
61 99 96.394
62 63 28.616
62 64 76.552
62 65 16.009
62 66 46.65
62 67 17.741
62 69 77.015
62 70 75.902
62 71 6.724
62 72 33.558
62 73 25.134
62 74 10.464
62 75 65.284
62 76 81.611
62 77 71.9
62 78 63.39
62 79 40.168
62 80 75.617
62 81 85.865
62 82 49.304
62 83 40.947
62 84 48.864
62 85 85.793
62 86 91.603
62 87 79.643
62 88 72.359
62 89 30.084
62 90 96.76
62 91 37.145
62 92 33.273
62 93 31.619
62 94 16.237
62 95 11.105
62 97 68.932
62 98 77.036
62 99 91.519
63 64 91.866
63 65 50.051
63 66 64.061
63 67 63.56
63 68 83.796
63 69 47.417
63 70 78.899
63 72 37.589
63 73 54.275
63 74 93.943
63 75 55.661
63 76 73.173
63 77 91.211
63 78 21.871
63 79 88.73
63 81 45.638
63 82 68.495
63 83 74.616
63 84 93.344
63 85 13.537
63 86 50.509
63 87 50.091
63 88 74.612
63 89 53.618
63 90 32.409
63 91 49.362
63 92 60.894
63 93 99.877
63 94 38.648
63 96 69.116
63 97 53.703
63 98 72.468
63 99 24.245
64 65 33.033
64 66 74.496
64 67 39.991
64 68 6.279
64 69 25.378
64 70 75.414
64 71 15.116
64 72 36.298
64 73 20.705
64 74 57.086
64 75 61.762
64 76 41.242
64 77 11.726
64 78 42.951
64 79 89.266
64 80 99.539
64 81 75.441
64 82 87.646
64 83 58.247
64 84 7.38
64 85 52.154
64 86 33.047
64 88 9.413
64 89 68.786
64 90 1.125
64 91 54.415
64 93 17.664
64 94 99.765
64 95 19.293
64 96 9.147
64 97 32.981
64 98 4.265
64 99 20.287
65 66 46.428
65 67 52.401
65 68 69.085
65 69 98.58
65 70 8.093
65 71 84.803
65 72 98.362
65 73 68.516
65 74 65.649
65 75 8.598
65 76 79.332
65 77 50.759
65 78 8.613
65 79 53.926
65 80 19.411
65 81 0.274
65 82 47.584
65 83 3.676
65 84 12.783
65 85 78.891
65 86 2.167
65 87 48.644
65 88 38.616
65 89 86.315
65 90 89.366
65 91 7.968
65 92 5.8
65 93 13.932
65 94 97.935
65 95 62.813
65 96 93.197
65 97 86.547
65 98 92.583
65 99 3.53
66 67 42.136
66 68 91.126
66 69 99.636
66 70 72.735
66 72 25.638
66 73 2.34
66 74 94.77
66 76 92.795
66 77 26.39
66 79 12.263
66 80 94.058
66 81 96.308
66 82 4.797
66 83 0.338
66 84 79.12
66 85 18.047
66 86 13.043
66 87 66.173
66 88 5.643
66 89 76.623
66 90 68.395
66 91 22.998
66 92 73.307
66 93 39.961
66 94 87.235
66 95 75.57
66 96 7.729
66 97 36.967
66 98 7.722
67 68 16.637
67 69 76.63
67 71 83.048
67 72 67.088
67 73 21.836
67 74 1.48
67 75 3.194
67 76 21.433
67 78 65.325
67 79 99.417
67 80 52.947
67 81 20.259
67 82 90.856
67 83 80.222
67 84 26.799
67 85 45.965
67 86 74.741
67 87 76.296
67 88 44.352
67 89 12.515
67 90 11.832
67 91 51.105
67 94 64.603
67 95 96.955
67 96 0.627
67 97 47.615
67 98 14.668
67 99 15.246
68 69 65.451
68 70 7.502
68 71 82.713
68 72 56.898
68 73 75.917
68 74 4.894
68 75 19.909
68 76 83.083
68 77 65.404
68 78 18.589
68 79 25.228
68 80 30.065
68 81 71.448
68 82 87.398
68 83 61.306
68 85 57.94
68 87 86.466
68 88 3.965
68 89 76.436
68 91 27.685
68 92 7.859
68 93 35.367
68 94 26.238
68 95 30.451
68 96 33.081
68 97 17.458
68 98 22.171
68 99 30.269
69 70 45.818
69 71 79.087
69 72 85.514
69 73 37.886
69 74 46.117
69 75 67.26
69 76 61.969
69 77 20.028
69 78 49.607
69 79 92.484
69 80 67.761
69 81 98.333
69 82 1.195
69 83 42.353
69 84 10.992
69 85 74.122
69 86 75.143
69 87 24.712
69 88 71.85
69 89 58.835
69 90 6.489
69 91 66.812
69 92 58.116
69 94 34.593
69 95 75.61
69 96 45.487
69 97 27.952
69 98 19.45
69 99 23.073
70 72 52.712
70 73 4.579
70 74 24.49
70 75 33.677
70 76 90.023
70 77 12.218
70 78 98.79
70 79 10.411
70 80 62.203
70 81 86.631
70 82 10.475
70 83 14.87
70 84 92.993
70 85 12.599
70 87 19.353
70 88 57.886
70 90 77.249
70 91 93.137
70 93 13.953
70 94 41.346
70 95 78.142
70 96 86.615
70 97 44.687
70 98 60.562
70 99 72.371
71 72 94.436
71 73 40.482
71 75 80.083
71 77 7.844
71 78 97.275
71 80 1.779
71 81 59.862
71 82 45.077
71 83 56.413
71 84 18.904
71 85 31.715
71 86 44.338
71 87 27.274
71 88 69.569
71 89 64.273
71 90 93.617
71 91 51.304
71 92 51.851
71 93 15.515
71 94 46.752
71 95 12.32
71 96 58.09
71 97 6.834
71 98 19.485
71 99 55.302
72 73 40.615
72 74 4.311
72 75 56.999
72 76 9.047
72 79 80.636
72 81 8.649
72 82 55.805
72 83 40.982
72 84 18.212
72 85 9.528
72 86 53.348
72 87 76.458
72 88 73.525
72 89 95.767
72 90 26.208
72 91 94.539
72 92 55.192
72 93 0.932
72 94 4.889
72 95 82.195
72 96 9.579
72 97 48.264
72 98 81.489
72 99 99.185
73 74 47.78
73 75 70.641
73 76 11.668
73 77 87.815
73 78 28.817
73 79 39.268
73 81 15.023
73 82 83.491
73 83 72.32
73 85 47.014
73 86 38.396
73 87 92.614
73 88 95.266
73 89 85.631
73 90 3.219
73 92 69.699
73 93 69.711
73 94 43.869
73 96 52.065
73 97 12.316
73 98 8.406
73 99 51.342
74 75 94.104
74 76 64.625
74 79 52.585
74 81 95.95
74 82 2.079
74 83 67.321
74 84 4.14
74 85 22.175
74 86 13.74
74 87 76.28
74 88 7.499
74 89 38.348
74 90 43.879
74 91 48.993
74 92 88.169
74 93 85.428
74 94 54.408
74 95 51.574
74 96 17.711
74 97 36.686
74 98 81.036
75 76 20.026
75 77 77.142
75 78 11.418
75 79 53.714
75 80 86.675
75 81 3.845
75 82 14.044
75 83 40.814
75 84 5.762
75 85 25.225
75 86 62.39
75 87 98.174
75 88 40.206
75 89 27.881
75 90 30.279
75 91 27.124
75 92 65.432
75 93 87.725
75 94 62.94
75 95 72.967
75 97 32.531
75 98 1.618
75 99 62.114
76 77 1.903
76 78 26.375
76 80 57.193
76 81 97.783
76 82 59.177
76 83 69.449
76 84 73.354
76 85 12.524
76 86 78.903
76 87 85.982
76 90 50.093
76 91 20.23
76 92 25.159
76 93 25.466
76 94 38.46
76 96 52.068
76 97 59.83
76 98 61.462
77 78 19.631
77 79 99.247
77 80 80.951
77 81 93.065
77 82 85.324
77 83 43.994
77 85 76.927
77 86 3.088
77 87 48.633
77 88 93.098
77 89 87.996
77 90 68.114
77 91 44.159
77 93 50.037
77 94 98.195
77 95 90.379
77 96 37.121
77 97 88.974
77 98 10.766
77 99 79.601
78 79 55.763
78 80 6.424
78 81 7.675
78 82 91.067
78 83 88.569
78 84 45.239
78 85 12.661
78 86 33.447
78 87 8.239
78 88 44.111
78 89 12.114
78 90 82.186
78 91 16.402
78 92 40.857
78 93 17.929
78 94 62.286
78 95 33.478
78 96 82.688
78 99 43.625
79 80 54.897
79 81 28.762
79 83 18.662
79 84 71.014
79 85 61.267
79 87 28.65
79 88 55.809
79 89 42.345
79 90 44.168
79 91 83.682
79 92 83.692
79 93 25.734
79 94 78.422
79 95 26.568
79 96 89.412
79 97 72.819
79 98 94.895
80 81 16.952
80 82 3.221
80 83 23.149
80 84 37.483
80 85 45.059
80 86 5.639
80 87 18.558
80 88 75.121
80 89 1.8
80 90 7.154
80 92 22.106
80 93 46.351
80 94 73.538
80 95 3.554
80 96 50.305
80 98 1.596
80 99 6.026
81 82 89.221
81 83 27.029
81 84 6.893
81 85 11.019
81 86 9.834
81 87 29.808
81 88 40.206
81 89 73.867
81 90 11.99
81 91 97.718
81 92 69.325
81 93 27.129
81 94 99.182
81 95 87.519
81 96 78.058
81 97 39.642
81 98 9.988
81 99 27.454
82 84 25.107
82 85 12.871
82 86 70.995
82 87 1.44
82 88 31.288
82 89 9.623
82 90 17.332
82 91 60.233
82 92 78.231
82 93 91.299
82 94 25.233
82 95 7.522
82 96 76.806
82 97 96.231
82 98 46.242
82 99 73.887
83 84 2.264
83 85 94.376
83 86 17.811
83 87 21.213
83 88 60.6
83 89 62.104
83 90 85.535
83 91 86.663
83 92 24.469
83 93 48.836
83 94 79.833
83 95 44.952
83 96 21.176
83 97 2.474
83 98 87.631
83 99 75.009
84 85 92.288
84 86 86.947
84 87 53.34
84 88 35.162
84 89 28.351
84 90 81.526
84 91 6.325
84 92 51.48
84 93 81.427
84 94 32.773
84 95 40.105
84 96 18.95
84 97 68.618
84 98 87.438
84 99 34.253
85 86 40.073
85 87 12.249
85 88 93.089
85 89 89.97
85 90 12.201
85 91 80.566
85 93 4.072
85 94 64.902
85 95 77.031
85 96 73.061
85 97 99.994
85 98 86.807
85 99 92.685
86 87 0.675
86 88 75.838
86 89 70.618
86 90 97.324
86 91 93.213
86 92 45.291
86 93 80.846
86 94 89.806
86 95 15.956
86 96 96.18
86 97 31.094
86 98 21.832
87 88 51.236
87 89 51.668
87 91 37.289
87 92 71.916
87 93 14.772
87 94 25.87
87 95 19.969
87 96 0.983
87 97 89.4
87 98 83.996
87 99 27.568
88 89 62.277
88 90 5.163
88 91 88.508
88 92 94.339
88 93 1.89
88 94 72.513
88 95 0.159
88 96 4.059
88 97 4.89
88 98 65.526
88 99 43.811
89 90 38.483
89 91 33.715
89 92 6.072
89 93 44.841
89 94 42.052
89 95 84.273
89 96 50.799
89 97 77.731
89 98 29.05
89 99 13.152
90 91 24.725
90 92 18.368
90 93 78.942
90 95 69.87
90 96 44.539
90 98 71.787
91 92 30.199
91 93 23.528
91 94 78.307
91 95 1.908
91 96 43.472
91 97 88.567
91 98 68.181
91 99 50.667
92 93 58.632
92 94 87.415
92 95 69.063
92 96 18.11
92 97 59.678
92 98 95.24
92 99 26.123
93 94 41.975
93 95 66.73
93 96 72.229
93 97 55.366
93 98 57.349
93 99 65.658
94 95 17.532
94 96 92.455
94 97 41.388
94 98 31.927
94 99 51.232
95 97 69.42
95 99 20.66
96 97 17.445
96 98 63.124
96 99 51.718
97 98 6.659
97 99 70.267
98 99 99.568