100
0 96 76.203
0 54 68.201
0 52 37.495
0 8 10.672
0 35 11.891
0 72 93.438
0 84 78.713
0 19 40.199
0 3 80.172
0 42 63.409
0 33 14.016
0 45 77.429
0 25 28.675
0 81 34.221
0 53 41.304
0 85 38.375
0 91 94.897
0 73 70.272
0 5 39.507
0 65 36.999
0 27 85.12
0 62 43.664
0 37 57.798
0 7 4.423
0 69 41.673
0 66 81.556
0 21 75.946
0 1 42.517
0 6 54.493
0 9 8.104
0 12 65.014
0 13 98.342
0 15 98.877
0 17 18.945
0 18 61.465
0 23 44.968
0 28 22.603
0 29 28.938
0 30 3.431
0 32 65.988
0 34 2.779
0 36 72.099
0 40 84.301
0 43 22.921
0 44 26.879
0 46 3.338
0 47 71.7
0 48 73.495
0 49 66.916
0 50 94.292
0 56 86.369
0 57 1.422
0 58 74.59
0 59 72.946
0 60 90.467
0 64 55.843
0 71 63.055
0 76 65.669
0 77 65.94
0 80 39.872
0 82 90.701
0 83 51.111
0 86 70.216
0 87 85.41
0 88 78.212
0 89 51.788
0 95 28.236
0 97 29.718
0 98 67.699
1 86 91.517
1 11 87.039
1 8 56.227
1 73 49.817
1 76 49.069
1 34 48.131
1 4 81.098
1 81 80.672
1 65 60.948
1 24 61.486
1 32 30.896
1 58 78.656
1 12 91.329
1 60 6.458
1 56 91.504
1 80 82.512
1 66 63.876
1 88 6.353
1 22 18.244
1 28 61.246
1 27 40.64
1 47 97.957
1 13 34.994
1 52 17.464
1 64 97.596
1 63 74.115
1 7 35.271
1 84 1.45
1 53 3.594
1 68 2.218
1 54 14.454
1 38 30.248
1 19 16.011
1 90 99.992
1 44 55.339
1 67 28.865
1 20 68.825
1 77 92.935
1 14 56.144
1 62 55.668
1 33 96.574
1 40 81.44
1 75 31.34
1 91 41.069
1 43 87.163
1 83 76.315
1 79 47.2
1 99 55.788
1 57 48.048
1 37 74.205
1 93 37.646
1 85 39.917
1 95 28.022
1 59 74.213
1 61 20.452
1 50 75.43
1 15 14.312
1 45 23.214
1 98 21.12
1 72 10.049
1 9 85.017
1 25 34.293
1 42 94.82
1 92 98.91
1 39 9.683
1 70 90.573
1 26 77.289
1 41 95.466
1 10 36.934
1 49 88.464
1 18 83.412
1 71 88.097
1 31 64.391
1 21 40.394
1 69 20.239
1 30 35.6
1 46 69.394
1 29 60.294
1 78 76.138
1 23 94.735
1 97 73.02
1 35 88.865
1 74 97.625
1 36 53.218
1 3 5.202
1 87 54.702
1 48 7.702
1 5 44.838
1 6 58.818
1 17 66.852
1 82 50.18
1 89 39.08
1 96 56.154
2 89 16.727
2 7 76.581
2 51 56.142
2 3 52.093
2 43 83.6
2 5 85.738
2 97 58.231
2 6 75.367
2 9 99.777
2 11 58.874
2 12 34.733
2 13 90.321
2 15 22.625
2 17 82.89
2 19 33.056
2 21 60.181
2 22 54.159
2 23 11.707
2 24 8.731
2 27 35.022
2 29 81.457
2 31 41.396
2 32 42.922
2 33 88.686
2 34 31.253
2 35 51.868
2 36 44.668
2 42 29.939
2 44 15.931
2 47 75.065
2 48 14.372
2 49 10.017
2 56 21.463
2 58 95.369
2 59 51.693
2 68 34.648
2 69 21.511
2 70 38.961
2 72 95.22
2 74 54.501
2 75 66.717
2 77 38.856
2 78 1.309
2 79 50.056
2 80 5.927
2 81 70.37
2 82 91.882
2 83 37.685
2 86 2.637
2 88 0.607
2 90 1.563
2 92 61.456
2 93 84.019
2 98 25.49
3 48 94.938
3 84 94.092
3 10 46.04
3 4 8.834
3 60 37.412
3 16 22.131
3 77 10.304
3 17 81.55
3 73 67.006
3 87 44.477
3 28 36.379
3 95 70.848
3 27 97.907
3 6 4.78
3 96 77.866
3 49 96.881
3 63 84.501
3 5 3.294
3 8 44.19
3 9 50.309
3 11 5.003
3 12 58.93
3 13 23.536
3 14 35.121
3 19 12.978
3 21 97.161
3 23 52.095
3 24 52.491
3 29 37.591
3 30 67.312
3 32 67.691
3 33 13.783
3 34 79.599
3 35 88.994
3 36 80.688
3 41 90.274
3 42 20.678
3 43 67.313
3 44 21.078
3 47 94.374
3 50 70.646
3 52 47.688
3 53 56.473
3 55 1.229
3 57 85.088
3 58 9.929
3 59 44.183
3 64 7.248
3 69 70.521
3 70 44.163
3 71 80.716
3 72 65.818
3 74 56.115
3 79 34.483
3 81 65.532
3 82 85.752
3 83 29.896
3 85 98.001
3 86 57.167
3 88 46.008
3 89 4.016
3 92 81.102
3 93 66.071
3 97 61.004
3 98 21.182
4 38 92.549
4 74 31.892
4 44 59.132
4 13 94.539
4 90 46.508
4 82 15.349
4 57 40.229
4 6 1.227
4 29 88.897
4 30 48.632
4 11 3.292
4 79 33.509
4 27 65.978
4 26 70.194
4 39 35.03
4 8 69.149
4 51 77.658
4 87 58.358
4 5 22.508
4 7 54.271
4 9 22.86
4 12 62.917
4 14 30.416
4 17 6.09
4 19 93.401
4 20 22.336
4 21 80.722
4 23 70.665
4 24 28.366
4 25 4.208
4 28 75.655
4 32 11.987
4 34 73.778
4 35 34.028
4 36 77.659
4 42 60.252
4 43 55.925
4 47 47.344
4 48 76.879
4 49 55.369
4 50 22.568
4 52 62.837
4 56 77.694
4 58 16.143
4 60 83.83
4 62 54.893
4 68 54.339
4 69 78.555
4 76 71.524
4 77 41.201
4 81 79.583
4 83 65.734
4 84 57.094
4 85 26.796
4 86 92.228
4 88 97.866
4 89 98.401
4 92 3.13
4 93 79.631
4 95 17.979
4 97 46.959
4 98 7.194
4 99 67.135
5 67 92.04
5 16 22.666
5 38 22.203
5 79 92.948
5 78 85.997
5 22 49.175
5 14 21.197
5 97 6.115
5 83 26.623
5 19 91.138
5 10 32.635
5 88 11.514
5 27 19.09
5 35 80.298
5 23 22.864
5 12 86.276
5 20 89.015
5 86 48.859
5 39 3.903
5 42 96.121
5 68 78.441
5 33 19.59
5 47 43.161
5 53 26.579
5 28 46.624
5 98 22.972
5 69 79.525
5 32 98.272
5 91 50.896
5 61 3.058
5 45 54.748
5 17 99.608
5 62 75.998
5 59 23.165
5 25 12.787
5 81 19.464
5 46 76.835
5 80 86.265
5 73 54.071
5 55 27.631
5 96 49.01
5 66 7.061
5 82 67.223
5 65 9.66
5 24 54.02
5 57 40.445
5 15 24.211
5 26 44.583
5 85 7.067
5 49 19.097
5 44 16.473
5 70 34.873
5 11 27.897
5 36 20.178
5 41 8.892
5 54 8.454
5 7 61.823
5 51 44.487
5 60 9.874
5 84 74.843
5 9 33.468
5 87 9.32
5 74 9.999
5 13 98.96
5 34 40.628
5 76 63.77
5 6 98.198
5 8 18.215
5 21 66.533
5 29 52.306
5 30 86.293
5 43 89.052
5 50 70.107
5 52 89.584
5 56 0.734
5 58 60.182
5 63 61.058
5 64 33.277
5 72 34.901
5 77 13.679
5 89 10.516
5 90 39.41
5 94 55.787
6 81 71.459
6 89 58.04
6 68 76.369
6 46 87.252
6 99 52.167
6 31 31.802
6 50 91.652
6 95 42.719
6 22 37.341
6 24 52.01
6 7 50.599
6 9 68.999
6 76 22.246
6 38 85.975
6 18 88.686
6 17 29.264
6 91 47.472
6 85 35.352
6 36 46.474
6 58 84.47
6 52 30.842
6 75 1.956
6 33 28.016
6 34 41.607
6 49 57.044
6 79 69.987
6 13 20.29
6 28 45.29
6 47 89.223
6 67 27.826
6 8 57.144
6 43 42.655
6 86 76.654
6 23 21.385
6 77 68.684
6 60 0.994
6 40 96.679
6 96 11.898
6 20 51.688
6 10 18.322
6 51 29.369
6 82 67.575
6 69 69.512
6 63 27.192
6 37 77.581
6 94 42.678
6 74 0.418
6 97 48.08
6 35 43.987
6 45 87.264
6 98 22.143
6 30 60.111
6 57 44.471
6 66 42.511
6 41 17.148
6 12 93.164
6 87 20.685
6 65 53.274
6 71 27.459
6 54 77.897
6 39 67.055
6 73 70.134
6 59 83.54
6 14 57.75
6 19 60.895
6 25 18.997
6 92 42.267
6 53 87.703
6 44 67.261
6 15 35.801
6 21 92.951
6 26 83.92
6 32 51.403
6 48 51.355
6 64 96.003
6 72 64.012
6 78 5.429
6 80 21.166
6 83 97.572
6 88 74.7
6 90 90.942
6 93 28.202
7 72 76.212
7 32 77.062
7 51 44.963
7 21 49.776
7 63 88.212
7 25 33.794
7 27 56.71
7 54 38.026
7 68 40.658
7 9 5.95
7 96 9.825
7 19 30.212
7 52 6.732
7 97 85.851
7 98 89.058
7 55 97.695
7 49 6.246
7 43 1.664
7 60 0.303
7 71 56.413
7 87 79.873
7 45 5.908
7 91 92.777
7 83 76.639
7 20 24.169
7 28 53.587
7 78 49.263
7 44 16.131
7 81 57.465
7 74 77.222
7 37 89.431
7 53 90.673
7 15 50.592
7 67 36.669
7 90 78.761
7 31 68.901
7 10 65.398
7 33 36.329
7 75 2.08
7 36 22.365
7 59 7.643
7 30 9.323
7 35 97.451
7 80 85.352
7 65 69.483
7 11 45.153
7 26 50.232
7 46 18.794
7 14 76.223
7 16 86.627
7 88 9.934
7 48 2.486
7 56 48.976
7 73 58.751
7 47 57.738
7 94 79.929
7 23 40.229
7 61 75.565
7 38 21.591
7 50 75.535
7 95 66.166
7 64 55.994
7 29 54.555
7 42 1.537
7 58 82.114
7 12 46.243
7 13 64.906
7 22 89.415
7 24 31.859
7 34 99.367
7 41 48.931
7 57 83.399
7 66 31.12
7 69 67.558
7 77 36.124
7 79 88.621
7 82 47.621
7 84 69.967
7 85 2.498
7 92 15.365
7 93 95.121
8 25 23.914
8 69 5.376
8 92 38.901
8 84 19.559
8 57 42.075
8 13 48.365
8 77 60.086
8 70 8.682
8 49 49.056
8 23 47.676
8 51 45.438
8 58 85.598
8 52 16.665
8 44 73.747
8 39 59.108
8 15 96.471
8 43 15.258
8 14 82.071
8 85 92.171
8 80 19.503
8 64 0.122
8 31 92.069
8 33 9.924
8 81 16.44
8 55 85.866
8 67 18.689
8 75 86.289
8 10 32.812
8 63 45.53
8 82 78.767
8 29 66.343
8 97 4.216
8 34 93.008
8 65 4.119
8 76 82.741
8 79 12.453
8 66 6.253
8 46 85.042
8 87 30.737
8 71 34.323
8 89 26.793
8 62 33.412
8 35 24.78
8 42 81.347
8 12 85.191
8 48 62.602
8 9 2.247
8 16 55.562
8 21 15.701
8 27 32.26
8 32 75.91
8 41 71.173
8 45 63.463
8 47 31.902
8 60 92.71
8 68 63.436
8 72 65.414
8 83 43.213
8 86 71.327
8 88 68.048
8 90 72.057
8 95 78.745
8 96 26.745
8 98 75.594
9 67 7.078
9 79 92.88
9 71 40.369
9 31 36.767
9 28 43.465
9 29 52.623
9 26 22.169
9 55 8.155
9 58 29.348
9 92 24.665
9 14 52.41
9 56 7.398
9 48 49.522
9 97 27.124
9 45 70.528
9 74 61.087
9 60 26.472
9 59 42.122
9 82 56.256
9 46 4.964
9 99 76.311
9 83 99.21
9 42 3.581
9 72 12.832
9 19 0.848
9 11 25.262
9 34 59.044
9 24 30.944
9 27 30.52
9 12 31.465
9 52 78.582
9 41 31.65
9 17 68.998
9 63 60.281
9 81 89.398
9 95 29.63
9 36 32.901
9 54 65.229
9 80 23.315
9 64 65.902
9 75 47.926
9 84 25.92
9 57 57.296
9 98 1.087
9 10 5.812
9 73 35.132
9 23 2.205
9 87 86.753
9 89 33.884
9 21 40.522
9 70 47.706
9 65 24.582
9 35 30.91
9 68 95.398
9 38 67.926
9 18 3.718
9 13 18.257
9 77 33.722
9 66 59.95
9 37 70.098
9 43 25.05
9 20 4.154
9 39 77.769
9 91 80.22
9 85 32.201
9 78 61.058
9 32 13.565
9 51 37.266
9 96 7.836
9 15 68.144
9 25 2.687
9 30 54.139
9 47 61.02
9 49 89.296
9 50 39.418
9 69 56.463
9 88 65.098
9 93 73.988
10 74 67.45
10 27 99.821
10 12 14.248
10 13 12.107
10 15 31.956
10 17 1.667
10 21 36.179
10 23 15.819
10 26 57.119
10 28 16.508
10 29 45.605
10 30 60.156
10 32 35.942
10 34 97.503
10 41 11.903
10 43 60.22
10 47 77.882
10 48 91.839
10 49 22.844
10 50 19.667
10 53 36.885
10 55 54.582
10 56 98.166
10 58 98.195
10 60 81.391
10 63 2.301
10 65 92.473
10 67 55.747
10 68 49.296
10 69 98.442
10 70 31.683
10 72 33.232
10 76 16.028
10 79 66.232
10 81 30.48
10 82 32.02
10 84 32.191
10 86 91.141
10 88 96.725
10 89 94.578
10 92 73.2
10 93 79.205
10 97 42.107
10 98 21.273
11 80 69.256
11 75 54.25
11 53 69.802
11 42 49.469
11 72 36.28
11 88 48.664
11 93 67.459
11 37 56.033
11 92 93.703
11 52 99.996
11 46 35.415
11 77 83.579
11 78 65.928
11 61 94.994
11 34 84.288
11 22 66.746
11 23 76.152
11 41 75.425
11 67 1.74
11 38 19.41
11 71 64.069
11 70 3.037
11 49 60.711
11 60 3.679
11 66 2.579
11 82 61.196
11 15 9.338
11 89 32.518
11 14 82.468
11 35 78.286
11 32 87.6
11 99 3.487
11 13 84.039
11 19 1.913
11 69 64.605
11 65 46.509
11 64 6.612
11 43 40.633
11 30 25.458
11 18 47.667
11 36 2.925
11 39 98.136
11 87 77.475
11 76 34.806
11 55 6.701
11 16 17.573
11 21 61.82
11 25 39.673
11 28 40.018
11 33 74.152
11 40 91.719
11 44 63.525
11 47 76.482
11 48 3.073
11 50 4.873
11 56 24.738
11 57 5.739
11 58 48.724
11 68 19.733
11 79 11.791
11 81 74.689
11 85 13.15
11 86 70.004
11 97 57.923
11 98 27.354
12 68 19.113
12 77 46.925
12 74 53.532
12 61 12.077
12 88 16.934
12 36 47.075
12 46 14.248
12 40 19.859
12 87 19.564
12 71 52.338
12 92 13.515
12 55 38.839
12 62 38.157
12 60 56.981
12 84 78.823
12 17 86.08
12 35 42.004
12 44 98.462
12 69 60.694
12 89 29.479
12 29 70.244
12 85 12.123
12 16 3.647
12 23 9.688
12 81 48.403
12 42 27.434
12 94 16.919
12 76 40.932
12 64 88.529
12 73 68.006
12 45 39.285
12 24 85.244
12 78 50.205
12 58 1.758
12 32 87.227
12 15 83.096
12 20 24.226
12 49 56.633
12 52 62.164
12 47 61.977
12 31 16.918
12 80 42.161
12 27 97.251
12 30 19.665
12 54 10.931
12 83 26.478
12 39 8.179
12 18 50.598
12 53 44.041
12 26 12.713
12 97 4.016
12 25 49.866
12 91 95.532
12 70 49.189
12 56 96.904
12 43 99.297
12 13 0.96
12 93 44.291
12 96 61.487
12 65 96.212
12 41 32.365
12 67 58.984
12 48 6.526
12 66 98.702
12 19 79.769
12 22 45.016
12 28 56.575
12 34 77.771
12 38 54.267
12 50 98.076
12 57 68.651
12 72 59.56
12 79 46.279
12 82 46.388
12 86 23.039
12 95 59.325
12 98 66.371
13 59 40.312
13 28 59.986
13 66 54.529
13 25 98.334
13 90 73.328
13 68 51.684
13 95 52.989
13 65 36.876
13 61 82.696
13 97 98.272
13 46 84.051
13 14 34.187
13 43 70.773
13 86 78.9
13 54 62.033
13 30 12.992
13 40 82.761
13 23 5.005
13 75 20.499
13 41 5.93
13 99 15.625
13 17 29.228
13 57 5.735
13 38 79.498
13 85 47.207
13 92 68.669
13 18 97.954
13 84 4.964
13 22 51.018
13 63 50.263
13 15 60.258
13 76 94.901
13 31 46.222
13 93 42.182
13 77 65.936
13 72 6.012
13 64 38.848
13 56 46.138
13 39 17.177
13 29 93.849
13 88 64.395
13 62 7.922
13 91 11.788
13 20 94.344
13 16 15.007
13 71 75.976
13 55 69.386
13 50 22.642
13 60 17.758
13 83 19.005
13 74 9.953
13 73 34.13
13 96 84.433
13 82 86.795
13 80 20.616
13 42 18.365
13 53 61.123
13 32 27.969
13 45 47.558
13 79 60.218
13 21 16.619
13 70 79.652
13 26 15.403
13 36 37.034
13 19 2.018
13 69 95.253
13 44 14.367
13 51 90.945
13 47 8.711
13 34 48.403
13 48 41.162
13 58 96.514
13 87 71.976
13 35 21.808
13 24 45.284
13 49 16.769
13 81 49.583
13 27 39.383
13 37 7.915
13 52 61.949
13 89 61.581
13 98 49.112
14 92 35.746
14 94 13.289
14 64 29.266
14 65 53.402
14 33 6.379
14 80 39.966
14 39 30.255
14 21 58.033
14 43 17.258
14 22 92.993
14 23 91.826
14 58 39.858
14 27 96.621
14 52 26.481
14 68 98.224
14 30 25.4
14 31 14.02
14 29 25.932
14 18 24.941
14 37 44.198
14 54 57.477
14 42 20.448
14 50 17.163
14 34 49.428
14 51 75.796
14 76 24.223
14 66 8.92
14 45 15.085
14 26 2.337
14 56 33.485
14 62 55.496
14 35 20.002
14 70 26.896
14 16 59.505
14 77 96.394
14 90 67.621
14 57 42.815
14 17 81.724
14 96 18.655
14 20 6.83
14 71 11.22
14 67 70.739
14 73 95.638
14 15 59.104
14 75 4.726
14 41 7.313
14 87 61.3
14 93 53.846
14 44 37.496
14 69 68.38
14 89 6.648
14 85 22.544
14 88 36.1
14 79 68.333
14 86 93.54
14 48 53.815
14 28 39.388
14 47 57.667
14 95 74.465
14 36 29.296
14 63 92.293
14 72 24.7
14 83 71.973
14 53 97.603
14 32 74.664
14 98 41.947
14 19 47.913
14 25 94.183
14 40 25.478
14 49 88.433
14 81 59.469
14 82 57.34
14 84 56.4
14 97 70.692
15 51 34.749
15 21 98.607
15 25 8.395
15 88 55.241
15 52 33.467
15 43 86.671
15 50 55.08
15 22 55.819
15 97 15.721
15 31 65.458
15 79 95.978
15 90 6.722
15 48 20.334
15 42 67.835
15 37 44.99
15 98 72.894
15 76 51.059
15 45 45.195
15 75 86.91
15 67 84.901
15 71 50.872
15 69 4.154
15 35 65.974
15 99 80.728
15 38 92.454
15 46 14.997
15 24 52.312
15 59 30.52
15 23 59.509
15 18 4.854
15 17 56.363
15 83 91.837
15 26 72.778
15 56 28.17
15 66 29.404
15 68 63.877
15 82 57.774
15 28 50.456
15 61 83.477
15 58 86.54
15 65 87.136
15 94 36.877
15 70 59.037
15 64 91.053
15 89 92.323
15 86 39.193
15 55 26.391
15 39 9.007
15 80 71.763
15 41 14.795
15 34 52.661
15 40 92.108
15 87 0.137
15 91 41.858
15 20 92.656
15 19 82.47
15 27 48.683
15 29 77.748
15 32 75.849
15 44 10.552
15 47 17.241
15 49 43.541
15 57 55.921
15 72 38.08
15 77 69.377
15 81 45.608
15 84 88.182
15 92 0.443
15 95 81.842
16 89 61.745
16 55 84.277
16 91 34.082
16 21 30.264
16 62 66.209
16 79 81.713
16 82 40.664
16 31 29.493
16 97 35.483
16 93 29.072
16 20 50.369
16 90 79.993
16 37 98.098
16 78 82.385
16 47 38.323
16 73 69.867
16 66 23.965
16 56 53.136
16 53 63.876
16 17 45.141
16 18 9.959
16 19 37.761
16 22 22.448
16 23 23.52
16 28 88.382
16 29 73.551
16 32 74.986
16 34 4.277
16 36 10.319
16 42 71.981
16 43 60.684
16 48 41.999
16 49 53.077
16 50 60.872
16 52 2.183
16 57 57.406
16 58 29.231
16 63 70.225
16 64 24.077
16 65 32.667
16 68 89.068
16 69 0.226
16 70 18.179
16 72 32.547
16 75 81.049
16 77 92.735
16 80 90.353
16 81 80.111
16 84 62.709
16 88 1.922
16 95 80.446
16 98 58.532
17 46 66.51
17 90 46.172
17 21 40.791
17 95 97.151
17 19 53.324
17 98 95.405
17 36 94.777
17 72 98.297
17 54 26.88
17 28 99.611
17 64 47.852
17 87 66.005
17 57 1.961
17 76 84.913
17 81 37.151
17 80 19.829
17 84 68.071
17 39 3.704
17 43 30.008
17 35 32.415
17 67 65.873
17 68 26.791
17 56 90.044
17 96 65.856
17 48 30.122
17 23 42.325
17 75 56.368
17 71 56.161
17 18 34.777
17 93 70.809
17 34 94.663
17 78 35.047
17 94 78.152
17 69 23.104
17 99 69.925
17 74 16.615
17 63 18.362
17 26 88.95
17 89 40.532
17 88 4.042
17 91 67.171
17 20 86.29
17 73 73.638
17 40 82.132
17 53 17.749
17 31 59.425
17 82 33.694
17 97 29.191
17 51 94.355
17 22 43.988
17 24 33.911
17 27 85.752
17 29 0.938
17 30 76.597
17 32 59.032
17 38 85.506
17 41 68.204
17 42 67.18
17 44 82.313
17 47 38.983
17 49 9.833
17 50 78.029
17 58 34.362
17 59 25.888
17 65 16.161
17 77 79.999
17 79 63.664
17 83 3.499
17 86 84.629
18 54 3.12
18 41 88.525
18 51 49.723
18 52 68.105
18 46 67.687
18 89 52.427
18 66 33.509
18 67 96.916
18 82 30.481
18 29 37.383
18 79 69.002
18 20 0.422
18 84 42.042
18 22 10.339
18 59 55.63
18 64 75.858
18 56 88.116
18 77 15.202
18 50 54.332
18 86 33.157
18 36 54.924
18 26 41.843
18 71 34.435
18 19 20.096
18 21 41.112
18 23 30.471
18 27 86.62
18 30 90.439
18 31 96.302
18 32 37.145
18 34 66.402
18 35 39.444
18 40 63.149
18 42 35.608
18 44 39.863
18 45 11.968
18 47 78.175
18 48 24.945
18 49 80.6
18 53 3.746
18 57 4.978
18 58 6.883
18 62 91.667
18 68 21.966
18 69 42.004
18 70 3.188
18 75 55.636
18 81 59.346
18 83 6.514
18 85 9.256
18 88 46.961
18 90 12.393
18 91 66.289
18 92 76.876
18 94 32.992
18 96 61.787
18 97 86.51
19 41 7.736
19 61 46.423
19 43 56.049
19 22 29.746
19 59 55.017
19 24 81.319
19 89 94.978
19 40 93.562
19 51 85.698
19 64 80.034
19 82 91.504
19 48 50.864
19 28 20.019
19 21 23.505
19 96 61.668
19 56 49.784
19 98 98.869
19 85 81.643
19 75 44.877
19 35 85.227
19 80 80.272
19 31 93.358
19 36 40.498
19 68 50.757
19 77 77.68
19 46 11.855
19 74 88.854
19 26 82.359
19 69 26.484
19 65 26.645
19 58 44.669
19 66 32.173
19 27 51.234
19 54 55.032
19 20 45.463
19 76 28.026
19 62 47.595
19 25 20.924
19 45 55.233
19 97 50.704
19 72 60.001
19 29 60.424
19 57 1.826
19 95 67.344
19 81 93.972
19 99 8.16
19 67 1.316
19 32 66.006
19 71 77.284
19 52 64.657
19 38 73.558
19 91 55.387
19 60 36.082
19 30 82.611
19 33 47.891
19 94 46.79
19 63 57.854
19 87 8.217
19 23 45.533
19 34 56.36
19 42 99.427
19 47 50.264
19 49 8.679
19 50 51.248
19 53 5.934
19 70 29.832
19 73 14.18
19 78 30.257
19 79 20.746
19 83 5.871
19 84 28.478
19 86 70.343
19 88 46.712
19 93 50.774
20 39 65.727
20 84 70.326
20 53 39.031
20 66 26.981
20 58 65.817
20 56 90.763
20 87 7.987
20 50 33.587
20 31 75.814
20 70 93.71
20 21 54.511
20 22 90.988
20 23 99.195
20 24 21.794
20 27 51.863
20 28 63.095
20 29 60.749
20 30 63.624
20 32 66.755
20 34 45.997
20 35 76.227
20 36 83.887
20 38 2.876
20 43 66.042
20 44 86.45
20 47 67.062
20 48 26.219
20 49 81.517
20 52 35.337
20 57 28.898
20 67 61.333
20 68 7.079
20 69 6.107
20 72 26.753
20 74 82.585
20 75 89.938
20 77 29.305
20 79 34.623
20 81 6.946
20 82 57.084
20 83 43.396
20 86 71.124
20 90 60.444
20 92 27.624
20 93 27.538
20 95 1.248
20 97 75.386
20 98 11.389
21 64 39.398
21 22 81.485
21 33 91.705
21 38 0.778
21 41 33.419
21 65 47.472
21 87 96.19
21 43 59.937
21 84 50.349
21 69 61.253
21 86 7.35
21 61 98.025
21 96 47.604
21 53 46.144
21 88 34.778
21 95 73.714
21 42 65.135
21 23 71.349
21 76 70.557
21 35 93.714
21 75 50.751
21 44 82.194
21 67 14.903
21 74 23.529
21 49 48.012
21 54 47.898
21 80 35.488
21 71 95.039
21 66 96.342
21 91 24.265
21 40 38.649
21 79 34.948
21 81 4.797
21 83 1.074
21 89 9.683
21 52 57.35
21 55 72.882
21 25 25.744
21 70 9.008
21 97 27.379
21 93 74.769
21 31 32.087
21 37 95.696
21 29 10.089
21 92 68.784
21 85 20.498
21 57 78.237
21 56 27.307
21 24 96.902
21 46 30.725
21 98 68.621
21 36 18.947
21 63 46.986
21 51 41.939
21 27 35.134
21 28 19.516
21 30 60.387
21 32 48.027
21 34 62.655
21 47 17.559
21 48 85.935
21 50 28.346
21 58 53.942
21 60 23.697
21 72 10.779
21 73 2.309
21 82 85.896
21 90 75.078
21 94 62.184
22 63 86.719
22 97 66.229
22 37 13.606
22 32 47.998
22 25 51.87
22 88 12.704
22 47 48.783
22 84 74.341
22 53 12.538
22 54 39.278
22 75 70.126
22 56 3.021
22 39 57.895
22 73 11.81
22 92 30.198
22 86 53.069
22 36 66.93
22 45 21.795
22 52 45.95
22 69 59.908
22 93 32.843
22 59 13.121
22 29 19.542
22 42 62.443
22 30 87.253
22 41 75.472
22 60 98.102
22 89 50.485
22 27 41.566
22 35 19.053
22 50 70.846
22 31 96.924
22 99 8.133
22 61 94.539
22 81 29.486
22 65 23.676
22 23 15.971
22 46 58.687
22 91 92.886
22 26 73.884
22 28 99.895
22 34 64.388
22 38 65.12
22 43 41.478
22 44 68.186
22 48 21.598
22 49 29.708
22 51 85.521
22 57 96.698
22 58 62.209
22 68 93.073
22 70 8.354
22 72 33.042
22 77 4.299
22 79 2.031
22 82 59.634
22 83 13.808
22 87 2.758
22 90 39.566
22 94 38.841
22 98 35.044
23 95 46.108
23 60 32.88
23 78 61.963
23 98 63.278
23 53 50.969
23 52 47.57
23 56 30.739
23 48 38.847
23 84 59.119
23 29 78.66
23 79 8.606
23 85 8.063
23 73 35.71
23 72 62.995
23 44 43.632
23 86 41.845
23 33 85.524
23 97 29.202
23 28 27.229
23 27 28.533
23 82 33.374
23 36 75.948
23 77 90.58
23 68 13.773
23 49 64.295
23 94 41.201
23 59 80.884
23 57 21.002
23 70 28.019
23 76 58.331
23 92 92.136
23 71 72.758
23 55 10.404
23 39 57.158
23 51 97.2
23 74 50.312
23 35 18.603
23 47 21.134
23 80 54.79
23 69 28.959
23 50 63.334
23 93 18.555
23 31 52.913
23 90 98.3
23 38 90.037
23 64 19.679
23 26 51.115
23 41 2.003
23 61 4.039
23 40 67.573
23 81 48.945
23 91 6.64
23 87 96.565
23 30 27.087
23 32 12.075
23 63 84.545
23 24 44.396
23 66 68.953
23 42 19.412
23 75 97.682
23 83 45.328
23 25 54.347
23 96 90.905
23 58 92.614
23 65 87.306
23 89 34.472
23 34 61.103
23 43 3.483
23 46 98.282
23 88 24.302
23 99 41.228
24 26 60.662
24 40 84.153
24 49 66.568
24 64 0.624
24 75 93.819
24 44 11.279
24 89 76.132
24 59 92.146
24 96 63.535
24 47 38.507
24 27 2.75
24 32 75.154
24 81 5.782
24 51 19.292
24 98 61.089
24 53 83.994
24 28 13.428
24 77 12.137
24 92 28.468
24 76 66.507
24 52 2.175
24 97 71.65
24 68 84.159
24 93 62.441
24 88 58.701
24 87 74.472
24 38 55.525
24 37 52.789
24 25 25.258
24 65 78.073
24 56 22.205
24 82 73.879
24 86 39.309
24 35 0.515
24 46 44.5
24 73 54.457
24 72 97.983
24 69 12.605
24 60 82.653
24 71 68.788
24 74 56.607
24 41 19.091
24 63 32.303
24 62 22.703
24 50 73.493
24 29 21.168
24 30 66.919
24 34 59.408
24 36 60.498
24 43 57.666
24 48 2.812
24 57 33.517
24 58 83.336
24 70 44.005
24 80 21.701
24 83 75.058
24 84 99.885
24 90 60.641
24 94 34.857
24 95 73.451
25 79 73.527
25 60 50.256
25 55 21.871
25 58 92.801
25 73 58.986
25 85 50.119
25 75 78.152
25 34 83.161
25 61 0.08
25 59 63.752
25 36 84.909
25 94 27.866
25 67 5.569
25 43 88.843
25 66 3.698
25 38 81.051
25 81 61.814
25 41 15.519
25 54 26.431
25 92 90.066
25 47 76.211
25 74 60.921
25 97 71.454
25 65 26.381
25 29 42.061
25 40 70.262
25 26 76.594
25 62 8.423
25 70 28.228
25 33 35.036
25 64 55.688
25 31 59.925
25 27 58.524
25 30 1.513
25 32 93.793
25 44 13.825
25 46 48.898
25 48 25.146
25 49 67.642
25 51 91.832
25 52 41.334
25 53 10.955
25 56 32.397
25 57 93.676
25 69 92.41
25 71 58.018
25 72 51.181
25 77 50.566
25 83 87.461
25 86 69.7
25 87 59.618
25 88 70.711
25 89 14.798
25 90 78.596
25 91 44.535
25 93 13.921
25 95 84.826
25 98 32.258
26 56 50.682
26 29 9.304
26 47 39.973
26 86 61.909
26 59 11.017
26 44 81.246
26 51 0.479
26 90 52.708
26 66 85.843
26 78 67.385
26 34 69.543
26 74 71.71
26 45 37.41
26 70 8.266
26 82 21.23
26 63 19.14
26 53 2.734
26 73 7.082
26 27 48.025
26 30 31.765
26 31 17.173
26 32 67.639
26 35 66.354
26 36 61.07
26 38 60.893
26 40 52.981
26 42 61.629
26 43 30.577
26 46 32.342
26 48 71.245
26 49 2.262
26 50 20.834
26 52 53.101
26 54 43.589
26 55 22.289
26 57 18.779
26 58 73.692
26 61 39.838
26 64 23.849
26 68 85.669
26 69 7.009
26 72 74.835
26 75 16.194
26 77 9.41
26 79 90.81
26 81 17.665
26 83 8.344
26 85 38.875
26 87 93.923
26 88 20.216
26 89 62.523
26 92 4.936
26 93 49.669
26 94 75.713
26 95 97.449
26 96 77.53
26 97 56.203
26 98 43.055
26 99 6.967
27 41 48.94
27 75 85.818
27 37 3.0
27 48 12.624
27 91 38.02
27 76 88.09
27 90 3.026
27 47 20.001
27 35 96.407
27 96 39.835
27 66 26.337
27 68 27.773
27 84 83.99
27 31 51.355
27 67 95.293
27 86 55.546
27 44 23.34
27 45 1.538
27 80 99.582
27 70 7.072
27 53 66.9
27 98 99.421
27 46 10.259
27 43 42.795
27 38 52.016
27 42 37.557
27 81 73.202
27 87 11.836
27 61 90.283
27 40 19.078
27 79 44.182
27 73 37.749
27 59 1.611
27 62 38.596
27 32 55.89
27 57 11.048
27 60 41.142
27 89 45.411
27 65 61.56
27 69 50.991
27 88 11.594
27 36 78.039
27 58 53.925
27 33 34.009
27 50 48.392
27 99 62.301
27 95 16.157
27 28 36.583
27 34 65.859
27 56 46.174
27 63 56.33
27 71 25.02
27 72 65.565
27 52 76.807
27 55 99.292
27 97 17.367
27 49 4.459
27 82 29.895
27 93 95.796
27 64 85.284
27 29 45.227
27 30 6.261
27 74 76.055
27 77 26.771
27 78 47.398
27 83 2.758
27 85 71.646
27 92 9.571
27 94 67.609
28 80 74.191
28 76 1.743
28 92 84.444
28 31 84.946
28 84 45.654
28 79 81.955
28 74 70.046
28 40 13.082
28 35 85.507
28 49 15.569
28 39 99.409
28 63 65.492
28 82 68.826
28 90 46.117
28 85 28.474
28 58 87.085
28 70 98.575
28 86 7.002
28 83 58.95
28 89 94.799
28 75 39.137
28 43 64.976
28 91 39.586
28 61 25.64
28 88 61.634
28 45 94.386
28 42 76.597
28 94 57.558
28 67 71.595
28 97 40.302
28 32 74.546
28 52 13.875
28 87 33.921
28 51 19.074
28 72 98.234
28 81 91.569
28 47 93.268
28 71 68.044
28 48 41.484
28 53 95.451
28 65 84.887
28 62 66.537
28 36 40.62
28 29 96.943
28 30 52.049
28 33 93.208
28 34 90.09
28 41 75.516
28 50 43.98
28 55 71.724
28 56 57.147
28 57 99.148
28 60 57.985
28 64 19.286
28 68 57.374
28 69 96.665
28 77 81.556
28 93 79.491
28 96 58.165
28 98 73.93
29 32 68.766
29 51 7.525
29 53 57.602
29 40 68.662
29 64 6.996
29 31 94.062
29 49 19.279
29 48 23.93
29 37 83.277
29 71 93.882
29 97 60.489
29 72 65.806
29 77 90.826
29 46 85.895
29 70 8.056
29 66 93.827
29 35 22.896
29 79 41.667
29 60 24.743
29 44 37.762
29 94 93.482
29 76 19.087
29 88 16.752
29 68 74.406
29 86 86.635
29 43 31.111
29 67 50.079
29 55 7.755
29 84 28.796
29 83 40.708
29 96 57.553
29 58 54.599
29 33 96.848
29 38 67.782
29 52 74.922
29 41 52.368
29 36 11.165
29 62 72.551
29 74 56.791
29 93 33.737
29 80 90.534
29 39 49.02
29 63 34.193
29 65 31.54
29 50 21.105
29 57 27.521
29 89 72.493
29 30 68.695
29 61 21.878
29 47 7.794
29 59 20.182
29 34 81.278
29 42 77.832
29 56 72.677
29 69 62.527
29 81 94.413
29 82 78.797
29 85 89.787
29 87 57.632
29 92 77.711
29 95 90.113
29 98 55.573
30 97 39.287
30 63 99.569
30 34 54.808
30 73 64.117
30 82 19.638
30 33 17.15
30 32 6.481
30 51 74.069
30 52 51.147
30 86 36.059
30 95 39.482
30 92 19.005
30 78 98.958
30 98 39.54
30 87 27.557
30 37 53.278
30 48 29.027
30 84 90.061
30 65 82.176
30 79 19.554
30 71 15.037
30 44 77.994
30 64 59.984
30 36 81.384
30 31 77.673
30 99 32.614
30 74 9.227
30 69 55.269
30 76 20.348
30 42 75.516
30 60 49.759
30 40 77.606
30 45 17.584
30 56 14.118
30 43 27.893
30 89 10.32
30 57 16.123
30 50 19.501
30 41 87.85
30 61 95.48
30 75 93.89
30 77 14.321
30 94 61.591
30 54 81.197
30 46 96.304
30 53 38.34
30 83 86.747
30 88 11.284
30 68 41.054
30 39 65.936
30 47 61.736
30 62 43.51
30 67 28.676
30 96 16.317
30 35 69.146
30 38 31.878
30 49 90.931
30 58 18.34
30 72 49.617
30 85 96.143
30 90 75.101
30 93 59.03
31 72 9.395
31 97 47.925
31 75 61.474
31 55 98.776
31 32 9.264
31 88 99.833
31 51 24.54
31 56 78.951
31 68 2.474
31 58 87.498
31 48 75.833
31 90 61.767
31 84 61.644
31 64 81.308
31 92 36.97
31 98 59.267
31 77 11.912
31 91 77.251
31 54 50.503
31 37 52.645
31 45 95.77
31 50 97.79
31 46 12.403
31 42 95.399
31 86 11.308
31 71 94.521
31 60 30.867
31 47 57.619
31 36 17.317
31 62 92.008
31 53 97.357
31 89 83.548
31 57 22.394
31 34 6.03
31 35 64.277
31 40 91.632
31 43 74.03
31 44 90.758
31 49 15.165
31 52 68.811
31 69 16.28
31 70 49.767
31 73 38.275
31 79 58.995
31 81 3.282
31 82 62.873
31 83 95.311
31 85 45.315
31 87 28.718
31 93 29.786
31 94 54.394
31 95 74.936
32 44 66.656
32 77 79.835
32 69 61.113
32 90 64.694
32 41 98.501
32 80 55.856
32 58 75.111
32 54 81.226
32 38 12.639
32 56 40.558
32 39 17.6
32 84 81.973
32 91 28.512
32 81 52.688
32 92 46.449
32 34 61.099
32 53 95.139
32 47 85.658
32 45 79.321
32 82 20.971
32 78 9.938
32 71 7.337
32 63 49.653
32 59 73.624
32 46 12.404
32 40 39.282
32 43 93.745
32 51 45.277
32 99 93.319
32 65 72.431
32 52 99.045
32 49 95.953
32 97 88.239
32 98 72.966
32 68 31.241
32 35 25.917
32 66 79.219
32 95 30.975
32 57 22.586
32 64 82.423
32 85 6.028
32 89 90.157
32 55 65.599
32 33 32.633
32 93 13.443
32 50 6.155
32 79 3.237
32 36 78.17
32 75 50.367
32 62 1.967
32 48 63.708
32 87 11.668
32 67 0.19
32 96 29.011
32 70 30.177
32 76 91.698
32 94 25.594
32 60 58.449
32 83 27.647
32 88 53.815
32 73 2.83
32 74 91.638
32 86 53.503
32 72 93.654
33 38 72.235
33 91 85.671
33 52 4.063
33 59 64.644
33 86 52.039
33 71 47.811
33 67 90.047
33 94 71.217
33 76 5.485
33 78 18.885
33 88 20.431
33 77 10.117
33 43 96.729
33 39 52.32
33 35 17.324
33 73 29.807
33 68 77.538
33 82 64.726
33 40 83.326
33 87 39.902
33 74 32.114
33 93 80.17
33 34 22.067
33 36 32.706
33 37 73.09
33 42 86.149
33 44 90.453
33 47 32.997
33 48 16.63
33 49 46.438
33 50 27.911
33 53 68.521
33 56 88.125
33 57 45.798
33 58 31.877
33 64 8.952
33 66 47.909
33 69 58.775
33 70 55.137
33 72 38.996
33 79 93.777
33 80 19.371
33 81 60.302
33 83 38.86
33 84 72.914
33 85 97.008
33 95 20.25
33 97 65.201
33 98 90.896
34 74 25.125
34 65 52.212
34 98 38.11
34 94 93.834
34 61 94.577
34 45 57.731
34 90 24.179
34 78 69.653
34 89 97.357
34 91 24.309
34 52 30.765
34 66 87.015
34 82 2.728
34 51 76.106
34 93 95.928
34 55 23.37
34 60 42.945
34 72 25.312
34 62 96.128
34 79 96.785
34 99 60.602
34 37 50.223
34 54 5.712
34 87 74.435
34 53 78.993
34 58 41.839
34 38 63.986
34 39 7.342
34 80 52.056
34 96 87.76
34 56 94.233
34 73 87.808
34 41 28.267
34 67 13.644
34 40 98.724
34 44 23.543
34 63 48.819
34 85 3.654
34 50 19.978
34 92 9.566
34 88 50.92
34 68 0.188
34 49 88.992
34 95 36.614
34 77 82.024
34 69 8.02
34 42 70.969
34 83 17.113
34 43 90.43
34 84 48.151
34 57 68.973
34 47 83.055
34 86 87.458
34 70 72.6
34 35 5.467
34 97 68.399
34 46 65.727
34 59 69.852
34 36 93.795
34 48 46.106
34 64 5.731
34 75 86.824
34 76 48.706
34 81 74.031
35 54 39.796
35 55 56.632
35 64 16.353
35 70 57.204
35 40 12.399
35 48 70.153
35 88 41.429
35 84 40.896
35 78 1.573
35 92 0.757
35 52 12.29
35 97 76.987
35 69 77.703
35 80 45.377
35 67 15.553
35 79 34.464
35 68 4.108
35 83 18.152
35 86 72.505
35 51 75.547
35 99 95.63
35 66 93.947
35 45 16.602
35 56 63.902
35 82 76.561
35 72 24.475
35 49 84.961
35 95 88.749
35 50 34.261
35 89 48.611
35 41 50.857
35 87 43.283
35 81 97.693
35 61 89.982
35 98 23.178
35 62 58.964
35 39 20.709
35 60 43.201
35 77 77.998
35 43 27.615
35 59 54.969
35 36 65.128
35 37 24.604
35 44 16.693
35 46 31.765
35 53 59.558
35 57 45.624
35 58 31.104
35 73 79.851
35 74 14.107
35 90 30.962
35 91 34.725
35 93 68.613
35 94 23.535
36 77 40.014
36 69 22.291
36 74 0.228
36 37 91.121
36 92 20.512
36 41 92.98
36 84 71.93
36 70 47.324
36 64 68.782
36 49 28.103
36 96 31.23
36 42 61.047
36 67 11.225
36 43 81.532
36 68 89.513
36 82 50.188
36 97 74.937
36 51 99.042
36 85 68.614
36 54 96.945
36 99 65.113
36 65 47.986
36 90 35.971
36 91 14.555
36 60 76.107
36 81 70.194
36 95 61.609
36 56 16.027
36 59 25.269
36 63 59.364
36 89 12.274
36 80 1.976
36 66 73.95
36 78 98.446
36 93 68.39
36 86 59.573
36 88 46.033
36 39 31.652
36 40 43.078
36 72 40.926
36 53 67.271
36 47 27.549
36 83 87.577
36 57 8.558
36 44 15.619
36 73 82.608
36 50 95.282
36 61 35.878
36 98 14.148
36 58 15.197
36 45 8.026
36 38 20.23
36 55 41.726
36 76 12.802
36 75 81.793
36 46 22.881
36 52 60.842
36 94 74.24
37 65 55.979
37 56 97.219
37 74 4.481
37 80 43.896
37 58 65.196
37 91 11.948
37 42 90.144
37 43 48.609
37 44 13.347
37 46 92.001
37 47 0.496
37 48 16.241
37 49 24.877
37 50 83.408
37 52 68.906
37 53 79.822
37 55 43.443
37 57 61.698
37 60 80.718
37 61 3.872
37 62 28.263
37 64 97.23
37 67 61.378
37 69 89.523
37 72 39.632
37 73 43.172
37 77 50.53
37 78 66.917
37 79 99.954
37 81 35.494
37 82 5.008
37 88 72.641
37 90 57.604
37 93 56.531
37 95 24.296
37 96 19.218
37 97 55.51
37 98 58.5
38 67 77.494
38 57 6.234
38 64 21.273
38 71 98.699
38 44 94.522
38 60 9.053
38 91 34.861
38 43 94.039
38 58 71.901
38 42 53.234
38 50 17.04
38 98 70.403
38 51 45.487
38 61 68.755
38 75 86.891
38 62 82.698
38 48 15.218
38 41 9.623
38 69 12.813
38 47 38.292
38 77 68.319
38 45 18.284
38 46 4.13
38 49 45.739
38 56 21.719
38 68 61.124
38 70 66.15
38 72 23.413
38 74 68.437
38 76 98.215
38 78 45.171
38 81 80.821
38 82 47.049
38 83 34.997
38 85 98.526
38 88 6.265
38 89 56.947
38 90 71.889
38 92 49.973
38 93 5.8
38 94 70.712
38 96 11.217
38 97 28.144
39 59 84.369
39 54 64.781
39 86 41.857
39 40 82.754
39 41 25.343
39 42 45.939
39 43 0.204
39 44 93.71
39 45 63.021
39 48 36.448
39 49 77.844
39 50 25.726
39 52 87.366
39 53 37.754
39 55 38.718
39 56 74.792
39 57 67.88
39 58 51.645
39 61 15.571
39 64 6.958
39 69 27.801
39 72 92.83
39 74 2.055
39 75 32.817
39 77 32.606
39 79 19.412
39 81 42.268
39 82 58.715
39 83 88.523
39 85 67.499
39 89 20.014
39 90 51.371
39 92 79.727
39 93 56.382
39 94 38.125
39 95 89.496
39 97 89.177
39 98 65.939
40 60 17.718
40 87 5.858
40 50 71.387
40 91 16.769
40 78 90.356
40 90 69.419
40 49 89.111
40 62 98.967
40 77 76.476
40 56 52.488
40 97 22.416
40 76 17.196
40 41 51.898
40 42 76.844
40 43 22.769
40 44 37.579
40 45 61.393
40 46 28.969
40 48 92.637
40 57 64.745
40 58 97.651
40 63 3.145
40 64 10.514
40 66 47.29
40 69 96.891
40 72 2.313
40 74 19.645
40 75 88.014
40 79 25.987
40 80 66.327
40 81 2.481
40 82 87.99
40 85 82.574
40 88 53.791
40 92 41.883
40 95 80.451
40 96 3.724
40 98 5.101
41 52 71.429
41 72 7.892
41 84 92.492
41 57 39.235
41 99 73.731
41 48 92.472
41 53 27.32
41 50 8.422
41 59 0.152
41 67 86.255
41 51 92.171
41 71 72.975
41 70 36.567
41 44 65.96
41 76 51.852
41 96 29.541
41 93 84.258
41 68 76.155
41 64 58.275
41 69 21.184
41 79 89.181
41 45 81.382
41 46 40.132
41 74 87.715
41 88 92.82
41 85 7.368
41 91 75.615
41 75 98.296
41 42 68.089
41 43 27.053
41 47 25.633
41 49 21.144
41 55 54.999
41 56 89.027
41 58 53.484
41 63 50.373
41 65 99.626
41 73 88.285
41 77 17.577
41 78 18.638
41 81 96.883
41 82 39.934
41 83 84.916
41 89 32.045
41 90 82.705
41 94 52.373
41 95 90.669
41 97 18.669
41 98 32.058
42 61 74.206
42 86 76.404
42 95 85.613
42 85 41.224
42 93 87.009
42 64 11.057
42 99 74.048
42 71 66.076
42 62 86.711
42 84 69.214
42 54 93.186
42 67 13.338
42 94 39.454
42 80 6.692
42 59 30.597
42 46 48.905
42 96 0.896
42 78 18.193
42 44 30.425
42 45 24.172
42 87 11.413
42 58 90.15
42 52 27.122
42 70 30.021
42 81 79.227
42 43 48.397
42 47 51.801
42 48 13.844
42 49 3.851
42 50 0.255
42 56 10.286
42 57 17.645
42 63 94.034
42 66 15.737
42 68 93.522
42 69 73.504
42 72 91.365
42 74 33.553
42 77 3.994
42 79 97.677
42 82 19.156
42 83 34.207
42 88 26.624
42 92 38.446
42 97 4.04
42 98 81.845
43 85 76.516
43 67 56.941
43 83 56.582
43 60 62.529
43 52 40.412
43 56 6.454
43 70 37.715
43 91 24.792
43 50 55.955
43 98 43.616
43 93 13.123
43 74 36.903
43 84 99.186
43 94 25.141
43 64 52.121
43 89 79.798
43 72 14.436
43 77 68.382
43 90 62.928
43 96 90.213
43 47 64.134
43 62 27.214
43 65 28.727
43 51 52.004
43 76 87.924
43 61 64.021
43 78 42.229
43 82 5.452
43 54 43.056
43 49 2.535
43 55 11.553
43 86 7.296
43 73 38.8
43 53 25.242
43 88 69.088
43 95 10.478
43 92 4.037
43 69 36.108
43 48 90.668
43 44 27.818
43 68 69.747
43 81 9.814
43 46 39.539
43 58 78.992
43 66 63.527
43 63 60.732
43 87 57.557
43 99 95.161
43 57 48.859
43 45 51.439
43 59 29.944
43 97 12.46
44 66 96.208
44 49 94.973
44 52 46.03
44 97 44.462
44 79 36.225
44 73 26.972
44 76 78.909
44 47 22.394
44 77 70.271
44 62 59.217
44 58 79.159
44 50 57.704
44 94 29.487
44 87 68.728
44 75 32.219
44 59 8.575
44 57 5.927
44 89 87.083
44 54 98.341
44 99 96.945
44 64 35.135
44 95 59.141
44 46 89.404
44 70 4.935
44 56 77.957
44 90 61.848
44 84 33.536
44 72 66.437
44 81 37.427
44 60 87.446
44 48 82.497
44 83 33.678
44 53 6.285
44 80 75.273
44 68 59.272
44 86 91.285
44 67 6.384
44 55 27.293
44 71 54.301
44 96 79.061
44 51 58.786
44 92 27.989
44 63 8.645
44 65 15.601
44 69 32.958
44 74 69.255
44 82 22.121
44 88 3.254
44 91 40.49
44 93 34.38
44 98 95.913
45 78 94.805
45 80 86.019
45 46 99.666
45 47 74.87
45 48 77.741
45 49 9.449
45 50 97.796
45 52 58.082
45 53 56.881
45 56 64.102
45 57 82.678
45 58 82.37
45 64 73.69
45 68 94.084
45 69 19.044
45 75 52.599
45 76 89.621
45 77 19.867
45 79 19.662
45 81 20.78
45 82 98.043
45 83 16.386
45 84 59.669
45 85 4.919
45 86 33.457
45 88 30.238
45 89 32.691
45 90 2.19
45 92 98.718
45 93 38.906
45 94 36.453
45 97 2.25
45 98 99.428
46 73 55.659
46 65 82.177
46 90 32.762
46 60 78.194
46 91 82.368
46 82 95.095
46 80 2.996
46 83 57.812
46 48 18.529
46 64 86.216
46 70 24.813
46 97 6.418
46 56 20.757
46 87 94.514
46 53 67.591
46 89 53.514
46 54 64.1
46 99 49.303
46 66 79.488
46 88 57.145
46 47 22.636
46 55 69.234
46 49 45.805
46 50 77.621
46 52 76.288
46 57 93.25
46 58 57.734
46 69 50.832
46 72 45.254
46 75 40.291
46 77 5.403
46 78 94.623
46 81 17.395
46 84 19.689
46 85 18.386
46 92 32.309
46 93 85.358
46 95 75.652
46 96 4.606
46 98 52.761
47 64 55.664
47 82 99.455
47 73 85.143
47 96 19.275
47 86 69.259
47 61 79.167
47 53 4.866
47 55 76.124
47 59 1.41
47 49 96.662
47 62 91.327
47 87 37.736
47 80 74.205
47 83 25.662
47 50 4.309
47 90 24.085
47 84 55.884
47 76 15.965
47 67 9.452
47 70 29.758
47 79 35.672
47 68 60.612
47 71 46.846
47 56 7.163
47 94 91.426
47 78 89.74
47 58 14.779
47 93 24.256
47 97 78.382
47 72 64.214
47 98 83.636
47 74 62.274
47 89 36.67
47 52 21.395
47 77 97.146
47 92 43.8
47 54 27.364
47 69 55.459
47 91 89.652
47 75 73.033
47 60 45.858
47 66 3.774
47 51 37.957
47 57 48.009
47 81 9.381
47 65 60.929
47 99 69.399
47 88 22.326
47 95 55.068
48 68 22.94
48 67 81.138
48 49 15.914
48 55 67.223
48 54 69.153
48 93 97.77
48 78 96.957
48 59 37.252
48 74 61.943
48 91 52.476
48 72 28.68
48 58 54.817
48 61 85.393
48 56 41.508
48 90 61.9
48 73 57.725
48 69 43.645
48 71 26.488
48 88 95.4
48 52 78.608
48 76 75.194
48 82 0.912
48 97 88.562
48 85 87.244
48 65 19.725
48 79 91.258
48 50 89.95
48 99 90.087
48 87 24.108
48 60 80.428
48 66 32.085
48 53 60.051
48 51 87.402
48 81 11.417
48 83 21.412
48 95 18.06
48 98 12.371
48 62 65.823
48 84 10.834
48 89 60.216
48 75 97.371
48 92 28.88
48 64 96.202
48 70 73.577
48 57 26.257
48 77 80.329
48 96 81.247
49 66 65.965
49 82 73.041
49 86 21.784
49 98 91.017
49 80 34.723
49 93 83.691
49 50 2.542
49 52 19.447
49 75 32.179
49 67 51.189
49 55 84.686
49 60 47.77
49 95 46.611
49 94 29.347
49 69 75.291
49 65 56.607
49 84 34.621
49 59 64.935
49 83 83.318
49 87 55.819
49 56 8.891
49 64 95.532
49 57 44.935
49 62 68.218
49 76 34.163
49 89 11.262
49 53 90.119
49 88 36.875
49 71 98.334
49 85 87.61
49 97 88.092
49 73 76.748
49 61 30.465
49 54 42.853
49 96 42.209
49 90 54.414
49 74 17.368
49 81 30.385
49 78 46.18
49 51 32.108
49 99 3.41
49 92 92.381
49 70 57.679
49 91 37.792
49 72 98.152
49 58 61.456
49 68 23.413
49 77 35.693
49 79 40.685
50 74 23.99
50 81 14.04
50 94 50.847
50 98 65.189
50 51 53.856
50 89 27.077
50 80 46.203
50 87 4.039
50 64 91.708
50 71 10.311
50 88 63.21
50 99 48.618
50 73 27.471
50 77 52.545
50 93 14.527
50 60 1.143
50 72 84.34
50 95 64.893
50 62 71.436
50 67 83.829
50 84 71.274
50 91 63.234
50 83 55.234
50 63 84.645
50 54 4.404
50 76 10.36
50 90 87.46
50 78 18.447
50 79 5.16
50 57 90.818
50 65 72.642
50 96 12.388
50 61 3.708
50 82 68.288
50 59 99.743
50 92 9.634
50 75 9.86
50 55 12.148
50 68 97.721
50 52 77.431
50 70 7.235
50 58 91.547
50 66 69.154
50 85 65.882
50 56 82.047
50 69 39.723
50 97 67.113
50 86 90.995
51 66 62.11
51 53 76.953
51 56 26.887
51 57 30.767
51 58 25.717
51 59 22.318
51 60 48.406
51 61 31.323
51 63 95.487
51 69 91.917
51 70 77.357
51 72 66.194
51 73 57.545
51 74 68.413
51 77 25.097
51 81 74.249
51 83 47.904
51 84 40.746
51 86 72.411
51 87 69.033
51 88 95.068
51 89 70.295
51 92 86.661
51 96 16.607
51 97 52.474
51 98 26.352
52 78 14.303
52 76 80.41
52 67 24.192
52 88 91.406
52 79 92.528
52 56 9.525
52 96 75.512
52 74 87.92
52 73 33.757
52 61 75.241
52 69 84.243
52 84 25.919
52 54 56.226
52 66 26.814
52 87 22.904
52 86 94.622
52 98 78.372
52 58 69.883
52 71 82.52
52 62 34.277
52 70 30.757
52 60 97.053
52 90 94.751
52 64 67.313
52 65 44.047
52 83 11.198
52 57 0.22
52 63 92.017
52 68 15.936
52 72 28.079
52 75 77.72
52 77 99.513
52 81 31.68
52 82 5.569
52 89 89.168
52 95 2.402
52 97 75.299
53 63 0.348
53 54 52.675
53 70 30.799
53 83 74.5
53 99 53.674
53 55 68.712
53 69 44.425
53 66 14.773
53 72 61.133
53 67 48.657
53 61 1.099
53 93 27.952
53 81 80.334
53 62 95.568
53 80 77.386
53 71 45.163
53 89 38.732
53 78 41.686
53 58 16.404
53 73 90.982
53 91 29.623
53 98 19.347
53 96 94.314
53 92 23.1
53 56 44.918
53 57 61.202
53 64 35.169
53 68 80.46
53 75 75.306
53 76 28.955
53 77 17.332
53 79 65.384
53 82 99.9
53 86 58.198
53 94 9.276
53 95 52.975
53 97 82.778
54 88 11.821
54 87 64.845
54 85 59.073
54 73 48.851
54 83 76.065
54 56 48.352
54 55 1.37
54 57 93.364
54 58 26.077
54 62 43.83
54 65 23.901
54 67 37.108
54 68 81.795
54 69 6.292
54 70 74.331
54 71 71.805
54 72 8.845
54 75 56.139
54 77 77.52
54 78 91.014
54 79 70.201
54 80 15.067
54 81 59.754
54 84 66.88
54 89 1.654
54 90 72.477
54 96 75.739
54 97 30.575
54 98 2.918
55 57 8.653
55 90 2.266
55 73 70.134
55 67 67.643
55 68 1.521
55 56 9.92
55 81 2.436
55 86 77.978
55 63 60.201
55 80 52.364
55 85 15.35
55 82 26.147
55 58 33.922
55 59 92.708
55 69 27.212
55 70 59.909
55 72 66.753
55 77 45.093
55 79 17.567
55 83 81.478
55 84 59.177
55 89 53.451
55 93 9.314
55 95 19.519
55 96 16.278
55 97 17.758
55 98 35.606
56 96 53.666
56 64 72.445
56 68 21.263
56 86 21.751
56 99 28.414
56 81 22.343
56 98 77.841
56 71 24.472
56 60 63.942
56 61 94.602
56 59 11.869
56 91 50.637
56 76 47.431
56 73 31.577
56 94 26.537
56 75 99.319
56 77 0.987
56 88 88.786
56 95 19.106
56 58 11.836
56 84 25.472
56 78 2.835
56 89 6.975
56 85 73.888
56 80 89.388
56 57 2.435
56 72 76.136
56 69 65.547
56 66 38.801
56 82 38.763
56 87 0.188
56 79 4.336
56 65 41.552
56 67 40.55
56 62 44.813
56 83 58.417
56 63 87.128
56 70 59.033
56 97 30.692
57 68 29.151
57 64 96.196
57 92 22.484
57 69 15.418
57 96 94.844
57 90 70.065
57 73 15.683
57 67 19.246
57 59 18.778
57 80 96.277
57 79 11.081
57 86 52.63
57 58 11.949
57 83 55.436
57 93 94.931
57 65 8.689
57 71 3.319
57 61 13.966
57 77 42.684
57 87 76.397
57 98 48.688
57 63 64.978
57 66 61.394
57 85 71.076
57 95 55.242
57 74 74.783
57 70 51.346
57 81 46.152
57 78 88.825
57 82 73.628
57 72 93.644
57 91 64.522
57 76 77.69
57 99 38.464
57 88 82.789
57 62 57.674
57 94 45.258
57 84 70.648
57 89 81.477
57 97 53.213
58 85 61.522
58 72 15.898
58 76 95.229
58 74 83.592
58 98 95.621
58 89 59.767
58 70 4.634
58 73 52.481
58 65 96.352
58 82 20.643
58 96 26.031
58 66 99.543
58 63 99.895
58 97 41.481
58 75 7.729
58 84 6.046
58 90 20.126
58 59 55.495
58 93 65.882
58 77 50.527
58 71 15.296
58 62 42.358
58 92 49.191
58 99 12.624
58 68 38.789
58 69 10.378
58 88 65.198
58 60 15.903
58 94 88.634
58 91 11.459
58 79 71.206
58 81 34.892
58 61 8.206
58 80 29.603
58 64 18.42
58 78 98.106
58 83 7.589
58 86 98.562
58 95 15.717
59 81 35.261
59 78 94.844
59 89 65.898
59 69 49.162
59 72 93.57
59 93 51.009
59 64 52.849
59 92 55.375
59 60 31.082
59 70 47.963
59 73 47.077
59 76 27.78
59 77 16.51
59 79 67.444
59 82 92.25
59 83 98.185
59 86 74.136
59 90 66.319
59 94 59.655
59 95 7.157
59 97 99.497
59 98 35.182
60 67 99.123
60 84 43.323
60 69 79.073
60 98 7.205
60 63 82.645
60 79 99.629
60 81 96.405
60 76 72.157
60 73 80.929
60 78 8.073
60 87 14.282
60 80 31.314
60 90 92.971
60 61 81.692
60 65 28.559
60 66 52.61
60 68 64.752
60 72 38.604
60 74 97.81
60 77 64.952
60 82 79.922
60 83 57.863
60 89 98.586
60 92 3.089
60 97 24.845
61 67 37.236
61 93 12.488
61 95 41.271
61 89 99.913
61 97 85.749
61 66 44.426
61 98 50.652
61 63 60.28
61 64 36.177
61 68 97.305
61 69 60.547
61 71 75.034
61 72 35.691
61 74 94.779
61 77 68.353
61 79 70.693
61 81 66.904
61 82 26.135
61 83 25.178
61 86 0.448
61 88 91.139
61 90 60.477
61 91 79.552
61 94 34.503
61 96 16.567
62 63 41.538
62 85 36.302
62 94 46.94
62 88 10.015
62 70 14.624
62 86 60.026
62 80 81.409
62 95 23.562
62 68 6.649
62 69 8.202
62 72 46.664
62 74 85.86
62 75 67.182
62 77 42.976
62 78 33.283
62 79 65.66
62 81 47.251
62 82 71.225
62 83 9.984
62 84 32.495
62 87 79.423
62 90 32.768
62 92 91.899
62 97 46.272
62 98 57.9
62 99 6.278
63 80 75.326
63 64 16.223
63 99 16.925
63 83 96.935
63 66 11.196
63 78 38.727
63 85 55.092
63 73 55.85
63 89 5.513
63 76 67.53
63 95 28.025
63 70 60.621
63 65 42.75
63 67 80.347
63 68 33.944
63 69 69.158
63 71 94.331
63 72 81.534
63 74 46.992
63 75 21.91
63 77 31.529
63 79 18.664
63 81 91.546
63 82 39.258
63 86 70.156
63 88 84.54
63 90 78.086
63 92 22.958
63 93 24.687
63 94 84.492
63 97 60.942
63 98 85.022
64 74 84.651
64 99 23.599
64 68 82.98
64 87 56.234
64 80 22.833
64 69 20.938
64 97 30.363
64 65 14.703
64 79 32.672
64 77 80.553
64 84 86.502
64 67 97.793
64 81 26.386
64 96 25.882
64 78 66.697
64 71 82.992
64 75 52.997
64 70 66.279
64 88 52.119
64 85 89.345
64 82 38.902
64 89 14.697
64 94 61.495
64 86 13.832
64 98 36.495
64 73 19.007
64 76 56.962
64 91 13.731
64 93 61.203
64 72 82.625
64 83 49.565
64 92 64.086
64 95 17.42
65 85 19.969
65 86 76.107
65 94 41.886
65 67 16.574
65 71 0.55
65 91 68.542
65 73 91.53
65 79 89.253
65 68 73.735
65 69 32.64
65 70 33.319
65 72 45.29
65 75 78.491
65 76 1.717
65 77 66.482
65 80 26.233
65 81 11.279
65 82 51.283
65 83 6.287
65 84 7.547
65 87 37.716
65 88 55.784
65 89 62.577
65 90 21.444
65 92 65.426
65 93 38.89
65 97 26.466
65 98 98.234
66 99 60.214
66 95 25.199
66 69 81.013
66 70 75.755
66 72 57.049
66 74 49.075
66 75 46.644
66 77 92.656
66 79 56.635
66 81 57.598
66 82 91.973
66 83 35.462
66 86 22.009
66 88 41.47
66 89 93.445
66 91 20.053
66 93 1.085
66 94 16.387
66 96 98.764
66 97 21.831
66 98 37.435
67 88 75.291
67 69 87.166
67 95 40.203
67 75 73.925
67 68 27.713
67 70 77.126
67 72 20.047
67 74 63.613
67 77 44.582
67 81 45.343
67 82 75.109
67 83 77.329
67 85 34.202
67 86 22.235
67 87 98.149
67 89 65.854
67 93 44.75
67 97 71.238
67 98 49.983
68 95 61.075
68 93 9.798
68 99 36.632
68 98 78.103
68 86 18.572
68 91 27.231
68 82 94.523
68 74 75.768
68 76 67.392
68 69 5.526
68 94 17.407
68 87 25.191
68 77 64.063
68 92 29.186
68 71 15.099
68 72 5.369
68 88 43.052
68 90 74.699
68 80 41.604
68 73 6.348
68 81 11.197
68 70 3.586
68 96 72.006
68 75 97.761
68 79 53.602
68 84 57.194
68 85 6.726
68 89 53.975
68 97 90.525
69 85 47.889
69 88 28.208
69 81 60.228
69 99 11.324
69 84 43.084
69 86 48.683
69 82 18.288
69 76 41.779
69 98 34.078
69 75 3.148
69 93 75.607
69 73 2.739
69 95 97.671
69 90 48.834
69 92 74.424
69 91 62.24
69 89 60.451
69 83 33.643
69 70 47.651
69 74 38.516
69 72 63.534
69 79 27.193
69 97 67.661
69 78 88.385
69 94 21.425
69 77 53.701
69 87 31.248
69 71 24.577
69 96 9.399
69 80 23.436
70 86 20.586
70 87 52.503
70 75 94.889
70 71 70.965
70 94 34.768
70 95 8.888
70 77 15.601
70 90 62.801
70 79 38.68
70 99 76.76
70 72 91.479
70 98 89.329
70 82 10.292
70 85 82.762
70 81 61.762
70 96 18.109
70 88 69.43
70 80 29.648
70 83 34.611
70 89 91.15
70 92 3.63
70 97 13.527
71 73 97.929
71 89 57.315
71 77 48.357
71 81 84.347
71 78 47.873
71 83 78.495
71 72 19.886
71 86 64.111
71 94 56.816
71 79 35.44
71 82 98.206
71 84 50.143
71 88 49.027
71 90 52.232
71 96 47.009
71 97 31.257
71 98 20.789
72 73 18.106
72 83 16.847
72 95 9.086
72 97 20.85
72 78 36.919
72 98 9.745
72 96 31.993
72 90 19.99
72 88 16.92
72 84 42.826
72 75 32.973
72 91 89.33
72 94 39.028
72 99 57.221
72 81 8.051
72 74 79.738
72 82 79.369
72 92 96.048
72 93 18.332
72 77 18.29
72 85 18.067
72 87 81.804
72 86 35.229
72 89 37.655
72 80 39.878
72 76 99.435
73 85 46.784
73 92 57.966
73 81 95.756
73 87 22.644
73 94 54.791
73 75 75.356
73 77 61.606
73 80 89.141
73 82 93.535
73 83 93.543
73 86 36.973
73 88 10.544
73 91 33.335
73 95 79.329
73 97 39.357
73 98 91.812
74 82 97.996
74 85 81.692
74 77 52.641
74 86 71.903
74 90 22.493
74 92 78.29
74 79 26.83
74 95 22.083
74 94 78.023
74 76 29.189
74 78 28.458
74 83 25.982
74 87 98.511
74 88 53.661
74 89 79.714
74 91 37.734
74 93 79.93
74 97 7.853
74 98 2.43
75 76 17.071
75 99 36.632
75 93 73.329
75 89 82.325
75 81 87.05
75 82 11.998
75 80 71.649
75 79 84.86
75 97 62.106
75 87 39.492
75 88 58.785
75 98 70.715
75 83 50.975
75 86 35.628
75 91 89.11
75 94 78.334
75 95 9.758
75 96 40.711
76 82 55.025
76 80 67.722
76 93 32.039
76 84 19.081
76 79 40.469
76 94 41.515
76 91 46.944
76 77 64.885
76 97 18.047
76 90 66.893
76 88 84.446
76 81 25.027
76 83 65.071
76 85 59.955
76 86 48.528
76 92 37.864
76 95 34.296
76 98 75.268
77 98 79.856
77 94 83.838
77 87 29.376
77 88 50.793
77 89 76.681
77 90 18.262
77 85 86.898
77 91 73.982
77 96 30.506
77 79 94.778
77 99 54.364
77 97 26.254
77 82 99.354
77 81 87.504
77 95 44.176
77 93 55.019
77 84 34.932
77 92 11.306
77 83 38.551
77 78 50.5
77 80 44.788
77 86 62.474
78 80 54.89
78 92 43.21
78 91 88.834
78 90 51.148
78 88 27.241
78 83 92.124
78 93 54.262
78 79 21.886
78 87 45.619
78 86 54.571
78 81 20.885
78 82 91.577
78 89 81.299
78 94 56.937
78 95 30.747
78 96 22.286
78 97 5.227
78 98 16.404
79 80 73.774
79 92 74.981
79 88 70.716
79 84 47.3
79 96 24.498
79 95 86.336
79 98 84.089
79 89 86.219
79 97 51.653
79 86 46.098
79 85 52.384
79 90 16.85
79 94 10.126
79 82 49.421
79 99 0.514
79 87 75.322
79 83 52.295
80 81 74.719
80 96 13.868
80 88 93.853
80 95 74.73
80 97 20.74
80 99 84.486
80 84 36.532
80 94 58.338
80 82 10.87
80 83 40.531
80 85 26.616
80 86 20.693
80 90 91.963
80 92 6.447
80 98 43.448
81 96 89.004
81 94 40.312
81 97 67.504
81 91 32.885
81 85 56.4
81 90 97.342
81 98 78.717
81 92 77.346
81 88 23.186
81 93 17.517
81 84 44.388
81 95 44.464
81 89 80.39
81 99 86.537
81 83 50.837
81 86 40.264
81 87 36.676
82 89 61.452
82 83 59.717
82 93 11.773
82 96 35.09
82 98 39.384
82 90 83.698
82 85 40.209
82 97 10.883
82 88 65.644
82 95 51.46
82 99 8.474
82 84 51.499
82 91 1.446
82 92 93.016
82 87 2.787
82 86 89.628
82 94 75.809
83 88 58.052
83 91 92.102
83 86 42.935
83 87 70.124
83 99 61.16
83 97 72.099
83 93 36.497
83 90 41.354
83 96 61.946
83 85 84.562
83 94 53.22
83 95 58.584
83 84 27.807
83 89 69.828
83 92 35.164
83 98 31.909
84 91 17.91
84 96 41.113
84 99 99.697
84 90 36.142
84 89 19.531
84 94 55.028
84 95 68.156
84 97 37.244
84 87 70.494
84 88 47.836
84 92 78.373
84 98 80.23
85 95 93.498
85 97 97.593
85 87 39.826
85 91 15.37
85 93 81.208
85 98 71.545
85 92 2.947
85 86 0.51
85 88 4.167
85 89 15.723
85 90 81.827
86 93 0.212
86 87 75.469
86 98 46.322
86 92 68.019
86 97 53.878
86 91 28.623
86 90 47.716
86 89 38.477
86 95 63.368
86 99 69.156
86 96 60.513
87 99 61.592
87 92 61.149
87 97 8.615
87 93 6.188
87 88 4.745
87 94 88.759
87 89 77.296
87 95 73.233
87 98 25.922
88 91 58.499
88 93 97.777
88 89 2.99
88 94 37.736
88 99 50.096
88 98 87.301
88 95 54.568
88 96 69.459
88 90 98.989
88 92 84.842
88 97 63.883
89 99 59.753
89 90 33.106
89 92 1.567
89 98 89.511
89 95 54.262
89 94 52.157
89 91 93.683
89 93 29.41
89 96 97.317
89 97 70.671
90 94 45.601
90 96 68.614
90 99 46.593
90 93 86.069
90 95 45.337
90 97 17.239
90 98 63.024
91 98 10.213
91 93 57.898
91 96 41.528
91 97 41.194
92 96 90.147
92 95 16.638
92 94 52.605
92 97 6.558
92 98 27.985
93 94 17.402
93 99 0.653
93 95 27.619
93 96 23.579
93 98 81.984
94 96 8.003
94 95 39.139
94 98 23.094
94 97 6.798
95 97 63.767
95 98 72.888
96 97 10.51
96 98 8.448
97 98 6.818
97 99 75.356
98 99 77.083