51
0 10 1
0 9 8
0 12 4
1 10 2
1 13 9
2 10 3
2 14 8
3 10 4
3 15 12
4 10 5
4 17 6
5 10 6
5 16 8
6 10 7
6 17 15
7 10 8
7 18 20
8 10 9
8 19 50
9 10 10
9 11 15
10 11 26
10 12 27
10 13 13
10 14 15
14 16 5
13 17 6
17 19 8
16 19 9
12 17 3
12 18 4
12 15 5
13 20 6
5 20 8
6 21 12
7 22 19
8 23 18
9 24 20
10 25 9
11 26 7
12 27 5
13 28 24
14 29 19
20 25 90
21 26 30
22 29 19
23 26 13
24 25 7
10 28 14
27 22 3
25 30 10
24 30 15
29 30 8
31 40 14
32 41 4
33 42 49
34 43 33
35 44 28
36 45 17
37 46 29
38 47 48
39 48 28
40 49 19
41 50 84
0 31 72
1 32 17
2 33 35
3 34 17
4 35 28
5 36 38
6 37 16
7 38 66
8 39 11
9 40 3
10 41 7
11 42 1
12 43 9
13 44 18
14 45 16
15 46 21
16 47 61
17 48 27
18 49 91
19 50 21
