81
0 35 1
0 57 10
1 73 6
1 49 17
2 40 7
2 71 7
3 72 15
3 69 10
4 5 15
4 25 18
5 47 4
5 0 7
6 12 6
6 23 17
7 32 16
7 58 17
8 80 7
8 49 5
9 47 3
9 69 12
10 20 13
10 55 15
11 15 19
11 37 19
12 57 16
12 15 19
13 46 6
13 78 19
14 58 1
14 48 4
15 34 20
15 39 18
16 78 16
16 6 20
17 78 18
17 14 13
18 14 8
18 66 6
19 56 3
19 76 16
20 26 14
20 65 4
21 27 10
21 45 2
22 59 18
22 71 13
23 38 12
23 69 7
24 19 5
24 77 13
25 18 14
25 61 4
26 3 1
26 46 8
27 4 9
27 17 13
28 12 18
28 70 20
29 28 8
29 75 16
30 39 9
30 47 1
31 68 10
31 49 9
32 61 6
32 79 15
33 79 7
33 62 1
34 66 15
34 5 2
35 78 14
35 17 20
36 6 1
36 8 15
37 76 13
37 46 2
38 59 17
38 0 20
39 48 8
39 69 1
40 36 6
40 75 16
41 34 8
41 16 5
42 6 1
42 46 2
43 33 8
43 80 18
44 68 2
44 6 14
45 76 8
45 55 15
46 24 12
46 74 6
47 3 19
47 44 1
48 44 6
48 17 2
49 34 7
49 62 18
50 0 12
50 80 20
51 57 8
51 47 1
52 65 2
52 38 13
53 31 14
53 17 17
54 28 20
54 8 15
55 29 2
55 9 8
56 68 15
56 71 6
57 53 13
57 62 17
58 55 6
58 52 18
59 39 1
59 29 12
60 30 20
60 39 12
61 26 19
61 30 1
62 39 12
62 16 14
63 59 9
63 77 10
64 61 1
64 46 19
65 61 4
65 9 1
66 52 16
66 9 12
67 79 16
67 69 3
68 48 20
68 29 5
69 45 9
69 34 20
70 27 5
70 31 10
71 14 17
71 23 4
72 27 10
72 19 5
73 8 9
73 58 4
74 61 12
74 79 17
75 19 9
75 33 16
76 34 17
76 54 6
77 26 8
77 69 7
78 26 13
78 80 5
79 80 18
79 6 17
80 7 9
80 2 6