98
0 1 11.395
0 2 45.9
0 3 24.802
0 4 52.676
0 5 23.408
0 6 74.039
0 7 17.037
0 8 64.11
0 9 90.692
0 10 17.978
0 11 45.836
0 12 35.94
0 13 47.912
0 14 20.816
0 15 64.358
0 16 9.469
0 17 35.664
0 18 61.679
0 19 29.447
0 20 23.327
0 21 7.153
0 22 33.442
0 23 82.592
0 24 3.667
0 25 65.049
0 26 1.46
0 27 39.494
0 28 17.365
0 29 70.61
0 30 62.491
0 31 34.326
0 32 96.414
0 33 66.769
0 34 46.216
0 35 52.949
0 36 80.823
0 37 65.127
0 38 77.188
0 39 52.795
0 40 59.76
0 41 57.73
0 42 31.576
0 43 37.828
0 44 31.084
0 45 99.424
0 46 42.972
0 47 47.038
0 48 75.144
1 49 8.053
1 50 30.906
1 51 47.799
1 52 24.131
1 53 83.552
1 54 34.369
1 55 62.353
1 56 84.299
1 57 99.79
1 58 42.287
1 59 22.334
1 60 42.169
1 61 93.355
1 62 41.328
1 63 36.667
1 64 57.823
1 65 70.569
1 66 97.237
1 67 70.945
1 68 81.745
1 69 98.812
1 70 25.91
1 71 15.886
1 72 89.916
1 73 7.926
1 74 7.622
1 75 81.653
1 76 78.072
1 77 57.227
1 78 21.254
1 79 77.959
1 80 94.756
1 81 26.145
1 82 49.594
1 83 69.634
1 84 5.692
1 85 77.133
1 86 29.14
1 87 24.293
1 88 27.329
1 89 99.841
1 90 35.777
1 91 67.344
1 92 27.183
1 93 73.816
1 94 93.502
1 95 70.874
1 96 96.969
2 49 3.577
2 50 14.008
2 51 0.81
2 52 51.157
2 53 53.027
2 54 58.066
2 55 69.355
2 56 3.198
2 57 21.471
2 58 36.201
2 59 91.695
2 60 39.404
2 61 80.141
2 62 3.524
2 63 11.278
2 64 55.356
2 65 61.341
2 66 56.522
2 67 31.526
2 68 93.369
2 69 6.071
2 70 24.203
2 71 47.356
2 72 77.007
2 73 5.59
2 74 38.727
2 75 87.731
2 76 45.557
2 77 31.487
2 78 22.891
2 79 25.604
2 80 98.38
2 81 83.42
2 82 59.162
2 83 12.455
2 84 46.314
2 85 7.032
2 86 82.911
2 87 36.461
2 88 94.514
2 89 70.809
2 90 68.639
2 91 38.14
2 92 65.437
2 93 12.04
2 94 83.608
2 95 25.443
2 96 5.827
3 49 97.685
3 50 93.809
3 51 84.869
3 52 53.448
3 53 76.591
3 54 47.384
3 55 8.988
3 56 1.252
3 57 31.998
3 58 32.879
3 59 72.555
3 60 31.265
3 61 84.538
3 62 65.6
3 63 48.68
3 64 88.12
3 65 9.696
3 66 0.144
3 67 3.451
3 68 52.063
3 69 63.853
3 70 59.257
3 71 95.89
3 72 82.851
3 73 72.842
3 74 62.902
3 75 49.896
3 76 17.878
3 77 48.295
3 78 54.735
3 79 45.634
3 80 58.229
3 81 11.246
3 82 92.625
3 83 20.264
3 84 32.305
3 85 6.557
3 86 35.517
3 87 92.745
3 88 4.185
3 89 33.857
3 90 82.611
3 91 11.559
3 92 40.42
3 93 37.014
3 94 77.188
3 95 64.583
3 96 82.794
4 49 29.868
4 50 60.603
4 51 84.399
4 52 49.574
4 53 91.22
4 54 8.486
4 55 57.106
4 56 26.992
4 57 28.327
4 58 92.887
4 59 10.623
4 60 68.99
4 61 94.014
4 62 44.325
4 63 41.97
4 64 32.275
4 65 95.306
4 66 22.828
4 67 50.7
4 68 1.438
4 69 66.551
4 70 59.721
4 71 77.341
4 72 90.903
4 73 40.684
4 74 86.669
4 75 65.783
4 76 10.47
4 77 22.718
4 78 41.039
4 79 54.726
4 80 23.158
4 81 89.744
4 82 77.199
4 83 58.083
4 84 95.431
4 85 65.295
4 86 98.48
4 87 48.537
4 88 55.441
4 89 43.786
4 90 81.618
4 91 45.758
4 92 23.604
4 93 73.408
4 94 29.831
4 95 67.154
4 96 38.326
5 49 86.696
5 50 4.455
5 51 15.316
5 52 14.448
5 53 79.797
5 54 62.602
5 55 22.822
5 56 73.202
5 57 8.794
5 58 54.738
5 59 35.94
5 60 8.922
5 61 35.004
5 62 10.429
5 63 76.58
5 64 44.074
5 65 70.682
5 66 47.358
5 67 67.145
5 68 57.71
5 69 25.654
5 70 98.654
5 71 82.826
5 72 37.395
5 73 50.401
5 74 97.909
5 75 10.938
5 76 25.446
5 77 6.26
5 78 10.05
5 79 94.093
5 80 16.36
5 81 61.827
5 82 81.512
5 83 27.48
5 84 3.594
5 85 4.933
5 86 42.122
5 87 89.698
5 88 10.826
5 89 3.322
5 90 6.512
5 91 42.244
5 92 32.643
5 93 76.907
5 94 39.681
5 95 87.333
5 96 51.92
6 49 47.392
6 50 6.224
6 51 70.761
6 52 36.205
6 53 22.249
6 54 59.744
6 55 78.434
6 56 30.73
6 57 75.863
6 58 81.124
6 59 32.028
6 60 4.032
6 61 48.284
6 62 76.922
6 63 17.843
6 64 28.132
6 65 95.385
6 66 25.574
6 67 63.837
6 68 93.786
6 69 94.724
6 70 10.093
6 71 6.387
6 72 22.256
6 73 98.943
6 74 10.706
6 75 20.377
6 76 32.06
6 77 94.054
6 78 35.378
6 79 60.53
6 80 0.354
6 81 73.368
6 82 34.362
6 83 89.722
6 84 46.517
6 85 13.095
6 86 14.686
6 87 5.014
6 88 24.481
6 89 47.009
6 90 42.708
6 91 40.036
6 92 76.847
6 93 61.534
6 94 56.642
6 95 7.751
6 96 91.162
7 49 4.466
7 50 32.483
7 51 41.338
7 52 67.676
7 53 24.221
7 54 37.904
7 55 73.285
7 56 7.294
7 57 16.572
7 58 88.93
7 59 24.307
7 60 36.891
7 61 19.239
7 62 99.278
7 63 26.46
7 64 0.798
7 65 72.573
7 66 79.741
7 67 47.308
7 68 77.211
7 69 99.378
7 70 2.988
7 71 67.193
7 72 47.808
7 73 97.923
7 74 2.969
7 75 97.293
7 76 25.5
7 77 76.115
7 78 73.206
7 79 95.359
7 80 2.909
7 81 98.136
7 82 64.074
7 83 22.815
7 84 55.347
7 85 16.503
7 86 37.402
7 87 60.992
7 88 68.573
7 89 80.828
7 90 77.223
7 91 12.778
7 92 45.798
7 93 35.887
7 94 11.893
7 95 84.506
7 96 67.197
8 49 76.575
8 50 44.547
8 51 28.324
8 52 6.65
8 53 24.374
8 54 32.059
8 55 86.31
8 56 64.239
8 57 1.166
8 58 8.918
8 59 93.27
8 60 56.078
8 61 83.845
8 62 90.409
8 63 32.996
8 64 62.717
8 65 11.256
8 66 94.325
8 67 37.716
8 68 3.265
8 69 9.288
8 70 14.736
8 71 26.961
8 72 93.289
8 73 78.903
8 74 83.302
8 75 77.734
8 76 76.029
8 77 71.006
8 78 4.746
8 79 21.072
8 80 87.657
8 81 15.219
8 82 16.336
8 83 49.415
8 84 6.37
8 85 21.145
8 86 82.388
8 87 81.37
8 88 6.315
8 89 43.876
8 90 99.088
8 91 41.891
8 92 83.043
8 93 14.776
8 94 49.547
8 95 71.792
8 96 87.019
9 49 40.825
9 50 7.628
9 51 98.908
9 52 76.802
9 53 90.338
9 54 16.909
9 55 6.69
9 56 68.18
9 57 26.402
9 58 94.758
9 59 69.865
9 60 4.746
9 61 52.607
9 62 41.401
9 63 16.207
9 64 24.964
9 65 15.944
9 66 10.584
9 67 7.189
9 68 90.982
9 69 6.37
9 70 58.498
9 71 48.685
9 72 35.323
9 73 67.446
9 74 24.596
9 75 80.517
9 76 99.545
9 77 56.906
9 78 78.85
9 79 70.912
9 80 50.122
9 81 98.372
9 82 45.097
9 83 76.779
9 84 58.866
9 85 40.171
9 86 7.426
9 87 29.704
9 88 26.243
9 89 47.538
9 90 18.949
9 91 25.221
9 92 99.907
9 93 72.81
9 94 95.728
9 95 46.344
9 96 20.546
10 49 63.749
10 50 37.706
10 51 70.479
10 52 13.684
10 53 84.129
10 54 20.561
10 55 67.623
10 56 59.437
10 57 43.438
10 58 3.209
10 59 93.354
10 60 77.272
10 61 28.454
10 62 32.464
10 63 85.073
10 64 18.55
10 65 31.164
10 66 77.189
10 67 3.216
10 68 96.99
10 69 45.294
10 70 27.016
10 71 2.983
10 72 91.762
10 73 93.776
10 74 94.95
10 75 84.093
10 76 82.95
10 77 30.98
10 78 58.409
10 79 49.732
10 80 96.678
10 81 5.398
10 82 15.275
10 83 53.9
10 84 27.021
10 85 91.631
10 86 82.349
10 87 23.205
10 88 45.726
10 89 75.476
10 90 35.642
10 91 57.895
10 92 60.972
10 93 84.442
10 94 17.145
10 95 50.103
10 96 18.508
11 49 70.116
11 50 18.767
11 51 83.697
11 52 48.348
11 53 52.554
11 54 68.829
11 55 80.812
11 56 37.622
11 57 67.375
11 58 47.656
11 59 62.606
11 60 9.961
11 61 55.874
11 62 47.985
11 63 32.755
11 64 85.469
11 65 75.083
11 66 9.637
11 67 94.941
11 68 26.518
11 69 49.686
11 70 99.481
11 71 24.509
11 72 47.792
11 73 43.421
11 74 36.967
11 75 10.181
11 76 69.876
11 77 94.582
11 78 22.442
11 79 26.528
11 80 8.107
11 81 92.249
11 82 41.428
11 83 52.261
11 84 62.863
11 85 55.27
11 86 32.798
11 87 84.405
11 88 13.839
11 89 9.048
11 90 6.871
11 91 31.932
11 92 70.084
11 93 86.753
11 94 44.162
11 95 44.632
11 96 51.061
12 49 70.256
12 50 40.03
12 51 48.252
12 52 63.567
12 53 0.584
12 54 44.966
12 55 73.755
12 56 70.449
12 57 57.693
12 58 85.436
12 59 52.568
12 60 34.287
12 61 41.539
12 62 84.241
12 63 40.924
12 64 25.111
12 65 41.174
12 66 64.87
12 67 78.345
12 68 77.081
12 69 97.282
12 70 38.152
12 71 67.941
12 72 67.07
12 73 32.254
12 74 18.781
12 75 47.269
12 76 39.287
12 77 12.983
12 78 32.777
12 79 89.755
12 80 75.617
12 81 97.333
12 82 92.185
12 83 57.276
12 84 49.408
12 85 15.681
12 86 74.221
12 87 92.592
12 88 33.601
12 89 17.797
12 90 90.708
12 91 40.323
12 92 40.814
12 93 35.486
12 94 43.525
12 95 97.104
12 96 34.285
13 49 57.53
13 50 17.07
13 51 12.892
13 52 7.398
13 53 49.21
13 54 8.139
13 55 47.873
13 56 42.73
13 57 96.457
13 58 4.501
13 59 91.677
13 60 44.707
13 61 10.21
13 62 25.462
13 63 0.744
13 64 66.441
13 65 60.856
13 66 67.549
13 67 36.092
13 68 46.871
13 69 16.943
13 70 11.821
13 71 67.508
13 72 77.148
13 73 42.462
13 74 25.379
13 75 28.668
13 76 85.488
13 77 83.679
13 78 84.565
13 79 42.072
13 80 77.209
13 81 15.415
13 82 9.711
13 83 42.781
13 84 94.636
13 85 33.7
13 86 19.018
13 87 64.88
13 88 20.131
13 89 13.086
13 90 92.631
13 91 72.82
13 92 45.91
13 93 54.488
13 94 61.703
13 95 39.936
13 96 93.806
14 49 84.106
14 50 61.53
14 51 43.207
14 52 65.481
14 53 30.511
14 54 20.581
14 55 32.567
14 56 5.968
14 57 24.483
14 58 29.867
14 59 86.794
14 60 18.151
14 61 15.087
14 62 12.48
14 63 21.653
14 64 7.596
14 65 4.504
14 66 79.315
14 67 48.932
14 68 89.544
14 69 62.212
14 70 4.004
14 71 19.2
14 72 70.985
14 73 37.141
14 74 53.62
14 75 77.499
14 76 76.05
14 77 75.665
14 78 12.548
14 79 8.749
14 80 51.25
14 81 43.77
14 82 69.622
14 83 84.496
14 84 60.944
14 85 5.942
14 86 37.412
14 87 48.337
14 88 32.569
14 89 74.804
14 90 61.483
14 91 81.476
14 92 42.827
14 93 74.768
14 94 65.835
14 95 35.918
14 96 43.446
15 49 56.266
15 50 13.719
15 51 97.3
15 52 70.848
15 53 70.145
15 54 22.43
15 55 84.315
15 56 71.339
15 57 6.697
15 58 45.063
15 59 98.17
15 60 68.382
15 61 30.666
15 62 90.768
15 63 64.148
15 64 98.975
15 65 43.437
15 66 64.798
15 67 90.014
15 68 73.528
15 69 97.008
15 70 62.924
15 71 2.313
15 72 41.697
15 73 45.818
15 74 95.028
15 75 91.38
15 76 48.212
15 77 17.162
15 78 61.477
15 79 97.871
15 80 28.677
15 81 62.162
15 82 44.163
15 83 88.003
15 84 45.893
15 85 2.101
15 86 69.829
15 87 6.229
15 88 27.434
15 89 0.506
15 90 88.204
15 91 77.373
15 92 65.501
15 93 57.603
15 94 67.558
15 95 82.305
15 96 11.405
16 49 59.116
16 50 69.849
16 51 92.686
16 52 7.462
16 53 21.596
16 54 57.637
16 55 92.866
16 56 26.376
16 57 37.268
16 58 71.582
16 59 29.629
16 60 34.025
16 61 32.032
16 62 39.05
16 63 11.735
16 64 19.455
16 65 54.874
16 66 69.629
16 67 99.066
16 68 7.739
16 69 94.267
16 70 23.59
16 71 53.69
16 72 56.287
16 73 86.109
16 74 39.479
16 75 76.893
16 76 44.621
16 77 77.728
16 78 3.942
16 79 73.036
16 80 72.502
16 81 55.432
16 82 85.019
16 83 84.033
16 84 80.083
16 85 53.72
16 86 58.909
16 87 59.397
16 88 8.385
16 89 72.718
16 90 44.846
16 91 67.317
16 92 37.271
16 93 7.927
16 94 90.146
16 95 15.537
16 96 62.509
17 49 91.335
17 50 89.598
17 51 84.927
17 52 36.995
17 53 51.35
17 54 80.351
17 55 5.489
17 56 88.275
17 57 4.564
17 58 5.621
17 59 94.182
17 60 40.58
17 61 38.584
17 62 79.281
17 63 68.373
17 64 64.268
17 65 23.698
17 66 34.333
17 67 2.126
17 68 90.759
17 69 44.052
17 70 25.15
17 71 83.338
17 72 55.461
17 73 48.738
17 74 82.884
17 75 42.767
17 76 80.752
17 77 53.073
17 78 83.398
17 79 32.75
17 80 63.515
17 81 44.237
17 82 24.644
17 83 7.368
17 84 48.246
17 85 59.874
17 86 28.636
17 87 26.753
17 88 49.535
17 89 39.0
17 90 21.456
17 91 69.551
17 92 98.601
17 93 61.002
17 94 0.806
17 95 95.17
17 96 23.206
18 49 19.982
18 50 80.295
18 51 45.888
18 52 11.824
18 53 60.202
18 54 61.714
18 55 79.67
18 56 29.139
18 57 42.253
18 58 54.764
18 59 74.373
18 60 81.35
18 61 42.533
18 62 66.427
18 63 35.418
18 64 10.395
18 65 26.106
18 66 88.163
18 67 48.486
18 68 48.018
18 69 88.165
18 70 66.661
18 71 37.663
18 72 65.112
18 73 41.38
18 74 60.453
18 75 8.262
18 76 32.994
18 77 94.665
18 78 61.893
18 79 75.718
18 80 16.842
18 81 76.909
18 82 55.138
18 83 80.649
18 84 4.962
18 85 40.11
18 86 6.172
18 87 54.246
18 88 18.762
18 89 20.817
18 90 44.896
18 91 16.271
18 92 52.325
18 93 20.737
18 94 79.232
18 95 84.651
18 96 29.58
19 49 62.606
19 50 1.247
19 51 70.21
19 52 9.651
19 53 35.75
19 54 50.565
19 55 1.901
19 56 4.741
19 57 81.47
19 58 57.481
19 59 95.693
19 60 39.639
19 61 5.874
19 62 8.683
19 63 10.289
19 64 86.171
19 65 14.209
19 66 44.715
19 67 12.204
19 68 57.356
19 69 79.368
19 70 52.978
19 71 98.373
19 72 8.33
19 73 81.483
19 74 58.88
19 75 17.419
19 76 20.193
19 77 83.722
19 78 57.466
19 79 52.176
19 80 25.219
19 81 80.033
19 82 10.303
19 83 31.201
19 84 12.174
19 85 39.898
19 86 85.046
19 87 29.181
19 88 6.592
19 89 47.103
19 90 70.868
19 91 71.972
19 92 36.505
19 93 81.721
19 94 86.471
19 95 15.672
19 96 3.192
20 49 53.367
20 50 50.933
20 51 93.053
20 52 65.689
20 53 75.808
20 54 72.862
20 55 29.865
20 56 22.378
20 57 47.303
20 58 56.222
20 59 60.245
20 60 67.356
20 61 90.087
20 62 76.56
20 63 11.583
20 64 38.25
20 65 9.021
20 66 32.917
20 67 71.315
20 68 73.618
20 69 68.402
20 70 85.706
20 71 64.416
20 72 17.407
20 73 80.66
20 74 41.129
20 75 93.793
20 76 17.819
20 77 81.177
20 78 29.344
20 79 65.29
20 80 99.882
20 81 91.947
20 82 10.915
20 83 45.375
20 84 15.805
20 85 98.901
20 86 2.477
20 87 81.705
20 88 77.065
20 89 18.153
20 90 75.927
20 91 42.24
20 92 78.772
20 93 67.398
20 94 89.805
20 95 8.656
20 96 93.305
21 49 2.171
21 50 14.244
21 51 17.47
21 52 39.54
21 53 58.218
21 54 54.128
21 55 18.562
21 56 72.473
21 57 9.577
21 58 35.11
21 59 59.866
21 60 72.167
21 61 80.848
21 62 17.53
21 63 42.526
21 64 68.937
21 65 91.466
21 66 28.482
21 67 79.585
21 68 99.126
21 69 16.697
21 70 15.523
21 71 81.69
21 72 43.138
21 73 14.569
21 74 15.374
21 75 29.543
21 76 86.9
21 77 55.026
21 78 42.533
21 79 81.23
21 80 46.124
21 81 24.672
21 82 83.481
21 83 8.999
21 84 13.752
21 85 83.094
21 86 94.572
21 87 82.18
21 88 44.796
21 89 38.307
21 90 96.003
21 91 85.664
21 92 94.776
21 93 3.459
21 94 57.592
21 95 42.87
21 96 99.773
22 49 99.447
22 50 3.267
22 51 75.848
22 52 88.982
22 53 15.84
22 54 36.936
22 55 97.755
22 56 99.751
22 57 84.025
22 58 90.356
22 59 64.768
22 60 81.862
22 61 30.629
22 62 66.46
22 63 27.33
22 64 53.096
22 65 87.982
22 66 56.666
22 67 67.852
22 68 64.941
22 69 61.072
22 70 8.071
22 71 8.395
22 72 20.177
22 73 85.926
22 74 90.98
22 75 56.608
22 76 76.5
22 77 12.24
22 78 31.78
22 79 24.287
22 80 65.819
22 81 42.427
22 82 94.89
22 83 59.37
22 84 30.637
22 85 90.169
22 86 37.309
22 87 27.769
22 88 61.106
22 89 80.295
22 90 85.82
22 91 71.025
22 92 0.112
22 93 65.603
22 94 47.596
22 95 23.296
22 96 42.461
23 49 89.667
23 50 83.712
23 51 35.368
23 52 7.255
23 53 43.237
23 54 62.788
23 55 59.623
23 56 22.682
23 57 27.624
23 58 32.458
23 59 73.581
23 60 10.863
23 61 92.875
23 62 61.472
23 63 8.566
23 64 77.777
23 65 61.27
23 66 37.215
23 67 64.101
23 68 55.977
23 69 48.022
23 70 5.313
23 71 34.399
23 72 94.866
23 73 37.814
23 74 17.372
23 75 77.065
23 76 52.2
23 77 80.11
23 78 39.865
23 79 6.092
23 80 50.133
23 81 28.018
23 82 27.495
23 83 89.51
23 84 1.854
23 85 81.882
23 86 36.401
23 87 29.114
23 88 27.915
23 89 77.386
23 90 0.085
23 91 98.294
23 92 61.001
23 93 7.267
23 94 11.772
23 95 60.869
23 96 16.788
24 49 6.954
24 50 81.517
24 51 63.565
24 52 72.874
24 53 97.791
24 54 42.425
24 55 41.982
24 56 42.027
24 57 85.67
24 58 95.841
24 59 56.929
24 60 2.576
24 61 7.868
24 62 95.718
24 63 81.431
24 64 37.374
24 65 79.356
24 66 28.508
24 67 88.981
24 68 31.467
24 69 28.167
24 70 46.151
24 71 21.787
24 72 13.024
24 73 58.156
24 74 43.299
24 75 85.599
24 76 80.676
24 77 14.888
24 78 45.564
24 79 85.049
24 80 45.904
24 81 48.646
24 82 97.691
24 83 50.441
24 84 34.605
24 85 74.403
24 86 35.292
24 87 7.034
24 88 1.833
24 89 79.253
24 90 33.857
24 91 74.211
24 92 50.05
24 93 63.246
24 94 25.183
24 95 98.59
24 96 20.967
25 49 67.088
25 50 91.139
25 51 73.362
25 52 48.053
25 53 40.035
25 54 78.599
25 55 27.19
25 56 85.044
25 57 49.078
25 58 70.14
25 59 36.922
25 60 74.628
25 61 9.017
25 62 35.33
25 63 49.986
25 64 56.906
25 65 80.783
25 66 9.556
25 67 95.768
25 68 40.819
25 69 2.467
25 70 30.578
25 71 91.7
25 72 34.379
25 73 42.965
25 74 67.496
25 75 75.486
25 76 54.208
25 77 64.678
25 78 78.802
25 79 56.818
25 80 33.555
25 81 47.854
25 82 78.9
25 83 46.719
25 84 79.744
25 85 39.135
25 86 80.969
25 87 78.008
25 88 5.234
25 89 8.349
25 90 18.486
25 91 97.263
25 92 15.016
25 93 80.602
25 94 66.546
25 95 44.247
25 96 12.137
26 49 50.839
26 50 41.462
26 51 2.092
26 52 69.597
26 53 40.837
26 54 95.605
26 55 12.843
26 56 73.899
26 57 58.637
26 58 42.482
26 59 70.318
26 60 29.488
26 61 67.102
26 62 20.047
26 63 59.522
26 64 11.017
26 65 87.332
26 66 13.682
26 67 28.402
26 68 7.151
26 69 55.576
26 70 37.271
26 71 11.525
26 72 90.148
26 73 22.331
26 74 37.651
26 75 79.625
26 76 81.678
26 77 84.328
26 78 69.255
26 79 47.684
26 80 4.105
26 81 33.368
26 82 69.58
26 83 75.788
26 84 16.838
26 85 56.374
26 86 68.704
26 87 99.479
26 88 17.525
26 89 62.152
26 90 10.688
26 91 38.221
26 92 63.617
26 93 68.735
26 94 62.731
26 95 29.925
26 96 87.976
27 49 16.806
27 50 58.511
27 51 85.078
27 52 89.348
27 53 13.159
27 54 93.585
27 55 96.428
27 56 93.721
27 57 34.813
27 58 5.632
27 59 37.593
27 60 42.005
27 61 60.665
27 62 99.339
27 63 78.537
27 64 98.483
27 65 90.984
27 66 22.98
27 67 90.831
27 68 26.369
27 69 49.543
27 70 89.915
27 71 66.544
27 72 23.12
27 73 5.485
27 74 77.392
27 75 39.247
27 76 95.245
27 77 91.515
27 78 25.716
27 79 76.759
27 80 66.497
27 81 8.14
27 82 74.718
27 83 72.46
27 84 9.561
27 85 55.355
27 86 34.597
27 87 22.172
27 88 95.637
27 89 47.029
27 90 81.519
27 91 24.434
27 92 8.463
27 93 76.08
27 94 39.959
27 95 65.55
27 96 45.003
28 49 56.118
28 50 34.022
28 51 44.879
28 52 7.315
28 53 38.984
28 54 70.599
28 55 13.89
28 56 94.666
28 57 30.482
28 58 68.554
28 59 27.347
28 60 68.688
28 61 6.068
28 62 58.981
28 63 96.087
28 64 35.225
28 65 80.394
28 66 42.828
28 67 2.309
28 68 54.681
28 69 1.512
28 70 40.533
28 71 51.084
28 72 52.251
28 73 62.173
28 74 33.498
28 75 8.896
28 76 21.11
28 77 40.478
28 78 82.096
28 79 86.088
28 80 30.279
28 81 67.662
28 82 56.682
28 83 12.021
28 84 66.642
28 85 15.826
28 86 24.715
28 87 89.303
28 88 82.764
28 89 50.378
28 90 98.521
28 91 90.228
28 92 99.884
28 93 8.94
28 94 48.497
28 95 31.428
28 96 11.207
29 49 3.013
29 50 69.678
29 51 66.274
29 52 10.818
29 53 62.857
29 54 34.783
29 55 70.168
29 56 65.345
29 57 34.623
29 58 83.515
29 59 23.932
29 60 71.842
29 61 3.011
29 62 83.724
29 63 96.16
29 64 27.968
29 65 10.912
29 66 21.366
29 67 58.068
29 68 11.709
29 69 3.376
29 70 94.153
29 71 7.132
29 72 38.184
29 73 77.131
29 74 81.507
29 75 98.38
29 76 71.081
29 77 71.971
29 78 48.946
29 79 63.944
29 80 56.463
29 81 44.618
29 82 64.249
29 83 63.589
29 84 79.687
29 85 30.316
29 86 37.313
29 87 30.687
29 88 71.744
29 89 29.125
29 90 29.1
29 91 62.046
29 92 30.044
29 93 15.166
29 94 42.034
29 95 69.152
29 96 96.496
30 49 69.509
30 50 6.234
30 51 72.452
30 52 39.647
30 53 42.409
30 54 72.39
30 55 39.432
30 56 14.353
30 57 22.711
30 58 19.243
30 59 59.859
30 60 50.281
30 61 14.981
30 62 46.73
30 63 63.494
30 64 94.104
30 65 71.828
30 66 86.97
30 67 80.92
30 68 77.597
30 69 69.545
30 70 84.031
30 71 95.586
30 72 69.862
30 73 53.823
30 74 65.656
30 75 62.07
30 76 22.231
30 77 37.813
30 78 73.921
30 79 87.351
30 80 95.555
30 81 37.465
30 82 77.154
30 83 23.927
30 84 89.418
30 85 58.004
30 86 88.183
30 87 4.904
30 88 38.87
30 89 85.632
30 90 0.233
30 91 28.593
30 92 42.108
30 93 72.715
30 94 41.524
30 95 30.083
30 96 54.097
31 49 28.386
31 50 38.099
31 51 56.19
31 52 83.502
31 53 10.536
31 54 66.483
31 55 93.999
31 56 44.933
31 57 13.509
31 58 64.618
31 59 91.159
31 60 21.403
31 61 47.913
31 62 63.484
31 63 31.218
31 64 71.39
31 65 20.837
31 66 61.79
31 67 81.751
31 68 50.08
31 69 96.488
31 70 26.295
31 71 95.386
31 72 26.771
31 73 5.427
31 74 53.624
31 75 31.135
31 76 61.235
31 77 21.156
31 78 35.893
31 79 59.761
31 80 77.495
31 81 43.511
31 82 79.666
31 83 83.101
31 84 58.564
31 85 89.52
31 86 45.499
31 87 18.288
31 88 5.389
31 89 1.2
31 90 19.397
31 91 19.757
31 92 20.593
31 93 46.527
31 94 18.612
31 95 75.905
31 96 29.226
32 49 99.907
32 50 13.922
32 51 39.808
32 52 99.866
32 53 70.811
32 54 61.104
32 55 40.911
32 56 14.074
32 57 1.035
32 58 98.878
32 59 34.245
32 60 73.257
32 61 30.387
32 62 29.509
32 63 49.485
32 64 51.729
32 65 43.108
32 66 36.017
32 67 46.358
32 68 4.12
32 69 71.807
32 70 82.214
32 71 68.012
32 72 95.626
32 73 91.533
32 74 10.348
32 75 9.807
32 76 56.735
32 77 13.308
32 78 16.504
32 79 31.235
32 80 92.847
32 81 96.049
32 82 70.362
32 83 58.978
32 84 15.667
32 85 93.178
32 86 41.827
32 87 4.706
32 88 37.025
32 89 42.458
32 90 55.639
32 91 43.327
32 92 67.305
32 93 35.492
32 94 78.868
32 95 99.609
32 96 19.33
33 49 4.444
33 50 34.814
33 51 67.177
33 52 42.793
33 53 93.503
33 54 50.785
33 55 37.07
33 56 4.541
33 57 49.687
33 58 59.814
33 59 55.344
33 60 85.644
33 61 54.929
33 62 11.26
33 63 34.874
33 64 78.331
33 65 60.348
33 66 6.664
33 67 13.205
33 68 25.777
33 69 14.937
33 70 53.359
33 71 12.63
33 72 93.979
33 73 86.946
33 74 96.114
33 75 74.234
33 76 40.02
33 77 96.544
33 78 85.232
33 79 20.698
33 80 6.172
33 81 26.638
33 82 42.657
33 83 13.807
33 84 18.681
33 85 6.136
33 86 54.992
33 87 87.191
33 88 65.928
33 89 75.872
33 90 51.246
33 91 56.843
33 92 14.259
33 93 83.476
33 94 63.965
33 95 91.614
33 96 40.039
34 49 32.814
34 50 87.673
34 51 36.061
34 52 35.753
34 53 22.375
34 54 33.677
34 55 77.574
34 56 15.074
34 57 6.052
34 58 15.341
34 59 63.018
34 60 82.657
34 61 84.529
34 62 68.074
34 63 71.147
34 64 11.045
34 65 16.087
34 66 14.781
34 67 77.029
34 68 75.541
34 69 67.316
34 70 64.415
34 71 25.523
34 72 52.046
34 73 55.597
34 74 78.586
34 75 45.904
34 76 9.12
34 77 38.177
34 78 40.757
34 79 11.47
34 80 64.611
34 81 42.425
34 82 36.357
34 83 6.533
34 84 35.365
34 85 23.058
34 86 53.172
34 87 4.282
34 88 15.129
34 89 8.971
34 90 99.176
34 91 39.601
34 92 80.133
34 93 15.243
34 94 18.479
34 95 42.319
34 96 29.343
35 49 0.637
35 50 93.736
35 51 15.42
35 52 58.376
35 53 49.327
35 54 63.282
35 55 21.514
35 56 16.235
35 57 26.536
35 58 72.097
35 59 11.889
35 60 14.283
35 61 81.422
35 62 97.919
35 63 71.467
35 64 7.661
35 65 92.662
35 66 44.173
35 67 83.761
35 68 53.236
35 69 52.642
35 70 5.283
35 71 41.185
35 72 26.607
35 73 46.049
35 74 14.648
35 75 12.287
35 76 11.805
35 77 46.856
35 78 10.903
35 79 35.042
35 80 28.997
35 81 45.425
35 82 16.76
35 83 50.019
35 84 4.675
35 85 86.8
35 86 93.799
35 87 65.142
35 88 80.599
35 89 47.781
35 90 84.357
35 91 51.812
35 92 90.099
35 93 19.612
35 94 18.572
35 95 60.414
35 96 34.501
36 49 97.409
36 50 33.2
36 51 81.504
36 52 56.888
36 53 46.732
36 54 63.785
36 55 58.32
36 56 11.408
36 57 12.272
36 58 99.313
36 59 49.949
36 60 11.312
36 61 0.026
36 62 48.477
36 63 71.937
36 64 99.882
36 65 54.755
36 66 68.794
36 67 41.203
36 68 98.855
36 69 38.637
36 70 63.562
36 71 64.735
36 72 54.89
36 73 59.848
36 74 11.459
36 75 2.089
36 76 17.239
36 77 65.233
36 78 82.568
36 79 16.416
36 80 78.467
36 81 20.292
36 82 47.213
36 83 70.329
36 84 32.789
36 85 40.053
36 86 23.464
36 87 89.348
36 88 9.329
36 89 10.31
36 90 83.393
36 91 71.834
36 92 44.781
36 93 77.468
36 94 96.644
36 95 16.306
36 96 49.389
37 49 76.12
37 50 53.756
37 51 49.435
37 52 21.379
37 53 59.128
37 54 30.388
37 55 39.423
37 56 21.369
37 57 87.941
37 58 90.534
37 59 66.404
37 60 14.317
37 61 21.137
37 62 29.033
37 63 0.379
37 64 16.902
37 65 52.044
37 66 71.14
37 67 80.791
37 68 72.407
37 69 15.834
37 70 32.337
37 71 14.35
37 72 99.858
37 73 84.533
37 74 95.834
37 75 16.407
37 76 44.122
37 77 34.553
37 78 77.13
37 79 68.053
37 80 63.181
37 81 2.007
37 82 20.672
37 83 77.869
37 84 35.399
37 85 48.565
37 86 25.558
37 87 94.51
37 88 65.534
37 89 20.821
37 90 89.269
37 91 77.27
37 92 33.872
37 93 80.835
37 94 28.55
37 95 26.267
37 96 60.325
38 49 35.548
38 50 85.825
38 51 78.033
38 52 81.725
38 53 90.582
38 54 7.051
38 55 4.018
38 56 44.641
38 57 50.912
38 58 41.918
38 59 18.053
38 60 32.228
38 61 32.537
38 62 88.871
38 63 80.198
38 64 79.196
38 65 70.281
38 66 29.09
38 67 91.253
38 68 47.024
38 69 98.681
38 70 3.398
38 71 4.381
38 72 70.487
38 73 81.944
38 74 93.011
38 75 40.508
38 76 22.633
38 77 12.422
38 78 66.551
38 79 72.45
38 80 61.956
38 81 70.502
38 82 40.299
38 83 23.151
38 84 19.576
38 85 37.933
38 86 15.345
38 87 59.13
38 88 60.411
38 89 43.732
38 90 24.881
38 91 62.913
38 92 10.818
38 93 35.322
38 94 69.252
38 95 22.51
38 96 47.754
39 49 8.259
39 50 2.403
39 51 3.655
39 52 99.642
39 53 9.61
39 54 8.559
39 55 11.633
39 56 45.466
39 57 56.781
39 58 68.29
39 59 46.141
39 60 16.76
39 61 13.55
39 62 92.272
39 63 82.01
39 64 19.267
39 65 88.324
39 66 45.948
39 67 70.861
39 68 72.547
39 69 66.585
39 70 70.439
39 71 95.668
39 72 86.658
39 73 32.935
39 74 63.103
39 75 45.634
39 76 75.768
39 77 42.571
39 78 3.713
39 79 57.95
39 80 61.452
39 81 69.544
39 82 11.167
39 83 46.028
39 84 45.372
39 85 29.952
39 86 10.133
39 87 28.079
39 88 98.649
39 89 86.501
39 90 8.504
39 91 26.501
39 92 25.044
39 93 85.611
39 94 41.371
39 95 87.481
39 96 80.252
40 49 40.319
40 50 18.89
40 51 31.936
40 52 26.753
40 53 0.845
40 54 83.965
40 55 7.582
40 56 16.488
40 57 49.226
40 58 38.934
40 59 62.56
40 60 76.58
40 61 21.538
40 62 38.782
40 63 73.877
40 64 10.382
40 65 90.304
40 66 77.726
40 67 56.18
40 68 93.574
40 69 19.974
40 70 54.544
40 71 96.629
40 72 28.46
40 73 54.392
40 74 0.338
40 75 4.303
40 76 27.046
40 77 86.299
40 78 96.052
40 79 47.126
40 80 96.944
40 81 26.629
40 82 58.21
40 83 68.052
40 84 37.24
40 85 36.252
40 86 14.84
40 87 83.429
40 88 32.371
40 89 6.091
40 90 46.38
40 91 15.708
40 92 64.346
40 93 32.655
40 94 0.431
40 95 84.019
40 96 80.569
41 49 28.696
41 50 12.948
41 51 65.296
41 52 90.918
41 53 99.219
41 54 45.407
41 55 81.764
41 56 80.417
41 57 17.996
41 58 37.173
41 59 75.591
41 60 81.319
41 61 2.898
41 62 32.055
41 63 40.027
41 64 33.004
41 65 63.594
41 66 17.484
41 67 58.766
41 68 47.656
41 69 47.711
41 70 86.849
41 71 22.078
41 72 5.652
41 73 54.18
41 74 18.316
41 75 0.081
41 76 93.112
41 77 11.107
41 78 18.491
41 79 64.659
41 80 55.496
41 81 41.737
41 82 31.138
41 83 97.441
41 84 65.865
41 85 1.16
41 86 96.255
41 87 89.78
41 88 31.385
41 89 57.981
41 90 73.054
41 91 2.985
41 92 80.552
41 93 16.08
41 94 86.372
41 95 18.354
41 96 22.667
42 49 37.083
42 50 94.744
42 51 65.21
42 52 54.961
42 53 61.135
42 54 0.855
42 55 29.054
42 56 52.084
42 57 48.964
42 58 9.553
42 59 52.16
42 60 54.662
42 61 34.774
42 62 37.767
42 63 89.781
42 64 47.947
42 65 86.454
42 66 73.336
42 67 91.554
42 68 96.841
42 69 89.478
42 70 88.176
42 71 18.619
42 72 80.463
42 73 29.042
42 74 85.636
42 75 59.372
42 76 34.576
42 77 98.838
42 78 86.428
42 79 0.381
42 80 76.015
42 81 84.818
42 82 28.593
42 83 49.429
42 84 71.714
42 85 14.761
42 86 7.441
42 87 36.959
42 88 13.97
42 89 24.946
42 90 44.476
42 91 1.145
42 92 2.302
42 93 94.106
42 94 27.763
42 95 28.878
42 96 37.123
43 49 25.788
43 50 76.125
43 51 5.623
43 52 21.976
43 53 43.181
43 54 46.761
43 55 8.807
43 56 69.821
43 57 1.401
43 58 67.709
43 59 7.457
43 60 7.804
43 61 68.672
43 62 62.239
43 63 54.517
43 64 80.755
43 65 17.859
43 66 86.899
43 67 4.687
43 68 49.303
43 69 24.408
43 70 87.712
43 71 78.953
43 72 7.795
43 73 1.361
43 74 15.117
43 75 76.233
43 76 82.463
43 77 15.646
43 78 48.619
43 79 41.227
43 80 78.977
43 81 87.157
43 82 2.695
43 83 81.043
43 84 53.545
43 85 9.486
43 86 53.645
43 87 44.904
43 88 63.59
43 89 26.245
43 90 85.019
43 91 6.009
43 92 24.705
43 93 12.979
43 94 27.664
43 95 25.873
43 96 42.896
44 49 4.806
44 50 47.073
44 51 47.825
44 52 23.117
44 53 92.98
44 54 85.061
44 55 59.82
44 56 66.526
44 57 91.205
44 58 48.738
44 59 8.041
44 60 31.793
44 61 26.897
44 62 20.441
44 63 37.657
44 64 93.43
44 65 85.115
44 66 15.458
44 67 79.908
44 68 11.428
44 69 98.614
44 70 46.682
44 71 77.366
44 72 41.176
44 73 44.742
44 74 9.297
44 75 84.538
44 76 97.914
44 77 15.194
44 78 83.19
44 79 16.851
44 80 13.01
44 81 74.612
44 82 84.084
44 83 75.415
44 84 12.198
44 85 82.543
44 86 46.072
44 87 83.884
44 88 59.141
44 89 99.102
44 90 98.1
44 91 83.769
44 92 16.348
44 93 53.442
44 94 17.86
44 95 33.161
44 96 7.617
45 49 71.326
45 50 76.175
45 51 23.203
45 52 19.416
45 53 60.842
45 54 5.432
45 55 71.645
45 56 5.22
45 57 81.089
45 58 8.001
45 59 21.321
45 60 22.097
45 61 37.361
45 62 50.655
45 63 59.531
45 64 75.553
45 65 86.126
45 66 32.885
45 67 15.834
45 68 48.897
45 69 55.651
45 70 75.617
45 71 8.246
45 72 21.454
45 73 11.676
45 74 60.452
45 75 94.286
45 76 7.314
45 77 43.309
45 78 1.324
45 79 92.567
45 80 79.911
45 81 47.306
45 82 4.122
45 83 18.496
45 84 55.183
45 85 24.042
45 86 2.351
45 87 83.129
45 88 43.361
45 89 59.582
45 90 45.412
45 91 37.032
45 92 32.138
45 93 47.336
45 94 78.867
45 95 96.991
45 96 22.451
46 49 32.586
46 50 20.478
46 51 73.044
46 52 75.86
46 53 60.352
46 54 15.936
46 55 9.866
46 56 24.456
46 57 55.464
46 58 37.582
46 59 9.137
46 60 43.534
46 61 47.37
46 62 39.984
46 63 97.749
46 64 96.522
46 65 44.004
46 66 33.536
46 67 96.683
46 68 36.482
46 69 40.918
46 70 2.076
46 71 61.14
46 72 33.827
46 73 14.043
46 74 38.497
46 75 52.6
46 76 86.232
46 77 20.537
46 78 61.343
46 79 72.649
46 80 74.776
46 81 6.275
46 82 38.406
46 83 59.795
46 84 43.84
46 85 71.55
46 86 90.731
46 87 31.831
46 88 83.976
46 89 37.311
46 90 23.195
46 91 52.933
46 92 89.515
46 93 69.707
46 94 82.273
46 95 56.19
46 96 94.22
47 49 55.765
47 50 18.313
47 51 69.099
47 52 18.116
47 53 69.983
47 54 26.005
47 55 31.525
47 56 15.424
47 57 76.573
47 58 91.747
47 59 62.515
47 60 90.996
47 61 25.238
47 62 0.509
47 63 93.846
47 64 31.19
47 65 19.549
47 66 27.384
47 67 36.787
47 68 11.369
47 69 95.147
47 70 36.693
47 71 94.917
47 72 73.574
47 73 19.293
47 74 66.016
47 75 6.947
47 76 26.397
47 77 11.228
47 78 13.819
47 79 52.08
47 80 82.462
47 81 97.517
47 82 88.795
47 83 1.346
47 84 77.923
47 85 70.092
47 86 2.624
47 87 69.095
47 88 61.63
47 89 57.727
47 90 89.11
47 91 62.227
47 92 43.77
47 93 76.265
47 94 77.317
47 95 33.103
47 96 78.927
48 49 11.688
48 50 13.985
48 51 69.447
48 52 55.819
48 53 84.433
48 54 23.585
48 55 70.259
48 56 35.524
48 57 87.476
48 58 36.467
48 59 94.878
48 60 11.001
48 61 93.212
48 62 95.698
48 63 16.313
48 64 31.259
48 65 38.267
48 66 65.267
48 67 17.552
48 68 73.429
48 69 7.766
48 70 36.687
48 71 30.507
48 72 52.648
48 73 38.508
48 74 56.616
48 75 97.849
48 76 92.406
48 77 99.093
48 78 77.762
48 79 77.114
48 80 86.08
48 81 99.306
48 82 78.765
48 83 6.041
48 84 91.468
48 85 1.322
48 86 77.458
48 87 23.691
48 88 32.967
48 89 91.813
48 90 9.639
48 91 63.496
48 92 16.612
48 93 82.036
48 94 23.262
48 95 20.568
48 96 29.636
49 97 13.507
50 97 8.109
51 97 26.456
52 97 1.519
53 97 23.709
54 97 36.905
55 97 29.317
56 97 39.378
57 97 77.625
58 97 28.226
59 97 81.969
60 97 10.44
61 97 4.466
62 97 65.046
63 97 51.779
64 97 80.45
65 97 64.963
66 97 55.849
67 97 58.101
68 97 17.373
69 97 15.466
70 97 21.071
71 97 52.59
72 97 33.959
73 97 55.339
74 97 48.44
75 97 37.781
76 97 7.616
77 97 7.656
78 97 56.1
79 97 31.047
80 97 56.554
81 97 94.363
82 97 95.936
83 97 21.526
84 97 34.467
85 97 10.501
86 97 38.674
87 97 27.078
88 97 99.273
89 97 89.433
90 97 26.018
91 97 16.658
92 97 72.932
93 97 72.403
94 97 93.956
95 97 18.125
96 97 98.304
