100
0 41 76
0 75 18
0 37 32
0 86 63
0 9 84
0 91 89
0 14 13
0 5 92
0 17 22
0 21 3
0 53 3
0 56 55
0 7 38
0 60 82
0 65 55
0 16 92
0 26 61
0 77 47
0 83 34
0 38 21
0 88 64
0 24 62
0 57 45
0 13 4
0 97 56
0 0 46
0 62 65
0 54 86
0 32 92
0 87 36
0 43 3
0 82 31
0 20 20
0 12 45
0 73 92
0 84 75
0 46 20
0 64 68
0 90 91
0 78 38
0 81 99
0 55 9
0 22 19
0 94 41
0 40 83
0 71 77
0 42 25
0 35 49
0 3 4
0 61 71
0 89 33
0 59 36
0 49 15
0 66 11
0 39 38
0 96 74
0 69 47
0 51 99
0 18 14
0 98 49
0 31 75
0 72 3
0 50 31
0 45 41
0 63 92
0 76 46
0 92 47
0 48 63
0 67 54
0 52 56
0 99 75
0 29 79
0 30 56
0 70 56
0 19 28
0 2 87
0 28 49
0 15 76
0 47 46
0 34 85
0 74 94
0 10 4
0 33 93
0 27 24
0 25 74
0 4 8
0 79 23
0 58 44
0 8 21
0 23 18
0 95 44
0 80 9
0 6 7
0 93 92
0 1 19
0 36 70
0 85 3
0 68 24
0 44 32
41 46 3
41 74 7
41 30 21
41 3 21
41 54 27
41 41 12
41 56 36
41 98 55
41 36 71
41 55 47
41 64 10
41 95 86
41 17 31
41 99 68
41 94 20
41 96 60
41 13 15
41 78 14
41 87 78
41 68 78
41 2 10
41 57 99
41 88 4
41 4 4
41 61 55
41 85 55
41 23 31
41 51 48
41 97 48
41 45 49
41 62 76
41 71 20
41 22 47
41 66 3
41 91 91
41 6 98
41 33 45
41 67 79
41 58 86
41 82 64
41 65 64
41 37 36
41 40 68
41 8 79
41 43 3
46 57 42
46 87 58
46 39 16
46 7 42
46 58 1
46 31 53
46 86 8
46 12 8
46 63 42
46 36 42
46 34 30
46 52 30
46 66 23
46 99 25
46 88 3
46 90 59
46 71 59
46 59 9
46 82 9
46 1 19
46 22 2
46 27 2
46 23 16
46 74 19
46 76 20
46 73 3
46 55 3
75 98 37
75 19 3
75 60 3
75 37 21
75 52 71
75 24 91
75 11 63
75 8 99
75 38 96
75 92 50
75 26 64
75 63 19
75 69 16
75 48 97
75 16 27
75 10 27
75 18 63
75 43 16
75 55 50
75 17 18
75 74 59
75 81 59
75 61 52
75 99 20
75 35 18
75 57 18
75 6 7
75 76 7
75 86 63
75 28 63
75 93 22
75 67 22
98 56 52
98 50 31
98 97 56
98 13 95
98 1 57
98 42 70
98 66 87
98 78 7
98 67 57
98 28 26
98 79 8
98 51 90
98 33 56
98 37 99
98 23 31
98 44 49
98 2 46
98 16 96
98 99 44
98 35 49
98 48 66
98 20 20
98 76 20
98 94 70
98 80 70
98 71 44
1 1 15
1 30 85
1 8 78
1 82 13
1 40 31
1 90 51
1 36 65
1 49 6
1 65 11
1 78 47
1 33 55
1 25 79
1 20 55
1 9 32
1 52 32
1 74 55
1 62 55
1 63 24
1 21 65
1 11 64
1 34 64
1 32 31
1 44 25
1 47 6
1 43 29
1 99 32
1 97 24
1 28 49
1 6 49
1 60 32
30 27 38
30 84 38
30 10 59
30 82 69
30 62 66
30 34 42
30 77 1
30 85 26
30 28 72
30 56 75
30 97 21
30 70 8
30 4 5
30 96 7
30 37 79
30 38 19
30 58 1
30 15 62
30 66 37
30 29 55
30 24 57
30 94 59
30 35 21
30 67 27
30 53 79
30 14 19
30 91 66
30 20 37
30 2 46
30 47 46
30 44 62
30 99 7
8 28 41
8 81 2
8 7 90
8 15 87
8 11 99
8 87 29
8 78 18
8 85 17
8 17 87
8 89 17
8 49 41
8 92 82
8 99 92
8 70 48
8 39 92
8 83 57
8 12 10
8 32 80
8 6 14
8 59 14
8 55 21
8 69 33
8 68 79
28 19 73
28 44 73
28 74 7
28 15 66
28 57 7
28 40 59
28 78 50
28 12 79
28 94 91
28 45 70
28 99 60
28 38 71
28 72 41
28 14 50
28 73 56
28 66 56
28 4 60
28 50 45
28 67 4
28 3 45
28 2 63
2 56 52
2 81 40
2 23 29
2 44 58
2 54 4
2 63 77
2 21 7
2 26 76
2 51 1
2 82 10
2 69 38
2 48 38
2 60 9
2 6 9
2 92 79
2 53 79
2 73 31
2 70 31
2 79 65
2 99 65
2 15 38
2 95 21
2 72 94
2 13 94
2 65 38
2 93 66
2 27 66
2 16 45
2 88 45
2 20 89
2 47 89
2 43 63
2 83 34
2 39 34
56 34 91
56 24 18
56 29 18
56 36 71
56 73 85
56 57 2
56 23 2
56 72 65
56 16 65
56 21 23
56 70 81
56 79 23
56 38 59
56 87 87
56 9 41
56 99 39
56 63 39
56 54 55
56 66 72
56 96 72
56 89 91
56 68 91
56 71 76
56 13 76
56 40 36
81 89 40
81 9 2
81 70 78
81 73 24
81 52 35
81 20 35
81 62 81
81 60 21
81 50 15
81 17 76
81 87 53
81 95 12
81 96 12
81 49 47
81 33 34
81 54 96
81 21 95
81 67 47
81 24 47
81 63 27
81 99 38
81 78 15
81 31 27
81 61 93
81 42 35
81 74 35
81 38 12
81 65 47
81 77 47
81 53 75
81 84 75
89 12 31
89 37 37
89 26 44
89 90 89
89 74 55
89 77 94
89 76 3
89 23 67
89 99 3
89 92 11
89 21 77
89 31 47
89 48 87
89 39 17
89 65 31
89 52 31
89 13 61
89 42 35
89 18 14
89 14 14
89 34 64
89 22 33
89 27 92
89 67 89
89 87 89
89 71 91
89 38 91
3 44 4
3 72 11
3 10 59
3 73 19
3 84 19
3 37 89
3 54 69
3 52 42
3 97 36
3 40 82
3 39 50
3 11 50
3 74 94
3 23 94
3 57 45
3 13 85
3 62 85
3 15 62
3 99 62
44 14 24
44 23 89
44 29 74
44 33 10
44 32 10
44 24 62
44 7 46
44 70 58
44 82 41
44 19 50
44 84 98
44 78 52
44 73 81
44 22 72
44 50 17
44 93 12
44 58 42
44 94 52
44 47 52
44 88 4
44 63 54
44 31 66
44 48 87
44 12 41
44 83 49
44 9 87
44 99 50
44 61 52
44 35 25
44 95 89
44 15 32
44 97 74
14 45 39
14 68 58
14 34 57
14 39 48
14 57 66
14 71 10
14 31 83
14 22 83
14 73 34
14 60 3
14 20 74
14 77 10
14 90 37
14 5 65
14 50 24
14 15 86
14 35 10
14 63 54
14 83 79
14 99 24
14 67 14
14 54 30
14 42 25
14 93 25
14 66 56
14 6 56
14 49 15
14 74 15
14 82 13
14 10 83
14 94 59
72 20 11
72 74 18
72 91 68
72 23 53
72 34 58
72 99 84
72 83 72
72 37 81
72 94 41
72 69 22
72 40 3
72 88 3
72 76 6
72 11 9
72 9 9
72 15 38
72 48 63
72 87 63
72 64 68
72 79 84
20 7 13
20 37 1
20 62 30
20 12 54
20 47 66
20 11 25
20 96 74
20 39 64
20 88 7
20 84 9
20 77 84
20 25 84
20 38 16
20 99 66
20 27 51
20 65 55
20 68 65
20 71 65
20 64 48
20 80 89
20 52 31
20 97 31
4 43 98
4 94 88
4 22 24
4 91 24
4 58 15
4 63 26
4 92 39
4 19 26
4 53 59
4 39 51
4 9 76
4 36 45
4 85 3
4 99 19
4 12 30
4 80 30
4 73 3
4 13 23
4 83 23
4 32 23
4 67 89
4 61 79
4 25 79
4 16 64
4 27 77
4 35 62
4 50 8
4 40 19
43 27 77
43 63 42
43 78 61
43 24 25
43 15 41
43 74 53
43 51 17
43 84 36
43 39 47
43 99 63
43 49 62
43 91 52
43 85 52
43 6 98
43 86 10
43 16 76
43 70 76
43 90 60
43 65 55
43 59 55
43 82 90
43 94 90
43 61 47
43 33 28
43 73 77
43 22 62
27 24 78
27 74 76
27 99 92
27 90 30
27 10 30
27 96 28
27 19 14
27 69 51
27 70 30
27 15 12
27 13 12
27 73 92
27 38 76
27 22 33
27 59 33
27 63 24
27 57 28
27 78 28
27 36 92
27 76 99
27 97 99
27 31 2
27 47 66
27 16 84
27 79 84
94 36 70
94 10 59
94 59 53
94 40 42
94 86 21
94 34 81
94 92 29
94 6 52
94 79 86
94 71 74
94 77 74
94 82 20
94 99 92
94 22 20
94 16 94
94 66 94
94 60 20
94 78 28
94 42 28
94 51 59
94 33 93
94 74 93
94 53 92
94 38 21
94 69 44
94 65 44
36 67 21
36 26 61
36 51 62
36 71 91
36 54 30
36 97 30
36 50 67
36 84 57
36 19 22
36 99 20
36 96 95
36 66 26
36 63 26
36 18 80
36 31 92
36 88 71
36 47 20
5 34 91
5 24 10
5 9 14
5 67 1
5 50 46
5 60 11
5 82 95
5 25 59
5 18 77
5 68 78
5 99 78
5 32 26
5 47 26
5 87 60
5 42 93
5 96 95
5 71 74
5 10 85
5 86 85
5 33 72
5 45 72
5 66 10
5 19 64
5 64 22
5 37 22
5 78 92
5 53 92
5 73 92
5 15 60
34 35 57
34 95 68
34 82 63
34 11 68
34 23 67
34 62 90
34 38 54
34 49 54
34 67 83
34 63 83
34 54 30
34 79 9
34 50 9
34 77 67
34 86 67
34 78 28
34 57 68
34 10 82
34 40 13
34 99 13
34 48 85
24 26 31
24 9 41
24 16 10
24 87 10
24 63 28
24 84 37
24 99 80
24 6 80
24 47 31
24 85 22
24 7 31
24 49 47
24 60 35
24 48 99
24 51 99
24 73 91
24 74 57
24 90 91
24 66 41
24 21 3
24 58 3
26 10 87
26 84 46
26 68 61
26 82 29
26 97 99
26 99 98
26 53 53
26 48 78
26 51 9
26 49 7
26 90 61
26 25 10
26 32 79
26 83 79
26 69 85
26 50 85
26 70 76
26 73 92
26 31 98
26 88 45
26 76 45
6 17 52
6 57 42
6 22 67
6 25 6
6 63 6
6 55 67
6 51 67
6 40 3
6 15 37
6 62 71
6 16 4
6 39 92
6 10 9
6 52 80
6 54 98
6 99 56
6 35 49
6 31 39
6 49 16
6 71 16
6 73 98
6 91 11
6 70 11
6 78 92
17 51 9
17 79 82
17 70 94
17 95 11
17 61 31
17 71 79
17 99 71
17 13 13
17 66 71
17 16 25
17 86 9
17 32 51
17 65 96
17 64 96
17 11 71
17 7 71
17 57 15
17 90 18
17 68 77
17 93 22
17 58 71
17 48 71
17 33 89
17 38 49
17 37 49
51 90 47
51 53 26
51 66 55
51 86 86
51 31 88
51 85 60
51 64 24
51 15 86
51 38 21
51 52 98
51 67 9
51 99 18
51 54 98
51 45 10
51 10 82
51 49 15
51 57 18
51 48 59
51 76 99
57 40 24
57 53 66
57 90 68
57 39 45
57 70 90
57 22 44
57 33 28
57 50 66
57 88 15
57 32 11
57 87 78
57 54 99
57 82 15
57 37 99
57 99 41
57 66 41
57 58 44
7 79 4
7 45 39
7 86 90
7 29 64
7 91 64
7 85 46
7 65 92
7 13 4
7 80 64
7 40 42
7 49 67
7 21 89
7 53 25
7 73 47
7 47 16
7 39 64
7 23 64
7 99 71
7 69 38
79 18 62
79 29 24
79 96 24
79 84 46
79 74 69
79 32 24
79 13 23
79 64 9
79 88 83
79 10 42
79 62 65
79 54 9
79 70 15
79 23 9
79 99 94
79 55 59
79 92 59
79 65 55
79 66 55
79 83 23
79 33 94
79 63 4
79 68 24
79 73 24
45 39 60
45 60 60
45 11 3
45 54 23
45 61 23
45 99 3
45 42 60
45 9 41
45 62 76
45 69 65
45 83 49
45 65 27
45 22 27
45 78 27
45 77 71
45 55 71
45 52 80
45 47 10
45 73 72
45 66 37
45 49 37
9 12 14
9 67 22
9 60 93
9 47 39
9 90 84
9 99 22
9 33 74
9 66 74
9 32 23
9 59 32
9 85 55
9 80 55
9 82 41
9 76 67
9 83 87
9 13 42
9 78 7
9 74 53
9 61 55
9 65 55
9 52 53
9 15 9
9 48 59
9 38 62
9 97 99
9 91 56
9 54 56
9 63 4
9 35 5
9 16 84
86 11 45
86 65 21
86 80 94
86 76 67
86 49 71
86 54 57
86 10 86
86 84 74
86 78 6
86 87 3
86 18 48
86 90 31
86 74 70
86 55 71
86 13 12
86 99 12
86 61 85
86 64 3
86 73 3
86 91 17
86 23 17
86 82 21
12 23 29
12 74 5
12 54 46
12 32 72
12 62 55
12 65 55
12 64 41
12 97 8
12 67 8
12 87 54
12 99 92
12 42 10
12 55 50
12 40 30
12 39 87
12 90 23
12 29 10
12 69 45
12 82 46
12 16 92
10 18 62
10 16 90
10 38 56
10 96 83
10 59 39
10 23 39
10 42 25
10 29 20
10 67 20
10 87 27
10 48 59
10 47 9
10 21 22
10 93 22
10 50 57
10 74 57
10 71 16
10 70 16
10 15 15
10 99 15
10 92 47
10 22 4
84 11 68
84 96 74
84 21 19
84 69 97
84 13 60
84 35 15
84 39 75
84 78 7
84 15 31
84 80 88
84 88 17
84 91 11
84 87 72
84 53 3
84 64 3
84 66 11
18 59 33
18 82 24
18 99 95
18 21 12
18 53 63
18 40 77
18 76 77
18 95 80
18 63 95
11 37 37
11 95 11
11 33 8
11 32 8
11 21 90
11 64 48
11 61 50
11 78 30
11 22 76
11 96 19
11 67 30
11 99 31
11 76 65
11 92 50
11 68 71
11 69 33
11 71 65
11 88 64
11 54 55
11 59 55
11 16 9
11 58 48
11 66 3
11 55 31
96 90 73
96 50 62
96 61 38
96 19 26
96 91 28
96 58 12
96 39 25
96 95 89
96 63 66
96 99 72
96 62 66
96 40 83
96 76 7
37 88 1
37 39 46
37 66 46
37 49 14
37 73 92
37 92 99
37 55 86
37 97 8
37 22 22
37 85 61
37 80 32
37 62 49
37 58 68
37 87 36
37 29 86
37 63 10
37 74 10
37 48 99
37 99 62
37 15 62
37 54 68
37 35 49
23 61 31
23 31 9
23 47 9
23 70 59
23 25 18
23 66 64
23 71 87
23 76 45
23 53 99
23 73 44
23 39 44
23 55 9
23 35 18
23 16 17
23 22 16
23 48 94
13 85 34
13 32 71
13 91 40
13 35 69
13 93 8
13 15 90
13 90 61
13 33 94
13 53 42
13 61 71
13 64 61
13 95 61
13 48 85
13 99 76
13 39 34
85 76 10
85 68 38
85 69 78
85 59 8
85 93 29
85 58 68
85 22 75
85 16 17
85 52 35
85 33 52
85 77 8
85 32 8
85 39 48
85 60 48
85 29 56
85 99 34
85 42 17
85 25 32
85 67 32
85 50 47
85 65 47
85 78 38
76 16 10
76 73 32
76 91 47
76 74 62
76 55 5
76 69 57
76 50 30
76 99 45
76 61 34
76 42 34
76 49 6
76 68 62
76 78 62
76 97 46
76 58 3
32 48 24
32 21 83
32 47 97
32 42 97
32 66 97
32 15 83
32 77 65
32 60 80
32 74 69
32 65 99
32 62 58
32 39 27
32 95 42
32 80 11
32 38 21
32 69 51
32 83 79
32 63 8
32 54 77
32 97 77
32 58 71
32 31 92
32 35 5
32 99 5
48 67 1
48 52 17
48 83 94
48 78 64
48 90 32
48 99 59
48 71 38
48 21 96
48 25 90
48 82 90
48 39 66
48 73 94
48 64 96
68 29 79
68 31 88
68 92 39
68 22 98
68 40 99
68 99 89
68 15 91
68 74 35
68 88 69
68 50 69
68 69 71
68 97 89
68 93 82
68 70 31
68 38 62
68 64 60
68 87 60
35 16 56
35 92 9
35 35 66
35 67 66
35 90 47
35 83 62
35 47 98
35 54 34
35 50 85
35 74 72
35 49 56
35 88 42
35 99 49
35 66 72
35 33 14
35 39 25
35 38 49
35 61 5
15 91 12
15 25 72
15 62 72
15 21 69
15 92 4
15 55 4
15 19 52
15 66 32
15 83 24
15 77 4
15 50 11
15 87 87
15 63 92
15 38 76
15 31 86
15 90 23
15 99 60
15 74 15
15 97 91
15 49 62
91 31 62
91 33 62
91 83 15
91 78 15
91 99 79
91 69 47
91 39 47
91 73 91
91 29 17
91 25 79
91 80 89
91 40 68
16 83 27
16 22 76
16 63 53
16 49 50
16 60 54
16 39 12
16 62 12
16 99 17
16 87 63
16 19 96
16 38 80
16 55 64
16 65 64
16 74 63
92 67 95
92 73 21
92 52 89
92 53 59
92 93 82
92 64 57
92 66 57
92 97 99
92 55 21
70 54 23
70 22 20
70 61 89
70 47 48
70 95 90
70 78 32
70 97 99
70 42 86
70 53 31
70 99 56
70 90 76
70 69 76
70 64 89
54 47 15
54 87 15
54 53 1
54 83 90
54 21 83
54 33 74
54 31 86
54 67 27
54 62 27
54 38 56
54 40 3
54 95 68
54 19 64
54 88 64
54 73 21
54 99 21
54 97 46
95 87 89
95 25 12
95 78 23
95 90 59
95 42 93
95 60 93
95 21 89
95 63 87
95 71 89
95 67 14
95 99 74
95 38 80
95 77 12
95 62 61
95 80 9
95 59 9
95 97 74
95 69 44
59 82 95
59 47 97
59 67 21
59 50 62
59 99 36
59 40 40
59 31 67
59 80 79
59 33 14
59 83 1
59 38 1
59 64 10
59 71 32
59 77 44
59 61 8
59 74 19
59 60 19
82 97 19
82 80 30
82 74 17
82 99 46
82 42 20
82 87 10
82 63 21
82 65 31
19 52 17
19 93 52
19 39 89
19 42 91
19 67 8
19 99 76
19 97 96
19 90 18
19 21 66
19 73 31
19 22 50
19 74 10
19 29 10
19 33 28
60 97 94
60 53 30
60 78 88
60 73 65
60 67 32
60 52 35
60 99 19
60 55 33
60 69 33
60 66 94
60 88 94
60 61 20
60 74 93
88 50 66
88 78 64
88 80 93
88 93 69
88 64 59
88 90 17
88 99 71
88 53 42
88 66 71
88 65 36
88 31 2
88 38 56
88 22 16
88 74 71
21 62 30
21 22 56
21 63 69
21 38 90
21 87 65
21 49 53
21 52 7
21 77 40
21 80 83
21 33 11
21 69 22
21 61 55
21 99 32
21 97 89
21 29 32
62 73 32
62 39 12
62 99 85
62 22 50
62 31 3
62 71 76
22 71 44
22 58 33
22 74 7
22 29 7
22 99 44
22 38 66
22 50 19
22 67 54
22 87 62
22 83 62
22 69 33
22 33 56
22 42 56
22 65 44
61 63 85
61 47 56
61 61 74
61 40 99
61 67 99
61 99 8
61 78 52
61 52 79
61 33 89
61 74 71
61 65 31
61 55 31
29 47 5
29 50 15
29 97 13
29 78 70
29 58 51
29 83 81
29 31 44
29 65 20
29 99 7
29 38 77
29 49 56
29 66 32
29 25 74
25 40 12
25 74 50
25 77 33
25 90 84
25 55 64
25 78 54
25 99 19
25 58 33
63 99 92
63 73 85
63 55 47
63 42 63
63 80 88
63 64 87
63 31 28
63 50 95
63 58 27
63 39 92
90 93 93
90 67 56
90 99 76
90 65 96
90 52 56
90 42 17
90 73 60
74 80 64
74 31 71
74 65 70
74 99 63
74 64 59
31 52 22
31 53 75
31 47 88
31 66 40
31 40 79
31 38 50
31 99 3
31 73 98
31 78 28
31 58 86
47 49 14
47 52 5
47 58 45
47 40 78
47 65 58
47 99 30
47 53 31
47 39 26
47 69 97
47 66 26
47 87 65
47 64 61
47 38 20
47 73 30
33 55 33
33 93 53
33 83 1
33 99 52
33 67 15
33 78 15
33 64 28
33 69 45
87 99 28
87 49 54
87 64 87
87 97 24
87 71 59
87 78 28
97 40 94
97 69 60
97 64 22
97 99 72
97 73 72
97 38 91
67 69 78
67 80 34
67 93 34
67 66 90
67 78 31
67 73 99
67 53 20
67 64 83
67 77 95
67 49 15
67 99 79
67 58 48
93 69 29
93 99 92
93 66 14
93 65 69
93 50 54
93 64 96
93 53 96
52 50 85
52 58 32
52 83 53
52 99 53
52 42 56
38 73 85
38 65 85
38 99 1
38 69 16
38 40 77
38 53 50
38 64 12
38 39 66
39 78 30
39 42 28
39 99 38
39 83 31
39 66 30
66 42 34
66 77 86
66 99 29
66 83 57
66 69 97
66 73 30
40 49 31
40 58 79
40 99 36
40 53 28
40 78 19
42 53 73
42 55 10
42 99 20
42 71 89
99 49 36
99 71 33
99 80 55
99 53 96
99 83 45
99 64 89
99 55 3
99 50 47
99 77 74
99 73 94
99 78 62
99 69 70
49 65 36
50 73 24
50 53 85
50 64 66
50 77 95
50 83 45
50 78 19
73 55 27
73 65 98
73 69 99
73 77 44
73 71 77
71 53 1
71 69 33
53 69 99
53 58 79
53 83 59
53 64 28
55 64 92
55 58 57
58 83 61
58 69 57
64 78 35
65 78 27
80 83 34
80 69 70
77 83 33
78 83 15
83 83 61