100
0 1 37.07
0 2 7.61
0 3 78.419
0 4 90.359
0 5 87.342
0 6 2.2
0 7 21.571
0 8 83.308
0 9 90.386
0 10 15.413
0 11 73.934
0 12 8.82
0 13 29.142
0 14 8.271
0 15 44.013
0 16 69.725
0 17 0.174
0 18 70.528
0 19 11.693
0 20 24.181
0 21 92.918
0 22 57.971
0 23 28.149
0 24 30.1
0 25 94.283
0 26 52.909
0 27 51.962
0 28 42.697
0 29 85.114
0 30 41.496
0 31 4.247
0 32 72.209
0 33 85.042
0 34 98.756
0 35 6.978
0 36 54.906
0 37 18.491
0 38 13.23
0 39 72.224
0 40 62.854
0 41 68.969
0 42 64.239
0 43 25.603
0 44 91.546
0 45 85.994
0 46 36.73
0 47 70.67
0 48 41.264
0 49 17.893
0 50 91.878
0 51 16.505
0 52 95.382
0 53 90.143
0 54 42.924
0 55 64.188
0 56 50.493
0 57 50.54
0 58 96.343
0 59 52.47
0 60 92.174
0 61 79.971
0 62 3.825
0 63 87.717
0 64 12.485
0 65 98.486
0 66 71.239
0 67 46.22
0 68 31.769
0 69 67.137
0 70 86.888
0 71 15.702
0 72 32.792
0 73 71.29
0 74 28.027
0 75 51.408
0 76 29.126
0 77 21.123
0 78 62.359
0 79 8.736
0 80 88.997
0 81 52.28
0 82 36.89
0 83 89.932
0 84 12.83
0 85 31.395
0 86 12.831
0 87 56.374
0 88 49.964
0 89 97.088
0 90 79.396
0 91 97.595
0 92 17.222
0 93 22.958
0 94 37.284
0 95 0.408
0 96 9.177
0 97 2.645
0 98 49.705
0 99 72.077
1 2 62.961
1 3 32.768
1 4 21.954
1 5 33.326
1 6 63.232
1 7 57.728
1 8 47.914
1 9 19.316
1 10 4.617
1 11 8.235
1 12 5.127
1 13 21.118
1 14 36.449
1 15 95.925
1 16 49.301
1 17 63.942
1 18 22.027
1 19 10.373
1 20 72.009
1 21 29.463
1 22 44.143
1 23 6.635
1 24 23.79
1 25 31.984
1 26 3.383
1 27 49.336
1 28 11.578
1 29 23.875
1 30 48.482
1 31 32.952
1 32 89.421
1 33 21.471
1 34 71.061
1 35 86.02
1 36 53.809
1 37 83.49
1 38 39.177
1 39 6.287
1 40 67.575
1 41 15.786
1 42 47.008
1 43 48.939
1 44 65.792
1 45 23.152
1 46 54.346
1 47 7.325
1 48 72.129
1 49 0.37
1 50 18.101
1 51 90.271
1 52 73.521
1 53 97.785
1 54 14.577
1 55 38.977
1 56 9.176
1 57 93.036
1 58 91.647
1 59 67.94
1 60 98.379
1 61 31.668
1 62 13.848
1 63 76.33
1 64 13.38
1 65 40.977
1 66 88.029
1 67 1.504
1 68 97.871
1 69 7.998
1 70 43.342
1 71 74.984
1 72 51.539
1 73 70.587
1 74 69.363
1 75 60.071
1 76 45.087
1 77 59.577
1 78 47.683
1 79 95.711
1 80 46.13
1 81 47.747
1 82 1.167
1 83 50.931
1 84 64.138
1 85 49.039
1 86 12.369
1 87 31.664
1 88 87.056
1 89 80.604
1 90 37.846
1 91 68.209
1 92 61.498
1 93 66.724
1 94 77.271
1 95 36.185
1 96 22.669
1 97 72.022
1 98 34.155
1 99 80.156
2 3 11.154
2 4 73.606
2 5 29.506
2 6 76.478
2 7 13.55
2 8 85.598
2 9 31.351
2 10 74.069
2 11 29.828
2 12 50.84
2 13 72.201
2 14 18.571
2 15 11.314
2 16 36.994
2 17 9.988
2 18 46.987
2 19 34.256
2 20 34.891
2 21 54.756
2 22 80.64
2 23 98.894
2 24 11.081
2 25 50.086
2 26 67.709
2 27 7.339
2 28 68.855
2 29 25.226
2 30 37.479
2 31 15.109
2 32 81.003
2 33 83.95
2 34 56.805
2 35 53.576
2 36 61.691
2 37 69.02
2 38 71.716
2 39 16.428
2 40 95.905
2 41 59.97
2 42 1.997
2 43 76.468
2 44 92.905
2 45 7.437
2 46 38.942
2 47 46.094
2 48 94.616
2 49 75.003
2 50 19.654
2 51 55.942
2 52 74.483
2 53 89.471
2 54 20.013
2 55 87.567
2 56 48.501
2 57 2.062
2 58 21.334
2 59 24.917
2 60 11.348
2 61 75.125
2 62 90.15
2 63 8.893
2 64 79.615
2 65 48.096
2 66 65.514
2 67 82.343
2 68 97.268
2 69 69.687
2 70 3.849
2 71 19.974
2 72 78.233
2 73 23.072
2 74 66.313
2 75 60.165
2 76 9.083
2 77 65.688
2 78 96.173
2 79 92.011
2 80 37.785
2 81 74.387
2 82 13.36
2 83 51.47
2 84 12.58
2 85 3.107
2 86 58.209
2 87 46.068
2 88 97.072
2 89 71.286
2 90 81.081
2 91 87.476
2 92 37.4
2 93 29.824
2 94 41.811
2 95 81.974
2 96 3.701
2 97 30.283
2 98 1.814
2 99 44.233
3 4 52.805
3 5 99.689
3 6 34.917
3 7 78.204
3 8 93.216
3 9 33.777
3 10 12.95
3 11 96.413
3 12 87.865
3 13 52.064
3 14 94.399
3 15 83.344
3 16 88.845
3 17 76.629
3 18 43.353
3 19 44.855
3 20 44.623
3 21 42.789
3 22 2.782
3 23 47.876
3 24 90.587
3 25 1.133
3 26 97.561
3 27 47.246
3 28 19.8
3 29 87.649
3 30 27.843
3 31 19.912
3 32 56.647
3 33 70.099
3 34 6.133
3 35 21.559
3 36 50.673
3 37 4.554
3 38 63.29
3 39 51.054
3 40 10.619
3 41 46.782
3 42 59.107
3 43 17.731
3 44 12.517
3 45 22.854
3 46 35.299
3 47 83.166
3 48 90.084
3 49 24.01
3 50 45.21
3 51 43.327
3 52 0.303
3 53 24.363
3 54 31.741
3 55 54.277
3 56 16.989
3 57 31.017
3 58 37.941
3 59 46.582
3 60 70.895
3 61 31.54
3 62 70.528
3 63 61.355
3 64 37.42
3 65 94.416
3 66 96.075
3 67 19.775
3 68 55.265
3 69 85.837
3 70 29.452
3 71 72.994
3 72 43.39
3 73 35.831
3 74 53.359
3 75 92.656
3 76 13.283
3 77 11.088
3 78 71.594
3 79 76.635
3 80 13.433
3 81 73.317
3 82 38.174
3 83 61.33
3 84 61.71
3 85 40.278
3 86 38.831
3 87 49.491
3 88 5.307
3 89 21.176
3 90 75.063
3 91 50.01
3 92 80.933
3 93 32.288
3 94 45.221
3 95 0.892
3 96 17.66
3 97 52.264
3 98 66.926
3 99 67.437
4 5 61.439
4 6 9.061
4 7 17.123
4 8 22.985
4 9 50.269
4 10 67.411
4 11 32.702
4 12 40.893
4 13 25.847
4 14 88.741
4 15 2.922
4 16 52.24
4 17 5.26
4 18 53.871
4 19 30.652
4 20 75.129
4 21 65.405
4 22 0.728
4 23 42.49
4 24 65.588
4 25 20.092
4 26 69.79
4 27 16.375
4 28 24.737
4 29 58.798
4 30 79.854
4 31 45.687
4 32 14.42
4 33 56.84
4 34 69.787
4 35 79.742
4 36 83.187
4 37 48.919
4 38 11.902
4 39 79.717
4 40 23.82
4 41 23.601
4 42 69.326
4 43 79.213
4 44 64.306
4 45 0.595
4 46 53.853
4 47 16.154
4 48 10.097
4 49 93.739
4 50 68.949
4 51 18.604
4 52 33.333
4 53 14.826
4 54 6.314
4 55 32.298
4 56 87.557
4 57 20.744
4 58 62.889
4 59 36.056
4 60 81.144
4 61 60.028
4 62 21.055
4 63 83.883
4 64 46.128
4 65 86.702
4 66 0.953
4 67 27.884
4 68 51.635
4 69 64.288
4 70 36.153
4 71 95.174
4 72 96.139
4 73 97.738
4 74 36.247
4 75 50.984
4 76 90.9
4 77 93.486
4 78 0.71
4 79 72.236
4 80 30.674
4 81 14.142
4 82 71.638
4 83 42.432
4 84 42.96
4 85 48.803
4 86 67.392
4 87 20.511
4 88 28.365
4 89 68.392
4 90 70.163
4 91 45.05
4 92 31.914
4 93 56.316
4 94 26.204
4 95 5.863
4 96 69.567
4 97 57.293
4 98 93.573
4 99 99.641
5 6 21.665
5 7 33.039
5 8 14.881
5 9 9.466
5 10 72.629
5 11 36.675
5 12 19.067
5 13 34.116
5 14 56.736
5 15 77.472
5 16 54.926
5 17 14.308
5 18 86.133
5 19 25.169
5 20 64.219
5 21 98.926
5 22 25.325
5 23 64.422
5 24 52.51
5 25 47.888
5 26 46.566
5 27 57.516
5 28 71.737
5 29 31.093
5 30 73.598
5 31 61.002
5 32 74.833
5 33 69.125
5 34 74.907
5 35 4.277
5 36 53.477
5 37 80.141
5 38 75.479
5 39 28.339
5 40 41.847
5 41 36.412
5 42 38.527
5 43 20.749
5 44 81.402
5 45 59.018
5 46 11.72
5 47 32.167
5 48 38.411
5 49 68.666
5 50 0.381
5 51 34.925
5 52 32.92
5 53 26.902
5 54 59.921
5 55 38.015
5 56 55.501
5 57 84.802
5 58 89.391
5 59 31.989
5 60 68.418
5 61 99.472
5 62 88.413
5 63 59.537
5 64 30.917
5 65 95.248
5 66 56.914
5 67 2.254
5 68 67.841
5 69 12.859
5 70 16.387
5 71 97.205
5 72 99.829
5 73 86.569
5 74 95.763
5 75 14.643
5 76 46.233
5 77 85.402
5 78 84.267
5 79 15.409
5 80 23.256
5 81 33.52
5 82 14.077
5 83 18.684
5 84 49.761
5 85 15.128
5 86 33.204
5 87 14.561
5 88 86.632
5 89 11.266
5 90 99.249
5 91 60.7
5 92 56.322
5 93 13.433
5 94 37.63
5 95 85.001
5 96 45.605
5 97 89.326
5 98 54.368
5 99 47.165
6 7 90.621
6 8 12.065
6 9 24.252
6 10 64.033
6 11 66.425
6 12 3.03
6 13 99.277
6 14 22.465
6 15 50.136
6 16 57.487
6 17 86.62
6 18 1.315
6 19 91.701
6 20 26.352
6 21 71.084
6 22 43.075
6 23 28.138
6 24 26.924
6 25 17.979
6 26 57.594
6 27 55.548
6 28 27.586
6 29 54.839
6 30 37.069
6 31 1.494
6 32 91.239
6 33 38.254
6 34 7.598
6 35 50.605
6 36 64.535
6 37 98.505
6 38 25.116
6 39 68.85
6 40 7.8
6 41 54.548
6 42 80.486
6 43 91.794
6 44 25.108
6 45 93.392
6 46 48.914
6 47 18.67
6 48 14.184
6 49 86.107
6 50 24.374
6 51 81.879
6 52 44.665
6 53 15.578
6 54 79.508
6 55 52.287
6 56 49.626
6 57 85.954
6 58 21.238
6 59 62.405
6 60 74.879
6 61 23.247
6 62 13.706
6 63 68.121
6 64 77.307
6 65 78.578
6 66 22.241
6 67 78.227
6 68 32.991
6 69 16.398
6 70 81.552
6 71 86.758
6 72 0.5
6 73 21.596
6 74 81.696
6 75 28.157
6 76 18.67
6 77 25.313
6 78 0.722
6 79 17.717
6 80 25.821
6 81 56.862
6 82 59.409
6 83 78.867
6 84 5.407
6 85 21.958
6 86 16.79
6 87 57.056
6 88 0.585
6 89 58.538
6 90 60.663
6 91 76.731
6 92 13.198
6 93 85.793
6 94 73.584
6 95 96.783
6 96 28.755
6 97 11.556
6 98 34.203
6 99 1.371
7 8 68.274
7 9 39.606
7 10 13.323
7 11 70.574
7 12 90.303
7 13 2.871
7 14 97.428
7 15 43.602
7 16 1.648
7 17 64.773
7 18 36.064
7 19 22.505
7 20 86.933
7 21 41.276
7 22 41.67
7 23 1.254
7 24 92.836
7 25 18.125
7 26 69.715
7 27 10.133
7 28 25.517
7 29 88.975
7 30 97.06
7 31 58.022
7 32 80.612
7 33 79.011
7 34 53.86
7 35 69.427
7 36 38.251
7 37 1.724
7 38 98.436
7 39 94.332
7 40 44.274
7 41 46.521
7 42 14.171
7 43 81.018
7 44 37.293
7 45 54.135
7 46 40.55
7 47 0.044
7 48 36.726
7 49 3.079
7 50 36.117
7 51 52.915
7 52 48.294
7 53 28.101
7 54 21.404
7 55 34.166
7 56 55.995
7 57 11.327
7 58 27.974
7 59 73.373
7 60 22.21
7 61 32.576
7 62 29.804
7 63 39.81
7 64 24.343
7 65 4.9
7 66 83.031
7 67 95.911
7 68 27.586
7 69 72.154
7 70 36.76
7 71 11.677
7 72 18.636
7 73 48.481
7 74 83.884
7 75 55.44
7 76 12.704
7 77 36.522
7 78 26.177
7 79 4.688
7 80 69.63
7 81 9.379
7 82 96.177
7 83 92.288
7 84 84.335
7 85 2.84
7 86 75.758
7 87 58.918
7 88 25.023
7 89 70.187
7 90 39.067
7 91 12.727
7 92 12.256
7 93 42.399
7 94 4.203
7 95 59.928
7 96 50.746
7 97 78.559
7 98 33.767
7 99 34.307
8 9 13.295
8 10 56.387
8 11 77.929
8 12 57.795
8 13 70.467
8 14 43.612
8 15 23.091
8 16 74.295
8 17 52.589
8 18 55.476
8 19 93.212
8 20 49.824
8 21 28.093
8 22 56.026
8 23 10.501
8 24 72.226
8 25 81.433
8 26 37.786
8 27 91.844
8 28 33.67
8 29 85.832
8 30 18.865
8 31 50.306
8 32 51.83
8 33 93.609
8 34 0.365
8 35 93.114
8 36 22.9
8 37 40.673
8 38 83.875
8 39 18.291
8 40 58.461
8 41 91.526
8 42 78.379
8 43 67.162
8 44 58.191
8 45 99.099
8 46 16.028
8 47 68.885
8 48 88.196
8 49 56.451
8 50 6.127
8 51 65.775
8 52 57.215
8 53 61.223
8 54 77.073
8 55 41.397
8 56 79.408
8 57 33.637
8 58 14.945
8 59 75.634
8 60 22.785
8 61 63.7
8 62 23.73
8 63 78.482
8 64 25.959
8 65 72.177
8 66 37.812
8 67 80.588
8 68 79.677
8 69 35.917
8 70 73.986
8 71 99.894
8 72 14.071
8 73 38.027
8 74 79.759
8 75 30.456
8 76 23.937
8 77 86.611
8 78 9.392
8 79 77.103
8 80 9.292
8 81 71.288
8 82 17.762
8 83 95.314
8 84 1.688
8 85 92.952
8 86 11.587
8 87 64.572
8 88 54.61
8 89 14.42
8 90 27.328
8 91 4.126
8 92 75.788
8 93 52.357
8 94 97.241
8 95 54.653
8 96 84.304
8 97 72.554
8 98 62.177
8 99 51.235
9 10 40.101
9 11 79.226
9 12 17.809
9 13 80.382
9 14 49.351
9 15 9.082
9 16 12.395
9 17 26.636
9 18 98.391
9 19 56.187
9 20 39.557
9 21 71.337
9 22 34.912
9 23 86.417
9 24 62.885
9 25 17.936
9 26 66.221
9 27 67.061
9 28 46.611
9 29 70.955
9 30 45.52
9 31 34.302
9 32 9.771
9 33 94.195
9 34 34.139
9 35 60.307
9 36 39.423
9 37 5.254
9 38 12.406
9 39 75.299
9 40 8.57
9 41 11.407
9 42 79.647
9 43 37.302
9 44 15.017
9 45 62.258
9 46 38.357
9 47 99.134
9 48 37.623
9 49 62.076
9 50 51.588
9 51 70.095
9 52 56.874
9 53 54.104
9 54 93.73
9 55 80.22
9 56 58.457
9 57 33.024
9 58 45.227
9 59 91.773
9 60 82.23
9 61 6.483
9 62 40.026
9 63 32.602
9 64 33.267
9 65 88.098
9 66 93.445
9 67 37.988
9 68 43.464
9 69 16.039
9 70 62.597
9 71 56.191
9 72 71.941
9 73 9.976
9 74 80.965
9 75 81.849
9 76 10.274
9 77 13.527
9 78 70.654
9 79 40.242
9 80 46.651
9 81 82.945
9 82 61.092
9 83 97.057
9 84 87.973
9 85 91.801
9 86 4.049
9 87 89.127
9 88 22.824
9 89 44.543
9 90 93.191
9 91 86.233
9 92 35.352
9 93 26.686
9 94 70.705
9 95 96.933
9 96 2.532
9 97 55.401
9 98 38.659
9 99 78.736
10 11 18.016
10 12 45.725
10 13 39.024
10 14 3.666
10 15 42.922
10 16 83.692
10 17 42.343
10 18 53.645
10 19 9.737
10 20 78.96
10 21 52.156
10 22 42.431
10 23 67.583
10 24 3.474
10 25 58.134
10 26 67.624
10 27 39.109
10 28 55.935
10 29 58.916
10 30 94.463
10 31 42.937
10 32 91.057
10 33 4.862
10 34 4.621
10 35 30.636
10 36 30.566
10 37 57.958
10 38 77.95
10 39 93.065
10 40 44.957
10 41 98.349
10 42 28.349
10 43 12.916
10 44 88.438
10 45 89.207
10 46 75.871
10 47 12.331
10 48 81.775
10 49 74.727
10 50 92.422
10 51 31.448
10 52 77.426
10 53 26.713
10 54 42.88
10 55 20.175
10 56 67.485
10 57 88.462
10 58 59.483
10 59 96.554
10 60 55.75
10 61 38.065
10 62 27.964
10 63 75.604
10 64 11.971
10 65 98.441
10 66 56.695
10 67 98.042
10 68 8.838
10 69 81.419
10 70 55.295
10 71 4.693
10 72 74.027
10 73 86.124
10 74 70.897
10 75 89.484
10 76 52.92
10 77 1.299
10 78 7.351
10 79 75.977
10 80 74.981
10 81 38.3
10 82 56.395
10 83 78.076
10 84 41.369
10 85 11.06
10 86 20.858
10 87 84.135
10 88 65.885
10 89 19.951
10 90 86.67
10 91 47.764
10 92 27.815
10 93 79.729
10 94 10.508
10 95 15.343
10 96 16.437
10 97 62.073
10 98 50.552
10 99 29.002
11 12 70.267
11 13 21.19
11 14 68.654
11 15 63.918
11 16 12.452
11 17 64.562
11 18 98.119
11 19 65.841
11 20 58.105
11 21 21.945
11 22 55.5
11 23 41.729
11 24 10.755
11 25 5.786
11 26 46.235
11 27 88.401
11 28 80.922
11 29 55.358
11 30 95.529
11 31 70.71
11 32 70.774
11 33 41.343
11 34 12.735
11 35 31.772
11 36 46.591
11 37 72.023
11 38 19.432
11 39 92.829
11 40 40.906
11 41 41.034
11 42 94.656
11 43 21.944
11 44 94.943
11 45 79.039
11 46 10.034
11 47 31.886
11 48 36.021
11 49 80.312
11 50 58.081
11 51 71.803
11 52 16.532
11 53 70.19
11 54 18.04
11 55 36.91
11 56 20.094
11 57 91.069
11 58 64.133
11 59 97.958
11 60 21.068
11 61 62.339
11 62 3.967
11 63 93.729
11 64 2.344
11 65 11.764
11 66 0.214
11 67 96.746
11 68 0.69
11 69 6.835
11 70 41.852
11 71 19.942
11 72 85.212
11 73 59.115
11 74 92.255
11 75 82.443
11 76 96.208
11 77 71.752
11 78 35.555
11 79 13.869
11 80 97.353
11 81 62.079
11 82 77.804
11 83 48.072
11 84 46.043
11 85 71.207
11 86 61.818
11 87 95.969
11 88 57.964
11 89 23.479
11 90 90.049
11 91 79.188
11 92 57.736
11 93 66.443
11 94 39.887
11 95 28.235
11 96 94.913
11 97 49.157
11 98 12.223
11 99 44.958
12 13 30.841
12 14 18.251
12 15 76.16
12 16 90.346
12 17 9.76
12 18 54.065
12 19 90.873
12 20 77.316
12 21 63.656
12 22 87.304
12 23 46.278
12 24 67.733
12 25 66.495
12 26 59.189
12 27 69.133
12 28 41.684
12 29 26.467
12 30 32.891
12 31 10.074
12 32 20.896
12 33 64.462
12 34 66.298
12 35 82.54
12 36 19.776
12 37 47.659
12 38 55.111
12 39 83.529
12 40 98.914
12 41 66.935
12 42 42.927
12 43 16.011
12 44 33.633
12 45 74.613
12 46 79.623
12 47 32.017
12 48 79.779
12 49 84.137
12 50 98.974
12 51 2.446
12 52 8.459
12 53 50.041
12 54 32.191
12 55 59.619
12 56 0.332
12 57 1.417
12 58 92.909
12 59 50.871
12 60 20.319
12 61 85.737
12 62 50.612
12 63 67.055
12 64 45.436
12 65 55.54
12 66 89.005
12 67 9.956
12 68 72.044
12 69 79.916
12 70 70.921
12 71 55.86
12 72 84.844
12 73 64.136
12 74 36.719
12 75 0.307
12 76 5.067
12 77 29.87
12 78 2.043
12 79 43.889
12 80 90.927
12 81 25.921
12 82 23.496
12 83 42.175
12 84 62.495
12 85 14.616
12 86 67.258
12 87 98.376
12 88 81.573
12 89 30.546
12 90 50.333
12 91 90.098
12 92 59.749
12 93 79.97
12 94 66.827
12 95 60.525
12 96 70.437
12 97 13.88
12 98 19.279
12 99 28.182
13 14 34.233
13 15 99.268
13 16 0.995
13 17 24.297
13 18 43.988
13 19 66.799
13 20 99.631
13 21 74.141
13 22 60.478
13 23 43.923
13 24 3.626
13 25 12.214
13 26 89.914
13 27 54.263
13 28 99.135
13 29 83.412
13 30 21.762
13 31 21.758
13 32 6.968
13 33 32.558
13 34 62.559
13 35 44.043
13 36 21.499
13 37 40.16
13 38 70.155
13 39 73.161
13 40 66.517
13 41 62.583
13 42 92.927
13 43 64.037
13 44 1.072
13 45 10.165
13 46 12.016
13 47 44.854
13 48 41.481
13 49 86.891
13 50 30.402
13 51 97.102
13 52 64.588
13 53 16.361
13 54 27.43
13 55 5.664
13 56 12.398
13 57 30.52
13 58 67.862
13 59 9.4
13 60 74.307
13 61 86.779
13 62 13.315
13 63 70.81
13 64 48.915
13 65 54.589
13 66 76.16
13 67 41.82
13 68 63.121
13 69 5.181
13 70 9.494
13 71 28.081
13 72 57.6
13 73 21.392
13 74 4.159
13 75 96.47
13 76 62.542
13 77 64.319
13 78 63.455
13 79 65.383
13 80 45.047
13 81 30.169
13 82 31.67
13 83 56.129
13 84 10.77
13 85 74.728
13 86 78.665
13 87 35.286
13 88 21.769
13 89 25.182
13 90 81.886
13 91 63.848
13 92 71.202
13 93 53.629
13 94 35.752
13 95 24.795
13 96 67.638
13 97 15.408
13 98 70.364
13 99 79.814
14 15 51.391
14 16 88.649
14 17 98.3
14 18 75.529
14 19 56.923
14 20 6.076
14 21 92.504
14 22 98.837
14 23 65.745
14 24 13.914
14 25 23.446
14 26 70.27
14 27 46.299
14 28 41.545
14 29 88.134
14 30 98.67
14 31 13.206
14 32 44.171
14 33 87.207
14 34 62.196
14 35 41.64
14 36 43.665
14 37 0.721
14 38 42.343
14 39 88.211
14 40 28.789
14 41 0.633
14 42 92.122
14 43 9.598
14 44 99.597
14 45 75.76
14 46 74.661
14 47 33.545
14 48 80.003
14 49 97.528
14 50 40.069
14 51 98.373
14 52 8.509
14 53 3.155
14 54 44.439
14 55 72.776
14 56 7.867
14 57 17.172
14 58 77.854
14 59 55.587
14 60 71.632
14 61 87.837
14 62 22.388
14 63 27.809
14 64 22.804
14 65 92.834
14 66 48.063
14 67 35.393
14 68 91.31
14 69 82.542
14 70 98.983
14 71 94.093
14 72 27.074
14 73 38.642
14 74 93.772
14 75 52.866
14 76 59.627
14 77 23.692
14 78 57.625
14 79 8.52
14 80 10.05
14 81 22.404
14 82 1.681
14 83 24.345
14 84 17.716
14 85 5.757
14 86 7.313
14 87 75.687
14 88 70.057
14 89 41.91
14 90 15.832
14 91 95.526
14 92 90.092
14 93 92.783
14 94 6.599
14 95 96.624
14 96 93.61
14 97 24.271
14 98 69.895
14 99 11.225
15 16 28.253
15 17 49.279
15 18 95.237
15 19 53.684
15 20 62.256
15 21 40.258
15 22 62.189
15 23 46.032
15 24 96.063
15 25 64.646
15 26 35.635
15 27 40.369
15 28 2.019
15 29 40.615
15 30 18.034
15 31 21.714
15 32 57.432
15 33 16.127
15 34 1.523
15 35 66.02
15 36 35.943
15 37 65.019
15 38 16.924
15 39 30.936
15 40 84.812
15 41 98.294
15 42 4.176
15 43 12.425
15 44 0.857
15 45 63.27
15 46 35.929
15 47 57.008
15 48 71.496
15 49 53.027
15 50 6.356
15 51 78.036
15 52 20.014
15 53 38.152
15 54 13.455
15 55 10.509
15 56 0.455
15 57 16.321
15 58 35.313
15 59 30.332
15 60 27.742
15 61 38.518
15 62 26.726
15 63 36.503
15 64 82.677
15 65 26.25
15 66 73.04
15 67 82.974
15 68 70.926
15 69 87.274
15 70 67.778
15 71 78.966
15 72 21.216
15 73 0.776
15 74 31.172
15 75 8.141
15 76 61.365
15 77 91.953
15 78 89.937
15 79 60.428
15 80 97.529
15 81 39.842
15 82 27.49
15 83 66.816
15 84 84.529
15 85 80.309
15 86 65.993
15 87 47.969
15 88 1.888
15 89 66.847
15 90 87.001
15 91 71.464
15 92 61.701
15 93 41.109
15 94 52.163
15 95 35.353
15 96 88.193
15 97 53.047
15 98 34.172
15 99 98.19
16 17 27.031
16 18 91.115
16 19 61.535
16 20 7.44
16 21 67.293
16 22 50.331
16 23 4.767
16 24 67.51
16 25 58.886
16 26 3.26
16 27 78.812
16 28 89.453
16 29 39.929
16 30 98.392
16 31 45.045
16 32 54.447
16 33 61.873
16 34 41.303
16 35 90.123
16 36 49.185
16 37 16.995
16 38 27.447
16 39 79.737
16 40 4.927
16 41 58.55
16 42 15.381
16 43 47.046
16 44 77.868
16 45 97.737
16 46 51.903
16 47 96.684
16 48 84.538
16 49 94.68
16 50 40.811
16 51 10.882
16 52 99.051
16 53 42.684
16 54 89.305
16 55 3.537
16 56 35.776
16 57 60.397
16 58 73.563
16 59 39.767
16 60 24.38
16 61 58.63
16 62 20.035
16 63 71.478
16 64 93.559
16 65 86.297
16 66 14.874
16 67 71.141
16 68 1.126
16 69 37.477
16 70 82.052
16 71 13.667
16 72 30.508
16 73 10.592
16 74 94.599
16 75 42.728
16 76 5.392
16 77 85.743
16 78 55.637
16 79 22.208
16 80 87.865
16 81 47.872
16 82 1.415
16 83 60.246
16 84 55.59
16 85 82.86
16 86 85.419
16 87 21.333
16 88 56.926
16 89 22.061
16 90 43.991
16 91 82.608
16 92 86.915
16 93 82.299
16 94 47.112
16 95 33.01
16 96 24.966
16 97 43.833
16 98 69.931
16 99 15.943
17 18 12.885
17 19 14.472
17 20 32.781
17 21 0.994
17 22 50.238
17 23 56.399
17 24 4.042
17 25 47.801
17 26 23.471
17 27 12.706
17 28 61.548
17 29 29.939
17 30 61.568
17 31 71.147
17 32 55.809
17 33 96.534
17 34 1.454
17 35 68.341
17 36 77.114
17 37 84.56
17 38 1.419
17 39 19.59
17 40 31.621
17 41 90.293
17 42 6.571
17 43 84.65
17 44 78.296
17 45 88.277
17 46 89.794
17 47 99.206
17 48 25.927
17 49 89.916
17 50 60.27
17 51 73.604
17 52 0.991
17 53 64.107
17 54 62.569
17 55 33.809
17 56 5.545
17 57 91.969
17 58 65.225
17 59 43.939
17 60 79.21
17 61 35.29
17 62 23.182
17 63 80.31
17 64 93.889
17 65 76.683
17 66 97.714
17 67 77.452
17 68 41.632
17 69 61.788
17 70 36.615
17 71 56.657
17 72 51.543
17 73 41.403
17 74 20.298
17 75 34.068
17 76 32.294
17 77 40.606
17 78 5.39
17 79 75.183
17 80 46.104
17 81 78.112
17 82 27.472
17 83 99.024
17 84 62.016
17 85 74.705
17 86 21.907
17 87 22.07
17 88 76.669
17 89 29.535
17 90 52.459
17 91 56.541
17 92 41.282
17 93 59.56
17 94 11.371
17 95 76.383
17 96 88.975
17 97 68.419
17 98 8.976
17 99 27.224
18 19 34.529
18 20 32.933
18 21 93.378
18 22 24.341
18 23 8.558
18 24 34.107
18 25 74.286
18 26 7.714
18 27 22.188
18 28 5.894
18 29 50.699
18 30 39.826
18 31 32.938
18 32 84.333
18 33 50.641
18 34 97.991
18 35 71.163
18 36 36.861
18 37 6.226
18 38 88.978
18 39 92.108
18 40 78.244
18 41 46.095
18 42 63.383
18 43 66.467
18 44 6.839
18 45 37.381
18 46 88.568
18 47 60.109
18 48 51.652
18 49 11.363
18 50 45.859
18 51 20.195
18 52 66.796
18 53 62.714
18 54 66.253
18 55 35.751
18 56 52.462
18 57 45.369
18 58 13.59
18 59 31.283
18 60 73.86
18 61 26.724
18 62 63.342
18 63 0.439
18 64 72.804
18 65 70.957
18 66 78.775
18 67 25.825
18 68 82.294
18 69 89.363
18 70 98.603
18 71 47.336
18 72 79.377
18 73 51.989
18 74 54.158
18 75 67.057
18 76 76.528
18 77 16.033
18 78 16.46
18 79 79.673
18 80 63.496
18 81 52.225
18 82 90.265
18 83 44.082
18 84 82.19
18 85 12.976
18 86 46.961
18 87 35.066
18 88 81.785
18 89 27.298
18 90 77.563
18 91 82.094
18 92 68.775
18 93 21.796
18 94 57.574
18 95 33.563
18 96 58.62
18 97 51.413
18 98 97.661
18 99 65.363
19 20 51.609
19 21 12.075
19 22 18.218
19 23 70.84
19 24 0.306
19 25 93.021
19 26 40.078
19 27 62.423
19 28 44.282
19 29 21.992
19 30 36.135
19 31 5.241
19 32 91.247
19 33 49.311
19 34 4.164
19 35 89.039
19 36 49.892
19 37 83.78
19 38 69.208
19 39 59.15
19 40 9.883
19 41 21.792
19 42 96.089
19 43 40.954
19 44 74.009
19 45 45.908
19 46 87.488
19 47 77.723
19 48 48.918
19 49 4.83
19 50 67.584
19 51 3.659
19 52 29.94
19 53 86.32
19 54 76.408
19 55 63.996
19 56 23.88
19 57 43.113
19 58 5.238
19 59 97.468
19 60 76.993
19 61 44.925
19 62 76.591
19 63 26.163
19 64 65.007
19 65 43.289
19 66 24.069
19 67 80.483
19 68 6.068
19 69 47.687
19 70 45.283
19 71 72.771
19 72 8.873
19 73 85.631
19 74 73.241
19 75 20.665
19 76 50.589
19 77 13.776
19 78 78.922
19 79 47.365
19 80 59.766
19 81 43.709
19 82 94.091
19 83 75.807
19 84 92.269
19 85 31.873
19 86 79.031
19 87 64.84
19 88 92.453
19 89 11.133
19 90 56.141
19 91 35.185
19 92 45.393
19 93 58.857
19 94 56.305
19 95 46.627
19 96 6.61
19 97 48.513
19 98 88.395
19 99 58.252
20 21 93.915
20 22 2.944
20 23 29.316
20 24 24.151
20 25 58.357
20 26 36.345
20 27 18.153
20 28 99.362
20 29 39.617
20 30 80.75
20 31 91.649
20 32 81.333
20 33 74.097
20 34 50.994
20 35 28.532
20 36 67.157
20 37 8.528
20 38 51.705
20 39 85.039
20 40 70.981
20 41 35.929
20 42 57.889
20 43 69.219
20 44 92.138
20 45 85.636
20 46 91.159
20 47 46.613
20 48 90.415
20 49 72.708
20 50 9.255
20 51 99.173
20 52 24.65
20 53 64.102
20 54 37.076
20 55 27.553
20 56 83.005
20 57 65.426
20 58 92.703
20 59 77.491
20 60 79.501
20 61 20.37
20 62 13.804
20 63 93.25
20 64 54.246
20 65 11.331
20 66 69.157
20 67 28.569
20 68 7.088
20 69 83.695
20 70 70.327
20 71 15.41
20 72 70.591
20 73 56.803
20 74 10.726
20 75 86.524
20 76 46.39
20 77 99.186
20 78 87.672
20 79 70.277
20 80 41.554
20 81 23.043
20 82 20.092
20 83 15.273
20 84 20.609
20 85 59.841
20 86 20.46
20 87 25.155
20 88 65.231
20 89 36.618
20 90 40.888
20 91 78.107
20 92 11.026
20 93 27.767
20 94 23.297
20 95 26.454
20 96 22.376
20 97 75.619
20 98 75.191
20 99 12.985
21 22 19.469
21 23 83.625
21 24 78.435
21 25 27.103
21 26 51.174
21 27 25.295
21 28 66.924
21 29 67.805
21 30 86.339
21 31 30.33
21 32 76.224
21 33 55.988
21 34 18.884
21 35 9.495
21 36 36.872
21 37 76.594
21 38 59.467
21 39 70.54
21 40 53.786
21 41 70.649
21 42 47.779
21 43 23.97
21 44 9.639
21 45 97.965
21 46 48.312
21 47 59.825
21 48 0.387
21 49 14.612
21 50 57.997
21 51 25.42
21 52 61.994
21 53 14.78
21 54 66.671
21 55 47.649
21 56 81.945
21 57 99.663
21 58 23.571
21 59 85.99
21 60 8.1
21 61 81.373
21 62 99.624
21 63 29.239
21 64 83.631
21 65 54.252
21 66 4.26
21 67 60.727
21 68 82.279
21 69 92.541
21 70 1.126
21 71 75.084
21 72 0.255
21 73 80.368
21 74 16.298
21 75 44.366
21 76 50.553
21 77 30.702
21 78 98.34
21 79 88.849
21 80 33.681
21 81 69.618
21 82 79.243
21 83 39.973
21 84 70.206
21 85 66.847
21 86 44.194
21 87 85.155
21 88 50.794
21 89 6.784
21 90 84.574
21 91 45.676
21 92 32.1
21 93 79.213
21 94 61.332
21 95 25.651
21 96 91.561
21 97 48.548
21 98 60.475
21 99 52.381
22 23 26.78
22 24 55.38
22 25 77.93
22 26 66.001
22 27 69.463
22 28 33.956
22 29 91.848
22 30 74.636
22 31 1.526
22 32 45.136
22 33 50.902
22 34 57.36
22 35 47.856
22 36 63.375
22 37 66.291
22 38 0.989
22 39 98.407
22 40 80.708
22 41 83.83
22 42 17.704
22 43 8.32
22 44 41.859
22 45 14.084
22 46 48.779
22 47 19.887
22 48 25.231
22 49 53.499
22 50 23.163
22 51 29.257
22 52 59.287
22 53 21.506
22 54 71.557
22 55 63.422
22 56 41.146
22 57 19.257
22 58 76.142
22 59 25.555
22 60 84.23
22 61 52.515
22 62 97.335
22 63 42.944
22 64 3.926
22 65 26.597
22 66 75.115
22 67 90.789
22 68 22.826
22 69 73.784
22 70 64.836
22 71 42.185
22 72 29.87
22 73 75.39
22 74 22.193
22 75 45.912
22 76 8.061
22 77 44.511
22 78 61.838
22 79 85.096
22 80 94.203
22 81 84.65
22 82 7.734
22 83 84.906
22 84 56.927
22 85 93.939
22 86 53.062
22 87 57.075
22 88 40.383
22 89 80.174
22 90 28.324
22 91 56.887
22 92 65.975
22 93 9.479
22 94 37.538
22 95 34.482
22 96 15.181
22 97 69.239
22 98 16.096
22 99 2.26
23 24 7.597
23 25 24.959
23 26 57.346
23 27 92.624
23 28 7.726
23 29 34.757
23 30 40.24
23 31 95.594
23 32 70.022
23 33 17.402
23 34 62.307
23 35 81.814
23 36 47.959
23 37 34.854
23 38 69.324
23 39 69.445
23 40 35.794
23 41 22.282
23 42 88.091
23 43 67.043
23 44 64.363
23 45 33.544
23 46 16.703
23 47 10.158
23 48 98.266
23 49 71.533
23 50 45.117
23 51 18.82
23 52 54.314
23 53 36.424
23 54 50.209
23 55 18.481
23 56 13.131
23 57 24.622
23 58 32.564
23 59 6.777
23 60 22.603
23 61 66.067
23 62 53.953
23 63 8.725
23 64 16.378
23 65 5.631
23 66 36.702
23 67 58.466
23 68 50.26
23 69 82.244
23 70 96.825
23 71 28.632
23 72 90.16
23 73 92.024
23 74 93.54
23 75 67.715
23 76 46.606
23 77 21.586
23 78 46.719
23 79 30.381
23 80 47.868
23 81 65.95
23 82 11.815
23 83 41.022
23 84 71.191
23 85 69.543
23 86 51.829
23 87 88.66
23 88 90.471
23 89 35.278
23 90 43.281
23 91 72.833
23 92 25.426
23 93 36.432
23 94 57.737
23 95 78.245
23 96 41.705
23 97 9.427
23 98 34.896
23 99 27.48
24 25 30.634
24 26 97.171
24 27 30.794
24 28 38.833
24 29 41.97
24 30 91.781
24 31 12.682
24 32 29.348
24 33 40.322
24 34 52.672
24 35 48.802
24 36 41.475
24 37 6.344
24 38 66.837
24 39 12.55
24 40 40.539
24 41 69.549
24 42 33.348
24 43 97.516
24 44 67.626
24 45 10.723
24 46 96.133
24 47 25.794
24 48 27.524
24 49 2.592
24 50 58.18
24 51 78.254
24 52 52.378
24 53 29.136
24 54 1.265
24 55 96.63
24 56 24.132
24 57 23.833
24 58 77.361
24 59 29.88
24 60 20.981
24 61 5.269
24 62 65.428
24 63 29.989
24 64 74.29
24 65 73.637
24 66 15.787
24 67 65.382
24 68 17.532
24 69 8.446
24 70 6.178
24 71 12.901
24 72 67.326
24 73 83.703
24 74 8.466
24 75 83.032
24 76 59.268
24 77 36.599
24 78 92.258
24 79 29.456
24 80 76.348
24 81 59.086
24 82 94.891
24 83 21.869
24 84 53.545
24 85 70.29
24 86 40.755
24 87 29.967
24 88 91.818
24 89 93.095
24 90 35.449
24 91 67.986
24 92 56.308
24 93 15.43
24 94 89.735
24 95 44.876
24 96 52.075
24 97 36.425
24 98 71.931
24 99 90.765
25 26 76.505
25 27 10.762
25 28 57.563
25 29 99.98
25 30 71.807
25 31 94.771
25 32 66.787
25 33 91.538
25 34 37.827
25 35 5.749
25 36 8.211
25 37 51.113
25 38 58.469
25 39 92.76
25 40 21.595
25 41 48.157
25 42 91.317
25 43 66.118
25 44 98.262
25 45 1.582
25 46 89.585
25 47 18.359
25 48 11.056
25 49 41.748
25 50 32.099
25 51 66.975
25 52 1.04
25 53 10.072
25 54 78.864
25 55 17.854
25 56 85.757
25 57 27.745
25 58 80.886
25 59 0.261
25 60 85.404
25 61 6.336
25 62 65.471
25 63 84.54
25 64 2.291
25 65 76.369
25 66 92.581
25 67 4.038
25 68 35.484
25 69 28.856
25 70 32.207
25 71 99.504
25 72 5.538
25 73 18.754
25 74 69.441
25 75 7.12
25 76 1.602
25 77 10.062
25 78 51.229
25 79 88.759
25 80 35.183
25 81 81.609
25 82 18.096
25 83 94.909
25 84 4.959
25 85 89.319
25 86 90.059
25 87 40.507
25 88 16.151
25 89 86.804
25 90 82.363
25 91 85.379
25 92 56.723
25 93 60.637
25 94 49.427
25 95 69.31
25 96 21.98
25 97 65.373
25 98 79.157
25 99 37.625
26 27 62.634
26 28 55.072
26 29 71.866
26 30 55.484
26 31 84.512
26 32 80.14
26 33 14.725
26 34 91.783
26 35 5.986
26 36 89.468
26 37 15.401
26 38 67.655
26 39 82.692
26 40 21.944
26 41 61.167
26 42 55.938
26 43 32.791
26 44 41.528
26 45 13.933
26 46 65.343
26 47 27.798
26 48 48.119
26 49 92.45
26 50 50.685
26 51 14.191
26 52 9.3
26 53 85.78
26 54 88.672
26 55 62.68
26 56 55.173
26 57 79.527
26 58 30.067
26 59 93.096
26 60 87.54
26 61 28.464
26 62 16.105
26 63 98.657
26 64 6.096
26 65 59.393
26 66 1.298
26 67 25.608
26 68 51.581
26 69 49.205
26 70 63.573
26 71 85.413
26 72 58.454
26 73 92.841
26 74 20.523
26 75 41.104
26 76 89.564
26 77 96.35
26 78 11.226
26 79 53.898
26 80 94.955
26 81 51.063
26 82 99.512
26 83 31.635
26 84 58.232
26 85 83.88
26 86 19.417
26 87 64.81
26 88 64.847
26 89 63.142
26 90 67.02
26 91 55.582
26 92 9.318
26 93 50.733
26 94 15.757
26 95 57.56
26 96 40.221
26 97 56.143
26 98 28.341
26 99 50.834
27 28 14.686
27 29 47.804
27 30 9.918
27 31 21.759
27 32 51.576
27 33 41.806
27 34 47.476
27 35 45.726
27 36 70.141
27 37 60.618
27 38 20.937
27 39 42.685
27 40 68.707
27 41 23.389
27 42 56.145
27 43 14.58
27 44 50.098
27 45 51.329
27 46 87.804
27 47 16.422
27 48 34.723
27 49 94.686
27 50 1.22
27 51 33.904
27 52 26.36
27 53 59.606
27 54 79.815
27 55 17.975
27 56 4.75
27 57 23.587
27 58 82.711
27 59 76.428
27 60 76.579
27 61 40.021
27 62 97.306
27 63 54.668
27 64 38.587
27 65 53.062
27 66 76.926
27 67 43.187
27 68 80.373
27 69 72.18
27 70 91.761
27 71 10.368
27 72 17.641
27 73 0.422
27 74 49.496
27 75 21.077
27 76 31.04
27 77 30.48
27 78 71.09
27 79 59.133
27 80 33.082
27 81 62.348
27 82 68.898
27 83 52.122
27 84 96.916
27 85 28.384
27 86 58.667
27 87 34.475
27 88 74.796
27 89 35.752
27 90 15.928
27 91 58.329
27 92 70.069
27 93 25.353
27 94 47.805
27 95 39.795
27 96 82.967
27 97 42.617
27 98 87.535
27 99 7.949
28 29 91.754
28 30 48.216
28 31 5.587
28 32 86.623
28 33 47.0
28 34 5.991
28 35 28.905
28 36 50.325
28 37 54.609
28 38 87.115
28 39 57.018
28 40 50.323
28 41 31.666
28 42 19.086
28 43 65.184
28 44 57.296
28 45 21.652
28 46 90.937
28 47 85.541
28 48 57.25
28 49 12.947
28 50 82.625
28 51 21.862
28 52 17.989
28 53 84.532
28 54 84.503
28 55 23.925
28 56 74.915
28 57 4.607
28 58 27.183
28 59 2.289
28 60 20.326
28 61 85.193
28 62 82.237
28 63 14.243
28 64 86.391
28 65 56.021
28 66 83.595
28 67 36.754
28 68 47.166
28 69 99.444
28 70 48.022
28 71 16.988
28 72 81.639
28 73 47.344
28 74 60.545
28 75 86.765
28 76 33.251
28 77 24.952
28 78 55.288
28 79 90.029
28 80 43.52
28 81 15.729
28 82 45.029
28 83 88.264
28 84 5.377
28 85 91.719
28 86 75.62
28 87 83.769
28 88 21.252
28 89 95.343
28 90 72.94
28 91 51.767
28 92 41.732
28 93 9.318
28 94 34.784
28 95 77.27
28 96 4.536
28 97 90.825
28 98 33.697
28 99 28.114
29 30 8.748
29 31 88.124
29 32 61.709
29 33 44.493
29 34 59.388
29 35 58.548
29 36 71.718
29 37 67.019
29 38 9.802
29 39 36.313
29 40 32.337
29 41 22.927
29 42 55.599
29 43 0.991
29 44 80.68
29 45 98.606
29 46 34.483
29 47 92.559
29 48 37.796
29 49 19.101
29 50 54.47
29 51 60.765
29 52 47.02
29 53 68.202
29 54 12.743
29 55 74.537
29 56 75.864
29 57 40.819
29 58 17.126
29 59 74.795
29 60 28.17
29 61 46.841
29 62 40.877
29 63 38.546
29 64 70.84
29 65 42.054
29 66 46.963
29 67 94.199
29 68 78.263
29 69 53.261
29 70 59.649
29 71 96.151
29 72 31.858
29 73 17.799
29 74 50.21
29 75 13.237
29 76 47.525
29 77 1.51
29 78 78.931
29 79 74.275
29 80 10.23
29 81 2.876
29 82 26.719
29 83 9.249
29 84 56.361
29 85 65.695
29 86 26.531
29 87 82.507
29 88 15.78
29 89 90.697
29 90 82.89
29 91 61.212
29 92 45.408
29 93 29.221
29 94 42.835
29 95 30.431
29 96 37.112
29 97 97.889
29 98 90.27
29 99 60.806
30 31 45.306
30 32 54.037
30 33 75.699
30 34 53.168
30 35 74.579
30 36 58.971
30 37 52.274
30 38 66.043
30 39 32.139
30 40 48.471
30 41 50.455
30 42 85.581
30 43 87.119
30 44 27.139
30 45 46.145
30 46 54.905
30 47 56.986
30 48 5.151
30 49 60.889
30 50 27.155
30 51 21.253
30 52 68.075
30 53 55.461
30 54 54.115
30 55 81.155
30 56 54.753
30 57 78.846
30 58 92.749
30 59 64.408
30 60 35.703
30 61 20.765
30 62 95.311
30 63 72.525
30 64 27.041
30 65 75.621
30 66 16.543
30 67 81.579
30 68 4.372
30 69 9.461
30 70 72.126
30 71 19.211
30 72 96.453
30 73 55.155
30 74 11.043
30 75 50.313
30 76 81.405
30 77 94.688
30 78 88.156
30 79 13.276
30 80 37.365
30 81 96.734
30 82 7.433
30 83 88.348
30 84 3.108
30 85 90.58
30 86 70.195
30 87 84.757
30 88 13.692
30 89 54.735
30 90 68.628
30 91 35.791
30 92 96.369
30 93 88.525
30 94 30.979
30 95 9.068
30 96 68.137
30 97 73.035
30 98 32.469
30 99 36.037
31 32 82.155
31 33 94.192
31 34 55.087
31 35 43.785
31 36 17.885
31 37 37.623
31 38 34.759
31 39 0.186
31 40 2.716
31 41 38.187
31 42 37.229
31 43 53.36
31 44 48.209
31 45 59.985
31 46 34.59
31 47 23.389
31 48 51.412
31 49 37.944
31 50 41.403
31 51 54.644
31 52 17.862
31 53 87.667
31 54 49.657
31 55 15.572
31 56 70.449
31 57 71.765
31 58 39.047
31 59 19.816
31 60 99.548
31 61 33.426
31 62 75.195
31 63 37.812
31 64 41.677
31 65 46.144
31 66 65.92
31 67 84.263
31 68 64.604
31 69 38.521
31 70 85.533
31 71 33.255
31 72 67.953
31 73 7.093
31 74 69.21
31 75 88.53
31 76 39.364
31 77 95.583
31 78 36.425
31 79 69.612
31 80 92.134
31 81 41.314
31 82 91.279
31 83 46.491
31 84 32.102
31 85 33.538
31 86 26.279
31 87 92.94
31 88 75.071
31 89 78.826
31 90 22.504
31 91 29.521
31 92 0.155
31 93 63.991
31 94 43.521
31 95 42.151
31 96 82.458
31 97 52.105
31 98 97.423
31 99 94.651
32 33 65.297
32 34 47.996
32 35 11.79
32 36 55.089
32 37 29.259
32 38 38.177
32 39 95.14
32 40 43.728
32 41 9.357
32 42 81.918
32 43 37.254
32 44 94.021
32 45 50.769
32 46 30.813
32 47 43.939
32 48 46.474
32 49 35.625
32 50 26.792
32 51 29.079
32 52 20.545
32 53 0.797
32 54 25.407
32 55 25.736
32 56 72.04
32 57 24.892
32 58 75.027
32 59 96.551
32 60 45.936
32 61 94.857
32 62 16.667
32 63 95.613
32 64 16.897
32 65 27.684
32 66 60.879
32 67 8.16
32 68 65.549
32 69 21.355
32 70 9.942
32 71 85.753
32 72 77.633
32 73 65.003
32 74 34.338
32 75 93.087
32 76 6.562
32 77 3.124
32 78 60.982
32 79 18.879
32 80 0.035
32 81 37.991
32 82 44.837
32 83 24.148
32 84 26.916
32 85 30.801
32 86 71.539
32 87 39.751
32 88 27.451
32 89 59.834
32 90 80.96
32 91 89.034
32 92 22.775
32 93 82.679
32 94 72.87
32 95 67.499
32 96 11.411
32 97 34.062
32 98 13.411
32 99 45.369
33 34 70.233
33 35 59.783
33 36 40.48
33 37 73.348
33 38 55.292
33 39 2.28
33 40 98.565
33 41 87.059
33 42 20.053
33 43 56.3
33 44 24.66
33 45 16.949
33 46 55.925
33 47 68.515
33 48 96.625
33 49 35.742
33 50 72.102
33 51 86.773
33 52 8.571
33 53 86.471
33 54 65.201
33 55 49.306
33 56 11.627
33 57 87.562
33 58 91.564
33 59 62.27
33 60 54.755
33 61 75.168
33 62 51.072
33 63 91.603
33 64 61.778
33 65 27.52
33 66 13.785
33 67 90.392
33 68 71.105
33 69 54.161
33 70 48.498
33 71 89.778
33 72 65.527
33 73 23.376
33 74 13.99
33 75 89.947
33 76 2.913
33 77 43.739
33 78 80.104
33 79 84.394
33 80 78.371
33 81 98.023
33 82 43.646
33 83 34.037
33 84 15.46
33 85 45.728
33 86 83.224
33 87 32.652
33 88 27.013
33 89 30.675
33 90 19.664
33 91 6.711
33 92 13.701
33 93 1.832
33 94 94.067
33 95 61.947
33 96 11.669
33 97 43.662
33 98 18.175
33 99 37.321
34 35 28.952
34 36 53.335
34 37 14.466
34 38 59.956
34 39 20.041
34 40 31.173
34 41 11.552
34 42 22.481
34 43 32.709
34 44 21.705
34 45 9.195
34 46 51.251
34 47 64.92
34 48 71.938
34 49 67.598
34 50 76.485
34 51 2.136
34 52 42.999
34 53 80.663
34 54 71.577
34 55 94.313
34 56 12.831
34 57 61.071
34 58 68.741
34 59 47.134
34 60 33.089
34 61 79.789
34 62 96.362
34 63 54.005
34 64 29.881
34 65 15.874
34 66 39.692
34 67 62.949
34 68 36.989
34 69 2.523
34 70 52.608
34 71 8.103
34 72 31.953
34 73 91.735
34 74 3.39
34 75 25.693
34 76 74.251
34 77 29.352
34 78 12.56
34 79 98.522
34 80 51.302
34 81 25.128
34 82 41.244
34 83 22.451
34 84 6.139
34 85 9.282
34 86 74.386
34 87 99.557
34 88 1.569
34 89 63.08
34 90 12.508
34 91 89.109
34 92 43.74
34 93 40.011
34 94 26.274
34 95 72.909
34 96 93.151
34 97 41.707
34 98 72.261
34 99 93.889
35 36 97.019
35 37 10.457
35 38 43.069
35 39 8.064
35 40 90.415
35 41 20.47
35 42 68.933
35 43 22.303
35 44 46.0
35 45 6.064
35 46 99.318
35 47 99.846
35 48 57.952
35 49 8.677
35 50 32.111
35 51 55.472
35 52 74.53
35 53 7.525
35 54 41.804
35 55 27.232
35 56 24.717
35 57 5.24
35 58 44.804
35 59 38.824
35 60 99.985
35 61 25.913
35 62 41.998
35 63 92.016
35 64 84.091
35 65 30.576
35 66 44.672
35 67 89.383
35 68 49.43
35 69 97.288
35 70 63.056
35 71 4.847
35 72 16.823
35 73 57.487
35 74 50.297
35 75 36.515
35 76 18.97
35 77 17.942
35 78 62.256
35 79 3.071
35 80 95.573
35 81 42.73
35 82 15.731
35 83 29.913
35 84 63.577
35 85 59.737
35 86 17.987
35 87 43.828
35 88 30.305
35 89 55.944
35 90 50.487
35 91 5.472
35 92 87.74
35 93 5.268
35 94 89.777
35 95 62.147
35 96 4.45
35 97 19.353
35 98 91.127
35 99 37.579
36 37 99.431
36 38 68.878
36 39 72.943
36 40 67.353
36 41 45.582
36 42 33.538
36 43 18.637
36 44 61.852
36 45 28.093
36 46 20.841
36 47 12.347
36 48 57.479
36 49 41.3
36 50 52.854
36 51 1.741
36 52 81.452
36 53 2.225
36 54 27.679
36 55 95.64
36 56 81.206
36 57 87.851
36 58 4.634
36 59 93.257
36 60 97.381
36 61 35.692
36 62 57.422
36 63 82.386
36 64 52.714
36 65 80.207
36 66 57.681
36 67 93.397
36 68 36.558
36 69 53.572
36 70 3.623
36 71 54.472
36 72 76.455
36 73 38.654
36 74 99.135
36 75 41.622
36 76 75.213
36 77 99.206
36 78 80.154
36 79 68.715
36 80 66.021
36 81 43.58
36 82 25.252
36 83 76.852
36 84 52.911
36 85 21.354
36 86 96.471
36 87 58.407
36 88 59.036
36 89 62.969
36 90 31.123
36 91 1.15
36 92 62.867
36 93 49.875
36 94 89.855
36 95 46.051
36 96 47.703
36 97 98.801
36 98 71.264
36 99 15.885
37 38 74.225
37 39 75.94
37 40 40.885
37 41 10.888
37 42 84.513
37 43 79.055
37 44 29.71
37 45 99.674
37 46 23.257
37 47 40.064
37 48 37.229
37 49 13.602
37 50 38.705
37 51 12.745
37 52 98.037
37 53 60.63
37 54 91.258
37 55 94.954
37 56 43.51
37 57 38.021
37 58 64.486
37 59 20.996
37 60 8.101
37 61 87.618
37 62 88.042
37 63 71.235
37 64 71.207
37 65 41.567
37 66 84.315
37 67 50.902
37 68 39.752
37 69 13.048
37 70 38.281
37 71 56.694
37 72 73.225
37 73 30.319
37 74 7.732
37 75 14.045
37 76 77.264
37 77 48.419
37 78 40.44
37 79 14.901
37 80 52.157
37 81 82.667
37 82 16.766
37 83 9.765
37 84 87.944
37 85 95.073
37 86 85.456
37 87 44.224
37 88 90.546
37 89 42.57
37 90 7.051
37 91 22.653
37 92 33.112
37 93 1.116
37 94 97.865
37 95 26.468
37 96 4.375
37 97 45.071
37 98 92.271
37 99 62.282
38 39 31.786
38 40 19.473
38 41 79.697
38 42 96.526
38 43 16.664
38 44 40.759
38 45 59.779
38 46 71.887
38 47 27.239
38 48 87.296
38 49 4.893
38 50 91.517
38 51 82.96
38 52 80.36
38 53 22.274
38 54 64.929
38 55 77.982
38 56 54.591
38 57 8.165
38 58 58.31
38 59 87.509
38 60 65.217
38 61 61.704
38 62 37.333
38 63 7.661
38 64 29.615
38 65 31.393
38 66 40.034
38 67 83.32
38 68 66.282
38 69 17.01
38 70 40.1
38 71 76.791
38 72 50.137
38 73 59.946
38 74 9.698
38 75 91.377
38 76 83.3
38 77 57.49
38 78 98.405
38 79 21.703
38 80 75.656
38 81 21.63
38 82 44.401
38 83 15.953
38 84 71.246
38 85 39.676
38 86 14.166
38 87 51.075
38 88 16.982
38 89 8.83
38 90 8.953
38 91 21.702
38 92 26.629
38 93 70.573
38 94 76.232
38 95 22.352
38 96 76.094
38 97 96.206
38 98 55.046
38 99 27.596
39 40 28.322
39 41 37.356
39 42 57.084
39 43 0.348
39 44 95.466
39 45 52.731
39 46 31.282
39 47 87.587
39 48 18.561
39 49 66.921
39 50 11.538
39 51 64.303
39 52 68.426
39 53 81.525
39 54 37.728
39 55 63.153
39 56 33.904
39 57 18.064
39 58 64.302
39 59 17.064
39 60 12.32
39 61 49.07
39 62 96.671
39 63 31.614
39 64 73.917
39 65 58.552
39 66 11.019
39 67 58.661
39 68 28.977
39 69 23.416
39 70 22.71
39 71 34.479
39 72 30.661
39 73 29.395
39 74 3.74
39 75 87.523
39 76 98.646
39 77 16.915
39 78 46.367
39 79 27.524
39 80 35.214
39 81 69.427
39 82 52.783
39 83 20.814
39 84 0.771
39 85 87.491
39 86 55.148
39 87 47.724
39 88 22.402
39 89 76.919
39 90 93.994
39 91 27.646
39 92 82.649
39 93 60.09
39 94 41.695
39 95 55.246
39 96 90.049
39 97 96.616
39 98 61.374
39 99 13.34
40 41 37.972
40 42 5.368
40 43 54.577
40 44 28.791
40 45 84.782
40 46 40.734
40 47 35.062
40 48 29.823
40 49 63.886
40 50 19.951
40 51 65.03
40 52 90.152
40 53 74.838
40 54 30.851
40 55 38.315
40 56 78.798
40 57 47.901
40 58 9.04
40 59 1.536
40 60 78.218
40 61 31.4
40 62 94.883
40 63 33.261
40 64 76.253
40 65 7.97
40 66 68.376
40 67 53.127
40 68 19.956
40 69 48.383
40 70 14.955
40 71 1.622
40 72 61.943
40 73 90.559
40 74 50.607
40 75 41.716
40 76 79.086
40 77 34.159
40 78 16.44
40 79 25.398
40 80 5.084
40 81 5.482
40 82 71.623
40 83 11.129
40 84 31.689
40 85 46.399
40 86 23.027
40 87 43.977
40 88 89.165
40 89 38.571
40 90 7.943
40 91 7.829
40 92 5.887
40 93 93.205
40 94 54.951
40 95 90.225
40 96 86.678
40 97 76.726
40 98 64.259
40 99 93.047
41 42 67.783
41 43 53.943
41 44 74.172
41 45 24.216
41 46 41.714
41 47 1.873
41 48 23.561
41 49 16.38
41 50 85.759
41 51 93.786
41 52 77.543
41 53 15.315
41 54 79.832
41 55 59.803
41 56 82.693
41 57 28.198
41 58 99.817
41 59 94.284
41 60 10.485
41 61 76.846
41 62 70.792
41 63 90.377
41 64 57.143
41 65 1.514
41 66 99.63
41 67 54.219
41 68 42.756
41 69 26.285
41 70 4.504
41 71 10.308
41 72 6.635
41 73 34.39
41 74 59.065
41 75 23.276
41 76 11.045
41 77 91.958
41 78 61.687
41 79 63.99
41 80 79.996
41 81 84.312
41 82 82.496
41 83 16.086
41 84 94.887
41 85 67.014
41 86 96.913
41 87 52.541
41 88 49.828
41 89 36.482
41 90 57.259
41 91 44.258
41 92 70.871
41 93 59.497
41 94 39.124
41 95 47.381
41 96 22.64
41 97 42.671
41 98 97.229
41 99 71.446
42 43 77.24
42 44 46.151
42 45 91.145
42 46 10.192
42 47 63.842
42 48 3.685
42 49 89.091
42 50 87.602
42 51 66.156
42 52 39.204
42 53 38.322
42 54 80.845
42 55 66.899
42 56 16.451
42 57 99.258
42 58 21.27
42 59 16.083
42 60 24.68
42 61 43.426
42 62 3.858
42 63 30.741
42 64 98.467
42 65 34.551
42 66 99.157
42 67 43.315
42 68 84.791
42 69 86.157
42 70 88.208
42 71 43.749
42 72 77.369
42 73 74.749
42 74 39.578
42 75 6.358
42 76 30.915
42 77 86.051
42 78 37.528
42 79 21.688
42 80 24.399
42 81 74.962
42 82 71.855
42 83 58.835
42 84 11.317
42 85 3.991
42 86 75.801
42 87 38.957
42 88 50.805
42 89 11.476
42 90 48.732
42 91 51.222
42 92 95.899
42 93 13.697
42 94 44.973
42 95 55.764
42 96 37.749
42 97 76.039
42 98 24.528
42 99 59.809
43 44 8.496
43 45 74.535
43 46 68.368
43 47 70.822
43 48 60.031
43 49 68.841
43 50 75.304
43 51 63.937
43 52 75.814
43 53 70.753
43 54 30.634
43 55 85.439
43 56 9.113
43 57 85.709
43 58 58.286
43 59 91.277
43 60 23.508
43 61 78.804
43 62 25.374
43 63 25.142
43 64 14.902
43 65 71.546
43 66 78.382
43 67 92.983
43 68 43.359
43 69 40.717
43 70 95.262
43 71 45.622
43 72 3.141
43 73 10.009
43 74 29.888
43 75 58.987
43 76 35.779
43 77 79.743
43 78 88.852
43 79 54.037
43 80 40.86
43 81 28.895
43 82 16.155
43 83 75.823
43 84 13.771
43 85 93.323
43 86 56.884
43 87 59.971
43 88 46.852
43 89 40.946
43 90 18.979
43 91 46.67
43 92 90.994
43 93 63.717
43 94 33.669
43 95 33.971
43 96 29.925
43 97 18.115
43 98 41.54
43 99 62.267
44 45 36.526
44 46 75.516
44 47 60.439
44 48 6.598
44 49 70.676
44 50 56.504
44 51 26.463
44 52 8.634
44 53 89.05
44 54 21.685
44 55 60.371
44 56 63.52
44 57 87.466
44 58 70.154
44 59 53.786
44 60 1.364
44 61 73.292
44 62 77.741
44 63 21.602
44 64 77.022
44 65 66.141
44 66 92.169
44 67 2.026
44 68 65.523
44 69 65.674
44 70 31.166
44 71 86.507
44 72 65.826
44 73 42.554
44 74 30.335
44 75 23.403
44 76 54.425
44 77 29.446
44 78 8.084
44 79 87.801
44 80 39.05
44 81 31.676
44 82 29.762
44 83 70.077
44 84 93.713
44 85 48.417
44 86 78.428
44 87 46.517
44 88 55.714
44 89 89.378
44 90 29.521
44 91 55.196
44 92 31.744
44 93 94.021
44 94 33.153
44 95 19.975
44 96 77.822
44 97 57.741
44 98 82.885
44 99 60.865
45 46 86.02
45 47 22.216
45 48 51.623
45 49 8.203
45 50 33.737
45 51 58.485
45 52 49.954
45 53 0.91
45 54 43.09
45 55 37.595
45 56 97.633
45 57 19.175
45 58 29.248
45 59 16.349
45 60 5.424
45 61 88.53
45 62 80.474
45 63 93.304
45 64 87.238
45 65 44.824
45 66 91.595
45 67 73.825
45 68 74.965
45 69 67.114
45 70 33.767
45 71 69.341
45 72 83.903
45 73 91.705
45 74 59.159
45 75 15.23
45 76 78.159
45 77 48.343
45 78 23.428
45 79 26.42
45 80 27.148
45 81 72.214
45 82 93.057
45 83 96.869
45 84 78.85
45 85 10.964
45 86 27.814
45 87 24.375
45 88 16.517
45 89 88.538
45 90 71.843
45 91 72.396
45 92 1.561
45 93 48.742
45 94 4.196
45 95 56.872
45 96 86.296
45 97 38.357
45 98 15.64
45 99 40.819
46 47 76.19
46 48 92.239
46 49 43.099
46 50 85.455
46 51 12.595
46 52 65.944
46 53 85.458
46 54 80.871
46 55 58.049
46 56 71.291
46 57 66.551
46 58 24.426
46 59 49.684
46 60 52.688
46 61 26.533
46 62 23.225
46 63 98.758
46 64 13.32
46 65 52.085
46 66 90.838
46 67 80.35
46 68 93.069
46 69 61.806
46 70 89.403
46 71 79.241
46 72 69.858
46 73 78.691
46 74 61.169
46 75 77.121
46 76 17.893
46 77 7.407
46 78 40.344
46 79 80.807
46 80 39.26
46 81 66.316
46 82 81.024
46 83 25.107
46 84 11.007
46 85 3.983
46 86 85.09
46 87 97.557
46 88 83.037
46 89 94.669
46 90 41.527
46 91 76.333
46 92 57.512
46 93 22.753
46 94 20.445
46 95 89.903
46 96 20.263
46 97 28.474
46 98 64.292
46 99 69.519
47 48 56.513
47 49 38.588
47 50 13.408
47 51 17.341
47 52 65.369
47 53 31.625
47 54 78.936
47 55 58.944
47 56 58.571
47 57 91.831
47 58 81.38
47 59 34.875
47 60 41.822
47 61 93.085
47 62 50.567
47 63 58.132
47 64 66.981
47 65 60.411
47 66 50.441
47 67 13.028
47 68 89.47
47 69 21.587
47 70 67.615
47 71 86.805
47 72 96.822
47 73 40.388
47 74 40.672
47 75 97.066
47 76 14.135
47 77 73.2
47 78 71.729
47 79 93.605
47 80 25.811
47 81 85.218
47 82 16.669
47 83 46.925
47 84 79.618
47 85 72.291
47 86 25.902
47 87 9.522
47 88 53.783
47 89 62.411
47 90 50.902
47 91 82.05
47 92 91.912
47 93 0.081
47 94 49.61
47 95 64.336
47 96 46.41
47 97 60.627
47 98 74.255
47 99 44.802
48 49 38.752
48 50 93.662
48 51 17.558
48 52 49.352
48 53 46.148
48 54 93.273
48 55 0.579
48 56 36.892
48 57 33.207
48 58 54.902
48 59 76.437
48 60 92.962
48 61 35.106
48 62 38.966
48 63 3.754
48 64 33.873
48 65 86.378
48 66 61.401
48 67 13.744
48 68 95.474
48 69 51.725
48 70 83.76
48 71 70.743
48 72 88.638
48 73 36.046
48 74 79.16
48 75 8.845
48 76 61.19
48 77 88.643
48 78 97.128
48 79 22.07
48 80 47.438
48 81 21.102
48 82 57.069
48 83 4.42
48 84 6.688
48 85 70.335
48 86 81.953
48 87 72.365
48 88 31.599
48 89 46.15
48 90 84.285
48 91 45.998
48 92 48.471
48 93 33.063
48 94 70.433
48 95 41.888
48 96 36.526
48 97 63.893
48 98 50.739
48 99 4.682
49 50 7.969
49 51 86.99
49 52 73.573
49 53 32.009
49 54 96.912
49 55 5.897
49 56 22.734
49 57 18.286
49 58 84.301
49 59 91.006
49 60 41.781
49 61 31.25
49 62 73.786
49 63 22.141
49 64 23.128
49 65 93.287
49 66 79.972
49 67 92.864
49 68 3.013
49 69 3.937
49 70 6.324
49 71 28.498
49 72 48.136
49 73 80.086
49 74 32.989
49 75 50.286
49 76 81.284
49 77 60.571
49 78 51.958
49 79 46.852
49 80 13.047
49 81 21.077
49 82 90.452
49 83 63.074
49 84 26.551
49 85 98.761
49 86 77.057
49 87 88.31
49 88 94.771
49 89 15.212
49 90 29.898
49 91 73.545
49 92 98.612
49 93 57.938
49 94 55.681
49 95 17.305
49 96 87.758
49 97 31.421
49 98 29.369
49 99 32.75
50 51 54.856
50 52 84.793
50 53 37.781
50 54 31.332
50 55 82.835
50 56 30.599
50 57 83.57
50 58 64.978
50 59 92.743
50 60 74.351
50 61 8.562
50 62 31.341
50 63 56.549
50 64 86.609
50 65 64.443
50 66 28.777
50 67 91.763
50 68 81.577
50 69 30.047
50 70 77.62
50 71 36.181
50 72 2.309
50 73 21.949
50 74 5.058
50 75 26.995
50 76 39.173
50 77 74.925
50 78 69.993
50 79 78.43
50 80 12.235
50 81 49.724
50 82 93.149
50 83 75.784
50 84 4.936
50 85 2.602
50 86 57.417
50 87 10.469
50 88 63.618
50 89 79.299
50 90 45.333
50 91 45.273
50 92 30.209
50 93 97.015
50 94 23.465
50 95 28.781
50 96 30.298
50 97 75.927
50 98 26.74
50 99 45.687
51 52 58.404
51 53 82.552
51 54 50.471
51 55 9.705
51 56 90.84
51 57 3.111
51 58 44.386
51 59 74.012
51 60 82.97
51 61 6.021
51 62 2.469
51 63 92.901
51 64 77.43
51 65 67.062
51 66 71.093
51 67 26.343
51 68 58.284
51 69 4.686
51 70 19.843
51 71 12.348
51 72 26.14
51 73 97.276
51 74 21.32
51 75 7.785
51 76 1.249
51 77 67.102
51 78 30.426
51 79 7.31
51 80 70.181
51 81 26.368
51 82 75.627
51 83 0.591
51 84 51.683
51 85 94.22
51 86 65.836
51 87 21.883
51 88 30.288
51 89 21.172
51 90 53.318
51 91 51.223
51 92 34.901
51 93 31.346
51 94 57.159
51 95 11.239
51 96 71.616
51 97 25.627
51 98 22.26
51 99 66.539
52 53 14.454
52 54 44.14
52 55 71.659
52 56 44.592
52 57 44.971
52 58 47.734
52 59 3.028
52 60 15.39
52 61 38.596
52 62 93.008
52 63 77.151
52 64 70.353
52 65 77.031
52 66 26.295
52 67 49.59
52 68 99.436
52 69 83.868
52 70 81.931
52 71 73.035
52 72 11.845
52 73 3.98
52 74 46.276
52 75 62.004
52 76 4.652
52 77 84.643
52 78 94.763
52 79 90.615
52 80 79.398
52 81 48.121
52 82 62.95
52 83 94.676
52 84 43.337
52 85 12.854
52 86 84.437
52 87 64.831
52 88 12.503
52 89 81.044
52 90 71.198
52 91 8.763
52 92 1.702
52 93 92.944
52 94 11.31
52 95 42.729
52 96 58.294
52 97 2.849
52 98 46.089
52 99 98.778
53 54 54.069
53 55 34.909
53 56 63.623
53 57 56.81
53 58 22.106
53 59 73.773
53 60 50.623
53 61 55.974
53 62 17.866
53 63 72.346
53 64 20.242
53 65 83.831
53 66 9.356
53 67 29.12
53 68 44.133
53 69 71.326
53 70 66.044
53 71 77.833
53 72 72.789
53 73 10.278
53 74 98.845
53 75 16.973
53 76 82.428
53 77 59.859
53 78 54.047
53 79 62.093
53 80 78.858
53 81 73.186
53 82 24.188
53 83 77.723
53 84 20.532
53 85 4.968
53 86 13.79
53 87 27.658
53 88 74.661
53 89 1.686
53 90 32.143
53 91 99.332
53 92 2.641
53 93 53.865
53 94 57.626
53 95 71.648
53 96 47.823
53 97 62.546
53 98 64.666
53 99 85.775
54 55 47.212
54 56 90.126
54 57 11.591
54 58 1.103
54 59 85.125
54 60 60.991
54 61 12.641
54 62 85.29
54 63 16.399
54 64 83.002
54 65 33.292
54 66 83.562
54 67 35.442
54 68 56.754
54 69 90.191
54 70 6.729
54 71 5.129
54 72 59.123
54 73 97.828
54 74 71.373
54 75 12.524
54 76 19.584
54 77 27.429
54 78 59.208
54 79 55.09
54 80 95.941
54 81 66.349
54 82 57.312
54 83 9.092
54 84 73.601
54 85 8.641
54 86 21.334
54 87 21.397
54 88 45.605
54 89 40.934
54 90 33.36
54 91 13.394
54 92 56.868
54 93 79.441
54 94 37.224
54 95 39.17
54 96 86.686
54 97 51.952
54 98 1.027
54 99 69.791
55 56 6.076
55 57 14.901
55 58 28.4
55 59 59.276
55 60 1.794
55 61 62.99
55 62 65.371
55 63 97.786
55 64 52.472
55 65 6.317
55 66 88.745
55 67 23.374
55 68 64.9
55 69 96.336
55 70 23.62
55 71 88.504
55 72 76.464
55 73 68.057
55 74 45.325
55 75 42.346
55 76 74.199
55 77 47.491
55 78 29.052
55 79 55.896
55 80 91.915
55 81 43.834
55 82 76.745
55 83 34.581
55 84 15.981
55 85 97.954
55 86 22.855
55 87 73.427
55 88 11.929
55 89 47.175
55 90 1.826
55 91 9.955
55 92 50.966
55 93 96.983
55 94 61.849
55 95 57.271
55 96 70.238
55 97 11.884
55 98 3.031
55 99 68.531
56 57 69.766
56 58 41.625
56 59 23.453
56 60 0.598
56 61 38.007
56 62 84.565
56 63 26.158
56 64 31.892
56 65 86.063
56 66 73.077
56 67 50.531
56 68 93.641
56 69 35.856
56 70 42.96
56 71 92.441
56 72 54.921
56 73 38.867
56 74 70.305
56 75 54.133
56 76 78.694
56 77 31.055
56 78 78.942
56 79 24.885
56 80 70.1
56 81 17.65
56 82 66.09
56 83 71.572
56 84 24.457
56 85 87.046
56 86 28.171
56 87 2.133
56 88 7.741
56 89 44.657
56 90 74.793
56 91 95.554
56 92 57.431
56 93 63.883
56 94 59.926
56 95 18.898
56 96 64.346
56 97 9.953
56 98 1.847
56 99 65.848
57 58 42.285
57 59 99.784
57 60 74.771
57 61 74.905
57 62 17.359
57 63 48.812
57 64 5.041
57 65 54.369
57 66 16.202
57 67 7.416
57 68 94.761
57 69 8.025
57 70 61.614
57 71 25.067
57 72 66.889
57 73 23.204
57 74 71.663
57 75 76.402
57 76 50.326
57 77 73.991
57 78 26.012
57 79 97.379
57 80 0.301
57 81 54.889
57 82 5.576
57 83 8.013
57 84 15.768
57 85 21.943
57 86 95.573
57 87 19.955
57 88 28.12
57 89 68.858
57 90 77.237
57 91 82.542
57 92 24.024
57 93 67.879
57 94 0.743
57 95 64.214
57 96 50.006
57 97 54.773
57 98 23.633
57 99 77.721
58 59 65.44
58 60 8.747
58 61 37.081
58 62 18.035
58 63 26.83
58 64 13.348
58 65 37.761
58 66 83.113
58 67 63.619
58 68 96.748
58 69 92.735
58 70 44.436
58 71 74.813
58 72 66.126
58 73 93.848
58 74 92.664
58 75 87.737
58 76 74.129
58 77 96.901
58 78 98.17
58 79 82.394
58 80 33.846
58 81 24.899
58 82 58.067
58 83 15.368
58 84 68.091
58 85 11.522
58 86 39.843
58 87 16.026
58 88 51.086
58 89 64.058
58 90 60.607
58 91 27.507
58 92 47.382
58 93 57.26
58 94 6.138
58 95 62.302
58 96 61.403
58 97 31.403
58 98 78.934
58 99 65.637
59 60 86.696
59 61 26.913
59 62 38.017
59 63 65.758
59 64 46.437
59 65 24.454
59 66 83.31
59 67 36.556
59 68 87.083
59 69 63.593
59 70 17.357
59 71 29.321
59 72 32.539
59 73 73.719
59 74 59.47
59 75 74.816
59 76 36.521
59 77 45.58
59 78 75.536
59 79 95.516
59 80 5.606
59 81 35.639
59 82 94.353
59 83 6.63
59 84 86.938
59 85 41.289
59 86 98.144
59 87 92.917
59 88 26.294
59 89 57.184
59 90 62.447
59 91 75.95
59 92 50.895
59 93 88.423
59 94 26.685
59 95 28.492
59 96 20.993
59 97 83.261
59 98 27.296
59 99 68.675
60 61 46.8
60 62 98.13
60 63 72.809
60 64 10.135
60 65 8.01
60 66 18.651
60 67 53.688
60 68 27.552
60 69 49.648
60 70 60.259
60 71 96.309
60 72 62.307
60 73 29.459
60 74 23.444
60 75 68.108
60 76 41.764
60 77 89.409
60 78 14.982
60 79 67.095
60 80 78.723
60 81 45.564
60 82 92.86
60 83 31.838
60 84 75.549
60 85 95.639
60 86 71.029
60 87 4.546
60 88 15.983
60 89 22.074
60 90 21.759
60 91 10.858
60 92 77.499
60 93 45.973
60 94 54.699
60 95 28.87
60 96 48.375
60 97 16.953
60 98 97.024
60 99 36.779
61 62 5.652
61 63 81.314
61 64 99.292
61 65 61.433
61 66 65.128
61 67 45.957
61 68 59.899
61 69 69.826
61 70 9.288
61 71 23.033
61 72 99.01
61 73 56.567
61 74 9.837
61 75 14.185
61 76 32.197
61 77 68.749
61 78 10.761
61 79 96.394
61 80 35.292
61 81 32.665
61 82 57.898
61 83 79.495
61 84 77.388
61 85 72.89
61 86 5.476
61 87 59.278
61 88 20.18
61 89 42.411
61 90 19.717
61 91 81.846
61 92 50.912
61 93 7.959
61 94 38.921
61 95 77.823
61 96 83.849
61 97 37.861
61 98 21.916
61 99 7.176
62 63 39.05
62 64 43.95
62 65 39.301
62 66 80.785
62 67 48.827
62 68 42.632
62 69 65.528
62 70 65.268
62 71 77.237
62 72 40.96
62 73 37.781
62 74 45.305
62 75 41.308
62 76 20.483
62 77 38.023
62 78 71.611
62 79 50.189
62 80 22.539
62 81 90.946
62 82 48.461
62 83 25.202
62 84 82.655
62 85 10.026
62 86 32.199
62 87 49.901
62 88 74.777
62 89 43.338
62 90 32.281
62 91 78.732
62 92 34.908
62 93 47.292
62 94 78.055
62 95 98.055
62 96 65.559
62 97 34.884
62 98 25.835
62 99 83.515
63 64 48.063
63 65 33.885
63 66 12.892
63 67 88.328
63 68 61.068
63 69 88.005
63 70 20.874
63 71 73.733
63 72 90.382
63 73 81.937
63 74 0.662
63 75 86.078
63 76 33.172
63 77 94.074
63 78 36.3
63 79 24.0
63 80 4.744
63 81 79.077
63 82 81.491
63 83 34.371
63 84 99.107
63 85 81.158
63 86 30.681
63 87 90.136
63 88 73.046
63 89 43.118
63 90 93.034
63 91 19.077
63 92 71.662
63 93 43.83
63 94 71.106
63 95 88.929
63 96 42.669
63 97 70.516
63 98 65.677
63 99 33.886
64 65 11.439
64 66 3.6
64 67 80.614
64 68 3.855
64 69 84.169
64 70 41.93
64 71 83.912
64 72 32.545
64 73 97.541
64 74 27.204
64 75 91.812
64 76 71.563
64 77 49.034
64 78 40.146
64 79 86.377
64 80 81.224
64 81 70.445
64 82 93.08
64 83 52.061
64 84 30.135
64 85 84.084
64 86 86.018
64 87 12.907
64 88 11.558
64 89 99.311
64 90 44.161
64 91 32.567
64 92 54.462
64 93 39.754
64 94 60.939
64 95 8.072
64 96 20.58
64 97 23.278
64 98 37.449
64 99 75.166
65 66 85.173
65 67 50.346
65 68 39.546
65 69 4.143
65 70 16.426
65 71 84.988
65 72 26.195
65 73 37.544
65 74 47.495
65 75 14.628
65 76 52.764
65 77 7.041
65 78 19.411
65 79 73.292
65 80 5.304
65 81 83.298
65 82 20.825
65 83 12.986
65 84 24.581
65 85 26.394
65 86 62.799
65 87 22.702
65 88 88.833
65 89 47.951
65 90 16.653
65 91 72.726
65 92 73.246
65 93 15.145
65 94 41.698
65 95 2.833
65 96 11.399
65 97 57.523
65 98 32.36
65 99 35.362
66 67 4.966
66 68 37.713
66 69 50.061
66 70 21.404
66 71 89.156
66 72 53.318
66 73 68.211
66 74 34.141
66 75 3.842
66 76 52.606
66 77 99.906
66 78 60.003
66 79 39.596
66 80 31.495
66 81 80.815
66 82 11.916
66 83 72.752
66 84 72.56
66 85 55.3
66 86 27.546
66 87 42.539
66 88 75.197
66 89 9.266
66 90 41.419
66 91 15.239
66 92 84.878
66 93 69.941
66 94 65.976
66 95 46.961
66 96 9.926
66 97 69.659
66 98 75.296
66 99 15.034
67 68 34.651
67 69 21.043
67 70 35.798
67 71 9.797
67 72 6.673
67 73 11.287
67 74 54.229
67 75 75.339
67 76 46.498
67 77 83.462
67 78 38.259
67 79 54.639
67 80 20.953
67 81 14.547
67 82 12.302
67 83 92.849
67 84 6.18
67 85 9.934
67 86 43.07
67 87 52.375
67 88 84.991
67 89 65.918
67 90 89.576
67 91 11.427
67 92 58.148
67 93 4.946
67 94 23.37
67 95 89.951
67 96 16.609
67 97 10.585
67 98 82.423
67 99 62.63
68 69 99.963
68 70 43.674
68 71 45.03
68 72 37.217
68 73 4.069
68 74 43.974
68 75 35.134
68 76 62.198
68 77 92.771
68 78 13.034
68 79 24.531
68 80 1.956
68 81 54.618
68 82 56.451
68 83 3.89
68 84 68.415
68 85 70.152
68 86 84.873
68 87 51.976
68 88 9.943
68 89 90.809
68 90 40.969
68 91 15.151
68 92 92.968
68 93 51.422
68 94 96.79
68 95 4.367
68 96 54.068
68 97 31.547
68 98 73.421
68 99 53.122
69 70 18.813
69 71 24.362
69 72 57.727
69 73 95.891
69 74 9.392
69 75 96.117
69 76 17.748
69 77 53.315
69 78 20.108
69 79 22.042
69 80 80.246
69 81 91.729
69 82 29.463
69 83 71.799
69 84 85.608
69 85 32.665
69 86 88.355
69 87 57.933
69 88 97.547
69 89 25.491
69 90 21.58
69 91 82.667
69 92 71.917
69 93 48.916
69 94 15.59
69 95 15.833
69 96 1.542
69 97 72.636
69 98 40.377
69 99 67.774
70 71 74.07
70 72 22.927
70 73 14.523
70 74 71.136
70 75 95.637
70 76 66.763
70 77 10.12
70 78 79.748
70 79 34.508
70 80 92.963
70 81 73.011
70 82 58.583
70 83 98.393
70 84 59.428
70 85 0.342
70 86 81.425
70 87 96.655
70 88 21.612
70 89 6.084
70 90 10.927
70 91 4.798
70 92 81.743
70 93 59.82
70 94 89.81
70 95 43.241
70 96 7.744
70 97 93.307
70 98 72.018
70 99 33.954
71 72 68.418
71 73 85.278
71 74 26.387
71 75 28.071
71 76 59.342
71 77 94.403
71 78 19.776
71 79 68.415
71 80 75.862
71 81 53.371
71 82 52.23
71 83 61.754
71 84 40.975
71 85 77.805
71 86 40.763
71 87 66.697
71 88 84.841
71 89 23.474
71 90 52.436
71 91 26.19
71 92 57.198
71 93 30.989
71 94 19.71
71 95 87.021
71 96 86.563
71 97 49.182
71 98 79.608
71 99 78.683
72 73 91.82
72 74 76.559
72 75 81.562
72 76 12.748
72 77 5.833
72 78 84.516
72 79 96.22
72 80 90.544
72 81 48.127
72 82 8.559
72 83 99.559
72 84 60.773
72 85 88.005
72 86 13.729
72 87 36.098
72 88 44.488
72 89 86.148
72 90 1.083
72 91 16.409
72 92 62.322
72 93 15.127
72 94 47.271
72 95 31.096
72 96 11.121
72 97 82.35
72 98 63.872
72 99 20.597
73 74 16.703
73 75 70.899
73 76 35.63
73 77 46.085
73 78 75.681
73 79 81.157
73 80 2.877
73 81 42.596
73 82 43.821
73 83 22.731
73 84 49.118
73 85 89.797
73 86 25.181
73 87 38.292
73 88 11.485
73 89 67.999
73 90 40.558
73 91 21.51
73 92 92.914
73 93 11.891
73 94 70.413
73 95 9.509
73 96 40.593
73 97 6.401
73 98 80.374
73 99 24.883
74 75 43.95
74 76 18.589
74 77 60.756
74 78 32.826
74 79 13.851
74 80 45.791
74 81 40.487
74 82 93.914
74 83 21.943
74 84 48.674
74 85 29.291
74 86 62.057
74 87 48.376
74 88 94.359
74 89 13.859
74 90 44.531
74 91 28.954
74 92 59.406
74 93 68.346
74 94 56.057
74 95 91.714
74 96 8.281
74 97 89.367
74 98 33.007
74 99 83.092
75 76 18.052
75 77 22.99
75 78 82.558
75 79 53.564
75 80 82.725
75 81 81.747
75 82 56.424
75 83 77.058
75 84 35.495
75 85 55.889
75 86 31.079
75 87 17.924
75 88 31.678
75 89 6.201
75 90 28.497
75 91 83.592
75 92 26.287
75 93 9.058
75 94 2.567
75 95 58.579
75 96 49.119
75 97 12.752
75 98 38.922
75 99 14.62
76 77 93.762
76 78 63.311
76 79 53.045
76 80 84.208
76 81 88.893
76 82 47.933
76 83 6.886
76 84 32.986
76 85 41.909
76 86 90.544
76 87 58.791
76 88 88.594
76 89 16.578
76 90 96.295
76 91 7.471
76 92 65.281
76 93 43.786
76 94 12.995
76 95 61.464
76 96 82.639
76 97 58.551
76 98 8.759
76 99 26.184
77 78 91.208
77 79 12.448
77 80 82.847
77 81 34.184
77 82 90.677
77 83 98.551
77 84 50.113
77 85 67.255
77 86 19.07
77 87 8.015
77 88 56.086
77 89 53.915
77 90 79.723
77 91 11.391
77 92 88.965
77 93 22.468
77 94 22.779
77 95 90.203
77 96 37.892
77 97 24.716
77 98 16.07
77 99 67.621
78 79 78.451
78 80 35.293
78 81 62.484
78 82 46.259
78 83 70.096
78 84 59.794
78 85 53.229
78 86 3.687
78 87 23.73
78 88 67.069
78 89 73.348
78 90 81.922
78 91 38.909
78 92 89.487
78 93 33.406
78 94 10.168
78 95 42.221
78 96 37.407
78 97 52.213
78 98 95.636
78 99 10.938
79 80 17.089
79 81 51.156
79 82 65.743
79 83 19.064
79 84 91.143
79 85 4.144
79 86 37.694
79 87 36.692
79 88 77.923
79 89 24.967
79 90 97.02
79 91 2.022
79 92 97.16
79 93 73.888
79 94 28.188
79 95 55.953
79 96 82.654
79 97 19.981
79 98 55.24
79 99 3.116
80 81 92.668
80 82 80.067
80 83 43.97
80 84 19.026
80 85 80.784
80 86 77.656
80 87 84.077
80 88 11.775
80 89 95.941
80 90 32.278
80 91 25.956
80 92 63.019
80 93 81.272
80 94 28.464
80 95 0.58
80 96 94.802
80 97 45.122
80 98 47.888
80 99 15.993
81 82 37.713
81 83 34.991
81 84 31.017
81 85 51.185
81 86 72.178
81 87 70.558
81 88 46.95
81 89 10.206
81 90 32.286
81 91 81.946
81 92 88.577
81 93 56.854
81 94 98.138
81 95 51.853
81 96 68.634
81 97 54.484
81 98 8.683
81 99 12.778
82 83 47.816
82 84 34.765
82 85 33.535
82 86 43.329
82 87 22.623
82 88 72.638
82 89 22.791
82 90 29.617
82 91 26.886
82 92 25.659
82 93 64.248
82 94 86.39
82 95 24.918
82 96 11.82
82 97 22.329
82 98 72.167
82 99 20.674
83 84 17.493
83 85 70.991
83 86 94.249
83 87 89.408
83 88 4.586
83 89 16.962
83 90 97.602
83 91 94.675
83 92 28.637
83 93 38.122
83 94 66.583
83 95 63.821
83 96 40.789
83 97 77.406
83 98 17.487
83 99 78.359
84 85 77.852
84 86 64.346
84 87 65.785
84 88 99.522
84 89 67.976
84 90 25.163
84 91 50.731
84 92 96.706
84 93 54.604
84 94 92.601
84 95 38.752
84 96 9.078
84 97 5.26
84 98 99.876
84 99 87.334
85 86 34.879
85 87 30.014
85 88 40.932
85 89 95.913
85 90 10.356
85 91 52.139
85 92 61.46
85 93 25.504
85 94 7.234
85 95 42.248
85 96 71.381
85 97 96.993
85 98 0.236
85 99 92.048
86 87 22.853
86 88 65.005
86 89 83.557
86 90 76.27
86 91 28.609
86 92 94.657
86 93 8.024
86 94 62.215
86 95 36.509
86 96 29.114
86 97 43.683
86 98 70.642
86 99 98.367
87 88 84.252
87 89 69.947
87 90 24.863
87 91 35.302
87 92 52.563
87 93 66.57
87 94 83.502
87 95 59.85
87 96 33.392
87 97 74.14
87 98 45.309
87 99 65.151
88 89 63.904
88 90 77.811
88 91 13.784
88 92 10.17
88 93 29.77
88 94 60.089
88 95 42.113
88 96 12.232
88 97 51.148
88 98 83.566
88 99 92.809
89 90 10.102
89 91 41.344
89 92 8.081
89 93 7.927
89 94 38.74
89 95 85.653
89 96 2.448
89 97 76.33
89 98 5.97
89 99 36.01
90 91 48.75
90 92 1.293
90 93 58.283
90 94 41.855
90 95 77.071
90 96 4.263
90 97 39.063
90 98 61.729
90 99 59.768
91 92 18.52
91 93 90.99
91 94 13.699
91 95 93.326
91 96 8.025
91 97 93.734
91 98 59.739
91 99 55.054
92 93 25.612
92 94 84.595
92 95 42.168
92 96 11.668
92 97 60.365
92 98 7.554
92 99 89.533
93 94 66.271
93 95 38.02
93 96 84.747
93 97 63.981
93 98 14.29
93 99 50.527
94 95 69.64
94 96 74.18
94 97 52.018
94 98 27.198
94 99 89.412
95 96 79.548
95 97 59.928
95 98 9.666
95 99 68.183
96 97 89.435
96 98 38.891
96 99 35.673
97 98 69.399
97 99 39.84
98 99 26.245