84
0 1 48.125
0 2 84.758
0 83 80.5
1 2 48.125
1 3 84.758
2 3 48.125
2 4 84.758
3 4 48.125
3 5 84.758
4 5 48.125
4 6 84.758
5 6 48.125
5 7 84.758
6 7 48.125
6 8 84.758
7 8 48.125
7 9 84.758
8 9 48.125
8 10 84.758
9 10 48.125
9 11 84.758
10 11 48.125
10 12 84.758
11 12 48.125
11 13 84.758
12 13 48.125
12 14 84.758
13 14 48.125
13 15 84.758
14 15 48.125
14 16 84.758
15 16 48.125
15 17 84.758
16 17 48.125
16 18 84.758
17 18 48.125
17 19 84.758
18 19 48.125
18 20 84.758
19 20 48.125
19 21 84.758
20 21 48.125
20 22 84.758
21 22 48.125
21 23 84.758
22 23 48.125
22 24 84.758
23 24 48.125
23 25 84.758
24 25 48.125
24 26 84.758
25 26 48.125
25 27 84.758
26 27 48.125
26 28 84.758
27 28 48.125
27 29 84.758
28 29 48.125
28 30 84.758
29 30 48.125
29 31 84.758
30 31 48.125
30 32 84.758
31 32 48.125
31 33 84.758
32 33 48.125
32 34 84.758
33 34 48.125
33 35 84.758
34 35 48.125
34 36 84.758
35 36 48.125
35 37 84.758
36 37 48.125
36 38 84.758
37 38 48.125
37 39 84.758
38 39 48.125
38 40 84.758
39 40 48.125
39 41 84.758
40 41 48.125
40 42 84.758
41 42 48.125
41 43 84.758
42 43 48.125
42 44 84.758
43 44 48.125
43 45 84.758
44 45 48.125
44 46 84.758
45 46 48.125
45 47 84.758
46 47 48.125
46 48 84.758
47 48 48.125
47 49 84.758
48 49 48.125
48 50 84.758
49 50 48.125
49 51 84.758
50 51 48.125
50 52 84.758
51 52 48.125
51 53 84.758
52 53 48.125
52 54 84.758
53 54 48.125
53 55 84.758
54 55 48.125
54 56 84.758
55 56 48.125
55 57 84.758
56 57 48.125
56 58 84.758
57 58 48.125
57 59 84.758
58 59 48.125
58 60 84.758
59 60 48.125
59 61 84.758
60 61 48.125
60 62 84.758
61 62 48.125
61 63 84.758
62 63 48.125
62 64 84.758
63 64 48.125
63 65 84.758
64 65 48.125
64 66 84.758
65 66 48.125
65 67 84.758
66 67 48.125
66 68 84.758
67 68 48.125
67 69 84.758
68 69 48.125
68 70 84.758
69 70 48.125
69 71 84.758
70 71 48.125
70 72 84.758
71 72 48.125
71 73 84.758
72 73 48.125
72 74 84.758
73 74 48.125
73 75 84.758
74 75 48.125
74 76 84.758
75 76 48.125
75 77 84.758
76 77 48.125
76 78 84.758
77 78 48.125
77 79 84.758
78 79 48.125
78 80 84.758
79 80 48.125
79 81 84.758
80 81 48.125
80 82 84.758
81 82 48.125
81 83 84.758