91
0 1 63
0 2 94
0 3 51
0 4 33
0 5 23
0 6 93
0 7 6
0 8 81
0 9 83
0 10 45
0 11 34
0 12 78
0 13 52
0 14 60
0 15 77
0 16 35
0 17 35
0 18 24
0 19 12
0 20 44
0 21 10
0 22 41
0 23 1
0 24 98
0 25 37
0 26 47
0 27 99
0 28 34
0 29 7
0 30 1
0 31 96
0 32 55
0 33 69
0 34 28
0 35 35
0 36 3
0 37 14
0 38 30
0 39 28
0 40 19
0 41 14
0 42 61
0 43 84
0 44 49
0 45 28
0 46 84
0 47 79
0 48 37
0 49 88
0 50 69
0 51 81
0 52 97
0 53 76
0 54 73
0 55 60
0 56 9
0 57 81
0 58 36
0 59 23
0 60 14
0 61 17
0 62 58
0 63 80
0 64 74
0 65 3
0 66 27
0 67 98
0 68 72
0 69 7
0 70 51
0 71 18
0 72 57
0 73 96
0 74 70
0 75 65
0 76 26
0 77 95
0 78 68
0 79 57
0 80 93
0 81 37
0 82 65
0 83 37
0 84 90
0 85 8
0 86 87
0 87 20
0 88 99
0 89 57
0 90 47
1 2 88
1 3 17
1 4 75
1 5 97
1 6 67
1 7 90
1 8 1
1 9 45
1 10 82
1 11 46
1 12 68
1 13 91
1 14 20
1 15 50
1 16 38
1 17 92
1 18 66
1 19 9
1 20 97
1 21 37
1 22 2
1 23 14
1 24 70
1 25 2
1 26 88
1 27 32
1 28 15
1 29 4
1 30 80
1 31 46
1 32 25
1 33 14
1 34 76
1 35 65
1 36 32
1 37 62
1 38 13
1 39 31
1 40 86
1 41 79
1 42 97
1 43 94
1 44 35
1 45 54
1 46 84
1 47 3
1 48 63
1 49 97
1 50 58
1 51 90
1 52 56
1 53 95
1 54 39
1 55 18
1 56 42
1 57 57
1 58 8
1 59 29
1 60 35
1 61 46
1 62 33
1 63 89
1 64 17
1 65 61
1 66 32
1 67 10
1 68 81
1 69 33
1 70 88
1 71 51
1 72 86
1 73 9
1 74 27
1 75 34
1 76 80
1 77 69
1 78 5
1 79 31
1 80 45
1 81 28
1 82 28
1 83 81
1 84 64
1 85 36
1 86 18
1 87 68
1 88 78
1 89 57
1 90 30
2 3 65
2 4 45
2 5 99
2 6 16
2 7 67
2 8 73
2 9 4
2 10 67
2 11 75
2 12 1
2 13 10
2 14 2
2 15 68
2 16 73
2 17 66
2 18 28
2 19 54
2 20 35
2 21 2
2 22 47
2 23 61
2 24 19
2 25 91
2 26 35
2 27 72
2 28 68
2 29 86
2 30 72
2 31 10
2 32 24
2 33 93
2 34 80
2 35 47
2 36 23
2 37 92
2 38 77
2 39 46
2 40 71
2 41 64
2 42 72
2 43 30
2 44 79
2 45 84
2 46 47
2 47 91
2 48 78
2 49 41
2 50 95
2 51 97
2 52 91
2 53 31
2 54 17
2 55 50
2 56 29
2 57 46
2 58 83
2 59 75
2 60 32
2 61 49
2 62 50
2 63 40
2 64 40
2 65 88
2 66 88
2 67 74
2 68 49
2 69 98
2 70 74
2 71 47
2 72 88
2 73 86
2 74 75
2 75 93
2 76 12
2 77 47
2 78 97
2 79 37
2 80 21
2 81 46
2 82 51
2 83 98
2 84 63
2 85 66
2 86 15
2 87 63
2 88 36
2 89 55
2 90 12
3 4 60
3 5 73
3 6 59
3 7 56
3 8 14
3 9 84
3 10 75
3 11 53
3 12 4
3 13 32
3 14 12
3 15 85
3 16 70
3 17 24
3 18 31
3 19 85
3 20 99
3 21 94
3 22 35
3 23 94
3 24 75
3 25 98
3 26 78
3 27 23
3 28 23
3 29 52
3 30 79
3 31 50
3 32 18
3 33 90
3 34 97
3 35 75
3 36 82
3 37 24
3 38 23
3 39 24
3 40 88
3 41 99
3 42 52
3 43 28
3 44 86
3 45 29
3 46 2
3 47 33
3 48 3
3 49 40
3 50 75
3 51 81
3 52 33
3 53 21
3 54 77
3 55 70
3 56 58
3 57 92
3 58 37
3 59 24
3 60 87
3 61 43
3 62 1
3 63 28
3 64 46
3 65 78
3 66 89
3 67 32
3 68 86
3 69 82
3 70 31
3 71 62
3 72 21
3 73 76
3 74 15
3 75 41
3 76 35
3 77 36
3 78 9
3 79 51
3 80 87
3 81 89
3 82 51
3 83 37
3 84 26
3 85 88
3 86 16
3 87 46
3 88 4
3 89 29
3 90 5
4 5 35
4 6 71
4 7 92
4 8 61
4 9 6
4 10 56
4 11 97
4 12 84
4 13 35
4 14 52
4 15 75
4 16 69
4 17 88
4 18 73
4 19 3
4 20 93
4 21 97
4 22 42
4 23 53
4 24 26
4 25 69
4 26 89
4 27 29
4 28 47
4 29 45
4 30 74
4 31 58
4 32 27
4 33 89
4 34 48
4 35 49
4 36 84
4 37 87
4 38 53
4 39 37
4 40 59
4 41 61
4 42 69
4 43 60
4 44 49
4 45 77
4 46 41
4 47 17
4 48 80
4 49 12
4 50 67
4 51 22
4 52 81
4 53 45
4 54 54
4 55 59
4 56 92
4 57 63
4 58 87
4 59 92
4 60 74
4 61 85
4 62 11
4 63 34
4 64 28
4 65 80
4 66 16
4 67 60
4 68 43
4 69 20
4 70 50
4 71 55
4 72 63
4 73 26
4 74 99
4 75 97
4 76 65
4 77 49
4 78 79
4 79 25
4 80 33
4 81 1
4 82 40
4 83 99
4 84 79
4 85 11
4 86 20
4 87 95
4 88 32
4 89 81
4 90 36
5 6 40
5 7 59
5 8 83
5 9 93
5 10 71
5 11 94
5 12 24
5 13 47
5 14 62
5 15 1
5 16 92
5 17 1
5 18 90
5 19 81
5 20 68
5 21 4
5 22 10
5 23 77
5 24 96
5 25 42
5 26 51
5 27 81
5 28 23
5 29 84
5 30 50
5 31 38
5 32 75
5 33 72
5 34 56
5 35 54
5 36 70
5 37 50
5 38 17
5 39 51
5 40 65
5 41 73
5 42 70
5 43 71
5 44 81
5 45 90
5 46 65
5 47 65
5 48 45
5 49 87
5 50 59
5 51 42
5 52 15
5 53 26
5 54 89
5 55 72
5 56 67
5 57 7
5 58 19
5 59 43
5 60 87
5 61 37
5 62 32
5 63 55
5 64 39
5 65 57
5 66 14
5 67 30
5 68 15
5 69 10
5 70 73
5 71 34
5 72 56
5 73 28
5 74 77
5 75 38
5 76 21
5 77 67
5 78 70
5 79 30
5 80 77
5 81 73
5 82 47
5 83 82
5 84 95
5 85 88
5 86 54
5 87 82
5 88 99
5 89 20
5 90 31
6 7 41
6 8 97
6 9 81
6 10 36
6 11 46
6 12 21
6 13 60
6 14 14
6 15 53
6 16 36
6 17 34
6 18 26
6 19 32
6 20 99
6 21 95
6 22 70
6 23 82
6 24 12
6 25 26
6 26 27
6 27 18
6 28 22
6 29 10
6 30 43
6 31 70
6 32 12
6 33 78
6 34 23
6 35 31
6 36 75
6 37 73
6 38 17
6 39 14
6 40 1
6 41 72
6 42 16
6 43 92
6 44 66
6 45 2
6 46 64
6 47 28
6 48 17
6 49 51
6 50 77
6 51 12
6 52 87
6 53 10
6 54 80
6 55 68
6 56 9
6 57 17
6 58 65
6 59 27
6 60 69
6 61 67
6 62 16
6 63 54
6 64 81
6 65 34
6 66 60
6 67 57
6 68 8
6 69 14
6 70 56
6 71 64
6 72 67
6 73 87
6 74 82
6 75 39
6 76 74
6 77 96
6 78 76
6 79 48
6 80 48
6 81 94
6 82 32
6 83 26
6 84 40
6 85 30
6 86 28
6 87 87
6 88 10
6 89 89
6 90 39
7 8 89
7 9 37
7 10 97
7 11 30
7 12 3
7 13 59
7 14 94
7 15 71
7 16 26
7 17 7
7 18 94
7 19 61
7 20 40
7 21 49
7 22 58
7 23 44
7 24 39
7 25 86
7 26 16
7 27 33
7 28 94
7 29 40
7 30 92
7 31 56
7 32 28
7 33 49
7 34 81
7 35 66
7 36 71
7 37 8
7 38 36
7 39 51
7 40 41
7 41 69
7 42 21
7 43 89
7 44 61
7 45 6
7 46 10
7 47 56
7 48 68
7 49 38
7 50 23
7 51 22
7 52 19
7 53 91
7 54 53
7 55 91
7 56 47
7 57 77
7 58 18
7 59 29
7 60 79
7 61 97
7 62 73
7 63 43
7 64 84
7 65 58
7 66 75
7 67 96
7 68 31
7 69 90
7 70 39
7 71 66
7 72 32
7 73 66
7 74 25
7 75 87
7 76 11
7 77 44
7 78 13
7 79 5
7 80 35
7 81 99
7 82 7
7 83 19
7 84 78
7 85 80
7 86 26
7 87 1
7 88 29
7 89 41
7 90 72
8 9 78
8 10 8
8 11 89
8 12 58
8 13 54
8 14 87
8 15 95
8 16 21
8 17 31
8 18 95
8 19 43
8 20 76
8 21 11
8 22 8
8 23 64
8 24 11
8 25 51
8 26 10
8 27 56
8 28 26
8 29 18
8 30 75
8 31 6
8 32 17
8 33 36
8 34 49
8 35 9
8 36 21
8 37 38
8 38 77
8 39 51
8 40 73
8 41 88
8 42 43
8 43 76
8 44 82
8 45 35
8 46 2
8 47 21
8 48 56
8 49 60
8 50 49
8 51 20
8 52 3
8 53 58
8 54 77
8 55 39
8 56 6
8 57 87
8 58 89
8 59 15
8 60 25
8 61 99
8 62 90
8 63 81
8 64 29
8 65 28
8 66 55
8 67 85
8 68 43
8 69 28
8 70 81
8 71 70
8 72 19
8 73 84
8 74 28
8 75 69
8 76 68
8 77 84
8 78 57
8 79 18
8 80 59
8 81 43
8 82 35
8 83 43
8 84 7
8 85 75
8 86 37
8 87 73
8 88 44
8 89 4
8 90 93
9 10 53
9 11 69
9 12 13
9 13 26
9 14 78
9 15 91
9 16 42
9 17 34
9 18 38
9 19 49
9 20 14
9 21 62
9 22 21
9 23 10
9 24 2
9 25 5
9 26 21
9 27 99
9 28 55
9 29 34
9 30 31
9 31 58
9 32 8
9 33 90
9 34 74
9 35 14
9 36 40
9 37 79
9 38 29
9 39 7
9 40 20
9 41 1
9 42 36
9 43 95
9 44 61
9 45 70
9 46 69
9 47 50
9 48 46
9 49 37
9 50 64
9 51 97
9 52 38
9 53 59
9 54 34
9 55 75
9 56 69
9 57 79
9 58 63
9 59 3
9 60 52
9 61 33
9 62 41
9 63 64
9 64 74
9 65 89
9 66 60
9 67 24
9 68 55
9 69 32
9 70 59
9 71 1
9 72 73
9 73 90
9 74 24
9 75 58
9 76 71
9 77 46
9 78 68
9 79 41
9 80 9
9 81 65
9 82 35
9 83 36
9 84 19
9 85 26
9 86 45
9 87 67
9 88 45
9 89 34
9 90 32
10 11 91
10 12 59
10 13 37
10 14 61
10 15 6
10 16 93
10 17 29
10 18 57
10 19 4
10 20 23
10 21 39
10 22 21
10 23 25
10 24 61
10 25 87
10 26 82
10 27 11
10 28 26
10 29 70
10 30 91
10 31 11
10 32 30
10 33 18
10 34 94
10 35 85
10 36 66
10 37 91
10 38 72
10 39 37
10 40 20
10 41 78
10 42 19
10 43 87
10 44 92
10 45 25
10 46 46
10 47 83
10 48 55
10 49 80
10 50 41
10 51 74
10 52 49
10 53 27
10 54 98
10 55 55
10 56 64
10 57 65
10 58 86
10 59 35
10 60 68
10 61 19
10 62 7
10 63 33
10 64 44
10 65 20
10 66 49
10 67 55
10 68 87
10 69 53
10 70 17
10 71 52
10 72 72
10 73 47
10 74 19
10 75 18
10 76 90
10 77 59
10 78 81
10 79 90
10 80 79
10 81 73
10 82 85
10 83 51
10 84 91
10 85 92
10 86 16
10 87 47
10 88 89
10 89 98
10 90 26
11 12 94
11 13 97
11 14 38
11 15 62
11 16 86
11 17 40
11 18 85
11 19 73
11 20 97
11 21 71
11 22 9
11 23 95
11 24 43
11 25 71
11 26 29
11 27 48
11 28 69
11 29 17
11 30 20
11 31 30
11 32 5
11 33 49
11 34 23
11 35 78
11 36 57
11 37 7
11 38 97
11 39 57
11 40 13
11 41 80
11 42 42
11 43 19
11 44 33
11 45 84
11 46 23
11 47 10
11 48 18
11 49 63
11 50 15
11 51 57
11 52 47
11 53 70
11 54 95
11 55 9
11 56 43
11 57 77
11 58 63
11 59 77
11 60 71
11 61 19
11 62 46
11 63 32
11 64 70
11 65 77
11 66 58
11 67 1
11 68 1
11 69 46
11 70 49
11 71 25
11 72 61
11 73 75
11 74 47
11 75 35
11 76 89
11 77 79
11 78 49
11 79 66
11 80 71
11 81 15
11 82 72
11 83 59
11 84 17
11 85 40
11 86 7
11 87 64
11 88 21
11 89 14
11 90 10
12 13 13
12 14 99
12 15 54
12 16 16
12 17 63
12 18 27
12 19 41
12 20 49
12 21 48
12 22 74
12 23 52
12 24 3
12 25 49
12 26 32
12 27 54
12 28 52
12 29 97
12 30 66
12 31 2
12 32 20
12 33 78
12 34 87
12 35 26
12 36 81
12 37 57
12 38 97
12 39 29
12 40 31
12 41 73
12 42 99
12 43 95
12 44 18
12 45 58
12 46 97
12 47 81
12 48 99
12 49 78
12 50 2
12 51 67
12 52 42
12 53 4
12 54 46
12 55 14
12 56 62
12 57 2
12 58 27
12 59 9
12 60 60
12 61 29
12 62 22
12 63 77
12 64 27
12 65 20
12 66 97
12 67 84
12 68 25
12 69 7
12 70 69
12 71 96
12 72 12
12 73 66
12 74 44
12 75 74
12 76 92
12 77 33
12 78 84
12 79 48
12 80 35
12 81 6
12 82 7
12 83 97
12 84 46
12 85 12
12 86 71
12 87 36
12 88 67
12 89 89
12 90 51
13 14 34
13 15 72
13 16 14
13 17 99
13 18 13
13 19 66
13 20 27
13 21 60
13 22 79
13 23 91
13 24 51
13 25 28
13 26 71
13 27 28
13 28 44
13 29 66
13 30 36
13 31 68
13 32 71
13 33 32
13 34 94
13 35 57
13 36 74
13 37 94
13 38 44
13 39 77
13 40 28
13 41 21
13 42 30
13 43 54
13 44 87
13 45 9
13 46 22
13 47 78
13 48 76
13 49 77
13 50 10
13 51 40
13 52 14
13 53 32
13 54 38
13 55 52
13 56 90
13 57 76
13 58 6
13 59 82
13 60 34
13 61 86
13 62 93
13 63 60
13 64 41
13 65 96
13 66 78
13 67 62
13 68 84
13 69 85
13 70 35
13 71 64
13 72 48
13 73 94
13 74 50
13 75 10
13 76 53
13 77 50
13 78 51
13 79 87
13 80 76
13 81 45
13 82 77
13 83 83
13 84 46
13 85 70
13 86 6
13 87 87
13 88 65
13 89 89
13 90 57
14 15 61
14 16 89
14 17 9
14 18 9
14 19 82
14 20 37
14 21 27
14 22 19
14 23 50
14 24 85
14 25 90
14 26 37
14 27 16
14 28 19
14 29 63
14 30 59
14 31 38
14 32 66
14 33 21
14 34 95
14 35 93
14 36 25
14 37 26
14 38 10
14 39 63
14 40 93
14 41 38
14 42 53
14 43 65
14 44 28
14 45 76
14 46 96
14 47 18
14 48 74
14 49 16
14 50 49
14 51 11
14 52 92
14 53 70
14 54 27
14 55 7
14 56 52
14 57 76
14 58 8
14 59 7
14 60 64
14 61 10
14 62 45
14 63 9
14 64 98
14 65 25
14 66 6
14 67 48
14 68 54
14 69 74
14 70 89
14 71 86
14 72 32
14 73 64
14 74 19
14 75 87
14 76 82
14 77 89
14 78 60
14 79 79
14 80 80
14 81 79
14 82 61
14 83 29
14 84 89
14 85 71
14 86 34
14 87 79
14 88 9
14 89 46
14 90 12
15 16 76
15 17 25
15 18 79
15 19 58
15 20 62
15 21 92
15 22 35
15 23 91
15 24 34
15 25 57
15 26 96
15 27 20
15 28 83
15 29 20
15 30 39
15 31 60
15 32 91
15 33 35
15 34 42
15 35 82
15 36 54
15 37 47
15 38 94
15 39 23
15 40 11
15 41 10
15 42 88
15 43 89
15 44 1
15 45 41
15 46 63
15 47 39
15 48 5
15 49 37
15 50 95
15 51 1
15 52 48
15 53 21
15 54 44
15 55 61
15 56 16
15 57 77
15 58 73
15 59 99
15 60 60
15 61 4
15 62 28
15 63 6
15 64 36
15 65 37
15 66 49
15 67 66
15 68 53
15 69 21
15 70 29
15 71 65
15 72 83
15 73 72
15 74 79
15 75 71
15 76 80
15 77 93
15 78 46
15 79 76
15 80 43
15 81 76
15 82 77
15 83 32
15 84 25
15 85 8
15 86 54
15 87 63
15 88 50
15 89 14
15 90 54
16 17 49
16 18 76
16 19 6
16 20 94
16 21 31
16 22 24
16 23 45
16 24 31
16 25 66
16 26 67
16 27 21
16 28 43
16 29 7
16 30 20
16 31 82
16 32 41
16 33 34
16 34 59
16 35 39
16 36 87
16 37 22
16 38 2
16 39 62
16 40 84
16 41 56
16 42 91
16 43 54
16 44 61
16 45 4
16 46 14
16 47 86
16 48 24
16 49 71
16 50 2
16 51 51
16 52 49
16 53 40
16 54 55
16 55 80
16 56 46
16 57 35
16 58 30
16 59 98
16 60 86
16 61 66
16 62 90
16 63 46
16 64 24
16 65 95
16 66 94
16 67 55
16 68 57
16 69 34
16 70 53
16 71 98
16 72 39
16 73 22
16 74 49
16 75 9
16 76 41
16 77 41
16 78 93
16 79 49
16 80 2
16 81 56
16 82 88
16 83 15
16 84 86
16 85 32
16 86 83
16 87 42
16 88 2
16 89 11
16 90 42
17 18 43
17 19 55
17 20 24
17 21 70
17 22 70
17 23 93
17 24 28
17 25 11
17 26 33
17 27 64
17 28 93
17 29 94
17 30 43
17 31 18
17 32 45
17 33 11
17 34 42
17 35 54
17 36 98
17 37 54
17 38 62
17 39 50
17 40 98
17 41 93
17 42 64
17 43 56
17 44 32
17 45 97
17 46 93
17 47 15
17 48 88
17 49 53
17 50 60
17 51 6
17 52 7
17 53 99
17 54 60
17 55 36
17 56 16
17 57 50
17 58 22
17 59 79
17 60 75
17 61 36
17 62 3
17 63 76
17 64 41
17 65 54
17 66 2
17 67 65
17 68 4
17 69 26
17 70 44
17 71 55
17 72 38
17 73 45
17 74 34
17 75 27
17 76 73
17 77 69
17 78 77
17 79 36
17 80 8
17 81 14
17 82 43
17 83 91
17 84 74
17 85 41
17 86 14
17 87 85
17 88 61
17 89 42
17 90 65
18 19 31
18 20 49
18 21 46
18 22 30
18 23 31
18 24 19
18 25 7
18 26 45
18 27 7
18 28 50
18 29 3
18 30 33
18 31 93
18 32 77
18 33 63
18 34 96
18 35 7
18 36 5
18 37 63
18 38 8
18 39 70
18 40 16
18 41 65
18 42 13
18 43 40
18 44 21
18 45 89
18 46 58
18 47 49
18 48 71
18 49 18
18 50 32
18 51 94
18 52 86
18 53 91
18 54 47
18 55 29
18 56 82
18 57 69
18 58 34
18 59 24
18 60 99
18 61 70
18 62 74
18 63 52
18 64 51
18 65 87
18 66 62
18 67 10
18 68 3
18 69 86
18 70 92
18 71 38
18 72 1
18 73 76
18 74 26
18 75 92
18 76 67
18 77 50
18 78 54
18 79 53
18 80 5
18 81 27
18 82 75
18 83 6
18 84 94
18 85 77
18 86 16
18 87 26
18 88 55
18 89 86
18 90 30
19 20 9
19 21 4
19 22 6
19 23 23
19 24 40
19 25 91
19 26 20
19 27 58
19 28 80
19 29 83
19 30 54
19 31 80
19 32 46
19 33 85
19 34 12
19 35 42
19 36 51
19 37 36
19 38 13
19 39 15
19 40 80
19 41 13
19 42 95
19 43 73
19 44 66
19 45 75
19 46 29
19 47 28
19 48 3
19 49 43
19 50 90
19 51 45
19 52 89
19 53 57
19 54 79
19 55 12
19 56 42
19 57 10
19 58 56
19 59 2
19 60 42
19 61 19
19 62 15
19 63 22
19 64 38
19 65 95
19 66 61
19 67 19
19 68 7
19 69 64
19 70 4
19 71 94
19 72 73
19 73 93
19 74 86
19 75 20
19 76 7
19 77 36
19 78 86
19 79 94
19 80 19
19 81 85
19 82 74
19 83 38
19 84 56
19 85 40
19 86 40
19 87 29
19 88 80
19 89 8
19 90 87
20 21 26
20 22 43
20 23 95
20 24 9
20 25 86
20 26 82
20 27 39
20 28 33
20 29 51
20 30 83
20 31 65
20 32 74
20 33 12
20 34 32
20 35 78
20 36 98
20 37 69
20 38 57
20 39 69
20 40 28
20 41 3
20 42 11
20 43 70
20 44 68
20 45 73
20 46 42
20 47 22
20 48 94
20 49 49
20 50 1
20 51 56
20 52 48
20 53 32
20 54 5
20 55 77
20 56 2
20 57 31
20 58 72
20 59 15
20 60 12
20 61 14
20 62 68
20 63 80
20 64 55
20 65 83
20 66 79
20 67 48
20 68 72
20 69 45
20 70 50
20 71 10
20 72 6
20 73 11
20 74 14
20 75 10
20 76 39
20 77 52
20 78 46
20 79 96
20 80 38
20 81 24
20 82 74
20 83 9
20 84 60
20 85 84
20 86 14
20 87 61
20 88 92
20 89 3
20 90 34
21 22 11
21 23 20
21 24 17
21 25 65
21 26 1
21 27 51
21 28 98
21 29 93
21 30 71
21 31 46
21 32 65
21 33 31
21 34 67
21 35 79
21 36 74
21 37 18
21 38 29
21 39 5
21 40 32
21 41 58
21 42 82
21 43 68
21 44 92
21 45 89
21 46 98
21 47 49
21 48 14
21 49 48
21 50 49
21 51 25
21 52 80
21 53 69
21 54 18
21 55 14
21 56 70
21 57 13
21 58 60
21 59 32
21 60 28
21 61 39
21 62 90
21 63 34
21 64 2
21 65 98
21 66 72
21 67 64
21 68 20
21 69 2
21 70 72
21 71 73
21 72 34
21 73 84
21 74 31
21 75 71
21 76 2
21 77 84
21 78 84
21 79 54
21 80 26
21 81 22
21 82 40
21 83 38
21 84 25
21 85 76
21 86 97
21 87 44
21 88 88
21 89 64
21 90 95
22 23 57
22 24 74
22 25 15
22 26 23
22 27 98
22 28 16
22 29 57
22 30 35
22 31 30
22 32 24
22 33 98
22 34 8
22 35 31
22 36 54
22 37 96
22 38 53
22 39 30
22 40 77
22 41 47
22 42 24
22 43 35
22 44 69
22 45 30
22 46 2
22 47 51
22 48 18
22 49 6
22 50 23
22 51 5
22 52 89
22 53 97
22 54 15
22 55 76
22 56 48
22 57 13
22 58 70
22 59 49
22 60 85
22 61 32
22 62 54
22 63 72
22 64 44
22 65 85
22 66 21
22 67 52
22 68 41
22 69 92
22 70 67
22 71 68
22 72 20
22 73 26
22 74 77
22 75 5
22 76 82
22 77 67
22 78 48
22 79 1
22 80 63
22 81 2
22 82 11
22 83 71
22 84 42
22 85 90
22 86 76
22 87 91
22 88 42
22 89 40
22 90 63
23 24 1
23 25 10
23 26 59
23 27 95
23 28 18
23 29 15
23 30 97
23 31 47
23 32 36
23 33 53
23 34 58
23 35 67
23 36 14
23 37 38
23 38 68
23 39 22
23 40 16
23 41 38
23 42 33
23 43 22
23 44 38
23 45 50
23 46 18
23 47 83
23 48 99
23 49 72
23 50 16
23 51 34
23 52 63
23 53 60
23 54 46
23 55 81
23 56 37
23 57 43
23 58 53
23 59 2
23 60 23
23 61 63
23 62 84
23 63 66
23 64 29
23 65 63
23 66 8
23 67 59
23 68 76
23 69 17
23 70 13
23 71 52
23 72 35
23 73 70
23 74 19
23 75 88
23 76 11
23 77 93
23 78 30
23 79 72
23 80 14
23 81 24
23 82 48
23 83 69
23 84 49
23 85 29
23 86 32
23 87 49
23 88 96
23 89 26
23 90 12
24 25 19
24 26 42
24 27 79
24 28 35
24 29 19
24 30 29
24 31 62
24 32 45
24 33 83
24 34 30
24 35 70
24 36 34
24 37 46
24 38 41
24 39 57
24 40 61
24 41 13
24 42 29
24 43 65
24 44 85
24 45 50
24 46 13
24 47 91
24 48 85
24 49 93
24 50 50
24 51 11
24 52 64
24 53 7
24 54 76
24 55 76
24 56 78
24 57 65
24 58 40
24 59 46
24 60 15
24 61 55
24 62 55
24 63 32
24 64 71
24 65 21
24 66 5
24 67 87
24 68 39
24 69 91
24 70 81
24 71 16
24 72 91
24 73 71
24 74 30
24 75 2
24 76 91
24 77 57
24 78 62
24 79 32
24 80 84
24 81 64
24 82 77
24 83 80
24 84 98
24 85 16
24 86 35
24 87 51
24 88 98
24 89 95
24 90 26
25 26 74
25 27 42
25 28 3
25 29 16
25 30 12
25 31 85
25 32 14
25 33 47
25 34 51
25 35 69
25 36 26
25 37 91
25 38 45
25 39 18
25 40 10
25 41 83
25 42 68
25 43 7
25 44 80
25 45 95
25 46 91
25 47 8
25 48 33
25 49 18
25 50 9
25 51 23
25 52 24
25 53 26
25 54 86
25 55 81
25 56 1
25 57 15
25 58 6
25 59 45
25 60 30
25 61 78
25 62 99
25 63 35
25 64 46
25 65 58
25 66 95
25 67 26
25 68 61
25 69 6
25 70 6
25 71 29
25 72 5
25 73 77
25 74 79
25 75 95
25 76 56
25 77 19
25 78 17
25 79 62
25 80 59
25 81 29
25 82 5
25 83 56
25 84 17
25 85 53
25 86 42
25 87 59
25 88 85
25 89 69
25 90 37
26 27 6
26 28 57
26 29 44
26 30 37
26 31 65
26 32 97
26 33 82
26 34 80
26 35 20
26 36 2
26 37 36
26 38 53
26 39 32
26 40 98
26 41 41
26 42 20
26 43 99
26 44 89
26 45 82
26 46 24
26 47 29
26 48 84
26 49 69
26 50 48
26 51 57
26 52 64
26 53 50
26 54 46
26 55 14
26 56 41
26 57 84
26 58 44
26 59 58
26 60 40
26 61 72
26 62 17
26 63 97
26 64 75
26 65 51
26 66 48
26 67 36
26 68 48
26 69 53
26 70 68
26 71 60
26 72 87
26 73 29
26 74 73
26 75 66
26 76 90
26 77 27
26 78 46
26 79 78
26 80 56
26 81 21
26 82 5
26 83 99
26 84 84
26 85 63
26 86 71
26 87 31
26 88 28
26 89 19
26 90 33
27 28 28
27 29 32
27 30 60
27 31 16
27 32 85
27 33 29
27 34 42
27 35 46
27 36 7
27 37 47
27 38 76
27 39 11
27 40 80
27 41 67
27 42 57
27 43 1
27 44 12
27 45 80
27 46 27
27 47 96
27 48 81
27 49 48
27 50 88
27 51 41
27 52 68
27 53 69
27 54 63
27 55 54
27 56 50
27 57 18
27 58 37
27 59 86
27 60 92
27 61 49
27 62 26
27 63 90
27 64 46
27 65 17
27 66 12
27 67 50
27 68 64
27 69 86
27 70 85
27 71 69
27 72 40
27 73 61
27 74 10
27 75 51
27 76 51
27 77 72
27 78 69
27 79 32
27 80 25
27 81 19
27 82 49
27 83 93
27 84 7
27 85 54
27 86 65
27 87 85
27 88 19
27 89 21
27 90 18
28 29 6
28 30 48
28 31 8
28 32 91
28 33 82
28 34 99
28 35 59
28 36 80
28 37 74
28 38 23
28 39 61
28 40 83
28 41 2
28 42 28
28 43 30
28 44 91
28 45 97
28 46 10
28 47 84
28 48 55
28 49 64
28 50 55
28 51 14
28 52 94
28 53 25
28 54 74
28 55 72
28 56 27
28 57 6
28 58 39
28 59 65
28 60 55
28 61 58
28 62 79
28 63 85
28 64 43
28 65 27
28 66 60
28 67 59
28 68 32
28 69 62
28 70 83
28 71 59
28 72 5
28 73 39
28 74 38
28 75 31
28 76 34
28 77 4
28 78 40
28 79 18
28 80 85
28 81 91
28 82 20
28 83 57
28 84 28
28 85 55
28 86 70
28 87 27
28 88 40
28 89 25
28 90 3
29 30 13
29 31 95
29 32 2
29 33 57
29 34 83
29 35 42
29 36 55
29 37 57
29 38 23
29 39 93
29 40 94
29 41 38
29 42 66
29 43 82
29 44 70
29 45 91
29 46 78
29 47 44
29 48 78
29 49 78
29 50 76
29 51 2
29 52 77
29 53 28
29 54 90
29 55 22
29 56 77
29 57 78
29 58 56
29 59 1
29 60 28
29 61 92
29 62 79
29 63 42
29 64 35
29 65 85
29 66 62
29 67 78
29 68 81
29 69 74
29 70 17
29 71 56
29 72 93
29 73 76
29 74 84
29 75 32
29 76 40
29 77 75
29 78 5
29 79 55
29 80 1
29 81 5
29 82 53
29 83 38
29 84 59
29 85 67
29 86 24
29 87 94
29 88 56
29 89 58
29 90 74
30 31 39
30 32 47
30 33 37
30 34 39
30 35 21
30 36 1
30 37 76
30 38 82
30 39 98
30 40 57
30 41 53
30 42 50
30 43 44
30 44 95
30 45 43
30 46 28
30 47 55
30 48 65
30 49 40
30 50 97
30 51 30
30 52 12
30 53 5
30 54 75
30 55 6
30 56 91
30 57 98
30 58 12
30 59 80
30 60 71
30 61 38
30 62 88
30 63 81
30 64 23
30 65 95
30 66 45
30 67 62
30 68 30
30 69 45
30 70 21
30 71 95
30 72 68
30 73 37
30 74 59
30 75 47
30 76 20
30 77 12
30 78 48
30 79 44
30 80 74
30 81 23
30 82 36
30 83 70
30 84 23
30 85 33
30 86 21
30 87 34
30 88 48
30 89 58
30 90 56
31 32 4
31 33 85
31 34 50
31 35 91
31 36 23
31 37 88
31 38 62
31 39 41
31 40 90
31 41 15
31 42 94
31 43 35
31 44 74
31 45 51
31 46 66
31 47 62
31 48 34
31 49 23
31 50 71
31 51 88
31 52 16
31 53 79
31 54 39
31 55 95
31 56 18
31 57 42
31 58 98
31 59 73
31 60 29
31 61 61
31 62 13
31 63 26
31 64 62
31 65 95
31 66 66
31 67 63
31 68 58
31 69 83
31 70 64
31 71 30
31 72 82
31 73 51
31 74 18
31 75 19
31 76 72
31 77 91
31 78 41
31 79 60
31 80 13
31 81 32
31 82 82
31 83 84
31 84 79
31 85 64
31 86 35
31 87 28
31 88 64
31 89 65
31 90 82
32 33 44
32 34 80
32 35 51
32 36 76
32 37 78
32 38 51
32 39 64
32 40 74
32 41 50
32 42 54
32 43 1
32 44 61
32 45 5
32 46 56
32 47 22
32 48 43
32 49 14
32 50 75
32 51 55
32 52 46
32 53 82
32 54 40
32 55 72
32 56 90
32 57 49
32 58 66
32 59 15
32 60 90
32 61 45
32 62 96
32 63 88
32 64 15
32 65 7
32 66 13
32 67 39
32 68 41
32 69 20
32 70 24
32 71 25
32 72 55
32 73 10
32 74 66
32 75 53
32 76 20
32 77 84
32 78 87
32 79 87
32 80 78
32 81 21
32 82 25
32 83 50
32 84 53
32 85 70
32 86 85
32 87 6
32 88 28
32 89 44
32 90 77
33 34 49
33 35 24
33 36 79
33 37 58
33 38 80
33 39 73
33 40 8
33 41 41
33 42 82
33 43 89
33 44 73
33 45 20
33 46 91
33 47 61
33 48 29
33 49 94
33 50 54
33 51 65
33 52 96
33 53 86
33 54 34
33 55 46
33 56 98
33 57 36
33 58 11
33 59 2
33 60 82
33 61 68
33 62 11
33 63 24
33 64 64
33 65 88
33 66 25
33 67 53
33 68 2
33 69 28
33 70 99
33 71 32
33 72 39
33 73 35
33 74 59
33 75 12
33 76 93
33 77 59
33 78 41
33 79 46
33 80 87
33 81 99
33 82 63
33 83 83
33 84 40
33 85 85
33 86 21
33 87 48
33 88 67
33 89 25
33 90 26
34 35 2
34 36 97
34 37 57
34 38 5
34 39 82
34 40 15
34 41 49
34 42 85
34 43 84
34 44 63
34 45 23
34 46 94
34 47 69
34 48 39
34 49 45
34 50 18
34 51 25
34 52 58
34 53 46
34 54 43
34 55 76
34 56 85
34 57 74
34 58 7
34 59 49
34 60 37
34 61 9
34 62 10
34 63 86
34 64 20
34 65 99
34 66 17
34 67 79
34 68 71
34 69 44
34 70 55
34 71 55
34 72 57
34 73 84
34 74 58
34 75 26
34 76 83
34 77 67
34 78 5
34 79 64
34 80 4
34 81 82
34 82 86
34 83 57
34 84 44
34 85 22
34 86 32
34 87 32
34 88 83
34 89 72
34 90 28
35 36 19
35 37 26
35 38 56
35 39 83
35 40 35
35 41 34
35 42 72
35 43 68
35 44 80
35 45 38
35 46 14
35 47 57
35 48 90
35 49 60
35 50 92
35 51 39
35 52 56
35 53 20
35 54 4
35 55 93
35 56 15
35 57 23
35 58 29
35 59 82
35 60 74
35 61 10
35 62 89
35 63 99
35 64 40
35 65 13
35 66 3
35 67 65
35 68 17
35 69 20
35 70 55
35 71 9
35 72 60
35 73 21
35 74 48
35 75 49
35 76 26
35 77 38
35 78 98
35 79 92
35 80 74
35 81 76
35 82 63
35 83 53
35 84 58
35 85 27
35 86 17
35 87 76
35 88 63
35 89 28
35 90 41
36 37 40
36 38 47
36 39 82
36 40 71
36 41 49
36 42 36
36 43 46
36 44 83
36 45 23
36 46 47
36 47 26
36 48 55
36 49 4
36 50 15
36 51 99
36 52 7
36 53 1
36 54 17
36 55 71
36 56 48
36 57 37
36 58 53
36 59 11
36 60 52
36 61 16
36 62 52
36 63 70
36 64 85
36 65 11
36 66 78
36 67 98
36 68 38
36 69 37
36 70 80
36 71 40
36 72 19
36 73 69
36 74 95
36 75 88
36 76 99
36 77 26
36 78 37
36 79 7
36 80 50
36 81 47
36 82 70
36 83 10
36 84 13
36 85 33
36 86 21
36 87 21
36 88 39
36 89 31
36 90 21
37 38 78
37 39 36
37 40 36
37 41 72
37 42 81
37 43 94
37 44 60
37 45 77
37 46 5
37 47 89
37 48 54
37 49 40
37 50 37
37 51 89
37 52 26
37 53 80
37 54 97
37 55 18
37 56 93
37 57 70
37 58 25
37 59 82
37 60 44
37 61 11
37 62 71
37 63 66
37 64 55
37 65 24
37 66 44
37 67 87
37 68 60
37 69 50
37 70 89
37 71 78
37 72 16
37 73 83
37 74 89
37 75 59
37 76 65
37 77 26
37 78 78
37 79 85
37 80 25
37 81 9
37 82 61
37 83 7
37 84 86
37 85 72
37 86 34
37 87 98
37 88 28
37 89 71
37 90 42
38 39 82
38 40 20
38 41 84
38 42 88
38 43 38
38 44 47
38 45 44
38 46 23
38 47 70
38 48 27
38 49 33
38 50 88
38 51 25
38 52 79
38 53 63
38 54 1
38 55 41
38 56 1
38 57 15
38 58 31
38 59 34
38 60 95
38 61 65
38 62 37
38 63 65
38 64 87
38 65 91
38 66 35
38 67 66
38 68 65
38 69 22
38 70 70
38 71 84
38 72 99
38 73 74
38 74 52
38 75 33
38 76 95
38 77 92
38 78 10
38 79 42
38 80 99
38 81 8
38 82 33
38 83 42
38 84 67
38 85 3
38 86 62
38 87 91
38 88 18
38 89 41
38 90 79
39 40 63
39 41 51
39 42 27
39 43 71
39 44 35
39 45 18
39 46 78
39 47 8
39 48 51
39 49 69
39 50 38
39 51 13
39 52 59
39 53 75
39 54 26
39 55 57
39 56 78
39 57 36
39 58 90
39 59 25
39 60 10
39 61 28
39 62 33
39 63 19
39 64 94
39 65 50
39 66 10
39 67 10
39 68 85
39 69 44
39 70 93
39 71 35
39 72 90
39 73 16
39 74 16
39 75 67
39 76 89
39 77 87
39 78 8
39 79 92
39 80 18
39 81 85
39 82 7
39 83 62
39 84 65
39 85 79
39 86 81
39 87 82
39 88 77
39 89 73
39 90 9
40 41 61
40 42 43
40 43 35
40 44 26
40 45 55
40 46 72
40 47 26
40 48 11
40 49 61
40 50 92
40 51 49
40 52 54
40 53 80
40 54 49
40 55 41
40 56 48
40 57 80
40 58 32
40 59 53
40 60 87
40 61 90
40 62 65
40 63 20
40 64 22
40 65 13
40 66 4
40 67 69
40 68 20
40 69 29
40 70 70
40 71 56
40 72 82
40 73 8
40 74 66
40 75 8
40 76 83
40 77 17
40 78 61
40 79 36
40 80 98
40 81 25
40 82 28
40 83 11
40 84 66
40 85 36
40 86 85
40 87 51
40 88 22
40 89 94
40 90 49
41 42 73
41 43 78
41 44 87
41 45 35
41 46 84
41 47 74
41 48 34
41 49 83
41 50 97
41 51 38
41 52 81
41 53 14
41 54 4
41 55 39
41 56 42
41 57 13
41 58 92
41 59 36
41 60 55
41 61 38
41 62 30
41 63 49
41 64 79
41 65 54
41 66 60
41 67 28
41 68 93
41 69 91
41 70 62
41 71 14
41 72 10
41 73 88
41 74 95
41 75 86
41 76 34
41 77 19
41 78 97
41 79 83
41 80 86
41 81 12
41 82 26
41 83 61
41 84 93
41 85 55
41 86 43
41 87 45
41 88 6
41 89 87
41 90 97
42 43 42
42 44 18
42 45 20
42 46 48
42 47 89
42 48 48
42 49 27
42 50 89
42 51 78
42 52 35
42 53 78
42 54 8
42 55 33
42 56 3
42 57 52
42 58 31
42 59 54
42 60 6
42 61 3
42 62 71
42 63 92
42 64 90
42 65 16
42 66 89
42 67 44
42 68 38
42 69 36
42 70 23
42 71 23
42 72 94
42 73 46
42 74 54
42 75 23
42 76 7
42 77 61
42 78 2
42 79 84
42 80 12
42 81 1
42 82 71
42 83 29
42 84 9
42 85 48
42 86 13
42 87 86
42 88 39
42 89 46
42 90 82
43 44 98
43 45 19
43 46 39
43 47 8
43 48 47
43 49 10
43 50 65
43 51 87
43 52 68
43 53 73
43 54 83
43 55 11
43 56 92
43 57 6
43 58 86
43 59 76
43 60 36
43 61 93
43 62 16
43 63 43
43 64 10
43 65 3
43 66 25
43 67 19
43 68 84
43 69 21
43 70 1
43 71 99
43 72 25
43 73 63
43 74 80
43 75 58
43 76 38
43 77 79
43 78 61
43 79 88
43 80 27
43 81 27
43 82 59
43 83 88
43 84 94
43 85 90
43 86 83
43 87 22
43 88 37
43 89 29
43 90 1
44 45 70
44 46 33
44 47 24
44 48 83
44 49 46
44 50 17
44 51 52
44 52 57
44 53 42
44 54 74
44 55 68
44 56 56
44 57 27
44 58 76
44 59 54
44 60 35
44 61 72
44 62 21
44 63 41
44 64 88
44 65 43
44 66 96
44 67 44
44 68 51
44 69 30
44 70 55
44 71 78
44 72 86
44 73 97
44 74 41
44 75 15
44 76 41
44 77 95
44 78 63
44 79 36
44 80 49
44 81 51
44 82 34
44 83 26
44 84 82
44 85 67
44 86 59
44 87 73
44 88 80
44 89 58
44 90 53
45 46 37
45 47 93
45 48 56
45 49 65
45 50 29
45 51 16
45 52 34
45 53 89
45 54 14
45 55 34
45 56 72
45 57 15
45 58 41
45 59 46
45 60 28
45 61 58
45 62 42
45 63 39
45 64 54
45 65 51
45 66 31
45 67 69
45 68 64
45 69 57
45 70 81
45 71 40
45 72 53
45 73 24
45 74 36
45 75 7
45 76 20
45 77 49
45 78 47
45 79 89
45 80 51
45 81 97
45 82 19
45 83 29
45 84 78
45 85 90
45 86 37
45 87 10
45 88 10
45 89 6
45 90 56
46 47 88
46 48 19
46 49 27
46 50 55
46 51 74
46 52 30
46 53 30
46 54 26
46 55 18
46 56 36
46 57 72
46 58 64
46 59 49
46 60 51
46 61 54
46 62 72
46 63 39
46 64 94
46 65 42
46 66 1
46 67 12
46 68 67
46 69 21
46 70 60
46 71 64
46 72 14
46 73 95
46 74 8
46 75 37
46 76 91
46 77 45
46 78 93
46 79 61
46 80 54
46 81 15
46 82 52
46 83 87
46 84 5
46 85 13
46 86 42
46 87 17
46 88 90
46 89 3
46 90 52
47 48 11
47 49 77
47 50 83
47 51 83
47 52 45
47 53 46
47 54 32
47 55 62
47 56 92
47 57 9
47 58 80
47 59 65
47 60 73
47 61 53
47 62 59
47 63 27
47 64 52
47 65 74
47 66 45
47 67 85
47 68 27
47 69 93
47 70 7
47 71 15
47 72 31
47 73 97
47 74 78
47 75 73
47 76 30
47 77 45
47 78 75
47 79 2
47 80 70
47 81 90
47 82 19
47 83 48
47 84 97
47 85 9
47 86 4
47 87 46
47 88 64
47 89 15
47 90 44
48 49 34
48 50 21
48 51 72
48 52 13
48 53 35
48 54 92
48 55 75
48 56 22
48 57 42
48 58 94
48 59 22
48 60 85
48 61 62
48 62 74
48 63 41
48 64 2
48 65 84
48 66 37
48 67 5
48 68 92
48 69 56
48 70 99
48 71 70
48 72 10
48 73 29
48 74 81
48 75 92
48 76 33
48 77 2
48 78 21
48 79 32
48 80 64
48 81 78
48 82 55
48 83 84
48 84 80
48 85 4
48 86 50
48 87 18
48 88 68
48 89 47
48 90 31
49 50 41
49 51 4
49 52 45
49 53 15
49 54 60
49 55 60
49 56 53
49 57 83
49 58 55
49 59 31
49 60 6
49 61 12
49 62 60
49 63 29
49 64 58
49 65 12
49 66 79
49 67 31
49 68 24
49 69 41
49 70 79
49 71 60
49 72 6
49 73 8
49 74 18
49 75 72
49 76 60
49 77 4
49 78 75
49 79 44
49 80 69
49 81 98
49 82 76
49 83 47
49 84 51
49 85 29
49 86 85
49 87 83
49 88 72
49 89 88
49 90 85
50 51 80
50 52 47
50 53 76
50 54 33
50 55 36
50 56 74
50 57 44
50 58 33
50 59 46
50 60 86
50 61 67
50 62 83
50 63 13
50 64 77
50 65 53
50 66 52
50 67 35
50 68 68
50 69 53
50 70 88
50 71 20
50 72 25
50 73 2
50 74 2
50 75 65
50 76 79
50 77 6
50 78 86
50 79 17
50 80 38
50 81 15
50 82 19
50 83 81
50 84 88
50 85 90
50 86 88
50 87 49
50 88 85
50 89 31
50 90 20
51 52 24
51 53 28
51 54 21
51 55 69
51 56 27
51 57 72
51 58 64
51 59 72
51 60 2
51 61 4
51 62 59
51 63 4
51 64 82
51 65 22
51 66 39
51 67 19
51 68 56
51 69 94
51 70 34
51 71 48
51 72 83
51 73 41
51 74 1
51 75 53
51 76 29
51 77 67
51 78 88
51 79 78
51 80 41
51 81 54
51 82 93
51 83 1
51 84 11
51 85 94
51 86 32
51 87 67
51 88 31
51 89 2
51 90 5
52 53 67
52 54 5
52 55 42
52 56 42
52 57 91
52 58 87
52 59 21
52 60 52
52 61 44
52 62 18
52 63 12
52 64 96
52 65 92
52 66 25
52 67 44
52 68 70
52 69 20
52 70 84
52 71 74
52 72 29
52 73 11
52 74 56
52 75 93
52 76 50
52 77 96
52 78 14
52 79 84
52 80 19
52 81 27
52 82 49
52 83 38
52 84 61
52 85 27
52 86 12
52 87 41
52 88 44
52 89 36
52 90 12
53 54 34
53 55 88
53 56 70
53 57 65
53 58 54
53 59 70
53 60 29
53 61 51
53 62 22
53 63 27
53 64 47
53 65 64
53 66 20
53 67 12
53 68 9
53 69 40
53 70 22
53 71 20
53 72 58
53 73 3
53 74 24
53 75 45
53 76 57
53 77 34
53 78 62
53 79 71
53 80 23
53 81 7
53 82 89
53 83 33
53 84 14
53 85 27
53 86 52
53 87 63
53 88 69
53 89 69
53 90 73
54 55 56
54 56 43
54 57 40
54 58 11
54 59 54
54 60 95
54 61 93
54 62 46
54 63 60
54 64 10
54 65 92
54 66 65
54 67 55
54 68 78
54 69 62
54 70 63
54 71 80
54 72 32
54 73 61
54 74 43
54 75 97
54 76 8
54 77 5
54 78 42
54 79 80
54 80 9
54 81 78
54 82 79
54 83 75
54 84 58
54 85 15
54 86 99
54 87 36
54 88 39
54 89 78
54 90 48
55 56 42
55 57 8
55 58 91
55 59 65
55 60 87
55 61 72
55 62 41
55 63 67
55 64 52
55 65 40
55 66 67
55 67 64
55 68 64
55 69 82
55 70 57
55 71 74
55 72 25
55 73 8
55 74 99
55 75 67
55 76 92
55 77 91
55 78 60
55 79 48
55 80 28
55 81 46
55 82 8
55 83 32
55 84 51
55 85 16
55 86 24
55 87 78
55 88 20
55 89 93
55 90 55
56 57 36
56 58 73
56 59 90
56 60 7
56 61 1
56 62 55
56 63 76
56 64 5
56 65 80
56 66 23
56 67 97
56 68 53
56 69 32
56 70 61
56 71 51
56 72 66
56 73 79
56 74 15
56 75 49
56 76 72
56 77 6
56 78 29
56 79 97
56 80 47
56 81 73
56 82 28
56 83 37
56 84 9
56 85 60
56 86 40
56 87 90
56 88 8
56 89 77
56 90 80
57 58 41
57 59 18
57 60 67
57 61 53
57 62 53
57 63 29
57 64 11
57 65 52
57 66 37
57 67 97
57 68 21
57 69 33
57 70 94
57 71 40
57 72 64
57 73 8
57 74 96
57 75 6
57 76 93
57 77 98
57 78 27
57 79 16
57 80 10
57 81 41
57 82 16
57 83 45
57 84 23
57 85 61
57 86 54
57 87 59
57 88 51
57 89 51
57 90 52
58 59 26
58 60 68
58 61 86
58 62 7
58 63 22
58 64 3
58 65 2
58 66 40
58 67 67
58 68 6
58 69 56
58 70 20
58 71 70
58 72 82
58 73 65
58 74 25
58 75 61
58 76 16
58 77 87
58 78 64
58 79 62
58 80 96
58 81 66
58 82 27
58 83 29
58 84 57
58 85 26
58 86 91
58 87 93
58 88 45
58 89 93
58 90 71
59 60 48
59 61 8
59 62 5
59 63 41
59 64 40
59 65 59
59 66 31
59 67 98
59 68 60
59 69 3
59 70 15
59 71 51
59 72 59
59 73 64
59 74 93
59 75 34
59 76 85
59 77 27
59 78 17
59 79 34
59 80 69
59 81 23
59 82 40
59 83 40
59 84 95
59 85 80
59 86 69
59 87 96
59 88 38
59 89 67
59 90 8
60 61 44
60 62 13
60 63 20
60 64 32
60 65 91
60 66 55
60 67 42
60 68 4
60 69 94
60 70 83
60 71 98
60 72 45
60 73 53
60 74 68
60 75 20
60 76 88
60 77 59
60 78 88
60 79 8
60 80 14
60 81 68
60 82 49
60 83 87
60 84 99
60 85 62
60 86 36
60 87 12
60 88 31
60 89 6
60 90 5
61 62 68
61 63 37
61 64 32
61 65 28
61 66 56
61 67 35
61 68 4
61 69 37
61 70 7
61 71 95
61 72 79
61 73 67
61 74 14
61 75 98
61 76 42
61 77 76
61 78 96
61 79 64
61 80 43
61 81 78
61 82 21
61 83 12
61 84 59
61 85 42
61 86 15
61 87 21
61 88 47
61 89 3
61 90 38
62 63 11
62 64 73
62 65 68
62 66 60
62 67 31
62 68 97
62 69 69
62 70 71
62 71 30
62 72 92
62 73 40
62 74 13
62 75 3
62 76 84
62 77 52
62 78 92
62 79 79
62 80 48
62 81 63
62 82 88
62 83 10
62 84 55
62 85 73
62 86 82
62 87 90
62 88 66
62 89 4
62 90 40
63 64 75
63 65 63
63 66 41
63 67 17
63 68 86
63 69 3
63 70 87
63 71 48
63 72 94
63 73 13
63 74 66
63 75 39
63 76 81
63 77 17
63 78 71
63 79 19
63 80 73
63 81 11
63 82 23
63 83 23
63 84 45
63 85 84
63 86 7
63 87 6
63 88 26
63 89 12
63 90 35
64 65 37
64 66 52
64 67 90
64 68 35
64 69 52
64 70 22
64 71 91
64 72 32
64 73 43
64 74 86
64 75 31
64 76 86
64 77 32
64 78 76
64 79 35
64 80 42
64 81 44
64 82 56
64 83 92
64 84 68
64 85 46
64 86 17
64 87 59
64 88 87
64 89 95
64 90 14
65 66 17
65 67 79
65 68 56
65 69 46
65 70 84
65 71 5
65 72 90
65 73 74
65 74 42
65 75 37
65 76 59
65 77 85
65 78 64
65 79 29
65 80 59
65 81 67
65 82 53
65 83 97
65 84 55
65 85 8
65 86 34
65 87 10
65 88 72
65 89 21
65 90 57
66 67 2
66 68 64
66 69 75
66 70 91
66 71 65
66 72 56
66 73 84
66 74 42
66 75 26
66 76 72
66 77 55
66 78 51
66 79 45
66 80 73
66 81 27
66 82 85
66 83 54
66 84 65
66 85 14
66 86 73
66 87 36
66 88 4
66 89 92
66 90 61
67 68 68
67 69 30
67 70 22
67 71 66
67 72 21
67 73 95
67 74 46
67 75 38
67 76 57
67 77 20
67 78 52
67 79 77
67 80 24
67 81 36
67 82 45
67 83 87
67 84 20
67 85 36
67 86 15
67 87 41
67 88 21
67 89 58
67 90 61
68 69 94
68 70 73
68 71 74
68 72 83
68 73 74
68 74 30
68 75 33
68 76 44
68 77 29
68 78 14
68 79 59
68 80 13
68 81 87
68 82 71
68 83 96
68 84 47
68 85 86
68 86 45
68 87 70
68 88 86
68 89 78
68 90 38
69 70 55
69 71 65
69 72 22
69 73 73
69 74 12
69 75 37
69 76 78
69 77 30
69 78 90
69 79 35
69 80 51
69 81 12
69 82 1
69 83 90
69 84 8
69 85 94
69 86 32
69 87 60
69 88 93
69 89 52
69 90 49
70 71 57
70 72 83
70 73 33
70 74 7
70 75 87
70 76 49
70 77 52
70 78 44
70 79 34
70 80 65
70 81 54
70 82 40
70 83 29
70 84 64
70 85 41
70 86 26
70 87 23
70 88 6
70 89 85
70 90 38
71 72 75
71 73 26
71 74 68
71 75 27
71 76 79
71 77 88
71 78 22
71 79 97
71 80 86
71 81 32
71 82 72
71 83 39
71 84 15
71 85 24
71 86 18
71 87 58
71 88 64
71 89 87
71 90 88
72 73 52
72 74 16
72 75 14
72 76 88
72 77 95
72 78 52
72 79 1
72 80 42
72 81 22
72 82 82
72 83 88
72 84 9
72 85 6
72 86 21
72 87 80
72 88 98
72 89 76
72 90 43
73 74 62
73 75 26
73 76 91
73 77 23
73 78 43
73 79 46
73 80 29
73 81 36
73 82 10
73 83 45
73 84 69
73 85 12
73 86 89
73 87 96
73 88 93
73 89 58
73 90 69
74 75 28
74 76 39
74 77 70
74 78 3
74 79 14
74 80 70
74 81 1
74 82 96
74 83 84
74 84 8
74 85 4
74 86 93
74 87 97
74 88 56
74 89 8
74 90 48
75 76 89
75 77 17
75 78 13
75 79 46
75 80 18
75 81 66
75 82 97
75 83 47
75 84 26
75 85 67
75 86 51
75 87 39
75 88 59
75 89 86
75 90 10
76 77 13
76 78 30
76 79 54
76 80 23
76 81 54
76 82 86
76 83 69
76 84 70
76 85 86
76 86 5
76 87 22
76 88 70
76 89 98
76 90 82
77 78 98
77 79 64
77 80 88
77 81 73
77 82 84
77 83 1
77 84 3
77 85 39
77 86 64
77 87 8
77 88 71
77 89 76
77 90 61
78 79 7
78 80 22
78 81 24
78 82 15
78 83 30
78 84 54
78 85 26
78 86 94
78 87 98
78 88 30
78 89 86
78 90 17
79 80 61
79 81 78
79 82 27
79 83 83
79 84 91
79 85 65
79 86 25
79 87 88
79 88 49
79 89 16
79 90 46
80 81 28
80 82 77
80 83 45
80 84 12
80 85 29
80 86 83
80 87 48
80 88 75
80 89 89
80 90 28
81 82 86
81 83 3
81 84 86
81 85 44
81 86 11
81 87 72
81 88 86
81 89 78
81 90 52
82 83 93
82 84 3
82 85 92
82 86 80
82 87 97
82 88 9
82 89 75
82 90 21
83 84 24
83 85 56
83 86 57
83 87 40
83 88 39
83 89 82
83 90 95
84 85 79
84 86 63
84 87 42
84 88 29
84 89 49
84 90 11
85 86 36
85 87 64
85 88 25
85 89 98
85 90 17
86 87 61
86 88 79
86 89 88
86 90 68
87 88 40
87 89 99
87 90 98
88 89 4
88 90 88
89 90 91