100
0 1 45
1 2 63
2 3 42
3 4 36
4 5 85
5 6 79
6 7 15
7 8 11
8 9 36
9 10 84
10 11 86
11 12 78
12 13 92
13 14 68
14 15 47
15 16 62
16 17 15
17 18 67
18 19 18
19 20 91
20 21 64
21 22 15
22 23 69
23 24 66
24 25 84
25 26 37
26 27 4
27 28 92
28 29 70
29 30 70
30 31 19
31 32 42
32 33 61
33 34 48
34 35 7
35 36 29
36 37 96
37 38 54
38 39 64
39 40 40
40 41 36
41 42 25
42 43 59
43 44 14
44 45 21
45 46 77
46 47 89
47 48 65
48 49 15
49 50 65
50 51 70
51 52 97
52 53 38
53 54 11
54 55 89
55 56 72
56 57 67
57 58 21
58 59 34
59 60 32
60 61 34
61 62 60
62 63 42
63 64 28
64 65 18
65 66 95
66 67 41
67 68 21
68 69 67
69 70 75
70 71 96
71 72 34
72 73 14
73 74 13
74 75 45
75 76 25
76 77 67
77 78 72
78 79 95
79 80 9
80 81 15
81 82 87
82 83 29
83 84 34
84 85 55
85 86 87
86 87 90
87 88 49
88 89 83
89 90 85
90 91 69
91 92 32
92 93 99
93 94 88
94 95 77
95 96 10
96 97 57
97 98 32
98 99 73
99 73 55
8 1 20
0 2 77
1 3 63
2 4 21
3 5 60
4 6 81
5 7 39
6 8 28
7 9 74
8 10 46
9 11 70
10 12 1
11 13 46
12 14 90
13 15 64
14 16 34
15 17 63
16 18 69
17 19 87
18 20 37
19 21 51
20 22 92
21 23 31
22 24 67
23 25 31
24 26 40
25 27 51
26 28 5
27 29 73
28 30 55
29 31 32
30 32 9
31 33 14
32 34 89
33 35 77
34 36 32
35 37 93
36 38 17
37 39 93
38 40 38
39 41 82
40 42 47
41 43 34
42 44 64
43 45 56
44 46 29
45 47 43
46 48 82
47 49 46
48 50 60
49 51 7
50 52 20
51 53 64
52 54 90
53 55 84
54 56 22
55 57 73
56 58 86
57 59 61
58 60 93
59 61 49
60 62 57
61 63 30
62 64 48
63 65 85
64 66 37
65 67 80
66 68 17
67 69 34
68 70 58
69 71 26
70 72 99
71 73 43
72 74 83
73 75 93
74 76 69
75 77 77
76 78 2
77 79 17
78 80 67
79 81 12
80 82 34
81 83 41
82 84 51
83 85 68
84 86 6
85 87 17
86 88 82
87 89 13
88 90 8
89 91 63
90 92 53
91 93 15
92 94 1
93 95 16
94 96 75
95 97 37
96 98 21
97 99 35
98 1 26
99 12 23