84
0 22 55.2
0 43 14
1 29 50.7
1 21 82.8
2 12 69.9
2 56 50.2
3 43 43.5
3 1 47.6
4 52 51.2
4 45 1
5 15 70.1
5 81 94.3
6 83 60
6 68 93.9
7 36 83.1
7 55 93
8 76 38.7
8 37 24.5
9 3 23
9 6 65.2
10 28 29.5
10 4 84.4
11 70 91.9
11 31 35.2
12 66 47.1
12 13 40.2
13 10 98.6
13 37 71.7
14 20 51.5
14 15 93.5
15 61 25.3
15 16 92.7
16 24 34.8
16 67 93.1
17 79 95.8
17 64 4.8
18 47 47.6
18 40 22.4
19 22 49.3
19 51 54.1
20 18 5.5
20 70 21.4
21 27 25.6
21 31 27.2
22 48 84.9
22 71 76.3
23 32 67.6
23 65 15.9
24 72 44.3
24 50 32
25 40 10.4
25 60 73.9
26 70 8.1
26 53 22.3
27 79 66.4
27 36 35.9
28 63 91.3
28 53 44.3
29 30 49.7
29 25 66.3
30 77 60.9
30 53 65.4
31 50 49.1
31 81 3.2
32 81 28.9
32 76 27.3
33 54 59.1
33 8 8.2
34 55 10.4
34 27 92.5
35 45 68.3
35 63 74.2
36 44 53.2
36 78 77.7
37 80 78.3
37 54 92.4
38 83 53.7
38 34 74.6
39 35 31.7
39 46 6.7
40 45 80
40 76 40.2
41 43 22.5
41 23 81.8
42 56 78.9
42 82 77.7
43 46 2.7
43 32 74.4
44 53 23.5
44 66 8.9
45 79 0.9
45 23 34.9
46 3 5.9
46 32 43.7
47 35 12.1
47 4 5.3
48 66 3.4
48 53 46.6
49 73 46.4
49 68 3.5
50 20 23.7
50 7 5.6
51 32 2.3
51 79 4.4
52 55 45.3
52 21 34.5
53 6 23.8
53 29 23.4
54 23 65.4
54 28 12.2
55 47 74.6
56 78 76.3
56 74 23.4
57 34 34.6
57 79 86.3
58 2 23.8
58 41 43.9
59 49 84.2
59 26 83.4
60 78 27.6
60 79 63.5
61 64 36.3
61 36 64.6
62 25 23.2
62 63 85.4
63 7 23.3
63 81 74.5
64 20 68.3
64 62 23.7
65 5 45.5
65 40 23.4
66 2 86.4
66 14 46.8
67 27 34.1
67 4 23.6
68 61 24.7
68 29 54.3
69 37 24.2
69 43 13.2
70 64 0.3
70 7 79.9
71 59 86.3
71 46 65.8
72 54 92.4
72 29 21.7
73 57 14.5
73 54 65.6
74 12 28.5
74 67 10.9
75 82 37.4
75 9 26.3
76 79 84.7
76 65 25.6
77 5 45.3
78 67 70.8
78 31 5.3
79 60 9.12
79 19 8.6
80 30 57.3
80 53 99.1
81 79 76.3
81 3 79.3
82 28 90.9
82 20 23.5
83 55 86.9
83 34 35.1