100
0 99 0.168
0 1 0.003
0 2 0.008
0 3 0.002
0 4 0.003
0 5 0.008
0 6 0.009
0 7 0.005
0 8 0.002
0 9 0.007
0 10 0.009
0 11 0.005
0 12 0.005
0 13 0.001
0 14 0.009
0 15 0.001
99 98 99.008
1 2 0.003
1 3 0.001
1 4 0.006
1 5 0.008
1 6 0.003
1 7 0.005
1 8 0.007
1 9 0.002
1 10 0.008
1 11 0.006
1 12 0.009
1 13 0.007
1 14 0.008
1 15 0.004
2 3 0.004
2 4 0.004
2 5 0.006
2 6 0.005
2 7 0.008
2 8 0.005
2 9 0.007
2 10 0.004
2 11 0.001
2 12 0.003
2 13 0.006
2 14 0.001
2 15 0.007
3 4 0.004
3 5 0.003
3 6 0.004
3 7 0.006
3 8 0.004
3 9 0.005
3 10 0.008
3 11 0.007
3 12 0.005
3 13 0.003
3 14 0.007
3 15 0.005
4 5 0.007
4 6 0.002
4 7 0.004
4 8 0.003
4 9 0.002
4 10 0.003
4 11 0.009
4 12 0.009
4 13 0.009
4 14 0.003
4 15 0.002
5 6 0.006
5 7 0.008
5 8 0.005
5 9 0.006
5 10 0.001
5 11 0.008
5 12 0.009
5 13 0.002
5 14 0.008
5 15 0.003
6 7 0.007
6 8 0.004
6 9 0.005
6 10 0.001
6 11 0.001
6 12 0.009
6 13 0.005
6 14 0.006
6 15 0.009
7 8 0.005
7 9 0.002
7 10 0.005
7 11 0.007
7 12 0.007
7 13 0.003
7 14 0.002
7 15 0.008
8 9 0.008
8 10 0.004
8 11 0.002
8 12 0.003
8 13 0.001
8 14 0.003
8 15 0.005
9 10 0.007
9 11 0.003
9 12 0.005
9 13 0.006
9 14 0.005
9 15 0.007
10 11 0.009
10 12 0.002
10 13 0.004
10 14 0.005
10 15 0.001
11 12 0.001
11 13 0.008
11 14 0.004
11 15 0.002
12 13 0.003
12 14 0.007
12 15 0.002
13 14 0.004
13 15 0.008
14 15 0.002
15 16 99.001
16 17 99.007
17 18 99.004
18 19 99.007
19 20 99.008
20 21 99.004
21 22 99.001
22 23 99.001
23 24 99.003
24 25 99.001
25 26 99.002
26 27 99.004
27 28 99.008
28 29 99.005
29 30 99.008
30 31 99.003
31 32 99.006
32 33 99.001
33 34 99.008
34 35 99.002
35 36 99.001
36 37 99.004
37 38 99.009
38 39 99.002
39 40 99.008
40 41 99.002
41 42 99.007
42 43 99.003
43 44 99.008
44 45 99.003
45 46 99.005
46 47 99.009
47 48 99.007
48 49 99.003
49 50 99.007
50 51 99.003
51 52 99.004
52 53 99.005
53 54 99.003
54 55 99.001
55 56 99.009
56 57 99.006
57 58 99.006
58 59 99.001
59 60 99.008
60 61 99.007
61 62 99.001
62 63 99.009
63 64 99.009
64 65 99.004
65 66 99.007
66 67 99.008
67 68 99.006
68 69 99.008
69 70 99.006
70 71 99.004
71 72 99.001
72 73 99.008
73 74 99.004
74 75 99.007
75 76 99.002
76 77 99.005
77 78 99.003
78 79 99.002
79 80 99.008
80 81 99.005
81 82 99.001
82 83 99.002
83 84 99.005
84 85 99.008
85 86 99.003
86 87 99.004
87 88 99.007
88 89 99.007
89 90 99.007
90 91 99.007
91 92 99.001
92 93 99.006
93 94 99.005
94 95 99.009
95 96 99.007
96 97 99.002
97 98 99.001