75
0 1 0.25
1 2 0.5
1 3 0.75
1 5 0.65
2 0 0.75
2 3 0.75
3 4 0.25
4 2 0.35
4 6 0.25
5 4 0.45
5 6 0.75
6 0 0.75
6 7 0.25
0 8 0.35
7 8 0.65
7 9 0.45
8 9 0.35
9 1 0.25
9 10 0.35
10 1 0.75
10 2 0.45
11 3 0.65
11 4 0.95
1 11 0.45
11 12 0.35
12 13 0.25
2 12 0.35
12 13 0.45
13 14 0.65
1 14 0.35
14 2 0.65
14 15 0.287
15 16 0.248
2 15 0.238
15 17 0.238
16 17 0.128
3 16 0.12
17 18 0.128
17 5 8.12
18 19 9.12
18 20 9.328
19 20 9.238
19 21 9.23
20 21 9.328
21 22 9.328
3 21 9.219
22 23 9.128
22 6 8.238
23 24 8.128
24 3 9.893
24 25 9.238
25 26 9.238
26 27 9.239
27 28 38.23
2 26 9.328
3 27 9.90
4 28 7.23
5 28 4.23
28 29 8.23
29 30 9.23
1 29 8.32
30 31 9.328
7 31 9.23
31 32 8.892
8 32 8.23
32 33 9.89
9 33 9.2
33 34 1.48
8 34 82.1
34 35 8.21
2 35 4.133
35 36 9.32
17 36 9.329
36 37 12.3
18 37 8.32
37 38 9.23
3 38 1.839
38 39 8.127
18 39 7.22
39 40 1.839
1 40 8.21
40 41 8.328
15 41 8.32
41 42 8.32
26 42 8.21
42 43 9.88
19 43 7.234
43 44 7.219
21 44 8.219
44 45 67.56
23 45 9.128
45 46 8.21
31 46 9.21
46 47 3.21
36 47 0.12
47 48 0.14
0 48 0.160
48 49 0.218
37 49 0.78
49 50 8.12
28 50 0.13
50 51 8.13
12 51 0.19
51 52 9.32
11 52 0.18
52 53 0.43
18 53 0.18
53 54 0.123
14 54 0.231
54 55 0.321
44 55 0.231
55 56 9.239
18 56 9.328
56 57 9.238
16 57 0.218
57 58 9.218
10 58 0.182
58 59 0.21
59 60 0.189
43 60 0.231
60 61 0.291
41 61 0.219
61 62 8.31
6 62 1.97
62 63 0.238
7 63 0.218
63 64 9.12
8 64 0.218
64 65 0.291
9 65 0.12
65 66 0.189
12 66 0.231
66 67 0.718
15 67 0.218
67 68 0.132
9 68 9.21
68 69 8.312
1 69 8.132
69 70 9.238
6 70 8.21
70 71 7.328
3 71 9.312
71 72 3.12
4 72 0.132
72 73 5.43
2 73 6.432
73 74 8.213
9 74 6.31
74 2 0.37