99
0 1 14
0 2 62
0 3 30
0 4 82
0 5 29
0 6 12
0 7 15
0 8 80
0 9 28
0 10 43
0 11 92
0 12 86
0 13 61
0 14 96
0 15 99
0 16 20
0 17 74
0 18 65
0 19 44
0 20 51
0 21 74
0 22 11
0 23 12
0 24 94
0 25 22
0 26 22
0 27 31
0 28 43
0 29 27
0 30 9
0 31 89
0 32 2
0 33 15
0 34 81
0 35 45
0 36 26
0 37 76
0 38 10
0 39 95
0 40 21
0 41 4
0 42 82
0 43 54
0 44 95
0 45 73
0 46 96
0 47 40
0 48 48
0 49 88
0 50 46
0 51 82
0 52 78
0 53 55
0 54 10
0 55 77
0 56 16
0 57 37
0 58 42
0 59 47
0 60 29
0 61 98
0 62 36
0 63 9
0 64 52
0 65 4
0 66 98
0 67 53
0 68 63
0 69 2
0 70 35
0 71 90
0 72 2
0 73 53
0 74 37
0 75 99
0 76 91
0 77 33
0 78 46
0 79 55
0 80 22
0 81 51
0 82 49
0 83 68
0 84 13
0 85 52
0 86 56
0 87 29
0 88 29
0 89 49
0 90 30
0 91 59
0 92 41
0 93 79
0 94 37
0 95 94
0 96 73
0 97 86
0 98 48
1 2 57
1 3 33
1 4 54
1 5 66
1 6 66
1 7 94
1 8 91
1 9 47
1 10 54
1 11 26
1 12 45
1 13 21
1 14 22
1 15 42
1 16 70
1 17 69
1 18 63
1 19 75
1 20 73
1 21 13
1 22 48
1 23 19
1 24 96
1 25 15
1 26 16
1 27 23
1 28 97
1 29 75
1 30 41
1 31 63
1 32 2
1 33 15
1 34 15
1 35 87
1 36 96
1 37 74
1 38 6
1 39 41
1 40 45
1 41 84
1 42 34
1 43 83
1 44 46
1 45 89
1 46 48
1 47 88
1 48 58
1 49 21
1 50 37
1 51 78
1 52 98
1 53 6
1 54 86
1 55 41
1 56 67
1 57 23
1 58 6
1 59 57
1 60 98
1 61 92
1 62 87
1 63 81
1 64 86
1 65 15
1 66 67
1 67 79
1 68 55
1 69 88
1 70 45
1 71 52
1 72 2
1 73 19
1 74 86
1 75 10
1 76 46
1 77 73
1 78 55
1 79 40
1 80 29
1 81 94
1 82 54
1 83 24
1 84 85
1 85 99
1 86 93
1 87 3
1 88 63
1 89 11
1 90 2
1 91 9
1 92 76
1 93 59
1 94 95
1 95 63
1 96 12
1 97 9
1 98 8
2 3 28
2 4 33
2 5 28
2 6 9
2 7 67
2 8 23
2 9 82
2 10 45
2 11 45
2 12 18
2 13 72
2 14 75
2 15 32
2 16 18
2 17 77
2 18 36
2 19 99
2 20 99
2 21 82
2 22 61
2 23 97
2 24 87
2 25 83
2 26 77
2 27 49
2 28 25
2 29 78
2 30 76
2 31 3
2 32 78
2 33 31
2 34 11
2 35 35
2 36 99
2 37 47
2 38 7
2 39 78
2 40 66
2 41 72
2 42 47
2 43 5
2 44 66
2 45 12
2 46 17
2 47 11
2 48 96
2 49 62
2 50 46
2 51 21
2 52 68
2 53 28
2 54 55
2 55 24
2 56 24
2 57 74
2 58 92
2 59 23
2 60 96
2 61 33
2 62 80
2 63 77
2 64 54
2 65 51
2 66 8
2 67 58
2 68 51
2 69 29
2 70 81
2 71 86
2 72 67
2 73 1
2 74 23
2 75 88
2 76 5
2 77 93
2 78 18
2 79 29
2 80 86
2 81 82
2 82 20
2 83 15
2 84 89
2 85 20
2 86 14
2 87 9
2 88 17
2 89 73
2 90 7
2 91 22
2 92 44
2 93 26
2 94 65
2 95 88
2 96 58
2 97 9
2 98 47
3 4 76
3 5 53
3 6 25
3 7 30
3 8 26
3 9 60
3 10 33
3 11 36
3 12 92
3 13 58
3 14 63
3 15 73
3 16 38
3 17 66
3 18 70
3 19 10
3 20 11
3 21 69
3 22 96
3 23 26
3 24 66
3 25 19
3 26 90
3 27 83
3 28 51
3 29 14
3 30 35
3 31 43
3 32 80
3 33 68
3 34 59
3 35 76
3 36 89
3 37 45
3 38 84
3 39 49
3 40 47
3 41 77
3 42 20
3 43 97
3 44 39
3 45 24
3 46 52
3 47 32
3 48 31
3 49 76
3 50 60
3 51 71
3 52 70
3 53 29
3 54 5
3 55 3
3 56 24
3 57 58
3 58 27
3 59 80
3 60 97
3 61 97
3 62 55
3 63 13
3 64 38
3 65 34
3 66 19
3 67 37
3 68 77
3 69 46
3 70 84
3 71 68
3 72 1
3 73 42
3 74 2
3 75 21
3 76 59
3 77 86
3 78 85
3 79 30
3 80 58
3 81 94
3 82 89
3 83 12
3 84 26
3 85 49
3 86 76
3 87 45
3 88 54
3 89 44
3 90 18
3 91 58
3 92 74
3 93 41
3 94 38
3 95 69
3 96 21
3 97 57
3 98 68
4 5 14
4 6 75
4 7 47
4 8 27
4 9 87
4 10 72
4 11 27
4 12 22
4 13 30
4 14 45
4 15 53
4 16 20
4 17 61
4 18 17
4 19 73
4 20 43
4 21 10
4 22 65
4 23 26
4 24 93
4 25 55
4 26 22
4 27 3
4 28 41
4 29 12
4 30 64
4 31 9
4 32 40
4 33 30
4 34 89
4 35 27
4 36 13
4 37 17
4 38 24
4 39 20
4 40 94
4 41 67
4 42 82
4 43 98
4 44 34
4 45 33
4 46 30
4 47 15
4 48 84
4 49 51
4 50 72
4 51 93
4 52 13
4 53 52
4 54 39
4 55 32
4 56 60
4 57 92
4 58 9
4 59 43
4 60 16
4 61 50
4 62 77
4 63 1
4 64 73
4 65 52
4 66 65
4 67 61
4 68 22
4 69 73
4 70 16
4 71 66
4 72 51
4 73 89
4 74 8
4 75 11
4 76 86
4 77 3
4 78 32
4 79 23
4 80 39
4 81 46
4 82 80
4 83 78
4 84 68
4 85 47
4 86 3
4 87 95
4 88 31
4 89 57
4 90 75
4 91 56
4 92 9
4 93 57
4 94 34
4 95 8
4 96 24
4 97 64
4 98 85
5 6 42
5 7 98
5 8 97
5 9 50
5 10 96
5 11 7
5 12 26
5 13 69
5 14 89
5 15 74
5 16 40
5 17 48
5 18 34
5 19 21
5 20 13
5 21 11
5 22 10
5 23 21
5 24 6
5 25 35
5 26 13
5 27 85
5 28 75
5 29 53
5 30 42
5 31 16
5 32 86
5 33 94
5 34 10
5 35 34
5 36 54
5 37 61
5 38 69
5 39 21
5 40 60
5 41 6
5 42 44
5 43 92
5 44 10
5 45 71
5 46 3
5 47 57
5 48 35
5 49 76
5 50 10
5 51 12
5 52 61
5 53 14
5 54 15
5 55 69
5 56 45
5 57 43
5 58 37
5 59 74
5 60 57
5 61 42
5 62 57
5 63 63
5 64 98
5 65 32
5 66 68
5 67 10
5 68 57
5 69 85
5 70 52
5 71 98
5 72 85
5 73 13
5 74 79
5 75 97
5 76 11
5 77 90
5 78 45
5 79 71
5 80 70
5 81 1
5 82 10
5 83 77
5 84 54
5 85 40
5 86 6
5 87 78
5 88 52
5 89 36
5 90 98
5 91 17
5 92 78
5 93 68
5 94 21
5 95 45
5 96 9
5 97 27
5 98 50
6 7 73
6 8 23
6 9 9
6 10 55
6 11 98
6 12 25
6 13 54
6 14 47
6 15 19
6 16 8
6 17 32
6 18 22
6 19 51
6 20 10
6 21 45
6 22 61
6 23 71
6 24 27
6 25 65
6 26 22
6 27 72
6 28 4
6 29 53
6 30 66
6 31 58
6 32 32
6 33 80
6 34 22
6 35 4
6 36 84
6 37 96
6 38 19
6 39 86
6 40 58
6 41 70
6 42 10
6 43 62
6 44 76
6 45 47
6 46 20
6 47 61
6 48 18
6 49 98
6 50 81
6 51 66
6 52 21
6 53 66
6 54 48
6 55 19
6 56 32
6 57 68
6 58 4
6 59 64
6 60 23
6 61 77
6 62 37
6 63 23
6 64 86
6 65 42
6 66 42
6 67 25
6 68 70
6 69 86
6 70 5
6 71 75
6 72 98
6 73 78
6 74 62
6 75 24
6 76 26
6 77 36
6 78 70
6 79 98
6 80 74
6 81 12
6 82 52
6 83 22
6 84 19
6 85 76
6 86 69
6 87 98
6 88 13
6 89 91
6 90 26
6 91 69
6 92 36
6 93 85
6 94 94
6 95 15
6 96 86
6 97 96
6 98 83
7 8 55
7 9 9
7 10 44
7 11 41
7 12 97
7 13 98
7 14 76
7 15 98
7 16 9
7 17 45
7 18 97
7 19 81
7 20 58
7 21 96
7 22 71
7 23 9
7 24 70
7 25 8
7 26 97
7 27 5
7 28 86
7 29 8
7 30 81
7 31 77
7 32 31
7 33 72
7 34 31
7 35 95
7 36 95
7 37 37
7 38 75
7 39 12
7 40 52
7 41 27
7 42 24
7 43 2
7 44 75
7 45 18
7 46 30
7 47 52
7 48 78
7 49 62
7 50 70
7 51 96
7 52 41
7 53 20
7 54 85
7 55 54
7 56 43
7 57 81
7 58 69
7 59 48
7 60 11
7 61 16
7 62 14
7 63 63
7 64 69
7 65 88
7 66 71
7 67 91
7 68 16
7 69 66
7 70 38
7 71 71
7 72 11
7 73 81
7 74 56
7 75 11
7 76 36
7 77 92
7 78 3
7 79 4
7 80 48
7 81 12
7 82 41
7 83 14
7 84 85
7 85 43
7 86 59
7 87 89
7 88 1
7 89 30
7 90 71
7 91 7
7 92 88
7 93 75
7 94 77
7 95 35
7 96 51
7 97 20
7 98 85
8 9 57
8 10 71
8 11 26
8 12 63
8 13 83
8 14 62
8 15 29
8 16 10
8 17 56
8 18 12
8 19 35
8 20 71
8 21 21
8 22 56
8 23 29
8 24 5
8 25 17
8 26 58
8 27 27
8 28 27
8 29 49
8 30 25
8 31 78
8 32 64
8 33 17
8 34 80
8 35 66
8 36 3
8 37 55
8 38 30
8 39 82
8 40 32
8 41 84
8 42 28
8 43 34
8 44 4
8 45 82
8 46 71
8 47 32
8 48 82
8 49 76
8 50 42
8 51 4
8 52 80
8 53 35
8 54 53
8 55 9
8 56 64
8 57 65
8 58 68
8 59 26
8 60 40
8 61 93
8 62 1
8 63 40
8 64 52
8 65 80
8 66 15
8 67 64
8 68 43
8 69 44
8 70 26
8 71 51
8 72 4
8 73 76
8 74 10
8 75 14
8 76 87
8 77 50
8 78 16
8 79 98
8 80 63
8 81 29
8 82 59
8 83 73
8 84 73
8 85 31
8 86 79
8 87 60
8 88 20
8 89 14
8 90 25
8 91 90
8 92 89
8 93 26
8 94 67
8 95 64
8 96 53
8 97 60
8 98 60
9 10 81
9 11 17
9 12 31
9 13 67
9 14 83
9 15 62
9 16 89
9 17 15
9 18 3
9 19 56
9 20 35
9 21 32
9 22 44
9 23 43
9 24 83
9 25 27
9 26 33
9 27 75
9 28 89
9 29 56
9 30 28
9 31 27
9 32 76
9 33 44
9 34 82
9 35 33
9 36 69
9 37 14
9 38 48
9 39 74
9 40 40
9 41 85
9 42 41
9 43 34
9 44 85
9 45 4
9 46 81
9 47 7
9 48 27
9 49 72
9 50 83
9 51 22
9 52 4
9 53 6
9 54 51
9 55 99
9 56 61
9 57 39
9 58 32
9 59 11
9 60 67
9 61 74
9 62 70
9 63 98
9 64 95
9 65 36
9 66 96
9 67 14
9 68 13
9 69 51
9 70 41
9 71 24
9 72 18
9 73 34
9 74 99
9 75 64
9 76 68
9 77 26
9 78 95
9 79 98
9 80 70
9 81 92
9 82 69
9 83 57
9 84 34
9 85 63
9 86 60
9 87 84
9 88 12
9 89 23
9 90 51
9 91 64
9 92 78
9 93 38
9 94 45
9 95 47
9 96 65
9 97 20
9 98 64
10 11 53
10 12 39
10 13 58
10 14 17
10 15 68
10 16 14
10 17 65
10 18 66
10 19 45
10 20 76
10 21 68
10 22 59
10 23 79
10 24 2
10 25 97
10 26 59
10 27 47
10 28 31
10 29 24
10 30 19
10 31 53
10 32 88
10 33 89
10 34 93
10 35 27
10 36 51
10 37 15
10 38 92
10 39 39
10 40 98
10 41 26
10 42 15
10 43 88
10 44 86
10 45 63
10 46 21
10 47 55
10 48 21
10 49 93
10 50 50
10 51 40
10 52 46
10 53 29
10 54 57
10 55 92
10 56 59
10 57 66
10 58 48
10 59 6
10 60 29
10 61 73
10 62 93
10 63 29
10 64 21
10 65 25
10 66 92
10 67 16
10 68 15
10 69 46
10 70 21
10 71 52
10 72 43
10 73 61
10 74 53
10 75 24
10 76 97
10 77 25
10 78 43
10 79 31
10 80 24
10 81 63
10 82 36
10 83 23
10 84 95
10 85 80
10 86 21
10 87 36
10 88 58
10 89 13
10 90 4
10 91 80
10 92 81
10 93 98
10 94 14
10 95 24
10 96 35
10 97 72
10 98 88
11 12 15
11 13 58
11 14 2
11 15 58
11 16 10
11 17 13
11 18 89
11 19 7
11 20 7
11 21 28
11 22 24
11 23 42
11 24 24
11 25 19
11 26 69
11 27 19
11 28 77
11 29 31
11 30 49
11 31 56
11 32 14
11 33 37
11 34 93
11 35 65
11 36 6
11 37 90
11 38 14
11 39 20
11 40 14
11 41 29
11 42 63
11 43 19
11 44 4
11 45 33
11 46 15
11 47 97
11 48 35
11 49 45
11 50 83
11 51 59
11 52 75
11 53 96
11 54 77
11 55 38
11 56 91
11 57 30
11 58 56
11 59 41
11 60 56
11 61 77
11 62 4
11 63 12
11 64 80
11 65 58
11 66 68
11 67 71
11 68 67
11 69 33
11 70 48
11 71 54
11 72 36
11 73 62
11 74 11
11 75 2
11 76 12
11 77 89
11 78 37
11 79 20
11 80 51
11 81 10
11 82 56
11 83 74
11 84 50
11 85 42
11 86 25
11 87 16
11 88 93
11 89 82
11 90 11
11 91 17
11 92 74
11 93 91
11 94 46
11 95 76
11 96 96
11 97 67
11 98 59
12 13 62
12 14 74
12 15 35
12 16 11
12 17 26
12 18 41
12 19 6
12 20 50
12 21 86
12 22 78
12 23 28
12 24 62
12 25 60
12 26 93
12 27 93
12 28 8
12 29 57
12 30 24
12 31 24
12 32 4
12 33 45
12 34 21
12 35 67
12 36 5
12 37 57
12 38 67
12 39 16
12 40 76
12 41 39
12 42 31
12 43 60
12 44 24
12 45 64
12 46 45
12 47 17
12 48 31
12 49 66
12 50 38
12 51 71
12 52 14
12 53 41
12 54 44
12 55 29
12 56 95
12 57 69
12 58 91
12 59 2
12 60 46
12 61 40
12 62 38
12 63 36
12 64 57
12 65 11
12 66 18
12 67 86
12 68 64
12 69 12
12 70 14
12 71 89
12 72 82
12 73 27
12 74 32
12 75 79
12 76 74
12 77 12
12 78 22
12 79 49
12 80 61
12 81 18
12 82 68
12 83 56
12 84 18
12 85 28
12 86 43
12 87 75
12 88 83
12 89 36
12 90 42
12 91 54
12 92 92
12 93 90
12 94 69
12 95 31
12 96 70
12 97 32
12 98 47
13 14 95
13 15 66
13 16 4
13 17 42
13 18 87
13 19 45
13 20 84
13 21 14
13 22 41
13 23 86
13 24 8
13 25 61
13 26 68
13 27 53
13 28 91
13 29 75
13 30 66
13 31 86
13 32 91
13 33 41
13 34 5
13 35 5
13 36 45
13 37 9
13 38 41
13 39 89
13 40 68
13 41 92
13 42 79
13 43 11
13 44 38
13 45 8
13 46 97
13 47 30
13 48 34
13 49 31
13 50 55
13 51 96
13 52 9
13 53 50
13 54 42
13 55 98
13 56 62
13 57 51
13 58 72
13 59 48
13 60 58
13 61 46
13 62 30
13 63 13
13 64 94
13 65 49
13 66 20
13 67 23
13 68 9
13 69 11
13 70 93
13 71 12
13 72 57
13 73 41
13 74 30
13 75 11
13 76 47
13 77 29
13 78 14
13 79 15
13 80 42
13 81 16
13 82 75
13 83 25
13 84 90
13 85 1
13 86 69
13 87 37
13 88 22
13 89 20
13 90 49
13 91 7
13 92 17
13 93 36
13 94 15
13 95 50
13 96 73
13 97 74
13 98 14
14 15 79
14 16 72
14 17 82
14 18 34
14 19 44
14 20 47
14 21 97
14 22 40
14 23 55
14 24 23
14 25 78
14 26 28
14 27 94
14 28 13
14 29 72
14 30 71
14 31 64
14 32 43
14 33 92
14 34 93
14 35 35
14 36 37
14 37 99
14 38 68
14 39 2
14 40 28
14 41 72
14 42 83
14 43 43
14 44 85
14 45 37
14 46 88
14 47 90
14 48 1
14 49 80
14 50 95
14 51 46
14 52 65
14 53 83
14 54 47
14 55 76
14 56 24
14 57 42
14 58 36
14 59 26
14 60 47
14 61 7
14 62 75
14 63 94
14 64 24
14 65 49
14 66 68
14 67 95
14 68 22
14 69 36
14 70 60
14 71 58
14 72 35
14 73 45
14 74 30
14 75 43
14 76 95
14 77 49
14 78 96
14 79 11
14 80 74
14 81 1
14 82 59
14 83 15
14 84 60
14 85 93
14 86 59
14 87 60
14 88 75
14 89 38
14 90 57
14 91 70
14 92 97
14 93 43
14 94 88
14 95 93
14 96 99
14 97 31
14 98 65
15 16 50
15 17 27
15 18 64
15 19 7
15 20 29
15 21 27
15 22 26
15 23 59
15 24 14
15 25 80
15 26 79
15 27 75
15 28 84
15 29 5
15 30 45
15 31 38
15 32 80
15 33 96
15 34 99
15 35 53
15 36 67
15 37 83
15 38 59
15 39 97
15 40 31
15 41 84
15 42 65
15 43 83
15 44 58
15 45 51
15 46 48
15 47 87
15 48 61
15 49 50
15 50 84
15 51 55
15 52 89
15 53 49
15 54 1
15 55 42
15 56 20
15 57 5
15 58 6
15 59 68
15 60 85
15 61 54
15 62 29
15 63 5
15 64 77
15 65 31
15 66 27
15 67 61
15 68 80
15 69 6
15 70 86
15 71 65
15 72 63
15 73 37
15 74 40
15 75 14
15 76 80
15 77 37
15 78 15
15 79 82
15 80 7
15 81 31
15 82 99
15 83 29
15 84 97
15 85 49
15 86 7
15 87 98
15 88 16
15 89 22
15 90 57
15 91 31
15 92 98
15 93 99
15 94 18
15 95 32
15 96 23
15 97 50
15 98 63
16 17 42
16 18 48
16 19 80
16 20 90
16 21 82
16 22 62
16 23 60
16 24 54
16 25 86
16 26 36
16 27 11
16 28 66
16 29 20
16 30 33
16 31 32
16 32 70
16 33 63
16 34 24
16 35 66
16 36 4
16 37 91
16 38 8
16 39 36
16 40 63
16 41 58
16 42 60
16 43 13
16 44 74
16 45 28
16 46 93
16 47 15
16 48 52
16 49 69
16 50 96
16 51 87
16 52 12
16 53 11
16 54 2
16 55 12
16 56 70
16 57 88
16 58 34
16 59 47
16 60 51
16 61 66
16 62 56
16 63 91
16 64 37
16 65 63
16 66 16
16 67 12
16 68 71
16 69 10
16 70 54
16 71 39
16 72 98
16 73 66
16 74 35
16 75 89
16 76 29
16 77 60
16 78 73
16 79 80
16 80 45
16 81 46
16 82 50
16 83 4
16 84 72
16 85 70
16 86 15
16 87 53
16 88 43
16 89 72
16 90 77
16 91 18
16 92 23
16 93 84
16 94 82
16 95 52
16 96 19
16 97 38
16 98 17
17 18 83
17 19 25
17 20 23
17 21 73
17 22 47
17 23 44
17 24 93
17 25 46
17 26 84
17 27 31
17 28 27
17 29 26
17 30 72
17 31 77
17 32 73
17 33 1
17 34 66
17 35 16
17 36 9
17 37 4
17 38 51
17 39 39
17 40 86
17 41 86
17 42 48
17 43 44
17 44 16
17 45 94
17 46 31
17 47 3
17 48 21
17 49 72
17 50 1
17 51 53
17 52 16
17 53 61
17 54 30
17 55 96
17 56 93
17 57 52
17 58 93
17 59 81
17 60 68
17 61 91
17 62 98
17 63 7
17 64 51
17 65 64
17 66 46
17 67 69
17 68 49
17 69 78
17 70 51
17 71 11
17 72 56
17 73 5
17 74 43
17 75 80
17 76 89
17 77 71
17 78 81
17 79 97
17 80 77
17 81 14
17 82 18
17 83 79
17 84 87
17 85 31
17 86 61
17 87 28
17 88 96
17 89 73
17 90 62
17 91 79
17 92 2
17 93 28
17 94 31
17 95 88
17 96 37
17 97 73
17 98 79
18 19 8
18 20 12
18 21 44
18 22 21
18 23 69
18 24 62
18 25 4
18 26 38
18 27 14
18 28 53
18 29 7
18 30 87
18 31 67
18 32 70
18 33 3
18 34 79
18 35 78
18 36 78
18 37 40
18 38 65
18 39 67
18 40 7
18 41 56
18 42 69
18 43 56
18 44 82
18 45 5
18 46 10
18 47 3
18 48 75
18 49 65
18 50 73
18 51 53
18 52 80
18 53 28
18 54 83
18 55 56
18 56 23
18 57 27
18 58 56
18 59 28
18 60 43
18 61 81
18 62 64
18 63 57
18 64 88
18 65 70
18 66 12
18 67 9
18 68 35
18 69 86
18 70 17
18 71 20
18 72 41
18 73 52
18 74 72
18 75 28
18 76 39
18 77 55
18 78 97
18 79 4
18 80 3
18 81 51
18 82 1
18 83 62
18 84 47
18 85 20
18 86 89
18 87 8
18 88 16
18 89 24
18 90 16
18 91 20
18 92 97
18 93 29
18 94 40
18 95 99
18 96 21
18 97 23
18 98 17
19 20 7
19 21 51
19 22 34
19 23 89
19 24 98
19 25 44
19 26 69
19 27 2
19 28 59
19 29 87
19 30 77
19 31 69
19 32 48
19 33 23
19 34 9
19 35 26
19 36 80
19 37 26
19 38 17
19 39 43
19 40 79
19 41 38
19 42 59
19 43 59
19 44 24
19 45 60
19 46 55
19 47 26
19 48 53
19 49 40
19 50 13
19 51 73
19 52 26
19 53 74
19 54 47
19 55 71
19 56 52
19 57 72
19 58 85
19 59 3
19 60 70
19 61 82
19 62 39
19 63 89
19 64 33
19 65 55
19 66 14
19 67 40
19 68 37
19 69 3
19 70 41
19 71 42
19 72 44
19 73 65
19 74 40
19 75 67
19 76 65
19 77 75
19 78 62
19 79 22
19 80 1
19 81 37
19 82 45
19 83 39
19 84 63
19 85 12
19 86 63
19 87 86
19 88 55
19 89 82
19 90 98
19 91 12
19 92 36
19 93 21
19 94 35
19 95 56
19 96 21
19 97 57
19 98 67
20 21 67
20 22 25
20 23 2
20 24 54
20 25 72
20 26 27
20 27 25
20 28 89
20 29 93
20 30 69
20 31 34
20 32 75
20 33 96
20 34 20
20 35 94
20 36 6
20 37 90
20 38 64
20 39 58
20 40 79
20 41 29
20 42 15
20 43 85
20 44 37
20 45 94
20 46 12
20 47 74
20 48 12
20 49 99
20 50 54
20 51 31
20 52 49
20 53 26
20 54 78
20 55 6
20 56 60
20 57 7
20 58 81
20 59 55
20 60 92
20 61 65
20 62 69
20 63 64
20 64 6
20 65 37
20 66 67
20 67 43
20 68 90
20 69 74
20 70 68
20 71 98
20 72 11
20 73 24
20 74 19
20 75 75
20 76 30
20 77 53
20 78 35
20 79 54
20 80 98
20 81 19
20 82 19
20 83 71
20 84 75
20 85 51
20 86 45
20 87 16
20 88 96
20 89 72
20 90 82
20 91 9
20 92 80
20 93 86
20 94 64
20 95 46
20 96 4
20 97 85
20 98 56
21 22 8
21 23 47
21 24 35
21 25 83
21 26 86
21 27 38
21 28 71
21 29 43
21 30 61
21 31 99
21 32 32
21 33 91
21 34 7
21 35 58
21 36 72
21 37 91
21 38 60
21 39 49
21 40 58
21 41 37
21 42 97
21 43 53
21 44 75
21 45 90
21 46 81
21 47 14
21 48 72
21 49 49
21 50 49
21 51 79
21 52 2
21 53 55
21 54 86
21 55 62
21 56 11
21 57 28
21 58 31
21 59 42
21 60 37
21 61 68
21 62 13
21 63 45
21 64 83
21 65 81
21 66 66
21 67 52
21 68 43
21 69 51
21 70 98
21 71 43
21 72 47
21 73 32
21 74 46
21 75 42
21 76 73
21 77 24
21 78 63
21 79 20
21 80 70
21 81 20
21 82 86
21 83 11
21 84 90
21 85 96
21 86 50
21 87 95
21 88 63
21 89 94
21 90 19
21 91 53
21 92 62
21 93 88
21 94 56
21 95 85
21 96 22
21 97 66
21 98 51
22 23 87
22 24 40
22 25 89
22 26 91
22 27 20
22 28 35
22 29 16
22 30 3
22 31 52
22 32 23
22 33 32
22 34 32
22 35 38
22 36 90
22 37 9
22 38 25
22 39 52
22 40 58
22 41 65
22 42 29
22 43 80
22 44 4
22 45 62
22 46 57
22 47 32
22 48 66
22 49 63
22 50 84
22 51 52
22 52 5
22 53 20
22 54 78
22 55 10
22 56 17
22 57 13
22 58 59
22 59 87
22 60 89
22 61 66
22 62 70
22 63 71
22 64 56
22 65 13
22 66 86
22 67 12
22 68 95
22 69 74
22 70 12
22 71 6
22 72 96
22 73 40
22 74 69
22 75 38
22 76 88
22 77 16
22 78 72
22 79 65
22 80 87
22 81 25
22 82 4
22 83 51
22 84 6
22 85 29
22 86 29
22 87 2
22 88 11
22 89 22
22 90 88
22 91 26
22 92 94
22 93 12
22 94 71
22 95 40
22 96 90
22 97 29
22 98 89
23 24 24
23 25 9
23 26 20
23 27 57
23 28 92
23 29 9
23 30 25
23 31 11
23 32 11
23 33 9
23 34 23
23 35 62
23 36 19
23 37 26
23 38 8
23 39 3
23 40 68
23 41 76
23 42 51
23 43 95
23 44 37
23 45 46
23 46 21
23 47 95
23 48 30
23 49 26
23 50 10
23 51 78
23 52 8
23 53 40
23 54 86
23 55 21
23 56 30
23 57 30
23 58 66
23 59 57
23 60 58
23 61 84
23 62 13
23 63 42
23 64 83
23 65 41
23 66 64
23 67 96
23 68 36
23 69 3
23 70 54
23 71 44
23 72 53
23 73 18
23 74 74
23 75 64
23 76 49
23 77 48
23 78 32
23 79 95
23 80 49
23 81 95
23 82 25
23 83 71
23 84 96
23 85 88
23 86 86
23 87 19
23 88 82
23 89 66
23 90 52
23 91 38
23 92 81
23 93 81
23 94 14
23 95 92
23 96 20
23 97 55
23 98 78
24 25 52
24 26 15
24 27 56
24 28 87
24 29 11
24 30 41
24 31 40
24 32 68
24 33 47
24 34 41
24 35 74
24 36 97
24 37 50
24 38 33
24 39 5
24 40 69
24 41 62
24 42 85
24 43 90
24 44 64
24 45 6
24 46 78
24 47 23
24 48 72
24 49 14
24 50 19
24 51 39
24 52 17
24 53 51
24 54 31
24 55 54
24 56 18
24 57 27
24 58 58
24 59 88
24 60 84
24 61 84
24 62 38
24 63 48
24 64 4
24 65 8
24 66 31
24 67 69
24 68 87
24 69 97
24 70 4
24 71 18
24 72 76
24 73 37
24 74 65
24 75 70
24 76 62
24 77 90
24 78 76
24 79 62
24 80 89
24 81 3
24 82 72
24 83 67
24 84 80
24 85 79
24 86 92
24 87 3
24 88 93
24 89 83
24 90 85
24 91 71
24 92 78
24 93 58
24 94 67
24 95 45
24 96 91
24 97 1
24 98 37
25 26 72
25 27 33
25 28 68
25 29 16
25 30 63
25 31 41
25 32 54
25 33 53
25 34 50
25 35 11
25 36 86
25 37 12
25 38 84
25 39 98
25 40 83
25 41 22
25 42 8
25 43 27
25 44 53
25 45 97
25 46 23
25 47 99
25 48 42
25 49 88
25 50 82
25 51 16
25 52 41
25 53 99
25 54 44
25 55 8
25 56 76
25 57 38
25 58 44
25 59 98
25 60 11
25 61 49
25 62 79
25 63 67
25 64 57
25 65 11
25 66 77
25 67 85
25 68 35
25 69 98
25 70 95
25 71 87
25 72 84
25 73 80
25 74 95
25 75 28
25 76 28
25 77 43
25 78 8
25 79 86
25 80 44
25 81 80
25 82 85
25 83 39
25 84 84
25 85 47
25 86 98
25 87 23
25 88 9
25 89 5
25 90 50
25 91 29
25 92 36
25 93 5
25 94 56
25 95 59
25 96 23
25 97 19
25 98 81
26 27 80
26 28 10
26 29 58
26 30 72
26 31 51
26 32 77
26 33 61
26 34 50
26 35 47
26 36 29
26 37 17
26 38 24
26 39 75
26 40 62
26 41 89
26 42 95
26 43 32
26 44 45
26 45 98
26 46 22
26 47 84
26 48 40
26 49 66
26 50 82
26 51 1
26 52 93
26 53 40
26 54 28
26 55 70
26 56 37
26 57 74
26 58 85
26 59 62
26 60 45
26 61 33
26 62 84
26 63 95
26 64 7
26 65 74
26 66 40
26 67 47
26 68 31
26 69 47
26 70 25
26 71 73
26 72 45
26 73 84
26 74 60
26 75 49
26 76 13
26 77 74
26 78 89
26 79 87
26 80 54
26 81 23
26 82 23
26 83 77
26 84 27
26 85 54
26 86 6
26 87 42
26 88 72
26 89 15
26 90 65
26 91 89
26 92 83
26 93 87
26 94 9
26 95 33
26 96 35
26 97 85
26 98 11
27 28 70
27 29 76
27 30 25
27 31 36
27 32 60
27 33 40
27 34 65
27 35 75
27 36 90
27 37 38
27 38 4
27 39 78
27 40 35
27 41 5
27 42 30
27 43 94
27 44 3
27 45 75
27 46 22
27 47 36
27 48 4
27 49 93
27 50 98
27 51 7
27 52 82
27 53 32
27 54 53
27 55 14
27 56 45
27 57 41
27 58 86
27 59 21
27 60 38
27 61 51
27 62 62
27 63 73
27 64 86
27 65 78
27 66 52
27 67 52
27 68 17
27 69 25
27 70 96
27 71 81
27 72 18
27 73 57
27 74 21
27 75 80
27 76 94
27 77 16
27 78 71
27 79 78
27 80 1
27 81 24
27 82 46
27 83 80
27 84 46
27 85 70
27 86 96
27 87 93
27 88 26
27 89 91
27 90 31
27 91 54
27 92 11
27 93 59
27 94 30
27 95 74
27 96 86
27 97 51
27 98 7
28 29 95
28 30 14
28 31 80
28 32 62
28 33 81
28 34 21
28 35 31
28 36 20
28 37 63
28 38 87
28 39 74
28 40 45
28 41 85
28 42 54
28 43 74
28 44 80
28 45 16
28 46 91
28 47 61
28 48 90
28 49 97
28 50 99
28 51 13
28 52 79
28 53 66
28 54 32
28 55 26
28 56 20
28 57 14
28 58 93
28 59 43
28 60 26
28 61 78
28 62 51
28 63 45
28 64 45
28 65 72
28 66 50
28 67 63
28 68 61
28 69 64
28 70 69
28 71 21
28 72 81
28 73 17
28 74 12
28 75 64
28 76 51
28 77 81
28 78 93
28 79 18
28 80 64
28 81 73
28 82 81
28 83 23
28 84 71
28 85 22
28 86 92
28 87 75
28 88 67
28 89 19
28 90 20
28 91 42
28 92 48
28 93 53
28 94 40
28 95 24
28 96 98
28 97 25
28 98 99
29 30 1
29 31 40
29 32 46
29 33 69
29 34 31
29 35 18
29 36 47
29 37 44
29 38 58
29 39 19
29 40 64
29 41 66
29 42 6
29 43 26
29 44 59
29 45 42
29 46 32
29 47 3
29 48 90
29 49 51
29 50 46
29 51 49
29 52 73
29 53 52
29 54 5
29 55 89
29 56 47
29 57 36
29 58 59
29 59 95
29 60 42
29 61 96
29 62 56
29 63 56
29 64 82
29 65 45
29 66 56
29 67 8
29 68 97
29 69 71
29 70 68
29 71 95
29 72 45
29 73 26
29 74 86
29 75 87
29 76 40
29 77 88
29 78 3
29 79 80
29 80 80
29 81 95
29 82 69
29 83 93
29 84 7
29 85 52
29 86 78
29 87 38
29 88 95
29 89 73
29 90 5
29 91 45
29 92 73
29 93 59
29 94 66
29 95 10
29 96 95
29 97 50
29 98 37
30 31 85
30 32 90
30 33 32
30 34 26
30 35 73
30 36 27
30 37 65
30 38 64
30 39 46
30 40 40
30 41 87
30 42 34
30 43 65
30 44 12
30 45 74
30 46 23
30 47 52
30 48 82
30 49 56
30 50 56
30 51 64
30 52 37
30 53 80
30 54 6
30 55 78
30 56 26
30 57 78
30 58 4
30 59 33
30 60 16
30 61 69
30 62 74
30 63 28
30 64 81
30 65 14
30 66 7
30 67 30
30 68 34
30 69 51
30 70 16
30 71 9
30 72 58
30 73 61
30 74 98
30 75 42
30 76 37
30 77 35
30 78 71
30 79 31
30 80 80
30 81 17
30 82 25
30 83 46
30 84 64
30 85 16
30 86 85
30 87 89
30 88 48
30 89 71
30 90 16
30 91 32
30 92 44
30 93 45
30 94 22
30 95 65
30 96 15
30 97 5
30 98 17
31 32 74
31 33 96
31 34 59
31 35 69
31 36 90
31 37 69
31 38 34
31 39 61
31 40 5
31 41 73
31 42 46
31 43 92
31 44 5
31 45 79
31 46 54
31 47 82
31 48 12
31 49 46
31 50 25
31 51 69
31 52 67
31 53 42
31 54 23
31 55 36
31 56 38
31 57 41
31 58 57
31 59 25
31 60 47
31 61 89
31 62 97
31 63 5
31 64 11
31 65 2
31 66 24
31 67 47
31 68 19
31 69 20
31 70 18
31 71 63
31 72 96
31 73 73
31 74 82
31 75 45
31 76 82
31 77 28
31 78 60
31 79 81
31 80 78
31 81 61
31 82 30
31 83 39
31 84 22
31 85 55
31 86 78
31 87 68
31 88 62
31 89 7
31 90 22
31 91 84
31 92 7
31 93 59
31 94 88
31 95 82
31 96 86
31 97 72
31 98 48
32 33 43
32 34 35
32 35 61
32 36 46
32 37 63
32 38 4
32 39 56
32 40 30
32 41 93
32 42 24
32 43 67
32 44 11
32 45 39
32 46 5
32 47 96
32 48 69
32 49 66
32 50 73
32 51 38
32 52 4
32 53 7
32 54 65
32 55 59
32 56 51
32 57 46
32 58 21
32 59 46
32 60 55
32 61 68
32 62 76
32 63 90
32 64 45
32 65 36
32 66 85
32 67 90
32 68 16
32 69 51
32 70 29
32 71 43
32 72 91
32 73 56
32 74 42
32 75 34
32 76 78
32 77 30
32 78 65
32 79 56
32 80 67
32 81 63
32 82 42
32 83 7
32 84 91
32 85 10
32 86 94
32 87 66
32 88 36
32 89 82
32 90 84
32 91 55
32 92 31
32 93 31
32 94 27
32 95 33
32 96 30
32 97 23
32 98 14
33 34 90
33 35 47
33 36 71
33 37 23
33 38 93
33 39 20
33 40 40
33 41 99
33 42 1
33 43 51
33 44 44
33 45 3
33 46 29
33 47 5
33 48 67
33 49 71
33 50 60
33 51 30
33 52 93
33 53 39
33 54 34
33 55 30
33 56 33
33 57 46
33 58 52
33 59 18
33 60 44
33 61 62
33 62 81
33 63 37
33 64 75
33 65 26
33 66 3
33 67 2
33 68 13
33 69 49
33 70 25
33 71 24
33 72 84
33 73 78
33 74 9
33 75 18
33 76 66
33 77 47
33 78 87
33 79 77
33 80 46
33 81 83
33 82 5
33 83 57
33 84 91
33 85 33
33 86 69
33 87 65
33 88 35
33 89 9
33 90 77
33 91 41
33 92 86
33 93 9
33 94 64
33 95 88
33 96 36
33 97 18
33 98 94
34 35 45
34 36 88
34 37 91
34 38 6
34 39 29
34 40 75
34 41 23
34 42 95
34 43 6
34 44 39
34 45 58
34 46 35
34 47 94
34 48 5
34 49 4
34 50 55
34 51 88
34 52 66
34 53 46
34 54 79
34 55 83
34 56 77
34 57 7
34 58 98
34 59 49
34 60 94
34 61 52
34 62 48
34 63 48
34 64 55
34 65 81
34 66 55
34 67 90
34 68 99
34 69 16
34 70 25
34 71 34
34 72 80
34 73 84
34 74 38
34 75 50
34 76 90
34 77 33
34 78 60
34 79 69
34 80 94
34 81 46
34 82 69
34 83 97
34 84 2
34 85 94
34 86 83
34 87 3
34 88 95
34 89 81
34 90 67
34 91 51
34 92 74
34 93 56
34 94 87
34 95 4
34 96 8
34 97 29
34 98 74
35 36 86
35 37 75
35 38 73
35 39 49
35 40 91
35 41 57
35 42 21
35 43 18
35 44 49
35 45 59
35 46 1
35 47 86
35 48 78
35 49 47
35 50 46
35 51 28
35 52 12
35 53 6
35 54 95
35 55 76
35 56 98
35 57 30
35 58 84
35 59 52
35 60 73
35 61 57
35 62 91
35 63 32
35 64 77
35 65 81
35 66 65
35 67 80
35 68 32
35 69 53
35 70 68
35 71 61
35 72 92
35 73 15
35 74 33
35 75 23
35 76 66
35 77 44
35 78 99
35 79 20
35 80 9
35 81 13
35 82 84
35 83 3
35 84 61
35 85 44
35 86 6
35 87 90
35 88 67
35 89 27
35 90 8
35 91 3
35 92 12
35 93 94
35 94 68
35 95 29
35 96 4
35 97 13
35 98 74
36 37 17
36 38 46
36 39 37
36 40 86
36 41 49
36 42 17
36 43 5
36 44 44
36 45 19
36 46 86
36 47 43
36 48 1
36 49 6
36 50 47
36 51 5
36 52 62
36 53 90
36 54 5
36 55 47
36 56 62
36 57 74
36 58 20
36 59 85
36 60 90
36 61 40
36 62 37
36 63 99
36 64 25
36 65 41
36 66 68
36 67 26
36 68 8
36 69 84
36 70 7
36 71 9
36 72 11
36 73 99
36 74 55
36 75 67
36 76 4
36 77 80
36 78 85
36 79 28
36 80 59
36 81 72
36 82 74
36 83 49
36 84 31
36 85 98
36 86 68
36 87 48
36 88 54
36 89 70
36 90 6
36 91 74
36 92 71
36 93 31
36 94 5
36 95 90
36 96 62
36 97 91
36 98 10
37 38 22
37 39 68
37 40 15
37 41 2
37 42 67
37 43 52
37 44 49
37 45 6
37 46 54
37 47 49
37 48 66
37 49 92
37 50 99
37 51 65
37 52 44
37 53 61
37 54 75
37 55 94
37 56 12
37 57 77
37 58 16
37 59 46
37 60 28
37 61 26
37 62 48
37 63 10
37 64 41
37 65 41
37 66 87
37 67 6
37 68 21
37 69 43
37 70 81
37 71 89
37 72 40
37 73 81
37 74 93
37 75 11
37 76 63
37 77 49
37 78 32
37 79 47
37 80 32
37 81 71
37 82 63
37 83 81
37 84 48
37 85 13
37 86 2
37 87 65
37 88 63
37 89 40
37 90 36
37 91 87
37 92 40
37 93 23
37 94 95
37 95 16
37 96 92
37 97 79
37 98 33
38 39 56
38 40 47
38 41 16
38 42 92
38 43 1
38 44 59
38 45 62
38 46 99
38 47 81
38 48 34
38 49 46
38 50 16
38 51 9
38 52 18
38 53 51
38 54 21
38 55 28
38 56 16
38 57 62
38 58 82
38 59 67
38 60 14
38 61 13
38 62 58
38 63 97
38 64 72
38 65 19
38 66 73
38 67 24
38 68 44
38 69 81
38 70 1
38 71 21
38 72 53
38 73 13
38 74 48
38 75 68
38 76 35
38 77 11
38 78 35
38 79 55
38 80 56
38 81 69
38 82 21
38 83 17
38 84 42
38 85 26
38 86 19
38 87 31
38 88 36
38 89 96
38 90 54
38 91 76
38 92 77
38 93 92
38 94 7
38 95 76
38 96 22
38 97 17
38 98 81
39 40 80
39 41 85
39 42 91
39 43 49
39 44 76
39 45 27
39 46 16
39 47 39
39 48 86
39 49 67
39 50 69
39 51 93
39 52 73
39 53 24
39 54 53
39 55 6
39 56 74
39 57 30
39 58 75
39 59 34
39 60 19
39 61 8
39 62 78
39 63 90
39 64 86
39 65 6
39 66 79
39 67 27
39 68 85
39 69 4
39 70 65
39 71 5
39 72 9
39 73 86
39 74 25
39 75 20
39 76 36
39 77 98
39 78 19
39 79 24
39 80 3
39 81 64
39 82 36
39 83 14
39 84 84
39 85 59
39 86 8
39 87 3
39 88 24
39 89 24
39 90 35
39 91 86
39 92 69
39 93 47
39 94 82
39 95 43
39 96 83
39 97 91
39 98 91
40 41 86
40 42 41
40 43 43
40 44 97
40 45 77
40 46 9
40 47 5
40 48 2
40 49 36
40 50 47
40 51 69
40 52 68
40 53 69
40 54 59
40 55 94
40 56 21
40 57 59
40 58 10
40 59 7
40 60 96
40 61 5
40 62 44
40 63 82
40 64 96
40 65 57
40 66 73
40 67 86
40 68 92
40 69 56
40 70 8
40 71 66
40 72 39
40 73 61
40 74 59
40 75 84
40 76 22
40 77 43
40 78 98
40 79 3
40 80 49
40 81 13
40 82 2
40 83 16
40 84 65
40 85 46
40 86 55
40 87 82
40 88 29
40 89 4
40 90 31
40 91 60
40 92 67
40 93 51
40 94 71
40 95 88
40 96 21
40 97 96
40 98 19
41 42 25
41 43 40
41 44 68
41 45 45
41 46 60
41 47 70
41 48 35
41 49 48
41 50 33
41 51 49
41 52 73
41 53 11
41 54 60
41 55 14
41 56 43
41 57 88
41 58 33
41 59 11
41 60 10
41 61 45
41 62 80
41 63 28
41 64 25
41 65 60
41 66 89
41 67 64
41 68 38
41 69 30
41 70 98
41 71 97
41 72 30
41 73 77
41 74 68
41 75 48
41 76 42
41 77 30
41 78 35
41 79 50
41 80 39
41 81 83
41 82 89
41 83 6
41 84 26
41 85 9
41 86 70
41 87 47
41 88 10
41 89 45
41 90 32
41 91 87
41 92 81
41 93 98
41 94 85
41 95 85
41 96 92
41 97 74
41 98 88
42 43 58
42 44 38
42 45 59
42 46 19
42 47 34
42 48 32
42 49 59
42 50 15
42 51 82
42 52 1
42 53 1
42 54 16
42 55 52
42 56 29
42 57 28
42 58 5
42 59 51
42 60 12
42 61 42
42 62 39
42 63 85
42 64 24
42 65 31
42 66 63
42 67 98
42 68 8
42 69 99
42 70 37
42 71 65
42 72 90
42 73 2
42 74 81
42 75 25
42 76 55
42 77 56
42 78 38
42 79 73
42 80 77
42 81 31
42 82 98
42 83 96
42 84 26
42 85 93
42 86 79
42 87 69
42 88 1
42 89 77
42 90 47
42 91 13
42 92 73
42 93 86
42 94 61
42 95 84
42 96 58
42 97 34
42 98 60
43 44 96
43 45 46
43 46 95
43 47 53
43 48 86
43 49 39
43 50 57
43 51 39
43 52 49
43 53 99
43 54 33
43 55 46
43 56 22
43 57 16
43 58 18
43 59 92
43 60 83
43 61 40
43 62 47
43 63 74
43 64 12
43 65 95
43 66 13
43 67 91
43 68 66
43 69 30
43 70 70
43 71 28
43 72 34
43 73 97
43 74 98
43 75 90
43 76 77
43 77 73
43 78 58
43 79 26
43 80 78
43 81 11
43 82 35
43 83 88
43 84 72
43 85 88
43 86 96
43 87 53
43 88 82
43 89 78
43 90 89
43 91 96
43 92 81
43 93 23
43 94 1
43 95 30
43 96 26
43 97 61
43 98 62
44 45 91
44 46 21
44 47 67
44 48 96
44 49 68
44 50 84
44 51 48
44 52 99
44 53 56
44 54 89
44 55 35
44 56 75
44 57 46
44 58 71
44 59 88
44 60 15
44 61 59
44 62 97
44 63 57
44 64 53
44 65 13
44 66 72
44 67 75
44 68 84
44 69 36
44 70 27
44 71 26
44 72 43
44 73 7
44 74 94
44 75 18
44 76 7
44 77 42
44 78 7
44 79 51
44 80 60
44 81 16
44 82 57
44 83 97
44 84 43
44 85 30
44 86 70
44 87 31
44 88 29
44 89 49
44 90 75
44 91 36
44 92 85
44 93 17
44 94 76
44 95 88
44 96 13
44 97 3
44 98 81
45 46 31
45 47 25
45 48 75
45 49 25
45 50 41
45 51 65
45 52 30
45 53 55
45 54 63
45 55 16
45 56 73
45 57 11
45 58 38
45 59 54
45 60 2
45 61 45
45 62 7
45 63 6
45 64 24
45 65 39
45 66 43
45 67 55
45 68 51
45 69 53
45 70 90
45 71 98
45 72 40
45 73 6
45 74 24
45 75 38
45 76 83
45 77 78
45 78 83
45 79 83
45 80 71
45 81 50
45 82 84
45 83 47
45 84 62
45 85 28
45 86 63
45 87 34
45 88 13
45 89 16
45 90 23
45 91 64
45 92 39
45 93 93
45 94 39
45 95 17
45 96 76
45 97 9
45 98 94
46 47 24
46 48 11
46 49 37
46 50 21
46 51 29
46 52 34
46 53 64
46 54 68
46 55 27
46 56 78
46 57 50
46 58 79
46 59 46
46 60 80
46 61 79
46 62 29
46 63 69
46 64 13
46 65 27
46 66 16
46 67 52
46 68 27
46 69 67
46 70 73
46 71 26
46 72 61
46 73 41
46 74 10
46 75 22
46 76 69
46 77 37
46 78 86
46 79 49
46 80 93
46 81 79
46 82 49
46 83 66
46 84 56
46 85 52
46 86 12
46 87 39
46 88 70
46 89 95
46 90 63
46 91 73
46 92 16
46 93 83
46 94 82
46 95 39
46 96 51
46 97 18
46 98 81
47 48 77
47 49 33
47 50 91
47 51 75
47 52 89
47 53 5
47 54 64
47 55 8
47 56 25
47 57 62
47 58 38
47 59 50
47 60 92
47 61 81
47 62 61
47 63 6
47 64 88
47 65 39
47 66 98
47 67 61
47 68 39
47 69 58
47 70 61
47 71 85
47 72 77
47 73 49
47 74 87
47 75 69
47 76 26
47 77 45
47 78 33
47 79 95
47 80 64
47 81 56
47 82 97
47 83 56
47 84 87
47 85 43
47 86 2
47 87 93
47 88 12
47 89 89
47 90 26
47 91 9
47 92 41
47 93 67
47 94 5
47 95 10
47 96 86
47 97 84
47 98 38
48 49 84
48 50 53
48 51 64
48 52 44
48 53 65
48 54 23
48 55 65
48 56 31
48 57 39
48 58 6
48 59 16
48 60 94
48 61 40
48 62 99
48 63 4
48 64 50
48 65 81
48 66 75
48 67 11
48 68 51
48 69 35
48 70 68
48 71 7
48 72 92
48 73 28
48 74 63
48 75 81
48 76 48
48 77 36
48 78 1
48 79 70
48 80 58
48 81 6
48 82 3
48 83 66
48 84 78
48 85 50
48 86 57
48 87 89
48 88 78
48 89 11
48 90 20
48 91 37
48 92 38
48 93 6
48 94 29
48 95 87
48 96 74
48 97 60
48 98 95
49 50 80
49 51 18
49 52 21
49 53 22
49 54 88
49 55 52
49 56 93
49 57 9
49 58 45
49 59 84
49 60 56
49 61 11
49 62 60
49 63 70
49 64 72
49 65 83
49 66 6
49 67 89
49 68 69
49 69 37
49 70 47
49 71 36
49 72 26
49 73 15
49 74 39
49 75 7
49 76 3
49 77 89
49 78 30
49 79 28
49 80 46
49 81 24
49 82 38
49 83 27
49 84 38
49 85 89
49 86 99
49 87 95
49 88 58
49 89 51
49 90 23
49 91 53
49 92 84
49 93 65
49 94 76
49 95 69
49 96 97
49 97 46
49 98 22
50 51 38
50 52 56
50 53 34
50 54 63
50 55 73
50 56 9
50 57 13
50 58 46
50 59 5
50 60 20
50 61 60
50 62 82
50 63 35
50 64 79
50 65 18
50 66 75
50 67 8
50 68 68
50 69 26
50 70 36
50 71 34
50 72 72
50 73 49
50 74 75
50 75 70
50 76 63
50 77 74
50 78 86
50 79 56
50 80 78
50 81 32
50 82 4
50 83 82
50 84 58
50 85 55
50 86 22
50 87 3
50 88 8
50 89 21
50 90 60
50 91 93
50 92 89
50 93 16
50 94 15
50 95 95
50 96 63
50 97 68
50 98 14
51 52 80
51 53 50
51 54 98
51 55 84
51 56 82
51 57 35
51 58 95
51 59 71
51 60 94
51 61 43
51 62 29
51 63 64
51 64 75
51 65 86
51 66 24
51 67 63
51 68 29
51 69 77
51 70 16
51 71 29
51 72 15
51 73 84
51 74 61
51 75 45
51 76 25
51 77 71
51 78 57
51 79 76
51 80 37
51 81 56
51 82 16
51 83 48
51 84 75
51 85 15
51 86 48
51 87 56
51 88 89
51 89 48
51 90 50
51 91 32
51 92 6
51 93 22
51 94 65
51 95 46
51 96 71
51 97 94
51 98 43
52 53 64
52 54 58
52 55 40
52 56 28
52 57 72
52 58 74
52 59 12
52 60 53
52 61 22
52 62 97
52 63 35
52 64 87
52 65 73
52 66 95
52 67 70
52 68 26
52 69 50
52 70 22
52 71 57
52 72 19
52 73 5
52 74 25
52 75 47
52 76 14
52 77 98
52 78 69
52 79 35
52 80 72
52 81 95
52 82 20
52 83 45
52 84 45
52 85 22
52 86 93
52 87 56
52 88 51
52 89 68
52 90 8
52 91 88
52 92 93
52 93 20
52 94 18
52 95 82
52 96 13
52 97 92
52 98 38
53 54 21
53 55 89
53 56 10
53 57 79
53 58 90
53 59 50
53 60 13
53 61 53
53 62 31
53 63 92
53 64 43
53 65 60
53 66 79
53 67 36
53 68 36
53 69 59
53 70 90
53 71 72
53 72 29
53 73 13
53 74 17
53 75 43
53 76 65
53 77 47
53 78 90
53 79 55
53 80 42
53 81 27
53 82 10
53 83 65
53 84 28
53 85 70
53 86 11
53 87 44
53 88 23
53 89 99
53 90 97
53 91 66
53 92 52
53 93 13
53 94 28
53 95 44
53 96 68
53 97 63
53 98 54
54 55 41
54 56 25
54 57 77
54 58 82
54 59 79
54 60 83
54 61 62
54 62 73
54 63 84
54 64 5
54 65 21
54 66 73
54 67 30
54 68 77
54 69 99
54 70 74
54 71 6
54 72 81
54 73 76
54 74 90
54 75 92
54 76 52
54 77 81
54 78 50
54 79 22
54 80 56
54 81 28
54 82 86
54 83 7
54 84 31
54 85 56
54 86 28
54 87 38
54 88 80
54 89 97
54 90 82
54 91 73
54 92 45
54 93 32
54 94 7
54 95 32
54 96 14
54 97 46
54 98 14
55 56 52
55 57 68
55 58 63
55 59 31
55 60 71
55 61 49
55 62 15
55 63 27
55 64 62
55 65 53
55 66 80
55 67 18
55 68 17
55 69 6
55 70 41
55 71 44
55 72 93
55 73 61
55 74 56
55 75 95
55 76 95
55 77 27
55 78 35
55 79 12
55 80 48
55 81 43
55 82 19
55 83 30
55 84 58
55 85 42
55 86 5
55 87 27
55 88 64
55 89 27
55 90 77
55 91 19
55 92 19
55 93 14
55 94 71
55 95 66
55 96 21
55 97 67
55 98 35
56 57 75
56 58 9
56 59 60
56 60 70
56 61 93
56 62 59
56 63 38
56 64 37
56 65 56
56 66 89
56 67 2
56 68 38
56 69 40
56 70 32
56 71 16
56 72 41
56 73 34
56 74 13
56 75 45
56 76 2
56 77 3
56 78 15
56 79 43
56 80 31
56 81 84
56 82 44
56 83 77
56 84 96
56 85 67
56 86 56
56 87 8
56 88 15
56 89 38
56 90 96
56 91 76
56 92 16
56 93 17
56 94 57
56 95 39
56 96 53
56 97 50
56 98 7
57 58 65
57 59 37
57 60 27
57 61 15
57 62 12
57 63 98
57 64 40
57 65 56
57 66 16
57 67 57
57 68 84
57 69 85
57 70 76
57 71 47
57 72 49
57 73 91
57 74 51
57 75 64
57 76 23
57 77 2
57 78 34
57 79 11
57 80 12
57 81 76
57 82 77
57 83 33
57 84 19
57 85 21
57 86 5
57 87 44
57 88 74
57 89 42
57 90 38
57 91 95
57 92 59
57 93 10
57 94 56
57 95 93
57 96 69
57 97 90
57 98 21
58 59 26
58 60 35
58 61 71
58 62 79
58 63 83
58 64 8
58 65 38
58 66 32
58 67 13
58 68 21
58 69 92
58 70 20
58 71 33
58 72 72
58 73 47
58 74 66
58 75 36
58 76 76
58 77 12
58 78 3
58 79 51
58 80 51
58 81 93
58 82 33
58 83 10
58 84 75
58 85 46
58 86 94
58 87 63
58 88 7
58 89 98
58 90 95
58 91 21
58 92 99
58 93 14
58 94 41
58 95 99
58 96 39
58 97 93
58 98 78
59 60 1
59 61 34
59 62 71
59 63 71
59 64 83
59 65 81
59 66 28
59 67 27
59 68 3
59 69 55
59 70 8
59 71 35
59 72 76
59 73 75
59 74 36
59 75 57
59 76 21
59 77 68
59 78 80
59 79 43
59 80 66
59 81 21
59 82 96
59 83 54
59 84 92
59 85 82
59 86 11
59 87 32
59 88 67
59 89 64
59 90 73
59 91 54
59 92 1
59 93 27
59 94 40
59 95 17
59 96 20
59 97 36
59 98 27
60 61 52
60 62 78
60 63 38
60 64 87
60 65 20
60 66 1
60 67 92
60 68 1
60 69 96
60 70 36
60 71 89
60 72 79
60 73 3
60 74 1
60 75 26
60 76 73
60 77 8
60 78 74
60 79 66
60 80 84
60 81 24
60 82 63
60 83 46
60 84 13
60 85 75
60 86 41
60 87 84
60 88 11
60 89 35
60 90 55
60 91 13
60 92 4
60 93 15
60 94 61
60 95 31
60 96 36
60 97 23
60 98 63
61 62 65
61 63 38
61 64 22
61 65 1
61 66 9
61 67 69
61 68 60
61 69 7
61 70 67
61 71 48
61 72 98
61 73 81
61 74 57
61 75 90
61 76 96
61 77 27
61 78 24
61 79 83
61 80 98
61 81 56
61 82 38
61 83 67
61 84 36
61 85 31
61 86 14
61 87 59
61 88 47
61 89 83
61 90 65
61 91 80
61 92 97
61 93 37
61 94 41
61 95 39
61 96 71
61 97 64
61 98 18
62 63 58
62 64 15
62 65 75
62 66 4
62 67 18
62 68 25
62 69 86
62 70 2
62 71 92
62 72 78
62 73 60
62 74 57
62 75 86
62 76 62
62 77 81
62 78 43
62 79 13
62 80 73
62 81 34
62 82 56
62 83 92
62 84 68
62 85 99
62 86 94
62 87 48
62 88 63
62 89 14
62 90 52
62 91 86
62 92 66
62 93 64
62 94 41
62 95 82
62 96 24
62 97 30
62 98 80
63 64 54
63 65 90
63 66 18
63 67 1
63 68 3
63 69 57
63 70 3
63 71 25
63 72 69
63 73 31
63 74 3
63 75 95
63 76 43
63 77 67
63 78 69
63 79 70
63 80 59
63 81 33
63 82 5
63 83 95
63 84 77
63 85 73
63 86 32
63 87 39
63 88 32
63 89 51
63 90 69
63 91 51
63 92 49
63 93 60
63 94 69
63 95 66
63 96 31
63 97 90
63 98 40
64 65 63
64 66 23
64 67 9
64 68 59
64 69 31
64 70 95
64 71 65
64 72 32
64 73 37
64 74 84
64 75 89
64 76 43
64 77 42
64 78 3
64 79 62
64 80 96
64 81 27
64 82 86
64 83 73
64 84 27
64 85 83
64 86 37
64 87 28
64 88 60
64 89 74
64 90 97
64 91 89
64 92 69
64 93 54
64 94 65
64 95 53
64 96 29
64 97 73
64 98 35
65 66 21
65 67 37
65 68 79
65 69 10
65 70 40
65 71 52
65 72 46
65 73 43
65 74 33
65 75 50
65 76 1
65 77 80
65 78 88
65 79 90
65 80 74
65 81 97
65 82 9
65 83 15
65 84 77
65 85 72
65 86 25
65 87 39
65 88 53
65 89 8
65 90 73
65 91 47
65 92 43
65 93 2
65 94 37
65 95 34
65 96 87
65 97 20
65 98 4
66 67 66
66 68 23
66 69 91
66 70 54
66 71 76
66 72 60
66 73 7
66 74 57
66 75 33
66 76 5
66 77 27
66 78 35
66 79 2
66 80 63
66 81 64
66 82 77
66 83 60
66 84 81
66 85 18
66 86 73
66 87 35
66 88 49
66 89 44
66 90 39
66 91 24
66 92 82
66 93 76
66 94 97
66 95 82
66 96 22
66 97 7
66 98 71
67 68 92
67 69 78
67 70 69
67 71 53
67 72 24
67 73 10
67 74 5
67 75 71
67 76 52
67 77 76
67 78 6
67 79 1
67 80 64
67 81 51
67 82 96
67 83 2
67 84 74
67 85 26
67 86 23
67 87 63
67 88 73
67 89 8
67 90 91
67 91 42
67 92 61
67 93 12
67 94 67
67 95 68
67 96 97
67 97 37
67 98 72
68 69 50
68 70 98
68 71 16
68 72 78
68 73 35
68 74 7
68 75 15
68 76 54
68 77 31
68 78 52
68 79 40
68 80 33
68 81 29
68 82 59
68 83 79
68 84 29
68 85 13
68 86 94
68 87 12
68 88 21
68 89 51
68 90 62
68 91 75
68 92 6
68 93 54
68 94 97
68 95 62
68 96 1
68 97 28
68 98 62
69 70 17
69 71 54
69 72 68
69 73 4
69 74 81
69 75 76
69 76 35
69 77 1
69 78 21
69 79 24
69 80 2
69 81 30
69 82 83
69 83 28
69 84 54
69 85 16
69 86 89
69 87 45
69 88 17
69 89 9
69 90 47
69 91 44
69 92 59
69 93 60
69 94 39
69 95 77
69 96 19
69 97 10
69 98 6
70 71 88
70 72 20
70 73 76
70 74 36
70 75 81
70 76 24
70 77 39
70 78 5
70 79 34
70 80 57
70 81 52
70 82 37
70 83 41
70 84 35
70 85 31
70 86 15
70 87 58
70 88 70
70 89 94
70 90 41
70 91 22
70 92 17
70 93 77
70 94 7
70 95 88
70 96 38
70 97 87
70 98 82
71 72 12
71 73 16
71 74 87
71 75 67
71 76 67
71 77 45
71 78 98
71 79 80
71 80 51
71 81 90
71 82 78
71 83 57
71 84 35
71 85 87
71 86 53
71 87 4
71 88 31
71 89 11
71 90 81
71 91 53
71 92 30
71 93 57
71 94 11
71 95 28
71 96 33
71 97 90
71 98 34
72 73 19
72 74 6
72 75 36
72 76 16
72 77 90
72 78 78
72 79 88
72 80 8
72 81 30
72 82 68
72 83 95
72 84 95
72 85 12
72 86 87
72 87 38
72 88 1
72 89 15
72 90 72
72 91 26
72 92 32
72 93 98
72 94 38
72 95 99
72 96 67
72 97 31
72 98 74
73 74 92
73 75 1
73 76 72
73 77 97
73 78 89
73 79 11
73 80 22
73 81 28
73 82 68
73 83 10
73 84 13
73 85 74
73 86 88
73 87 17
73 88 55
73 89 22
73 90 94
73 91 8
73 92 10
73 93 35
73 94 60
73 95 69
73 96 36
73 97 66
73 98 27
74 75 63
74 76 21
74 77 47
74 78 25
74 79 11
74 80 66
74 81 37
74 82 91
74 83 98
74 84 12
74 85 57
74 86 58
74 87 53
74 88 73
74 89 48
74 90 27
74 91 89
74 92 11
74 93 60
74 94 99
74 95 69
74 96 84
74 97 71
74 98 9
75 76 81
75 77 38
75 78 92
75 79 79
75 80 85
75 81 61
75 82 67
75 83 46
75 84 12
75 85 46
75 86 81
75 87 5
75 88 50
75 89 79
75 90 65
75 91 99
75 92 59
75 93 77
75 94 23
75 95 11
75 96 44
75 97 42
75 98 54
76 77 29
76 78 74
76 79 32
76 80 94
76 81 57
76 82 84
76 83 39
76 84 20
76 85 14
76 86 55
76 87 33
76 88 90
76 89 35
76 90 68
76 91 33
76 92 33
76 93 31
76 94 26
76 95 48
76 96 20
76 97 51
76 98 97
77 78 35
77 79 2
77 80 40
77 81 23
77 82 68
77 83 51
77 84 4
77 85 39
77 86 44
77 87 67
77 88 93
77 89 76
77 90 8
77 91 22
77 92 77
77 93 38
77 94 62
77 95 20
77 96 91
77 97 19
77 98 93
78 79 90
78 80 93
78 81 41
78 82 68
78 83 84
78 84 91
78 85 17
78 86 67
78 87 68
78 88 52
78 89 33
78 90 16
78 91 52
78 92 41
78 93 63
78 94 81
78 95 46
78 96 63
78 97 5
78 98 38
79 80 16
79 81 69
79 82 68
79 83 35
79 84 16
79 85 86
79 86 62
79 87 77
79 88 5
79 89 54
79 90 64
79 91 76
79 92 34
79 93 58
79 94 20
79 95 97
79 96 71
79 97 70
79 98 91
80 81 92
80 82 47
80 83 82
80 84 7
80 85 63
80 86 61
80 87 53
80 88 14
80 89 1
80 90 21
80 91 20
80 92 54
80 93 97
80 94 31
80 95 43
80 96 17
80 97 91
80 98 11
81 82 17
81 83 20
81 84 32
81 85 51
81 86 23
81 87 50
81 88 40
81 89 29
81 90 42
81 91 38
81 92 45
81 93 76
81 94 83
81 95 25
81 96 89
81 97 64
81 98 5
82 83 19
82 84 28
82 85 40
82 86 96
82 87 5
82 88 76
82 89 1
82 90 5
82 91 36
82 92 5
82 93 89
82 94 44
82 95 24
82 96 6
82 97 71
82 98 91
83 84 83
83 85 67
83 86 55
83 87 31
83 88 50
83 89 59
83 90 61
83 91 36
83 92 41
83 93 1
83 94 62
83 95 59
83 96 91
83 97 22
83 98 21
84 85 20
84 86 71
84 87 48
84 88 58
84 89 72
84 90 9
84 91 43
84 92 31
84 93 23
84 94 70
84 95 80
84 96 62
84 97 85
84 98 10
85 86 59
85 87 73
85 88 33
85 89 56
85 90 41
85 91 6
85 92 79
85 93 89
85 94 66
85 95 23
85 96 23
85 97 50
85 98 67
86 87 86
86 88 78
86 89 2
86 90 34
86 91 72
86 92 81
86 93 3
86 94 7
86 95 1
86 96 42
86 97 80
86 98 2
87 88 59
87 89 83
87 90 47
87 91 78
87 92 33
87 93 63
87 94 28
87 95 60
87 96 13
87 97 78
87 98 38
88 89 11
88 90 13
88 91 63
88 92 70
88 93 40
88 94 12
88 95 11
88 96 71
88 97 96
88 98 4
89 90 5
89 91 11
89 92 8
89 93 15
89 94 31
89 95 23
89 96 85
89 97 32
89 98 16
90 91 5
90 92 17
90 93 7
90 94 82
90 95 79
90 96 79
90 97 78
90 98 68
91 92 90
91 93 8
91 94 21
91 95 88
91 96 57
91 97 50
91 98 64
92 93 39
92 94 58
92 95 78
92 96 54
92 97 67
92 98 87
93 94 28
93 95 98
93 96 35
93 97 94
93 98 23
94 95 64
94 96 64
94 97 93
94 98 57
95 96 54
95 97 78
95 98 53
96 97 29
96 98 26
97 98 47