100
0 3 52
0 6 60
0 7 86
0 8 92
0 9 41
0 10 5
0 12 62
0 13 44
0 14 9
0 15 57
0 20 12
0 23 72
0 26 79
0 29 10
0 30 69
0 33 65
0 34 68
0 36 15
0 38 40
0 41 71
0 42 92
0 44 43
0 45 8
0 46 48
0 47 68
0 50 18
0 51 84
0 52 32
0 54 95
0 56 82
0 59 39
0 60 56
0 62 26
0 63 79
0 65 67
0 66 49
0 67 87
0 68 29
0 69 91
0 70 90
0 71 43
0 72 66
0 74 9
0 77 31
0 79 87
0 81 53
0 83 89
0 84 57
0 86 59
0 87 66
0 89 18
0 91 32
0 96 36
0 97 19
1 4 46
1 10 47
1 11 48
1 19 40
1 23 11
1 28 53
1 32 14
1 33 55
1 35 35
1 36 25
1 37 69
1 39 27
1 41 15
1 42 77
1 43 98
1 44 40
1 45 32
1 49 87
1 51 74
1 52 61
1 55 84
1 57 81
1 58 7
1 60 81
1 61 93
1 63 9
1 64 24
1 65 52
1 67 90
1 68 71
1 71 46
1 72 62
1 79 95
1 81 16
1 82 50
1 83 80
1 86 85
1 87 19
1 89 92
1 90 38
1 91 77
1 95 50
1 97 23
1 98 65
2 5 32
2 6 78
2 7 46
2 9 23
2 10 90
2 17 92
2 23 47
2 24 84
2 27 57
2 30 37
2 31 19
2 33 91
2 34 50
2 38 57
2 39 13
2 40 29
2 43 46
2 45 68
2 46 70
2 50 42
2 55 64
2 60 30
2 66 37
2 69 18
2 71 81
2 74 81
2 79 52
2 81 96
2 82 83
2 85 73
2 86 8
2 87 24
2 88 50
2 91 10
2 92 5
2 94 50
2 96 81
2 98 6
2 99 37
3 5 77
3 6 20
3 7 48
3 10 65
3 11 15
3 18 64
3 26 78
3 27 75
3 30 77
3 32 19
3 36 46
3 38 4
3 39 55
3 46 40
3 47 2
3 49 67
3 50 17
3 53 30
3 56 74
3 57 64
3 58 27
3 60 64
3 64 17
3 69 98
3 76 90
3 77 62
3 78 28
3 79 72
3 80 3
3 81 11
3 82 98
3 83 54
3 85 73
3 88 76
3 89 90
3 91 71
3 92 67
3 93 81
3 94 85
3 96 26
4 7 29
4 8 29
4 11 3
4 14 52
4 15 41
4 17 56
4 24 60
4 26 52
4 30 95
4 31 32
4 32 12
4 34 40
4 36 17
4 38 32
4 39 23
4 42 80
4 44 61
4 45 7
4 49 21
4 50 27
4 51 92
4 54 20
4 55 70
4 56 16
4 57 84
4 59 71
4 60 49
4 61 35
4 67 4
4 68 55
4 69 8
4 70 93
4 72 28
4 73 7
4 74 28
4 76 22
4 78 78
4 80 20
4 81 85
4 82 95
4 84 10
4 85 63
4 86 18
4 87 73
4 89 44
4 90 17
4 91 70
4 93 7
4 94 1
4 97 11
4 98 44
4 99 8
5 7 44
5 9 66
5 10 49
5 11 2
5 12 94
5 13 70
5 14 82
5 15 46
5 17 46
5 19 43
5 20 34
5 22 13
5 25 20
5 27 8
5 28 17
5 29 37
5 36 13
5 38 77
5 39 40
5 42 65
5 44 89
5 48 77
5 49 11
5 50 51
5 52 39
5 53 14
5 57 19
5 59 51
5 60 55
5 63 41
5 64 7
5 67 47
5 70 96
5 77 47
5 78 68
5 81 43
5 85 70
5 87 2
5 88 10
5 89 1
5 91 52
5 93 84
5 94 36
5 96 78
5 98 26
6 7 44
6 8 70
6 9 2
6 10 16
6 13 81
6 15 28
6 17 79
6 19 31
6 20 73
6 21 99
6 22 29
6 23 70
6 28 68
6 29 18
6 30 48
6 31 18
6 32 55
6 36 11
6 37 48
6 38 66
6 42 13
6 43 95
6 45 16
6 47 39
6 48 12
6 49 5
6 55 92
6 58 69
6 59 78
6 65 85
6 66 49
6 67 5
6 68 73
6 70 79
6 71 35
6 74 97
6 76 35
6 79 65
6 80 36
6 83 57
6 84 79
6 85 53
6 86 30
6 87 7
6 89 44
6 92 55
6 97 79
6 98 99
7 8 68
7 10 8
7 12 20
7 13 22
7 16 72
7 17 47
7 18 1
7 21 54
7 22 94
7 23 22
7 27 65
7 30 99
7 33 48
7 36 27
7 39 17
7 40 8
7 41 10
7 44 75
7 45 53
7 48 33
7 51 30
7 53 57
7 55 93
7 56 40
7 57 8
7 60 17
7 61 55
7 65 93
7 66 80
7 67 48
7 71 65
7 72 74
7 73 42
7 77 24
7 81 46
7 85 10
7 87 72
7 90 72
7 92 46
7 93 35
7 96 93
7 97 73
7 99 26
8 9 30
8 10 33
8 11 40
8 16 91
8 20 56
8 22 93
8 23 40
8 25 43
8 26 52
8 27 46
8 28 65
8 29 53
8 30 63
8 31 39
8 32 87
8 33 7
8 35 49
8 36 95
8 42 23
8 43 39
8 44 51
8 45 94
8 46 93
8 47 9
8 48 72
8 52 55
8 54 27
8 55 1
8 58 81
8 60 71
8 61 44
8 65 89
8 67 90
8 70 12
8 72 9
8 73 14
8 74 92
8 76 49
8 77 62
8 79 91
8 80 70
8 82 25
8 83 63
8 84 57
8 87 90
8 88 29
8 90 58
8 93 30
8 94 94
8 96 17
8 99 86
9 10 17
9 12 51
9 19 60
9 21 78
9 26 76
9 27 38
9 28 7
9 30 17
9 31 93
9 32 6
9 33 43
9 34 77
9 36 86
9 37 25
9 41 55
9 42 93
9 43 58
9 45 92
9 46 75
9 48 72
9 51 70
9 52 41
9 54 16
9 55 80
9 56 54
9 59 33
9 60 26
9 62 52
9 63 74
9 64 87
9 67 78
9 68 73
9 73 32
9 77 32
9 79 28
9 81 74
9 82 80
9 86 60
9 88 14
9 89 57
9 90 96
9 92 28
9 95 18
9 96 21
10 11 54
10 13 51
10 14 77
10 15 64
10 17 43
10 18 54
10 19 48
10 21 88
10 22 19
10 28 90
10 29 20
10 30 55
10 33 54
10 36 60
10 37 36
10 38 23
10 40 12
10 42 84
10 43 53
10 46 31
10 50 49
10 51 96
10 52 30
10 53 67
10 54 77
10 56 66
10 57 74
10 59 33
10 61 67
10 63 68
10 64 36
10 66 75
10 68 14
10 72 9
10 73 38
10 81 6
10 82 56
10 84 29
10 87 89
10 91 71
10 92 96
10 93 29
10 94 8
10 95 2
10 96 39
10 98 65
11 12 33
11 13 22
11 17 53
11 19 21
11 20 77
11 21 80
11 22 41
11 24 10
11 27 74
11 28 68
11 31 45
11 34 61
11 36 22
11 37 28
11 38 43
11 40 79
11 42 26
11 45 45
11 47 22
11 49 36
11 50 74
11 52 20
11 53 58
11 57 53
11 59 52
11 61 52
11 65 29
11 68 23
11 73 48
11 74 1
11 76 10
11 79 82
11 82 61
11 83 86
11 84 28
11 86 4
11 88 58
11 92 33
11 94 5
11 98 17
11 99 52
12 15 40
12 16 83
12 17 88
12 19 44
12 20 63
12 23 76
12 25 1
12 26 6
12 27 81
12 28 79
12 29 33
12 30 1
12 32 82
12 33 37
12 34 87
12 36 7
12 41 37
12 42 29
12 45 49
12 47 64
12 48 32
12 49 87
12 52 62
12 55 97
12 58 30
12 59 85
12 60 27
12 61 67
12 62 98
12 65 48
12 67 75
12 70 70
12 71 56
12 72 27
12 73 95
12 80 28
12 81 61
12 82 13
12 85 6
12 89 28
12 91 87
12 92 83
12 95 87
13 15 4
13 16 88
13 19 85
13 20 35
13 23 22
13 24 81
13 26 71
13 27 41
13 29 84
13 31 88
13 32 22
13 34 10
13 35 68
13 39 66
13 40 57
13 46 28
13 47 97
13 48 17
13 51 29
13 52 46
13 53 51
13 55 61
13 59 73
13 62 84
13 65 87
13 68 8
13 69 93
13 70 21
13 71 53
13 73 40
13 74 32
13 79 98
13 82 34
13 87 29
13 89 52
13 92 52
13 93 36
13 94 69
13 95 77
13 96 52
14 15 19
14 16 54
14 17 38
14 19 4
14 21 78
14 24 54
14 25 7
14 26 35
14 29 29
14 31 11
14 37 49
14 39 42
14 41 76
14 42 4
14 43 48
14 44 65
14 48 44
14 49 29
14 51 38
14 57 85
14 58 54
14 61 11
14 62 38
14 64 64
14 65 15
14 67 57
14 69 68
14 70 2
14 72 7
14 76 58
14 77 3
14 78 33
14 79 25
14 83 19
14 84 71
14 85 38
14 86 16
14 88 83
14 91 59
14 92 5
14 93 47
14 94 66
14 96 34
15 16 70
15 18 18
15 21 85
15 24 55
15 25 89
15 26 32
15 28 10
15 32 89
15 34 81
15 35 47
15 38 70
15 40 98
15 42 78
15 43 13
15 47 4
15 50 78
15 54 32
15 55 85
15 56 41
15 57 85
15 61 1
15 62 41
15 65 57
15 66 50
15 67 2
15 69 52
15 70 68
15 73 87
15 74 60
15 76 30
15 77 37
15 81 88
15 82 89
15 84 65
15 85 15
15 87 63
15 90 14
15 91 72
15 93 33
15 95 13
15 98 97
15 99 23
16 19 38
16 20 47
16 22 59
16 25 67
16 26 51
16 28 93
16 30 34
16 31 55
16 32 11
16 34 72
16 35 74
16 36 67
16 40 31
16 41 30
16 42 58
16 43 55
16 44 32
16 45 41
16 46 60
16 48 60
16 50 75
16 52 69
16 56 67
16 57 33
16 58 61
16 59 79
16 63 75
16 69 83
16 71 96
16 73 68
16 74 78
16 80 84
16 81 28
16 84 64
16 85 8
16 86 58
16 91 33
16 92 72
16 94 68
16 95 32
16 99 70
17 18 42
17 19 37
17 21 92
17 27 24
17 28 60
17 29 62
17 33 99
17 35 72
17 43 10
17 46 72
17 47 9
17 48 33
17 49 14
17 50 13
17 51 85
17 54 23
17 55 71
17 58 81
17 63 28
17 65 69
17 66 3
17 67 1
17 70 53
17 72 89
17 76 31
17 77 96
17 78 8
17 79 62
17 81 39
17 82 8
17 83 5
17 84 12
17 85 9
17 86 68
17 89 57
17 91 7
17 92 38
17 96 28
17 97 33
17 98 79
18 20 9
18 21 80
18 24 60
18 25 14
18 29 10
18 35 34
18 37 46
18 39 88
18 40 58
18 43 42
18 44 32
18 45 35
18 48 74
18 49 60
18 50 97
18 51 2
18 53 14
18 54 78
18 56 87
18 60 6
18 61 22
18 63 44
18 64 60
18 68 93
18 70 68
18 72 47
18 74 10
18 75 82
18 76 51
18 78 24
18 79 99
18 80 40
18 81 97
18 82 96
18 83 17
18 84 86
18 88 32
18 89 73
18 91 12
18 94 88
18 97 95
18 99 85
19 22 12
19 27 86
19 29 77
19 33 84
19 34 76
19 35 96
19 36 98
19 37 98
19 39 33
19 40 41
19 42 47
19 43 28
19 46 50
19 47 43
19 49 68
19 51 28
19 52 74
19 53 68
19 54 57
19 57 47
19 58 44
19 59 13
19 60 8
19 62 63
19 67 9
19 68 39
19 69 27
19 71 25
19 72 52
19 75 73
19 81 75
19 83 96
19 85 64
19 87 40
19 90 31
19 91 20
19 92 88
19 93 49
19 95 19
19 96 68
19 97 86
19 99 11
20 21 48
20 27 18
20 30 36
20 33 91
20 35 5
20 36 38
20 37 18
20 39 41
20 42 19
20 44 60
20 47 59
20 49 38
20 50 29
20 54 42
20 55 20
20 56 91
20 60 28
20 61 20
20 64 42
20 70 1
20 72 86
20 73 59
20 75 87
20 76 95
20 77 70
20 78 87
20 79 95
20 80 41
20 83 12
20 84 41
20 85 53
20 86 31
20 87 88
20 88 96
20 89 54
20 91 27
20 92 83
20 93 77
20 95 30
20 97 55
20 98 42
20 99 62
21 22 70
21 25 42
21 26 79
21 27 91
21 28 31
21 29 99
21 30 71
21 31 11
21 32 33
21 33 11
21 34 23
21 35 7
21 42 96
21 44 59
21 46 18
21 49 83
21 50 18
21 52 87
21 53 26
21 55 61
21 57 20
21 58 48
21 59 63
21 62 14
21 67 72
21 69 80
21 71 68
21 72 3
21 76 76
21 79 10
21 81 82
21 83 18
21 84 72
21 87 46
21 88 15
21 91 32
21 92 46
21 93 90
21 99 31
22 23 7
22 25 97
22 27 38
22 29 10
22 30 53
22 31 74
22 34 6
22 35 96
22 39 76
22 40 22
22 43 82
22 48 53
22 49 62
22 50 57
22 52 41
22 54 48
22 55 22
22 58 30
22 60 61
22 61 83
22 65 30
22 70 59
22 72 4
22 73 55
22 74 85
22 78 97
22 79 12
22 81 73
22 82 38
22 86 25
22 87 79
22 89 44
22 90 82
22 92 70
22 93 10
22 94 75
22 98 93
22 99 76
23 26 87
23 28 73
23 32 3
23 38 74
23 41 34
23 43 80
23 45 51
23 48 6
23 49 13
23 51 36
23 52 69
23 53 34
23 54 24
23 55 76
23 58 75
23 61 16
23 64 22
23 65 20
23 67 66
23 68 54
23 71 42
23 75 90
23 77 10
23 78 8
23 79 74
23 80 60
23 82 30
23 83 48
23 84 20
23 88 31
23 89 38
23 90 70
23 91 11
23 92 30
23 93 12
23 94 67
23 97 90
23 99 7
24 26 55
24 28 81
24 29 3
24 31 26
24 35 90
24 36 87
24 38 43
24 39 52
24 41 18
24 42 78
24 43 12
24 44 84
24 45 10
24 46 65
24 47 71
24 48 20
24 49 21
24 51 96
24 52 30
24 53 43
24 54 64
24 56 14
24 58 50
24 62 1
24 63 35
24 65 25
24 66 96
24 67 30
24 68 46
24 69 97
24 72 86
24 74 72
24 76 70
24 77 60
24 78 41
24 80 25
24 83 95
24 85 27
24 91 3
24 92 5
24 93 26
24 94 27
24 95 68
24 97 43
24 98 24
24 99 6
25 27 80
25 29 62
25 30 63
25 32 4
25 33 22
25 34 46
25 35 78
25 36 89
25 37 3
25 41 25
25 42 82
25 46 77
25 47 97
25 49 83
25 50 11
25 51 42
25 54 84
25 57 81
25 58 84
25 60 11
25 63 18
25 64 31
25 65 1
25 67 58
25 69 41
25 74 2
25 75 14
25 76 2
25 77 3
25 80 62
25 82 64
25 83 18
25 84 21
25 85 97
25 86 42
25 88 42
25 89 93
25 91 57
25 94 63
25 98 24
25 99 5
26 29 14
26 32 43
26 38 15
26 39 19
26 40 39
26 42 52
26 44 38
26 45 44
26 48 53
26 50 68
26 52 79
26 56 65
26 57 77
26 59 26
26 61 30
26 63 27
26 65 84
26 70 23
26 71 33
26 74 44
26 79 25
26 82 91
26 85 33
26 86 27
26 88 73
26 89 4
26 91 33
26 95 6
26 96 48
26 97 49
27 28 43
27 30 4
27 32 19
27 34 32
27 36 41
27 38 47
27 39 45
27 40 75
27 42 46
27 43 10
27 46 27
27 49 80
27 50 79
27 58 79
27 59 21
27 60 42
27 62 12
27 63 36
27 64 17
27 68 28
27 69 74
27 70 89
27 72 93
27 73 75
27 75 78
27 77 3
27 79 32
27 83 57
27 92 21
27 94 61
27 95 70
27 96 36
27 97 34
27 98 65
27 99 85
28 29 14
28 31 61
28 34 48
28 37 91
28 38 73
28 40 51
28 41 44
28 43 78
28 46 74
28 48 37
28 50 67
28 53 69
28 54 95
28 57 68
28 58 37
28 59 30
28 62 73
28 63 83
28 65 85
28 66 73
28 67 13
28 68 31
28 69 1
28 72 21
28 73 99
28 74 81
28 76 91
28 77 5
28 78 19
28 80 75
28 82 8
28 83 82
28 84 97
28 86 42
28 90 37
28 92 99
28 94 39
28 96 27
28 98 60
28 99 37
29 30 63
29 32 26
29 33 25
29 38 74
29 40 99
29 41 82
29 43 15
29 48 35
29 51 94
29 53 49
29 54 28
29 58 95
29 59 43
29 61 79
29 66 88
29 68 39
29 69 45
29 78 89
29 79 71
29 80 48
29 81 13
29 84 89
29 86 25
29 87 39
29 89 56
29 94 29
29 95 24
29 96 7
29 97 16
29 99 94
30 31 61
30 33 50
30 34 4
30 36 30
30 37 76
30 38 17
30 39 17
30 40 82
30 42 94
30 44 54
30 46 91
30 47 6
30 51 1
30 55 75
30 57 48
30 58 42
30 60 42
30 61 81
30 63 36
30 64 89
30 66 16
30 67 41
30 68 42
30 69 82
30 70 14
30 72 69
30 73 42
30 76 23
30 78 34
30 80 80
30 81 64
30 84 93
30 85 45
30 87 68
30 90 38
30 94 75
30 98 71
31 33 40
31 34 34
31 35 82
31 39 85
31 40 95
31 41 81
31 44 18
31 45 42
31 47 59
31 52 77
31 53 88
31 58 66
31 61 58
31 62 63
31 64 23
31 66 49
31 67 65
31 70 81
31 72 51
31 74 58
31 82 95
31 85 34
31 94 21
31 96 98
31 98 58
32 35 22
32 37 92
32 40 56
32 45 26
32 47 66
32 48 51
32 49 80
32 51 97
32 52 28
32 53 75
32 54 56
32 55 80
32 57 41
32 59 38
32 60 88
32 63 13
32 66 63
32 67 39
32 68 67
32 69 19
32 70 27
32 71 25
32 73 62
32 79 76
32 82 43
32 83 36
32 84 58
32 86 26
32 88 72
32 90 70
32 92 84
32 93 31
32 94 92
32 95 46
32 96 27
33 34 17
33 35 60
33 36 78
33 39 81
33 41 60
33 46 65
33 47 88
33 48 98
33 49 40
33 52 23
33 54 31
33 55 23
33 56 24
33 57 69
33 60 54
33 61 10
33 62 43
33 63 18
33 64 17
33 68 85
33 71 4
33 74 11
33 76 25
33 77 58
33 78 24
33 79 31
33 81 7
33 82 37
33 85 21
33 86 64
33 89 65
33 90 83
33 97 94
33 99 37
34 37 74
34 39 25
34 40 94
34 41 74
34 48 66
34 51 90
34 59 79
34 61 75
34 64 15
34 65 32
34 67 96
34 75 51
34 76 81
34 78 6
34 79 35
34 80 35
34 82 9
34 83 31
34 85 6
34 86 19
34 89 45
34 91 49
34 92 35
34 95 93
34 96 86
34 99 51
35 36 53
35 39 60
35 40 72
35 42 25
35 44 36
35 46 84
35 47 44
35 49 78
35 50 86
35 51 53
35 53 33
35 54 85
35 55 67
35 56 87
35 58 20
35 61 68
35 63 80
35 66 57
35 67 10
35 70 6
35 71 13
35 72 36
35 75 72
35 78 68
35 79 28
35 81 79
35 82 76
35 83 35
35 87 57
35 98 79
36 40 48
36 41 20
36 43 73
36 44 11
36 47 64
36 48 16
36 49 7
36 50 11
36 55 69
36 57 86
36 58 3
36 59 5
36 60 56
36 61 97
36 62 14
36 63 22
36 65 82
36 66 61
36 67 82
36 68 83
36 69 10
36 70 4
36 71 91
36 72 17
36 73 57
36 76 37
36 79 18
36 84 9
36 85 49
36 87 43
36 88 58
36 89 65
36 90 98
36 92 87
36 94 94
36 96 96
36 97 39
36 98 57
37 41 16
37 42 29
37 43 96
37 47 54
37 49 30
37 51 6
37 52 26
37 53 3
37 56 18
37 62 49
37 65 42
37 67 66
37 69 4
37 70 94
37 71 26
37 73 58
37 76 20
37 79 19
37 81 62
37 83 74
37 84 14
37 88 10
37 90 39
37 93 57
37 95 98
37 96 81
37 97 77
37 98 52
37 99 88
38 40 58
38 41 47
38 43 96
38 45 69
38 48 14
38 49 20
38 50 98
38 51 26
38 52 16
38 53 22
38 55 12
38 56 46
38 58 16
38 61 76
38 62 30
38 65 82
38 67 30
38 68 11
38 69 88
38 76 70
38 77 65
38 80 88
38 81 89
38 85 99
38 86 74
38 91 65
38 93 95
38 94 58
38 95 60
39 43 93
39 44 28
39 45 9
39 46 30
39 47 67
39 48 53
39 50 35
39 55 14
39 60 70
39 63 1
39 64 86
39 66 55
39 67 96
39 68 46
39 69 20
39 71 69
39 72 40
39 74 41
39 75 70
39 77 65
39 78 63
39 79 22
39 81 18
39 82 20
39 83 97
39 85 78
39 86 63
39 87 55
39 88 44
39 90 90
39 91 9
39 92 87
39 93 51
39 95 79
39 96 18
40 42 65
40 43 6
40 47 38
40 48 91
40 49 90
40 52 78
40 53 69
40 54 21
40 57 3
40 58 95
40 60 50
40 61 39
40 63 14
40 65 43
40 67 95
40 69 37
40 70 34
40 71 55
40 76 60
40 78 47
40 80 73
40 81 48
40 82 13
40 83 83
40 85 65
40 86 43
40 87 83
40 88 48
40 92 68
40 93 75
40 94 27
40 97 38
40 99 10
41 42 68
41 44 41
41 47 84
41 50 75
41 51 71
41 53 52
41 56 59
41 62 88
41 64 22
41 66 8
41 70 18
41 71 61
41 74 14
41 75 81
41 77 85
41 79 64
41 80 65
41 82 16
41 85 40
41 86 70
41 89 41
41 95 60
41 96 15
41 98 41
41 99 46
42 43 72
42 44 45
42 45 12
42 47 47
42 49 46
42 50 78
42 51 45
42 52 40
42 59 22
42 60 5
42 63 90
42 65 87
42 66 8
42 70 38
42 71 46
42 74 93
42 76 36
42 77 9
42 79 74
42 80 79
42 83 96
42 85 97
42 86 11
42 89 28
42 92 51
42 93 31
42 96 9
42 99 18
43 44 18
43 46 91
43 47 30
43 48 14
43 50 87
43 51 72
43 54 69
43 56 76
43 57 6
43 58 50
43 59 22
43 60 49
43 61 19
43 62 96
43 66 93
43 67 9
43 69 5
43 70 62
43 71 73
43 72 91
43 76 41
43 77 58
43 85 50
43 86 66
43 87 11
43 88 99
43 92 22
43 93 11
43 95 51
43 96 9
43 97 44
44 45 60
44 46 36
44 47 30
44 48 33
44 49 75
44 50 50
44 51 7
44 53 5
44 57 23
44 59 26
44 61 5
44 63 86
44 65 3
44 66 58
44 70 88
44 71 36
44 72 79
44 73 33
44 74 56
44 76 41
44 79 69
44 81 11
44 82 62
44 84 76
44 87 64
44 88 42
44 89 55
44 90 72
44 91 19
44 92 86
44 93 36
44 97 38
45 46 65
45 47 76
45 48 68
45 51 23
45 52 68
45 58 8
45 62 1
45 66 36
45 67 67
45 73 15
45 74 80
45 79 21
45 81 93
45 83 82
45 84 4
45 86 30
45 89 97
45 95 49
45 96 60
45 98 94
46 47 35
46 48 26
46 50 36
46 51 19
46 53 79
46 54 75
46 55 9
46 57 56
46 58 86
46 61 43
46 62 4
46 63 28
46 64 83
46 65 22
46 71 72
46 74 65
46 77 28
46 78 24
46 80 89
46 81 73
46 84 16
46 86 40
46 87 41
46 90 37
46 95 97
46 96 83
47 48 62
47 50 83
47 53 53
47 55 54
47 57 80
47 60 95
47 61 99
47 64 49
47 65 6
47 66 63
47 68 53
47 69 50
47 70 28
47 71 78
47 73 35
47 76 75
47 77 51
47 78 71
47 79 30
47 82 55
47 85 58
47 86 16
47 90 18
47 92 98
47 94 79
48 49 92
48 51 14
48 53 93
48 55 78
48 56 40
48 58 40
48 59 35
48 61 69
48 63 42
48 65 28
48 67 93
48 68 3
48 69 66
48 70 7
48 71 3
48 75 35
48 77 44
48 83 97
48 85 3
48 86 40
48 91 33
48 93 20
48 94 26
48 97 62
48 99 32
49 50 9
49 52 58
49 53 35
49 55 79
49 56 42
49 57 76
49 58 80
49 61 20
49 62 21
49 68 50
49 70 69
49 71 86
49 72 86
49 73 72
49 75 36
49 77 49
49 78 92
49 79 51
49 81 75
49 82 83
49 83 31
49 84 97
49 85 82
49 86 3
49 87 10
49 90 16
49 91 79
49 92 41
49 93 93
49 94 21
49 96 68
49 98 76
49 99 10
50 51 86
50 53 15
50 54 64
50 56 26
50 58 44
50 68 95
50 73 72
50 75 17
50 77 63
50 78 18
50 82 70
50 84 94
50 85 28
50 86 31
50 87 53
50 91 51
50 92 63
50 93 50
50 94 56
50 95 86
50 96 97
50 99 40
51 53 42
51 59 39
51 60 25
51 61 51
51 66 26
51 68 59
51 69 97
51 70 86
51 73 77
51 78 69
51 80 86
51 84 42
51 86 19
51 87 89
51 93 19
51 96 8
51 97 31
52 57 67
52 58 72
52 60 42
52 61 35
52 62 5
52 63 2
52 64 98
52 65 4
52 67 26
52 70 43
52 74 84
52 76 78
52 78 41
52 79 88
52 80 29
52 81 99
52 84 51
52 90 40
52 93 58
52 94 9
52 97 71
53 55 29
53 56 58
53 57 53
53 60 36
53 61 23
53 62 73
53 66 83
53 67 60
53 72 16
53 73 88
53 74 56
53 75 40
53 79 4
53 80 70
53 81 5
53 83 42
53 84 66
53 87 94
53 89 53
53 92 25
53 93 82
53 94 20
53 96 99
53 97 23
53 99 1
54 56 16
54 57 6
54 62 56
54 63 82
54 66 72
54 68 12
54 70 25
54 72 6
54 73 18
54 77 40
54 78 28
54 79 36
54 80 28
54 85 6
54 96 34
54 98 55
54 99 67
55 56 19
55 57 69
55 59 50
55 62 37
55 63 46
55 68 31
55 71 44
55 72 68
55 75 69
55 76 14
55 78 64
55 79 66
55 81 23
55 85 50
55 86 76
55 88 81
55 89 24
55 91 37
55 93 24
55 95 4
55 99 2
56 57 59
56 58 95
56 59 99
56 61 8
56 62 15
56 63 1
56 64 65
56 65 72
56 67 39
56 69 74
56 70 11
56 72 56
56 76 83
56 80 20
56 84 38
56 85 44
56 87 86
56 90 21
56 94 25
56 95 19
56 96 69
56 99 97
57 60 54
57 63 78
57 64 58
57 65 25
57 67 9
57 68 67
57 71 81
57 72 78
57 75 25
57 77 19
57 78 92
57 79 45
57 80 33
57 82 11
57 84 16
57 85 89
57 86 71
57 87 51
57 90 80
57 93 83
57 94 58
57 97 66
57 98 73
58 60 51
58 63 35
58 64 1
58 65 47
58 66 75
58 67 33
58 68 53
58 72 31
58 75 79
58 76 40
58 77 54
58 80 9
58 83 98
58 87 5
58 89 23
58 91 37
58 94 10
58 96 60
58 98 23
58 99 77
59 62 40
59 64 71
59 67 82
59 71 29
59 72 53
59 73 73
59 75 1
59 76 57
59 77 44
59 78 71
59 81 60
59 84 76
59 88 60
59 89 60
59 92 17
59 95 25
59 98 48
59 99 14
60 61 63
60 62 39
60 63 73
60 65 47
60 66 56
60 67 67
60 68 95
60 69 36
60 73 73
60 74 86
60 76 46
60 78 63
60 79 50
60 80 75
60 81 30
60 82 74
60 83 94
60 84 12
60 86 51
60 88 82
60 89 71
60 92 25
60 95 29
60 96 27
60 97 74
60 98 22
61 71 31
61 74 31
61 75 16
61 78 52
61 82 94
61 87 38
61 88 99
61 89 88
61 91 92
61 92 67
61 95 42
61 96 59
61 98 69
62 63 58
62 64 2
62 65 90
62 67 54
62 68 46
62 71 98
62 72 20
62 74 98
62 77 91
62 79 99
62 80 4
62 84 7
62 86 97
62 87 82
62 88 50
62 89 90
62 90 54
62 92 98
62 95 21
62 98 38
63 66 20
63 69 81
63 70 20
63 71 74
63 72 66
63 75 13
63 77 35
63 78 28
63 81 56
63 83 27
63 84 31
63 98 38
63 99 74
64 68 62
64 69 48
64 70 67
64 71 77
64 73 2
64 74 54
64 77 36
64 79 9
64 81 89
64 84 42
64 89 45
64 90 50
64 92 84
64 93 74
64 95 37
64 96 77
64 98 57
65 66 89
65 67 57
65 68 24
65 71 89
65 73 42
65 74 27
65 77 56
65 78 99
65 79 64
65 80 52
65 81 24
65 82 56
65 84 78
65 86 84
65 88 12
65 91 82
65 94 71
65 95 67
65 96 32
65 98 43
65 99 53
66 68 48
66 70 58
66 71 9
66 73 39
66 75 22
66 78 37
66 80 28
66 81 35
66 82 9
66 83 8
66 86 39
66 87 8
66 89 70
66 92 29
66 95 9
66 97 2
66 98 31
67 69 11
67 70 5
67 71 58
67 77 81
67 81 76
67 82 57
67 84 17
67 86 76
67 88 69
67 91 98
67 92 14
67 93 52
67 95 36
67 96 5
67 99 79
68 69 47
68 70 88
68 71 3
68 73 95
68 74 39
68 75 75
68 76 72
68 77 87
68 78 20
68 80 24
68 85 47
68 86 58
68 88 19
68 90 16
68 94 54
68 95 84
68 97 89
69 70 15
69 71 95
69 73 20
69 75 77
69 77 65
69 82 34
69 83 95
69 85 20
69 87 81
69 90 85
69 91 26
69 92 8
69 93 16
69 97 85
69 98 75
70 72 57
70 73 13
70 74 24
70 76 86
70 77 97
70 84 42
70 85 42
70 86 64
70 87 54
70 88 3
70 93 92
70 94 48
70 98 77
70 99 19
71 73 43
71 75 36
71 76 88
71 79 56
71 82 77
71 83 15
71 85 17
71 86 48
71 88 60
71 89 73
71 90 45
71 91 38
71 95 95
71 97 51
71 98 53
71 99 72
72 78 64
72 79 60
72 80 26
72 83 1
72 84 4
72 85 51
72 88 35
72 89 65
72 90 51
72 91 2
72 94 97
72 95 92
72 98 30
72 99 13
73 77 67
73 78 38
73 79 9
73 80 94
73 81 6
73 83 44
73 85 52
73 86 83
73 90 5
73 95 16
73 96 52
73 97 68
73 98 36
74 75 27
74 79 57
74 81 52
74 87 30
74 88 76
74 89 92
74 90 52
74 92 7
74 94 64
74 95 21
74 98 75
75 76 11
75 78 47
75 81 1
75 82 11
75 83 19
75 85 83
75 86 3
75 88 46
75 91 17
75 92 45
75 93 99
75 94 98
75 96 70
75 97 56
75 98 39
76 78 76
76 79 45
76 81 92
76 82 9
76 83 70
76 84 27
76 85 43
76 86 11
76 87 35
76 89 25
76 95 41
76 96 56
76 97 79
76 98 42
76 99 19
77 78 7
77 80 96
77 82 12
77 85 30
77 87 43
77 88 29
77 90 62
77 91 87
77 93 33
77 94 66
77 95 31
77 98 33
77 99 81
78 80 34
78 81 3
78 82 1
78 83 37
78 86 2
78 87 19
78 90 47
78 91 45
78 92 34
78 93 10
78 98 74
78 99 3
79 81 3
79 86 87
79 94 84
79 96 6
79 97 23
79 98 99
80 87 84
80 89 71
80 92 62
80 95 35
80 96 74
80 97 41
80 98 65
81 82 59
81 84 59
81 85 62
81 86 26
81 89 16
81 90 35
81 91 25
81 92 61
81 93 8
81 95 47
81 96 58
82 83 24
82 84 37
82 85 64
82 87 11
82 88 11
82 91 98
82 93 95
82 96 94
82 97 30
82 99 49
83 84 30
83 85 15
83 88 75
83 89 19
83 91 30
83 96 91
84 85 99
84 86 45
84 87 15
84 88 87
84 90 74
84 93 67
84 95 64
84 96 32
84 97 97
84 98 78
85 87 37
85 90 69
85 92 21
85 94 72
85 95 72
85 99 87
86 90 81
86 94 21
86 98 67
87 90 30
87 92 86
87 95 11
87 96 11
87 97 24
87 99 47
88 90 62
88 91 1
88 92 59
88 93 27
88 94 77
88 95 57
88 97 21
88 98 2
88 99 53
89 91 29
89 92 91
89 96 88
89 97 39
90 91 23
90 92 47
90 94 78
90 99 84
91 93 27
91 94 4
91 96 3
91 97 62
91 98 73
91 99 43
92 96 79
92 97 25
93 96 85
93 97 12
95 96 11
95 97 19
95 98 6
96 97 99
97 98 3
