100
0 2 51.834
1 3 19.169
2 4 49.289
3 5 12.141
4 6 41.764
5 7 65.716
6 8 97.018
7 9 88.46
8 10 7.492
9 11 53.106
10 12 53.236
11 13 9.935
12 14 65.23
13 15 83.812
14 16 24.527
15 17 38.513
16 18 5.039
17 19 72.992
18 20 39.421
19 21 55.826
20 22 28.993
21 23 81.428
22 24 3.842
23 25 70.239
24 26 82.067
25 27 43.071
26 28 54.013
27 29 64.111
28 30 70.498
29 31 37.873
30 32 2.658
31 33 52.982
32 34 96.457
33 35 48.292
34 36 49.093
35 37 26.221
36 38 78.08
37 39 49.48
38 40 73.269
39 41 33.898
40 42 87.378
41 43 91.814
42 44 72.077
43 45 8.374
44 46 89.258
45 47 95.966
46 48 21.087
47 49 30.311
48 50 6.75
49 51 98.319
50 52 90.583
51 53 14.45
52 54 52.707
53 55 94.008
54 56 29.075
55 57 31.647
56 58 26.548
57 59 69.386
58 60 45.59
59 61 87.255
60 62 23.194
61 63 48.167
62 64 21.783
63 65 52.01
64 66 78.127
65 67 64.922
66 68 57.481
67 69 56.113
68 70 2.502
69 71 35.01
70 72 32.472
71 73 99.213
72 74 76.445
73 75 6.387
74 76 41.303
75 77 46.469
76 78 50.126
77 79 78.067
78 80 99.541
79 81 49.813
80 82 29.851
81 83 15.326
82 84 91.336
83 85 20.941
84 86 25.256
85 87 94.995
86 88 25.203
87 89 38.468
88 90 52.842
89 91 45.441
90 92 49.822
91 93 11.991
92 94 29.333
93 95 24.054
94 96 47.148
95 97 14.668
96 98 26.926
97 99 66.196
0 5 65.422
1 6 58.17
2 7 69.207
3 8 63.785
4 9 33.642
5 10 15.653
6 11 65.512
7 12 1.717
8 13 11.759
9 14 68.596
10 15 59.667
11 16 93.501
12 17 84.284
13 18 56.069
14 19 92.469
15 20 39.466
16 21 17.133
17 22 63.123
18 23 21.878
19 24 39.962
20 25 97.386
21 26 44.685
22 27 36.752
23 28 66.952
24 29 25.238
25 30 72.364
26 31 61.992
27 32 10.36
28 33 47.681
29 34 64.216
30 35 91.265
31 36 88.455
32 37 93.492
33 38 95.511
34 39 35.976
35 40 26.477
36 41 69.844
37 42 88.061
38 43 13.842
39 44 33.528
40 45 91.286
41 46 43.646
42 47 19.418
43 48 11.65
44 49 62.018
45 50 14.53
46 51 37.01
47 52 66.759
48 53 59.286
49 54 16.947
50 55 52.849
51 56 13.901
52 57 33.324
53 58 32.845
54 59 37.94
55 60 58.052
56 61 40.585
57 62 2.006
58 63 33.853
59 64 79.357
60 65 68.07
61 66 72.996
62 67 79.726
63 68 65.412
64 69 1.322
65 70 80.174
66 71 58.0
67 72 6.838
68 73 91.113
69 74 86.248
70 75 14.906
71 76 43.983
72 77 87.101
73 78 84.614
74 79 50.362
75 80 31.225
76 81 39.6
77 82 56.855
78 83 24.873
79 84 88.84
80 85 1.295
81 86 44.512
82 87 29.163
83 88 42.983
84 89 81.052
85 90 56.302
86 91 33.569
87 92 68.774
88 93 78.081
89 94 7.612
90 95 90.825
91 96 24.962
92 97 47.493
93 98 82.125
94 99 17.637