48
0 1 24.679
0 2 41.857
0 3 67.263
0 4 98.396
0 5 98.156
0 6 69.551
0 7 93.826
0 8 40.096
0 9 15.374
0 10 6.157
0 11 88.928
0 12 26.06
0 13 32.78
0 14 47.589
0 15 78.63
0 16 52.409
0 17 3.582
0 18 40.289
0 19 97.436
0 20 32.032
0 21 59.87
0 22 17.367
0 23 2.941
1 24 57.177
1 25 72.099
1 26 43.11
1 27 74.831
1 28 27.064
1 29 77.561
1 30 30.029
1 31 22.367
1 32 78.563
1 33 82.681
1 34 56.3
1 35 8.192
1 36 13.151
1 37 24.977
1 38 55.823
1 39 68.357
1 40 32.974
1 41 45.868
1 42 23.911
1 43 90.559
1 44 63.815
1 45 86.209
1 46 53.924
2 24 70.72
2 25 97.737
2 26 82.36
2 27 26.961
2 28 52.704
2 29 88.5
2 30 0.755
2 31 38.918
2 32 89.357
2 33 69.017
2 34 88.874
2 35 89.938
2 36 69.947
2 37 62.168
2 38 34.699
2 39 14.58
2 40 34.167
2 41 46.248
2 42 19.475
2 43 94.733
2 44 10.385
2 45 97.014
2 46 38.797
3 24 25.751
3 25 7.338
3 26 92.664
3 27 60.703
3 28 92.557
3 29 22.103
3 30 66.633
3 31 50.335
3 32 77.105
3 33 46.345
3 34 79.351
3 35 42.809
3 36 75.434
3 37 92.651
3 38 31.192
3 39 53.711
3 40 99.195
3 41 23.541
3 42 66.285
3 43 76.066
3 44 0.153
3 45 67.95
3 46 54.618
4 24 96.529
4 25 80.795
4 26 88.146
4 27 4.523
4 28 48.385
4 29 34.406
4 30 88.018
4 31 11.311
4 32 95.725
4 33 3.901
4 34 90.634
4 35 65.536
4 36 5.971
4 37 99.536
4 38 71.262
4 39 10.245
4 40 84.342
4 41 94.473
4 42 70.11
4 43 16.337
4 44 60.06
4 45 30.7
4 46 98.445
5 24 27.458
5 25 3.623
5 26 38.203
5 27 71.721
5 28 70.096
5 29 89.577
5 30 77.203
5 31 98.336
5 32 89.598
5 33 60.792
5 34 38.849
5 35 82.613
5 36 14.445
5 37 76.768
5 38 16.062
5 39 26.729
5 40 43.809
5 41 65.092
5 42 80.688
5 43 49.094
5 44 57.695
5 45 62.615
5 46 71.531
6 24 84.25
6 25 6.041
6 26 40.697
6 27 90.166
6 28 83.292
6 29 21.216
6 30 66.156
6 31 45.181
6 32 99.549
6 33 72.484
6 34 25.423
6 35 39.787
6 36 61.094
6 37 77.158
6 38 37.04
6 39 4.679
6 40 63.334
6 41 66.235
6 42 99.979
6 43 45.243
6 44 18.016
6 45 8.477
6 46 58.113
7 24 86.905
7 25 33.101
7 26 88.883
7 27 52.015
7 28 43.638
7 29 45.12
7 30 50.72
7 31 89.835
7 32 94.479
7 33 7.804
7 34 67.572
7 35 1.619
7 36 76.911
7 37 42.214
7 38 83.633
7 39 61.946
7 40 25.901
7 41 38.109
7 42 20.154
7 43 4.603
7 44 79.011
7 45 60.951
7 46 55.666
8 24 37.282
8 25 67.581
8 26 24.386
8 27 54.916
8 28 57.053
8 29 74.675
8 30 32.336
8 31 36.646
8 32 81.364
8 33 94.151
8 34 99.8
8 35 84.326
8 36 75.482
8 37 87.719
8 38 68.481
8 39 44.508
8 40 13.333
8 41 94.966
8 42 25.902
8 43 38.428
8 44 40.985
8 45 65.729
8 46 59.496
9 24 13.759
9 25 20.691
9 26 0.581
9 27 30.999
9 28 7.505
9 29 39.888
9 30 49.012
9 31 19.216
9 32 71.58
9 33 88.486
9 34 89.33
9 35 46.705
9 36 77.212
9 37 88.215
9 38 73.169
9 39 59.434
9 40 84.59
9 41 78.687
9 42 90.645
9 43 84.809
9 44 70.566
9 45 93.342
9 46 28.781
10 24 46.051
10 25 11.92
10 26 4.567
10 27 5.423
10 28 14.723
10 29 41.953
10 30 21.745
10 31 82.309
10 32 86.373
10 33 85.924
10 34 47.5
10 35 67.869
10 36 12.308
10 37 40.885
10 38 68.531
10 39 19.716
10 40 74.974
10 41 39.673
10 42 82.078
10 43 4.857
10 44 44.369
10 45 60.864
10 46 36.34
11 24 54.05
11 25 2.247
11 26 15.857
11 27 0.83
11 28 75.38
11 29 41.858
11 30 17.63
11 31 74.87
11 32 31.642
11 33 89.631
11 34 65.792
11 35 38.903
11 36 99.782
11 37 96.898
11 38 46.521
11 39 5.735
11 40 90.605
11 41 23.711
11 42 11.455
11 43 82.151
11 44 80.708
11 45 16.335
11 46 58.106
12 24 88.886
12 25 7.895
12 26 98.384
12 27 79.607
12 28 54.085
12 29 56.72
12 30 46.73
12 31 79.412
12 32 54.749
12 33 33.574
12 34 28.231
12 35 45.2
12 36 79.204
12 37 80.356
12 38 81.967
12 39 32.3
12 40 85.258
12 41 48.461
12 42 88.933
12 43 94.902
12 44 94.362
12 45 85.788
12 46 7.257
13 24 64.788
13 25 5.67
13 26 35.888
13 27 94.4
13 28 92.892
13 29 92.66
13 30 97.743
13 31 85.288
13 32 59.723
13 33 31.794
13 34 42.814
13 35 84.631
13 36 23.01
13 37 20.978
13 38 63.223
13 39 17.567
13 40 84.106
13 41 43.805
13 42 17.695
13 43 96.426
13 44 65.794
13 45 86.641
13 46 84.645
14 24 53.763
14 25 31.704
14 26 85.53
14 27 67.16
14 28 24.506
14 29 35.115
14 30 26.623
14 31 99.361
14 32 82.255
14 33 98.957
14 34 3.171
14 35 80.911
14 36 87.478
14 37 86.399
14 38 51.955
14 39 56.006
14 40 51.311
14 41 6.645
14 42 80.795
14 43 42.494
14 44 33.144
14 45 1.259
14 46 78.518
15 24 29.434
15 25 0.601
15 26 49.864
15 27 81.88
15 28 64.6
15 29 9.696
15 30 67.114
15 31 51.332
15 32 11.918
15 33 48.482
15 34 98.6
15 35 25.744
15 36 95.973
15 37 69.077
15 38 50.027
15 39 19.147
15 40 44.657
15 41 99.929
15 42 78.23
15 43 65.255
15 44 18.473
15 45 59.092
15 46 99.868
16 24 30.166
16 25 92.885
16 26 62.02
16 27 52.648
16 28 23.935
16 29 21.195
16 30 62.973
16 31 48.166
16 32 0.941
16 33 37.097
16 34 91.709
16 35 82.751
16 36 11.295
16 37 60.143
16 38 91.81
16 39 13.523
16 40 25.203
16 41 60.657
16 42 36.053
16 43 30.368
16 44 5.919
16 45 88.322
16 46 81.565
17 24 40.203
17 25 62.086
17 26 82.39
17 27 74.106
17 28 78.116
17 29 53.208
17 30 88.357
17 31 48.396
17 32 25.409
17 33 43.28
17 34 4.769
17 35 64.207
17 36 5.339
17 37 60.709
17 38 62.529
17 39 20.526
17 40 62.654
17 41 97.163
17 42 14.069
17 43 23.609
17 44 71.052
17 45 74.748
17 46 84.132
18 24 49.152
18 25 54.14
18 26 60.835
18 27 34.232
18 28 47.609
18 29 90.999
18 30 2.383
18 31 91.56
18 32 0.619
18 33 23.45
18 34 32.824
18 35 45.133
18 36 62.157
18 37 98.345
18 38 85.816
18 39 3.899
18 40 48.233
18 41 13.948
18 42 24.78
18 43 29.426
18 44 15.794
18 45 24.97
18 46 22.034
19 24 46.624
19 25 88.691
19 26 64.893
19 27 94.199
19 28 0.102
19 29 53.32
19 30 71.945
19 31 74.036
19 32 80.676
19 33 24.145
19 34 52.75
19 35 15.875
19 36 94.61
19 37 66.574
19 38 60.91
19 39 18.498
19 40 21.394
19 41 85.808
19 42 62.062
19 43 89.585
19 44 91.825
19 45 11.615
19 46 51.686
20 24 46.957
20 25 88.988
20 26 42.826
20 27 44.728
20 28 22.098
20 29 15.16
20 30 10.044
20 31 86.791
20 32 21.218
20 33 49.325
20 34 75.754
20 35 53.774
20 36 98.598
20 37 37.712
20 38 75.913
20 39 93.1
20 40 57.695
20 41 34.398
20 42 28.544
20 43 62.629
20 44 41.292
20 45 70.841
20 46 43.829
21 24 66.161
21 25 95.433
21 26 66.01
21 27 55.374
21 28 14.911
21 29 61.825
21 30 1.662
21 31 75.232
21 32 26.882
21 33 77.393
21 34 5.5
21 35 29.134
21 36 39.519
21 37 15.814
21 38 66.162
21 39 3.516
21 40 8.659
21 41 40.71
21 42 30.964
21 43 92.789
21 44 2.21
21 45 79.743
21 46 20.437
22 24 62.632
22 25 77.165
22 26 79.225
22 27 68.184
22 28 88.216
22 29 38.968
22 30 72.267
22 31 84.896
22 32 10.088
22 33 23.959
22 34 60.753
22 35 65.445
22 36 68.667
22 37 42.963
22 38 86.786
22 39 63.566
22 40 99.913
22 41 91.982
22 42 2.335
22 43 35.651
22 44 86.71
22 45 72.681
22 46 59.918
23 24 75.137
23 25 16.394
23 26 0.447
23 27 34.493
23 28 17.381
23 29 77.701
23 30 1.747
23 31 18.638
23 32 12.603
23 33 29.843
23 34 90.489
23 35 64.99
23 36 34.851
23 37 41.308
23 38 95.462
23 39 3.424
23 40 1.905
23 41 88.769
23 42 67.043
23 43 43.662
23 44 15.776
23 45 24.033
23 46 30.307
24 47 39.105
25 47 54.726
26 47 58.051
27 47 85.339
28 47 83.247
29 47 14.526
30 47 90.865
31 47 66.964
32 47 38.256
33 47 57.583
34 47 44.926
35 47 25.887
36 47 12.858
37 47 6.168
38 47 66.023
39 47 69.833
40 47 55.586
41 47 81.12
42 47 82.211
43 47 21.46
44 47 39.187
45 47 86.896
46 47 99.31
