50
0 1 0.001
0 25 0.001
1 2 0.001
2 3 0.001
3 4 0.001
4 5 0.001
5 6 0.001
6 7 0.001
7 8 0.001
8 9 0.001
9 10 0.001
10 11 0.001
11 12 0.001
12 13 0.001
13 14 0.001
14 15 0.001
15 16 0.001
16 17 0.001
17 18 0.001
18 19 0.001
19 20 0.001
20 21 0.001
21 22 0.001
22 23 0.001
23 24 0.001
24 49 0.001
25 26 0.001
26 27 0.001
27 28 0.001
28 29 0.001
29 30 0.001
30 31 0.001
31 32 0.001
32 33 0.001
33 34 0.001
34 35 0.001
35 36 0.001
36 37 0.001
37 38 0.001
38 39 0.001
39 40 0.001
40 41 0.001
41 42 0.001
42 43 0.001
43 44 0.001
44 45 0.001
45 46 0.001
46 47 0.001
47 48 0.001
48 49 0.001