50
0 1 46.644
0 2 69.933
0 3 93.97
0 4 88.391
0 5 95.064
0 6 50.51
0 7 43.23
0 8 68.711
0 9 15.792
0 10 34.789
0 11 47.895
0 12 50.875
0 13 54.979
0 14 45.601
0 15 87.019
0 16 73.634
0 17 86.792
0 18 81.146
0 19 42.648
0 20 85.693
0 21 85.796
0 22 19.597
0 23 82.696
0 24 66.4
0 25 92.063
0 26 47.632
0 27 37.552
0 28 1.428
0 29 41.893
0 30 48.863
0 31 16.615
0 32 44.782
0 33 60.396
0 34 7.493
0 35 56.273
0 36 84.758
0 38 59.125
0 39 27.201
0 40 64.689
0 41 16.217
0 42 2.199
0 43 76.291
0 44 5.656
0 45 44.474
0 46 75.268
0 48 17.044
0 49 59.126
1 0 12.451
1 2 2.567
1 3 96.553
1 4 27.816
1 5 60.445
1 6 80.726
1 7 53.755
1 8 33.269
1 9 45.28
1 10 29.905
1 11 53.137
1 12 27.358
1 13 13.473
1 14 93.158
1 15 36.722
1 16 65.519
1 17 61.218
1 18 81.164
1 19 63.657
1 20 79.134
1 21 19.581
1 22 45.362
1 23 92.694
1 25 19.14
1 26 89.259
1 27 19.521
1 28 43.097
1 29 41.342
1 30 17.132
1 31 82.466
1 32 32.443
1 33 63.678
1 34 5.182
1 35 24.094
1 36 62.315
1 38 50.335
1 40 5.287
1 41 45.026
1 42 31.239
1 43 56.079
1 44 78.218
1 45 74.335
1 46 4.954
1 48 15.676
1 49 95.28
2 0 50.771
2 1 39.514
2 3 30.865
2 4 78.279
2 5 49.417
2 6 80.396
2 7 86.556
2 8 35.729
2 9 65.237
2 11 22.35
2 12 88.082
2 14 42.269
2 15 91.719
2 16 80.169
2 17 59.086
2 18 61.434
2 20 82.839
2 21 94.082
2 22 9.392
2 23 11.484
2 24 86.372
2 25 57.467
2 26 61.537
2 27 26.777
2 28 85.231
2 29 39.5
2 30 20.456
2 31 51.167
2 32 75.941
2 33 22.928
2 34 82.319
2 35 94.605
2 37 27.382
2 38 8.672
2 39 18.167
2 40 5.581
2 41 35.847
2 42 41.334
2 44 71.496
2 45 92.519
2 46 12.418
2 47 55.619
2 48 3.021
2 49 45.119
3 0 28.865
3 1 79.189
3 2 75.338
3 4 11.916
3 5 85.835
3 6 61.57
3 7 7.418
3 8 94.718
3 9 14.56
3 10 1.034
3 11 17.305
3 12 52.761
3 14 37.636
3 15 32.985
3 16 75.858
3 17 12.143
3 18 7.737
3 19 77.439
3 20 88.847
3 21 46.348
3 23 36.997
3 24 92.782
3 25 69.227
3 26 91.395
3 27 94.788
3 28 44.335
3 29 52.387
3 30 35.545
3 31 92.222
3 32 15.049
3 33 93.722
3 34 67.473
3 35 84.934
3 36 17.532
3 37 21.494
3 39 83.966
3 40 2.209
3 41 3.656
3 42 34.928
3 43 9.324
3 45 64.433
3 46 84.445
3 47 92.942
3 48 37.931
3 49 9.699
4 1 78.114
4 2 7.496
4 3 81.98
4 5 66.282
4 6 35.267
4 7 81.413
4 8 45.884
4 10 65.519
4 12 83.375
4 13 77.821
4 14 15.438
4 15 60.603
4 16 38.16
4 17 33.204
4 18 12.186
4 19 9.484
4 20 85.796
4 21 59.151
4 22 63.898
4 23 77.81
4 24 92.945
4 25 35.747
4 26 40.535
4 27 24.929
4 28 62.067
4 29 12.908
4 30 85.615
4 31 29.665
4 32 38.026
4 33 52.616
4 34 32.16
4 35 93.022
4 36 58.759
4 37 98.379
4 39 0.988
4 40 78.49
4 42 35.279
4 43 74.344
4 44 64.64
4 45 2.599
4 46 77.551
4 48 57.653
4 49 38.093
5 0 67.545
5 1 28.961
5 2 50.757
5 3 13.418
5 4 74.384
5 7 77.618
5 8 2.431
5 9 33.304
5 10 39.486
5 11 74.829
5 12 93.981
5 13 46.977
5 14 72.096
5 16 97.092
5 17 64.623
5 18 5.191
5 19 73.96
5 20 94.326
5 21 66.867
5 22 96.835
5 23 32.149
5 24 31.973
5 25 35.406
5 26 53.385
5 27 12.794
5 28 73.492
5 29 18.878
5 30 2.401
5 31 36.844
5 32 10.298
5 33 53.995
5 34 89.793
5 35 7.832
5 36 26.57
5 37 29.383
5 38 39.516
5 39 39.685
5 40 78.718
5 41 85.418
5 42 88.647
5 43 0.358
5 44 3.011
5 45 44.63
5 46 59.234
5 47 34.349
5 48 6.381
5 49 9.578
6 0 82.488
6 1 8.81
6 2 5.219
6 3 88.64
6 4 71.693
6 5 96.588
6 8 73.843
6 9 52.773
6 10 72.074
6 11 54.457
6 12 31.121
6 14 94.617
6 15 21.611
6 16 30.366
6 17 69.798
6 18 28.739
6 19 44.934
6 20 43.796
6 21 22.424
6 22 45.139
6 23 59.684
6 25 94.589
6 26 11.675
6 27 22.563
6 28 84.839
6 29 77.384
6 30 20.557
6 32 84.778
6 33 54.743
6 34 79.815
6 35 16.206
6 36 86.257
6 38 7.105
6 39 1.779
6 40 21.736
6 41 9.425
6 42 4.733
6 43 6.598
6 44 75.461
6 45 47.293
6 46 12.8
6 47 91.644
6 48 32.825
6 49 81.557
7 0 88.98
7 1 5.551
7 2 83.612
7 3 65.183
7 4 80.12
7 5 40.818
7 6 85.122
7 8 70.805
7 9 98.312
7 10 55.839
7 11 97.202
7 12 65.631
7 13 7.44
7 14 52.06
7 15 11.056
7 17 5.95
7 18 81.43
7 19 83.781
7 20 20.779
7 21 11.037
7 22 95.793
7 23 15.889
7 24 25.411
7 25 9.468
7 26 22.018
7 27 40.211
7 28 8.059
7 29 84.302
7 30 93.735
7 31 76.821
7 32 22.787
7 33 57.841
7 35 87.273
7 36 4.264
7 37 2.221
7 38 14.649
7 39 45.203
7 41 55.144
7 42 66.538
7 43 1.632
7 45 32.223
7 46 71.404
7 47 40.212
7 48 58.128
7 49 3.795
8 0 66.151
8 3 0.233
8 4 69.544
8 5 67.72
8 6 40.855
8 7 8.328
8 9 23.302
8 10 64.72
8 11 86.408
8 12 48.373
8 14 11.147
8 15 79.397
8 16 60.074
8 17 82.153
8 18 84.125
8 19 89.582
8 20 74.178
8 21 14.682
8 22 39.559
8 23 24.713
8 24 22.743
8 26 10.413
8 27 90.686
8 28 28.683
8 29 34.42
8 31 9.339
8 32 12.985
8 33 3.208
8 34 36.182
8 35 31.029
8 36 45.732
8 37 40.801
8 38 40.258
8 39 83.018
8 40 95.718
8 41 72.914
8 42 37.447
8 44 44.335
8 45 90.841
8 46 46.95
8 47 55.332
9 0 27.193
9 2 20.907
9 3 62.448
9 4 41.327
9 5 39.759
9 6 91.665
9 7 26.327
9 8 49.834
9 10 80.447
9 11 0.876
9 12 76.034
9 13 35.825
9 14 19.815
9 15 39.206
9 16 5.109
9 17 4.89
9 18 50.454
9 19 43.131
9 22 42.618
9 23 82.195
9 24 4.965
9 25 17.727
9 26 56.716
9 27 25.54
9 28 97.346
9 29 8.973
9 30 67.615
9 31 38.613
9 32 48.977
9 33 83.106
9 34 48.664
9 36 5.381
9 37 83.9
9 39 77.842
9 40 28.813
9 41 3.239
9 42 76.445
9 43 17.401
9 44 53.616
9 45 1.499
9 46 0.608
9 47 12.787
9 48 66.56
9 49 17.242
10 0 97.576
10 1 56.806
10 2 53.818
10 3 28.974
10 4 71.724
10 5 48.257
10 6 93.151
10 7 70.617
10 9 28.056
10 11 24.691
10 12 11.779
10 14 44.461
10 15 81.419
10 16 59.272
10 17 22.893
10 18 74.522
10 20 83.256
10 21 5.396
10 22 83.963
10 25 72.289
10 26 49.958
10 28 90.029
10 29 23.207
10 30 77.523
10 31 83.839
10 33 78.781
10 37 95.058
10 38 63.447
10 39 19.402
10 41 98.762
10 42 66.04
10 43 93.884
10 46 72.042
10 47 74.622
10 48 34.588
10 49 23.725
11 0 8.003
11 1 9.088
11 2 45.848
11 3 7.526
11 4 48.089
11 5 40.173
11 6 44.037
11 7 11.909
11 8 19.578
11 9 47.806
11 10 70.042
11 12 12.207
11 13 49.51
11 14 88.43
11 15 90.529
11 16 29.373
11 17 30.195
11 18 47.074
11 19 51.755
11 20 12.164
11 21 54.356
11 23 13.758
11 24 75.155
11 25 58.162
11 26 51.777
11 27 76.26
11 28 70.804
11 29 3.259
11 30 81.67
11 32 64.836
11 33 11.357
11 34 71.606
11 35 62.74
11 36 26.79
11 37 64.595
11 38 82.679
11 39 73.25
11 41 88.773
11 42 9.588
11 44 29.905
11 45 0.146
11 46 14.621
11 47 53.799
11 48 2.189
11 49 70.367
12 0 40.396
12 1 65.414
12 2 75.153
12 3 16.974
12 5 24.31
12 7 49.862
12 8 31.394
12 9 30.849
12 10 95.792
12 11 92.759
12 14 62.473
12 15 74.749
12 16 7.816
12 17 26.061
12 18 29.835
12 19 42.758
12 20 8.066
12 21 68.298
12 22 24.739
12 23 7.988
12 24 9.068
12 25 43.976
12 26 40.99
12 27 53.353
12 28 27.248
12 29 3.748
12 30 88.863
12 31 62.474
12 32 88.315
12 33 25.772
12 34 66.393
12 35 91.91
12 36 62.211
12 37 68.55
12 38 4.01
12 39 77.601
12 40 9.55
12 41 39.682
12 42 54.561
12 43 79.931
12 44 11.21
12 45 53.195
12 47 72.101
12 48 20.255
12 49 64.257
13 0 1.246
13 2 55.37
13 3 8.091
13 4 16.198
13 5 85.418
13 6 46.931
13 7 27.713
13 8 85.681
13 9 39.905
13 10 41.488
13 11 85.507
13 12 16.811
13 14 52.775
13 15 17.627
13 16 20.307
13 17 82.114
13 18 20.192
13 19 39.191
13 20 8.125
13 21 23.358
13 22 40.107
13 23 87.475
13 24 11.166
13 25 64.721
13 26 26.317
13 27 72.609
13 28 59.11
13 29 38.576
13 30 67.12
13 31 78.753
13 32 53.782
13 34 54.097
13 35 71.17
13 36 25.335
13 37 3.071
13 39 82.209
13 40 40.274
13 41 6.678
13 42 43.52
13 43 38.693
13 44 88.901
13 45 70.952
13 46 1.259
13 47 74.474
13 48 18.394
13 49 73.163
14 0 60.21
14 1 14.568
14 2 12.736
14 3 93.597
14 4 10.023
14 5 83.222
14 6 14.227
14 7 91.016
14 10 8.274
14 11 6.188
14 12 4.18
14 13 67.409
14 15 25.187
14 17 45.809
14 19 52.647
14 20 15.88
14 21 13.696
14 22 93.798
14 23 76.18
14 24 27.806
14 25 58.651
14 26 75.964
14 27 98.805
14 28 62.448
14 29 40.156
14 30 5.276
14 31 76.473
14 32 48.021
14 33 40.144
14 34 37.926
14 35 15.181
14 36 75.69
14 37 58.042
14 38 13.574
14 39 17.016
14 40 84.255
14 41 45.299
14 42 33.664
14 43 66.627
14 44 14.141
14 45 91.453
14 46 53.87
14 48 7.591
14 49 52.943
15 0 14.484
15 1 61.873
15 2 22.932
15 3 7.163
15 4 2.398
15 5 14.641
15 6 83.506
15 7 9.065
15 8 74.117
15 9 42.092
15 10 71.566
15 11 82.332
15 12 34.143
15 13 59.752
15 14 26.44
15 16 47.229
15 17 11.257
15 18 70.827
15 19 12.932
15 20 43.99
15 21 10.637
15 23 83.238
15 24 69.377
15 25 22.219
15 26 29.289
15 27 69.795
15 28 49.594
15 29 60.682
15 30 52.953
15 31 63.091
15 32 60.677
15 33 30.366
15 35 92.539
15 36 51.043
15 37 60.846
15 38 45.542
15 39 58.755
15 40 83.337
15 41 28.937
15 42 94.808
15 43 49.867
15 44 72.112
15 45 22.929
15 46 5.5
15 47 93.905
15 48 25.29
15 49 88.451
16 0 81.349
16 1 28.775
16 2 23.571
16 3 20.432
16 4 69.093
16 5 73.604
16 6 98.712
16 7 17.637
16 8 38.515
16 9 89.645
16 10 44.253
16 11 78.831
16 12 1.33
16 13 26.211
16 14 7.163
16 15 63.992
16 17 92.707
16 18 38.969
16 19 43.075
16 20 77.946
16 21 67.201
16 24 54.069
16 25 41.006
16 26 34.565
16 27 61.15
16 28 34.421
16 29 77.059
16 30 70.206
16 31 88.515
16 32 53.555
16 33 8.193
16 34 42.645
16 35 59.69
16 36 39.014
16 37 90.271
16 38 69.026
16 39 95.962
16 40 70.382
16 43 91.565
16 44 41.909
16 45 53.123
16 46 2.613
16 48 58.606
17 0 0.143
17 1 53.961
17 2 23.132
17 3 6.116
17 4 74.685
17 5 80.566
17 6 79.624
17 7 40.937
17 8 33.424
17 9 41.039
17 10 83.226
17 12 80.055
17 13 94.092
17 14 11.227
17 15 80.6
17 16 63.242
17 19 98.877
17 20 97.421
17 21 12.451
17 22 61.798
17 23 47.102
17 24 1.747
17 25 8.195
17 26 22.898
17 28 20.346
17 29 63.02
17 30 66.285
17 31 40.609
17 33 89.025
17 35 7.079
17 36 55.768
17 37 55.53
17 38 50.004
17 39 92.582
17 40 54.12
17 42 32.996
17 43 47.23
17 44 96.577
17 45 14.479
17 46 48.691
17 47 6.693
17 48 33.016
17 49 86.597
18 0 53.805
18 1 91.879
18 2 2.516
18 3 14.504
18 4 76.634
18 5 84.727
18 6 22.533
18 7 92.106
18 8 89.239
18 9 86.604
18 10 81.068
18 11 26.44
18 12 93.336
18 13 46.105
18 14 0.884
18 15 31.873
18 16 37.001
18 19 46.738
18 20 42.919
18 21 4.197
18 22 42.772
18 23 67.064
18 24 50.407
18 25 59.607
18 26 45.563
18 27 23.638
18 28 57.468
18 29 10.655
18 30 93.603
18 31 71.734
18 32 76.747
18 35 54.512
18 36 97.731
18 37 92.652
18 38 83.13
18 39 89.509
18 40 87.614
18 43 76.966
18 44 97.387
18 45 34.928
18 46 1.372
18 47 47.8
18 48 34.576
19 2 2.296
19 4 86.362
19 5 22.792
19 7 75.661
19 8 68.624
19 9 0.214
19 10 78.782
19 12 61.198
19 13 6.193
19 14 72.587
19 15 2.584
19 16 9.066
19 17 90.062
19 18 14.431
19 20 95.9
19 21 41.778
19 22 35.636
19 23 24.384
19 24 86.062
19 25 11.875
19 26 49.298
19 27 63.376
19 28 51.201
19 29 38.096
19 30 38.849
19 31 44.136
19 32 8.548
19 33 26.479
19 34 37.598
19 35 74.627
19 36 72.795
19 37 45.241
19 38 30.681
19 39 40.538
19 40 81.75
19 41 19.959
19 43 46.868
19 45 8.931
19 46 8.767
19 47 11.864
19 48 79.63
19 49 68.594
20 1 52.294
20 2 50.369
20 3 31.579
20 4 44.67
20 5 35.113
20 6 3.528
20 7 84.939
20 8 92.111
20 9 39.82
20 10 27.068
20 11 86.975
20 13 14.975
20 14 75.265
20 15 75.481
20 16 83.6
20 17 79.584
20 18 53.732
20 19 82.074
20 21 21.537
20 22 31.864
20 23 9.691
20 24 50.371
20 25 90.562
20 26 12.451
20 27 72.886
20 28 19.131
20 29 70.585
20 30 14.583
20 31 41.097
20 32 24.906
20 33 97.159
20 34 5.73
20 35 66.971
20 36 80.898
20 37 56.782
20 38 34.672
20 39 41.117
20 40 82.846
20 43 12.941
20 44 0.808
20 45 12.577
20 46 24.457
20 47 88.06
20 48 31.284
20 49 25.858
21 0 75.605
21 1 84.02
21 2 92.044
21 3 29.973
21 5 82.27
21 6 87.459
21 7 43.029
21 8 67.219
21 10 61.247
21 11 60.73
21 12 39.159
21 13 69.075
21 15 31.812
21 16 5.202
21 17 79.093
21 18 33.534
21 19 16.25
21 20 39.377
21 23 79.495
21 25 41.786
21 26 2.816
21 27 74.401
21 28 74.757
21 29 7.87
21 30 15.067
21 31 5.757
21 32 61.853
21 33 76.11
21 34 32.894
21 35 73.786
21 36 84.2
21 37 49.621
21 38 74.395
21 39 20.93
21 40 3.82
21 41 83.624
21 42 31.864
21 43 31.7
21 44 10.734
21 45 67.712
21 46 18.016
21 47 89.149
21 48 71.188
21 49 9.948
22 0 46.855
22 1 9.048
22 3 19.381
22 4 47.514
22 6 25.411
22 7 66.826
22 8 57.652
22 9 73.055
22 10 74.275
22 11 88.54
22 12 82.83
22 13 64.688
22 14 33.55
22 15 32.404
22 16 50.217
22 17 72.703
22 19 7.587
22 20 89.762
22 21 35.227
22 23 49.182
22 24 87.773
22 26 36.619
22 27 9.967
22 28 63.936
22 31 21.173
22 32 80.892
22 33 79.245
22 35 10.665
22 36 15.525
22 37 81.956
22 38 68.89
22 41 94.426
22 42 36.475
22 43 37.567
22 44 83.572
22 45 7.832
22 46 97.64
22 47 89.774
22 48 69.183
22 49 55.931
23 1 74.927
23 2 30.35
23 3 40.624
23 4 81.136
23 5 1.06
23 6 5.033
23 7 34.363
23 8 94.582
23 9 81.24
23 10 96.114
23 11 32.887
23 12 79.933
23 13 21.626
23 14 5.021
23 15 76.26
23 16 26.7
23 17 15.883
23 18 98.923
23 19 79.517
23 20 15.794
23 21 75.235
23 24 16.381
23 25 68.889
23 26 34.241
23 27 26.603
23 28 32.594
23 29 16.949
23 30 61.958
23 31 4.978
23 32 94.641
23 33 84.951
23 34 13.409
23 35 66.685
23 36 63.187
23 37 20.326
23 38 96.862
23 39 23.295
23 40 53.247
23 41 37.152
23 42 69.164
23 43 21.538
23 44 32.334
23 45 13.536
23 46 12.045
23 47 54.049
23 48 51.639
23 49 33.434
24 0 40.643
24 1 28.228
24 2 65.121
24 3 5.829
24 4 56.727
24 5 25.469
24 6 13.497
24 7 2.414
24 8 5.731
24 9 36.632
24 10 1.055
24 11 32.089
24 12 2.992
24 13 39.682
24 15 34.06
24 16 91.699
24 17 61.645
24 18 34.015
24 19 39.148
24 20 1.794
24 21 59.513
24 22 98.588
24 23 21.032
24 25 9.142
24 26 31.875
24 28 24.828
24 29 34.118
24 30 26.406
24 31 62.767
24 32 49.297
24 33 7.338
24 34 72.587
24 36 46.069
24 38 6.943
24 39 66.712
24 40 3.066
24 41 3.867
24 42 1.92
24 43 52.127
24 44 50.094
24 45 1.338
24 46 53.328
24 47 15.891
24 48 25.038
24 49 22.213
25 0 45.158
25 3 56.964
25 4 16.017
25 5 56.549
25 7 68.413
25 8 53.172
25 9 86.059
25 10 68.251
25 12 39.026
25 13 19.28
25 14 6.156
25 16 18.46
25 17 96.911
25 20 40.477
25 21 78.775
25 22 86.335
25 23 7.658
25 24 0.061
25 26 83.968
25 27 73.013
25 28 45.035
25 29 88.206
25 30 51.869
25 31 70.309
25 32 89.304
25 33 24.461
25 34 37.88
25 35 49.077
25 36 76.867
25 37 62.302
25 38 8.556
25 39 97.393
25 40 82.218
25 41 48.91
25 42 97.792
25 43 95.537
25 44 60.376
25 45 25.478
25 46 71.79
25 47 12.943
25 48 32.541
25 49 59.614
26 0 88.045
26 1 21.956
26 3 33.382
26 4 1.232
26 5 78.027
26 6 90.614
26 7 28.844
26 8 53.072
26 9 33.621
26 10 68.407
26 11 48.993
26 12 90.74
26 13 67.614
26 14 81.55
26 15 35.919
26 16 40.457
26 17 61.479
26 18 98.353
26 19 37.202
26 20 48.337
26 21 83.714
26 22 79.491
26 23 31.215
26 24 5.298
26 25 8.229
26 27 56.331
26 28 39.584
26 29 64.791
26 30 20.634
26 31 55.084
26 32 25.718
26 33 77.041
26 34 1.622
26 35 82.022
26 36 17.406
26 37 49.051
26 38 86.338
26 39 13.57
26 40 91.604
26 42 26.032
26 43 85.576
26 44 65.477
26 45 51.988
26 46 72.739
26 47 45.122
26 48 72.294
26 49 14.972
27 0 89.002
27 1 78.588
27 2 76.883
27 3 29.713
27 4 22.181
27 6 2.028
27 8 34.264
27 9 45.213
27 10 83.454
27 11 56.826
27 12 98.689
27 13 69.226
27 14 57.17
27 15 70.226
27 16 11.227
27 17 92.823
27 18 15.152
27 19 50.712
27 20 93.899
27 21 29.775
27 22 67.618
27 24 47.127
27 25 76.492
27 29 65.004
27 30 75.7
27 31 27.091
27 32 50.221
27 34 59.872
27 35 5.528
27 36 68.251
27 37 9.259
27 38 30.476
27 39 85.439
27 40 85.81
27 41 82.243
27 42 61.121
27 43 48.597
27 44 96.358
27 45 17.821
27 46 54.638
27 48 68.96
27 49 19.632
28 0 3.899
28 1 7.222
28 3 21.523
28 4 91.612
28 5 76.666
28 6 34.283
28 7 18.137
28 11 33.798
28 12 27.553
28 13 9.714
28 14 11.509
28 15 58.199
28 16 12.17
28 17 51.792
28 18 25.462
28 19 57.512
28 20 98.054
28 21 3.158
28 22 46.442
28 24 6.526
28 26 62.958
28 27 82.535
28 29 32.317
28 31 86.043
28 32 66.893
28 33 71.97
28 34 16.073
28 35 65.244
28 36 9.298
28 37 48.529
28 38 91.277
28 39 2.175
28 41 72.179
28 42 50.817
28 43 71.192
28 44 69.639
28 45 76.572
28 46 31.395
28 48 9.916
28 49 8.018
29 0 53.275
29 1 86.093
29 2 92.27
29 3 14.362
29 4 56.745
29 5 63.02
29 6 80.184
29 7 65.978
29 8 15.535
29 9 19.772
29 11 79.791
29 13 26.927
29 14 64.445
29 15 87.645
29 16 49.93
29 17 74.536
29 18 30.616
29 19 30.531
29 20 42.116
29 22 64.585
29 23 52.482
29 24 39.752
29 27 67.593
29 30 84.331
29 31 0.731
29 33 30.418
29 34 31.813
29 36 75.527
29 38 79.393
29 39 89.118
29 40 7.157
29 41 31.127
29 42 47.444
29 44 37.922
29 45 48.151
29 46 68.316
29 47 8.879
29 49 59.607
30 0 34.549
30 1 26.311
30 2 81.507
30 3 65.852
30 4 4.002
30 5 29.227
30 6 93.35
30 7 43.542
30 8 41.075
30 9 96.423
30 10 94.422
30 11 17.106
30 12 49.911
30 13 83.265
30 14 80.01
30 15 54.874
30 16 16.211
30 17 28.195
30 18 26.881
30 19 92.205
30 20 73.315
30 21 67.88
30 22 84.577
30 24 29.149
30 25 82.694
30 26 33.531
30 27 15.272
30 28 3.064
30 29 52.325
30 31 97.517
30 32 48.694
30 33 67.914
30 34 24.189
30 35 87.594
30 36 19.888
30 37 0.57
30 38 9.055
30 39 12.919
30 40 66.676
30 41 29.398
30 42 77.727
30 43 1.256
30 44 39.374
30 45 24.993
30 47 15.455
30 48 88.645
30 49 94.239
31 0 96.88
31 1 0.65
31 3 93.25
31 4 91.803
31 5 25.142
31 6 42.15
31 7 15.875
31 8 51.603
31 9 4.98
31 10 77.311
31 11 93.296
31 12 22.81
31 14 14.4
31 17 71.22
31 19 31.461
31 20 92.806
31 21 38.757
31 22 12.547
31 23 47.629
31 24 76.991
31 25 74.052
31 26 77.623
31 27 64.139
31 28 69.762
31 30 65.918
31 32 21.403
31 33 1.797
31 34 39.467
31 35 85.363
31 37 29.68
31 38 39.926
31 39 80.388
31 40 6.829
31 41 68.864
31 42 84.41
31 43 29.877
31 44 83.479
31 45 84.097
31 46 69.197
31 47 18.835
31 48 26.473
32 0 18.465
32 2 72.408
32 3 0.762
32 4 21.048
32 5 16.446
32 6 54.217
32 7 20.046
32 8 85.671
32 10 25.694
32 11 10.012
32 12 96.712
32 13 68.35
32 14 96.016
32 15 5.07
32 16 92.139
32 17 89.055
32 18 33.945
32 19 53.553
32 20 73.675
32 21 18.291
32 22 39.754
32 23 67.199
32 24 87.443
32 25 84.135
32 26 38.699
32 27 60.324
32 28 92.063
32 30 63.687
32 31 48.282
32 33 96.114
32 34 49.437
32 36 98.082
32 37 13.485
32 38 61.846
32 39 62.694
32 40 76.752
32 41 98.098
32 42 50.066
32 43 56.599
32 44 9.219
32 46 72.577
32 47 39.866
32 48 56.475
33 0 1.863
33 1 57.376
33 2 71.922
33 3 36.035
33 4 62.293
33 5 28.275
33 6 88.05
33 7 35.26
33 8 41.852
33 9 21.004
33 10 15.901
33 12 57.548
33 13 82.164
33 14 72.08
33 15 73.109
33 16 91.048
33 17 89.045
33 19 95.819
33 20 29.297
33 21 2.36
33 22 8.98
33 23 46.674
33 24 21.925
33 25 40.715
33 26 76.976
33 27 81.102
33 28 61.591
33 29 1.058
33 30 16.122
33 31 9.514
33 32 27.827
33 34 49.511
33 35 56.897
33 36 57.783
33 37 21.107
33 38 91.429
33 39 86.916
33 40 71.507
33 41 68.414
33 42 47.601
33 43 72.656
33 44 5.666
33 45 66.891
33 46 20.085
33 47 33.575
33 48 86.615
33 49 70.255
34 0 9.357
34 1 77.803
34 2 9.027
34 3 16.33
34 4 3.592
34 6 36.823
34 7 83.559
34 8 62.396
34 10 6.743
34 11 68.689
34 12 93.371
34 13 53.028
34 14 17.442
34 15 66.404
34 16 65.761
34 18 42.132
34 19 17.268
34 20 74.752
34 22 16.913
34 23 58.607
34 24 96.148
34 25 28.005
34 26 20.875
34 27 2.627
34 28 60.488
34 29 4.065
34 30 10.529
34 31 83.386
34 35 58.259
34 36 59.246
34 37 45.515
34 38 95.427
34 40 21.114
34 42 76.94
34 43 92.112
34 44 9.798
34 45 83.546
34 46 38.49
34 47 34.519
34 48 30.129
35 0 1.753
35 1 55.752
35 2 98.776
35 3 61.62
35 4 52.571
35 5 5.702
35 6 67.468
35 7 6.43
35 8 10.801
35 9 80.665
35 10 83.61
35 11 54.5
35 12 11.147
35 13 46.536
35 14 86.824
35 15 51.346
35 16 67.071
35 17 38.714
35 18 94.743
35 19 52.328
35 20 94.643
35 21 8.486
35 22 90.587
35 23 83.627
35 24 81.415
35 25 97.343
35 26 56.653
35 27 28.089
35 28 68.413
35 29 44.045
35 30 16.75
35 31 79.098
35 32 96.542
35 33 24.824
35 34 89.807
35 36 6.27
35 37 21.783
35 38 27.582
35 39 86.336
35 41 35.494
35 42 84.765
35 43 79.751
35 44 3.503
35 45 65.589
35 46 94.094
35 47 85.714
35 48 43.867
35 49 92.278
36 0 67.727
36 1 82.926
36 2 39.871
36 3 52.384
36 4 55.42
36 5 88.996
36 6 52.638
36 7 62.313
36 8 45.94
36 9 82.702
36 10 26.737
36 11 39.681
36 12 56.266
36 13 21.997
36 14 57.613
36 15 44.265
36 16 40.174
36 17 15.023
36 19 52.604
36 20 38.897
36 21 2.296
36 22 90.684
36 23 40.478
36 24 29.341
36 25 87.355
36 26 1.277
36 27 47.013
36 28 58.706
36 30 96.247
36 32 88.692
36 33 61.85
36 34 92.463
36 37 61.039
36 38 34.799
36 39 45.877
36 40 36.821
36 41 98.071
36 42 7.295
36 43 15.151
36 44 34.742
36 45 77.308
36 46 18.312
36 47 10.542
36 48 84.001
37 0 45.052
37 1 83.961
37 2 5.061
37 3 21.548
37 4 41.669
37 5 36.261
37 7 23.578
37 8 8.622
37 9 31.573
37 10 7.282
37 11 57.451
37 12 5.958
37 13 2.105
37 15 9.404
37 16 31.671
37 17 42.575
37 18 37.968
37 19 71.695
37 20 70.698
37 21 12.477
37 22 91.172
37 23 95.932
37 25 46.504
37 26 24.164
37 28 46.54
37 29 14.515
37 30 16.484
37 31 82.233
37 32 84.481
37 33 57.976
37 34 45.453
37 36 2.344
37 38 31.953
37 39 76.624
37 40 58.158
37 41 50.8
37 42 58.396
37 43 27.562
37 44 29.757
37 45 7.609
37 46 62.071
37 47 12.939
37 48 25.478
37 49 0.977
38 0 63.562
38 1 36.684
38 2 98.131
38 3 64.144
38 4 88.224
38 5 31.181
38 6 41.042
38 7 26.937
38 8 82.727
38 9 57.247
38 10 33.479
38 11 14.082
38 12 12.485
38 13 90.488
38 14 6.79
38 15 93.785
38 16 61.451
38 17 7.239
38 18 98.696
38 19 29.745
38 21 18.348
38 22 42.543
38 23 30.629
38 24 96.589
38 25 6.483
38 26 65.316
38 27 35.336
38 28 0.617
38 29 30.488
38 30 66.15
38 31 75.646
38 32 31.293
38 33 19.113
38 34 60.852
38 35 44.594
38 36 9.099
38 37 87.678
38 39 27.433
38 40 30.812
38 42 46.004
38 43 4.148
38 44 45.804
38 45 26.862
38 46 37.096
38 47 39.187
38 48 80.566
38 49 16.024
39 0 44.589
39 1 41.972
39 2 92.586
39 3 43.326
39 4 81.927
39 5 0.583
39 6 58.281
39 7 47.371
39 8 8.203
39 9 43.784
39 10 70.016
39 11 90.442
39 12 52.73
39 13 67.515
39 14 75.724
39 15 53.722
39 16 1.19
39 17 82.56
39 18 12.036
39 19 60.899
39 21 98.43
39 22 54.332
39 23 94.177
39 24 30.189
39 25 59.036
39 26 19.121
39 27 23.024
39 28 2.622
39 29 33.077
39 30 78.647
39 31 4.604
39 33 86.326
39 34 52.215
39 35 49.602
39 40 68.726
39 41 15.8
39 42 23.581
39 44 58.968
39 45 72.458
39 46 41.52
39 47 13.57
39 48 78.761
39 49 7.137
40 0 62.786
40 1 54.144
40 2 4.003
40 3 1.772
40 4 87.416
40 5 72.015
40 6 63.362
40 7 50.93
40 8 89.083
40 9 76.269
40 10 14.997
40 11 65.916
40 13 85.521
40 14 80.189
40 15 83.252
40 16 65.919
40 17 25.28
40 18 34.703
40 20 20.79
40 21 0.121
40 22 58.71
40 23 0.522
40 24 22.974
40 25 49.196
40 26 86.702
40 27 91.454
40 28 38.641
40 30 38.151
40 31 16.497
40 32 63.56
40 33 2.083
40 34 79.401
40 35 73.373
40 36 0.705
40 37 10.698
40 41 82.666
40 42 73.823
40 43 30.144
40 44 64.118
40 45 51.776
40 46 84.119
40 47 58.916
40 48 88.488
40 49 24.021
41 0 58.597
41 1 62.945
41 2 7.905
41 3 30.932
41 4 0.359
41 5 58.798
41 6 4.342
41 7 93.501
41 8 66.981
41 9 68.915
41 10 58.412
41 11 53.105
41 13 58.194
41 14 41.104
41 15 28.979
41 16 33.712
41 17 83.26
41 18 83.422
41 19 89.128
41 20 10.07
41 21 60.483
41 22 83.335
41 23 52.207
41 24 38.647
41 25 43.835
41 26 2.748
41 27 42.748
41 28 24.88
41 29 21.605
41 31 80.008
41 32 38.981
41 33 37.387
41 34 14.418
41 35 32.786
41 36 38.45
41 37 96.817
41 38 46.902
41 39 84.447
41 40 71.789
41 43 10.062
41 44 48.168
41 45 44.023
41 46 4.082
41 47 59.546
41 48 37.07
41 49 98.611
42 0 98.689
42 1 6.739
42 2 5.336
42 3 12.133
42 4 16.569
42 5 9.306
42 6 61.169
42 7 41.839
42 8 95.987
42 9 90.835
42 10 67.75
42 11 33.679
42 12 65.506
42 13 40.877
42 14 86.964
42 15 36.476
42 16 58.433
42 17 26.268
42 18 74.471
42 19 32.025
42 20 43.98
42 21 56.355
42 22 62.389
42 25 36.981
42 26 16.822
42 27 93.696
42 28 13.38
42 29 15.508
42 30 42.007
42 31 68.277
42 32 10.709
42 33 64.222
42 34 26.126
42 35 58.812
42 36 17.231
42 37 74.827
42 38 69.111
42 39 4.191
42 40 42.834
42 41 94.326
42 44 77.871
42 45 3.532
42 46 31.694
42 48 32.807
42 49 67.198
43 0 67.977
43 1 84.944
43 2 88.937
43 3 69.191
43 4 69.867
43 5 11.847
43 6 16.873
43 7 63.126
43 9 87.839
43 10 61.751
43 12 37.085
43 13 83.609
43 14 6.093
43 15 85.386
43 16 67.15
43 18 46.581
43 19 32.601
43 22 59.132
43 23 11.896
43 24 48.344
43 25 89.373
43 27 76.812
43 28 66.574
43 29 60.64
43 31 87.533
43 32 87.933
43 33 60.118
43 34 19.416
43 35 98.844
43 36 21.622
43 38 53.127
43 39 88.829
43 40 77.253
43 41 16.954
43 42 3.381
43 44 64.423
43 45 98.797
43 46 37.935
43 47 73.238
43 48 72.81
43 49 26.718
44 0 10.111
44 1 50.439
44 2 77.18
44 3 84.31
44 4 73.952
44 5 71.649
44 6 37.412
44 7 46.211
44 8 9.469
44 10 31.319
44 11 54.652
44 12 52.44
44 13 4.318
44 14 36.555
44 15 38.93
44 16 51.392
44 18 25.995
44 19 86.797
44 20 64.353
44 21 47.81
44 22 21.482
44 23 52.736
44 24 30.468
44 25 69.377
44 26 81.404
44 27 23.355
44 28 12.119
44 29 3.613
44 30 30.867
44 32 4.659
44 33 95.271
44 34 42.116
44 35 24.011
44 36 47.716
44 37 98.295
44 38 32.263
44 39 95.717
44 40 74.321
44 41 58.337
44 42 75.457
44 43 5.128
44 45 83.857
44 46 1.616
44 47 68.057
44 48 33.062
44 49 64.725
45 0 41.457
45 1 38.041
45 2 89.963
45 3 48.233
45 4 2.502
45 5 38.314
45 6 54.804
45 8 18.491
45 9 1.171
45 10 83.217
45 11 38.88
45 12 79.693
45 13 51.759
45 14 71.087
45 15 40.758
45 16 30.829
45 17 30.961
45 18 15.813
45 19 90.293
45 20 72.905
45 21 77.77
45 22 34.288
45 23 54.69
45 24 49.099
45 26 18.81
45 27 93.441
45 28 94.732
45 29 27.387
45 30 48.16
45 31 3.501
45 32 92.801
45 33 23.133
45 34 15.523
45 35 61.623
45 36 21.572
45 37 15.408
45 38 50.218
45 39 17.636
45 40 85.355
45 41 72.944
45 42 73.849
45 43 56.112
45 44 56.894
45 46 31.883
45 47 63.495
45 48 22.679
45 49 12.836
46 1 44.986
46 2 53.792
46 3 51.354
46 4 57.306
46 6 50.35
46 7 46.612
46 8 92.681
46 10 20.15
46 11 83.554
46 12 80.695
46 13 71.163
46 14 68.238
46 15 46.465
46 17 81.316
46 18 85.775
46 19 88.682
46 20 27.736
46 21 82.458
46 22 57.312
46 23 89.577
46 24 17.496
46 25 32.927
46 26 66.129
46 27 42.423
46 29 3.061
46 30 40.219
46 31 25.895
46 32 26.153
46 33 82.147
46 34 94.641
46 35 3.582
46 36 13.187
46 37 20.927
46 39 96.381
46 40 31.195
46 41 59.745
46 42 60.751
46 43 40.103
46 44 65.14
46 45 11.749
46 47 39.723
46 48 82.449
46 49 8.693
47 0 12.197
47 1 81.821
47 2 22.342
47 3 74.453
47 4 28.321
47 5 51.404
47 6 66.583
47 7 71.846
47 8 56.97
47 9 1.293
47 10 82.151
47 11 38.494
47 12 45.217
47 13 48.772
47 15 97.407
47 16 59.582
47 17 22.902
47 18 86.679
47 20 72.898
47 22 42.709
47 23 87.253
47 24 80.67
47 25 28.478
47 26 36.86
47 27 52.503
47 28 17.719
47 29 53.402
47 30 29.435
47 31 23.81
47 32 71.959
47 33 89.787
47 34 95.439
47 35 35.122
47 36 96.703
47 38 25.193
47 39 69.607
47 40 81.696
47 41 83.959
47 42 93.245
47 43 29.188
47 44 40.455
47 45 58.506
47 46 73.518
47 49 61.417
48 0 77.272
48 1 89.423
48 2 3.09
48 3 4.259
48 4 30.976
48 6 84.695
48 7 14.977
48 8 88.179
48 9 45.783
48 10 10.069
48 11 66.49
48 12 45.571
48 13 97.159
48 14 17.103
48 15 36.44
48 16 30.56
48 17 7.409
48 18 27.809
48 19 33.178
48 20 75.285
48 21 60.437
48 22 79.325
48 23 24.45
48 24 38.956
48 25 26.977
48 26 12.393
48 27 23.033
48 28 38.335
48 29 32.277
48 30 29.985
48 31 78.068
48 32 34.971
48 33 40.483
48 34 78.892
48 35 88.795
48 36 52.914
48 37 51.02
48 38 40.967
48 40 14.025
48 41 40.257
48 42 43.71
48 43 49.262
48 44 22.765
48 45 14.683
48 46 36.343
48 47 56.023
49 0 53.448
49 1 2.93
49 2 7.964
49 3 49.568
49 4 3.834
49 5 60.104
49 6 9.097
49 7 18.361
49 8 0.233
49 9 37.48
49 10 67.231
49 11 1.629
49 12 50.663
49 13 65.67
49 14 73.244
49 15 54.704
49 16 34.565
49 17 79.997
49 18 87.126
49 19 52.356
49 20 67.735
49 21 89.876
49 22 4.517
49 23 92.195
49 24 18.638
49 25 16.812
49 26 59.843
49 27 42.269
49 28 19.954
49 29 38.83
49 30 21.008
49 31 7.479
49 32 45.778
49 33 6.649
49 34 41.707
49 35 93.519
49 36 47.507
49 37 83.554
49 38 22.667
49 39 38.433
49 40 52.162
49 41 38.783
49 42 44.79
49 43 34.239
49 44 74.083
49 45 50.283
49 46 19.656
49 47 39.604
49 48 2.286