50 
0 1 0.01
1 2 0.01
2 3 0.01
3 4 0.01
4 5 0.01
5 6 0.01
6 7 0.01
7 8 99
8 9 99
9 49 99
0 10 0.1
10 11 10
11 12 20
12 13 30
13 14 40
14 15 50
15 16 60
16 49 0.1
16 17 50
17 18 40
17 43 2
18 19 30
19 20 20
20 21 10
21 49 0.1
21 22 0.01
22 29 0.01
0 23 1
23 24 20
24 25 52
25 26 19
26 27 31
27 49 34
27 28 99
28 29 2
29 49 99
0 30 10
30 31 10
31 32 10
32 33 10
33 34 10
34 35 10
35 36 10
36 37 10
37 49 5
37 38 10
38 39 10
39 40 10
40 49 10
0 41 24
41 42 39
42 43 53
43 44 92
44 45 2
45 49 24
0 46 35
46 47 3
47 48 10
48 49 42