45
0 1 46
0 2 14
0 3 14
0 4 73
0 5 97
0 6 12
0 7 9
0 8 4
0 9 48
0 10 6
0 11 58
0 12 60
0 13 5
0 14 22
0 15 19
0 16 10
0 17 80
0 18 16
0 19 38
0 20 37
0 21 22
0 22 11
0 23 10
0 24 43
0 25 42
0 26 45
0 27 20
0 28 12
0 29 53
0 30 8
0 31 32
0 32 63
0 33 36
0 34 48
0 35 16
0 36 30
0 37 42
0 38 7
0 39 92
0 40 1
0 41 8
0 42 17
0 43 55
0 44 79
1 2 31
1 3 94
1 4 75
1 5 25
1 6 18
1 7 69
1 8 60
1 9 20
1 10 33
1 11 65
1 12 21
1 13 94
1 14 23
1 15 99
1 16 69
1 17 14
1 18 89
1 19 76
1 20 18
1 21 82
1 22 98
1 23 2
1 24 72
1 25 54
1 26 30
1 27 21
1 28 27
1 29 20
1 30 98
1 31 50
1 32 56
1 33 17
1 34 91
1 35 53
1 36 38
1 37 85
1 38 29
1 39 65
1 40 51
1 41 63
1 42 79
1 43 21
1 44 85
2 3 51
2 4 85
2 5 18
2 6 29
2 7 44
2 8 71
2 9 24
2 10 82
2 11 12
2 12 11
2 13 97
2 14 18
2 15 60
2 16 74
2 17 49
2 18 30
2 19 36
2 20 71
2 21 84
2 22 20
2 23 77
2 24 47
2 25 90
2 26 12
2 27 98
2 28 82
2 29 44
2 30 1
2 31 58
2 32 19
2 33 20
2 34 68
2 35 90
2 36 97
2 37 32
2 38 30
2 39 33
2 40 72
2 41 7
2 42 26
2 43 26
2 44 40
3 4 71
3 5 47
3 6 18
3 7 30
3 8 31
3 9 33
3 10 37
3 11 69
3 12 2
3 13 81
3 14 60
3 15 25
3 16 99
3 17 57
3 18 67
3 19 12
3 20 12
3 21 2
3 22 16
3 23 18
3 24 91
3 25 79
3 26 72
3 27 75
3 28 44
3 29 23
3 30 46
3 31 86
3 32 9
3 33 18
3 34 10
3 35 19
3 36 26
3 37 38
3 38 78
3 39 99
3 40 73
3 41 46
3 42 7
3 43 11
3 44 13
4 5 84
4 6 9
4 7 76
4 8 67
4 9 1
4 10 30
4 11 47
4 12 59
4 13 31
4 14 87
4 15 45
4 16 47
4 17 16
4 18 6
4 19 46
4 20 90
4 21 95
4 22 46
4 23 9
4 24 46
4 25 34
4 26 14
4 27 27
4 28 82
4 29 98
4 30 42
4 31 18
4 32 12
4 33 59
4 34 87
4 35 50
4 36 71
4 37 4
4 38 87
4 39 93
4 40 78
4 41 67
4 42 20
4 43 63
4 44 17
5 6 62
5 7 67
5 8 98
5 9 19
5 10 44
5 11 79
5 12 58
5 13 94
5 14 84
5 15 43
5 16 67
5 17 35
5 18 85
5 19 99
5 20 54
5 21 62
5 22 25
5 23 75
5 24 11
5 25 71
5 26 49
5 27 71
5 28 4
5 29 36
5 30 57
5 31 16
5 32 71
5 33 27
5 34 8
5 35 42
5 36 43
5 37 78
5 38 57
5 39 91
5 40 12
5 41 45
5 42 33
5 43 18
5 44 99
6 7 79
6 8 2
6 9 26
6 10 4
6 11 42
6 12 99
6 13 96
6 14 22
6 15 4
6 16 95
6 17 79
6 18 54
6 19 20
6 20 99
6 21 62
6 22 88
6 23 83
6 24 29
6 25 1
6 26 89
6 27 62
6 28 98
6 29 4
6 30 86
6 31 51
6 32 43
6 33 18
6 34 2
6 35 32
6 36 9
6 37 12
6 38 4
6 39 11
6 40 43
6 41 46
6 42 96
6 43 22
6 44 17
7 8 76
7 9 67
7 10 24
7 11 47
7 12 59
7 13 34
7 14 77
7 15 90
7 16 31
7 17 79
7 18 59
7 19 28
7 20 30
7 21 87
7 22 13
7 23 99
7 24 13
7 25 54
7 26 92
7 27 43
7 28 36
7 29 74
7 30 12
7 31 85
7 32 22
7 33 82
7 34 9
7 35 23
7 36 79
7 37 1
7 38 50
7 39 29
7 40 41
7 41 62
7 42 47
7 43 79
7 44 97
8 9 13
8 10 78
8 11 95
8 12 75
8 13 2
8 14 31
8 15 4
8 16 32
8 17 10
8 18 18
8 19 60
8 20 53
8 21 27
8 22 82
8 23 90
8 24 71
8 25 39
8 26 72
8 27 85
8 28 16
8 29 25
8 30 80
8 31 16
8 32 28
8 33 16
8 34 10
8 35 35
8 36 34
8 37 97
8 38 92
8 39 38
8 40 43
8 41 8
8 42 51
8 43 18
8 44 15
9 10 56
9 11 27
9 12 20
9 13 41
9 14 19
9 15 95
9 16 49
9 17 2
9 18 78
9 19 3
9 20 85
9 21 33
9 22 59
9 23 7
9 24 39
9 25 90
9 26 89
9 27 25
9 28 2
9 29 40
9 30 84
9 31 90
9 32 71
9 33 4
9 34 30
9 35 24
9 36 13
9 37 88
9 38 66
9 39 88
9 40 15
9 41 27
9 42 24
9 43 99
9 44 31
10 11 24
10 12 35
10 13 81
10 14 95
10 15 43
10 16 15
10 17 61
10 18 67
10 19 1
10 20 98
10 21 4
10 22 5
10 23 74
10 24 28
10 25 11
10 26 78
10 27 71
10 28 17
10 29 99
10 30 50
10 31 8
10 32 23
10 33 14
10 34 73
10 35 27
10 36 5
10 37 72
10 38 86
10 39 61
10 40 23
10 41 88
10 42 66
10 43 43
10 44 8
11 12 97
11 13 43
11 14 99
11 15 84
11 16 55
11 17 20
11 18 63
11 19 79
11 20 23
11 21 3
11 22 66
11 23 66
11 24 46
11 25 47
11 26 2
11 27 48
11 28 80
11 29 57
11 30 8
11 31 92
11 32 63
11 33 48
11 34 75
11 35 77
11 36 39
11 37 6
11 38 30
11 39 1
11 40 55
11 41 66
11 42 52
11 43 75
11 44 93
12 13 64
12 14 3
12 15 70
12 16 50
12 17 4
12 18 94
12 19 86
12 20 17
12 21 71
12 22 15
12 23 99
12 24 42
12 25 96
12 26 1
12 27 59
12 28 99
12 29 58
12 30 85
12 31 23
12 32 47
12 33 57
12 34 49
12 35 24
12 36 56
12 37 12
12 38 65
12 39 82
12 40 31
12 41 41
12 42 89
12 43 69
12 44 87
13 14 71
13 15 55
13 16 76
13 17 41
13 18 62
13 19 26
13 20 7
13 21 90
13 22 76
13 23 13
13 24 40
13 25 69
13 26 97
13 27 63
13 28 88
13 29 31
13 30 15
13 31 68
13 32 98
13 33 38
13 34 14
13 35 52
13 36 83
13 37 47
13 38 55
13 39 32
13 40 24
13 41 30
13 42 47
13 43 64
13 44 6
14 15 4
14 16 61
14 17 72
14 18 9
14 19 15
14 20 22
14 21 94
14 22 51
14 23 47
14 24 65
14 25 42
14 26 34
14 27 94
14 28 74
14 29 94
14 30 77
14 31 84
14 32 28
14 33 10
14 34 38
14 35 53
14 36 71
14 37 2
14 38 64
14 39 41
14 40 90
14 41 2
14 42 30
14 43 46
14 44 72
15 16 52
15 17 16
15 18 30
15 19 28
15 20 54
15 21 3
15 22 45
15 23 18
15 24 64
15 25 23
15 26 27
15 27 86
15 28 53
15 29 95
15 30 69
15 31 87
15 32 5
15 33 57
15 34 4
15 35 61
15 36 94
15 37 58
15 38 47
15 39 98
15 40 35
15 41 41
15 42 83
15 43 35
15 44 36
16 17 95
16 18 18
16 19 36
16 20 16
16 21 79
16 22 2
16 23 97
16 24 71
16 25 36
16 26 15
16 27 84
16 28 92
16 29 72
16 30 56
16 31 70
16 32 22
16 33 46
16 34 20
16 35 75
16 36 60
16 37 54
16 38 24
16 39 98
16 40 84
16 41 51
16 42 59
16 43 60
16 44 96
17 18 47
17 19 65
17 20 1
17 21 11
17 22 31
17 23 32
17 24 40
17 25 54
17 26 75
17 27 60
17 28 39
17 29 49
17 30 43
17 31 48
17 32 9
17 33 32
17 34 69
17 35 5
17 36 97
17 37 51
17 38 82
17 39 57
17 40 65
17 41 16
17 42 93
17 43 35
17 44 84
18 19 75
18 20 25
18 21 21
18 22 23
18 23 62
18 24 51
18 25 30
18 26 90
18 27 96
18 28 9
18 29 81
18 30 54
18 31 62
18 32 82
18 33 18
18 34 35
18 35 21
18 36 31
18 37 17
18 38 45
18 39 75
18 40 99
18 41 98
18 42 82
18 43 31
18 44 33
19 20 43
19 21 82
19 22 69
19 23 43
19 24 65
19 25 55
19 26 96
19 27 85
19 28 11
19 29 46
19 30 86
19 31 55
19 32 49
19 33 69
19 34 8
19 35 25
19 36 33
19 37 90
19 38 52
19 39 52
19 40 8
19 41 51
19 42 2
19 43 10
19 44 1
20 21 21
20 22 75
20 23 91
20 24 15
20 25 3
20 26 1
20 27 32
20 28 36
20 29 67
20 30 82
20 31 90
20 32 61
20 33 73
20 34 83
20 35 66
20 36 17
20 37 8
20 38 49
20 39 24
20 40 47
20 41 96
20 42 99
20 43 92
20 44 70
21 22 95
21 23 52
21 24 73
21 25 55
21 26 5
21 27 14
21 28 64
21 29 66
21 30 73
21 31 68
21 32 67
21 33 68
21 34 82
21 35 91
21 36 97
21 37 67
21 38 39
21 39 15
21 40 21
21 41 64
21 42 55
21 43 44
21 44 32
22 23 75
22 24 12
22 25 32
22 26 93
22 27 22
22 28 13
22 29 19
22 30 64
22 31 68
22 32 22
22 33 98
22 34 85
22 35 7
22 36 67
22 37 7
22 38 88
22 39 81
22 40 65
22 41 76
22 42 54
22 43 42
22 44 61
23 24 87
23 25 89
23 26 36
23 27 9
23 28 69
23 29 47
23 30 25
23 31 39
23 32 22
23 33 76
23 34 6
23 35 55
23 36 48
23 37 32
23 38 11
23 39 99
23 40 52
23 41 86
23 42 94
23 43 38
23 44 20
24 25 76
24 26 58
24 27 16
24 28 76
24 29 6
24 30 82
24 31 39
24 32 88
24 33 46
24 34 94
24 35 46
24 36 38
24 37 66
24 38 8
24 39 51
24 40 22
24 41 1
24 42 71
24 43 31
24 44 60
25 26 84
25 27 6
25 28 60
25 29 54
25 30 50
25 31 61
25 32 87
25 33 31
25 34 77
25 35 9
25 36 9
25 37 31
25 38 19
25 39 2
25 40 17
25 41 17
25 42 52
25 43 36
25 44 55
26 27 71
26 28 3
26 29 95
26 30 64
26 31 56
26 32 55
26 33 8
26 34 68
26 35 9
26 36 42
26 37 16
26 38 43
26 39 97
26 40 69
26 41 72
26 42 55
26 43 80
26 44 94
27 28 8
27 29 21
27 30 40
27 31 63
27 32 83
27 33 91
27 34 81
27 35 88
27 36 9
27 37 76
27 38 5
27 39 23
27 40 11
27 41 56
27 42 46
27 43 26
27 44 2
28 29 52
28 30 62
28 31 79
28 32 19
28 33 13
28 34 73
28 35 79
28 36 89
28 37 55
28 38 14
28 39 37
28 40 60
28 41 91
28 42 61
28 43 60
28 44 90
29 30 85
29 31 48
29 32 50
29 33 77
29 34 51
29 35 66
29 36 38
29 37 49
29 38 52
29 39 10
29 40 22
29 41 29
29 42 74
29 43 63
29 44 31
30 31 13
30 32 52
30 33 70
30 34 23
30 35 82
30 36 66
30 37 32
30 38 2
30 39 29
30 40 28
30 41 3
30 42 4
30 43 26
30 44 89
31 32 98
31 33 48
31 34 64
31 35 17
31 36 82
31 37 95
31 38 82
31 39 7
31 40 24
31 41 77
31 42 57
31 43 83
31 44 61
32 33 78
32 34 36
32 35 3
32 36 36
32 37 45
32 38 25
32 39 36
32 40 42
32 41 6
32 42 41
32 43 79
32 44 60
33 34 31
33 35 25
33 36 6
33 37 21
33 38 8
33 39 39
33 40 82
33 41 16
33 42 40
33 43 68
33 44 56
34 35 98
34 36 89
34 37 14
34 38 46
34 39 62
34 40 52
34 41 46
34 42 94
34 43 47
34 44 35
35 36 7
35 37 95
35 38 74
35 39 48
35 40 27
35 41 58
35 42 7
35 43 16
35 44 51
36 37 59
36 38 65
36 39 30
36 40 1
36 41 36
36 42 87
36 43 38
36 44 57
37 38 15
37 39 6
37 40 25
37 41 96
37 42 6
37 43 74
37 44 18
38 39 4
38 40 85
38 41 87
38 42 31
38 43 51
38 44 77
39 40 62
39 41 85
39 42 84
39 43 12
39 44 49
40 41 94
40 42 26
40 43 43
40 44 65
41 42 22
41 43 6
41 44 33
42 43 31
42 44 92
43 44 11