50
0 1 53.579
0 2 50.375
0 3 4.033
0 4 5.933
0 5 34.579
0 6 54.669
0 7 17.091
0 8 75.447
0 9 5.764
0 10 80.638
0 11 9.432
0 12 75.208
0 13 17.359
0 14 84.529
0 15 84.965
0 16 19.908
0 17 89.756
0 18 94.45
0 19 8.397
0 20 4.282
0 21 71.995
0 22 36.787
0 23 30.732
0 24 28.918
0 25 16.585
0 26 69.352
0 27 51.15
0 28 25.345
0 29 43.878
0 30 79.422
0 31 92.524
0 32 58.985
0 33 94.076
0 34 40.621
0 35 14.525
0 36 65.908
0 37 88.622
0 38 67.013
0 39 35.083
0 40 71.219
0 41 40.221
0 42 28.682
0 43 74.162
0 44 21.561
0 45 3.333
0 46 57.239
0 47 15.856
0 48 32.714
0 49 20.982
1 2 8.108
1 3 74.255
1 4 84.595
1 5 71.535
1 6 75.216
1 7 73.328
1 8 76.876
1 9 78.903
1 10 43.086
1 11 70.345
1 12 63.66
1 13 32.047
1 14 16.277
1 15 83.732
1 16 60.246
1 17 66.744
1 18 7.692
1 19 28.841
1 20 62.868
1 21 14.027
1 22 10.924
1 23 61.945
1 24 99.432
1 25 74.317
1 26 28.17
1 27 43.942
1 28 52.86
1 29 60.719
1 30 29.798
1 31 16.578
1 32 30.25
1 33 79.692
1 34 67.567
1 35 61.319
1 36 14.766
1 37 22.919
1 38 86.931
1 39 21.935
1 40 86.602
1 41 85.007
1 42 92.337
1 43 54.176
1 44 92.298
1 45 51.738
1 46 79.435
1 47 72.784
1 48 8.325
1 49 68.135
2 3 18.414
2 4 58.834
2 5 69.919
2 6 20.483
2 7 13.578
2 8 68.844
2 9 88.772
2 10 4.241
2 11 4.622
2 12 83.802
2 13 60.161
2 14 58.547
2 15 53.424
2 16 45.807
2 17 96.816
2 18 28.126
2 19 21.3
2 20 50.369
2 21 21.139
2 22 58.31
2 23 89.348
2 24 41.595
2 25 47.867
2 26 83.562
2 27 18.486
2 28 6.356
2 29 62.352
2 30 56.96
2 31 10.964
2 32 77.865
2 33 0.647
2 34 40.021
2 35 85.723
2 36 14.77
2 37 77.276
2 38 31.892
2 39 0.294
2 40 93.986
2 41 43.712
2 42 47.337
2 43 28.811
2 44 67.471
2 45 28.05
2 46 0.713
2 47 54.092
2 48 92.596
2 49 59.58
3 4 52.42
3 5 40.669
3 6 11.658
3 7 32.088
3 8 19.256
3 9 80.037
3 10 39.104
3 11 7.548
3 12 88.329
3 13 43.876
3 14 67.19
3 15 4.093
3 16 12.598
3 17 77.609
3 18 74.743
3 19 19.727
3 20 39.546
3 21 44.903
3 22 27.904
3 23 91.038
3 24 24.464
3 25 43.35
3 26 30.893
3 27 81.267
3 28 8.429
3 29 55.324
3 30 37.052
3 31 57.201
3 32 55.302
3 33 66.927
3 34 60.553
3 35 91.354
3 36 88.606
3 37 49.116
3 38 90.4
3 39 37.232
3 40 64.439
3 41 76.28
3 42 9.016
3 43 71.729
3 44 29.082
3 45 58.376
3 46 69.54
3 47 34.694
3 48 7.53
3 49 76.92
4 5 78.358
4 6 46.663
4 7 59.249
4 8 60.524
4 9 15.146
4 10 62.936
4 11 88.584
4 12 17.081
4 13 85.828
4 14 54.458
4 15 6.054
4 16 3.89
4 17 62.947
4 18 80.77
4 19 79.524
4 20 28.648
4 21 2.117
4 22 34.96
4 23 85.359
4 24 18.78
4 25 44.715
4 26 94.045
4 27 96.375
4 28 70.843
4 29 81.161
4 30 28.41
4 31 57.997
4 32 69.178
4 33 84.173
4 34 84.302
4 35 12.789
4 36 69.82
4 37 15.6
4 38 92.454
4 39 76.004
4 40 44.809
4 41 21.074
4 42 7.336
4 43 21.464
4 44 26.411
4 45 66.993
4 46 92.761
4 47 65.563
4 48 52.601
4 49 47.479
5 6 80.616
5 7 29.013
5 8 42.333
5 9 95.619
5 10 72.432
5 11 68.778
5 12 44.862
5 13 1.475
5 14 9.996
5 15 91.733
5 16 79.045
5 17 13.883
5 18 8.642
5 19 67.875
5 20 46.8
5 21 73.44
5 22 78.736
5 23 81.683
5 24 80.361
5 25 23.042
5 26 50.778
5 27 59.058
5 28 55.76
5 29 51.207
5 30 5.58
5 31 19.353
5 32 30.647
5 33 14.282
5 34 1.98
5 35 60.58
5 36 75.064
5 37 86.12
5 38 34.42
5 39 45.41
5 40 33.638
5 41 15.138
5 42 40.539
5 43 29.368
5 44 14.677
5 45 45.234
5 46 43.809
5 47 18.661
5 48 57.658
5 49 42.363
6 7 42.964
6 8 68.714
6 9 80.178
6 10 2.183
6 11 57.54
6 12 44.925
6 13 74.836
6 14 41.893
6 15 37.821
6 16 25.187
6 17 17.545
6 18 41.824
6 19 71.045
6 20 52.876
6 21 64.461
6 22 18.108
6 23 69.828
6 24 48.075
6 25 18.283
6 26 66.439
6 27 83.717
6 28 96.163
6 29 51.326
6 30 28.727
6 31 97.742
6 32 59.711
6 33 72.615
6 34 5.366
6 35 33.883
6 36 14.365
6 37 55.062
6 38 84.939
6 39 66.886
6 40 50.562
6 41 72.839
6 42 84.759
6 43 50.271
6 44 99.972
6 45 5.638
6 46 35.051
6 47 73.714
6 48 52.732
6 49 29.516
7 8 35.922
7 9 92.179
7 10 87.102
7 11 18.988
7 12 11.626
7 13 80.453
7 14 23.412
7 15 4.242
7 16 66.517
7 17 38.975
7 18 92.761
7 19 54.247
7 20 81.369
7 21 85.921
7 22 98.848
7 23 38.591
7 24 24.083
7 25 94.929
7 26 17.907
7 27 64.178
7 28 64.658
7 29 6.557
7 30 53.846
7 31 91.01
7 32 78.653
7 33 51.33
7 34 42.119
7 35 26.488
7 36 95.741
7 37 98.029
7 38 98.52
7 39 5.056
7 40 59.413
7 41 2.902
7 42 13.288
7 43 87.111
7 44 71.549
7 45 75.949
7 46 40.338
7 47 84.394
7 48 4.069
7 49 87.787
8 9 39.941
8 10 73.958
8 11 75.978
8 12 95.298
8 13 86.719
8 14 58.969
8 15 95.225
8 16 6.42
8 17 99.776
8 18 69.132
8 19 45.922
8 20 39.697
8 21 56.709
8 22 55.032
8 23 2.438
8 24 81.119
8 25 8.735
8 26 30.542
8 27 33.27
8 28 73.57
8 29 81.081
8 30 95.499
8 31 32.957
8 32 30.319
8 33 27.252
8 34 40.592
8 35 79.736
8 36 97.835
8 37 32.946
8 38 7.172
8 39 87.763
8 40 5.96
8 41 25.249
8 42 67.35
8 43 70.208
8 44 85.503
8 45 0.219
8 46 0.158
8 47 81.44
8 48 36.065
8 49 28.495
9 10 17.582
9 11 50.253
9 12 2.283
9 13 40.216
9 14 28.439
9 15 50.188
9 16 44.142
9 17 13.52
9 18 47.246
9 19 75.883
9 20 99.797
9 21 60.048
9 22 10.686
9 23 6.263
9 24 93.813
9 25 22.629
9 26 94.324
9 27 99.607
9 28 78.432
9 29 92.801
9 30 97.416
9 31 34.751
9 32 50.987
9 33 52.694
9 34 70.95
9 35 38.607
9 36 37.102
9 37 16.663
9 38 50.424
9 39 36.301
9 40 92.376
9 41 92.719
9 42 32.358
9 43 15.089
9 44 4.585
9 45 7.14
9 46 58.88
9 47 16.44
9 48 47.339
9 49 65.245
10 11 98.705
10 12 76.769
10 13 78.308
10 14 91.038
10 15 77.606
10 16 99.779
10 17 63.446
10 18 24.178
10 19 13.215
10 20 89.379
10 21 31.324
10 22 55.646
10 23 30.634
10 24 28.365
10 25 38.543
10 26 15.561
10 27 96.195
10 28 8.758
10 29 87.764
10 30 73.689
10 31 95.768
10 32 75.303
10 33 51.003
10 34 84.966
10 35 38.156
10 36 1.698
10 37 19.352
10 38 74.242
10 39 78.824
10 40 39.722
10 41 76.788
10 42 64.397
10 43 96.185
10 44 80.925
10 45 27.911
10 46 93.445
10 47 27.312
10 48 34.989
10 49 19.505
11 12 35.803
11 13 69.511
11 14 94.013
11 15 45.973
11 16 35.305
11 17 51.291
11 18 51.758
11 19 27.192
11 20 39.924
11 21 66.531
11 22 23.57
11 23 34.819
11 24 69.541
11 25 58.317
11 26 50.099
11 27 12.649
11 28 61.045
11 29 23.479
11 30 55.345
11 31 57.15
11 32 55.548
11 33 9.283
11 34 81.651
11 35 95.233
11 36 83.752
11 37 84.043
11 38 20.465
11 39 60.762
11 40 56.761
11 41 28.036
11 42 58.139
11 43 57.718
11 44 80.603
11 45 11.428
11 46 72.628
11 47 61.436
11 48 97.17
11 49 79.661
12 13 81.497
12 14 16.016
12 15 0.569
12 16 54.105
12 17 59.026
12 18 81.289
12 19 55.506
12 20 56.44
12 21 32.942
12 22 39.63
12 23 76.234
12 24 81.891
12 25 40.653
12 26 32.638
12 27 81.833
12 28 21.032
12 29 34.095
12 30 78.371
12 31 50.243
12 32 68.7
12 33 78.446
12 34 72.111
12 35 45.342
12 36 88.916
12 37 55.402
12 38 86.459
12 39 23.119
12 40 16.873
12 41 63.023
12 42 19.759
12 43 23.706
12 44 26.958
12 45 9.416
12 46 59.497
12 47 41.059
12 48 2.746
12 49 95.457
13 14 26.282
13 15 72.181
13 16 7.223
13 17 11.214
13 18 56.992
13 19 2.885
13 20 23.653
13 21 7.611
13 22 32.253
13 23 18.446
13 24 97.28
13 25 95.5
13 26 0.622
13 27 98.626
13 28 72.33
13 29 52.391
13 30 95.938
13 31 58.636
13 32 12.32
13 33 82.759
13 34 7.629
13 35 99.292
13 36 64.267
13 37 42.377
13 38 32.945
13 39 41.338
13 40 98.821
13 41 36.164
13 42 49.124
13 43 56.907
13 44 84.054
13 45 23.973
13 46 67.73
13 47 14.955
13 48 77.309
13 49 75.847
14 15 25.923
14 16 53.202
14 17 76.793
14 18 86.497
14 19 96.923
14 20 40.16
14 21 2.348
14 22 26.631
14 23 46.163
14 24 1.495
14 25 34.465
14 26 28.383
14 27 60.679
14 28 4.16
14 29 38.016
14 30 32.277
14 31 85.478
14 32 24.811
14 33 16.341
14 34 20.507
14 35 28.462
14 36 29.065
14 37 29.765
14 38 36.25
14 39 67.008
14 40 50.476
14 41 62.642
14 42 27.68
14 43 64.867
14 44 23.643
14 45 75.284
14 46 87.063
14 47 64.942
14 48 82.101
14 49 42.858
15 16 36.419
15 17 74.492
15 18 95.197
15 19 71.439
15 20 48.897
15 21 5.22
15 22 5.291
15 23 58.036
15 24 22.963
15 25 46.551
15 26 9.679
15 27 0.198
15 28 52.301
15 29 4.005
15 30 14.61
15 31 8.988
15 32 70.385
15 33 88.624
15 34 90.341
15 35 1.474
15 36 21.807
15 37 26.442
15 38 85.565
15 39 29.981
15 40 39.805
15 41 63.26
15 42 94.026
15 43 95.225
15 44 84.277
15 45 39.701
15 46 99.111
15 47 4.756
15 48 7.264
15 49 34.935
16 17 88.667
16 18 5.191
16 19 62.033
16 20 34.008
16 21 95.147
16 22 29.512
16 23 46.052
16 24 6.205
16 25 65.677
16 26 79.601
16 27 58.812
16 28 41.982
16 29 82.331
16 30 57.923
16 31 63.978
16 32 95.1
16 33 49.0
16 34 84.319
16 35 49.214
16 36 64.951
16 37 65.994
16 38 80.953
16 39 60.038
16 40 78.644
16 41 84.187
16 42 1.273
16 43 11.446
16 44 62.037
16 45 89.408
16 46 42.361
16 47 1.274
16 48 47.849
16 49 5.599
17 18 0.002
17 19 23.125
17 20 98.053
17 21 50.231
17 22 49.644
17 23 10.86
17 24 17.105
17 25 2.063
17 26 72.044
17 27 84.181
17 28 32.112
17 29 75.462
17 30 49.867
17 31 43.582
17 32 99.277
17 33 90.14
17 34 64.358
17 35 51.131
17 36 54.946
17 37 13.546
17 38 22.125
17 39 14.584
17 40 23.176
17 41 63.808
17 42 27.548
17 43 0.537
17 44 4.415
17 45 11.79
17 46 49.487
17 47 30.583
17 48 25.084
17 49 76.144
18 19 0.863
18 20 50.202
18 21 3.163
18 22 66.833
18 23 42.052
18 24 98.98
18 25 53.4
18 26 82.61
18 27 45.909
18 28 56.467
18 29 53.36
18 30 59.447
18 31 50.311
18 32 76.902
18 33 58.029
18 34 89.955
18 35 42.539
18 36 29.017
18 37 98.784
18 38 24.681
18 39 75.512
18 40 94.719
18 41 33.566
18 42 45.34
18 43 19.743
18 44 92.841
18 45 4.036
18 46 94.912
18 47 0.293
18 48 71.841
18 49 15.359
19 20 58.797
19 21 38.308
19 22 66.159
19 23 81.524
19 24 70.581
19 25 76.65
19 26 38.552
19 27 73.987
19 28 44.328
19 29 58.023
19 30 38.288
19 31 25.738
19 32 17.081
19 33 8.153
19 34 23.906
19 35 87.206
19 36 69.225
19 37 3.653
19 38 66.513
19 39 61.248
19 40 4.623
19 41 62.635
19 42 96.054
19 43 99.763
19 44 91.269
19 45 22.143
19 46 95.353
19 47 9.958
19 48 44.886
19 49 37.696
20 21 67.362
20 22 4.339
20 23 56.208
20 24 97.512
20 25 97.232
20 26 29.918
20 27 62.65
20 28 32.073
20 29 80.447
20 30 54.056
20 31 92.08
20 32 13.344
20 33 76.215
20 34 2.207
20 35 82.031
20 36 0.527
20 37 66.311
20 38 18.125
20 39 27.199
20 40 18.36
20 41 58.963
20 42 81.251
20 43 20.324
20 44 19.692
20 45 98.463
20 46 39.867
20 47 94.1
20 48 58.346
20 49 64.525
21 22 18.84
21 23 91.947
21 24 39.512
21 25 15.226
21 26 88.536
21 27 54.5
21 28 61.949
21 29 9.743
21 30 42.271
21 31 68.452
21 32 36.114
21 33 10.492
21 34 28.108
21 35 21.936
21 36 52.367
21 37 65.739
21 38 74.603
21 39 80.85
21 40 58.803
21 41 8.615
21 42 77.666
21 43 61.915
21 44 98.798
21 45 13.888
21 46 87.494
21 47 82.209
21 48 94.195
21 49 49.748
22 23 69.669
22 24 94.691
22 25 71.963
22 26 2.643
22 27 99.493
22 28 68.571
22 29 75.849
22 30 95.8
22 31 33.835
22 32 17.964
22 33 27.965
22 34 88.935
22 35 63.554
22 36 15.789
22 37 4.43
22 38 8.242
22 39 52.009
22 40 49.391
22 41 78.283
22 42 1.124
22 43 76.621
22 44 37.301
22 45 43.481
22 46 42.236
22 47 5.382
22 48 72.573
22 49 62.262
23 24 95.239
23 25 87.238
23 26 55.642
23 27 9.299
23 28 52.428
23 29 86.288
23 30 88.408
23 31 13.58
23 32 5.135
23 33 52.202
23 34 73.284
23 35 34.282
23 36 49.352
23 37 55.691
23 38 67.141
23 39 91.75
23 40 45.048
23 41 50.883
23 42 35.452
23 43 84.051
23 44 67.582
23 45 9.438
23 46 10.975
23 47 59.836
23 48 75.798
23 49 99.405
24 25 23.057
24 26 86.494
24 27 67.694
24 28 41.993
24 29 39.322
24 30 77.45
24 31 95.689
24 32 54.156
24 33 17.622
24 34 64.744
24 35 87.727
24 36 61.618
24 37 97.431
24 38 83.777
24 39 51.597
24 40 91.191
24 41 75.084
24 42 92.471
24 43 62.72
24 44 11.964
24 45 36.246
24 46 9.625
24 47 45.677
24 48 96.377
24 49 6.498
25 26 44.004
25 27 85.279
25 28 8.886
25 29 79.601
25 30 66.523
25 31 69.917
25 32 13.714
25 33 78.568
25 34 67.857
25 35 99.56
25 36 94.34
25 37 16.354
25 38 33.94
25 39 95.634
25 40 6.522
25 41 11.5
25 42 64.808
25 43 46.797
25 44 41.259
25 45 92.446
25 46 49.48
25 47 97.369
25 48 97.967
25 49 42.94
26 27 84.086
26 28 89.641
26 29 39.418
26 30 7.901
26 31 12.382
26 32 5.213
26 33 20.293
26 34 67.003
26 35 59.251
26 36 51.826
26 37 19.267
26 38 43.112
26 39 49.313
26 40 38.65
26 41 27.159
26 42 7.364
26 43 74.282
26 44 38.883
26 45 94.723
26 46 51.509
26 47 46.983
26 48 82.246
26 49 76.148
27 28 75.819
27 29 79.297
27 30 45.275
27 31 17.904
27 32 89.562
27 33 83.822
27 34 93.341
27 35 80.07
27 36 95.38
27 37 8.607
27 38 86.515
27 39 15.154
27 40 26.528
27 41 32.001
27 42 96.599
27 43 29.057
27 44 16.931
27 45 85.14
27 46 11.556
27 47 15.324
27 48 17.394
27 49 93.254
28 29 6.523
28 30 73.468
28 31 37.921
28 32 43.94
28 33 16.066
28 34 42.017
28 35 91.038
28 36 38.874
28 37 25.019
28 38 37.729
28 39 91.583
28 40 28.223
28 41 84.657
28 42 4.927
28 43 25.154
28 44 72.053
28 45 17.824
28 46 67.054
28 47 76.62
28 48 29.705
28 49 92.629
29 30 77.071
29 31 38.831
29 32 45.487
29 33 95.231
29 34 36.186
29 35 24.642
29 36 83.271
29 37 23.276
29 38 20.724
29 39 97.368
29 40 55.021
29 41 83.386
29 42 95.414
29 43 11.443
29 44 17.06
29 45 75.653
29 46 66.393
29 47 45.776
29 48 71.477
29 49 55.549
30 31 68.57
30 32 77.787
30 33 64.29
30 34 30.727
30 35 18.598
30 36 55.506
30 37 55.212
30 38 80.829
30 39 4.152
30 40 26.878
30 41 90.224
30 42 9.776
30 43 84.811
30 44 25.177
30 45 18.704
30 46 22.645
30 47 37.359
30 48 75.774
30 49 98.847
31 32 85.577
31 33 74.763
31 34 66.892
31 35 28.515
31 36 29.776
31 37 14.318
31 38 90.251
31 39 8.309
31 40 64.079
31 41 7.524
31 42 28.886
31 43 14.45
31 44 89.764
31 45 73.177
31 46 8.792
31 47 8.611
31 48 78.746
31 49 42.089
32 33 52.648
32 34 81.285
32 35 11.555
32 36 50.374
32 37 10.66
32 38 75.439
32 39 67.853
32 40 84.03
32 41 67.368
32 42 35.858
32 43 44.404
32 44 28.065
32 45 11.552
32 46 99.005
32 47 41.391
32 48 74.259
32 49 84.642
33 34 30.619
33 35 45.518
33 36 20.459
33 37 59.449
33 38 94.635
33 39 55.19
33 40 39.534
33 41 76.802
33 42 32.481
33 43 16.894
33 44 87.614
33 45 25.789
33 46 34.846
33 47 55.353
33 48 38.945
33 49 26.234
34 35 98.784
34 36 33.114
34 37 51.265
34 38 31.283
34 39 85.146
34 40 0.324
34 41 69.453
34 42 36.115
34 43 41.534
34 44 13.156
34 45 4.831
34 46 57.033
34 47 94.829
34 48 47.945
34 49 67.564
35 36 80.496
35 37 62.576
35 38 96.539
35 39 15.383
35 40 25.891
35 41 54.384
35 42 96.205
35 43 11.686
35 44 29.656
35 45 29.009
35 46 34.56
35 47 79.876
35 48 45.714
35 49 26.62
36 37 13.702
36 38 9.765
36 39 7.272
36 40 49.573
36 41 71.503
36 42 48.803
36 43 26.019
36 44 1.861
36 45 19.75
36 46 56.252
36 47 11.613
36 48 71.176
36 49 5.857
37 38 18.712
37 39 85.258
37 40 16.433
37 41 59.965
37 42 94.291
37 43 10.982
37 44 98.81
37 45 36.6
37 46 94.859
37 47 65.035
37 48 16.788
37 49 3.532
38 39 69.33
38 40 36.964
38 41 70.805
38 42 84.198
38 43 10.381
38 44 85.031
38 45 21.181
38 46 69.003
38 47 63.274
38 48 17.305
38 49 19.434
39 40 56.546
39 41 42.526
39 42 10.621
39 43 17.919
39 44 0.537
39 45 48.68
39 46 35.09
39 47 46.61
39 48 58.456
39 49 52.691
40 41 73.583
40 42 96.189
40 43 4.753
40 44 12.551
40 45 94.847
40 46 21.743
40 47 33.393
40 48 11.468
40 49 77.761
41 42 97.82
41 43 45.521
41 44 71.605
41 45 30.999
41 46 71.481
41 47 66.477
41 48 15.446
41 49 3.942
42 43 55.414
42 44 48.623
42 45 21.468
42 46 6.415
42 47 60.048
42 48 25.021
42 49 80.226
43 44 60.484
43 45 95.794
43 46 21.198
43 47 38.912
43 48 67.68
43 49 86.811
44 45 24.42
44 46 68.291
44 47 5.209
44 48 75.341
44 49 77.901
45 46 82.515
45 47 7.242
45 48 38.007
45 49 56.488
46 47 36.933
46 48 42.36
46 49 65.735
47 48 10.5
47 49 96.7
48 49 58.444
