50
0 29 40.058
0 5 79.739
0 20 8.175
0 47 64.232
29 49 87.96
29 39 45.257
29 42 43.148
5 48 75.208
5 6 83.403
5 33 0.001
20 4 22.952
20 6 38.606
20 9 92.664
47 2 9.813
47 7 80.972
47 46 80.404
1 19 88.992
1 36 82.612
1 3 57.528
1 27 69.202
19 23 34.259
19 49 37.702
19 22 33.588
36 7 21.107
36 18 88.406
36 24 18.763
3 23 2.367
3 42 71.647
3 21 60.025
27 16 59.666
27 18 68.021
27 40 97.591
2 9 24.935
2 38 10.342
2 45 9.35
9 43 21.269
9 41 35.809
38 31 10.042
38 37 65.83
38 46 43.079
45 18 88.031
45 21 52.742
45 30 23.306
23 48 33.517
23 26 75.049
42 24 77.919
42 28 68.791
21 17 97.047
21 25 27.756
4 41 91.412
4 25 57.447
4 33 74.673
41 13 19.575
41 32 68.199
25 15 88.782
25 35 94.502
33 12 72.292
33 43 80.343
48 7 34.85
48 14 7.243
6 32 63.752
6 11 1.136
32 30 77.584
32 37 45.165
11 31 5.347
11 28 47.984
11 34 35.168
7 26 69.15
26 17 28.634
26 40 66.173
8 40 0.955
8 44 3.976
8 10 48.176
8 49 41.867
40 28 21.114
44 10 92.03
44 12 71.323
44 22 53.168
10 30 33.875
10 35 51.829
49 22 93.369
43 12 85.749
43 34 72.157
30 13 89.492
35 12 22.103
35 34 46.538
31 17 28.38
31 46 54.088
28 37 60.932
34 14 91.303
13 37 73.911
13 24 54.043
24 17 57.991
14 16 98.913
14 15 2.123
16 15 18.637
16 39 88.046
15 22 60.779
39 39 77.847
18 46 4.19