45
0 1 60
0 2 74
0 3 83
0 4 90
0 5 33
0 6 47
0 7 61
0 8 82
0 9 55
0 10 42
0 11 21
0 12 78
0 13 92
0 14 9
0 15 93
0 16 88
0 17 91
0 18 29
0 19 11
0 20 47
0 21 6
0 22 49
0 23 18
0 24 59
0 25 73
0 26 88
0 27 20
0 28 34
0 29 16
0 30 56
0 31 37
0 32 40
0 33 15
0 34 70
0 35 94
0 36 64
0 37 18
0 38 36
0 39 11
0 40 93
0 41 59
0 42 14
0 43 15
0 44 86
1 2 46
1 3 13
1 4 27
1 5 36
1 6 33
1 7 93
1 8 26
1 9 74
1 10 46
1 11 97
1 12 43
1 13 81
1 14 25
1 15 17
1 16 92
1 17 13
1 18 36
1 19 17
1 20 58
1 21 18
1 22 43
1 23 5
1 24 1
1 25 44
1 26 96
1 27 93
1 28 49
1 29 99
1 30 18
1 31 9
1 32 36
1 33 81
1 34 96
1 35 5
1 36 44
1 37 38
1 38 77
1 39 97
1 40 88
1 41 29
1 42 57
1 43 34
1 44 42
2 3 50
2 4 45
2 5 37
2 6 50
2 7 3
2 8 42
2 9 58
2 10 28
2 11 42
2 12 45
2 13 5
2 14 99
2 15 56
2 16 59
2 17 88
2 18 30
2 19 84
2 20 81
2 21 61
2 22 47
2 23 9
2 24 72
2 25 8
2 26 37
2 27 47
2 28 92
2 29 78
2 30 40
2 31 43
2 32 4
2 33 35
2 34 48
2 35 41
2 36 62
2 37 88
2 38 7
2 39 72
2 40 60
2 41 91
2 42 73
2 43 73
2 44 77
3 4 55
3 5 73
3 6 86
3 7 43
3 8 47
3 9 69
3 10 5
3 11 94
3 12 99
3 13 41
3 14 48
3 15 13
3 16 70
3 17 75
3 18 91
3 19 21
3 20 74
3 21 48
3 22 67
3 23 27
3 24 84
3 25 14
3 26 90
3 27 27
3 28 41
3 29 21
3 30 85
3 31 65
3 32 21
3 33 1
3 34 86
3 35 97
3 36 73
3 37 71
3 38 50
3 39 30
3 40 6
3 41 13
3 42 90
3 43 85
3 44 32
4 5 41
4 6 22
4 7 61
4 8 71
4 9 3
4 10 78
4 11 96
4 12 71
4 13 89
4 14 30
4 15 53
4 16 63
4 17 28
4 18 72
4 19 49
4 20 17
4 21 95
4 22 35
4 23 97
4 24 7
4 25 77
4 26 6
4 27 28
4 28 74
4 29 11
4 30 52
4 31 48
4 32 58
4 33 39
4 34 9
4 35 54
4 36 45
4 37 49
4 38 60
4 39 86
4 40 44
4 41 6
4 42 54
4 43 85
4 44 43
5 6 60
5 7 56
5 8 20
5 9 19
5 10 21
5 11 28
5 12 41
5 13 28
5 14 38
5 15 23
5 16 57
5 17 86
5 18 12
5 19 34
5 20 94
5 21 53
5 22 1
5 23 14
5 24 3
5 25 31
5 26 17
5 27 29
5 28 77
5 29 20
5 30 32
5 31 73
5 32 37
5 33 3
5 34 20
5 35 63
5 36 51
5 37 3
5 38 44
5 39 65
5 40 53
5 41 51
5 42 78
5 43 96
5 44 39
6 7 43
6 8 34
6 9 71
6 10 75
6 11 78
6 12 43
6 13 93
6 14 26
6 15 73
6 16 13
6 17 41
6 18 50
6 19 26
6 20 12
6 21 5
6 22 70
6 23 7
6 24 20
6 25 75
6 26 7
6 27 95
6 28 74
6 29 2
6 30 9
6 31 61
6 32 66
6 33 9
6 34 25
6 35 24
6 36 61
6 37 82
6 38 60
6 39 72
6 40 9
6 41 9
6 42 76
6 43 61
6 44 78
7 8 21
7 9 98
7 10 32
7 11 86
7 12 16
7 13 66
7 14 53
7 15 45
7 16 4
7 17 38
7 18 78
7 19 96
7 20 69
7 21 49
7 22 43
7 23 22
7 24 83
7 25 88
7 26 56
7 27 54
7 28 17
7 29 34
7 30 86
7 31 17
7 32 95
7 33 59
7 34 57
7 35 52
7 36 91
7 37 19
7 38 98
7 39 97
7 40 21
7 41 80
7 42 31
7 43 28
7 44 51
8 9 96
8 10 17
8 11 22
8 12 44
8 13 72
8 14 94
8 15 16
8 16 71
8 17 28
8 18 56
8 19 46
8 20 66
8 21 72
8 22 64
8 23 10
8 24 75
8 25 37
8 26 77
8 27 70
8 28 11
8 29 49
8 30 65
8 31 46
8 32 45
8 33 10
8 34 79
8 35 40
8 36 38
8 37 17
8 38 17
8 39 41
8 40 41
8 41 67
8 42 98
8 43 34
8 44 98
9 10 96
9 11 54
9 12 77
9 13 57
9 14 96
9 15 40
9 16 76
9 17 10
9 18 62
9 19 9
9 20 50
9 21 49
9 22 9
9 23 51
9 24 64
9 25 28
9 26 42
9 27 36
9 28 59
9 29 90
9 30 94
9 31 77
9 32 34
9 33 70
9 34 46
9 35 39
9 36 63
9 37 47
9 38 12
9 39 32
9 40 8
9 41 65
9 42 7
9 43 31
9 44 6
10 11 4
10 12 59
10 13 35
10 14 40
10 15 38
10 16 88
10 17 66
10 18 95
10 19 13
10 20 97
10 21 90
10 22 52
10 23 66
10 24 14
10 25 13
10 26 12
10 27 79
10 28 57
10 29 49
10 30 26
10 31 97
10 32 83
10 33 48
10 34 98
10 35 9
10 36 17
10 37 25
10 38 23
10 39 13
10 40 54
10 41 71
10 42 72
10 43 41
10 44 61
11 12 38
11 13 12
11 14 48
11 15 83
11 16 42
11 17 27
11 18 23
11 19 52
11 20 76
11 21 19
11 22 4
11 23 25
11 24 47
11 25 20
11 26 88
11 27 48
11 28 67
11 29 82
11 30 90
11 31 79
11 32 61
11 33 33
11 34 74
11 35 62
11 36 60
11 37 6
11 38 27
11 39 27
11 40 69
11 41 55
11 42 35
11 43 27
11 44 9
12 13 27
12 14 64
12 15 65
12 16 76
12 17 50
12 18 4
12 19 79
12 20 58
12 21 14
12 22 76
12 23 59
12 24 30
12 25 59
12 26 96
12 27 88
12 28 41
12 29 35
12 30 97
12 31 78
12 32 67
12 33 19
12 34 62
12 35 16
12 36 71
12 37 71
12 38 75
12 39 5
12 40 1
12 41 35
12 42 84
12 43 32
12 44 22
13 14 89
13 15 48
13 16 54
13 17 65
13 18 90
13 19 89
13 20 89
13 21 6
13 22 49
13 23 90
13 24 4
13 25 6
13 26 68
13 27 8
13 28 58
13 29 68
13 30 85
13 31 55
13 32 91
13 33 6
13 34 60
13 35 63
13 36 61
13 37 3
13 38 26
13 39 81
13 40 31
13 41 83
13 42 83
13 43 59
13 44 3
14 15 12
14 16 29
14 17 50
14 18 61
14 19 89
14 20 56
14 21 45
14 22 7
14 23 87
14 24 36
14 25 71
14 26 22
14 27 44
14 28 2
14 29 17
14 30 30
14 31 48
14 32 17
14 33 42
14 34 33
14 35 64
14 36 82
14 37 37
14 38 81
14 39 14
14 40 2
14 41 46
14 42 17
14 43 32
14 44 89
15 16 48
15 17 98
15 18 49
15 19 35
15 20 91
15 21 51
15 22 44
15 23 17
15 24 24
15 25 60
15 26 81
15 27 6
15 28 38
15 29 67
15 30 4
15 31 14
15 32 84
15 33 62
15 34 66
15 35 88
15 36 70
15 37 44
15 38 26
15 39 30
15 40 55
15 41 17
15 42 90
15 43 22
15 44 23
16 17 96
16 18 51
16 19 90
16 20 23
16 21 38
16 22 14
16 23 73
16 24 36
16 25 44
16 26 77
16 27 65
16 28 53
16 29 57
16 30 9
16 31 7
16 32 40
16 33 44
16 34 43
16 35 12
16 36 93
16 37 46
16 38 13
16 39 89
16 40 25
16 41 60
16 42 74
16 43 53
16 44 26
17 18 40
17 19 9
17 20 54
17 21 36
17 22 50
17 23 16
17 24 10
17 25 63
17 26 20
17 27 91
17 28 71
17 29 76
17 30 16
17 31 84
17 32 75
17 33 36
17 34 98
17 35 43
17 36 5
17 37 33
17 38 87
17 39 98
17 40 33
17 41 99
17 42 43
17 43 1
17 44 8
18 19 91
18 20 7
18 21 58
18 22 32
18 23 36
18 24 58
18 25 66
18 26 58
18 27 21
18 28 48
18 29 32
18 30 48
18 31 62
18 32 23
18 33 60
18 34 90
18 35 98
18 36 77
18 37 41
18 38 42
18 39 67
18 40 11
18 41 44
18 42 29
18 43 60
18 44 57
19 20 88
19 21 26
19 22 74
19 23 21
19 24 61
19 25 32
19 26 97
19 27 2
19 28 95
19 29 54
19 30 59
19 31 82
19 32 74
19 33 25
19 34 69
19 35 14
19 36 82
19 37 1
19 38 81
19 39 37
19 40 64
19 41 76
19 42 79
19 43 93
19 44 5
20 21 41
20 22 36
20 23 59
20 24 86
20 25 68
20 26 15
20 27 32
20 28 1
20 29 29
20 30 90
20 31 47
20 32 50
20 33 27
20 34 18
20 35 35
20 36 19
20 37 65
20 38 56
20 39 97
20 40 1
20 41 26
20 42 10
20 43 14
20 44 39
21 22 41
21 23 79
21 24 61
21 25 61
21 26 55
21 27 3
21 28 64
21 29 81
21 30 64
21 31 6
21 32 55
21 33 63
21 34 54
21 35 4
21 36 70
21 37 38
21 38 79
21 39 32
21 40 74
21 41 94
21 42 93
21 43 76
21 44 14
22 23 90
22 24 3
22 25 91
22 26 78
22 27 19
22 28 11
22 29 99
22 30 99
22 31 57
22 32 64
22 33 85
22 34 68
22 35 92
22 36 80
22 37 75
22 38 52
22 39 7
22 40 14
22 41 33
22 42 84
22 43 1
22 44 66
23 24 48
23 25 62
23 26 32
23 27 6
23 28 66
23 29 35
23 30 49
23 31 56
23 32 64
23 33 72
23 34 84
23 35 53
23 36 72
23 37 91
23 38 64
23 39 70
23 40 22
23 41 51
23 42 67
23 43 36
23 44 6
24 25 17
24 26 94
24 27 33
24 28 75
24 29 46
24 30 9
24 31 16
24 32 95
24 33 50
24 34 71
24 35 24
24 36 90
24 37 48
24 38 73
24 39 25
24 40 46
24 41 39
24 42 14
24 43 52
24 44 72
25 26 71
25 27 63
25 28 32
25 29 83
25 30 32
25 31 49
25 32 80
25 33 55
25 34 81
25 35 9
25 36 60
25 37 18
25 38 35
25 39 19
25 40 77
25 41 5
25 42 8
25 43 30
25 44 31
26 27 56
26 28 85
26 29 89
26 30 29
26 31 63
26 32 33
26 33 26
26 34 27
26 35 84
26 36 94
26 37 3
26 38 62
26 39 71
26 40 7
26 41 34
26 42 15
26 43 44
26 44 92
27 28 21
27 29 74
27 30 80
27 31 82
27 32 3
27 33 16
27 34 18
27 35 73
27 36 93
27 37 22
27 38 94
27 39 76
27 40 4
27 41 46
27 42 62
27 43 67
27 44 21
28 29 81
28 30 26
28 31 38
28 32 96
28 33 17
28 34 7
28 35 11
28 36 2
28 37 13
28 38 86
28 39 29
28 40 63
28 41 1
28 42 83
28 43 91
28 44 10
29 30 47
29 31 89
29 32 89
29 33 21
29 34 98
29 35 1
29 36 43
29 37 35
29 38 41
29 39 10
29 40 73
29 41 68
29 42 4
29 43 82
29 44 93
30 31 25
30 32 72
30 33 17
30 34 56
30 35 44
30 36 83
30 37 41
30 38 85
30 39 34
30 40 76
30 41 81
30 42 26
30 43 78
30 44 24
31 32 74
31 33 6
31 34 27
31 35 29
31 36 66
31 37 42
31 38 43
31 39 13
31 40 74
31 41 99
31 42 37
31 43 23
31 44 61
32 33 24
32 34 29
32 35 41
32 36 33
32 37 46
32 38 46
32 39 97
32 40 38
32 41 42
32 42 15
32 43 75
32 44 6
33 34 83
33 35 74
33 36 11
33 37 15
33 38 39
33 39 87
33 40 57
33 41 93
33 42 5
33 43 97
33 44 11
34 35 99
34 36 65
34 37 3
34 38 53
34 39 32
34 40 8
34 41 69
34 42 93
34 43 92
34 44 81
35 36 67
35 37 56
35 38 95
35 39 69
35 40 96
35 41 77
35 42 16
35 43 6
35 44 29
36 37 92
36 38 14
36 39 91
36 40 63
36 41 11
36 42 92
36 43 76
36 44 92
37 38 86
37 39 39
37 40 24
37 41 18
37 42 78
37 43 10
37 44 51
38 39 16
38 40 64
38 41 65
38 42 88
38 43 30
38 44 26
39 40 79
39 41 49
39 42 65
39 43 8
39 44 10
40 41 37
40 42 62
40 43 71
40 44 58
41 42 47
41 43 42
41 44 54
42 43 93
42 44 3
43 44 82