48
0 1 22
0 2 11
0 3 56
0 4 92
0 5 57
0 6 27
0 7 66
0 8 27
0 9 64
0 10 50
0 11 97
0 12 9
0 13 52
0 14 58
0 15 64
0 16 58
0 17 64
0 18 63
0 19 81
0 20 54
0 21 35
0 22 44
0 23 40
0 24 7
0 25 40
0 26 37
0 27 62
0 28 9
0 29 34
0 30 50
0 31 21
0 32 50
0 33 13
0 34 80
0 35 86
0 36 10
0 37 28
0 38 23
0 39 47
0 40 6
0 41 36
0 42 40
0 43 12
0 44 27
0 45 34
0 46 20
0 47 54
1 2 5
1 3 51
1 4 66
1 5 98
1 6 65
1 7 49
1 8 15
1 9 83
1 10 88
1 11 41
1 12 79
1 13 93
1 14 74
1 15 23
1 16 14
1 17 31
1 18 19
1 19 14
1 20 36
1 21 60
1 22 53
1 23 83
1 24 80
1 25 19
1 26 97
1 27 4
1 28 60
1 29 42
1 30 7
1 31 83
1 32 16
1 33 69
1 34 53
1 35 66
1 36 95
1 37 73
1 38 65
1 39 84
1 40 47
1 41 56
1 42 76
1 43 13
1 44 60
1 45 75
1 46 15
1 47 52
2 3 7
2 4 6
2 5 56
2 6 52
2 7 78
2 8 6
2 9 38
2 10 32
2 11 34
2 12 50
2 13 66
2 14 34
2 15 9
2 16 47
2 17 71
2 18 56
2 19 25
2 20 37
2 21 94
2 22 20
2 23 60
2 24 37
2 25 40
2 26 14
2 27 58
2 28 34
2 29 13
2 30 21
2 31 63
2 32 91
2 33 35
2 34 61
2 35 48
2 36 96
2 37 21
2 38 71
2 39 8
2 40 30
2 41 89
2 42 35
2 43 18
2 44 56
2 45 59
2 46 81
2 47 6
3 4 59
3 5 78
3 6 45
3 7 52
3 8 64
3 9 63
3 10 49
3 11 52
3 12 88
3 13 45
3 14 22
3 15 8
3 16 87
3 17 95
3 18 81
3 19 17
3 20 59
3 21 19
3 22 36
3 23 7
3 24 72
3 25 98
3 26 42
3 27 83
3 28 50
3 29 55
3 30 95
3 31 37
3 32 41
3 33 18
3 34 74
3 35 80
3 36 75
3 37 47
3 38 7
3 39 65
3 40 15
3 41 25
3 42 98
3 43 6
3 44 87
3 45 92
3 46 27
3 47 65
4 5 20
4 6 7
4 7 28
4 8 50
4 9 71
4 10 57
4 11 76
4 12 11
4 13 57
4 14 86
4 15 96
4 16 29
4 17 97
4 18 87
4 19 84
4 20 56
4 21 8
4 22 60
4 23 71
4 24 54
4 25 48
4 26 17
4 27 62
4 28 85
4 29 88
4 30 31
4 31 84
4 32 69
4 33 81
4 34 83
4 35 5
4 36 32
4 37 92
4 38 91
4 39 63
4 40 98
4 41 26
4 42 64
4 43 3
4 44 29
4 45 20
4 46 38
4 47 5
5 6 36
5 7 4
5 8 17
5 9 84
5 10 53
5 11 11
5 12 21
5 13 76
5 14 77
5 15 13
5 16 39
5 17 35
5 18 7
5 19 55
5 20 60
5 21 53
5 22 11
5 23 58
5 24 5
5 25 4
5 26 39
5 27 94
5 28 90
5 29 56
5 30 67
5 31 16
5 32 45
5 33 36
5 34 89
5 35 20
5 36 85
5 37 89
5 38 57
5 39 7
5 40 93
5 41 98
5 42 20
5 43 16
5 44 1
5 45 65
5 46 19
5 47 95
6 7 8
6 8 93
6 9 67
6 10 44
6 11 65
6 12 55
6 13 64
6 14 75
6 15 9
6 16 97
6 17 48
6 18 42
6 19 33
6 20 27
6 21 15
6 22 93
6 23 48
6 24 47
6 25 61
6 26 95
6 27 68
6 28 15
6 29 27
6 30 72
6 31 25
6 32 37
6 33 91
6 34 65
6 35 66
6 36 12
6 37 3
6 38 22
6 39 36
6 40 85
6 41 75
6 42 42
6 43 80
6 44 84
6 45 62
6 46 55
6 47 85
7 8 97
7 9 54
7 10 12
7 11 51
7 12 66
7 13 90
7 14 85
7 15 44
7 16 31
7 17 67
7 18 51
7 19 27
7 20 43
7 21 9
7 22 98
7 23 12
7 24 69
7 25 2
7 26 23
7 27 17
7 28 33
7 29 70
7 30 64
7 31 32
7 32 54
7 33 6
7 34 92
7 35 71
7 36 38
7 37 26
7 38 78
7 39 20
7 40 94
7 41 16
7 42 89
7 43 80
7 44 47
7 45 83
7 46 1
7 47 46
8 9 30
8 10 21
8 11 33
8 12 38
8 13 67
8 14 56
8 15 64
8 16 84
8 17 32
8 18 61
8 19 39
8 20 22
8 21 71
8 22 96
8 23 37
8 24 80
8 25 98
8 26 94
8 27 43
8 28 52
8 29 72
8 30 33
8 31 44
8 32 68
8 33 64
8 34 93
8 35 30
8 36 72
8 37 58
8 38 86
8 39 58
8 40 65
8 41 95
8 42 88
8 43 28
8 44 8
8 45 71
8 46 68
8 47 2
9 10 49
9 11 89
9 12 67
9 13 54
9 14 37
9 15 31
9 16 10
9 17 5
9 18 49
9 19 56
9 20 20
9 21 15
9 22 70
9 23 90
9 24 21
9 25 62
9 26 94
9 27 62
9 28 95
9 29 74
9 30 33
9 31 74
9 32 48
9 33 25
9 34 90
9 35 81
9 36 78
9 37 46
9 38 8
9 39 49
9 40 17
9 41 65
9 42 93
9 43 24
9 44 41
9 45 32
9 46 97
9 47 35
10 11 11
10 12 64
10 13 9
10 14 62
10 15 7
10 16 88
10 17 86
10 18 12
10 19 91
10 20 69
10 21 32
10 22 53
10 23 46
10 24 59
10 25 60
10 26 14
10 27 30
10 28 53
10 29 71
10 30 91
10 31 47
10 32 4
10 33 70
10 34 10
10 35 83
10 36 71
10 37 48
10 38 64
10 39 2
10 40 13
10 41 49
10 42 98
10 43 61
10 44 67
10 45 13
10 46 35
10 47 55
11 12 53
11 13 4
11 14 39
11 15 12
11 16 16
11 17 24
11 18 42
11 19 99
11 20 97
11 21 21
11 22 21
11 23 85
11 24 15
11 25 74
11 26 73
11 27 2
11 28 94
11 29 73
11 30 26
11 31 10
11 32 71
11 33 28
11 34 49
11 35 70
11 36 22
11 37 34
11 38 56
11 39 61
11 40 99
11 41 62
11 42 39
11 43 50
11 44 17
11 45 91
11 46 54
11 47 20
12 13 13
12 14 71
12 15 98
12 16 83
12 17 56
12 18 84
12 19 65
12 20 94
12 21 72
12 22 67
12 23 65
12 24 45
12 25 76
12 26 74
12 27 43
12 28 92
12 29 29
12 30 87
12 31 88
12 32 19
12 33 57
12 34 45
12 35 68
12 36 26
12 37 26
12 38 47
12 39 11
12 40 49
12 41 39
12 42 45
12 43 48
12 44 87
12 45 86
12 46 87
12 47 80
13 14 46
13 15 73
13 16 2
13 17 30
13 18 10
13 19 62
13 20 40
13 21 19
13 22 55
13 23 8
13 24 95
13 25 30
13 26 66
13 27 90
13 28 1
13 29 43
13 30 70
13 31 19
13 32 71
13 33 73
13 34 75
13 35 63
13 36 56
13 37 78
13 38 51
13 39 49
13 40 49
13 41 36
13 42 61
13 43 56
13 44 30
13 45 81
13 46 22
13 47 12
14 15 84
14 16 20
14 17 97
14 18 44
14 19 2
14 20 98
14 21 58
14 22 32
14 23 77
14 24 20
14 25 71
14 26 65
14 27 5
14 28 34
14 29 35
14 30 4
14 31 69
14 32 29
14 33 84
14 34 1
14 35 80
14 36 40
14 37 6
14 38 51
14 39 6
14 40 19
14 41 15
14 42 83
14 43 79
14 44 73
14 45 59
14 46 33
14 47 21
15 16 5
15 17 8
15 18 49
15 19 6
15 20 88
15 21 95
15 22 47
15 23 50
15 24 25
15 25 28
15 26 46
15 27 15
15 28 22
15 29 9
15 30 74
15 31 7
15 32 99
15 33 92
15 34 45
15 35 66
15 36 41
15 37 49
15 38 89
15 39 71
15 40 14
15 41 18
15 42 56
15 43 6
15 44 8
15 45 90
15 46 57
15 47 9
16 17 40
16 18 21
16 19 1
16 20 15
16 21 88
16 22 73
16 23 68
16 24 83
16 25 33
16 26 26
16 27 85
16 28 7
16 29 65
16 30 44
16 31 73
16 32 7
16 33 15
16 34 52
16 35 99
16 36 37
16 37 82
16 38 20
16 39 29
16 40 1
16 41 16
16 42 6
16 43 51
16 44 21
16 45 57
16 46 69
16 47 42
17 18 27
17 19 99
17 20 33
17 21 81
17 22 56
17 23 50
17 24 24
17 25 97
17 26 44
17 27 46
17 28 37
17 29 31
17 30 24
17 31 89
17 32 29
17 33 95
17 34 24
17 35 7
17 36 45
17 37 88
17 38 47
17 39 95
17 40 67
17 41 82
17 42 35
17 43 65
17 44 29
17 45 63
17 46 54
17 47 26
18 19 32
18 20 82
18 21 69
18 22 12
18 23 8
18 24 71
18 25 2
18 26 70
18 27 79
18 28 72
18 29 40
18 30 97
18 31 12
18 32 98
18 33 28
18 34 12
18 35 12
18 36 84
18 37 31
18 38 51
18 39 82
18 40 27
18 41 53
18 42 31
18 43 63
18 44 43
18 45 41
18 46 45
18 47 8
19 20 44
19 21 82
19 22 25
19 23 94
19 24 91
19 25 66
19 26 57
19 27 42
19 28 1
19 29 55
19 30 78
19 31 70
19 32 56
19 33 31
19 34 85
19 35 47
19 36 88
19 37 41
19 38 68
19 39 58
19 40 59
19 41 53
19 42 60
19 43 55
19 44 6
19 45 20
19 46 47
19 47 18
20 21 25
20 22 25
20 23 7
20 24 32
20 25 52
20 26 19
20 27 1
20 28 14
20 29 62
20 30 55
20 31 18
20 32 45
20 33 30
20 34 94
20 35 71
20 36 82
20 37 10
20 38 54
20 39 34
20 40 37
20 41 70
20 42 47
20 43 8
20 44 4
20 45 59
20 46 18
20 47 96
21 22 4
21 23 12
21 24 60
21 25 99
21 26 70
21 27 33
21 28 86
21 29 79
21 30 98
21 31 15
21 32 33
21 33 26
21 34 47
21 35 6
21 36 63
21 37 68
21 38 52
21 39 63
21 40 52
21 41 2
21 42 79
21 43 34
21 44 35
21 45 11
21 46 71
21 47 45
22 23 39
22 24 53
22 25 33
22 26 31
22 27 26
22 28 80
22 29 52
22 30 87
22 31 40
22 32 45
22 33 95
22 34 18
22 35 69
22 36 27
22 37 64
22 38 18
22 39 28
22 40 19
22 41 17
22 42 31
22 43 85
22 44 59
22 45 37
22 46 52
22 47 99
23 24 44
23 25 72
23 26 73
23 27 7
23 28 78
23 29 93
23 30 26
23 31 72
23 32 49
23 33 19
23 34 41
23 35 89
23 36 78
23 37 69
23 38 50
23 39 39
23 40 6
23 41 63
23 42 29
23 43 51
23 44 34
23 45 52
23 46 65
23 47 43
24 25 20
24 26 72
24 27 88
24 28 86
24 29 99
24 30 29
24 31 27
24 32 58
24 33 12
24 34 25
24 35 76
24 36 92
24 37 69
24 38 42
24 39 7
24 40 18
24 41 97
24 42 78
24 43 26
24 44 10
24 45 68
24 46 9
24 47 99
25 26 24
25 27 99
25 28 74
25 29 90
25 30 23
25 31 6
25 32 1
25 33 26
25 34 67
25 35 11
25 36 25
25 37 69
25 38 84
25 39 79
25 40 87
25 41 22
25 42 18
25 43 23
25 44 87
25 45 23
25 46 12
25 47 35
26 27 39
26 28 95
26 29 83
26 30 84
26 31 80
26 32 93
26 33 13
26 34 30
26 35 84
26 36 81
26 37 73
26 38 78
26 39 66
26 40 6
26 41 55
26 42 23
26 43 31
26 44 48
26 45 26
26 46 53
26 47 27
27 28 88
27 29 44
27 30 46
27 31 79
27 32 36
27 33 70
27 34 35
27 35 97
27 36 20
27 37 67
27 38 47
27 39 13
27 40 3
27 41 80
27 42 81
27 43 68
27 44 68
27 45 77
27 46 99
27 47 16
28 29 36
28 30 51
28 31 98
28 32 66
28 33 73
28 34 66
28 35 91
28 36 88
28 37 92
28 38 68
28 39 68
28 40 67
28 41 41
28 42 86
28 43 96
28 44 28
28 45 53
28 46 19
28 47 12
29 30 92
29 31 19
29 32 55
29 33 81
29 34 52
29 35 80
29 36 23
29 37 12
29 38 79
29 39 24
29 40 64
29 41 86
29 42 35
29 43 3
29 44 9
29 45 62
29 46 23
29 47 55
30 31 49
30 32 80
30 33 63
30 34 78
30 35 42
30 36 84
30 37 4
30 38 44
30 39 22
30 40 59
30 41 77
30 42 10
30 43 49
30 44 74
30 45 8
30 46 8
30 47 17
31 32 17
31 33 10
31 34 28
31 35 69
31 36 69
31 37 13
31 38 42
31 39 15
31 40 73
31 41 35
31 42 68
31 43 11
31 44 13
31 45 83
31 46 3
31 47 31
32 33 22
32 34 2
32 35 1
32 36 70
32 37 42
32 38 48
32 39 37
32 40 58
32 41 29
32 42 61
32 43 84
32 44 91
32 45 49
32 46 6
32 47 65
33 34 4
33 35 67
33 36 95
33 37 11
33 38 36
33 39 63
33 40 38
33 41 77
33 42 74
33 43 10
33 44 53
33 45 48
33 46 38
33 47 65
34 35 68
34 36 30
34 37 35
34 38 13
34 39 78
34 40 34
34 41 39
34 42 39
34 43 81
34 44 53
34 45 20
34 46 4
34 47 3
35 36 60
35 37 82
35 38 95
35 39 87
35 40 26
35 41 47
35 42 47
35 43 60
35 44 44
35 45 25
35 46 78
35 47 11
36 37 26
36 38 90
36 39 41
36 40 61
36 41 83
36 42 92
36 43 74
36 44 85
36 45 93
36 46 39
36 47 72
37 38 62
37 39 2
37 40 53
37 41 46
37 42 33
37 43 57
37 44 75
37 45 90
37 46 57
37 47 11
38 39 66
38 40 7
38 41 38
38 42 52
38 43 30
38 44 97
38 45 4
38 46 34
38 47 68
39 40 60
39 41 22
39 42 84
39 43 24
39 44 11
39 45 23
39 46 8
39 47 87
40 41 70
40 42 18
40 43 57
40 44 70
40 45 21
40 46 95
40 47 41
41 42 97
41 43 23
41 44 30
41 45 83
41 46 11
41 47 63
42 43 44
42 44 90
42 45 27
42 46 80
42 47 33
43 44 16
43 45 36
43 46 80
43 47 88
44 45 44
44 46 23
44 47 73
45 46 40
45 47 88
46 47 15