50
0 2 43.01
0 4 54.8
0 5 12.4
0 16 45.8
1 4 90.22
1 5 45.33
2 3 2.77
2 4 1.55
4 5 2.44
4 8 10.2
4 11 33.10
5 7 90.321
6 10 11.11
6 13 15.32
6 25 18.91
6 30 43.51
6 4 32.23
6 26 1.001
7 19 7.232
7 20 1.54
7 48 4.55
7 33 19.21
7 21 19.82
7 18 20.201
8 10 34.32
8 19 21.89
8 22 90.33
8 15 41.22
8 7 8.01
8 2 10.21
8 10 13.76
8 37 19.322
8 10 11.291
9 11 93.55
9 14 32.54
9 45 79.001
9 27 45
9 4 34.321
9 18 10.21
10 5 90.091
10 2 23.65
10 18 10.394
10 33 28.382
10 25 18.2
10 28 1.20
10 15 9.382
11 3 10.232
11 5 89.20
11 7 93.282
11 19 9.2
11 26 10.2
11 29 4.65
12 5 76.34
12 7 90.021
12 39 2.000
12 41 29.102
12 28 20.101
12 4 2.231
13 19 90.2
13 47 90.001
13 33 90.002
13 25 90.002
13 26 12.32
14 19 10.1
14 5 87.22
14 12 2.321
14 19 56.343
15 20 29.39
15 44 93.2
15 18 9.999
16 19 99.999
16 45 1
16 38 76
17 43 45
17 32 56
17 21 54.234
18 23 67
18 41 56.354
18 23 93.321
19 21 32.232
19 3 86.45
19 18 34.653
20 4 3.102
20 23 9.1
20 18 10.1
20 39 11.1
21 3 0.01
21 8 0.02
22 19 0.3
22 45 0.4
23 2 0.082
23 18 12
24 19 13
24 38 1
25 19 1
25 4 2.2
26 19 10
26 33 20
27 2 4
27 18 5
28 37 39.10
28 45 34.5
29 6 34.09
29 18 2.31
30 4 54.31
30 2 54
31 7 56.7
31 8 86.4
32 45 93.04
33 47 4.064
33 49 6.454
33 35 76.43
34 9 90.643
35 22 43.454
35 28 83.290
35 32 30.35
36 32 12
36 18 76.66
36 43 32.432
37 21 30.203
37 18 76.402
38 49 2.394
38 16 94.303
39 18 39.49
39 30 39.201
40 2 4.203
40 29 3
41 8 67.091
41 39 21.4
42 34 22.22
42 8 11.11
42 19 10.01
43 34 21
43 29 20
44 18 13
44 27 12
45 19 0.2
45 48 8.23
46 3 6
46 38 7
47 8 11
47 11 0.1
48 16 0.004
48 22 0.003
49 33 21
49 4 22
