50
0 5 16.001
0 6 16.001
0 7 16.001
0 8 16.001
0 9 16.001
1 5 16.001
1 6 16.001
1 7 16.001
1 8 16.001
1 9 99.999
2 5 16.001
2 6 16.001
2 7 16.001
2 8 16.001
2 9 16.001
3 5 16.001
3 6 16.001
3 7 16.001
3 8 16.001
3 9 16.001
4 5 16.001
4 6 16.001
4 7 16.001
4 8 16.001
4 9 16.001
5 10 9.001
5 11 9.001
5 12 99.999
5 13 9.001
5 14 9.001
6 10 9.001
6 11 9.001
6 12 9.001
6 13 9.001
6 14 9.001
7 10 9.001
7 11 9.001
7 12 9.001
7 13 9.001
7 14 9.001
8 10 9.001
8 11 9.001
8 12 9.001
8 13 9.001
8 14 9.001
9 10 9.001
9 11 9.001
9 12 9.001
9 13 9.001
9 14 9.001
10 15 4.001
10 16 4.001
10 17 4.001
10 18 99.999
10 19 4.001
11 15 4.001
11 16 4.001
11 17 4.001
11 18 4.001
11 19 4.001
12 15 4.001
12 16 4.001
12 17 4.001
12 18 4.001
12 19 4.001
13 15 4.001
13 16 4.001
13 17 4.001
13 18 4.001
13 19 4.001
14 15 4.001
14 16 4.001
14 17 4.001
14 18 4.001
14 19 4.001
15 20 1.001
15 21 1.001
15 22 1.001
15 23 1.001
15 24 1.001
16 20 1.001
16 21 1.001
16 22 1.001
16 23 1.001
16 24 1.001
17 20 1.001
17 21 1.001
17 22 1.001
17 23 1.001
17 24 1.001
18 20 1.001
18 21 1.001
18 22 1.001
18 23 99.999
18 24 1.001
19 20 1.001
19 21 1.001
19 22 1.001
19 23 1.001
19 24 1.001
20 25 0.001
20 26 0.001
20 27 0.001
20 28 0.001
20 29 0.001
21 25 0.001
21 26 0.001
21 27 0.001
21 28 0.001
21 29 0.001
22 25 0.001
22 26 0.001
22 27 0.001
22 28 0.001
22 29 0.001
23 25 0.001
23 26 0.001
23 27 0.001
23 28 0.001
23 29 0.001
24 25 0.001
24 26 0.001
24 27 0.001
24 28 0.001
24 29 0.001
25 30 1.001
25 31 1.001
25 32 1.001
25 33 1.001
25 34 1.001
26 30 99.999
26 31 1.001
26 32 1.001
26 33 1.001
26 34 1.001
27 30 1.001
27 31 1.001
27 32 1.001
27 33 1.001
27 34 1.001
28 30 1.001
28 31 1.001
28 32 1.001
28 33 1.001
28 34 1.001
29 30 1.001
29 31 1.001
29 32 1.001
29 33 1.001
29 34 1.001
30 35 4.001
30 36 4.001
30 37 4.001
30 38 4.001
30 39 4.001
31 35 4.001
31 36 4.001
31 37 4.001
31 38 4.001
31 39 4.001
32 35 4.001
32 36 4.001
32 37 4.001
32 38 4.001
32 39 4.001
33 35 99.999
33 36 4.001
33 37 4.001
33 38 4.001
33 39 4.001
34 35 4.001
34 36 4.001
34 37 4.001
34 38 4.001
34 39 4.001
35 40 9.001
35 41 9.001
35 42 9.001
35 43 9.001
35 44 9.001
36 40 9.001
36 41 9.001
36 42 9.001
36 43 9.001
36 44 9.001
37 40 9.001
37 41 9.001
37 42 9.001
37 43 9.001
37 44 9.001
38 40 9.001
38 41 9.001
38 42 9.001
38 43 99.999
38 44 9.001
39 40 9.001
39 41 9.001
39 42 9.001
39 43 9.001
39 44 9.001
40 45 16.001
40 46 16.001
40 47 16.001
40 48 16.001
40 49 16.001
41 45 16.001
41 46 16.001
41 47 16.001
41 48 16.001
41 49 16.001
42 45 16.001
42 46 16.001
42 47 16.001
42 48 16.001
42 49 16.001
43 45 16.001
43 46 16.001
43 47 16.001
43 48 16.001
43 49 16.001
44 45 99.999
44 46 16.001
44 47 16.001
44 48 16.001
44 49 16.001