50
0 1 22.172
0 2 72.861
0 3 80.983
0 4 20.283
0 5 91.645
0 6 84.495
0 7 17.742
0 8 40.865
0 9 57.556
0 10 14.45
0 11 77.709
0 12 13.681
0 13 10.197
0 14 45.916
0 15 95.056
0 16 30.74
0 17 7.06
0 18 71.266
0 19 50.564
0 20 98.194
0 21 92.617
0 22 9.663
0 23 22.207
0 24 59.01
0 25 28.242
0 26 8.001
0 27 5.384
0 28 16.79
0 29 99.001
0 30 87.775
0 31 4.064
0 32 83.138
0 33 21.823
0 34 34.071
0 35 44.294
0 36 14.913
0 37 29.176
0 38 71.496
0 39 97.352
0 40 76.789
0 41 45.649
0 42 20.281
0 43 28.969
0 44 78.959
0 45 73.998
0 46 19.499
0 47 35.808
0 48 74.973
0 49 68.207
1 2 27.915
1 3 30.231
1 4 98.823
1 5 1.109
1 6 52.856
1 7 4.623
1 8 89.754
1 9 12.829
1 10 88.754
1 11 82.667
1 12 81.222
1 13 25.347
1 14 24.794
1 15 78.088
1 16 97.162
1 17 72.798
1 18 37.679
1 19 38.075
1 20 25.815
1 21 5.667
1 22 69.175
1 23 21.261
1 24 81.681
1 25 7.376
1 26 66.269
1 27 69.271
1 28 38.585
1 29 25.363
1 30 35.066
1 31 82.123
1 32 16.262
1 33 38.7
1 34 80.721
1 35 34.498
1 36 24.313
1 37 57.571
1 38 87.731
1 39 31.93
1 40 44.806
1 41 60.023
1 42 12.25
1 43 52.573
1 44 0.679
1 45 45.661
1 46 85.762
1 47 72.62
1 48 62.645
1 49 49.621
2 3 88.537
2 4 13.353
2 5 20.831
2 6 17.389
2 7 3.611
2 8 41.425
2 9 34.19
2 10 79.04
2 11 99.503
2 12 43.426
2 13 90.411
2 14 59.713
2 15 41.583
2 16 98.264
2 17 13.414
2 18 90.537
2 19 75.607
2 20 6.595
2 21 38.164
2 22 75.084
2 23 38.053
2 24 83.289
2 25 2.851
2 26 42.062
2 27 74.943
2 28 78.027
2 29 85.779
2 30 85.356
2 31 55.714
2 32 39.495
2 33 43.409
2 34 40.679
2 35 92.672
2 36 9.874
2 37 24.011
2 38 50.986
2 39 26.226
2 40 21.327
2 41 43.901
2 42 19.535
2 43 10.618
2 44 35.464
2 45 36.379
2 46 48.242
2 47 13.733
2 48 53.41
2 49 1.54
3 4 50.034
3 5 73.954
3 6 3.041
3 7 91.445
3 8 62.292
3 9 39.746
3 10 78.292
3 11 41.435
3 12 74.262
3 13 17.618
3 14 21.671
3 15 15.993
3 16 90.079
3 17 72.661
3 18 81.753
3 19 34.378
3 20 46.746
3 21 87.486
3 22 44.631
3 23 65.259
3 24 6.72
3 25 12.714
3 26 28.066
3 27 51.133
3 28 64.713
3 29 54.176
3 30 56.802
3 31 29.725
3 32 26.777
3 33 19.555
3 34 29.133
3 35 41.128
3 36 58.916
3 37 42.031
3 38 99.557
3 39 12.973
3 40 17.337
3 41 96.975
3 42 81.939
3 43 70.83
3 44 13.653
3 45 67.053
3 46 63.998
3 47 48.337
3 48 80.328
3 49 44.909
4 5 10.804
4 6 55.824
4 7 99.813
4 8 74.604
4 9 88.131
4 10 90.49
4 11 50.717
4 12 75.695
4 13 13.023
4 14 45.291
4 15 40.142
4 16 64.738
4 17 43.211
4 18 65.65
4 19 83.578
4 20 53.837
4 21 35.062
4 22 42.773
4 23 73.112
4 24 7.153
4 25 62.778
4 26 97.698
4 27 79.835
4 28 32.0
4 29 62.317
4 30 65.549
4 31 44.188
4 32 87.09
4 33 90.185
4 34 38.914
4 35 76.141
4 36 57.327
4 37 44.89
4 38 69.48
4 39 66.86
4 40 94.324
4 41 65.553
4 42 16.463
4 43 60.882
4 44 90.611
4 45 93.098
4 46 94.415
4 47 29.889
4 48 73.491
4 49 46.231
5 6 71.368
5 7 17.599
5 8 80.027
5 9 38.558
5 10 43.651
5 11 37.694
5 12 78.907
5 13 90.818
5 14 91.501
5 15 84.666
5 16 92.062
5 17 88.175
5 18 94.028
5 19 16.398
5 20 78.727
5 21 70.846
5 22 32.909
5 23 3.44
5 24 80.213
5 25 34.073
5 26 6.784
5 27 7.16
5 28 49.498
5 29 96.193
5 30 68.582
5 31 14.487
5 32 28.507
5 33 7.24
5 34 20.688
5 35 4.872
5 36 75.482
5 37 98.764
5 38 71.532
5 39 60.589
5 40 49.06
5 41 79.565
5 42 45.63
5 43 28.707
5 44 0.858
5 45 92.815
5 46 0.776
5 47 42.258
5 48 76.415
5 49 14.65
6 7 27.998
6 8 93.646
6 9 1.342
6 10 54.588
6 11 35.097
6 12 1.883
6 13 85.505
6 14 83.09
6 15 53.186
6 16 7.258
6 17 57.119
6 18 33.04
6 19 37.03
6 20 17.653
6 21 83.436
6 22 51.285
6 23 70.606
6 24 57.118
6 25 2.794
6 26 36.636
6 27 78.479
6 28 62.222
6 29 64.291
6 30 70.798
6 31 9.536
6 32 30.124
6 33 49.325
6 34 89.18
6 35 74.668
6 36 67.475
6 37 35.68
6 38 19.784
6 39 32.377
6 40 89.539
6 41 80.33
6 42 66.544
6 43 44.823
6 44 82.359
6 45 8.939
6 46 82.937
6 47 0.214
6 48 14.808
6 49 54.108
7 8 5.125
7 9 25.722
7 10 35.536
7 11 12.025
7 12 81.946
7 13 95.143
7 14 86.733
7 15 11.933
7 16 28.89
7 17 10.125
7 18 81.299
7 19 8.277
7 20 51.631
7 21 1.899
7 22 64.724
7 23 54.501
7 24 6.408
7 25 94.396
7 26 16.758
7 27 39.093
7 28 45.197
7 29 66.063
7 30 80.538
7 31 8.79
7 32 27.582
7 33 74.922
7 34 40.598
7 35 67.864
7 36 65.894
7 37 72.498
7 38 26.688
7 39 41.495
7 40 16.666
7 41 78.017
7 42 67.762
7 43 75.44
7 44 15.904
7 45 23.192
7 46 94.284
7 47 44.489
7 48 74.891
7 49 97.352
8 9 44.865
8 10 97.938
8 11 88.265
8 12 37.986
8 13 63.464
8 14 74.917
8 15 89.649
8 16 73.081
8 17 71.984
8 18 84.483
8 19 16.72
8 20 87.669
8 21 91.894
8 22 93.773
8 23 64.658
8 24 24.301
8 25 67.416
8 26 57.865
8 27 35.595
8 28 88.349
8 29 61.034
8 30 79.776
8 31 40.602
8 32 92.013
8 33 21.921
8 34 57.827
8 35 53.051
8 36 91.169
8 37 57.387
8 38 13.458
8 39 59.68
8 40 48.098
8 41 66.392
8 42 20.6
8 43 16.734
8 44 75.686
8 45 80.063
8 46 56.414
8 47 43.568
8 48 95.193
8 49 78.057
9 10 36.986
9 11 39.232
9 12 58.121
9 13 24.13
9 14 84.711
9 15 43.333
9 16 39.57
9 17 59.055
9 18 11.656
9 19 73.098
9 20 39.212
9 21 64.501
9 22 6.477
9 23 18.568
9 24 95.063
9 25 57.167
9 26 31.007
9 27 66.894
9 28 76.31
9 29 61.018
9 30 86.921
9 31 65.818
9 32 6.378
9 33 92.87
9 34 91.243
9 35 85.809
9 36 6.478
9 37 22.204
9 38 40.068
9 39 12.443
9 40 62.151
9 41 77.75
9 42 69.727
9 43 21.883
9 44 85.543
9 45 46.177
9 46 41.353
9 47 79.82
9 48 18.152
9 49 30.617
10 11 11.996
10 12 96.842
10 13 64.016
10 14 86.545
10 15 19.539
10 16 42.715
10 17 90.194
10 18 32.542
10 19 10.353
10 20 20.93
10 21 16.692
10 22 62.83
10 23 66.858
10 24 46.426
10 25 87.388
10 26 2.514
10 27 40.69
10 28 99.492
10 29 51.994
10 30 78.871
10 31 71.077
10 32 32.855
10 33 79.156
10 34 88.642
10 35 86.624
10 36 44.443
10 37 49.528
10 38 62.566
10 39 48.498
10 40 27.493
10 41 79.044
10 42 54.102
10 43 23.582
10 44 31.102
10 45 15.466
10 46 85.838
10 47 39.352
10 48 34.701
10 49 97.651
11 12 13.973
11 13 43.42
11 14 43.771
11 15 86.589
11 16 36.278
11 17 70.595
11 18 52.104
11 19 84.325
11 20 72.037
11 21 46.46
11 22 95.47
11 23 81.858
11 24 1.812
11 25 28.544
11 26 87.265
11 27 72.529
11 28 91.526
11 29 50.28
11 30 4.161
11 31 48.6
11 32 72.451
11 33 35.179
11 34 23.633
11 35 40.334
11 36 23.518
11 37 18.498
11 38 84.76
11 39 38.23
11 40 72.367
11 41 30.625
11 42 9.387
11 43 49.251
11 44 29.008
11 45 48.138
11 46 64.126
11 47 16.225
11 48 60.325
11 49 76.003
12 13 10.251
12 14 67.009
12 15 33.149
12 16 62.996
12 17 82.669
12 18 31.019
12 19 15.327
12 20 48.055
12 21 85.824
12 22 34.47
12 23 65.24
12 24 45.291
12 25 67.853
12 26 90.317
12 27 85.825
12 28 36.434
12 29 23.597
12 30 57.38
12 31 54.308
12 32 30.955
12 33 52.434
12 34 29.498
12 35 93.433
12 36 91.695
12 37 17.806
12 38 24.751
12 39 47.512
12 40 18.135
12 41 8.735
12 42 4.308
12 43 39.137
12 44 91.185
12 45 65.684
12 46 90.679
12 47 25.129
12 48 7.808
12 49 37.963
13 14 22.084
13 15 92.204
13 16 26.539
13 17 68.934
13 18 55.179
13 19 8.085
13 20 68.112
13 21 35.924
13 22 59.361
13 23 83.369
13 24 79.533
13 25 73.377
13 26 80.142
13 27 73.564
13 28 53.371
13 29 42.015
13 30 14.571
13 31 44.062
13 32 30.704
13 33 56.485
13 34 10.158
13 35 71.895
13 36 99.078
13 37 62.433
13 38 64.926
13 39 52.734
13 40 43.29
13 41 69.86
13 42 50.712
13 43 21.357
13 44 8.924
13 45 86.233
13 46 77.421
13 47 54.195
13 48 46.563
13 49 76.569
14 15 41.086
14 16 70.231
14 17 57.98
14 18 84.23
14 19 7.273
14 20 43.113
14 21 40.808
14 22 1.348
14 23 70.485
14 24 11.202
14 25 6.481
14 26 73.671
14 27 36.208
14 28 61.817
14 29 17.877
14 30 71.517
14 31 80.158
14 32 99.331
14 33 68.874
14 34 42.457
14 35 74.704
14 36 53.966
14 37 78.521
14 38 12.937
14 39 74.899
14 40 12.896
14 41 94.731
14 42 52.697
14 43 76.651
14 44 66.048
14 45 75.993
14 46 32.063
14 47 69.519
14 48 99.785
14 49 92.183
15 16 35.238
15 17 97.274
15 18 46.158
15 19 1.868
15 20 32.36
15 21 93.775
15 22 80.665
15 23 77.936
15 24 38.154
15 25 42.722
15 26 20.407
15 27 33.926
15 28 88.606
15 29 61.598
15 30 8.975
15 31 92.07
15 32 50.076
15 33 78.275
15 34 4.271
15 35 79.323
15 36 46.114
15 37 13.992
15 38 54.918
15 39 95.658
15 40 72.958
15 41 7.318
15 42 79.727
15 43 83.32
15 44 93.011
15 45 49.151
15 46 51.026
15 47 72.862
15 48 74.361
15 49 34.012
16 17 52.727
16 18 92.487
16 19 92.508
16 20 95.822
16 21 93.382
16 22 5.206
16 23 75.579
16 24 12.387
16 25 16.977
16 26 33.319
16 27 88.956
16 28 42.699
16 29 39.406
16 30 30.173
16 31 75.711
16 32 8.488
16 33 43.696
16 34 18.431
16 35 12.853
16 36 45.101
16 37 51.084
16 38 23.26
16 39 45.593
16 40 59.173
16 41 9.711
16 42 86.634
16 43 36.923
16 44 15.368
16 45 13.107
16 46 88.825
16 47 76.396
16 48 60.429
16 49 96.193
17 18 77.963
17 19 50.882
17 20 41.344
17 21 7.61
17 22 72.848
17 23 7.061
17 24 78.55
17 25 45.967
17 26 39.765
17 27 79.09
17 28 37.044
17 29 41.979
17 30 7.475
17 31 79.852
17 32 55.936
17 33 72.025
17 34 97.105
17 35 19.614
17 36 68.033
17 37 13.127
17 38 80.291
17 39 7.538
17 40 68.996
17 41 92.067
17 42 24.863
17 43 11.1
17 44 49.827
17 45 96.302
17 46 0.847
17 47 89.156
17 48 99.77
17 49 71.006
18 19 33.499
18 20 7.328
18 21 0.88
18 22 94.582
18 23 55.508
18 24 70.045
18 25 61.239
18 26 71.903
18 27 52.203
18 28 24.987
18 29 87.525
18 30 23.233
18 31 41.86
18 32 46.694
18 33 57.57
18 34 24.71
18 35 16.882
18 36 19.524
18 37 67.143
18 38 61.302
18 39 3.519
18 40 87.9
18 41 2.216
18 42 62.791
18 43 46.536
18 44 77.06
18 45 22.814
18 46 19.173
18 47 34.426
18 48 40.324
18 49 99.513
19 20 65.365
19 21 9.04
19 22 62.868
19 23 5.395
19 24 55.27
19 25 51.511
19 26 58.993
19 27 55.488
19 28 2.721
19 29 72.027
19 30 20.428
19 31 16.151
19 32 7.409
19 33 44.776
19 34 64.586
19 35 49.394
19 36 36.564
19 37 42.178
19 38 33.754
19 39 13.968
19 40 5.418
19 41 85.254
19 42 25.863
19 43 18.255
19 44 26.546
19 45 53.063
19 46 23.626
19 47 29.994
19 48 97.458
19 49 31.678
20 21 7.544
20 22 74.454
20 23 93.551
20 24 59.61
20 25 11.25
20 26 69.406
20 27 2.195
20 28 93.061
20 29 84.748
20 30 52.159
20 31 7.476
20 32 14.96
20 33 50.088
20 34 91.668
20 35 26.741
20 36 21.577
20 37 62.844
20 38 6.241
20 39 24.732
20 40 76.394
20 41 19.647
20 42 19.528
20 43 97.805
20 44 95.013
20 45 92.055
20 46 19.283
20 47 88.983
20 48 51.621
20 49 65.497
21 22 42.23
21 23 64.626
21 24 92.196
21 25 33.449
21 26 80.773
21 27 24.858
21 28 56.974
21 29 66.695
21 30 65.239
21 31 27.493
21 32 57.118
21 33 96.312
21 34 53.509
21 35 1.952
21 36 15.695
21 37 26.295
21 38 93.566
21 39 66.609
21 40 76.788
21 41 93.411
21 42 49.364
21 43 64.099
21 44 35.108
21 45 12.067
21 46 85.212
21 47 14.385
21 48 11.764
21 49 0.617
22 23 83.482
22 24 99.291
22 25 8.147
22 26 26.975
22 27 4.634
22 28 4.883
22 29 68.06
22 30 24.951
22 31 4.28
22 32 15.872
22 33 79.01
22 34 11.31
22 35 51.052
22 36 82.475
22 37 71.972
22 38 28.03
22 39 12.207
22 40 29.823
22 41 57.901
22 42 70.102
22 43 57.204
22 44 50.791
22 45 51.189
22 46 36.008
22 47 99.85
22 48 60.279
22 49 78.211
23 24 57.071
23 25 19.275
23 26 37.041
23 27 10.195
23 28 39.057
23 29 51.671
23 30 0.183
23 31 6.181
23 32 33.852
23 33 30.833
23 34 40.861
23 35 40.809
23 36 60.45
23 37 86.617
23 38 13.162
23 39 11.594
23 40 87.96
23 41 38.9
23 42 74.597
23 43 62.989
23 44 90.792
23 45 92.058
23 46 34.407
23 47 92.361
23 48 21.192
23 49 0.193
24 25 61.798
24 26 27.454
24 27 45.447
24 28 50.386
24 29 9.655
24 30 3.027
24 31 71.42
24 32 72.501
24 33 90.319
24 34 32.57
24 35 42.248
24 36 85.919
24 37 64.283
24 38 32.169
24 39 22.87
24 40 10.847
24 41 22.338
24 42 51.657
24 43 65.002
24 44 55.547
24 45 28.7
24 46 26.999
24 47 65.208
24 48 30.644
24 49 18.908
25 26 67.002
25 27 21.158
25 28 49.722
25 29 32.42
25 30 66.682
25 31 34.673
25 32 21.821
25 33 95.916
25 34 26.154
25 35 71.197
25 36 97.224
25 37 29.239
25 38 48.514
25 39 7.168
25 40 18.517
25 41 46.104
25 42 6.982
25 43 31.924
25 44 77.608
25 45 63.753
25 46 94.781
25 47 58.323
25 48 17.557
25 49 96.318
26 27 53.916
26 28 68.504
26 29 59.85
26 30 74.363
26 31 3.106
26 32 83.538
26 33 50.391
26 34 87.619
26 35 81.364
26 36 44.828
26 37 40.08
26 38 12.663
26 39 57.414
26 40 92.262
26 41 56.584
26 42 50.971
26 43 29.554
26 44 85.428
26 45 77.692
26 46 90.027
26 47 83.023
26 48 9.575
26 49 55.02
27 28 16.212
27 29 27.448
27 30 44.456
27 31 71.08
27 32 88.539
27 33 91.329
27 34 78.414
27 35 20.167
27 36 80.934
27 37 9.388
27 38 48.172
27 39 1.471
27 40 71.049
27 41 18.82
27 42 56.748
27 43 95.37
27 44 13.608
27 45 23.771
27 46 85.39
27 47 66.902
27 48 58.501
27 49 47.476
28 29 42.799
28 30 99.539
28 31 26.742
28 32 30.576
28 33 71.947
28 34 34.695
28 35 22.917
28 36 85.686
28 37 12.013
28 38 6.718
28 39 53.641
28 40 66.334
28 41 46.932
28 42 23.562
28 43 50.277
28 44 56.663
28 45 55.687
28 46 51.425
28 47 21.092
28 48 35.154
28 49 80.553
29 30 16.971
29 31 70.315
29 32 63.941
29 33 50.855
29 34 76.011
29 35 94.216
29 36 81.744
29 37 38.725
29 38 40.885
29 39 4.427
29 40 24.08
29 41 96.337
29 42 25.881
29 43 22.587
29 44 8.129
29 45 63.068
29 46 0.449
29 47 13.71
29 48 4.494
29 49 90.075
30 31 95.465
30 32 25.466
30 33 35.954
30 34 90.144
30 35 76.678
30 36 28.123
30 37 7.828
30 38 47.307
30 39 24.496
30 40 87.702
30 41 91.409
30 42 1.682
30 43 49.335
30 44 42.837
30 45 38.707
30 46 26.509
30 47 94.115
30 48 85.331
30 49 96.752
31 32 62.663
31 33 58.817
31 34 65.202
31 35 35.137
31 36 50.102
31 37 77.47
31 38 24.608
31 39 18.257
31 40 8.819
31 41 49.979
31 42 5.112
31 43 44.558
31 44 99.718
31 45 57.848
31 46 50.326
31 47 59.005
31 48 74.979
31 49 79.061
32 33 24.572
32 34 89.943
32 35 29.577
32 36 8.592
32 37 28.68
32 38 4.206
32 39 29.792
32 40 52.1
32 41 39.731
32 42 93.883
32 43 69.507
32 44 4.654
32 45 1.669
32 46 41.165
32 47 98.203
32 48 92.571
32 49 26.052
33 34 84.47
33 35 52.259
33 36 59.545
33 37 56.347
33 38 94.633
33 39 24.439
33 40 80.672
33 41 12.926
33 42 49.624
33 43 78.158
33 44 40.494
33 45 14.591
33 46 78.567
33 47 5.157
33 48 44.063
33 49 2.089
34 35 70.155
34 36 53.96
34 37 63.144
34 38 56.965
34 39 66.847
34 40 68.278
34 41 75.268
34 42 44.617
34 43 70.448
34 44 77.931
34 45 23.17
34 46 49.51
34 47 41.904
34 48 60.064
34 49 80.255
35 36 17.218
35 37 87.933
35 38 6.84
35 39 90.928
35 40 8.568
35 41 59.991
35 42 57.631
35 43 69.911
35 44 17.233
35 45 44.847
35 46 68.245
35 47 61.678
35 48 20.916
35 49 62.168
36 37 30.728
36 38 32.348
36 39 8.267
36 40 79.947
36 41 9.21
36 42 54.495
36 43 81.657
36 44 83.518
36 45 3.549
36 46 66.767
36 47 4.691
36 48 69.839
36 49 58.523
37 38 10.155
37 39 6.359
37 40 44.142
37 41 59.955
37 42 74.432
37 43 74.2
37 44 74.736
37 45 46.612
37 46 46.438
37 47 50.469
37 48 40.042
37 49 88.283
38 39 91.543
38 40 9.209
38 41 20.896
38 42 77.775
38 43 71.018
38 44 86.413
38 45 2.928
38 46 87.629
38 47 61.448
38 48 82.375
38 49 12.33
39 40 69.713
39 41 75.657
39 42 12.917
39 43 59.699
39 44 83.126
39 45 85.054
39 46 38.039
39 47 57.414
39 48 32.447
39 49 0.392
40 41 66.61
40 42 76.729
40 43 89.639
40 44 29.024
40 45 32.781
40 46 26.835
40 47 90.324
40 48 34.546
40 49 37.203
41 42 30.02
41 43 0.291
41 44 3.282
41 45 58.194
41 46 56.338
41 47 94.89
41 48 6.197
41 49 26.526
42 43 41.985
42 44 93.711
42 45 93.052
42 46 29.187
42 47 69.498
42 48 0.963
42 49 39.925
43 44 85.136
43 45 66.299
43 46 22.337
43 47 19.502
43 48 3.407
43 49 4.315
44 45 92.864
44 46 33.864
44 47 28.254
44 48 86.367
44 49 13.985
45 46 6.97
45 47 98.994
45 48 1.828
45 49 94.2
46 47 7.704
46 48 11.63
46 49 26.871
47 48 67.217
47 49 24.9
48 49 95.326