50
40 7 8.554
40 28 73.491
40 47 78.27
40 16 97.746
40 39 84.18
40 18 11.09
40 37 49.183
40 23 92.074
40 10 64.574
40 9 92.502
40 29 83.167
40 44 98.911
40 21 85.272
40 13 66.736
40 8 25.752
40 22 87.639
40 6 43.187
40 0 91.776
40 46 23.059
7 30 36.141
7 6 93.025
7 18 3.205
7 34 34.108
7 22 67.225
7 2 47.231
7 47 51.295
7 3 87.771
7 38 86.07
7 28 29.604
7 31 28.364
7 11 69.505
7 16 52.552
7 33 31.163
7 5 63.058
7 17 98.678
7 39 38.17
7 42 51.252
7 1 2.557
7 21 18.268
7 0 83.899
7 44 90.198
7 49 98.488
7 12 37.556
7 14 8.436
41 48 58.908
41 10 72.874
41 13 45.962
41 31 18.427
41 16 80.165
41 32 33.632
41 29 3.078
41 34 24.979
41 36 90.036
41 21 64.6
41 4 89.709
41 24 39.155
41 8 41.421
41 1 35.551
41 44 89.921
41 43 69.494
41 17 16.222
41 42 53.668
48 48 7.457
48 31 14.725
48 15 51.696
48 38 23.793
48 1 31.734
48 32 93.589
48 22 89.531
48 36 6.607
48 21 7.562
48 47 53.75
48 12 96.071
48 45 47.098
48 23 40.138
48 29 53.66
48 39 32.828
48 30 18.912
48 28 2.789
48 14 86.702
48 13 23.221
48 27 82.693
48 49 86.666
35 32 65.996
35 8 96.157
35 20 47.723
35 27 3.346
35 16 20.674
35 28 79.227
35 6 91.495
35 31 67.266
35 34 58.054
35 3 50.3
35 43 34.451
35 9 57.41
35 15 53.185
35 13 56.209
35 37 98.16
35 4 19.966
35 36 20.885
35 46 74.123
35 22 68.813
35 30 67.824
35 18 88.304
32 46 54.401
32 12 32.291
32 22 46.044
32 30 43.455
32 25 9.038
32 28 37.962
32 32 0.797
32 16 67.368
32 4 31.432
32 21 50.353
32 6 81.529
32 23 30.968
32 42 45.515
32 18 35.449
32 15 65.278
32 9 12.22
32 5 80.403
32 10 86.147
32 20 7.011
32 1 48.034
32 3 73.583
10 16 82.906
10 24 66.377
10 5 65.477
10 19 4.127
10 26 31.208
10 12 20.445
10 27 64.724
10 23 23.552
10 25 27.07
10 11 25.695
10 21 48.025
10 28 36.295
10 2 77.048
10 9 53.902
10 0 48.378
10 15 99.546
10 1 3.598
10 33 86.616
10 29 55.016
10 39 9.579
10 46 51.411
23 11 69.576
23 18 98.606
23 4 4.416
23 23 83.569
23 8 83.952
23 26 68.311
23 13 10.437
23 36 33.518
23 44 86.199
23 9 53.16
23 3 26.431
23 45 18.27
23 37 45.471
23 34 3.648
23 49 24.526
23 22 7.3
23 28 7.344
23 33 65.354
11 42 45.035
11 43 9.834
11 39 92.696
11 20 87.729
11 26 49.082
11 36 74.062
11 24 50.077
11 27 67.578
11 49 53.021
11 2 52.762
11 9 48.351
11 44 87.043
11 25 17.133
11 5 92.107
11 21 26.661
11 16 59.985
11 1 28.646
11 0 48.851
11 6 24.945
11 46 2.46
11 3 79.81
11 34 41.951
11 15 0.984
9 39 78.034
9 24 64.851
9 14 18.824
9 29 43.094
9 36 28.771
9 44 27.024
9 13 98.51
9 47 23.789
9 42 47.577
9 0 83.991
9 37 96.188
9 31 62.448
9 12 1.904
9 4 27.233
9 20 19.611
9 2 34.858
9 30 76.738
9 28 59.512
9 3 26.313
9 27 42.204
9 26 5.457
9 16 24.752
9 34 68.714
39 16 77.802
39 38 42.389
39 30 3.903
39 47 71.765
39 2 12.594
39 6 5.267
39 46 93.033
39 24 91.968
39 12 14.921
39 1 9.571
39 5 13.635
39 14 25.986
39 26 81.303
39 17 13.54
39 4 13.764
39 22 78.159
39 25 36.412
36 47 37.186
36 6 32.788
36 46 81.04
36 38 29.614
36 26 15.227
36 18 51.089
36 30 16.682
36 21 50.549
36 16 11.738
36 22 84.268
36 14 32.414
36 28 4.333
36 42 18.306
36 36 45.098
36 19 98.429
36 3 5.51
36 5 72.039
36 27 17.121
36 17 86.431
36 25 7.416
36 0 40.23
36 8 67.658
36 20 4.112
36 29 52.797
36 4 92.878
36 37 36.107
47 43 16.127
47 4 79.386
47 20 49.983
47 27 63.302
47 0 72.674
47 49 21.901
47 16 27.816
47 38 36.03
47 14 26.23
47 22 35.11
47 44 65.174
47 1 7.123
47 28 92.504
47 19 75.387
47 29 49.136
47 13 36.102
47 2 5.737
47 37 37.321
47 30 36.493
26 25 92.054
26 14 55.741
26 43 14.761
26 1 79.154
26 13 4.505
26 46 40.578
26 26 65.267
26 0 59.263
26 6 74.375
26 31 38.463
26 49 43.134
26 45 49.01
26 20 98.709
26 3 90.395
26 37 63.612
26 16 82.211
26 19 85.315
26 21 97.773
26 44 97.951
26 30 0.104
26 28 83.388
26 12 72.712
25 1 6.828
25 19 32.724
25 22 18.468
25 24 52.922
25 30 34.906
25 16 92.712
25 28 73.752
25 46 24.813
25 34 90.336
25 38 29.648
25 15 57.205
25 12 62.895
25 44 2.484
25 17 97.463
25 8 6.152
25 42 21.377
25 3 23.74
25 21 90.708
43 29 74.37
43 17 29.531
43 16 44.433
43 31 20.452
43 4 87.3
43 2 81.504
43 1 48.17
43 15 70.019
43 37 93.618
43 8 22.623
43 38 26.409
43 42 6.775
43 21 37.269
43 49 73.143
43 3 45.765
24 19 54.756
24 17 4.398
24 21 63.419
24 18 65.977
24 34 37.663
24 33 76.454
24 22 79.411
24 6 30.491
24 45 73.795
24 8 4.079
24 27 27.085
24 16 81.309
24 2 99.25
24 46 44.646
24 31 29.12
24 38 86.55
24 37 83.015
24 44 97.566
24 24 33.942
2 29 13.07
2 3 41.755
2 37 84.727
2 1 63.494
2 6 12.92
2 18 98.442
2 15 61.856
2 22 8.103
2 5 49.277
29 31 66.362
29 38 87.059
29 44 44.959
29 12 48.859
29 13 94.843
29 4 92.56
29 16 9.575
29 15 42.077
29 27 43.435
29 8 40.131
29 0 36.141
29 45 85.157
29 1 56.851
29 20 29.859
8 30 64.977
8 37 3.235
8 18 75.296
8 28 57.241
8 1 89.944
8 49 37.981
8 33 61.617
8 27 10.619
8 6 42.639
8 21 18.893
8 46 11.578
8 15 91.082
8 22 39.131
42 15 73.708
42 42 3.654
42 22 54.015
42 3 15.311
42 6 34.688
42 17 71.722
42 37 80.958
42 1 97.636
42 49 88.383
42 16 77.066
42 31 89.221
42 14 0.232
42 45 51.497
42 12 84.163
42 13 28.788
42 44 37.842
42 20 39.482
42 33 3.547
15 33 18.296
15 3 78.183
15 6 60.204
15 19 54.09
15 45 17.706
15 49 47.091
15 46 72.358
15 16 62.199
15 27 94.492
15 13 35.663
15 37 29.65
15 22 33.141
15 18 41.331
15 30 15.711
20 6 80.063
20 1 58.512
20 33 54.493
20 27 11.742
20 49 85.815
20 3 16.633
20 28 83.342
20 45 76.701
20 46 77.312
20 17 69.911
20 0 95.454
20 30 70.974
6 30 52.16
6 45 84.536
6 38 74.879
6 31 18.011
6 0 30.737
6 12 11.348
6 34 88.068
6 1 30.111
6 17 83.939
6 46 5.309
6 28 9.609
6 22 95.295
6 18 75.548
6 27 98.146
13 44 54.425
13 0 97.175
13 21 25.952
13 19 69.244
13 27 49.453
13 45 88.979
13 49 82.278
13 18 51.479
13 16 62.966
13 14 9.486
13 17 69.693
18 49 90.652
18 12 42.129
18 28 51.949
18 46 93.03
18 16 73.677
18 31 51.118
18 44 60.202
18 27 84.696
18 34 99.368
18 21 93.92
18 37 12.862
18 45 82.748
49 31 82.635
49 5 54.006
49 38 55.202
49 45 83.266
49 3 14.417
49 12 88.63
49 46 58.619
49 28 97.071
31 16 27.269
31 1 67.866
31 22 32.294
31 37 4.81
31 34 36.445
31 44 10.13
31 38 57.258
31 3 59.553
31 33 91.66
31 27 41.427
31 31 59.194
31 30 80.452
31 4 76.236
16 27 54.04
16 0 87.856
16 4 1.301
16 37 51.41
16 3 91.199
16 46 40.097
16 19 31.558
16 44 24.415
16 1 66.383
16 30 4.255
16 16 65.948
16 17 24.897
16 45 0.57
16 22 65.917
14 12 87.041
14 17 91.19
14 34 20.128
14 28 37.215
14 1 66.393
14 14 37.875
14 46 23.854
14 3 21.674
14 5 12.157
27 22 77.035
27 0 53.246
27 19 44.092
27 33 75.791
27 28 56.429
27 37 16.639
27 4 78.679
27 30 40.185
27 44 27.675
30 28 74.975
30 34 38.057
30 33 16.373
30 4 75.331
30 38 15.893
46 45 54.779
46 33 97.696
46 4 19.654
46 3 88.26
46 12 46.207
46 22 76.322
46 0 35.341
46 5 67.782
46 46 36.691
28 44 20.851
28 34 88.647
28 5 19.821
28 33 34.754
28 45 27.664
28 3 91.459
3 1 93.693
3 22 48.992
3 19 18.123
3 21 92.946
3 5 49.832
3 17 10.882
3 37 95.221
3 45 3.956
3 34 72.092
3 0 74.908
3 33 29.885
3 12 73.494
4 5 37.822
4 33 29.758
4 0 52.964
4 21 9.098
19 44 13.954
19 22 93.722
19 37 48.661
19 17 59.252
19 21 73.182
12 33 23.564
12 22 76.441
12 45 32.188
33 44 99.229
33 38 58.754
33 45 77.7
33 21 69.248
33 0 78.973
33 17 15.353
0 5 90.826
0 21 16.29
0 34 17.457
0 37 24.725
0 22 2.477
0 44 47.495
0 45 31.236
1 34 74.461
1 38 1.254
1 1 41.794
45 21 14.141
45 34 73.435
45 44 37.15
45 37 76.796
38 44 17.537
38 34 6.99
38 22 80.032
22 34 56.597
22 44 78.491
22 21 88.919
22 5 25.762
22 37 76.217
5 34 88.491
5 17 40.809
5 5 24.296
5 21 26.165
17 21 51.424
17 34 11.168
17 37 34.617
21 34 18.471
21 44 9.995
21 21 68.043
34 37 44.746
34 44 14.08
37 37 89.429
37 44 77.887