50
0 1 1
0 49 1
1 2 2
2 3 1
2 4 2
3 4 1
3 6 2
4 5 1
4 8 2
5 6 1
5 10 2
6 7 1
6 12 2
7 8 1
7 14 2
8 9 1
8 16 2
9 10 1
9 18 2
10 11 1
10 20 2
11 12 1
11 22 2
12 13 1
12 24 2
13 14 1
13 26 2
14 15 1
14 28 2
15 16 1
15 30 2
16 17 1
16 32 2
17 18 1
17 34 2
18 19 1
18 36 2
19 20 1
19 38 2
20 21 1
20 40 2
21 22 1
21 42 2
22 23 1
22 44 2
23 24 1
23 46 2
24 25 1
24 48 2
25 26 1
26 27 1
27 28 1
28 29 1
29 30 1
30 31 1
31 32 1
32 33 1
33 34 1
34 35 1
35 36 1
36 37 1
37 38 1
38 39 1
39 40 1
40 41 1
41 42 1
42 43 1
43 44 1
44 45 1
45 46 1
46 47 1
47 48 1
48 49 1