50
0 1 3
0 7 95
0 8 79
0 14 81
0 15 72
0 16 18
0 21 92
0 27 59
0 28 47
0 29 27
0 30 81
0 35 50
0 36 10
0 39 79
0 43 53
0 49 56
1 6 67
1 11 78
1 12 89
1 13 20
1 14 43
1 19 14
1 20 70
1 22 80
1 25 39
1 26 26
1 34 80
1 35 23
1 42 68
1 43 72
1 45 92
1 46 90
2 4 94
2 5 34
2 8 90
2 10 8
2 11 20
2 12 70
2 13 25
2 17 28
2 22 17
2 24 95
2 26 5
2 29 55
2 30 70
2 39 79
2 42 64
2 44 32
2 46 16
2 49 89
3 7 38
3 10 68
3 12 17
3 17 88
3 24 70
3 27 50
3 29 15
3 30 69
3 33 37
3 35 28
3 36 98
3 37 78
3 44 54
3 45 67
3 46 71
3 47 21
4 6 68
4 7 74
4 9 88
4 10 78
4 11 10
4 14 28
4 15 40
4 16 31
4 20 46
4 21 42
4 23 2
4 24 96
4 26 58
4 29 42
4 30 40
4 32 61
4 33 29
4 37 42
4 40 89
4 42 79
4 43 77
5 8 25
5 14 87
5 15 33
5 22 91
5 24 17
5 27 59
5 29 21
5 32 48
5 33 83
5 35 60
5 36 46
5 40 36
5 42 93
5 47 20
6 9 3
6 11 26
6 13 23
6 18 32
6 22 33
6 23 17
6 29 66
6 30 95
6 31 40
6 32 22
6 33 8
6 34 10
6 36 64
6 44 56
7 8 95
7 9 7
7 10 14
7 11 84
7 12 40
7 13 60
7 16 2
7 19 30
7 21 86
7 22 88
7 25 73
7 26 23
7 27 69
7 28 12
7 29 26
7 32 17
7 40 50
7 42 9
7 44 3
8 15 16
8 19 88
8 21 64
8 22 1
8 23 80
8 28 78
8 30 55
8 33 77
8 38 52
8 41 5
8 46 79
8 49 75
9 16 34
9 17 52
9 18 4
9 19 4
9 21 26
9 23 44
9 25 61
9 26 58
9 27 83
9 28 16
9 29 74
9 30 69
9 33 85
9 34 4
9 40 53
9 42 91
9 43 53
9 45 34
9 46 44
9 49 30
10 11 29
10 17 64
10 21 35
10 22 54
10 26 21
10 28 54
10 32 63
10 34 38
10 37 3
10 42 37
10 43 41
10 46 93
10 47 35
11 12 83
11 20 41
11 22 40
11 24 80
11 25 30
11 30 68
11 32 44
11 33 86
11 34 36
11 41 91
11 42 25
11 49 5
12 13 77
12 14 25
12 15 9
12 16 65
12 17 20
12 18 53
12 19 74
12 29 72
12 31 65
12 34 49
12 35 84
12 36 36
12 38 63
12 40 90
12 41 15
12 43 77
12 45 3
12 46 79
12 48 72
12 49 98
13 16 53
13 18 98
13 21 92
13 23 27
13 26 82
13 29 47
13 33 47
13 34 45
13 35 30
13 36 4
13 37 2
13 39 64
13 41 61
13 48 57
14 15 24
14 16 33
14 19 88
14 21 98
14 33 90
14 34 19
14 38 88
14 41 47
14 44 55
14 46 62
14 49 6
15 24 36
15 27 35
15 31 34
15 35 92
15 37 81
15 39 54
15 40 50
15 41 23
15 42 86
15 48 73
16 18 25
16 20 32
16 25 58
16 27 82
16 30 13
16 32 12
16 35 25
16 37 98
16 39 33
16 43 68
16 44 74
17 19 40
17 23 65
17 25 62
17 27 78
17 29 23
17 37 82
17 38 28
17 39 60
17 40 35
17 42 77
17 47 6
17 48 55
17 49 19
18 19 88
18 20 3
18 26 56
18 27 55
18 30 30
18 32 96
18 34 7
18 38 49
18 39 66
18 43 26
18 44 97
18 45 99
18 46 78
19 20 75
19 23 12
19 26 22
19 27 54
19 28 44
19 29 35
19 30 62
19 37 88
19 38 39
19 40 64
19 41 69
19 44 81
19 48 80
20 21 59
20 23 59
20 27 79
20 29 52
20 40 61
20 41 91
20 44 58
20 45 43
20 47 92
20 48 67
20 49 27
21 22 42
21 23 85
21 25 90
21 28 36
21 29 70
21 30 30
21 32 11
21 39 25
21 43 56
21 45 86
21 48 35
21 49 79
22 28 33
22 36 28
22 37 40
22 38 54
22 42 81
22 44 54
22 47 12
22 48 33
23 24 66
23 25 47
23 27 81
23 28 8
23 33 41
23 37 9
23 38 58
23 40 63
23 43 46
23 44 47
23 46 34
23 47 45
23 49 61
24 27 70
24 31 80
24 34 40
24 38 45
24 42 18
24 46 17
24 48 3
24 49 35
25 26 34
25 27 1
25 33 21
25 34 17
25 36 65
25 40 33
25 41 97
25 42 78
25 49 30
26 27 6
26 28 38
26 30 92
26 34 49
26 37 39
26 40 75
26 42 92
26 47 13
26 49 22
27 36 35
27 39 15
27 40 1
27 41 55
27 45 44
27 47 30
27 48 14
28 30 77
28 37 33
28 42 68
28 43 13
28 44 21
28 49 88
29 31 78
29 32 56
29 36 27
29 39 73
29 41 76
29 44 96
29 45 70
29 47 74
30 31 71
30 32 94
30 40 30
30 41 18
30 42 19
30 47 57
31 35 19
31 38 53
31 43 66
31 44 61
31 49 46
32 35 24
32 37 80
32 39 5
32 40 5
32 41 52
32 47 2
32 49 82
33 34 56
33 36 19
33 37 54
33 39 56
33 40 33
33 41 67
33 43 27
33 48 85
33 49 85
34 35 17
34 38 61
34 42 8
34 44 46
34 45 92
34 46 10
34 47 16
35 37 38
35 38 76
35 41 57
35 42 25
35 45 49
35 48 16
35 49 52
36 37 91
36 39 94
36 44 93
36 46 71
36 49 13
37 39 36
37 43 63
37 44 93
37 46 64
38 39 36
38 40 95
38 42 78
38 45 31
38 49 1
39 42 4
39 43 9
39 45 29
39 48 39
40 41 4
40 42 86
40 46 57
40 47 70
40 48 51
41 43 20
41 44 82
41 45 44
42 43 22
42 45 34
42 46 85
42 47 14
43 44 71
44 45 41
44 48 51
44 49 24
45 48 8
45 49 17
46 49 46