50
2 0 28.901
2 1 35.470
3 0 43.697
3 2 98.767
3 1 86.981
4 2 18.953
4 1 46.485
4 0 63.918
5 4 80.813
5 0 61.852
5 2 33.171
5 1 57.427
5 3 36.176
6 1 52.891
6 0 65.755
6 5 85.288
6 2 82.384
7 2 32.531
7 1 53.112
7 4 13.801
7 0 24.863
7 6 47.59
7 3 81.698
7 5 16.147
8 0 27.12
8 3 51.237
9 8 70.715
9 4 19.424
9 2 72.896
9 0 87.376
10 2 43.423
10 0 35.97
11 10 15.910
11 5 80.756
11 7 56.274
11 2 54.843
11 4 57.683
11 8 99.662
11 3 64.384
11 1 16.561
11 6 2.416
11 9 21.218
12 1 62.984
12 7 17.852
12 0 81.694
13 0 49.32
13 4 41.81
13 2 79.516
13 9 97.627
13 11 54.309
14 13 5.598
14 4 18.33
14 1 44.803
14 6 51.362
14 3 81.256
14 8 35.966
14 10 93.26
14 7 29.605
14 11 13.404
14 12 73.158
14 2 73.531
14 0 27.946
15 0 8.321
15 4 50.10
15 11 80.195
15 7 48.456
15 6 27.862
15 5 28.80
16 12 39.303
16 14 57.108
16 15 88.996
16 6 66.299
16 4 11.956
16 7 34.700
16 13 52.581
16 8 38.282
16 9 56.2
16 5 54.318
16 10 24.503
16 2 3.12
16 0 47.796
16 3 14.44
17 7 33.110
17 16 59.660
17 5 66.879
17 3 49.307
17 1 13.419
17 14 1.545
17 13 51.218
17 10 73.385
17 6 70.853
17 4 47.44
17 15 81.452
17 9 96.327
17 2 84.647
17 12 16.961
17 0 19.819
17 8 94.3
18 11 36.952
18 0 49.272
18 5 36.639
18 14 65.62
18 12 23.173
18 4 10.885
18 9 16.999
18 10 56.702
19 12 83.821
19 8 66.728
19 1 5.37
19 13 74.708
19 17 57.650
19 5 32.896
19 0 16.397
19 6 98.426
20 8 48.744
20 1 30.526
20 7 90.185
20 4 95.115
20 10 87.153
20 2 12.826
20 14 68.470
20 11 4.549
20 15 88.53
20 17 92.364
20 16 92.461
20 3 42.393
20 6 9.374
20 18 81.339
21 16 79.435
21 17 31.774
21 9 6.59
21 12 98.574
21 14 83.10
21 8 6.534
21 15 41.675
21 11 44.577
21 1 39.442
21 7 40.942
21 20 39.895
21 18 19.161
22 14 67.857
22 12 3.767
22 20 73.853
22 0 41.659
22 17 70.278
22 2 53.690
22 11 16.301
22 3 88.310
23 20 65.607
23 19 63.279
23 8 19.558
23 0 4.206
23 12 75.566
23 5 84.247
23 16 6.563
23 4 83.867
23 17 67.842
23 3 99.416
24 14 3.206
24 11 37.893
24 17 96.583
24 2 26.683
24 10 23.269
24 7 50.335
24 12 20.16
24 20 81.329
25 5 20.933
25 16 75.44
25 24 73.342
25 6 16.792
25 1 78.464
25 4 31.540
25 14 40.913
26 24 49.117
26 2 2.817
26 25 64.82
26 19 71.370
26 4 54.509
26 18 40.959
26 0 46.914
26 13 31.459
26 15 57.590
26 8 70.285
26 14 25.285
26 17 91.631
26 7 67.255
26 5 84.162
26 9 46.13
26 22 63.408
26 11 75.695
26 21 49.165
26 3 52.522
26 20 62.402
26 1 9.824
26 6 60.7
26 10 63.114
27 7 71.910
27 15 97.272
27 11 51.945
27 14 85.366
27 23 19.400
27 1 81.860
27 21 32.609
27 20 41.45
27 12 58.417
27 10 96.90
27 4 53.768
27 3 46.705
27 13 26.505
27 16 13.630
27 22 8.922
27 2 8.909
27 18 97.722
27 6 77.547
27 24 45.872
27 8 16.663
27 25 19.483
28 24 80.334
28 18 95.523
29 4 30.580
29 28 33.457
29 10 71.556
29 16 13.751
29 8 56.860
29 14 85.167
29 0 43.142
29 27 92.866
30 14 10.317
30 19 30.709
30 18 50.533
30 17 32.760
30 10 1.864
30 23 51.443
30 4 74.186
30 11 6.492
30 21 98.778
30 1 33.237
30 8 3.250
30 0 97.521
30 13 86.971
30 20 30.961
30 24 71.66
30 15 19.791
30 7 82.647
31 6 11.79
31 19 98.786
31 30 85.319
31 18 40.399
31 15 88.380
31 28 4.659
31 9 35.931
31 23 21.847
31 22 25.514
31 3 45.160
31 0 14.103
31 5 77.353
31 25 45.272
31 24 32.424
31 7 16.609
31 11 14.230
31 10 76.828
31 29 71.482
31 2 97.553
31 13 66.719
31 20 27.708
31 1 41.283
32 12 59.614
32 4 20.19
32 2 14.739
32 15 32.820
32 1 38.131
32 29 77.882
32 27 27.600
32 9 48.619
32 30 73.436
33 11 9.916
33 21 16.315
33 12 33.334
33 13 84.73
33 5 34.771
33 32 48.623
33 15 13.661
33 17 30.506
33 24 56.909
33 28 11.105
33 27 95.96
33 3 32.301
33 16 46.725
33 30 53.888
33 23 64.831
33 25 89.198
33 18 46.843
34 10 96.28
34 16 96.150
34 28 50.762
34 8 15.9
34 6 29.581
34 11 51.979
34 19 39.837
34 13 85.937
34 3 57.7
34 15 62.85
34 1 40.718
34 24 13.278
34 22 98.280
34 12 78.183
34 30 98.747
34 32 37.598
34 2 49.142
34 27 20.966
34 14 32.402
34 9 51.469
34 7 53.606
34 4 35.817
34 20 16.64
34 5 47.829
34 29 19.461
34 26 2.792
34 0 24.613
34 25 34.739
34 18 47.944
34 17 87.846
34 23 64.744
34 21 5.848
34 31 69.993
34 33 55.777
35 9 15.790
35 32 93.748
35 21 79.95
35 27 10.982
35 6 15.83
35 13 75.312
35 28 78.534
35 19 75.887
35 15 23.341
35 17 85.844
35 29 12.863
35 7 63.882
35 18 44.619
35 5 21.233
35 2 81.737
35 12 36.845
35 20 32.393
35 30 50.175
35 26 84.682
36 8 32.301
36 31 68.948
36 30 29.716
36 2 74.954
36 5 46.846
36 21 64.743
36 17 61.182
36 11 39.147
36 25 41.792
36 20 45.581
36 9 52.49
36 26 58.258
36 13 47.454
36 29 97.710
36 27 22.317
36 18 49.351
36 6 32.533
36 14 62.665
36 19 82.436
36 35 38.15
36 0 11.355
36 33 7.646
36 34 26.368
36 7 12.794
37 26 87.192
37 25 90.122
37 9 5.767
37 34 26.299
37 22 86.629
38 37 62.986
38 19 47.887
38 7 41.899
38 15 25.647
38 31 95.850
39 2 6.756
39 38 94.489
39 8 99.678
39 7 48.850
39 5 79.700
39 6 87.888
40 24 60.404
40 22 73.829
41 0 43.160
41 27 90.338
41 22 26.605
41 35 28.295
41 18 82.326
41 11 21.918
41 15 99.673
41 6 93.975
41 17 35.665
41 13 37.315
41 34 69.318
41 4 1.517
41 20 54.780
41 31 15.296
41 19 34.916
41 29 93.55
41 9 46.59
41 3 70.911
41 38 79.48
41 37 99.116
41 8 97.708
41 32 70.303
41 28 39.495
41 39 86.373
41 36 64.579
41 24 51.250
41 23 44.27
41 12 53.883
41 33 20.41
41 14 79.230
41 30 97.37
41 21 1.154
42 39 20.110
42 10 52.155
42 38 87.883
42 22 17.303
42 0 24.782
43 35 73.22
43 16 87.668
43 15 77.807
43 18 9.577
43 33 78.750
43 17 53.355
43 28 91.645
43 9 57.643
43 11 2.285
43 22 52.157
43 39 67.983
43 25 45.796
43 2 38.122
43 30 78.252
43 12 42.984
43 6 29.908
43 27 59.418
43 29 39.305
43 31 88.344
43 38 80.830
44 30 98.22
44 27 54.404
44 32 59.327
44 37 64.811
44 25 43.461
44 29 59.926
44 38 67.694
44 21 72.888
44 18 92.709
44 2 47.338
44 9 65.608
44 3 4.19
44 22 57.57
44 19 7.502
44 0 41.821
44 5 32.612
44 1 3.285
44 40 94.445
44 31 94.644
44 8 57.136
44 28 65.97
44 26 86.287
44 14 67.834
44 35 33.877
44 42 35.912
45 40 1.806
45 13 77.54
45 41 35.182
45 29 24.846
45 23 22.588
45 4 74.33
45 5 64.183
45 25 93.390
45 35 74.790
45 3 81.170
45 16 69.132
45 12 77.588
45 27 27.807
45 0 69.387
45 22 22.498
45 31 8.266
45 18 32.318
45 24 45.960
45 38 35.724
45 14 74.762
45 20 49.351
45 34 8.386
45 6 13.525
45 7 14.346
45 33 41.924
45 26 46.416
45 39 92.24
45 32 75.856
45 15 88.15
45 8 55.650
45 37 65.78
45 44 84.939
46 28 29.549
46 21 51.526
46 0 97.359
46 4 7.935
46 26 14.244
46 13 55.322
46 27 78.689
46 17 66.818
46 22 38.89
46 23 45.831
46 38 48.559
46 36 5.649
46 20 4.356
46 11 54.239
46 40 52.334
46 43 93.567
46 39 71.148
46 15 40.841
46 34 28.298
46 5 6.620
46 8 43.34
46 37 5.319
46 18 74.719
46 9 78.40
46 30 96.237
46 1 61.605
46 32 49.439
46 25 10.598
46 3 37.299
46 31 13.433
46 45 44.435
46 16 14.168
47 33 81.408
47 20 83.791
47 30 98.866
47 12 9.470
47 41 58.920
47 27 34.965
47 36 20.438
47 2 17.40
47 44 34.234
47 37 67.398
47 17 26.785
47 40 27.113
47 13 16.981
47 0 7.713
47 7 34.167
47 21 76.282
47 10 22.748
47 45 37.38
47 38 18.836
47 6 55.548
47 9 74.462
47 4 69.492
47 19 91.476
47 16 73.428
47 23 90.820
47 22 7.610
47 32 33.177
47 3 71.4
47 31 41.479
47 11 22.666
47 15 4.452
47 24 29.91
47 18 86.35
47 35 47.646
47 28 46.778
47 39 53.862
47 5 14.704
47 34 42.67
47 43 45.259
47 25 13.260
47 29 5.311
47 26 82.40
47 14 39.26
47 46 78.479
47 8 51.971
47 42 17.264
47 1 6.684
48 32 19.573
48 39 1.499
48 36 41.2
48 0 67.544
48 43 92.227
48 38 85.647
49 27 8.855
49 37 99.990
49 11 52.436
49 22 51.134
49 7 31.689
49 41 27.307
49 6 48.172
49 32 59.304
49 47 24.278
49 46 16.709
49 28 83.634
49 38 50.814
49 0 70.322
49 24 91.989
49 19 38.179
49 4 86.292
49 16 44.377
49 33 7.242
49 43 34.774
49 5 55.742
