50
0 4 50
0 11 57
0 29 16
0 31 69
0 33 17
0 36 85
0 38 44
0 44 58
1 7 70
1 13 82
1 42 76
1 44 1
2 3 32
2 10 77
2 15 48
2 20 9
2 37 26
2 39 92
2 43 79
2 47 29
3 5 91
3 15 33
3 17 65
3 36 32
3 38 24
3 44 61
4 12 17
4 19 90
4 20 77
4 35 16
4 39 20
4 46 84
5 23 9
5 35 1
6 8 62
6 21 3
6 29 7
6 34 17
7 18 69
7 27 62
7 33 71
7 40 98
7 41 62
7 46 99
7 49 24
8 15 29
8 17 54
8 21 45
8 23 12
8 24 17
8 30 16
8 31 25
8 36 41
8 37 69
9 11 77
9 12 71
9 14 46
9 17 12
9 23 14
9 25 20
9 38 65
9 48 38
10 18 98
10 23 58
10 29 27
10 39 98
10 45 64
10 48 49
11 12 79
11 13 46
11 39 51
11 43 19
12 14 78
12 32 42
13 21 6
13 23 3
13 25 13
13 26 56
13 29 4
13 32 84
13 33 93
13 43 62
13 44 61
13 45 21
14 19 43
14 32 64
14 40 48
14 45 21
15 16 96
15 26 65
15 29 31
15 31 40
15 35 76
15 41 62
15 44 94
16 17 8
16 22 73
16 23 54
16 36 63
16 42 29
17 22 70
17 41 59
17 43 37
17 48 87
18 22 99
18 26 47
18 27 67
18 33 89
18 39 72
18 40 52
18 43 42
18 46 92
19 26 70
19 36 8
19 41 52
19 49 64
20 33 27
20 37 69
21 27 72
21 28 45
21 39 46
21 49 25
22 28 78
22 29 19
22 32 2
22 40 99
22 47 72
22 48 44
23 29 98
23 34 46
23 44 70
24 26 9
24 28 75
24 31 15
25 34 57
25 39 10
25 45 74
26 29 20
26 35 22
26 46 98
26 48 83
27 40 31
27 43 91
27 45 96
27 47 7
28 34 25
28 41 50
28 42 45
29 36 70
29 37 37
29 44 61
30 31 11
30 34 76
30 38 57
30 44 53
30 48 2
31 33 59
31 49 80
32 40 56
32 44 13
34 38 30
34 40 42
34 48 13
34 49 70
35 38 70
35 40 24
36 40 73
36 43 2
36 45 44
37 48 36
37 49 33
38 41 30
38 45 98
38 49 96
39 40 71
39 48 48
40 45 3
40 48 12
40 49 7
41 45 43
44 47 29
45 46 55