21
0 1 5
0 2 10
0 3 15
0 4 20
0 5 25
0 6 30
0 7 35
0 8 40
0 9 45
0 10 50
0 11 40
0 12 30
0 13 20
0 14 10
0 15 45
0 16 35
0 17 25
0 18 15
0 19 5
0 20 55
1 2 2
1 3 4
1 4 6
1 5 8
1 6 10
1 7 12
1 8 14
1 9 16
1 10 18
1 11 20
1 12 22
1 13 20
1 14 18
1 15 16
1 14 14
1 16 12
1 17 10
1 18 8
1 19 10
1 20 12
2 3 3
2 4 6
2 5 9
2 6 12
2 7 15
2 8 18
2 9 21
2 10 24
2 11 21
2 12 18
2 13 15
2 14 12
2 15 9
2 16 6
2 17 3
2 18 27
2 19 30
2 20 33
3 4 4
3 5 8
3 6 12
3 7 16
3 8 20
3 9 24
3 10 28
3 11 32
3 12 28
3 13 24
3 14 20
3 15 16
3 16 12
3 17 8
3 18 12
3 19 16
3 20 20
4 5 8
4 6 12
4 7 16
4 8 18
4 9 24
4 10 30
4 11 36
4 12 42
4 13 48
4 14 54
4 15 60
4 16 54
4 17 48
4 18 42
4 19 36
4 20 30
5 6 12
5 7 16
5 8 7
5 9 14
5 10 21
5 11 28
5 12 35
5 13 42
5 14 35
5 15 28
5 16 21
5 17 14
5 18 7
5 19 49
5 20 56
6 7 16
6 8 8
6 9 24
6 10 32
6 11 40
6 12 48
6 13 56
6 14 64
6 15 56
6 16 48
6 17 40
6 18 32
6 19 40
6 20 48
7 8 9
7 9 18
7 10 27
7 11 36
7 12 45
7 13 54
7 14 45
7 15 36
7 16 27
7 17 18
7 18 63
7 19 54
7 20 36
8 9 10
8 10 20
8 11 30
8 12 40
8 13 50
8 14 60
8 15 70
8 16 60
8 17 50
8 18 40
8 19 30
8 20 20
9 10 11
9 11 22
9 12 33
9 13 44
9 14 55
9 15 66
9 16 55
9 17 44
9 18 33
9 19 22
9 20 11
10 11 12
10 12 24
10 13 36
10 14 48
10 15 60
10 16 48
10 17 36
10 18 24
10 19 12
10 20 24
11 12 13
11 13 26
11 14 39
11 15 52
11 16 65
11 17 78
11 18 65
11 19 13
11 20 26
12 13 1
12 14 2
12 15 3
12 16 4
12 17 5
12 18 4
12 19 3
12 20 6
13 14 3
13 15 6
13 16 9
13 17 6
13 18 12
13 19 15
13 20 18
14 15 4
14 16 8
14 17 12
14 18 8
14 19 12
14 20 4
15 16 5
15 17 10
15 18 15
15 19 10
15 20 5
16 17 8
16 18 16
16 19 24
16 20 32
17 18 7
17 19 14
17 20 10
18 19 50
18 20 11
19 20 69