30
0 1 28.247
0 2 90.142
0 3 7.613
0 4 51.31
0 5 93.029
0 6 46.766
0 7 95.008
0 8 1.173
0 9 21.9
0 10 73.442
0 11 78.783
0 12 99.036
0 13 38.131
0 14 15.482
0 15 26.704
0 16 20.413
0 17 62.44
0 18 16.726
0 19 78.072
0 20 37.836
0 21 78.317
0 22 31.293
0 23 67.364
0 24 33.497
0 25 65.864
0 26 64.49
0 27 77.267
0 28 45.282
0 29 50.23
1 2 69.981
1 3 13.32
1 4 76.99
1 5 48.287
1 6 50.734
1 7 49.957
1 8 47.62
1 9 87.612
1 10 14.3
1 11 65.499
1 12 24.358
1 13 58.944
1 14 2.224
1 15 1.878
1 16 85.516
1 17 55.292
1 18 4.226
1 19 17.466
1 20 72.276
1 21 75.477
1 22 42.41
1 23 79.168
1 24 73.922
1 25 45.782
1 26 89.418
1 27 18.936
1 28 14.212
1 29 86.029
2 3 98.973
2 4 29.873
2 5 70.313
2 6 72.641
2 7 63.494
2 8 52.134
2 9 97.787
2 10 44.774
2 11 22.325
2 12 98.29
2 13 67.875
2 14 16.875
2 15 94.954
2 16 74.491
2 17 10.809
2 18 71.212
2 19 65.034
2 20 45.283
2 21 8.346
2 22 39.734
2 23 56.206
2 24 8.35
2 25 20.588
2 26 57.435
2 27 97.425
2 28 41.04
2 29 32.53
3 4 9.805
3 5 54.313
3 6 71.585
3 7 88.768
3 8 48.45
3 9 54.966
3 10 44.232
3 11 29.282
3 12 64.436
3 13 67.022
3 14 78.828
3 15 36.3
3 16 1.596
3 17 27.008
3 18 78.935
3 19 48.839
3 20 20.197
3 21 2.543
3 22 90.851
3 23 43.251
3 24 68.968
3 25 95.727
3 26 36.558
3 27 45.289
3 28 14.159
3 29 61.891
4 5 68.451
4 6 66.726
4 7 11.144
4 8 85.903
4 9 16.428
4 10 68.18
4 11 62.726
4 12 12.951
4 13 24.526
4 14 15.219
4 15 78.032
4 16 37.573
4 17 87.05
4 18 90.656
4 19 60.414
4 20 49.665
4 21 2.491
4 22 90.267
4 23 36.218
4 24 93.863
4 25 26.529
4 26 52.637
4 27 22.947
4 28 68.628
4 29 26.455
5 6 64.517
5 7 83.691
5 8 95.244
5 9 46.48
5 10 15.25
5 11 22.048
5 12 47.956
5 13 55.195
5 14 44.977
5 15 40.358
5 16 12.299
5 17 94.999
5 18 8.308
5 19 3.208
5 20 64.296
5 21 76.168
5 22 85.877
5 23 23.921
5 24 98.213
5 25 95.966
5 26 32.621
5 27 63.704
5 28 11.1
5 29 51.14
6 7 78.485
6 8 69.845
6 9 92.777
6 10 50.295
6 11 42.692
6 12 76.835
6 13 17.567
6 14 25.222
6 15 45.534
6 16 90.686
6 17 79.946
6 18 94.016
6 19 33.219
6 20 25.493
6 21 14.136
6 22 1.523
6 23 27.683
6 24 55.002
6 25 82.644
6 26 35.934
6 27 34.072
6 28 41.92
6 29 27.224
7 8 87.97
7 9 76.982
7 10 73.038
7 11 68.267
7 12 73.709
7 13 30.5
7 14 66.944
7 15 31.296
7 16 4.214
7 17 88.413
7 18 5.366
7 19 20.552
7 20 36.109
7 21 71.607
7 22 96.087
7 23 21.173
7 24 45.472
7 25 39.702
7 26 51.246
7 27 14.412
7 28 44.721
7 29 55.944
8 9 62.704
8 10 29.415
8 11 15.492
8 12 64.737
8 13 15.463
8 14 84.874
8 15 49.307
8 16 12.611
8 17 37.856
8 18 36.963
8 19 95.701
8 20 56.872
8 21 88.087
8 22 93.561
8 23 17.718
8 24 24.411
8 25 77.475
8 26 40.326
8 27 93.078
8 28 99.21
8 29 36.642
9 10 37.838
9 11 53.354
9 12 5.505
9 13 16.303
9 14 69.52
9 15 82.157
9 16 4.325
9 17 34.896
9 18 80.796
9 19 71.276
9 20 65.873
9 21 37.325
9 22 28.606
9 23 52.314
9 24 6.161
9 25 14.623
9 26 96.084
9 27 68.46
9 28 4.705
9 29 87.374
10 11 83.501
10 12 68.949
10 13 7.952
10 14 75.366
10 15 90.251
10 16 17.689
10 17 23.766
10 18 91.312
10 19 49.964
10 20 51.253
10 21 5.562
10 22 98.421
10 23 42.049
10 24 68.624
10 25 87.577
10 26 78.908
10 27 11.644
10 28 51.906
10 29 21.427
11 12 8.463
11 13 62.008
11 14 65.499
11 15 8.148
11 16 10.731
11 17 56.024
11 18 37.699
11 19 8.999
11 20 25.366
11 21 35.08
11 22 34.837
11 23 92.781
11 24 56.721
11 25 75.724
11 26 64.676
11 27 76.024
11 28 79.975
11 29 23.153
12 13 98.102
12 14 34.776
12 15 76.515
12 16 42.054
12 17 39.196
12 18 94.116
12 19 58.801
12 20 76.619
12 21 32.127
12 22 54.49
12 23 86.784
12 24 58.026
12 25 59.251
12 26 66.308
12 27 82.75
12 28 80.551
12 29 65.92
13 14 98.566
13 15 83.509
13 16 6.39
13 17 64.052
13 18 2.298
13 19 85.555
13 20 17.609
13 21 7.939
13 22 57.221
13 23 67.426
13 24 45.961
13 25 8.961
13 26 17.59
13 27 67.059
13 28 47.332
13 29 61.522
14 15 45.725
14 16 82.338
14 17 22.935
14 18 20.015
14 19 76.7
14 20 41.543
14 21 41.388
14 22 29.996
14 23 31.372
14 24 49.429
14 25 33.219
14 26 62.157
14 27 53.459
14 28 47.456
14 29 61.838
15 16 23.857
15 17 55.619
15 18 20.955
15 19 65.519
15 20 15.438
15 21 59.3
15 22 11.354
15 23 81.124
15 24 95.541
15 25 94.567
15 26 16.182
15 27 15.042
15 28 47.659
15 29 99.766
16 17 44.568
16 18 50.83
16 19 24.601
16 20 67.643
16 21 99.56
16 22 38.71
16 23 29.588
16 24 0.041
16 25 57.134
16 26 75.272
16 27 97.367
16 28 93.926
16 29 16.841
17 18 96.706
17 19 85.834
17 20 83.53
17 21 17.694
17 22 65.647
17 23 69.016
17 24 95.024
17 25 28.759
17 26 54.479
17 27 13.428
17 28 30.504
17 29 84.938
18 19 47.872
18 20 68.983
18 21 73.634
18 22 64.064
18 23 36.692
18 24 12.995
18 25 39.482
18 26 88.856
18 27 19.341
18 28 89.122
18 29 25.441
19 20 19.047
19 21 27.716
19 22 81.477
19 23 93.984
19 24 16.95
19 25 20.101
19 26 67.816
19 27 57.34
19 28 83.511
19 29 8.19
20 21 40.441
20 22 29.622
20 23 22.72
20 24 84.238
20 25 70.461
20 26 25.182
20 27 20.886
20 28 7.722
20 29 37.814
21 22 69.738
21 23 13.669
21 24 3.857
21 25 40.784
21 26 11.791
21 27 33.218
21 28 75.455
21 29 17.055
22 23 52.352
22 24 51.882
22 25 27.864
22 26 99.644
22 27 35.665
22 28 29.198
22 29 4.291
23 24 3.698
23 25 84.955
23 26 76.362
23 27 64.675
23 28 46.37
23 29 81.974
24 25 99.606
24 26 83.92
24 27 22.707
24 28 22.757
24 29 81.158
25 26 71.239
25 27 13.475
25 28 44.205
25 29 47.144
26 27 86.817
26 28 86.698
26 29 67.132
27 28 78.018
27 29 17.954
28 29 60.454