20
0 1 38
0 2 94
0 3 2
0 4 43
0 5 10
0 6 10
0 7 19
0 8 32
0 9 53
0 10 53
0 11 19
0 12 94
0 13 84
0 14 43
0 15 88
0 16 53
0 17 70
0 18 96
0 19 3
1 2 6
1 3 15
1 4 92
1 5 50
1 6 60
1 7 50
1 8 45
1 9 54
1 10 26
1 11 99
1 12 76
1 13 39
1 14 51
1 15 50
1 16 16
1 17 55
1 18 6
1 19 48
2 3 26
2 4 89
2 5 16
2 6 42
2 7 19
2 8 8
2 9 4
2 10 75
2 11 6
2 12 32
2 13 43
2 14 90
2 15 63
2 16 91
2 17 10
2 18 58
2 19 78
3 4 89
3 5 63
3 6 29
3 7 27
3 8 13
3 9 59
3 10 47
3 11 74
3 12 30
3 13 17
3 14 66
3 15 87
3 16 24
3 17 8
3 18 4
3 19 82
4 5 39
4 6 41
4 7 1
4 8 59
4 9 18
4 10 76
4 11 33
4 12 73
4 13 91
4 14 86
4 15 71
4 16 43
4 17 29
4 18 6
4 19 46
5 6 30
5 7 82
5 8 65
5 9 53
5 10 15
5 11 66
5 12 64
5 13 34
5 14 77
5 15 81
5 16 8
5 17 19
5 18 3
5 19 88
6 7 84
6 8 37
6 9 33
6 10 30
6 11 80
6 12 91
6 13 71
6 14 47
6 15 32
6 16 2
6 17 50
6 18 5
6 19 66
7 8 66
7 9 77
7 10 69
7 11 60
7 12 52
7 13 98
7 14 20
7 15 4
7 16 44
7 17 18
7 18 78
7 19 21
8 9 8
8 10 3
8 11 86
8 12 14
8 13 25
8 14 96
8 15 13
8 16 34
8 17 43
8 18 52
8 19 63
9 10 38
9 11 32
9 12 51
9 13 45
9 14 12
9 15 86
9 16 38
9 17 4
9 18 92
9 19 35
10 11 68
10 12 88
10 13 41
10 14 90
10 15 53
10 16 66
10 17 47
10 18 42
10 19 31
11 12 69
11 13 81
11 14 53
11 15 80
11 16 13
11 17 28
11 18 16
11 19 21
12 13 93
12 14 14
12 15 29
12 16 28
12 17 44
12 18 15
12 19 61
13 14 25
13 15 95
13 16 4
13 17 73
13 18 66
13 19 63
14 15 60
14 16 14
14 17 38
14 18 40
14 19 67
15 16 85
15 17 10
15 18 66
15 19 83
16 17 88
16 18 3
16 19 30
17 18 2
17 19 69
18 19 3