30
0 1 66
0 2 42
0 3 18
0 4 53
0 5 37
0 6 38
0 7 50
0 8 14
0 9 43
0 10 68
0 11 48
0 12 91
0 13 16
0 14 94
0 15 31
0 16 77
0 17 37
0 18 45
0 19 7
0 20 70
0 21 1
0 22 59
0 23 58
0 24 91
0 25 3
0 26 86
0 27 24
0 28 48
1 2 23
1 3 10
1 4 54
1 5 8
1 6 77
1 7 37
1 8 44
1 9 49
1 10 35
1 11 9
1 12 6
1 13 65
1 14 7
1 15 65
1 16 14
1 17 51
1 18 68
1 19 88
1 20 30
1 21 37
1 22 70
1 23 33
1 24 22
1 25 76
1 26 95
1 27 58
1 28 8
1 29 14
2 3 87
2 4 41
2 5 52
2 6 81
2 7 28
2 8 57
2 9 78
2 10 27
2 11 86
2 12 95
2 13 63
2 14 52
2 15 76
2 16 8
2 17 14
2 18 82
2 19 63
2 20 49
2 21 44
2 22 2
2 23 54
2 24 81
2 25 45
2 26 10
2 27 61
2 28 54
2 29 21
3 4 85
3 5 74
3 6 44
3 7 25
3 8 31
3 9 75
3 10 96
3 11 57
3 12 43
3 13 24
3 14 18
3 15 68
3 16 88
3 17 67
3 18 27
3 19 57
3 20 25
3 21 38
3 22 77
3 23 25
3 24 89
3 25 36
3 26 89
3 27 59
3 28 88
3 29 21
4 5 6
4 6 34
4 7 26
4 8 23
4 9 75
4 10 20
4 11 13
4 12 2
4 13 16
4 14 51
4 15 83
4 16 59
4 17 57
4 18 80
4 19 83
4 20 52
4 21 46
4 22 27
4 23 2
4 24 13
4 25 75
4 26 47
4 27 7
4 28 32
4 29 45
5 6 98
5 7 44
5 8 90
5 9 75
5 10 6
5 11 3
5 12 88
5 13 27
5 14 65
5 15 81
5 16 51
5 17 92
5 18 45
5 19 52
5 20 42
5 21 15
5 22 53
5 23 32
5 24 61
5 25 55
5 26 38
5 27 31
5 28 5
5 29 9
6 7 16
6 8 54
6 9 73
6 10 56
6 11 27
6 12 61
6 13 54
6 14 6
6 15 49
6 16 55
6 17 28
6 18 44
6 19 27
6 20 73
6 21 99
6 22 95
6 23 65
6 24 80
6 25 82
6 26 82
6 27 75
6 28 49
6 29 69
7 8 75
7 9 37
7 10 22
7 11 45
7 12 7
7 13 61
7 14 1
7 15 4
7 16 75
7 17 46
7 18 71
7 19 71
7 20 53
7 21 50
7 22 59
7 23 21
7 24 8
7 25 38
7 26 47
7 27 60
7 28 36
7 29 47
8 9 38
8 10 59
8 11 35
8 12 17
8 13 59
8 14 93
8 15 58
8 16 48
8 17 18
8 18 51
8 19 80
8 20 46
8 21 77
8 22 68
8 23 38
8 24 91
8 25 2
8 26 21
8 27 41
8 28 28
8 29 58
9 10 50
9 11 70
9 12 96
9 13 85
9 14 12
9 15 2
9 16 7
9 17 29
9 18 13
9 19 92
9 20 37
9 21 95
9 22 19
9 23 9
9 24 45
9 25 52
9 26 98
9 27 23
9 28 65
9 29 82
10 11 24
10 12 12
10 13 49
10 14 86
10 15 88
10 16 51
10 17 55
10 18 19
10 19 99
10 20 78
10 21 9
10 22 42
10 23 90
10 24 73
10 25 28
10 26 26
10 27 19
10 28 81
10 29 76
11 12 39
11 13 44
11 14 54
11 15 38
11 16 93
11 17 87
11 18 61
11 19 20
11 20 97
11 21 53
11 22 92
11 23 79
11 24 52
11 25 26
11 26 9
11 27 15
11 28 66
11 29 99
12 13 60
12 14 69
12 15 15
12 16 77
12 17 93
12 18 41
12 19 53
12 20 64
12 21 49
12 22 47
12 23 93
12 24 31
12 25 35
12 26 79
12 27 99
12 28 50
12 29 46
13 14 75
13 15 86
13 16 47
13 17 55
13 18 45
13 19 41
13 20 97
13 21 97
13 22 81
13 23 61
13 24 7
13 25 72
13 26 26
13 27 11
13 28 64
13 29 57
14 15 29
14 16 49
14 17 75
14 18 24
14 19 12
14 20 68
14 21 86
14 22 79
14 23 85
14 24 75
14 25 60
14 26 39
14 27 47
14 28 73
14 29 21
15 16 56
15 17 27
15 18 12
15 19 92
15 20 78
15 21 13
15 22 41
15 23 74
15 24 78
15 25 96
15 26 43
15 27 40
15 28 5
15 29 39
16 17 77
16 18 86
16 19 67
16 20 18
16 21 47
16 22 11
16 23 47
16 24 42
16 25 58
16 26 16
16 27 28
16 28 9
16 29 7
17 18 71
17 19 59
17 20 86
17 21 80
17 22 43
17 23 53
17 24 11
17 25 43
17 26 28
17 27 34
17 28 92
17 29 87
18 19 94
18 20 94
18 21 30
18 22 43
18 23 78
18 24 18
18 25 36
18 26 7
18 27 74
18 28 99
18 29 32
19 20 37
19 21 88
19 22 94
19 23 1
19 24 47
19 25 31
19 26 57
19 27 3
19 28 43
19 29 54
20 21 53
20 22 69
20 23 63
20 24 31
20 25 75
20 26 42
20 27 9
20 28 23
20 29 75
21 22 30
21 23 67
21 24 85
21 25 86
21 26 14
21 27 63
21 28 29
21 29 12
22 23 50
22 24 28
22 25 67
22 26 86
22 27 13
22 28 55
22 29 21
23 24 4
23 25 9
23 26 11
23 27 37
23 28 91
23 29 27
24 25 29
24 26 79
24 27 74
24 28 10
24 29 40
25 26 26
25 27 97
25 28 80
25 29 53
26 27 60
26 28 70
26 29 27
27 28 73
27 29 66
28 29 97
