30
0 3 26.666
0 17 42.313
0 23 31.939
0 24 23.988
1 11 95.851
1 17 24.724
1 18 7.365
1 19 35.786
1 21 32.882
1 29 0.177
2 4 32.205
2 5 53.543
2 6 44.569
2 13 8.781
2 15 77.215
3 5 93.181
3 8 51.731
3 23 53.713
3 25 24.896
3 29 12.272
4 10 10.488
4 12 4.381
4 17 34.238
4 19 86.593
4 23 42.886
5 10 6.921
5 12 74.275
5 13 73.073
5 23 35.989
5 29 68.694
6 7 34.077
6 8 34.493
6 11 8.24
6 26 9.253
6 27 67.246
7 9 76.427
7 23 11.846
9 15 4.019
9 17 2.23
9 22 92.386
9 24 67.988
9 28 89.01
10 12 94.996
10 16 88.914
10 23 18.225
10 25 96.179
11 21 3.441
11 29 41.462
12 15 15.332
12 22 40.234
12 23 97.516
13 15 66.364
13 16 3.987
13 23 87.575
13 27 46.876
14 20 79.03
14 26 84.398
15 21 54.856
15 22 4.672
15 24 44.891
16 17 59.568
16 19 13.944
16 23 28.155
17 23 55.119
18 20 51.533
18 28 21.506
18 29 89.192
19 23 42.509
19 25 58.021
19 26 46.582
21 27 54.531
21 29 5.389
22 23 64.243
22 24 52.048
25 28 28.769