30
0 10 84
0 13 68
0 25 28
0 27 90
0 28 54
0 29 48
1 5 65
1 6 97
1 7 95
1 12 67
1 15 41
1 19 48
1 23 43
2 3 70
2 9 49
2 11 87
2 18 49
2 20 87
2 23 74
2 25 86
2 27 76
3 4 91
3 5 76
3 8 35
3 9 5
3 12 14
3 14 9
3 18 59
3 25 69
3 26 49
4 10 55
4 18 78
4 28 75
5 7 84
5 9 3
5 17 70
5 26 70
6 11 88
6 12 96
6 13 82
6 15 27
6 16 37
6 18 43
6 20 36
6 23 64
7 14 65
7 17 40
8 18 17
8 20 13
8 25 57
8 29 10
9 11 8
9 13 28
9 14 64
9 15 34
9 21 44
10 11 61
10 12 26
10 14 38
10 16 53
10 20 48
11 15 20
11 18 82
11 24 36
11 25 16
11 28 20
12 15 20
12 16 7
12 21 27
12 25 58
12 29 34
13 16 39
14 20 68
14 22 56
14 25 13
14 27 19
15 16 33
15 29 22
16 17 80
16 19 76
16 20 54
16 23 1
16 25 59
17 23 21
17 26 48
17 27 27
18 23 48
18 27 41
19 22 3
19 23 21
20 21 35
20 29 86
21 22 10
21 23 39
21 28 77
22 26 99
22 28 91
23 29 41
24 26 9
24 29 69
25 26 57
25 27 68
28 29 7