22
0 5 80.619
0 6 12.863
0 7 61.595
0 8 8.369
0 9 49.711
0 10 90.736
0 11 62.403
0 12 26.796
0 13 5.807
0 14 87.005
0 15 26.881
0 16 38.395
0 17 55.68
0 18 77.297
0 19 16.438
0 20 19.12
0 21 21.15
1 2 11.925
1 3 48.228
1 4 41.53
1 5 38.313
1 11 37.73
1 12 26.062
1 13 65.755
1 14 71.25
1 15 13.261
1 16 81.314
1 17 75.314
1 18 1.983
1 19 78.265
1 20 93.624
1 21 8.824
2 3 56.014
2 4 96.211
2 5 33.016
2 6 80.819
2 7 37.82
2 10 29.728
2 11 39.123
2 12 61.629
2 13 69.386
2 14 17.163
2 15 23.102
2 16 47.727
2 17 16.99
2 18 62.105
2 19 22.346
3 12 18.713
3 13 85.514
3 14 16.395
3 15 13.889
3 16 9.219
3 17 75.828
3 18 86.912
3 19 65.749
3 20 75.012
3 21 37.655
4 5 55.404
4 6 62.183
4 7 83.414
4 8 46.283
4 9 97.062
4 10 78.283
4 11 34.475
4 12 61.268
4 13 71.221
4 20 40.228
4 21 90.312
5 6 19.488
5 7 94.395
5 8 69.056
5 9 85.797
5 10 40.085
5 11 30.328
5 12 19.52
5 16 46.341
5 17 25.966
5 18 46.707
5 19 69.889
5 20 54.781
5 21 57.512
6 7 56.701
6 8 33.43
6 9 92.53
6 10 16.42
6 11 41.207
6 18 92.426
6 19 76.366
6 20 43.368
6 21 72.524
7 10 64.984
7 11 9.808
7 18 14.72
7 20 76.472
8 9 29.431
8 18 55.336
8 19 28.98
8 20 14.019
8 21 34.516
9 10 62.733
9 11 77.426
10 20 48.73
10 21 33.499
11 15 88.633
11 16 97.28
11 17 75.5
11 18 76.859
12 16 49.815
12 17 17.34
12 18 39.203
12 19 7.559
12 20 22.074
12 21 22.613
13 14 36.72
13 15 87.147
13 16 34.624
13 17 30.978
13 18 20.841
13 19 40.368
13 20 35.481
13 21 86.268
14 15 61.623
14 16 77.824
14 17 18.25
14 18 36.563
14 19 17.086
15 16 37.418
15 20 37.512
15 21 40.26
16 17 63.323
16 18 20.03
16 19 43.242
16 20 19.722
16 21 14.177
17 18 21.688
17 19 62.114
17 20 57.468
18 21 45.486
20 21 77.021