30
0 1 17
0 2 78
0 3 2
0 4 3
0 5 84
0 6 49
0 7 40
0 8 29
0 9 4
0 10 95
0 11 7
0 12 6
0 13 80
0 14 71
0 15 34
0 16 72
0 17 18
0 18 70
0 19 25
0 20 18
0 21 34
0 22 48
0 23 53
0 24 28
0 25 66
0 26 47
0 27 73
0 28 13
0 29 43
1 2 63
1 3 67
1 4 26
1 5 78
1 6 96
1 7 9
1 8 58
1 9 73
1 10 32
1 11 34
1 12 25
1 13 5
1 14 76
1 15 40
1 16 70
1 17 17
1 18 96
1 19 94
1 20 66
1 21 79
1 22 57
1 23 54
1 24 55
1 25 43
1 26 80
1 27 42
1 28 53
1 29 42
2 3 51
2 4 5
2 5 75
2 6 49
2 7 8
2 8 36
2 9 18
2 10 88
2 11 89
2 12 34
2 13 86
2 14 77
2 15 47
2 16 14
2 17 8
2 18 49
2 19 37
2 20 6
2 21 40
2 22 68
2 23 5
2 24 2
2 25 47
2 26 82
2 27 47
2 28 55
2 29 3
3 4 11
3 5 48
3 6 53
3 7 12
3 8 9
3 9 19
3 10 66
3 11 21
3 12 76
3 13 13
3 14 3
3 15 15
3 16 79
3 17 66
3 18 44
3 19 74
3 20 76
3 21 64
3 22 63
3 23 14
3 24 18
3 25 16
3 26 80
3 27 37
3 28 9
3 29 56
4 5 60
4 6 66
4 7 69
4 8 56
4 9 22
4 10 54
4 11 44
4 12 64
4 13 54
4 14 9
4 15 40
4 16 85
4 17 26
4 18 2
4 19 59
4 20 51
4 21 61
4 22 58
4 23 23
4 24 64
4 25 34
4 26 61
4 27 53
4 28 55
4 29 80
5 6 13
5 7 65
5 8 14
5 9 96
5 10 9
5 11 74
5 12 19
5 13 20
5 14 77
5 15 13
5 16 11
5 17 97
5 18 85
5 19 82
5 20 25
5 21 44
5 22 62
5 23 79
5 24 21
5 25 84
5 26 84
5 27 65
5 28 2
5 29 35
6 7 27
6 8 45
6 9 90
6 10 49
6 11 67
6 12 86
6 13 29
6 14 28
6 15 65
6 16 9
6 17 97
6 18 36
6 19 14
6 20 34
6 21 36
6 22 29
6 23 72
6 24 17
6 25 73
6 26 58
6 27 34
6 28 50
6 29 2
7 8 34
7 9 41
7 10 22
7 11 71
7 12 3
7 13 22
7 14 93
7 15 95
7 16 31
7 17 19
7 18 72
7 19 65
7 20 20
7 21 75
7 22 29
7 23 10
7 24 3
7 25 69
7 26 35
7 27 71
7 28 91
7 29 19
8 9 98
8 10 46
8 11 79
8 12 19
8 13 74
8 14 98
8 15 21
8 16 30
8 17 58
8 18 65
8 19 48
8 20 22
8 21 17
8 22 67
8 23 32
8 24 19
8 25 5
8 26 52
8 27 38
8 28 67
8 29 36
9 10 40
9 11 62
9 12 41
9 13 80
9 14 45
9 15 66
9 16 72
9 17 38
9 18 73
9 19 41
9 20 11
9 21 17
9 22 64
9 23 49
9 24 87
9 25 74
9 26 22
9 27 73
9 28 47
9 29 85
10 11 85
10 12 8
10 13 60
10 14 81
10 15 10
10 16 13
10 17 47
10 18 85
10 19 64
10 20 15
10 21 51
10 22 78
10 23 31
10 24 71
10 25 64
10 26 24
10 27 80
10 28 31
10 29 44
11 12 45
11 13 49
11 14 87
11 15 56
11 16 91
11 17 70
11 18 21
11 19 37
11 20 83
11 21 7
11 22 34
11 23 21
11 24 55
11 25 83
11 26 89
11 27 51
11 28 78
11 29 67
12 13 24
12 14 44
12 15 63
12 16 47
12 17 35
12 18 87
12 19 37
12 20 69
12 21 82
12 22 67
12 23 31
12 24 78
12 25 68
12 26 28
12 27 74
12 28 83
12 29 31
13 14 16
13 15 84
13 16 68
13 17 83
13 18 7
13 19 34
13 20 65
13 21 93
13 22 42
13 23 4
13 24 35
13 25 30
13 26 85
13 27 57
13 28 77
13 29 74
14 15 2
14 16 21
14 17 6
14 18 55
14 19 29
14 20 68
14 21 12
14 22 32
14 23 16
14 24 40
14 25 92
14 26 91
14 27 54
14 28 31
14 29 73
15 16 65
15 17 47
15 18 67
15 19 18
15 20 48
15 21 10
15 22 55
15 23 75
15 24 37
15 25 64
15 26 73
15 27 40
15 28 78
15 29 71
16 17 52
16 18 41
16 19 9
16 20 12
16 21 70
16 22 46
16 23 87
16 24 33
16 25 5
16 26 56
16 27 14
16 28 56
16 29 94
17 18 56
17 19 4
17 20 70
17 21 37
17 22 27
17 23 24
17 24 66
17 25 17
17 26 19
17 27 19
17 28 15
17 29 73
18 19 54
18 20 50
18 21 74
18 22 64
18 23 89
18 24 79
18 25 97
18 26 43
18 27 21
18 28 41
18 29 57
19 20 65
19 21 34
19 22 2
19 23 64
19 24 3
19 25 46
19 26 35
19 27 47
19 28 88
19 29 59
20 21 90
20 22 80
20 23 42
20 24 81
20 25 13
20 26 80
20 27 29
20 28 28
20 29 82
21 22 69
21 23 6
21 24 53
21 25 68
21 26 6
21 27 36
21 28 56
21 29 98
22 23 43
22 24 36
22 25 93
22 26 33
22 27 38
22 28 25
22 29 71
23 24 41
23 25 20
23 26 69
23 27 75
23 28 7
23 29 97
24 25 67
24 26 38
24 27 85
24 28 65
24 29 31
25 26 30
25 27 11
25 28 42
25 29 56
26 27 51
26 28 67
26 29 52
27 28 27
27 29 73
28 29 34