29
0 2 54
0 4 13
0 5 88.34
1 4 23.76
1 5 32.223
2 3 10
2 4 99.87
4 5 6.23
14 22 35.1
14 22 93.2
22 19 38.3
22 18 93.62
19 24 55.52
19 24 32
24 7 43.5
24 4 1
24 9 2.23
3 13 8.54
3 14 93.23
3 15 10.65
4 8 34.66
4 10 22.22
4 2 99.9
28 17 43.12
28 14 23.76
28 12 77.123
15 20 33.33
15 23 23.123
15 13 53.231
17 23 12.321
17 1 12.87
11 4 54.293
11 6 76.383
4 26 34.191
4 23 1
26 9 76.98
26 10 47.238
26 19 21.1
25 18 4.3
25 13 76.44
25 8 32.33
9 10 66.66
9 14 32.2
6 21 99.2
6 24 0.001
21 27 12.21
21 22 32.2
13 18 49.4
13 11 20.0
13 12 34.4
18 23 10.20
18 25 9.20
23 12 1.123
23 15 5.23
23 11 76.29
13 23 23.73
13 25 10.001
20 16 90.008
20 14 84.83
16 11 83.23
16 12 32
14 6 43.123
14 16 3.1
7 12 8.8
7 13 34.122
7 16 98.5
12 8 3.2
12 9 77.45
0 21 28.020
0 22 89.001
0 23 89.002
27 16 89.003
27 15 89.004
16 21 89.005
16 26 89.006
12 14 3.001
12 17 3.002
12 19 3.003
14 25 45.4
14 27 54.4
25 17 10
25 13 10
15 28 10.001
15 21 10.002
15 26 10.003
15 1 10.223
15 12 76.300
15 14 30.026
21 19 5.4
21 12 10.01
21 9 21.2
