29
0 1 18.729
0 2 41.736
0 3 17.897
0 4 88.876
0 5 33.805
0 6 13.615
0 7 87.711
0 8 35.086
0 9 14.791
0 10 81.451
0 11 20.043
0 12 34.282
0 13 92.279
0 14 23.996
0 15 15.298
0 16 57.501
0 17 73.64
0 18 59.626
0 19 21.974
0 20 19.601
0 21 69.863
0 22 66.881
0 23 1.34
0 24 98.462
0 25 39.616
0 26 58.544
0 27 9.512
1 25 33.65
1 23 92.655
1 18 21.625
1 14 93.983
1 8 6.434
1 19 19.4
1 28 38.933
2 17 57.614
2 3 84.557
2 18 31.844
2 15 35.022
2 24 89.139
2 28 6.746
3 4 51.526
3 27 44.768
3 12 52.117
3 23 13.375
3 28 16.199
4 10 81.576
4 20 75.188
4 8 58.177
4 24 7.496
4 5 93.657
4 16 48.967
4 23 76.654
4 28 12.443
5 25 95.531
5 12 63.882
5 10 31.899
5 16 80.513
5 17 71.226
5 27 73.302
5 28 43.428
6 23 72.627
6 25 47.355
6 7 8.766
6 26 36.169
6 12 74.863
6 13 84.677
6 28 2.293
7 27 82.765
7 10 22.246
7 8 70.703
7 28 93.735
8 19 8.261
8 22 16.271
8 15 57.149
8 24 41.721
8 28 38.466
9 24 2.652
9 26 51.372
9 15 55.314
9 27 62.863
9 18 85.344
9 25 20.156
9 28 3.282
10 23 98.94
10 26 65.788
10 18 50.81
10 22 4.566
10 28 12.05
11 26 47.977
11 16 95.183
11 22 13.607
11 24 83.31
11 13 64.583
11 28 10.086
12 12 10.848
12 15 87.204
12 14 78.343
12 16 38.122
12 18 87.714
12 26 91.406
12 28 67.952
13 24 68.043
13 22 58.409
13 28 80.199
14 21 48.065
14 16 89.155
14 28 81.328
15 20 51.528
15 17 87.915
15 23 40.933
15 24 36.955
15 28 63.862
16 23 48.321
16 17 82.019
16 20 27.525
16 21 21.918
16 22 98.909
16 26 89.369
16 28 77.031
17 19 97.106
17 20 22.12
17 22 42.21
17 28 54.132
18 24 71.165
18 28 25.127
19 19 97.747
19 27 11.519
19 28 15.765
20 22 21.308
20 21 71.185
20 28 51.27
21 25 46.562
21 28 85.149
22 25 83.765
22 24 53.032
22 26 12.775
22 27 35.177
22 28 55.067
23 25 43.65
23 28 68.714
24 28 58.89
25 26 74.408
25 28 57.853
26 26 43.531
26 28 66.525
27 28 96.373