30
0 3 78
0 12 11
1 20 61
1 2 4
1 29 27
2 17 69
2 3 87
2 16 95
2 12 91
2 21 80
3 21 90
3 27 46
3 18 77
3 15 66
4 28 46
4 8 34
4 24 38
5 12 74
5 19 72
5 6 90
6 28 89
6 4 98
6 2 54
7 15 8
7 2 68
7 21 38
7 11 40
8 23 92
8 25 41
8 24 54
8 19 44
8 20 81
9 23 6
9 12 87
9 17 79
9 13 30
9 7 62
10 20 56
10 18 6
10 16 47
10 14 47
10 28 97
11 27 83
11 19 70
12 26 92
12 10 65
12 8 39
13 17 71
13 26 39
13 8 62
13 29 22
14 17 73
14 19 83
14 16 74
14 6 73
15 21 53
15 18 70
15 23 13
16 8 81
16 5 65
16 6 65
16 11 9
16 28 86
17 0 84
17 6 34
17 26 64
17 22 88
17 11 40
18 27 24
18 29 24
19 26 51
19 27 59
19 6 71
19 21 2
19 18 21
20 24 12
20 6 82
20 14 67
21 17 96
21 18 23
21 28 24
21 22 82
22 8 87
22 24 31
22 7 66
23 21 1
23 10 54
23 24 74
23 20 81
24 6 12
24 10 18
24 5 81
24 14 89
25 0 21
25 10 54
25 16 30
25 21 45
25 26 11
26 0 70
26 4 96
27 13 22
27 10 81
27 22 28
27 9 93
28 2 44
28 12 68
28 11 75
29 2 59
29 27 10
29 16 7
29 5 7
