30
0 19 3.622
0 22 39.353
0 17 64.578
0 14 95.012
0 26 6.162
0 9 98.803
0 21 66.382
0 11 76.072
0 5 43.181
0 8 47.081
0 25 52.815
0 23 61.918
0 1 26.739
0 10 93.573
0 6 43.241
0 18 39.03
0 24 65.396
0 13 98.969
0 4 3.163
0 12 54.1
0 16 27.535
0 29 30.009
0 28 3.784
0 7 25.054
0 2 68.355
0 20 30.091
0 15 18.399
0 27 92.457
1 23 51.081
1 3 43.534
1 4 5.768
1 18 39.37
1 20 67.844
1 21 80.443
1 26 57.317
1 19 92.465
1 7 50.929
1 10 28.749
1 25 52.256
1 14 0.063
1 24 36.482
1 27 29.036
1 15 7.315
1 5 66.67
1 8 83.953
1 12 47.624
1 29 98.461
1 17 49.277
1 22 18.219
1 9 82.623
1 28 66.328
1 6 52.288
1 2 51.697
1 16 6.593
2 23 12.203
2 7 61.555
2 20 64.484
2 15 43.67
2 12 61.25
2 22 49.58
2 28 52.787
2 6 40.82
2 26 67.926
2 16 28.897
2 21 79.555
2 8 85.46
2 9 65.845
2 13 10.232
2 19 43.14
2 25 13.236
3 26 3.218
3 7 59.77
3 8 88.282
3 9 88.897
3 14 68.436
3 15 10.975
3 16 52.846
3 18 83.795
3 19 32.676
3 21 65.833
3 24 10.725
3 29 52.981
4 16 49.306
4 14 44.011
4 11 17.72
4 12 10.707
4 20 52.98
4 8 99.578
4 18 74.656
4 13 9.678
4 6 98.195
4 7 19.657
4 9 8.313
4 10 73.116
4 19 43.367
4 21 59.458
4 22 82.854
4 26 15.469
5 15 72.07
5 28 41.241
5 8 44.731
5 9 81.097
5 10 53.804
5 12 58.549
5 13 51.196
5 14 41.049
5 16 57.236
5 17 98.3
5 18 28.468
5 19 75.724
5 20 52.449
5 21 22.029
5 25 7.819
5 26 46.55
6 7 13.621
6 8 18.907
6 15 37.521
6 9 43.386
6 10 45.813
6 11 35.691
6 13 96.35
6 14 0.865
6 16 31.61
6 21 73.922
6 24 60.743
6 26 18.547
7 29 52.298
7 10 71.336
7 28 31.635
7 25 18.151
7 17 61.185
7 9 1.588
7 19 56.004
7 15 27.424
7 12 88.023
7 18 99.246
7 8 88.734
7 11 36.932
7 26 81.788
7 22 37.607
7 13 30.779
7 21 84.352
7 14 31.818
7 16 43.19
7 24 67.17
8 19 43.455
8 24 45.306
8 23 96.246
8 26 71.15
8 10 72.439
8 27 44.906
8 12 65.507
8 22 11.281
8 15 12.992
8 13 48.934
8 16 19.235
8 25 57.706
8 11 36.647
8 18 96.045
8 28 2.096
8 21 39.772
8 20 32.383
8 17 67.627
8 29 8.813
8 14 24.99
9 25 41.474
9 19 34.346
9 23 87.67
9 11 15.228
9 27 20.446
9 20 20.103
9 22 47.673
9 12 12.491
9 18 71.642
9 15 16.609
9 24 93.307
9 14 37.324
9 28 48.19
9 21 93.88
9 16 16.396
9 10 5.925
9 13 9.933
9 26 31.043
10 16 15.877
10 27 30.583
10 13 63.563
10 17 94.148
10 15 75.379
10 25 72.747
10 12 49.128
10 18 77.43
10 21 25.643
10 23 31.163
10 24 86.041
10 26 20.701
11 29 37.928
11 15 90.109
11 13 72.34
11 16 71.382
11 18 70.114
11 19 68.963
11 21 96.6
11 22 95.965
11 25 61.094
12 28 22.653
12 16 1.022
12 15 53.739
12 14 93.888
12 18 56.551
12 22 66.03
12 29 36.006
12 19 75.938
12 27 75.818
12 20 61.173
12 23 79.79
12 21 91.166
12 25 7.606
12 26 60.898
13 23 51.18
13 28 82.408
13 19 95.569
13 14 49.19
13 24 33.466
13 15 24.974
13 18 10.975
13 21 91.476
14 21 77.238
14 24 71.45
14 27 75.964
14 23 94.128
14 15 41.979
14 28 9.252
14 16 65.82
14 17 37.747
14 25 31.171
14 22 93.9
14 19 30.588
14 26 97.454
15 18 69.289
15 21 6.838
15 23 82.805
15 20 7.541
15 28 55.829
15 17 10.288
15 16 47.54
15 22 85.468
15 27 44.393
15 26 81.051
15 24 49.04
15 29 88.995
15 25 92.319
16 17 14.649
16 29 27.67
16 26 54.476
16 22 22.15
16 23 20.137
16 19 89.81
16 18 37.439
16 21 1.192
16 24 90.444
17 26 53.873
17 29 77.349
17 20 94.635
17 19 26.571
17 18 63.109
17 21 56.544
17 25 95.178
18 27 30.551
18 19 69.638
18 21 28.666
18 29 14.951
18 26 19.504
18 22 81.373
18 25 77.732
18 23 37.178
18 28 97.327
18 24 81.264
19 20 47.371
19 21 11.908
19 23 79.063
19 28 92.98
19 26 72.91
19 29 36.136
19 24 6.497
19 22 74.344
19 25 58.457
20 24 89.876
20 25 61.443
20 21 95.289
20 22 15.576
20 26 6.588
20 29 87.381
21 28 25.696
21 29 25.684
21 23 38.534
21 22 66.112
21 27 57.261
21 25 76.516
21 26 98.554
21 24 92.502
22 24 55.88
22 23 27.745
22 27 25.284
22 25 77.238
22 26 82.729
22 29 28.654
23 27 46.078
23 24 13.633
23 25 98.748
23 28 66.75
24 28 64.825
24 29 15.379
24 25 57.095
26 28 82.347
26 29 17.976