27
0 1 73
0 2 4
0 3 2
0 4 20
0 5 52
0 6 17
0 7 9
0 8 72
0 9 58
0 10 74
0 11 80
0 12 85
0 13 36
0 14 66
0 15 92
0 16 90
0 17 20
0 18 27
0 19 52
0 20 28
0 21 68
0 22 31
0 23 55
0 24 45
0 25 13
0 26 59
1 2 28
1 3 69
1 4 14
1 5 13
1 6 1
1 7 79
1 8 19
1 9 14
1 10 18
1 11 19
1 12 30
1 13 66
1 14 97
1 15 24
1 16 49
1 17 43
1 18 13
1 19 82
1 20 95
1 21 43
1 22 64
1 23 68
1 24 44
1 25 87
1 26 13
2 3 72
2 4 75
2 5 89
2 6 34
2 7 74
2 8 91
2 9 99
2 10 32
2 11 95
2 12 34
2 13 2
2 14 65
2 15 72
2 16 62
2 17 7
2 18 72
2 19 4
2 20 47
2 21 39
2 22 91
2 23 31
2 24 46
2 25 99
2 26 43
3 4 46
3 5 94
3 6 29
3 7 25
3 8 48
3 9 67
3 10 39
3 11 75
3 12 12
3 13 46
3 14 28
3 15 78
3 16 6
3 17 16
3 18 33
3 19 87
3 20 17
3 21 80
3 22 14
3 23 59
3 24 21
3 25 41
3 26 10
4 5 34
4 6 87
4 7 84
4 8 50
4 9 99
4 10 67
4 11 64
4 12 11
4 13 98
4 14 82
4 15 98
4 16 50
4 17 65
4 18 78
4 19 52
4 20 9
4 21 42
4 22 30
4 23 78
4 24 55
4 25 8
4 26 96
5 6 81
5 7 23
5 8 13
5 9 27
5 10 17
5 11 58
5 12 37
5 13 64
5 14 75
5 15 88
5 16 85
5 17 57
5 18 19
5 19 7
5 20 1
5 21 41
5 22 30
5 23 68
5 24 95
5 25 2
5 26 26
6 7 31
6 8 91
6 9 61
6 10 58
6 11 21
6 12 13
6 13 72
6 14 69
6 15 42
6 16 55
6 17 84
6 18 64
6 19 56
6 20 12
6 21 74
6 22 81
6 23 22
6 24 83
6 25 87
6 26 2
7 8 68
7 9 30
7 10 47
7 11 73
7 12 12
7 13 14
7 14 68
7 15 44
7 16 90
7 17 24
7 18 82
7 19 46
7 20 52
7 21 68
7 22 37
7 23 38
7 24 17
7 25 96
7 26 12
8 9 27
8 10 71
8 11 77
8 12 16
8 13 72
8 14 51
8 15 88
8 16 20
8 17 79
8 18 98
8 19 95
8 20 23
8 21 87
8 22 87
8 23 15
8 24 53
8 25 2
8 26 12
9 10 8
9 11 21
9 12 68
9 13 45
9 14 47
9 15 74
9 16 77
9 17 36
9 18 9
9 19 80
9 20 43
9 21 90
9 22 7
9 23 10
9 24 30
9 25 93
9 26 82
10 11 92
10 12 33
10 13 88
10 14 11
10 15 25
10 16 18
10 17 63
10 18 61
10 19 97
10 20 70
10 21 65
10 22 11
10 23 65
10 24 7
10 25 15
10 26 38
11 12 95
11 13 84
11 14 96
11 15 96
11 16 65
11 17 13
11 18 93
11 19 29
11 20 46
11 21 74
11 22 58
11 23 54
11 24 32
11 25 97
11 26 40
12 13 92
12 14 94
12 15 99
12 16 74
12 17 72
12 18 58
12 19 91
12 20 89
12 21 45
12 22 37
12 23 68
12 24 91
12 25 70
12 26 3
13 14 41
13 15 67
13 16 26
13 17 15
13 18 1
13 19 23
13 20 74
13 21 97
13 22 28
13 23 64
13 24 66
13 25 24
13 26 80
14 15 18
14 16 95
14 17 43
14 18 48
14 19 47
14 20 96
14 21 64
14 22 32
14 23 38
14 24 84
14 25 91
14 26 36
15 16 50
15 17 92
15 18 75
15 19 41
15 20 57
15 21 7
15 22 21
15 23 16
15 24 2
15 25 89
15 26 41
16 17 97
16 18 22
16 19 54
16 20 31
16 21 83
16 22 29
16 23 25
16 24 84
16 25 65
16 26 50
17 18 66
17 19 16
17 20 25
17 21 4
17 22 80
17 23 56
17 24 37
17 25 20
17 26 85
18 19 70
18 20 29
18 21 28
18 22 96
18 23 35
18 24 16
18 25 81
18 26 56
19 20 8
19 21 57
19 22 72
19 23 44
19 24 35
19 25 13
19 26 55
20 21 21
20 22 16
20 23 49
20 24 73
20 25 94
20 26 82
21 22 83
21 23 49
21 24 23
21 25 33
21 26 29
22 23 16
22 24 81
22 25 86
22 26 44
23 24 84
23 25 53
23 26 39
24 25 39
24 26 31
25 26 66