30
0 2 4
0 6 38
0 8 59
0 9 62
0 14 56
0 17 6
0 20 51
0 21 50
0 24 43
0 25 73
0 29 50
1 3 77
1 5 71
1 8 37
1 10 73
1 11 56
1 14 88
1 16 71
1 17 81
1 22 13
1 23 83
1 29 23
2 3 45
2 8 52
2 10 10
2 12 46
2 20 18
2 21 46
2 22 33
2 24 64
2 26 22
3 4 74
3 6 13
3 10 2
3 11 65
3 12 97
3 14 70
3 17 24
3 19 38
3 22 24
3 24 53
3 26 16
3 27 6
3 28 4
4 5 45
4 6 52
4 9 96
4 10 86
4 11 80
4 12 90
4 13 33
4 14 35
4 16 73
4 22 89
4 23 72
4 24 71
4 25 8
4 28 40
5 9 3
5 10 49
5 17 35
5 23 41
5 27 71
6 7 66
6 11 18
6 12 20
6 15 29
6 20 51
6 22 64
6 23 21
6 24 84
6 25 84
6 26 66
6 27 93
6 28 74
7 11 18
7 16 68
7 18 32
7 22 54
7 23 62
7 28 31
8 10 63
8 11 97
8 13 35
8 16 99
8 21 45
8 23 83
8 24 85
8 25 3
8 27 29
9 11 30
9 14 64
9 16 4
9 22 67
9 23 43
9 24 78
9 29 4
10 12 40
10 16 5
10 17 53
10 22 49
10 24 49
10 26 13
10 28 60
10 29 34
11 13 87
11 14 15
11 21 48
11 22 85
11 25 48
11 29 38
12 13 23
12 15 21
12 16 11
12 18 21
12 20 31
12 25 70
12 27 59
13 14 24
13 15 64
13 16 49
13 17 91
13 19 41
13 20 9
13 21 66
13 25 28
13 26 19
13 28 99
14 16 24
14 18 48
14 21 36
14 28 17
15 19 35
15 21 69
15 23 46
15 24 36
15 28 89
15 29 83
16 17 29
16 22 76
16 25 79
17 19 86
17 20 20
17 21 98
17 24 23
17 27 10
18 20 25
18 23 47
18 25 94
18 26 43
19 21 44
19 22 75
19 23 36
19 24 59
19 26 70
20 21 66
20 24 49
20 25 65
20 26 51
20 27 83
20 28 4
20 29 75
21 22 85
21 25 1
21 29 88
22 26 51
23 24 94
24 25 50
24 29 33
25 27 20
25 28 79
27 28 11
28 29 77