30
0 0 2.000
0 1 2.000
0 2 2.000
0 3 2.000
0 4 2.000
0 5 2.000
0 6 2.000
0 7 2.000
0 8 2.000
0 9 2.000
0 10 2.000
0 11 2.000
0 12 2.000
0 13 2.000
0 14 2.000
1 0 2.000
1 1 2.000
1 2 2.000
1 3 2.000
1 4 2.000
1 5 2.000
1 6 2.000
1 7 2.000
1 8 2.000
1 9 2.000
1 10 2.000
1 11 2.000
1 12 2.000
1 13 2.000
1 14 2.000
2 0 2.000
2 1 2.000
2 2 2.000
2 3 2.000
2 4 2.000
2 5 2.000
2 6 2.000
2 7 2.000
2 8 2.000
2 9 2.000
2 10 2.000
2 11 2.000
2 12 2.000
2 13 2.000
2 14 2.000
3 0 2.000
3 1 2.000
3 2 2.000
3 3 2.000
3 4 2.000
3 5 2.000
3 6 2.000
3 7 2.000
3 8 2.000
3 9 2.000
3 10 2.000
3 11 2.000
3 12 2.000
3 13 2.000
3 14 2.000
4 0 2.000
4 1 2.000
4 2 2.000
4 3 2.000
4 4 2.000
4 5 2.000
4 6 2.000
4 7 2.000
4 8 2.000
4 9 2.000
4 10 2.000
4 11 2.000
4 12 2.000
4 13 2.000
4 14 2.000
5 0 2.000
5 1 2.000
5 2 2.000
5 3 2.000
5 4 2.000
5 5 2.000
5 6 2.000
5 7 2.000
5 8 2.000
5 9 2.000
5 10 2.000
5 11 2.000
5 12 2.000
5 13 2.000
5 14 2.000
6 0 2.000
6 1 2.000
6 2 2.000
6 3 2.000
6 4 2.000
6 5 2.000
6 6 2.000
6 7 2.000
6 8 2.000
6 9 2.000
6 10 2.000
6 11 2.000
6 12 2.000
6 13 2.000
6 14 2.000
7 0 2.000
7 1 2.000
7 2 2.000
7 3 2.000
7 4 2.000
7 5 2.000
7 6 2.000
7 7 2.000
7 8 2.000
7 9 2.000
7 10 2.000
7 11 2.000
7 12 2.000
7 13 2.000
7 14 2.000
8 0 2.000
8 1 2.000
8 2 2.000
8 3 2.000
8 4 2.000
8 5 2.000
8 6 2.000
8 7 2.000
8 8 2.000
8 9 2.000
8 10 2.000
8 11 2.000
8 12 2.000
8 13 2.000
8 14 2.000
9 0 2.000
9 1 2.000
9 2 2.000
9 3 2.000
9 4 2.000
9 5 2.000
9 6 2.000
9 7 2.000
9 8 2.000
9 9 2.000
9 10 2.000
9 11 2.000
9 12 2.000
9 13 2.000
9 14 2.000
10 0 2.000
10 1 2.000
10 2 2.000
10 3 2.000
10 4 2.000
10 5 2.000
10 6 2.000
10 7 2.000
10 8 2.000
10 9 2.000
10 10 2.000
10 11 2.000
10 12 2.000
10 13 2.000
10 14 2.000
11 0 2.000
11 1 2.000
11 2 2.000
11 3 2.000
11 4 2.000
11 5 2.000
11 6 2.000
11 7 2.000
11 8 2.000
11 9 2.000
11 10 2.000
11 11 2.000
11 12 2.000
11 13 2.000
11 14 2.000
12 0 2.000
12 1 2.000
12 2 2.000
12 3 2.000
12 4 2.000
12 5 2.000
12 6 2.000
12 7 2.000
12 8 2.000
12 9 2.000
12 10 2.000
12 11 2.000
12 12 2.000
12 13 2.000
12 14 2.000
13 0 2.000
13 1 2.000
13 2 2.000
13 3 2.000
13 4 2.000
13 5 2.000
13 6 2.000
13 7 2.000
13 8 2.000
13 9 2.000
13 10 2.000
13 11 2.000
13 12 2.000
13 13 2.000
13 14 2.000
14 0 2.000
14 1 2.000
14 2 2.000
14 3 2.000
14 4 2.000
14 5 2.000
14 6 2.000
14 7 2.000
14 8 2.000
14 9 2.000
14 10 2.000
14 11 2.000
14 12 2.000
14 13 2.000
14 14 2.000
15 27 1.107
15 26 1.197
15 19 3.766
15 21 1.089
15 24 7.271
15 16 7.995
15 18 1.237
15 23 4.723
15 29 9.442
15 25 7.314
15 28 5.715
15 15 2.655
15 20 7.786
15 22 2.796
15 17 1.229
16 19 3.113
16 27 9.968
16 15 6.888
16 17 6.145
16 23 7.914
17 23 3.904
17 29 6.115
17 28 6.801
17 17 5.149
17 19 9.670
17 26 3.022
17 18 5.141
17 20 5.781
17 25 7.124
17 16 4.060
17 27 1.164
18 25 8.801
18 19 4.227
18 27 5.992
18 16 5.634
18 17 2.195
18 18 2.866
18 28 9.249
19 21 2.650
19 15 7.875
20 29 9.701
20 16 4.003
20 20 4.425
20 17 2.927
21 25 8.466
21 27 5.070
21 18 4.657
21 21 1.756
21 22 9.640
21 17 8.140
21 20 8.354
21 16 2.474
21 28 7.058
21 26 4.522
21 19 8.430
21 29 7.031
21 24 6.785
21 23 9.770
21 15 6.998
22 29 7.632
22 25 9.187
22 28 4.763
22 24 1.715
22 15 5.660
22 22 5.903
22 26 5.854
22 27 2.510
22 19 5.613
23 15 9.658
23 26 1.828
23 18 3.120
23 29 8.042
23 22 5.746
24 27 2.080
24 23 9.515
24 26 6.128
24 25 4.226
24 29 5.106
24 20 6.631
24 24 9.225
24 18 9.779
24 15 8.147
24 16 3.172
25 20 3.999
25 28 7.890
25 29 4.269
25 16 5.466
25 19 3.421
25 17 6.474
25 22 9.719
25 21 5.712
25 26 7.920
25 25 1.593
25 24 5.290
25 27 9.489
25 18 8.854
26 24 2.695
26 16 3.729
26 15 6.978
26 29 8.101
26 22 2.198
26 25 5.999
27 22 2.848
27 23 2.412
27 21 8.553
27 26 5.859
27 18 5.488
27 20 6.262
27 15 9.889
27 29 7.630
27 25 3.746
27 28 8.110
27 27 6.660
27 19 1.477
27 17 5.940
27 24 1.846
28 20 2.072
28 29 1.647
28 28 4.902
28 18 7.738
28 19 4.150
28 23 8.316
28 26 1.961
28 21 3.722
28 24 6.558
28 17 6.565
28 22 7.827
29 17 1.725
29 22 2.220
29 21 4.132
29 26 9.751
29 24 1.221
29 20 7.307
29 18 5.799
29 27 3.598
29 25 3.397
14 15 2.000