27
0 1 19
0 2 11
0 3 66
0 4 43
0 5 36
0 6 60
0 7 8
0 8 46
0 9 47
0 10 93
0 11 63
0 12 82
0 13 66
0 14 67
0 15 60
0 16 35
0 17 12
0 18 85
0 19 75
0 20 11
0 21 33
0 22 21
0 23 61
0 24 86
0 25 88
0 26 17
1 2 13
1 3 85
1 4 1
1 5 80
1 6 27
1 7 58
1 8 56
1 9 93
1 10 83
1 11 39
1 12 78
1 13 10
1 14 86
1 15 71
1 16 79
1 17 22
1 18 91
1 19 74
1 20 97
1 21 50
1 22 53
1 23 90
1 24 74
1 25 28
1 26 35
2 3 99
2 4 29
2 5 18
2 6 65
2 7 82
2 8 91
2 9 86
2 10 88
2 11 33
2 12 78
2 13 13
2 14 17
2 15 94
2 16 21
2 17 66
2 18 26
2 19 44
2 20 26
2 21 1
2 22 12
2 23 74
2 24 55
2 25 89
2 26 39
3 4 15
3 5 98
3 6 57
3 7 51
3 8 84
3 9 12
3 10 18
3 11 61
3 12 45
3 13 91
3 14 41
3 15 15
3 16 10
3 17 12
3 18 62
3 19 63
3 20 9
3 21 50
3 22 79
3 23 27
3 24 72
3 25 65
3 26 76
4 5 10
4 6 95
4 7 37
4 8 80
4 9 83
4 10 37
4 11 88
4 12 24
4 13 31
4 14 39
4 15 1
4 16 39
4 17 41
4 18 94
4 19 6
4 20 97
4 21 54
4 22 72
4 23 62
4 24 32
4 25 55
4 26 76
5 6 69
5 7 5
5 8 26
5 9 37
5 10 35
5 11 64
5 12 50
5 13 21
5 14 17
5 15 76
5 16 11
5 17 57
5 18 82
5 19 78
5 20 15
5 21 94
5 22 70
5 23 91
5 24 3
5 25 76
5 26 52
6 7 83
6 8 48
6 9 99
6 10 26
6 11 51
6 12 83
6 13 76
6 14 42
6 15 61
6 16 56
6 17 75
6 18 34
6 19 45
6 20 65
6 21 22
6 22 22
6 23 28
6 24 90
6 25 24
6 26 7
7 8 10
7 9 74
7 10 93
7 11 18
7 12 92
7 13 92
7 14 19
7 15 75
7 16 60
7 17 46
7 18 6
7 19 59
7 20 22
7 21 86
7 22 62
7 23 62
7 24 77
7 25 81
7 26 84
8 9 50
8 10 17
8 11 69
8 12 10
8 13 45
8 14 86
8 15 64
8 16 47
8 17 52
8 18 75
8 19 9
8 20 4
8 21 24
8 22 3
8 23 61
8 24 92
8 25 60
8 26 74
9 10 68
9 11 18
9 12 57
9 13 85
9 14 90
9 15 49
9 16 83
9 17 38
9 18 15
9 19 27
9 20 56
9 21 27
9 22 32
9 23 63
9 24 9
9 25 20
9 26 30
10 11 35
10 12 69
10 13 79
10 14 55
10 15 6
10 16 31
10 17 25
10 18 65
10 19 88
10 20 77
10 21 37
10 22 98
10 23 93
10 24 15
10 25 83
10 26 49
11 12 63
11 13 54
11 14 96
11 15 55
11 16 39
11 17 42
11 18 11
11 19 58
11 20 11
11 21 1
11 22 50
11 23 44
11 24 51
11 25 51
11 26 62
12 13 49
12 14 95
12 15 15
12 16 78
12 17 59
12 18 4
12 19 12
12 20 47
12 21 18
12 22 91
12 23 65
12 24 79
12 25 42
12 26 87
13 14 78
13 15 39
13 16 17
13 17 71
13 18 47
13 19 13
13 20 42
13 21 56
13 22 98
13 23 84
13 24 63
13 25 49
13 26 77
14 15 92
14 16 86
14 17 15
14 18 73
14 19 53
14 20 87
14 21 43
14 22 26
14 23 72
14 24 82
14 25 93
14 26 81
15 16 78
15 17 86
15 18 94
15 19 97
15 20 4
15 21 51
15 22 74
15 23 68
15 24 11
15 25 4
15 26 41
16 17 10
16 18 92
16 19 94
16 20 55
16 21 9
16 22 57
16 23 2
16 24 16
16 25 49
16 26 36
17 18 50
17 19 10
17 20 31
17 21 68
17 22 95
17 23 6
17 24 9
17 25 42
17 26 34
18 19 46
18 20 59
18 21 62
18 22 40
18 23 22
18 24 66
18 25 35
18 26 45
19 20 29
19 21 28
19 22 61
19 23 49
19 24 41
19 25 45
19 26 78
20 21 14
20 22 7
20 23 73
20 24 80
20 25 41
20 26 3
21 22 69
21 23 41
21 24 53
21 25 56
21 26 76
22 23 87
22 24 45
22 25 43
22 26 86
23 24 36
23 25 57
23 26 41
24 25 57
24 26 53
25 26 33