26
0 1 76
0 2 43
0 3 1
0 4 25
0 5 59
0 6 88
0 7 94
0 8 17
0 9 55
0 10 99
0 11 53
0 12 74
0 13 77
0 14 24
0 15 91
0 16 82
0 17 22
0 18 83
0 19 33
0 20 96
0 21 45
0 22 78
0 23 22
0 24 92
0 25 74
1 2 17
1 3 6
1 4 75
1 5 62
1 6 33
1 7 91
1 8 87
1 9 76
1 10 95
1 11 49
1 12 72
1 13 6
1 14 85
1 15 51
1 16 49
1 17 39
1 18 11
1 19 73
1 20 86
1 21 57
1 22 5
1 23 4
1 24 2
1 25 26
2 3 74
2 4 72
2 5 33
2 6 68
2 7 87
2 8 62
2 9 50
2 10 31
2 11 41
2 12 98
2 13 46
2 14 66
2 15 56
2 16 63
2 17 93
2 18 62
2 19 15
2 20 36
2 21 15
2 22 72
2 23 21
2 24 81
2 25 37
3 4 53
3 5 45
3 6 82
3 7 10
3 8 43
3 9 76
3 10 69
3 11 65
3 12 50
3 13 77
3 14 45
3 15 73
3 16 46
3 17 86
3 18 17
3 19 99
3 20 73
3 21 13
3 22 4
3 23 71
3 24 79
3 25 76
4 5 77
4 6 66
4 7 91
4 8 88
4 9 70
4 10 24
4 11 76
4 12 28
4 13 24
4 14 73
4 15 26
4 16 27
4 17 98
4 18 18
4 19 78
4 20 77
4 21 72
4 22 81
4 23 21
4 24 28
4 25 77
5 6 69
5 7 55
5 8 64
5 9 4
5 10 14
5 11 81
5 12 19
5 13 9
5 14 9
5 15 91
5 16 81
5 17 97
5 18 50
5 19 93
5 20 62
5 21 88
5 22 4
5 23 55
5 24 54
5 25 70
6 7 27
6 8 88
6 9 3
6 10 51
6 11 61
6 12 61
6 13 14
6 14 80
6 15 21
6 16 46
6 17 48
6 18 80
6 19 98
6 20 52
6 21 28
6 22 26
6 23 6
6 24 36
6 25 85
7 8 33
7 9 61
7 10 4
7 11 96
7 12 43
7 13 21
7 14 73
7 15 94
7 16 62
7 17 8
7 18 89
7 19 80
7 20 52
7 21 27
7 22 73
7 23 13
7 24 82
7 25 35
8 9 46
8 10 79
8 11 30
8 12 34
8 13 80
8 14 20
8 15 98
8 16 50
8 17 90
8 18 59
8 19 16
8 20 99
8 21 92
8 22 68
8 23 68
8 24 85
8 25 52
9 10 7
9 11 65
9 12 68
9 13 11
9 14 62
9 15 10
9 16 53
9 17 94
9 18 69
9 19 86
9 20 31
9 21 20
9 22 5
9 23 16
9 24 86
9 25 29
10 11 54
10 12 11
10 13 61
10 14 72
10 15 14
10 16 56
10 17 22
10 18 22
10 19 66
10 20 9
10 21 28
10 22 1
10 23 28
10 24 62
10 25 80
11 12 5
11 13 27
11 14 23
11 15 93
11 16 96
11 17 89
11 18 33
11 19 21
11 20 63
11 21 55
11 22 1
11 23 39
11 24 44
11 25 14
12 13 80
12 14 92
12 15 95
12 16 37
12 17 21
12 18 12
12 19 13
12 20 19
12 21 99
12 22 97
12 23 73
12 24 52
12 25 52
13 14 88
13 15 81
13 16 46
13 17 6
13 18 82
13 19 29
13 20 13
13 21 19
13 22 36
13 23 71
13 24 19
13 25 72
14 15 54
14 16 61
14 17 20
14 18 25
14 19 61
14 20 40
14 21 38
14 22 72
14 23 19
14 24 68
14 25 60
15 16 21
15 17 95
15 18 70
15 19 17
15 20 94
15 21 96
15 22 64
15 23 46
15 24 15
15 25 62
16 17 44
16 18 44
16 19 79
16 20 97
16 21 51
16 22 82
16 23 97
16 24 30
16 25 35
17 18 5
17 19 13
17 20 6
17 21 67
17 22 65
17 23 44
17 24 43
17 25 94
18 19 80
18 20 17
18 21 98
18 22 10
18 23 33
18 24 60
18 25 84
19 20 91
19 21 14
19 22 88
19 23 98
19 24 81
19 25 32
20 21 45
20 22 43
20 23 96
20 24 45
20 25 89
21 22 43
21 23 99
21 24 59
21 25 70
22 23 52
22 24 45
22 25 53
23 24 93
23 25 14
24 25 30