30
0 1 35.833
0 2 43.588
0 3 45.913
0 4 35.004
0 5 51.732
0 6 39.849
0 7 5.05
0 8 42.435
0 9 3.342
0 10 11.143
0 11 27.117
0 12 96.592
0 13 48.674
0 14 55.122
0 15 91.823
0 16 89.975
0 17 57.189
0 18 23.775
0 19 52.804
0 20 36.549
0 21 95.819
0 22 4.293
0 23 38.043
0 24 69.073
0 25 60.497
0 26 56.221
0 27 76.428
0 28 24.623
0 29 84.222
1 2 91.58
1 3 4.493
1 4 34.059
1 5 36.921
1 6 38.974
1 7 54.473
1 8 26.031
1 9 65.232
1 10 88.23
1 11 92.774
1 12 84.717
1 13 22.637
1 14 74.674
1 15 77.534
1 16 60.861
1 17 67.811
1 18 29.346
1 19 77.521
1 20 24.659
1 21 55.971
1 22 26.897
1 23 53.736
1 24 4.971
1 25 31.908
1 26 78.187
1 27 26.764
1 28 73.291
1 29 80.162
2 3 61.028
2 4 63.113
2 5 21.502
2 6 49.054
2 7 96.272
2 8 98.551
2 9 56.246
2 10 44.945
2 11 98.132
2 12 55.152
2 13 80.629
2 14 9.195
2 15 27.309
2 16 81.453
2 17 55.14
2 18 78.451
2 19 44.126
2 20 91.93
2 21 4.285
2 22 27.236
2 23 64.785
2 24 52.18
2 25 67.737
2 26 47.709
2 27 71.11
2 28 80.049
2 29 32.184
3 4 3.201
3 5 25.059
3 6 35.25
3 7 99.386
3 8 95.857
3 9 69.487
3 10 18.491
3 11 92.176
3 12 13.66
3 13 14.529
3 14 78.725
3 15 35.061
3 16 39.844
3 17 27.42
3 18 1.045
3 19 13.115
3 20 7.649
3 21 3.051
3 22 5.129
3 23 18.937
3 24 51.654
3 25 49.607
3 26 78.525
3 27 81.357
3 28 53.299
3 29 56.797
4 5 1.989
4 6 8.311
4 7 83.742
4 8 92.264
4 9 34.496
4 10 86.842
4 11 87.876
4 12 24.216
4 13 7.062
4 14 13.192
4 15 9.77
4 16 6.335
4 17 55.238
4 18 24.673
4 19 89.752
4 20 53.954
4 21 55.443
4 22 76.48
4 23 62.28
4 24 98.975
4 25 8.99
4 26 49.634
4 27 56.096
4 28 95.37
4 29 41.934
5 6 36.021
5 7 30.978
5 8 84.585
5 9 49.436
5 10 14.826
5 11 97.112
5 12 12.59
5 13 46.665
5 14 78.899
5 15 82.543
5 16 44.024
5 17 56.829
5 18 76.578
5 19 7.553
5 20 79.133
5 21 78.591
5 22 49.53
5 23 12.299
5 24 25.267
5 25 79.829
5 26 17.525
5 27 3.237
5 28 10.72
5 29 46.488
6 7 46.592
6 8 28.402
6 9 54.947
6 10 69.833
6 11 91.953
6 12 96.343
6 13 19.739
6 14 68.28
6 15 5.048
6 16 27.063
6 17 48.786
6 18 7.778
6 19 78.814
6 20 88.041
6 21 71.197
6 22 60.293
6 23 54.179
6 24 79.288
6 25 58.268
6 26 41.797
6 27 68.598
6 28 89.932
6 29 73.504
7 8 10.053
7 9 93.981
7 10 51.727
7 11 31.195
7 12 95.375
7 13 54.36
7 14 36.652
7 15 11.771
7 16 93.379
7 17 85.628
7 18 74.654
7 19 36.692
7 20 35.628
7 21 86.649
7 22 92.646
7 23 63.76
7 24 27.523
7 25 21.85
7 26 21.712
7 27 85.253
7 28 82.276
7 29 95.745
8 9 45.079
8 10 77.795
8 11 32.428
8 12 67.775
8 13 16.372
8 14 48.49
8 15 3.725
8 16 86.751
8 17 52.502
8 18 61.792
8 19 86.129
8 20 30.102
8 21 31.004
8 22 93.406
8 23 42.886
8 24 50.255
8 25 95.586
8 26 50.832
8 27 51.81
8 28 31.986
8 29 3.284
9 10 61.28
9 11 87.467
9 12 85.728
9 13 91.491
9 14 59.341
9 15 59.889
9 16 62.777
9 17 46.721
9 18 56.273
9 19 68.571
9 20 38.324
9 21 5.237
9 22 61.686
9 23 18.965
9 24 8.715
9 25 41.691
9 26 23.218
9 27 18.415
9 28 60.196
9 29 1.442
10 11 14.77
10 12 8.206
10 13 39.522
10 14 39.053
10 15 74.444
10 16 63.348
10 17 73.332
10 18 51.614
10 19 11.109
10 20 79.16
10 21 41.783
10 22 89.121
10 23 11.322
10 24 62.111
10 25 90.454
10 26 50.358
10 27 44.485
10 28 83.037
10 29 40.155
11 12 51.058
11 13 43.825
11 14 91.426
11 15 32.322
11 16 84.928
11 17 14.119
11 18 71.561
11 19 49.274
11 20 65.344
11 21 11.379
11 22 49.061
11 23 97.474
11 24 36.358
11 25 3.944
11 26 62.846
11 27 9.051
11 28 23.2
11 29 64.763
12 13 51.272
12 14 71.613
12 15 76.623
12 16 31.351
12 17 60.95
12 18 91.418
12 19 7.182
12 20 72.244
12 21 49.339
12 22 24.89
12 23 61.452
12 24 1.701
12 25 87.415
12 26 61.296
12 27 62.907
12 28 55.884
12 29 80.315
13 14 11.565
13 15 7.365
13 16 59.398
13 17 24.659
13 18 86.68
13 19 8.917
13 20 51.983
13 21 72.159
13 22 8.646
13 23 13.469
13 24 39.985
13 25 35.483
13 26 96.216
13 27 30.193
13 28 64.413
13 29 68.23
14 15 35.345
14 16 9.92
14 17 32.101
14 18 4.543
14 19 81.295
14 20 14.412
14 21 33.691
14 22 97.255
14 23 83.538
14 24 77.105
14 25 66.676
14 26 94.563
14 27 43.468
14 28 55.05
14 29 75.537
15 16 68.326
15 17 35.863
15 18 52.611
15 19 43.124
15 20 44.473
15 21 67.943
15 22 73.049
15 23 3.245
15 24 96.897
15 25 5.858
15 26 93.899
15 27 90.223
15 28 44.47
15 29 58.697
16 17 10.533
16 18 34.132
16 19 74.139
16 20 6.842
16 21 97.562
16 22 75.708
16 23 91.477
16 24 67.219
16 25 47.412
16 26 91.533
16 27 52.277
16 28 69.583
16 29 12.833
17 18 92.305
17 19 20.662
17 20 3.612
17 21 49.864
17 22 92.097
17 23 67.864
17 24 77.636
17 25 8.187
17 26 74.912
17 27 90.569
17 28 30.571
17 29 64.551
18 19 85.416
18 20 1.624
18 21 35.122
18 22 20.03
18 23 22.291
18 24 90.304
18 25 14.227
18 26 96.469
18 27 62.003
18 28 79.848
18 29 81.575
19 20 30.859
19 21 67.283
19 22 42.756
19 23 42.84
19 24 42.413
19 25 75.922
19 26 96.359
19 27 5.494
19 28 56.93
19 29 69.255
20 21 49.589
20 22 27.787
20 23 6.789
20 24 3.376
20 25 19.883
20 26 42.313
20 27 52.5
20 28 35.17
20 29 96.836
21 22 86.871
21 23 99.921
21 24 63.132
21 25 44.68
21 26 83.802
21 27 99.309
21 28 7.48
21 29 47.843
22 23 7.371
22 24 17.064
22 25 23.516
22 26 42.788
22 27 79.538
22 28 30.375
22 29 12.304
23 24 56.877
23 25 2.174
23 26 53.807
23 27 53.698
23 28 47.63
23 29 96.356
24 25 33.91
24 26 91.219
24 27 67.628
24 28 59.061
24 29 33.22
25 26 81.283
25 27 54.222
25 28 89.617
25 29 11.819
26 27 31.786
26 28 5.81
26 29 22.649
27 28 82.298
27 29 52.9
28 29 61.579
