28
0 1 72
0 2 71
0 3 13
0 4 88
0 5 25
0 6 7
0 7 11
0 8 74
0 9 5
0 10 44
0 11 31
0 12 87
0 13 67
0 14 40
0 15 7
0 16 30
0 17 83
0 18 64
0 19 27
0 20 64
0 21 94
0 22 24
0 23 93
0 24 87
0 25 96
0 26 74
0 27 5
1 2 60
1 3 15
1 4 68
1 5 16
1 6 28
1 7 49
1 8 99
1 9 70
1 10 69
1 11 41
1 12 13
1 13 12
1 14 81
1 15 75
1 16 73
1 17 90
1 18 27
1 19 59
1 20 46
1 21 25
1 22 84
1 23 55
1 24 69
1 25 1
1 26 12
1 27 90
2 3 33
2 4 89
2 5 43
2 6 29
2 7 66
2 8 25
2 9 40
2 10 32
2 11 10
2 12 81
2 13 23
2 14 9
2 15 95
2 16 9
2 17 74
2 18 2
2 19 13
2 20 51
2 21 88
2 22 14
2 23 69
2 24 29
2 25 99
2 26 93
2 27 38
3 4 1
3 5 67
3 6 91
3 7 20
3 8 15
3 9 72
3 10 71
3 11 98
3 12 98
3 13 47
3 14 15
3 15 42
3 16 64
3 17 1
3 18 45
3 19 43
3 20 95
3 21 95
3 22 44
3 23 96
3 24 43
3 25 36
3 26 83
3 27 72
4 5 25
4 6 87
4 7 68
4 8 87
4 9 77
4 10 79
4 11 77
4 12 39
4 13 46
4 14 48
4 15 31
4 16 34
4 17 47
4 18 41
4 19 61
4 20 65
4 21 9
4 22 40
4 23 47
4 24 23
4 25 30
4 26 17
4 27 13
5 6 72
5 7 93
5 8 62
5 9 37
5 10 78
5 11 96
5 12 48
5 13 27
5 14 16
5 15 49
5 16 15
5 17 73
5 18 54
5 19 30
5 20 70
5 21 74
5 22 50
5 23 58
5 24 95
5 25 67
5 26 34
5 27 60
6 7 20
6 8 18
6 9 41
6 10 19
6 11 69
6 12 26
6 13 60
6 14 25
6 15 82
6 16 74
6 17 97
6 18 63
6 19 48
6 20 88
6 21 77
6 22 72
6 23 45
6 24 12
6 25 69
6 26 7
6 27 34
7 8 31
7 9 76
7 10 90
7 11 10
7 12 68
7 13 19
7 14 52
7 15 33
7 16 60
7 17 94
7 18 25
7 19 72
7 20 34
7 21 79
7 22 59
7 23 74
7 24 58
7 25 9
7 26 86
7 27 56
8 9 18
8 10 77
8 11 90
8 12 77
8 13 88
8 14 51
8 15 83
8 16 56
8 17 67
8 18 25
8 19 53
8 20 28
8 21 41
8 22 2
8 23 18
8 24 33
8 25 69
8 26 4
8 27 41
9 10 93
9 11 69
9 12 92
9 13 56
9 14 73
9 15 62
9 16 21
9 17 30
9 18 37
9 19 36
9 20 48
9 21 80
9 22 13
9 23 70
9 24 11
9 25 31
9 26 8
9 27 9
10 11 82
10 12 44
10 13 88
10 14 3
10 15 30
10 16 57
10 17 99
10 18 24
10 19 63
10 20 98
10 21 93
10 22 21
10 23 63
10 24 21
10 25 14
10 26 24
10 27 39
11 12 97
11 13 69
11 14 12
11 15 50
11 16 74
11 17 22
11 18 32
11 19 83
11 20 59
11 21 6
11 22 59
11 23 15
11 24 20
11 25 62
11 26 22
11 27 44
12 13 43
12 14 4
12 15 44
12 16 6
12 17 18
12 18 34
12 19 94
12 20 44
12 21 97
12 22 21
12 23 35
12 24 95
12 25 27
12 26 53
12 27 79
13 14 16
13 15 27
13 16 32
13 17 9
13 18 60
13 19 28
13 20 22
13 21 9
13 22 18
13 23 95
13 24 27
13 25 75
13 26 73
13 27 74
14 15 87
14 16 1
14 17 26
14 18 72
14 19 71
14 20 19
14 21 37
14 22 99
14 23 10
14 24 64
14 25 85
14 26 37
14 27 55
15 16 92
15 17 86
15 18 29
15 19 4
15 20 89
15 21 55
15 22 80
15 23 86
15 24 35
15 25 58
15 26 31
15 27 15
16 17 90
16 18 59
16 19 54
16 20 35
16 21 97
16 22 36
16 23 73
16 24 38
16 25 24
16 26 94
16 27 68
17 18 48
17 19 10
17 20 29
17 21 58
17 22 57
17 23 36
17 24 46
17 25 98
17 26 35
17 27 65
18 19 59
18 20 6
18 21 55
18 22 35
18 23 99
18 24 62
18 25 35
18 26 43
18 27 78
19 20 17
19 21 98
19 22 45
19 23 62
19 24 54
19 25 96
19 26 66
19 27 98
20 21 57
20 22 37
20 23 48
20 24 61
20 25 84
20 26 38
20 27 63
21 22 52
21 23 51
21 24 51
21 25 66
21 26 85
21 27 19
22 23 80
22 24 55
22 25 58
22 26 72
22 27 79
23 24 96
23 25 96
23 26 36
23 27 37
24 25 17
24 26 32
24 27 43
25 26 83
25 27 16
26 27 83