30
0 7 30
0 29 24
0 11 60
0 26 54
0 23 93
0 2 93
0 14 29
0 8 87
0 28 4
0 16 13
0 1 30
0 5 13
0 18 87
0 24 72
0 4 47
0 15 50
0 12 56
0 13 51
0 25 77
0 21 71
0 17 58
0 3 31
0 6 57
0 27 41
0 19 18
0 20 47
0 9 93
0 10 12
0 22 86
1 29 27
1 5 14
1 21 37
1 15 28
1 8 60
1 12 51
1 24 77
1 17 29
1 7 66
1 3 55
1 9 64
1 10 4
1 2 44
1 23 10
1 11 33
1 22 48
1 19 38
1 4 50
1 14 52
1 20 85
1 13 96
1 16 38
1 25 46
1 27 48
1 6 16
1 28 3
1 26 37
1 18 54
2 3 76
2 18 46
2 8 70
2 7 17
2 4 41
2 9 72
2 13 5
2 29 53
2 11 42
2 6 94
2 26 66
2 19 86
2 10 41
2 23 78
2 21 90
2 20 51
2 24 54
2 14 95
2 15 22
2 22 99
2 28 99
2 5 17
2 16 54
2 25 34
2 17 59
2 12 60
2 27 60
3 7 26
3 12 70
3 26 29
3 28 30
3 9 15
3 11 91
3 15 52
3 18 98
3 17 8
3 24 8
3 29 55
3 6 14
3 13 81
3 21 35
3 10 65
3 20 45
3 19 10
3 5 13
3 25 92
3 22 16
3 16 95
3 27 42
3 23 22
3 14 38
3 4 56
3 8 36
4 14 22
4 11 13
4 5 43
4 18 61
4 20 86
4 27 6
4 19 72
4 13 6
4 23 74
4 17 77
4 25 90
4 26 96
4 15 63
4 10 84
4 6 61
4 24 55
4 9 7
4 12 47
4 22 84
4 28 56
4 8 32
4 16 71
4 7 54
4 29 88
4 21 57
5 7 90
5 22 35
5 12 26
5 10 20
5 18 91
5 20 12
5 24 30
5 19 62
5 14 8
5 8 61
5 13 44
5 15 82
5 9 32
5 21 87
5 17 97
5 16 74
5 28 64
5 11 3
5 6 40
5 27 19
5 26 9
5 23 78
5 25 99
5 29 80
6 14 36
6 16 72
6 13 98
6 17 65
6 26 33
6 23 77
6 8 21
6 24 48
6 20 15
6 28 50
6 19 58
6 10 31
6 9 4
6 11 54
6 29 89
6 21 62
6 15 98
6 27 45
6 22 38
6 12 82
6 7 16
6 18 89
6 25 76
7 9 14
7 11 78
7 19 31
7 16 38
7 24 38
7 12 29
7 15 73
7 21 44
7 26 62
7 29 20
7 23 37
7 18 48
7 13 17
7 10 29
7 28 60
7 25 64
7 27 30
7 17 93
7 14 26
7 20 12
7 8 61
7 22 79
8 28 87
8 22 93
8 16 76
8 24 24
8 13 58
8 12 76
8 17 97
8 20 47
8 14 72
8 10 43
8 26 51
8 21 34
8 15 20
8 29 65
8 25 70
8 11 69
8 18 74
8 19 64
8 9 16
8 27 25
8 23 41
9 17 44
9 26 80
9 20 36
9 21 31
9 10 91
9 15 78
9 11 44
9 13 15
9 23 5
9 25 7
9 16 73
9 28 78
9 27 67
9 19 91
9 22 68
9 18 64
9 24 72
9 12 61
9 29 70
9 14 49
10 17 33
10 18 11
10 27 51
10 22 3
10 14 66
10 25 61
10 23 92
10 29 18
10 28 84
10 24 50
10 26 50
10 13 42
10 12 61
10 11 54
10 15 44
10 16 4
10 20 59
10 21 51
10 19 89
11 29 24
11 23 42
11 28 7
11 18 63
11 12 35
11 26 32
11 27 3
11 22 46
11 24 40
11 16 13
11 13 63
11 21 64
11 20 49
11 17 10
11 19 79
11 14 54
11 25 64
11 15 90
12 16 33
12 28 82
12 22 90
12 26 48
12 14 41
12 13 48
12 18 27
12 21 59
12 23 93
12 20 99
12 27 43
12 29 56
12 17 97
12 25 4
12 19 85
12 24 99
12 15 19
13 22 87
13 25 26
13 15 26
13 28 31
13 19 21
13 18 42
13 16 4
13 27 67
13 29 42
13 23 60
13 26 33
13 20 90
13 14 67
13 24 96
13 21 10
13 17 67
14 18 8
14 17 20
14 20 69
14 23 26
14 29 1
14 28 96
14 19 96
14 24 15
14 26 16
14 16 98
14 22 11
14 27 90
14 15 65
14 21 77
14 25 98
15 18 67
15 27 31
15 24 81
15 19 86
15 17 22
15 26 70
15 22 35
15 21 82
15 29 15
15 28 86
15 16 14
15 25 51
15 23 73
15 20 88
16 25 22
16 21 14
16 29 12
16 17 6
16 23 81
16 26 70
16 22 2
16 27 69
16 28 28
16 20 77
16 19 6
16 24 25
16 18 46
17 24 9
17 29 58
17 25 41
17 28 26
17 18 48
17 19 3
17 21 54
17 20 79
17 27 55
17 26 90
17 22 40
17 23 38
18 22 1
18 21 91
18 25 9
18 23 22
18 24 20
18 26 83
18 19 35
18 27 67
18 20 76
18 29 28
18 28 25
19 27 49
19 23 91
19 28 3
19 25 2
19 29 51
19 24 58
19 21 22
19 20 33
19 22 67
19 26 72
20 24 37
20 27 46
20 23 9
20 21 92
20 29 15
20 25 49
20 26 12
20 28 62
20 22 56
21 23 98
21 25 63
21 29 16
21 24 37
21 27 81
21 22 96
21 26 94
21 28 99
22 25 73
22 24 60
22 28 56
22 29 71
22 27 24
22 23 39
22 26 2
23 27 43
23 29 61
23 28 24
23 24 13
23 25 55
23 26 37
24 29 70
24 25 50
24 27 41
24 28 32
24 26 79
25 26 48
25 28 96
25 27 61
25 29 76
26 27 18
26 28 40
26 29 8
27 28 35
27 29 24
28 29 50