30
0 19 6.532
0 16 0.747
0 4 96.487
0 13 0.48
19 2 2.293
19 12 93.799
19 20 30.652
16 7 10.946
16 17 10.965
16 26 14.678
4 2 50.428
4 9 32.678
4 26 19.681
13 6 15.722
13 8 59.797
13 24 65.767
1 26 88.161
1 28 28.53
1 11 24.12
1 20 38.749
26 3 87.572
28 22 48.659
28 24 99.622
28 29 73.677
11 3 65.39
11 6 54.573
11 21 24.222
20 12 63.156
20 21 45.866
2 24 1.896
2 12 28.796
24 23 78.5
12 10 30.243
3 18 89.049
3 9 27.433
18 9 25.498
18 25 6.325
18 29 1.515
9 15 36.215
5 14 22.484
5 17 53.409
5 7 72.286
5 15 84.662
14 29 67.798
14 22 37.676
14 27 62.219
17 22 63.972
17 25 52.526
7 6 31.032
7 8 2.697
15 10 87.218
15 25 47.382
6 29 74.183
8 21 46.143
8 27 37.898
21 27 37.08
27 23 41.147
10 10 33.263
22 23 64.393
25 23 64.15