29
0 13 60
0 16 8
0 22 64
1 2 92
1 3 33
1 6 96
1 9 34
1 11 88
1 14 84
1 17 73
2 8 40
2 15 13
2 16 50
2 17 13
2 22 30
2 27 26
3 10 33
3 18 43
3 19 90
4 7 63
4 9 75
4 13 62
4 17 49
4 21 32
4 23 40
5 6 53
5 13 76
5 17 86
5 18 76
5 20 26
5 23 72
6 11 11
6 14 23
6 20 22
6 23 84
7 11 45
7 13 27
7 14 46
7 16 10
7 17 94
7 24 95
7 26 35
8 11 95
8 14 18
8 16 90
8 17 65
8 23 42
8 25 35
9 12 38
9 14 55
9 18 97
9 21 65
9 22 47
9 27 85
10 12 8
10 16 65
10 17 78
10 18 48
10 23 90
10 24 60
10 25 82
11 13 12
11 14 82
11 18 96
11 20 29
12 18 68
12 24 51
12 25 16
12 28 42
13 21 92
13 22 77
13 27 37
14 18 94
14 19 23
14 22 61
14 25 60
14 27 58
15 16 54
15 23 14
16 17 48
16 21 16
16 24 37
16 27 79
17 24 96
17 26 63
17 28 75
19 20 43
19 25 33
19 28 7
20 24 35
21 23 17
21 25 89
21 26 98
21 27 92
21 28 87
22 27 11
23 25 60
23 26 88
23 27 19
24 27 81
25 27 69
26 28 86