27
0 1 23
0 2 88
0 3 98
0 4 98
0 5 58
0 6 77
0 7 22
0 8 45
0 9 18
0 10 27
0 11 46
0 12 23
0 13 34
0 14 97
0 15 71
0 16 1
0 17 73
0 18 94
0 19 99
0 20 17
0 21 37
0 22 63
0 23 18
0 24 27
0 25 82
0 26 4
1 2 97
1 3 97
1 4 52
1 5 27
1 6 9
1 7 6
1 8 27
1 9 37
1 10 51
1 11 44
1 12 20
1 13 37
1 14 8
1 15 46
1 16 86
1 17 10
1 18 24
1 19 50
1 20 14
1 21 84
1 22 6
1 23 85
1 24 17
1 25 21
1 26 52
2 3 95
2 4 20
2 5 80
2 6 41
2 7 77
2 8 39
2 9 65
2 10 29
2 11 82
2 12 60
2 13 88
2 14 36
2 15 9
2 16 30
2 17 50
2 18 77
2 19 45
2 20 98
2 21 1
2 22 44
2 23 79
2 24 23
2 25 62
2 26 98
3 4 49
3 5 10
3 6 64
3 7 57
3 8 32
3 9 58
3 10 21
3 11 11
3 12 96
3 13 50
3 14 69
3 15 89
3 16 15
3 17 59
3 18 20
3 19 64
3 20 11
3 21 30
3 22 88
3 23 48
3 24 73
3 25 95
3 26 53
4 5 69
4 6 85
4 7 59
4 8 80
4 9 85
4 10 55
4 11 77
4 12 93
4 13 1
4 14 13
4 15 30
4 16 76
4 17 38
4 18 87
4 19 55
4 20 9
4 21 90
4 22 97
4 23 95
4 24 23
4 25 72
4 26 45
5 6 70
5 7 5
5 8 9
5 9 33
5 10 14
5 11 66
5 12 49
5 13 40
5 14 28
5 15 65
5 16 54
5 17 36
5 18 10
5 19 25
5 20 78
5 21 74
5 22 74
5 23 85
5 24 67
5 25 41
5 26 76
6 7 27
6 8 38
6 9 96
6 10 72
6 11 28
6 12 75
6 13 16
6 14 50
6 15 4
6 16 58
6 17 29
6 18 80
6 19 51
6 20 15
6 21 65
6 22 6
6 23 22
6 24 57
6 25 3
6 26 11
7 8 53
7 9 87
7 10 25
7 11 2
7 12 60
7 13 44
7 14 24
7 15 27
7 16 47
7 17 45
7 18 83
7 19 14
7 20 43
7 21 8
7 22 19
7 23 58
7 24 18
7 25 17
7 26 4
8 9 15
8 10 79
8 11 60
8 12 36
8 13 11
8 14 69
8 15 35
8 16 69
8 17 77
8 18 20
8 19 72
8 20 94
8 21 35
8 22 76
8 23 55
8 24 55
8 25 6
8 26 1
9 10 94
9 11 66
9 12 80
9 13 94
9 14 80
9 15 52
9 16 90
9 17 19
9 18 85
9 19 27
9 20 88
9 21 13
9 22 84
9 23 36
9 24 63
9 25 72
9 26 95
10 11 92
10 12 16
10 13 51
10 14 85
10 15 62
10 16 31
10 17 24
10 18 86
10 19 4
10 20 3
10 21 76
10 22 19
10 23 28
10 24 46
10 25 63
10 26 5
11 12 8
11 13 3
11 14 42
11 15 42
11 16 61
11 17 99
11 18 27
11 19 47
11 20 83
11 21 12
11 22 96
11 23 16
11 24 52
11 25 84
11 26 26
12 13 68
12 14 93
12 15 52
12 16 95
12 17 11
12 18 81
12 19 81
12 20 27
12 21 42
12 22 19
12 23 99
12 24 91
12 25 90
12 26 77
13 14 86
13 15 20
13 16 16
13 17 3
13 18 91
13 19 28
13 20 58
13 21 33
13 22 72
13 23 23
13 24 3
13 25 82
13 26 11
14 15 30
14 16 22
14 17 77
14 18 65
14 19 39
14 20 38
14 21 73
14 22 98
14 23 52
14 24 39
14 25 67
14 26 79
15 16 17
15 17 38
15 18 3
15 19 49
15 20 9
15 21 92
15 22 14
15 23 24
15 24 96
15 25 48
15 26 39
16 17 67
16 18 83
16 19 94
16 20 6
16 21 33
16 22 90
16 23 31
16 24 84
16 25 74
16 26 30
17 18 97
17 19 51
17 20 42
17 21 88
17 22 59
17 23 14
17 24 12
17 25 4
17 26 42
18 19 47
18 20 78
18 21 41
18 22 19
18 23 9
18 24 15
18 25 2
18 26 54
19 20 88
19 21 25
19 22 17
19 23 64
19 24 17
19 25 69
19 26 96
20 21 79
20 22 61
20 23 70
20 24 66
20 25 57
20 26 51
21 22 8
21 23 54
21 24 31
21 25 79
21 26 30
22 23 75
22 24 30
22 25 55
22 26 50
23 24 95
23 25 43
23 26 43
24 25 2
24 26 31
25 26 45