30
0 1 30
0 2 33
0 3 51
0 4 28
0 5 9
0 6 52
0 7 14
0 8 68
0 9 94
1 2 44
1 3 62
1 4 69
1 5 78
1 6 38
1 7 15
1 8 1
1 9 95
1 10 49
2 3 95
2 4 1
2 5 69
2 6 26
2 7 62
2 8 46
2 9 73
2 10 4
2 11 80
3 4 94
3 5 26
3 6 76
3 7 19
3 8 77
3 9 5
3 10 4
3 11 23
3 12 38
4 5 61
4 6 42
4 7 76
4 8 45
4 9 85
4 10 39
4 11 68
4 12 10
4 13 20
5 6 68
5 7 30
5 8 25
5 9 60
5 10 69
5 11 72
5 12 60
5 13 18
5 14 22
6 7 62
6 8 28
6 9 90
6 10 82
6 11 7
6 12 34
6 13 12
6 14 76
6 15 21
7 8 68
7 9 76
7 10 12
7 11 93
7 12 78
7 13 94
7 14 87
7 15 83
7 16 76
8 9 69
8 10 53
8 11 64
8 12 87
8 13 82
8 14 35
8 15 3
8 16 44
8 17 51
9 10 22
9 11 20
9 12 79
9 13 27
9 14 68
9 15 48
9 16 11
9 17 72
9 18 65
10 11 38
10 12 1
10 13 54
10 14 89
10 15 87
10 16 69
10 17 37
10 18 2
10 19 17
11 12 46
11 13 57
11 14 94
11 15 95
11 16 40
11 17 71
11 18 4
11 19 11
11 20 35
12 13 80
12 14 98
12 15 69
12 16 10
12 17 5
12 18 46
12 19 36
12 20 82
12 21 27
13 14 89
13 15 27
13 16 63
13 17 12
13 18 7
13 19 54
13 20 37
13 21 34
13 22 80
14 15 17
14 16 50
14 17 61
14 18 22
14 19 48
14 20 18
14 21 57
14 22 28
14 23 23
15 16 80
15 17 62
15 18 13
15 19 68
15 20 93
15 21 85
15 22 61
15 23 93
15 24 96
16 17 58
16 18 57
16 19 62
16 20 45
16 21 63
16 22 10
16 23 75
16 24 14
16 25 28
17 18 71
17 19 50
17 20 20
17 21 79
17 22 59
17 23 30
17 24 83
17 25 24
17 26 88
18 19 70
18 20 87
18 21 35
18 22 81
18 23 59
18 24 96
18 25 49
18 26 30
18 27 86
19 20 21
19 21 7
19 22 88
19 23 20
19 24 23
19 25 7
19 26 73
19 27 93
19 28 35
20 21 82
20 22 3
20 23 92
20 24 51
20 25 58
20 26 14
20 27 77
20 28 87
20 29 7
21 22 53
21 23 95
21 24 91
21 25 51
21 26 69
21 27 28
21 28 39
21 29 20
22 23 39
22 24 33
22 25 81
22 26 85
22 27 9
22 28 90
22 29 56
23 24 44
23 25 22
23 26 64
23 27 44
23 28 46
23 29 56
24 25 18
24 26 34
24 27 63
24 28 6
24 29 98
25 26 28
25 27 24
25 28 55
25 29 14
26 27 74
26 28 36
26 29 46
27 28 24
27 29 9
28 29 43
