30
0 1 62.697
1 2 46.702
2 3 40.169
3 4 78.896
4 5 50.244
5 6 26.153
6 7 90.935
7 8 68.466
8 9 49.347
9 10 1.896
10 11 85.874
11 12 10.699
12 13 62.630
13 14 4.353
14 15 83.026
15 16 46.481
16 17 71.149
17 18 30.849
18 19 53.221
19 20 8.394
20 21 36.321
21 22 54.223
22 23 21.007
23 24 39.183
24 25 20.425
25 26 10.144
26 27 87.932
27 28 89.135
28 29 85.604
0 2 77.088
0 4 15.013
0 6 64.860
0 7 7.859
0 8 35.193
0 10 17.116
0 12 88.540
0 15 67.481
0 17 98.061
0 18 65.244
0 19 8.277
0 20 55.757
0 22 63.144
0 23 18.575
0 24 5.885
0 25 95.463
0 26 15.652
0 27 22.635
0 28 12.275
0 29 50.698
1 3 59.192
1 4 53.284
1 5 82.526
1 7 99.294
1 10 76.355
1 11 44.069
1 12 71.523
1 13 19.267
1 14 44.602
1 15 7.976
1 16 77.769
1 20 13.661
1 21 44.145
1 22 89.353
1 24 70.318
1 25 11.924
1 26 40.266
1 29 41.459
2 4 89.438
2 5 37.279
2 7 25.501
2 8 58.514
2 10 18.711
2 11 78.127
2 12 69.076
2 14 43.381
2 15 90.490
2 16 80.028
2 18 43.292
2 19 58.520
2 20 58.048
2 23 70.496
2 24 81.118
2 27 89.012
2 29 81.331
3 5 79.571
3 7 92.054
3 8 16.851
3 9 23.201
3 10 53.194
3 12 34.180
3 14 68.403
3 15 86.384
3 16 95.819
3 17 30.683
3 18 17.327
3 19 14.594
3 20 26.085
3 21 56.712
3 23 52.989
3 24 21.326
3 26 33.086
3 28 61.583
4 6 3.200
4 7 92.319
4 8 97.263
4 9 25.876
4 10 99.418
4 11 65.479
4 17 9.931
4 18 7.378
4 20 9.952
4 21 58.380
4 24 72.058
4 25 8.479
4 26 69.207
4 27 1.747
4 28 53.208
4 29 32.705
5 8 95.382
5 12 29.121
5 13 7.341
5 14 96.243
5 15 88.490
5 17 66.571
5 19 41.129
5 21 4.629
5 23 39.517
5 24 71.882
5 25 62.995
5 26 74.971
5 29 70.367
6 9 9.290
6 12 3.170
6 13 27.838
6 14 42.911
6 15 84.112
6 16 13.627
6 17 41.957
6 18 25.513
6 21 80.868
6 22 17.390
6 23 12.010
6 24 3.431
6 25 90.118
6 26 95.061
6 27 89.767
6 28 86.175
6 29 51.492
7 9 61.765
7 10 93.010
7 11 34.087
7 12 18.651
7 13 39.553
7 14 56.472
7 15 75.850
7 16 3.473
7 17 48.266
7 18 11.868
7 20 38.025
7 23 38.201
7 24 82.763
7 25 5.385
7 26 59.376
7 27 72.393
7 28 69.991
7 29 24.082
8 11 53.720
8 12 26.041
8 13 17.672
8 14 4.185
8 15 2.637
8 16 24.134
8 17 90.375
8 18 93.592
8 19 62.371
8 20 99.335
8 22 2.134
8 23 70.126
8 24 41.393
8 26 80.334
8 28 55.120
8 29 60.064
9 12 1.520
9 13 72.775
9 14 74.889
9 15 13.262
9 17 42.915
9 19 43.989
9 20 77.753
9 21 53.166
9 22 82.632
9 23 83.468
9 24 94.210
9 25 22.997
9 26 59.980
9 27 93.644
9 28 61.345
9 29 68.063
10 12 38.918
10 14 92.098
10 15 63.214
10 16 4.314
10 17 18.376
10 19 12.525
10 20 80.915
10 21 55.193
10 23 54.282
10 24 93.277
10 25 53.485
10 26 75.986
10 28 28.550
10 29 75.349
11 13 19.768
11 15 21.610
11 16 20.366
11 17 15.995
11 18 80.804
11 19 77.772
11 20 85.474
11 21 72.670
11 22 45.621
11 24 39.669
11 26 51.874
11 27 25.913
11 28 46.755
12 15 53.881
12 16 50.288
12 17 50.944
12 18 3.405
12 19 20.981
12 20 2.131
12 21 93.711
12 22 26.464
12 24 30.282
12 27 1.259
12 28 7.545
12 29 5.005
13 15 65.431
13 16 83.242
13 17 72.734
13 18 51.212
13 20 99.056
13 21 25.668
13 22 31.136
13 23 94.333
13 24 44.208
13 25 28.931
13 27 98.024
13 28 25.651
13 29 7.449
14 16 80.809
14 19 81.336
14 22 74.338
14 23 20.847
14 24 14.017
14 25 40.953
14 26 37.357
14 27 36.786
14 28 98.351
14 29 74.820
15 18 27.866
15 19 30.905
15 20 94.857
15 21 60.926
15 22 21.537
15 24 38.665
15 26 43.446
15 27 53.009
15 29 68.364
16 18 32.540
16 21 84.978
16 22 2.765
16 24 26.985
16 25 64.965
16 26 18.274
16 27 19.265
16 28 6.814
16 29 94.932
17 19 26.457
17 20 29.342
17 23 84.018
17 26 91.692
17 27 14.526
17 29 4.204
18 20 55.384
18 21 5.625
18 22 14.191
18 23 78.192
18 25 62.515
18 26 64.586
18 27 70.023
18 28 29.812
18 29 58.131
19 23 77.388
19 24 11.674
19 25 70.321
19 26 25.841
19 27 21.639
19 28 64.521
19 29 1.638
20 22 38.673
20 23 40.744
20 24 54.661
20 26 22.324
20 28 7.071
20 29 28.114
21 23 20.215
21 25 13.386
21 26 98.732
21 27 97.644
21 28 81.240
21 29 28.774
22 24 88.039
22 25 86.125
22 27 84.948
22 28 85.612
22 29 7.004
23 25 25.304
23 28 74.293
24 26 93.641
24 27 67.925
24 28 45.345
25 27 39.917
25 28 22.302
25 29 60.509
26 28 48.148
26 29 57.595
