30
0 1 82.779
0 2 17.93
0 3 29.239
0 4 28.403
0 5 2.19
0 6 17.479
0 9 98.201
0 10 66.062
0 11 49.637
0 13 24.073
0 14 37.547
0 15 32.783
0 16 87.049
0 17 91.199
0 18 90.792
0 19 63.147
0 20 99.045
0 21 54.431
0 23 83.68
0 25 21.654
0 26 89.554
0 27 88.791
0 28 77.976
0 29 74.816
1 2 92.096
1 3 78.573
1 4 91.376
1 5 88.978
1 7 69.743
1 8 99.324
1 9 18.309
1 10 55.888
1 11 64.896
1 12 77.234
1 13 84.756
1 14 92.609
1 15 99.444
1 16 37.687
1 17 57.589
1 18 93.006
1 19 40.931
1 20 10.151
1 21 80.306
1 22 73.599
1 23 62.189
1 25 50.936
1 26 7.098
1 27 29.338
2 3 3.258
2 4 27.337
2 6 72.032
2 7 95.921
2 8 61.933
2 9 21.856
2 10 22.024
2 11 62.649
2 12 88.73
2 13 9.417
2 15 36.667
2 16 69.379
2 17 56.111
2 18 52.247
2 19 5.865
2 20 87.819
2 21 7.376
2 22 52.811
2 23 9.733
2 24 43.431
2 25 85.421
2 27 99.603
2 28 73.864
2 29 93.866
3 4 63.829
3 5 9.95
3 6 51.726
3 7 14.223
3 8 80.479
3 9 37.312
3 10 7.493
3 14 45.2
3 15 25.402
3 17 84.76
3 18 96.059
3 20 92.782
3 21 69.668
3 22 20.278
3 23 22.808
3 24 9.876
3 25 41.728
3 26 36.28
3 27 47.955
3 28 50.453
3 29 46.749
4 5 83.238
4 6 6.067
4 7 36.145
4 8 46.168
4 9 40.123
4 10 28.566
4 11 11.815
4 12 83.001
4 13 67.556
4 15 16.1
4 18 91.019
4 19 43.289
4 20 21.188
4 22 57.144
4 23 20.403
4 24 84.215
4 25 14.765
4 26 97.097
4 27 37.422
4 28 53.795
4 29 17.776
5 6 64.833
5 7 34.947
5 9 64.994
5 10 36.365
5 12 30.523
5 13 82.286
5 15 33.44
5 16 17.628
5 17 54.511
5 18 81.728
5 19 44.66
5 20 92.431
5 21 22.726
5 22 45.878
5 24 24.286
5 25 27.474
5 27 93.561
5 28 66.403
6 7 98.164
6 8 39.865
6 11 84.366
6 12 94.373
6 13 45.111
6 16 34.035
6 17 16.012
6 18 64.735
6 19 8.678
6 20 76.957
6 21 61.031
6 22 3.569
6 23 13.646
6 24 28.006
6 25 82.816
6 27 48.105
6 28 56.314
6 29 82.301
7 9 82.343
7 10 55.791
7 11 72.047
7 12 67.687
7 13 37.132
7 14 81.131
7 16 6.904
7 17 15.666
7 18 76.057
7 19 86.583
7 20 64.204
7 21 31.823
7 22 37.239
7 23 58.973
7 24 1.077
7 25 95.14
7 27 84.934
7 28 63.502
8 9 52.191
8 10 83.759
8 11 87.249
8 12 86.504
8 13 12.773
8 14 89.391
8 15 13.205
8 16 1.653
8 17 44.674
8 18 42.114
8 19 70.381
8 20 34.773
8 21 63.367
8 23 30.398
8 24 30.899
8 25 36.399
8 27 3.188
8 28 43.037
8 29 18.441
9 10 86.335
9 11 57.331
9 12 47.804
9 13 36.689
9 14 67.301
9 15 21.477
9 16 62.772
9 17 61.275
9 18 18.823
9 19 67.237
9 20 77.999
9 22 73.689
9 24 89.408
9 25 94.731
9 26 37.061
9 27 14.566
9 28 86.088
10 11 73.635
10 12 69.707
10 13 45.657
10 14 69.124
10 15 85.265
10 16 27.523
10 17 75.933
10 18 86.825
10 20 48.683
10 21 7.142
10 22 45.425
10 23 13.7
10 25 89.805
10 26 97.445
10 27 34.603
10 28 7.728
11 12 92.276
11 13 9.59
11 14 88.852
11 16 75.984
11 17 73.89
11 18 15.365
11 19 0.755
11 20 26.514
11 21 87.476
11 22 10.107
11 23 50.876
11 24 77.299
11 25 99.749
11 26 82.026
11 27 36.559
11 28 49.361
11 29 14.997
12 13 42.587
12 14 87.538
12 15 92.439
12 16 3.202
12 17 99.341
12 18 2.312
12 19 25.314
12 20 95.945
12 21 25.484
12 22 33.561
12 23 48.261
12 24 26.373
12 25 95.467
12 26 61.218
12 27 45.614
12 28 48.627
12 29 72.674
13 14 91.461
13 15 17.043
13 16 58.942
13 17 63.126
13 18 72.783
13 19 55.315
13 20 96.189
13 21 17.79
13 22 40.587
13 23 80.311
13 24 29.994
13 25 91.634
13 26 90.415
13 29 90.485
14 15 71.082
14 16 68.521
14 17 77.645
14 18 80.827
14 19 57.912
14 20 47.715
14 21 14.797
14 22 49.946
14 23 58.289
14 24 87.672
14 25 96.855
14 26 63.088
14 27 29.868
14 28 92.96
14 29 25.346
15 16 86.977
15 17 48.598
15 18 72.558
15 20 43.22
15 21 69.496
15 22 67.792
15 24 47.071
15 25 11.266
15 26 73.967
15 27 12.278
15 29 3.17
16 17 25.57
16 18 86.701
16 19 58.51
16 20 71.169
16 21 62.872
16 22 46.31
16 23 47.559
16 24 31.806
16 25 78.581
16 26 1.834
16 27 70.85
16 29 36.838
17 18 50.826
17 20 99.576
17 21 60.926
17 22 22.236
17 23 29.917
17 24 93.507
17 26 52.833
17 27 0.968
17 28 71.167
17 29 58.472
18 19 77.118
18 20 14.189
18 21 86.574
18 22 61.952
18 24 37.907
18 25 13.82
18 26 78.283
18 27 83.024
18 28 0.483
18 29 62.394
19 20 15.518
19 22 9.213
19 25 17.681
19 26 93.189
19 27 23.303
19 28 44.432
19 29 14.71
20 21 4.681
20 22 29.279
20 23 28.229
20 24 7.165
20 25 86.927
20 26 66.967
20 28 83.851
20 29 61.264
21 22 49.333
21 23 61.355
21 24 25.669
21 25 51.971
21 26 45.77
21 27 58.538
21 28 39.531
21 29 50.915
22 23 34.328
22 24 33.888
22 25 20.95
22 26 38.595
22 27 30.13
22 28 49.542
22 29 19.487
23 25 81.871
23 26 53.669
23 27 15.11
23 28 93.914
23 29 30.64
24 25 92.558
24 26 46.744
24 27 86.423
24 28 2.812
24 29 79.165
25 26 13.97
25 28 96.805
25 29 27.325
26 27 31.817
26 28 92.907
26 29 81.636
27 28 18.509
28 29 28.22