30
0 1 92.013
0 2 88.229
0 3 54.01
0 4 73.674
0 5 30.321
0 6 52.628
0 7 18.501
0 8 63.434
0 9 80.751
0 10 46.395
0 11 84.481
0 12 27.923
0 13 31.711
0 14 8.964
0 15 75.159
0 16 52.762
0 17 90.92
0 18 27.526
0 19 1.136
0 20 71.487
0 21 34.33
0 22 51.485
0 23 70.73
0 24 56.187
0 25 15.798
0 26 77.975
0 27 16.763
0 28 46.937
0 29 93.133
1 2 92.552
1 3 92.852
1 4 91.049
1 5 71.127
1 6 62.087
1 7 33.918
1 8 44.667
1 9 48.648
1 10 69.339
1 11 86.404
1 12 92.798
1 13 34.163
1 14 15.48
1 15 77.538
1 16 31.271
1 17 94.006
1 18 79.681
1 19 67.779
1 20 65.037
1 21 32.337
1 22 98.91
1 23 59.735
1 24 36.249
1 25 45.826
1 26 44.191
1 27 49.985
1 28 59.693
1 29 25.638
2 3 32.083
2 4 84.829
2 5 70.522
2 6 8.841
2 7 52.543
2 8 26.306
2 9 8.553
2 10 65.253
2 11 55.259
2 12 88.024
2 13 77.675
2 14 95.047
2 15 73.955
2 16 86.789
2 17 87.803
2 18 74.99
2 19 74.039
2 20 17.329
2 21 71.946
2 22 40.788
2 23 96.968
2 24 18.823
2 25 17.356
2 26 7.599
2 27 3.887
2 28 76.317
2 29 24.242
3 4 22.257
3 5 82.789
3 6 37.552
3 7 13.79
3 8 22.948
3 9 90.287
3 10 96.016
3 11 29.866
3 12 92.078
3 13 64.883
3 14 86.702
3 15 33.167
3 16 7.771
3 17 69.695
3 18 90.602
3 19 35.076
3 20 35.466
3 21 32.459
3 22 83.171
3 23 93.776
3 24 43.594
3 25 17.197
3 26 90.906
3 27 33.175
3 28 90.082
3 29 59.459
4 5 14.753
4 6 33.285
4 7 69.471
4 8 61.718
4 9 16.315
4 10 73.732
4 11 81.979
4 12 32.597
4 13 46.655
4 14 73.678
4 15 66.549
4 16 47.974
4 17 17.375
4 18 64.615
4 19 5.211
4 20 93.959
4 21 70.909
4 22 76.288
4 23 58.616
4 24 64.969
4 25 76.871
4 26 19.256
4 27 14.29
4 28 7.68
4 29 37.444
5 6 59.685
5 7 56.339
5 8 9.054
5 9 41.854
5 10 14.285
5 11 20.776
5 12 82.51
5 13 14.474
5 14 84.119
5 15 23.186
5 16 64.479
5 17 41.365
5 18 39.782
5 19 4.897
5 20 63.564
5 21 96.922
5 22 10.742
5 23 88.885
5 24 23.138
5 25 45.208
5 26 29.931
5 27 38.956
5 28 72.848
5 29 61.482
6 7 66.33
6 8 75.547
6 9 35.108
6 10 63.74
6 11 51.771
6 12 49.325
6 13 38.562
6 14 62.524
6 15 51.95
6 16 51.539
6 17 15.321
6 18 64.623
6 19 87.49
6 20 69.518
6 21 82.049
6 22 11.743
6 23 34.949
6 24 69.57
6 25 48.909
6 26 3.502
6 27 61.844
6 28 53.572
6 29 59.209
7 8 93.266
7 9 1.965
7 10 59.0
7 11 18.947
7 12 83.883
7 13 31.624
7 14 9.65
7 15 44.057
7 16 38.845
7 17 2.655
7 18 35.754
7 19 20.971
7 20 95.498
7 21 37.676
7 22 83.189
7 23 32.534
7 24 86.105
7 25 67.979
7 26 77.691
7 27 78.471
7 28 33.617
7 29 22.165
8 9 18.18
8 10 25.537
8 11 62.096
8 12 97.118
8 13 23.626
8 14 33.964
8 15 68.396
8 16 17.893
8 17 29.388
8 18 9.355
8 19 15.079
8 20 93.888
8 21 31.627
8 22 35.041
8 23 95.389
8 24 48.686
8 25 78.898
8 26 50.935
8 27 73.772
8 28 88.327
8 29 56.734
9 10 5.277
9 11 25.881
9 12 68.312
9 13 65.267
9 14 23.984
9 15 54.113
9 16 54.763
9 17 98.774
9 18 95.598
9 19 15.861
9 20 3.563
9 21 22.686
9 22 0.562
9 23 68.791
9 24 89.057
9 25 45.511
9 26 5.205
9 27 43.933
9 28 98.234
9 29 13.002
10 11 99.33
10 12 90.226
10 13 38.895
10 14 10.579
10 15 96.161
10 16 75.045
10 17 74.503
10 18 23.089
10 19 99.615
10 20 59.053
10 21 15.874
10 22 60.193
10 23 6.026
10 24 33.63
10 25 86.282
10 26 74.398
10 27 21.025
10 28 88.695
10 29 40.114
11 12 80.417
11 13 4.422
11 14 95.068
11 15 65.292
11 16 16.848
11 17 16.757
11 18 67.748
11 19 92.758
11 20 24.724
11 21 87.327
11 22 74.905
11 23 20.23
11 24 0.102
11 25 21.724
11 26 32.618
11 27 36.751
11 28 82.882
11 29 62.386
12 13 18.702
12 14 75.689
12 15 65.632
12 16 7.897
12 17 49.086
12 18 62.985
12 19 33.397
12 20 71.125
12 21 14.914
12 22 28.836
12 23 63.471
12 24 82.753
12 25 92.486
12 26 51.987
12 27 85.443
12 28 83.411
12 29 59.544
13 14 29.731
13 15 43.257
13 16 0.081
13 17 60.866
13 18 40.829
13 19 1.412
13 20 77.315
13 21 37.857
13 22 33.324
13 23 97.669
13 24 54.164
13 25 50.024
13 26 94.053
13 27 99.614
13 28 2.274
13 29 39.018
14 15 8.523
14 16 81.079
14 17 20.278
14 18 77.155
14 19 83.985
14 20 90.58
14 21 35.07
14 22 46.729
14 23 69.425
14 24 77.951
14 25 56.29
14 26 47.87
14 27 57.482
14 28 62.653
14 29 48.439
15 16 39.348
15 17 81.075
15 18 61.96
15 19 44.075
15 20 9.27
15 21 6.152
15 22 11.093
15 23 93.485
15 24 90.359
15 25 11.954
15 26 10.863
15 27 21.241
15 28 83.61
15 29 46.692
16 17 14.717
16 18 33.758
16 19 58.387
16 20 65.767
16 21 48.731
16 22 88.801
16 23 40.091
16 24 61.994
16 25 96.502
16 26 11.485
16 27 21.33
16 28 34.742
16 29 49.284
17 18 5.383
17 19 30.828
17 20 18.852
17 21 95.64
17 22 44.301
17 23 96.191
17 24 10.24
17 25 76.897
17 26 95.172
17 27 97.615
17 28 78.382
17 29 27.781
18 19 79.669
18 20 55.393
18 21 6.141
18 22 40.292
18 23 98.777
18 24 32.769
18 25 92.796
18 26 15.395
18 27 61.564
18 28 67.464
18 29 38.059
19 20 27.257
19 21 54.866
19 22 4.149
19 23 43.654
19 24 93.411
19 25 42.245
19 26 82.006
19 27 43.855
19 28 99.237
19 29 99.763
20 21 50.614
20 22 19.2
20 23 85.404
20 24 86.79
20 25 83.219
20 26 76.857
20 27 90.0
20 28 80.772
20 29 11.491
21 22 18.861
21 23 62.38
21 24 82.573
21 25 35.401
21 26 93.311
21 27 70.905
21 28 54.528
21 29 44.885
22 23 63.788
22 24 44.097
22 25 75.696
22 26 50.004
22 27 58.901
22 28 76.305
22 29 2.82
23 24 41.675
23 25 22.271
23 26 43.282
23 27 68.52
23 28 39.149
23 29 48.538
24 25 87.031
24 26 82.73
24 27 16.094
24 28 78.074
24 29 58.351
25 26 49.216
25 27 55.723
25 28 57.66
25 29 79.297
26 27 45.7
26 28 57.658
26 29 50.705
27 28 91.401
27 29 42.835
28 29 95.527
