24
0 1 48.125
0 2 84.758
0 23 80.5
1 2 48.125
1 3 84.758
2 3 48.125
2 4 84.758
3 4 48.125
3 5 84.758
4 5 48.125
4 6 84.758
5 6 48.125
5 7 84.758
6 7 48.125
6 8 84.758
7 8 48.125
7 9 84.758
8 9 48.125
8 10 84.758
9 10 48.125
9 11 84.758
10 11 48.125
10 12 84.758
11 12 48.125
11 13 84.758
12 13 48.125
12 14 84.758
13 14 48.125
13 15 84.758
14 15 48.125
14 16 84.758
15 16 48.125
15 17 84.758
16 17 48.125
16 18 84.758
17 18 48.125
17 19 84.758
18 19 48.125
18 20 84.758
19 20 48.125
19 21 84.758
20 21 48.125
20 22 84.758
21 22 48.125
21 23 84.758