30
0 3 39
0 29 45
0 11 1
0 24 5
0 21 31
0 14 42
0 9 63
0 4 72
0 20 35
0 19 86
0 16 67
0 17 88
0 15 30
0 25 93
0 10 28
0 6 39
0 5 89
0 7 27
0 27 39
0 2 9
0 23 56
0 13 36
0 22 31
0 1 25
0 8 24
0 28 46
3 5 5
3 18 88
3 1 25
3 8 22
3 9 24
3 12 59
3 11 52
3 29 56
3 20 61
3 16 55
3 15 17
3 22 24
3 6 35
3 23 56
3 27 25
3 2 56
3 7 52
3 24 39
5 8 29
5 16 36
5 7 46
5 27 29
5 18 31
5 2 61
5 28 33
5 25 90
5 29 89
5 15 31
5 17 46
5 14 67
5 22 31
5 6 35
8 15 6
8 6 74
8 20 32
8 23 6
8 4 63
8 1 39
8 29 39
8 19 89
8 24 84
8 14 24
8 9 89
15 29 36
15 26 27
15 22 98
15 6 39
15 14 36
15 24 69
15 18 6
15 25 36
15 12 93
15 21 17
15 10 11
15 7 46
15 20 17
15 23 30
15 28 90
15 11 90
29 16 77
29 6 72
29 18 45
29 17 3
29 12 90
29 2 29
29 9 72
29 20 35
29 22 89
29 28 46
29 10 28
29 1 98
29 25 86
29 4 30
29 23 88
29 19 89
29 26 27
29 27 8
29 21 25
29 13 39
29 7 24
29 24 27
29 14 28
16 4 23
16 23 30
16 28 91
16 17 50
16 18 31
16 9 30
16 10 16
16 12 9
16 11 9
16 1 67
16 27 86
16 19 86
1 12 94
1 4 31
1 7 37
1 10 98
1 14 3
1 20 32
1 25 3
1 9 77
1 23 39
1 24 84
1 28 98
1 21 98
12 6 28
12 4 31
12 13 65
12 25 36
12 26 45
12 14 90
12 28 50
12 27 72
12 21 93
12 20 93
12 17 45
12 2 77
12 9 77
12 24 52
12 11 90
12 18 36
6 2 28
6 28 46
6 9 4
6 13 78
6 14 95
6 27 3
6 24 35
6 18 98
6 26 50
6 11 60
6 4 35
6 22 39
6 17 46
6 25 88
6 23 88
4 2 86
4 23 42
4 28 59
4 20 19
4 19 69
4 27 19
4 22 68
4 14 72
4 9 63
4 17 35
4 13 30
4 25 86
2 13 65
2 27 86
2 21 19
2 22 24
2 7 24
2 19 90
2 25 90
2 18 50
2 28 50
2 20 63
2 14 29
2 24 56
18 26 48
18 7 25
18 13 25
18 9 84
18 19 84
18 25 88
18 11 76
18 22 48
18 17 46
18 27 36
26 25 3
26 17 87
26 11 8
26 9 72
26 22 48
26 21 31
26 28 90
26 10 3
26 13 90
26 27 8
26 23 28
26 14 28
7 13 92
7 20 88
7 27 11
7 24 1
7 25 27
7 10 24
7 17 3
7 14 8
7 11 8
7 21 25
7 23 28
23 9 39
23 19 69
23 20 69
23 11 48
23 17 35
23 24 35
28 22 67
28 19 22
28 9 11
28 17 46
28 20 35
28 24 9
28 14 98
13 9 30
13 24 52
13 25 14
13 17 87
13 14 67
13 10 67
13 27 36
13 21 11
13 11 39
9 19 26
9 20 54
9 14 13
9 11 1
9 25 90
9 22 89
9 27 1
9 10 11
19 17 90
19 14 93
19 10 51
19 24 32
20 22 47
20 10 16
20 25 17
20 17 88
22 17 56
10 14 8
10 21 11
10 11 24
14 24 27
14 25 13
14 27 29
14 21 24
11 27 48
11 21 24
11 17 46
11 24 39
24 27 56
24 17 27
27 21 11
25 17 27
25 21 17
17 21 69