29
0 1 67
0 12 39
0 4 30
0 9 2
0 17 44
0 4 53
0 27 35
0 10 67
0 9 54
0 17 9
1 2 46
1 1 3
1 16 72
1 6 64
2 3 71
2 23 91
2 0 86
2 17 1
3 4 62
3 26 13
3 2 92
3 10 11
3 14 11
3 9 5
3 3 65
3 12 5
3 12 39
4 5 34
4 16 97
4 27 28
4 13 41
4 14 65
4 11 59
4 18 74
4 8 49
4 2 77
4 5 18
5 6 83
5 4 38
5 25 64
5 4 22
5 14 46
5 13 68
5 15 1
5 6 88
5 1 48
6 7 97
6 5 69
6 22 47
7 8 59
7 8 20
7 28 35
7 14 12
8 9 81
8 17 29
8 5 99
9 10 76
9 8 6
9 0 93
9 23 33
9 2 70
10 11 32
10 14 90
10 0 99
10 6 8
10 0 55
10 13 76
10 13 73
10 6 57
10 2 49
11 12 52
11 16 94
11 3 19
11 13 53
11 8 25
11 24 23
11 28 75
11 6 32
12 13 50
12 10 67
12 26 92
12 19 8
12 1 92
12 4 81
12 10 87
12 4 73
13 14 44
13 25 40
13 19 75
13 26 56
14 15 54
14 16 72
14 12 73
14 23 34
14 19 26
14 10 77
14 14 37
15 16 77
15 9 46
15 6 4
16 17 33
16 15 85
16 11 72
16 8 77
16 1 60
16 11 26
17 18 54
17 23 52
17 2 37
17 23 18
17 10 89
17 10 34
17 9 34
17 0 38
17 7 29
18 19 25
18 1 50
18 5 59
19 20 96
19 4 84
19 27 51
20 21 2
20 15 8
20 14 28
20 28 74
20 14 23
20 12 71
20 16 91
20 6 50
21 22 74
21 1 24
21 13 84
21 9 57
21 10 91
21 27 94
21 10 84
22 23 23
22 7 66
22 26 26
22 5 51
22 5 58
22 18 43
23 24 57
23 10 51
23 5 93
23 4 82
23 12 12
23 7 24
23 17 75
23 14 5
23 17 68
23 18 51
24 25 85
24 26 66
24 23 3
24 16 55
24 20 73
24 8 1
24 24 74
24 16 35
24 26 78
24 25 46
25 26 58
25 1 15
25 12 33
25 4 27
25 21 11
25 3 86
25 14 36
25 16 93
25 2 91
25 14 34
26 27 81
26 5 28
26 0 57
26 10 39
26 14 46
26 28 96
26 13 58
27 28 72
27 18 87
27 14 73
27 25 61
27 1 45
27 28 99
27 11 89
27 1 27
27 26 12
27 15 92
28 0 42
28 18 83
28 22 28
28 2 32
28 20 66
28 27 37
