30
0 1 74.39
0 2 45.597
0 3 56.933
0 4 22.662
0 5 77.278
0 6 62.364
0 7 19.512
0 8 52.731
0 9 82.827
0 10 14.781
0 11 30.112
0 12 72.081
0 13 94.555
0 14 20.129
0 15 92.456
0 16 59.804
0 17 44.391
0 18 92.271
0 19 92.854
0 20 37.094
0 21 72.194
0 22 9.175
0 23 0.623
0 24 26.879
0 25 61.273
0 26 65.824
0 27 5.21
0 28 62.628
0 29 36.857
1 2 51.04
1 3 56.397
1 4 46.485
1 5 5.365
1 6 28.282
1 7 1.708
1 8 93.981
1 9 58.426
1 10 68.492
1 11 51.492
1 12 44.213
1 13 56.723
1 14 94.783
1 15 92.451
1 16 65.224
1 17 11.263
1 18 21.038
1 19 6.776
1 20 76.466
1 21 4.453
1 22 58.56
1 23 74.619
1 24 57.738
1 25 18.571
1 26 6.294
1 27 79.563
1 28 20.591
1 29 6.797
2 3 82.642
2 4 22.414
2 5 29.441
2 6 64.616
2 7 4.581
2 8 94.582
2 9 37.033
2 10 82.212
2 11 31.56
2 12 27.011
2 13 87.618
2 14 27.568
2 15 14.16
2 16 4.447
2 17 97.114
2 18 94.435
2 19 33.49
2 20 16.755
2 21 32.344
2 22 41.422
2 23 79.079
2 24 96.641
2 25 70.682
2 26 79.484
2 27 76.099
2 28 8.028
2 29 9.145
3 4 70.074
3 5 10.633
3 6 76.532
3 7 55.281
3 8 47.517
3 9 14.563
3 10 22.74
3 11 64.267
3 12 78.89
3 13 36.244
3 14 24.696
3 15 41.831
3 16 4.735
3 17 97.52
3 18 69.599
3 19 95.9
3 20 22.0
3 21 88.078
3 22 47.991
3 23 34.283
3 24 72.719
3 25 9.114
3 26 41.326
3 27 24.964
3 28 98.453
3 29 8.638
4 5 8.293
4 6 81.355
4 7 24.572
4 8 74.605
4 9 37.404
4 10 57.468
4 11 40.812
4 12 8.656
4 13 73.683
4 14 98.551
4 15 87.352
4 16 48.836
4 17 12.669
4 18 0.424
4 19 5.231
4 20 54.37
4 21 39.646
4 22 63.22
4 23 63.049
4 24 45.22
4 25 61.643
4 26 34.574
4 27 2.347
4 28 35.75
4 29 0.302
5 6 70.996
5 7 6.075
5 8 75.242
5 9 10.865
5 10 84.424
5 11 12.7
5 12 57.983
5 13 24.473
5 14 41.24
5 15 2.922
5 16 26.642
5 17 3.077
5 18 90.138
5 19 79.175
5 20 28.511
5 21 53.227
5 22 54.148
5 23 89.712
5 24 66.614
5 25 69.279
5 26 71.887
5 27 67.76
5 28 53.782
5 29 41.557
6 7 48.431
6 8 25.142
6 9 7.805
6 10 16.598
6 11 41.745
6 12 87.463
6 13 77.254
6 14 57.768
6 15 28.556
6 16 57.972
6 17 74.546
6 18 93.454
6 19 82.869
6 20 74.517
6 21 63.26
6 22 14.8
6 23 41.155
6 24 77.921
6 25 13.399
6 26 58.692
6 27 12.725
6 28 78.575
6 29 43.413
7 8 99.959
7 9 27.738
7 10 11.393
7 11 0.637
7 12 50.319
7 13 71.693
7 14 7.527
7 15 51.573
7 16 91.969
7 17 18.854
7 18 32.617
7 19 54.835
7 20 64.777
7 21 93.254
7 22 18.528
7 23 55.667
7 24 58.33
7 25 48.833
7 26 15.548
7 27 7.765
7 28 21.886
7 29 92.949
8 9 89.403
8 10 60.143
8 11 11.436
8 12 0.351
8 13 67.013
8 14 8.048
8 15 56.485
8 16 48.974
8 17 39.481
8 18 66.454
8 19 58.16
8 20 97.013
8 21 28.542
8 22 30.412
8 23 39.692
8 24 13.422
8 25 29.23
8 26 0.337
8 27 9.948
8 28 68.733
8 29 26.54
9 10 69.594
9 11 70.691
9 12 86.552
9 13 41.37
9 14 29.806
9 15 42.923
9 16 89.604
9 17 58.767
9 18 40.944
9 19 69.568
9 20 32.123
9 21 43.551
9 22 64.552
9 23 65.941
9 24 9.946
9 25 5.804
9 26 74.508
9 27 82.34
9 28 67.22
9 29 14.307
10 11 82.816
10 12 77.108
10 13 4.393
10 14 47.327
10 15 28.634
10 16 46.952
10 17 85.291
10 18 24.0
10 19 54.18
10 20 55.219
10 21 4.389
10 22 57.816
10 23 38.616
10 24 61.951
10 25 40.788
10 26 94.488
10 27 85.936
10 28 16.493
10 29 89.835
11 12 13.84
11 13 28.008
11 14 41.155
11 15 62.074
11 16 5.219
11 17 58.342
11 18 15.127
11 19 74.227
11 20 80.332
11 21 7.764
11 22 26.174
11 23 82.817
11 24 38.217
11 25 81.103
11 26 71.768
11 27 62.864
11 28 82.335
11 29 58.983
12 13 92.685
12 14 92.226
12 15 73.213
12 16 26.933
12 17 4.53
12 18 48.036
12 19 16.959
12 20 76.729
12 21 1.17
12 22 65.264
12 23 83.478
12 24 4.326
12 25 48.26
12 26 62.357
12 27 25.729
12 28 42.078
12 29 49.224
13 14 99.633
13 15 54.452
13 16 7.837
13 17 35.374
13 18 61.322
13 19 67.757
13 20 2.198
13 21 74.714
13 22 75.244
13 23 35.938
13 24 17.223
13 25 27.988
13 26 29.259
13 27 78.163
13 28 17.065
13 29 14.465
14 15 79.872
14 16 44.24
14 17 76.224
14 18 24.44
14 19 69.179
14 20 90.699
14 21 89.773
14 22 63.255
14 23 59.178
14 24 18.92
14 25 78.85
14 26 59.727
14 27 17.305
14 28 90.476
14 29 68.002
15 16 24.366
15 17 86.381
15 18 11.321
15 19 32.844
15 20 77.974
15 21 52.736
15 22 47.556
15 23 19.894
15 24 82.036
15 25 8.927
15 26 97.694
15 27 48.027
15 28 70.384
15 29 73.204
16 17 52.26
16 18 6.327
16 19 63.754
16 20 47.16
16 21 47.335
16 22 5.264
16 23 22.954
16 24 76.493
16 25 14.102
16 26 38.24
16 27 6.623
16 28 48.779
16 29 76.716
17 18 57.623
17 19 79.435
17 20 87.164
17 21 31.674
17 22 90.235
17 23 26.12
17 24 5.568
17 25 50.517
17 26 3.286
17 27 8.303
17 28 11.06
17 29 65.212
18 19 12.892
18 20 40.31
18 21 41.486
18 22 2.664
18 23 46.225
18 24 89.322
18 25 28.431
18 26 69.443
18 27 41.12
18 28 0.855
18 29 48.378
19 20 34.644
19 21 4.339
19 22 53.671
19 23 87.619
19 24 38.838
19 25 74.884
19 26 38.12
19 27 13.652
19 28 87.884
19 29 14.982
20 21 53.587
20 22 76.636
20 23 24.658
20 24 95.44
20 25 3.223
20 26 2.403
20 27 13.268
20 28 11.474
20 29 64.567
21 22 98.923
21 23 9.287
21 24 2.176
21 25 80.111
21 26 50.375
21 27 58.381
21 28 50.233
21 29 94.411
22 23 61.485
22 24 55.364
22 25 32.541
22 26 59.046
22 27 16.495
22 28 80.122
22 29 36.391
23 24 90.876
23 25 98.313
23 26 46.047
23 27 86.507
23 28 85.917
23 29 36.491
24 25 93.208
24 26 37.886
24 27 41.961
24 28 17.146
24 29 49.573
25 26 45.601
25 27 38.187
25 28 79.043
25 29 6.309
26 27 74.668
26 28 15.331
26 29 43.36
27 28 58.312
27 29 78.791
28 29 19.037
