30
8 21 2.814
8 24 8.817
8 9 4.432
8 22 46.606
8 11 31.976
8 19 94.591
8 12 95.932
8 25 38.137
8 5 55.345
8 27 93.016
8 13 88.237
8 18 23.458
8 16 54.22
8 7 2.762
8 2 19.009
8 3 76.16
8 23 67.74
8 1 32.025
8 4 1.855
8 6 14.169
21 22 24.543
21 28 70.587
21 13 81.738
21 16 78.792
21 0 64.839
21 6 38.888
21 29 96.373
21 20 24.118
21 14 39.89
21 2 85.456
21 4 42.919
21 15 78.988
21 24 61.893
21 25 15.573
21 19 89.081
21 11 37.375
6 25 93.202
6 20 30.488
6 1 84.308
6 23 79.369
6 13 48.075
6 12 12.716
6 5 3.813
6 22 54.25
6 11 91.187
6 24 12.833
6 16 25.879
6 27 10.647
6 14 16.8
6 7 59.225
6 19 77.58
6 28 7.046
6 4 72.256
6 15 70.824
6 26 61.135
25 5 34.698
25 27 64.022
25 2 84.135
25 14 56.594
25 28 30.622
25 29 55.854
25 11 66.264
25 12 91.567
25 18 30.726
25 4 29.501
25 15 45.009
25 1 76.797
25 22 37.267
25 17 63.648
25 13 12.847
25 23 12.38
25 26 23.149
25 7 45.338
25 9 64.156
5 23 31.168
5 14 4.099
5 26 53.964
5 18 22.877
5 28 51.943
5 22 2.611
5 19 97.91
5 2 68.68
5 10 49.523
5 27 79.492
5 17 21.793
5 7 26.402
5 13 49.347
23 12 76.471
23 24 77.243
23 22 95.443
23 18 75.237
23 1 7.926
23 2 39.716
23 7 45.502
23 17 44.023
23 15 52.765
23 28 11.495
23 0 94.58
23 19 71.774
23 16 48.721
23 10 45.248
23 9 36.801
23 26 17.37
17 2 70.006
17 17 76.688
17 3 99.565
17 12 92.113
17 19 1.623
17 22 0.196
17 13 65.755
17 0 65.02
17 24 46.327
17 15 68.165
17 27 29.548
17 26 83.148
17 1 71.352
17 4 97.991
17 7 99.235
17 16 64.158
17 28 64.985
17 18 85.649
2 4 58.595
2 10 79.979
2 14 58.434
2 12 52.453
2 22 84.74
2 0 88.088
2 29 59.655
2 20 87.764
2 26 55.011
2 13 37.867
2 18 46.797
2 28 42.063
2 27 24.976
2 9 55.699
2 3 91.281
2 19 61.342
2 1 29.41
24 28 77.392
24 22 33.376
24 10 73.03
24 16 77.956
24 24 95.397
24 26 15.928
24 27 87.763
24 18 83.584
24 12 38.533
24 29 52.758
24 19 69.457
24 15 43.187
24 11 30.603
24 9 68.088
12 1 29.595
12 16 99.472
12 27 45.664
12 22 86.135
12 14 8.455
12 9 0.999
12 29 47.362
12 20 17.543
12 13 69.448
12 7 80.928
12 4 34.717
12 28 95.866
12 19 45.505
1 0 36.104
1 13 3.66
1 27 81.755
1 29 8.81
1 15 72.73
1 16 14.262
1 3 69.765
1 4 71.365
1 9 64.931
1 28 93.014
1 11 91.345
1 18 46.152
1 14 38.216
1 7 69.994
1 26 79.954
10 11 49.316
10 13 96.532
10 3 77.364
10 7 78.337
10 29 37.167
10 15 89.743
10 19 37.908
10 4 12.034
11 14 41.392
11 13 52.546
11 0 50.129
11 22 81.215
11 20 93.918
11 9 33.236
11 3 16.68
11 26 24.084
11 16 87.137
11 7 10.276
11 27 84.861
11 15 0.316
4 28 56.744
4 15 52.238
4 16 72.903
4 19 53.994
4 18 31.429
4 3 60.468
4 22 54.777
4 13 75.386
4 9 69.843
14 7 51.36
14 20 91.44
14 15 22.735
14 26 82.907
14 13 93.038
14 19 15.628
14 28 15.675
14 27 18.002
14 9 74.405
14 22 76.851
16 13 73.364
16 7 83.952
16 27 66.833
16 28 85.284
16 22 63.873
16 18 84.178
16 29 95.422
16 20 53.686
16 19 81.868
13 27 33.811
13 18 9.99
13 19 4.23
13 20 10.59
13 0 17.459
13 29 60.087
13 26 71.476
13 13 0.401
13 28 39.969
13 22 92.283
9 20 30.523
9 18 62.202
9 27 85.423
9 3 1.821
9 7 87.084
9 29 82.799
9 26 19.018
9 19 5.844
9 22 35.325
27 20 8.571
27 26 66.639
27 7 46.364
27 22 20.27
27 28 23.794
27 27 66.938
27 29 17.165
22 20 74.932
22 18 2.437
22 29 90.635
22 28 61.092
22 26 73.807
20 7 77.68
20 18 35.654
20 26 20.359
20 28 75.101
20 19 23.354
28 28 68.626
28 18 15.473
28 26 19.911
28 19 90.466
28 15 80.859
28 7 59.624
3 0 75.425
3 7 77.114
3 26 7.239
3 29 99.834
3 15 10.963
3 18 92.18
0 7 78.784
0 29 35.758
0 18 34.234
0 26 81.836
0 15 33.041
18 29 90.179
18 15 84.281
18 26 94.302
29 19 18.416
19 15 60.787
7 15 86.703
7 26 38.841
26 26 66.619
15 15 39.66