25
0 13 21.743
0 5 18.638
0 11 76.728
0 4 55.867
0 18 94.317
0 23 24.801
0 3 55.304
0 8 58.487
0 1 37.622
0 2 29.488
1 20 34.384
1 12 91.476
1 6 49.651
1 4 68.008
1 11 16.83
1 23 38.392
2 4 85.192
2 5 7.374
2 8 78.331
2 10 82.989
3 18 34.088
3 11 78.358
3 2 28.957
3 1 56.806
3 22 94.057
3 4 76.676
3 12 71.694
3 14 75.352
4 9 22.626
4 14 20.475
4 19 2.992
4 6 1.902
4 21 41.257
4 24 74.645
4 11 80.977
4 18 79.675
4 23 7.083
5 3 40.792
5 18 65.202
5 13 26.984
6 19 70.09
6 22 82.447
6 24 66.234
6 2 3.322
6 3 15.999
6 14 18.702
6 18 81.334
6 10 64.584
6 5 91.578
7 3 54.809
7 19 2.309
7 21 64.983
7 17 27.586
8 20 0.904
8 6 62.689
8 11 90.593
8 3 29.233
8 24 82.659
8 10 32.313
8 15 44.863
9 5 62.725
9 22 89.711
9 18 79.536
9 6 51.916
9 10 1.927
9 13 19.905
10 19 75.092
10 5 16.605
10 12 95.411
10 4 88.247
10 3 80.319
10 20 41.938
10 17 79.218
11 24 79.648
11 14 93.855
11 7 72.595
11 21 39.666
11 5 32.505
12 23 26.377
12 21 89.223
12 9 19.047
12 5 92.411
12 6 28.608
12 18 53.829
12 4 33.398
13 17 69.53
13 10 12.287
13 21 93.065
13 23 69.619
13 18 79.187
13 15 19.801
14 21 82.92
14 24 17.562
14 19 90.919
14 23 88.376
14 16 83.731
14 22 43.309
14 8 93.635
15 21 35.404
15 23 58.729
15 16 37.169
15 2 98.938
15 19 64.838
15 6 72.615
15 4 47.375
15 17 65.665
15 0 64.897
16 6 70.041
16 0 67.117
16 19 59.436
16 11 97.845
16 13 16.239
16 7 20.924
17 4 60.332
17 3 73.809
17 20 98.039
17 22 13.291
17 21 84.396
18 24 69.536
18 19 97.046
18 8 99.134
18 1 75.638
18 22 68.144
18 7 61.852
18 23 4.765
18 11 77.182
18 21 11.203
19 22 64.194
19 8 86.365
19 17 48.485
19 5 93.503
19 0 57.781
19 24 45.738
19 21 45.978
19 2 63.567
20 4 22.819
20 9 28.029
20 3 22.876
20 13 67.369
20 22 78.451
20 6 42.076
21 5 36.08
21 2 33.708
21 9 79.642
21 24 37.043
21 1 54.355
21 22 72.57
21 6 47.282
21 10 55.684
22 10 12.574
22 12 5.387
22 0 89.776
22 16 37.472
22 24 88.083
22 13 55.867
22 11 22.14
22 8 7.647
22 4 20.296
23 19 91.1
23 17 67.115
23 8 85.291
23 5 75.419
23 7 83.296
23 3 47.419
23 16 77.065
23 6 17.988
24 9 99.355
24 20 76.515
24 10 63.5
24 7 70.389
24 0 41.039
24 15 11.572
24 16 42.469
