28
0 1 37
0 2 41
0 3 91
0 4 21
0 5 81
0 6 27
0 7 31
0 8 4
0 9 79
0 10 24
0 11 61
0 12 11
0 13 64
0 14 41
0 15 52
0 16 15
0 17 79
0 18 36
0 19 91
0 20 20
0 21 91
0 22 91
0 23 96
0 24 52
0 25 70
0 26 93
0 27 43
1 2 48
1 3 40
1 4 92
1 5 23
1 6 6
1 7 96
1 8 28
1 9 42
1 10 60
1 11 28
1 12 32
1 13 96
1 14 36
1 15 1
1 16 84
1 17 40
1 18 43
1 19 48
1 20 81
1 21 92
1 22 5
1 23 64
1 24 63
1 25 39
1 26 55
1 27 2
2 3 70
2 4 9
2 5 78
2 6 27
2 7 80
2 8 40
2 9 19
2 10 29
2 11 2
2 12 39
2 13 99
2 14 51
2 15 25
2 16 70
2 17 38
2 18 97
2 19 88
2 20 92
2 21 62
2 22 12
2 23 21
2 24 16
2 25 76
2 26 53
2 27 14
3 4 9
3 5 83
3 6 57
3 7 84
3 8 22
3 9 91
3 10 95
3 11 48
3 12 84
3 13 13
3 14 45
3 15 66
3 16 11
3 17 59
3 18 22
3 19 79
3 20 17
3 21 91
3 22 32
3 23 47
3 24 28
3 25 66
3 26 31
3 27 69
4 5 20
4 6 52
4 7 80
4 8 23
4 9 85
4 10 58
4 11 44
4 12 91
4 13 34
4 14 43
4 15 60
4 16 55
4 17 49
4 18 99
4 19 94
4 20 84
4 21 38
4 22 19
4 23 36
4 24 84
4 25 27
4 26 63
4 27 50
5 6 13
5 7 41
5 8 74
5 9 25
5 10 1
5 11 31
5 12 74
5 13 71
5 14 3
5 15 8
5 16 85
5 17 99
5 18 71
5 19 27
5 20 80
5 21 21
5 22 76
5 23 86
5 24 23
5 25 84
5 26 24
5 27 29
6 7 63
6 8 99
6 9 67
6 10 31
6 11 53
6 12 13
6 13 50
6 14 82
6 15 46
6 16 19
6 17 81
6 18 83
6 19 75
6 20 68
6 21 64
6 22 58
6 23 87
6 24 17
6 25 81
6 26 83
6 27 4
7 8 5
7 9 76
7 10 38
7 11 17
7 12 52
7 13 98
7 14 21
7 15 26
7 16 55
7 17 68
7 18 95
7 19 91
7 20 98
7 21 8
7 22 18
7 23 35
7 24 18
7 25 69
7 26 40
7 27 72
8 9 69
8 10 86
8 11 71
8 12 85
8 13 67
8 14 94
8 15 21
8 16 32
8 17 53
8 18 37
8 19 26
8 20 58
8 21 70
8 22 10
8 23 88
8 24 97
8 25 81
8 26 34
8 27 36
9 10 64
9 11 66
9 12 31
9 13 87
9 14 19
9 15 62
9 16 29
9 17 32
9 18 42
9 19 51
9 20 13
9 21 67
9 22 48
9 23 4
9 24 36
9 25 29
9 26 56
9 27 10
10 11 80
10 12 62
10 13 20
10 14 89
10 15 78
10 16 34
10 17 67
10 18 87
10 19 74
10 20 47
10 21 17
10 22 15
10 23 18
10 24 40
10 25 89
10 26 74
10 27 87
11 12 34
11 13 7
11 14 45
11 15 31
11 16 57
11 17 70
11 18 77
11 19 96
11 20 83
11 21 27
11 22 20
11 23 90
11 24 84
11 25 73
11 26 61
11 27 77
12 13 29
12 14 70
12 15 54
12 16 2
12 17 43
12 18 16
12 19 67
12 20 61
12 21 64
12 22 26
12 23 1
12 24 78
12 25 1
12 26 96
12 27 27
13 14 56
13 15 64
13 16 62
13 17 76
13 18 86
13 19 65
13 20 18
13 21 50
13 22 55
13 23 25
13 24 79
13 25 64
13 26 10
13 27 93
14 15 52
14 16 41
14 17 54
14 18 43
14 19 64
14 20 19
14 21 40
14 22 92
14 23 25
14 24 88
14 25 8
14 26 91
14 27 45
15 16 45
15 17 44
15 18 15
15 19 50
15 20 46
15 21 38
15 22 21
15 23 50
15 24 69
15 25 14
15 26 69
15 27 61
16 17 1
16 18 31
16 19 84
16 20 34
16 21 37
16 22 31
16 23 74
16 24 66
16 25 52
16 26 75
16 27 84
17 18 51
17 19 55
17 20 69
17 21 9
17 22 17
17 23 27
17 24 20
17 25 28
17 26 50
17 27 42
18 19 21
18 20 51
18 21 90
18 22 29
18 23 33
18 24 65
18 25 38
18 26 81
18 27 4
19 20 29
19 21 26
19 22 59
19 23 34
19 24 26
19 25 69
19 26 79
19 27 39
20 21 75
20 22 14
20 23 29
20 24 73
20 25 39
20 26 43
20 27 71
21 22 71
21 23 83
21 24 85
21 25 25
21 26 48
21 27 44
22 23 75
22 24 76
22 25 74
22 26 34
22 27 27
23 24 60
23 25 92
23 26 23
23 27 23
24 25 22
24 26 51
24 27 14
25 26 14
25 27 68
26 27 85