20
0 10 90.653
0 0 0.86
0 16 17.619
0 8 18.979
0 4 6.35
0 5 60.584
0 2 19.01
0 17 16.42
0 12 86.211
0 11 93.227
0 18 38.323
0 6 83.415
1 5 93.238
1 18 34.586
1 6 71.306
1 15 34.856
1 3 5.339
1 17 2.129
1 14 16.496
1 13 59.845
1 11 99.812
2 15 6.68
2 19 14.355
2 10 66.373
2 4 87.055
2 3 89.0
2 17 14.287
2 14 94.781
2 12 96.782
2 16 71.944
2 8 37.736
3 16 68.428
3 12 9.97
3 5 14.172
3 3 63.559
3 11 95.518
3 17 30.76
4 9 31.678
4 11 59.822
4 14 39.031
4 4 9.996
4 5 75.416
4 8 57.188
4 10 72.281
4 16 14.877
5 16 6.252
5 8 54.496
5 7 32.565
5 19 70.284
5 9 87.386
5 6 83.987
5 15 18.635
6 17 28.885
6 6 49.119
6 15 39.943
6 7 86.534
6 11 1.975
6 16 42.407
7 15 89.308
7 12 78.053
7 16 63.284
7 14 92.284
7 18 98.877
7 17 92.224
7 11 12.779
7 10 7.47
7 19 82.135
7 9 62.859
8 19 10.01
8 17 13.23
8 12 66.653
8 16 61.141
8 8 4.642
9 19 56.056
9 13 30.076
9 18 7.766
9 12 6.911
9 14 72.224
9 15 78.281
10 17 47.611
10 12 16.182
10 19 6.88
10 13 19.504
10 16 80.545
11 18 75.707
11 15 30.011
11 16 99.697
11 13 38.397
12 18 6.718
12 19 32.855
13 15 92.8
13 16 85.663
13 13 83.296
13 14 57.297
13 18 88.803
14 19 75.849
14 15 77.534
15 19 61.638
15 16 77.805
15 17 7.717
15 18 78.063
17 17 26.97
17 19 89.275
18 19 89.338
18 18 21.76