30
0 4 98
0 27 74
0 24 56
0 23 99
0 21 43
0 7 21
0 12 30
0 13 12
0 16 38
0 1 71
0 2 2
0 3 95
0 8 85
0 9 68
0 19 70
0 25 77
0 26 72
0 28 82
0 29 65
1 10 71
1 26 64
1 2 58
1 11 74
1 24 72
1 17 11
1 7 14
1 16 24
1 25 40
1 4 26
1 5 6
1 22 87
1 3 83
1 6 22
1 8 3
1 9 33
1 12 29
1 13 61
1 18 4
1 21 57
1 27 42
1 28 99
1 29 14
2 23 82
2 29 66
2 8 16
2 12 91
2 11 25
2 4 68
2 3 11
2 13 57
2 6 38
2 18 2
2 26 83
2 9 10
2 24 95
2 5 24
2 14 57
2 10 25
2 21 71
2 19 39
2 28 11
2 25 66
2 22 97
2 27 56
2 15 91
2 7 98
2 20 28
2 17 31
2 16 98
3 21 40
3 14 35
3 6 22
3 4 21
3 22 40
3 11 72
3 17 61
3 5 74
3 16 44
3 28 36
3 12 28
3 18 62
3 9 33
3 24 29
3 8 75
3 19 32
3 23 24
3 26 93
3 27 92
3 29 73
4 19 91
4 28 63
4 17 77
4 9 47
4 10 86
4 5 25
4 24 68
4 22 34
4 29 47
4 21 51
4 25 94
4 27 83
4 26 79
4 20 3
4 11 33
4 15 79
4 14 97
4 7 3
4 16 12
4 6 81
4 18 63
4 13 39
4 8 57
4 23 73
5 23 21
5 8 18
5 9 50
5 10 79
5 11 10
5 12 93
5 14 67
5 19 61
5 21 76
5 22 35
5 24 37
5 25 89
5 28 74
5 29 5
6 25 75
6 13 70
6 19 77
6 27 65
6 20 85
6 21 32
6 29 70
6 17 63
6 8 29
6 9 3
6 12 55
6 14 66
6 24 70
6 26 18
6 28 17
7 24 40
7 14 65
7 18 17
7 19 53
7 8 40
7 10 48
7 12 55
7 22 97
7 23 47
7 25 80
7 27 29
7 28 73
8 25 44
8 26 67
8 23 78
8 14 73
8 10 50
8 21 70
8 27 86
8 12 19
8 11 74
8 9 47
8 24 52
8 29 84
8 18 26
8 15 66
8 17 52
8 20 86
8 22 9
8 13 43
8 28 92
8 19 97
9 29 68
9 25 14
9 17 51
9 27 42
9 24 83
9 23 64
9 14 13
9 16 4
9 20 61
9 22 21
9 19 8
9 28 19
9 15 97
9 12 1
9 26 2
10 28 67
10 26 14
10 27 45
10 17 92
10 14 38
10 20 13
10 19 33
10 21 30
10 24 67
10 25 86
11 21 40
11 12 9
11 19 53
11 24 54
11 25 35
11 27 40
11 28 96
11 29 64
12 16 38
12 24 77
12 23 92
12 17 2
12 19 74
12 14 47
12 21 15
12 28 23
13 14 12
13 18 69
13 19 21
13 20 51
13 21 67
13 24 89
13 27 86
13 28 61
13 29 99
14 19 85
14 17 50
14 29 37
14 25 10
14 16 42
14 21 60
14 15 22
14 24 56
14 22 86
14 26 34
14 27 21
14 28 89
15 23 86
15 20 39
15 18 51
15 17 88
15 19 96
15 22 13
15 24 32
15 25 1
15 26 71
15 27 67
15 28 96
15 29 96
16 23 51
16 19 24
16 20 7
16 21 89
16 22 81
16 24 81
16 25 69
16 27 6
16 28 13
16 29 56
17 23 19
17 19 45
17 18 58
17 21 56
17 22 6
17 24 21
17 25 17
17 27 51
17 29 56
18 25 85
18 28 6
18 26 62
18 24 3
18 23 14
18 21 34
18 22 99
18 27 3
19 24 93
19 28 62
19 20 39
19 27 34
19 23 95
19 22 12
19 21 43
19 25 10
20 23 70
20 24 76
20 25 82
20 26 54
20 27 10
20 28 31
20 29 98
21 28 23
21 26 32
21 24 99
21 25 99
21 22 41
21 23 75
21 27 18
22 27 27
22 24 38
22 23 52
22 28 75
23 29 49
23 26 22
23 25 39
23 27 81
23 24 11
24 28 36
24 29 53
24 27 70
24 26 81
24 25 60
25 27 1
25 29 1
25 28 61
26 27 19
26 28 64
26 29 74
27 29 83
28 29 31