30
0 1 73.54
0 2 56.85
0 3 8.11
0 4 21.97
0 5 28.82
0 6 26.6
0 7 61.26
0 8 81.86
0 9 27.64
0 10 95.67
0 11 50.8
0 12 28.35
0 13 8.3
0 14 33.88
0 15 44.39
0 16 27.72
0 17 72.7
0 18 40.96
0 19 10.62
0 20 11.08
0 21 27.4
0 22 32.37
0 23 88.57
0 24 93.15
0 25 68.11
0 26 75.99
0 27 30.8
0 28 93.0
0 29 67.8
1 2 88.33
1 3 80.68
1 4 19.06
1 5 37.53
1 6 43.8
1 7 81.42
1 8 13.92
1 9 17.14
1 10 98.37
1 11 77.85
1 12 41.56
1 13 18.41
1 14 79.51
1 15 64.77
1 16 39.44
1 17 87.26
1 18 48.71
1 19 55.78
1 20 50.86
1 21 73.39
1 22 99.69
1 23 95.04
1 24 99.6
1 25 96.13
1 26 15.9
1 27 11.38
1 28 67.5
1 29 73.2
2 3 74.05
2 4 18.46
2 5 88.83
2 6 35.56
2 7 47.13
2 8 98.16
2 9 80.21
2 10 86.03
2 11 29.94
2 12 64.89
2 13 83.99
2 14 72.0
2 15 82.77
2 16 98.04
2 17 14.53
2 18 32.92
2 19 64.99
2 20 46.93
2 21 62.02
2 22 52.79
2 23 9.16
2 24 57.97
2 25 26.2
2 26 94.06
2 27 68.31
2 28 47.45
2 29 23.94
3 4 15.01
3 5 54.61
3 6 44.88
3 7 38.6
3 8 75.78
3 9 75.63
3 10 61.63
3 11 56.76
3 12 19.23
3 13 66.27
3 14 97.58
3 15 68.35
3 16 72.92
3 17 8.75
3 18 84.51
3 19 90.02
3 20 55.43
3 21 31.01
3 22 79.01
3 23 8.18
3 24 86.4
3 25 74.75
3 26 60.15
3 27 28.49
3 28 93.41
3 29 28.07
4 5 57.44
4 6 61.14
4 7 80.7
4 8 25.3
4 9 33.18
4 10 67.82
4 11 74.87
4 12 26.34
4 13 70.01
4 14 45.53
4 15 91.11
4 16 1.48
4 17 69.07
4 18 24.62
4 19 69.43
4 20 64.29
4 21 47.37
4 22 14.38
4 23 15.41
4 24 14.43
4 25 33.85
4 26 37.74
4 27 41.95
4 28 75.34
4 29 2.61
5 6 58.9
5 7 49.84
5 8 37.42
5 9 49.53
5 10 22.32
5 11 3.31
5 12 46.54
5 13 13.29
5 14 89.78
5 15 54.02
5 16 9.46
5 17 66.02
5 18 83.27
5 19 41.95
5 20 23.56
5 21 49.86
5 22 15.78
5 23 54.72
5 24 76.05
5 25 15.8
5 26 19.82
5 27 58.52
5 28 99.8
5 29 29.21
6 7 63.42
6 8 23.09
6 9 17.37
6 10 42.07
6 11 77.81
6 12 50.71
6 13 52.48
6 14 96.6
6 15 7.18
6 16 85.25
6 17 39.32
6 18 16.71
6 19 31.26
6 20 20.72
6 21 13.74
6 22 64.74
6 23 4.25
6 24 50.99
6 25 27.82
6 26 88.81
6 27 0.03
6 28 2.57
6 29 89.43
7 8 63.38
7 9 52.87
7 10 70.17
7 11 91.65
7 12 29.94
7 13 35.03
7 14 31.48
7 15 63.73
7 16 77.95
7 17 18.65
7 18 51.89
7 19 44.47
7 20 67.06
7 21 27.72
7 22 2.58
7 23 52.25
7 24 80.79
7 25 97.71
7 26 5.92
7 27 1.06
7 28 19.23
7 29 25.6
8 9 91.32
8 10 91.68
8 11 83.55
8 12 11.0
8 13 91.28
8 14 88.54
8 15 78.98
8 16 60.12
8 17 32.71
8 18 78.77
8 19 64.09
8 20 48.91
8 21 81.77
8 22 97.63
8 23 4.49
8 24 18.93
8 25 81.76
8 26 96.61
8 27 46.6
8 28 10.19
8 29 83.14
9 10 24.63
9 11 13.44
9 12 18.84
9 13 2.32
9 14 91.01
9 15 38.32
9 16 4.42
9 17 61.63
9 18 79.24
9 19 94.77
9 20 61.34
9 21 56.6
9 22 85.0
9 23 51.45
9 24 12.23
9 25 68.83
9 26 58.84
9 27 79.13
9 28 77.22
9 29 92.68
10 11 44.16
10 12 63.74
10 13 22.22
10 14 72.38
10 15 14.51
10 16 34.17
10 17 91.93
10 18 52.24
10 19 30.89
10 20 96.23
10 21 88.88
10 22 27.51
10 23 59.12
10 24 75.68
10 25 68.31
10 26 45.7
10 27 10.3
10 28 11.74
10 29 80.67
11 12 48.98
11 13 93.09
11 14 10.55
11 15 8.47
11 16 67.24
11 17 95.76
11 18 62.6
11 19 12.2
11 20 68.31
11 21 47.91
11 22 52.59
11 23 21.21
11 24 46.74
11 25 46.94
11 26 41.03
11 27 79.91
11 28 86.11
11 29 73.14
12 13 77.23
12 14 86.88
12 15 61.0
12 16 58.19
12 17 10.94
12 18 45.21
12 19 54.06
12 20 17.0
12 21 6.12
12 22 76.09
12 23 51.61
12 24 0.28
12 25 24.31
12 26 34.25
12 27 46.56
12 28 76.13
12 29 37.56
13 14 4.15
13 15 21.51
13 16 3.23
13 17 51.0
13 18 48.55
13 19 6.68
13 20 14.77
13 21 64.0
13 22 27.61
13 23 7.7
13 24 93.25
13 25 75.29
13 26 5.53
13 27 76.13
13 28 78.89
13 29 42.29
14 15 14.81
14 16 52.3
14 17 21.6
14 18 37.78
14 19 53.11
14 20 44.23
14 21 55.53
14 22 8.07
14 23 46.89
14 24 19.21
14 25 48.32
14 26 26.11
14 27 27.56
14 28 75.29
14 29 52.87
15 16 49.97
15 17 30.94
15 18 28.59
15 19 68.64
15 20 42.98
15 21 48.71
15 22 99.6
15 23 1.27
15 24 84.85
15 25 32.04
15 26 6.58
15 27 95.07
15 28 5.15
15 29 71.58
16 17 77.39
16 18 0.79
16 19 0.11
16 20 55.64
16 21 72.4
16 22 32.97
16 23 51.7
16 24 38.8
16 25 70.82
16 26 65.58
16 27 53.88
16 28 37.13
16 29 10.04
17 18 12.52
17 19 65.25
17 20 2.66
17 21 83.59
17 22 40.41
17 23 49.35
17 24 20.06
17 25 97.02
17 26 65.01
17 27 34.61
17 28 11.18
17 29 53.03
18 19 89.91
18 20 24.09
18 21 29.74
18 22 87.25
18 23 56.26
18 24 12.28
18 25 77.2
18 26 4.37
18 27 85.69
18 28 20.43
18 29 73.91
19 20 70.44
19 21 15.18
19 22 45.48
19 23 74.68
19 24 2.05
19 25 42.03
19 26 27.97
19 27 26.97
19 28 55.18
19 29 20.26
20 21 84.11
20 22 31.38
20 23 57.7
20 24 75.14
20 25 14.08
20 26 79.54
20 27 48.05
20 28 31.91
20 29 94.13
21 22 11.94
21 23 79.67
21 24 86.8
21 25 83.65
21 26 60.0
21 27 26.02
21 28 83.57
21 29 30.02
22 23 10.69
22 24 73.86
22 25 97.44
22 26 33.81
22 27 59.49
22 28 24.36
22 29 69.43
23 24 44.71
23 25 98.14
23 26 30.51
23 27 79.2
23 28 94.91
23 29 17.2
24 25 87.33
24 26 91.69
24 27 40.46
24 28 90.41
24 29 56.89
25 26 64.37
25 27 73.59
25 28 47.53
25 29 53.99
26 27 55.26
26 28 89.43
26 29 35.76
27 28 40.51
27 29 29.57
28 29 39.02