25
0 8 91.29
0 9 23.63
0 10 35.67
0 13 67.89
0 14 34.61
0 15 43.8
0 17 18.36
0 18 59.57
0 19 88.58
0 20 30.77
0 22 21.08
0 23 13.28
8 1 98.3
8 2 95.11
8 3 66.09
8 4 83.54
8 5 26.91
8 6 63.42
8 7 33.33
8 11 91.23
8 14 23.62
8 15 2.88
8 18 9.56
8 20 35.32
8 21 22.63
8 22 93.59
9 2 24.91
9 3 42.49
9 4 38.72
9 6 84.44
9 7 2.5
9 10 17.29
9 11 96.07
9 12 24.94
9 14 72.62
9 20 91.48
9 22 59.59
9 24 7.1
10 3 31.78
10 4 25.73
10 5 74.82
10 11 86.1
10 12 33.93
10 14 98.66
10 15 82.48
10 18 3.96
10 20 33.01
10 21 10.24
13 1 94.95
13 2 72.82
13 3 96.71
13 7 66.69
13 14 86.91
13 16 96.68
13 18 12.78
13 23 57.77
14 1 62.29
14 3 72.75
14 5 56.15
14 6 25.76
14 7 93.88
14 11 79.44
14 12 71.96
14 17 56.4
14 18 79.15
14 22 70.81
14 24 92.59
15 1 78.7
15 3 1.91
15 5 24.09
15 6 50.92
15 11 80.53
15 12 12.01
15 16 61.41
15 19 12.39
15 22 25.95
15 24 14.03
17 3 78.87
17 4 16.46
17 5 26.56
17 6 21.05
17 7 31.24
17 20 35.24
17 22 24.68
18 1 46.62
18 4 77.49
18 19 69.76
18 21 92.06
18 22 47.48
18 23 89.43
18 24 91.65
19 6 9.09
19 16 60.96
19 24 69.7
20 1 17.78
20 3 84.25
20 4 39.09
20 7 7.26
20 23 77.97
20 24 24.19
22 1 56.99
22 4 91.42
22 7 9.0
22 16 19.03
22 21 89.23
23 3 5.39
23 5 48.88
23 6 43.05
23 16 27.32
23 24 80.76
1 2 23.22
1 3 91.57
1 11 43.15
1 16 25.13
1 21 76.89
2 5 57.74
2 7 50.63
2 11 13.59
3 7 84.13
3 12 16.34
3 16 18.62
3 21 85.56
3 24 56.75
11 4 14.12
11 5 81.46
11 7 61.59
11 24 17.87
16 4 77.24
16 6 62.73
16 24 74.0
21 5 93.95
21 6 95.71
5 4 93.6
5 6 7.69
5 7 47.02
5 24 62.17
7 12 66.41
12 6 6.07
12 24 64.59
24 4 10.77
24 6 62.97
4 6 93.09