30
0 3 94.047
0 9 77.661
0 7 77.564
0 21 29.324
0 29 33.537
0 14 12.185
0 17 93.871
0 16 2.265
0 19 50.815
0 26 5.141
0 18 49.395
0 24 57.181
0 13 45.524
0 1 15.527
0 23 68.548
0 2 61.903
0 4 87.943
0 5 55.432
0 6 31.891
0 10 44.2
0 12 81.793
0 15 6.384
0 25 36.896
0 27 29.106
0 28 52.146
29 1 50.194
29 2 80.203
29 5 95.058
29 6 20.804
29 9 87.832
29 10 21.907
29 11 71.699
29 12 28.941
29 16 44.678
29 21 91.506
29 22 10.412
29 23 31.955
29 24 66.806
29 13 41.732
29 3 8.273
29 15 62.577
29 7 22.211
29 19 81.612
29 27 91.729
3 27 70.444
3 20 88.896
3 24 82.827
3 23 45.483
3 8 70.012
3 12 68.349
3 17 23.729
3 13 55.097
3 7 55.605
3 2 48.534
3 6 28.027
3 4 34.879
3 11 71.551
3 19 10.37
3 9 74.797
3 14 39.117
3 21 59.332
3 22 80.057
3 25 20.696
9 5 69.188
9 7 13.744
9 14 41.114
9 1 40.055
9 22 45.309
9 20 22.469
9 16 69.702
9 25 63.269
9 2 98.571
9 10 28.738
9 6 2.168
9 28 81.969
9 18 5.548
9 27 89.001
9 12 91.795
9 15 3.228
9 17 34.476
9 19 47.672
9 23 75.699
7 1 4.082
7 2 30.449
7 4 45.757
7 15 37.844
7 24 60.762
7 13 29.467
7 5 21.557
7 19 67.735
7 27 32.879
7 8 59.115
7 10 99.464
7 18 61.621
7 20 60.772
7 23 5.924
7 21 14.475
7 22 17.323
7 11 43.687
7 12 32.055
7 17 82.397
7 25 9.256
7 28 23.716
21 2 29.111
21 4 29.731
21 8 78.422
21 11 94.731
21 13 63.312
21 14 42.358
21 16 56.438
21 19 91.334
21 20 28.638
21 18 1.593
21 5 85.911
21 1 57.995
21 10 86.753
21 23 46.905
21 17 3.996
21 24 58.149
21 28 73.447
21 22 76.412
21 25 22.896
21 26 2.903
14 1 32.559
14 2 52.547
14 4 80.681
14 6 43.752
14 10 82.639
14 12 13.02
14 18 41.014
14 27 82.212
14 23 46.05
14 15 14.596
14 25 31.934
14 22 49.204
14 24 90.617
14 19 24.019
14 8 76.329
14 16 51.032
14 17 65.578
14 20 67.985
14 28 49.343
17 4 13.26
17 8 64.799
17 10 48.783
17 13 21.529
17 6 70.249
17 16 58.093
17 12 14.268
17 19 12.531
17 1 87.163
17 27 59.32
17 22 39.304
17 11 23.91
17 18 38.328
17 24 16.957
17 26 40.44
16 2 15.686
16 10 13.192
16 11 39.931
16 13 21.772
16 15 48.103
16 20 38.042
16 25 41.318
16 22 6.983
16 27 62.592
16 23 57.833
16 5 91.419
16 19 2.447
16 26 52.914
16 18 9.607
16 28 41.323
19 1 24.094
19 4 27.111
19 10 45.362
19 12 96.423
19 8 72.029
19 6 42.307
19 13 93.29
19 20 90.921
19 27 27.075
19 5 70.151
19 2 84.141
19 25 41.193
19 11 33.098
19 22 28.44
19 24 63.304
19 28 24.561
26 1 49.274
26 2 37.238
26 6 46.649
26 8 54.408
26 13 12.735
26 15 39.793
26 20 76.483
26 23 77.898
26 25 44.812
26 28 88.241
26 5 98.537
26 27 30.109
26 22 62.095
26 18 13.604
26 10 29.074
26 11 17.846
26 4 84.629
18 2 68.0
18 4 84.143
18 8 72.721
18 11 35.208
18 12 27.795
18 13 57.241
18 15 53.343
18 25 45.823
18 28 39.421
18 22 21.065
18 10 1.972
18 5 28.335
18 1 21.475
18 20 56.406
18 23 82.934
18 27 36.781
24 4 56.455
24 5 15.189
24 6 32.046
24 12 53.714
24 13 61.216
24 15 83.959
24 23 8.719
24 25 68.345
24 10 38.114
24 20 17.055
24 22 79.796
24 28 62.104
13 1 75.272
13 8 76.01
13 10 19.941
13 20 34.504
13 23 72.5
13 4 97.128
13 5 49.512
13 15 50.395
13 11 4.958
13 28 20.945
1 5 90.575
1 20 45.712
1 12 46.628
1 28 92.766
1 23 17.771
1 4 93.412
1 2 68.141
1 22 75.33
1 6 92.242
1 8 27.441
1 10 25.081
1 11 79.139
1 15 69.349
1 25 83.526
23 6 98.73
23 8 35.279
23 20 3.261
23 10 66.79
23 15 4.239
23 27 33.732
23 11 50.382
23 22 98.542
23 28 75.666
5 4 96.665
5 12 71.422
5 27 59.483
5 11 0.69
5 6 32.637
5 2 79.487
5 28 1.848
5 15 94.166
5 8 38.166
5 22 71.305
5 20 95.432
5 25 8.454
20 2 88.897
20 4 52.064
20 6 58.226
20 8 7.097
20 10 93.361
20 11 58.336
20 12 74.823
20 28 54.852
20 25 73.012
20 27 80.922
12 2 59.448
12 6 48.64
12 27 9.868
12 8 66.651
12 11 78.358
12 28 40.938
12 10 53.349
12 25 91.609
28 2 46.881
28 4 46.952
28 6 29.023
28 8 73.209
28 11 36.604
28 15 83.951
28 22 10.454
28 27 13.416
4 11 30.135
4 25 4.084
4 22 43.633
4 27 83.805
4 6 5.805
4 8 0.074
2 10 56.236
2 6 6.572
2 27 61.338
2 11 99.513
2 8 74.947
2 15 75.445
2 22 16.528
2 25 5.26
22 10 24.169
22 11 75.342
22 15 8.603
22 8 76.263
22 6 24.14
22 25 26.62
22 27 87.135
10 6 3.919
10 27 35.319
10 11 7.826
10 15 97.941
6 11 90.086
27 15 96.382
27 25 14.8
27 11 97.303
11 8 37.606
11 15 53.11
8 25 92.919
25 15 86.478