28
0 1 17
0 2 34
0 3 84
0 4 4
0 5 69
0 6 41
0 7 18
0 8 38
0 9 50
0 10 89
0 11 76
0 12 88
0 13 48
0 14 49
0 15 43
0 16 74
0 17 53
0 18 57
0 19 38
0 20 48
0 21 52
0 22 11
0 23 43
0 24 24
0 25 64
0 26 62
0 27 61
1 2 42
1 3 98
1 4 35
1 5 46
1 6 48
1 7 14
1 8 25
1 9 30
1 10 57
1 11 34
1 12 94
1 13 77
1 14 10
1 15 43
1 16 67
1 17 2
1 18 93
1 19 2
1 20 56
1 21 28
1 22 54
1 23 78
1 24 24
1 25 64
1 26 36
1 27 4
2 3 48
2 4 80
2 5 96
2 6 56
2 7 55
2 8 26
2 9 93
2 10 1
2 11 91
2 12 76
2 13 96
2 14 42
2 15 16
2 16 48
2 17 92
2 18 47
2 19 12
2 20 86
2 21 86
2 22 75
2 23 6
2 24 2
2 25 44
2 26 33
2 27 94
3 4 30
3 5 89
3 6 89
3 7 14
3 8 72
3 9 21
3 10 81
3 11 59
3 12 53
3 13 68
3 14 20
3 15 58
3 16 25
3 17 40
3 18 29
3 19 93
3 20 57
3 21 8
3 22 34
3 23 72
3 24 65
3 25 95
3 26 97
3 27 78
4 5 93
4 6 35
4 7 27
4 8 63
4 9 90
4 10 89
4 11 5
4 12 97
4 13 11
4 14 91
4 15 17
4 16 20
4 17 73
4 18 57
4 19 9
4 20 1
4 21 75
4 22 52
4 23 16
4 24 38
4 25 53
4 26 70
4 27 50
5 6 14
5 7 33
5 8 18
5 9 52
5 10 62
5 11 81
5 12 7
5 13 81
5 14 72
5 15 34
5 16 40
5 17 14
5 18 25
5 19 30
5 20 76
5 21 98
5 22 14
5 23 76
5 24 56
5 25 72
5 26 25
5 27 88
6 7 14
6 8 26
6 9 89
6 10 58
6 11 84
6 12 12
6 13 50
6 14 29
6 15 3
6 16 40
6 17 92
6 18 92
6 19 81
6 20 24
6 21 65
6 22 75
6 23 92
6 24 83
6 25 56
6 26 93
6 27 99
7 8 87
7 9 86
7 10 64
7 11 7
7 12 55
7 13 34
7 14 51
7 15 4
7 16 50
7 17 22
7 18 82
7 19 63
7 20 62
7 21 76
7 22 98
7 23 15
7 24 36
7 25 80
7 26 21
7 27 67
8 9 16
8 10 58
8 11 2
8 12 16
8 13 89
8 14 32
8 15 30
8 16 31
8 17 6
8 18 25
8 19 93
8 20 49
8 21 80
8 22 79
8 23 25
8 24 99
8 25 64
8 26 96
8 27 33
9 10 22
9 11 97
9 12 81
9 13 42
9 14 47
9 15 9
9 16 44
9 17 90
9 18 96
9 19 62
9 20 31
9 21 74
9 22 93
9 23 43
9 24 19
9 25 30
9 26 28
9 27 62
10 11 7
10 12 66
10 13 5
10 14 34
10 15 53
10 16 69
10 17 12
10 18 46
10 19 78
10 20 34
10 21 93
10 22 46
10 23 14
10 24 78
10 25 28
10 26 97
10 27 50
11 12 4
11 13 57
11 14 80
11 15 2
11 16 46
11 17 19
11 18 23
11 19 96
11 20 70
11 21 7
11 22 29
11 23 39
11 24 87
11 25 53
11 26 61
11 27 4
12 13 35
12 14 52
12 15 79
12 16 75
12 17 23
12 18 80
12 19 19
12 20 11
12 21 36
12 22 27
12 23 21
12 24 85
12 25 87
12 26 13
12 27 40
13 14 58
13 15 17
13 16 15
13 17 15
13 18 30
13 19 62
13 20 48
13 21 1
13 22 89
13 23 91
13 24 29
13 25 68
13 26 72
13 27 29
14 15 1
14 16 37
14 17 39
14 18 17
14 19 54
14 20 6
14 21 67
14 22 4
14 23 15
14 24 79
14 25 11
14 26 88
14 27 24
15 16 63
15 17 36
15 18 11
15 19 20
15 20 26
15 21 79
15 22 34
15 23 36
15 24 95
15 25 5
15 26 4
15 27 27
16 17 23
16 18 40
16 19 59
16 20 4
16 21 13
16 22 42
16 23 23
16 24 40
16 25 56
16 26 28
16 27 15
17 18 83
17 19 87
17 20 53
17 21 57
17 22 3
17 23 11
17 24 1
17 25 90
17 26 56
17 27 5
18 19 53
18 20 62
18 21 69
18 22 46
18 23 14
18 24 74
18 25 64
18 26 47
18 27 86
19 20 56
19 21 24
19 22 48
19 23 17
19 24 99
19 25 86
19 26 1
19 27 10
20 21 65
20 22 46
20 23 88
20 24 85
20 25 13
20 26 38
20 27 91
21 22 6
21 23 68
21 24 36
21 25 25
21 26 60
21 27 76
22 23 17
22 24 59
22 25 92
22 26 94
22 27 66
23 24 64
23 25 72
23 26 84
23 27 60
24 25 10
24 26 56
24 27 87
25 26 58
25 27 77
26 27 26