25
0 23 60
0 2 39
0 3 50
0 6 14
0 12 38
0 19 69
0 24 34
1 9 94
1 4 84
1 6 46
1 7 57
1 8 48
1 11 38
1 12 53
1 17 95
1 18 71
1 20 25
2 9 75
2 8 64
2 11 66
2 14 10
2 16 77
2 17 86
2 19 63
2 20 76
2 21 28
3 19 24
3 14 74
3 15 3
3 20 16
3 23 4
4 22 87
4 6 32
4 7 36
4 12 3
4 14 22
4 17 98
4 18 30
4 19 40
4 24 88
5 10 53
5 6 62
5 9 31
5 15 92
5 18 83
5 19 51
5 20 66
5 21 56
6 9 86
6 8 52
6 12 63
6 13 22
6 17 89
6 18 71
6 19 44
6 22 43
6 23 68
6 24 69
7 19 98
7 8 82
7 10 25
7 12 62
7 13 32
7 16 46
7 18 88
7 21 75
7 23 76
8 9 39
8 13 24
8 16 42
8 19 85
8 20 32
8 21 70
8 23 56
9 23 46
9 10 45
9 13 91
9 15 97
9 17 30
10 13 6
10 16 75
10 19 88
10 20 42
10 21 37
10 23 57
10 24 15
11 24 48
11 12 66
11 16 87
11 20 30
11 22 55
12 20 4
12 13 26
12 14 6
12 19 73
12 21 23
12 22 12
12 24 65
13 19 84
13 14 75
13 20 99
14 22 62
14 15 3
14 20 10
14 24 3
15 16 38
15 17 14
15 20 61
15 23 10
15 24 93
16 19 61
16 17 98
16 20 66
17 18 22
17 20 60
17 21 7
17 23 28
18 22 11
18 19 59
18 21 26
18 23 52
18 24 86
19 24 59
19 20 28
19 21 73
20 23 58
21 23 39
21 22 69
21 24 99
22 23 65
23 24 31