30
14 28 21.594
7 2 56.063
4 10 54.779
15 0 71.027
14 6 90.8
19 28 56.686
13 9 82.278
28 19 18.916
17 21 44.088
18 26 25.499
14 4 79.241
21 17 29.545
18 11 24.077
14 8 74.839
27 21 60.569
5 23 50.49
26 4 0.119
14 12 47.703
29 14 99.592
23 24 21.033
29 9 55.95
21 25 37.277
1 14 96.925
18 4 66.181
11 18 98.568
27 5 57.192
26 22 4.674
14 20 41.218
24 16 90.824
3 16 48.073
0 25 46.962
25 2 57.004
1 4 31.076
15 20 11.473
11 1 52.123
19 17 71.623
28 13 52.799
0 2 16.75
1 16 24.466
11 15 69.201
19 0 51.263
6 1 33.283
16 0 51.231
16 15 81.369
23 8 74.27
26 21 58.878
11 4 45.158
6 25 62.169
27 9 76.169
2 27 97.666
3 26 95.225
0 8 12.829
26 7 42.763
29 24 52.482
24 0 4.055
24 12 76.814
26 12 42.692
9 19 80.646
26 1 72.898
9 18 6.646
10 2 59.58
3 27 53.2
18 21 53.004
28 1 93.198
0 14 66.189
15 29 27.94
0 20 58.348
20 7 49.436
24 18 16.76
23 11 54.759
15 21 40.508
22 19 10.243
15 7 85.844
5 18 74.975
25 15 63.639
18 10 75.688
13 7 40.859
3 19 77.511
27 25 23.353
8 1 35.932
6 22 53.742
