25
0 1 39.182
0 2 4.56
0 3 24.965
0 4 26.484
0 5 91.277
0 6 71.999
0 7 86.139
0 8 45.519
0 9 89.524
0 10 4.944
0 11 96.667
0 12 55.222
0 13 7.14
0 14 43.818
0 15 74.322
0 16 60.099
0 17 4.979
0 18 63.666
0 19 61.353
0 20 88.456
0 21 87.713
0 22 69.452
0 23 32.49
0 24 90.263
1 2 61.047
1 3 67.609
1 4 88.339
1 5 77.676
1 6 83.408
1 7 16.994
1 8 35.445
1 9 73.103
1 10 8.01
1 11 90.195
1 12 96.425
1 13 25.696
1 14 49.671
1 15 8.494
1 16 40.077
1 17 27.319
1 18 72.682
1 19 28.628
1 20 8.111
1 21 20.083
1 22 66.108
1 23 23.205
1 24 43.359
2 3 85.67
2 4 83.417
2 5 16.129
2 6 65.471
2 7 3.525
2 8 2.229
2 9 95.302
2 10 21.351
2 11 21.092
2 12 21.264
2 13 3.454
2 14 83.784
2 15 6.71
2 16 47.419
2 17 68.664
2 18 48.842
2 19 97.5
2 20 40.537
2 21 58.498
2 22 64.212
2 23 51.784
2 24 84.289
3 4 8.826
3 5 51.851
3 6 99.244
3 7 31.851
3 8 6.471
3 9 13.685
3 10 88.421
3 11 73.053
3 12 50.439
3 13 20.015
3 14 51.436
3 15 25.358
3 16 30.139
3 17 29.886
3 18 41.81
3 19 70.328
3 20 61.345
3 21 13.886
3 22 91.432
3 23 55.606
3 24 98.373
4 5 57.059
4 6 4.852
4 7 10.691
4 8 40.135
4 9 49.047
4 10 3.52
4 11 24.757
4 12 56.523
4 13 89.353
4 14 29.787
4 15 56.913
4 16 45.81
4 17 31.83
4 18 58.611
4 19 82.721
4 20 53.067
4 21 90.379
4 22 51.108
4 23 66.342
4 24 16.404
5 6 1.95
5 7 61.059
5 8 84.236
5 9 13.022
5 10 23.946
5 11 74.654
5 12 96.104
5 13 47.756
5 14 82.318
5 15 44.132
5 16 86.224
5 17 44.248
5 18 92.548
5 19 49.831
5 20 86.231
5 21 70.512
5 22 21.633
5 23 63.647
5 24 95.944
6 7 15.986
6 8 87.572
6 9 20.224
6 10 69.298
6 11 33.251
6 12 6.989
6 13 15.078
6 14 20.189
6 15 92.693
6 16 77.486
6 17 62.504
6 18 8.851
6 19 74.065
6 20 81.401
6 21 74.897
6 22 90.475
6 23 76.982
6 24 28.232
7 8 47.652
7 9 98.712
7 10 95.717
7 11 16.388
7 12 90.842
7 13 9.505
7 14 7.147
7 15 1.476
7 16 33.262
7 17 94.586
7 18 27.474
7 19 16.967
7 20 13.986
7 21 26.002
7 22 29.336
7 23 21.022
7 24 79.758
8 9 86.836
8 10 22.568
8 11 10.39
8 12 93.249
8 13 99.327
8 14 34.692
8 15 1.089
8 16 72.57
8 17 58.439
8 18 84.331
8 19 99.006
8 20 33.798
8 21 54.325
8 22 24.373
8 23 1.806
8 24 46.84
9 10 51.436
9 11 41.094
9 12 71.218
9 13 79.66
9 14 65.619
9 15 65.803
9 16 92.775
9 17 86.598
9 18 80.721
9 19 41.959
9 20 12.524
9 21 62.561
9 22 83.537
9 23 90.858
9 24 65.025
10 11 8.043
10 12 47.543
10 13 53.677
10 14 65.918
10 15 52.278
10 16 8.728
10 17 85.902
10 18 20.849
10 19 69.377
10 20 20.286
10 21 32.707
10 22 91.968
10 23 61.747
10 24 8.889
11 12 47.211
11 13 11.593
11 14 77.312
11 15 51.191
11 16 45.546
11 17 79.707
11 18 57.935
11 19 94.504
11 20 31.751
11 21 96.516
11 22 79.823
11 23 43.593
11 24 54.199
12 13 75.938
12 14 76.329
12 15 3.24
12 16 67.553
12 17 84.66
12 18 36.314
12 19 90.921
12 20 37.092
12 21 40.889
12 22 49.027
12 23 16.193
12 24 36.917
13 14 12.922
13 15 72.52
13 16 12.075
13 17 33.544
13 18 64.22
13 19 45.506
13 20 5.034
13 21 25.941
13 22 92.876
13 23 88.03
13 24 58.023
14 15 58.049
14 16 75.459
14 17 48.07
14 18 12.11
14 19 56.059
14 20 62.986
14 21 41.488
14 22 83.092
14 23 32.996
14 24 63.79
15 16 4.48
15 17 60.958
15 18 37.734
15 19 82.048
15 20 10.248
15 21 75.953
15 22 94.701
15 23 88.769
15 24 37.968
16 17 16.626
16 18 14.421
16 19 61.269
16 20 21.154
16 21 84.343
16 22 28.556
16 23 17.223
16 24 77.051
17 18 44.125
17 19 24.429
17 20 32.404
17 21 81.557
17 22 25.487
17 23 79.573
17 24 10.66
18 19 87.473
18 20 9.271
18 21 19.411
18 22 76.895
18 23 79.985
18 24 77.354
19 20 59.423
19 21 82.391
19 22 18.182
19 23 33.82
19 24 52.638
20 21 42.126
20 22 68.806
20 23 80.866
20 24 72.78
21 22 66.621
21 23 53.38
21 24 59.673
22 23 23.756
22 24 36.791
23 24 7.232