25
2 14 67.9
12 15 98.7
0 6 20.0
7 8 39.1
10 22 50.0
12 6 57.8
9 22 58.3
3 9 75.1
0 18 89.4
2 6 67.1
15 20 86.9
2 11 50.0
2 23 49.2
0 20 85.3
17 7 90.5
0 11 99.3
0 4 35.1
0 16 54.6
0 23 21.6
8 12 51.9
1 10 83.9
7 18 91.4
19 3 48.2
4 24 27.9
1 22 66.0
1 16 24.9
21 24 50.1
1 19 16.0
0 8 47.7
2 17 70.6
2 22 87.7
3 0 55.0
4 20 26.3
15 21 86.7
18 5 98.7
1 24 47.5
2 19 45.0
4 19 58.7
4 11 23.5
18 21 88.1
16 17 78.2
22 23 64.3
3 8 96.3
3 12 7.5
0 24 33.0
2 4 97.0
21 14 7.6
14 10 92.3
4 5 15.2
13 16 40.6
23 24 68.0
1 6 40.0
19 23 7.4
20 23 53.3
1 13 19.9
1 15 38.2
3 16 24.5
0 19 91.6
8 21 24.5
20 24 5.5
1 17 53.9
11 23 26.0
23 24 83.1
13 2 62.6
16 15 89.5
5 16 48.6
22 21 55.9
6 9 80.4
9 14 49.7
2 9 30.7
6 23 95.2
10 19 68.9
11 18 6.2
1 3 3.1
1 11 39.3
14 19 43.3
5 1 5.1
0 12 22.8
3 15 80.6
0 15 85.3
17 20 68.7
3 11 96.2
2 16 9.1
2 7 58.9
