30
0 1 18.812
0 2 36.429
0 3 92.004
0 4 98.973
0 5 18.673
0 6 20.309
0 7 11.105
0 8 24.254
0 9 22.88
0 10 2.737
0 11 87.144
0 12 31.14
0 13 81.112
0 14 10.917
0 15 68.012
0 16 74.428
0 17 5.313
0 18 73.516
0 19 12.266
0 20 68.584
0 21 80.042
0 22 13.845
0 23 60.588
0 24 76.805
0 25 3.117
0 26 95.893
0 27 24.548
0 28 97.882
0 29 80.953
1 2 40.724
1 3 94.813
1 4 22.349
1 5 50.822
1 6 0.375
1 7 23.31
1 8 9.445
1 9 60.909
1 10 26.83
1 11 32.602
1 12 56.89
1 13 5.793
1 14 64.906
1 15 5.286
1 16 25.56
1 17 6.779
1 18 87.705
1 19 63.789
1 20 74.964
1 21 66.998
1 22 30.722
1 23 69.756
1 24 65.299
1 25 82.011
1 26 91.429
1 27 39.484
1 28 46.684
1 29 7.896
2 3 45.981
2 4 7.676
2 5 73.622
2 6 1.492
2 7 60.742
2 8 72.505
2 9 17.987
2 10 71.886
2 11 7.395
2 12 78.164
2 13 51.922
2 14 24.956
2 15 4.631
2 16 46.988
2 17 42.227
2 18 35.881
2 19 7.167
2 20 92.495
2 21 91.304
2 22 29.949
2 23 2.017
2 24 66.822
2 25 97.299
2 26 97.315
2 27 53.454
2 28 22.428
2 29 89.645
3 4 95.385
3 5 25.082
3 6 92.04
3 7 62.72
3 8 10.596
3 9 33.163
3 10 30.531
3 11 61.37
3 12 39.602
3 13 20.601
3 14 92.825
3 15 51.737
3 16 27.1
3 17 70.173
3 18 15.594
3 19 38.564
3 20 47.776
3 21 18.193
3 22 15.623
3 23 58.018
3 24 79.162
3 25 1.718
3 26 18.476
3 27 1.19
3 28 12.661
3 29 33.905
4 5 92.415
4 6 41.368
4 7 24.422
4 8 93.144
4 9 28.251
4 10 34.029
4 11 82.758
4 12 27.103
4 13 82.853
4 14 78.415
4 15 17.277
4 16 28.191
4 17 7.709
4 18 29.826
4 19 38.809
4 20 10.422
4 21 63.502
4 22 0.296
4 23 72.616
4 24 56.906
4 25 28.563
4 26 41.265
4 27 92.463
4 28 79.243
4 29 11.935
5 6 64.518
5 7 21.776
5 8 75.92
5 9 10.919
5 10 19.949
5 11 23.643
5 12 85.016
5 13 16.436
5 14 11.147
5 15 95.347
5 16 46.644
5 17 60.642
5 18 16.017
5 19 88.397
5 20 87.102
5 21 64.207
5 22 33.474
5 23 59.311
5 24 41.947
5 25 60.26
5 26 42.317
5 27 17.106
5 28 60.511
5 29 3.063
6 7 87.159
6 8 38.168
6 9 83.553
6 10 9.94
6 11 98.099
6 12 68.205
6 13 87.916
6 14 17.03
6 15 28.626
6 16 10.092
6 17 81.378
6 18 2.47
6 19 55.026
6 20 17.094
6 21 77.726
6 22 63.599
6 23 64.789
6 24 60.662
6 25 56.609
6 26 61.73
6 27 75.489
6 28 41.133
6 29 30.698
7 8 15.691
7 9 14.283
7 10 39.918
7 11 63.998
7 12 27.944
7 13 74.403
7 14 3.988
7 15 90.614
7 16 85.722
7 17 68.893
7 18 25.631
7 19 20.596
7 20 34.066
7 21 69.147
7 22 54.129
7 23 33.147
7 24 4.326
7 25 36.983
7 26 74.914
7 27 40.402
7 28 33.99
7 29 69.955
8 9 42.428
8 10 67.839
8 11 85.585
8 12 58.489
8 13 68.831
8 14 80.397
8 15 23.355
8 16 45.079
8 17 8.947
8 18 56.031
8 19 12.027
8 20 54.055
8 21 20.134
8 22 67.3
8 23 22.211
8 24 55.008
8 25 83.901
8 26 85.474
8 27 61.267
8 28 39.563
8 29 81.686
9 10 33.085
9 11 22.578
9 12 22.302
9 13 77.701
9 14 12.154
9 15 90.755
9 16 62.91
9 17 48.054
9 18 87.203
9 19 66.731
9 20 35.86
9 21 99.156
9 22 87.433
9 23 67.587
9 24 8.016
9 25 39.312
9 26 91.974
9 27 76.739
9 28 17.691
9 29 41.16
10 11 27.113
10 12 87.541
10 13 30.999
10 14 36.14
10 15 74.087
10 16 21.27
10 17 99.437
10 18 76.761
10 19 60.616
10 20 57.075
10 21 17.965
10 22 37.714
10 23 20.132
10 24 82.678
10 25 70.999
10 26 96.702
10 27 32.806
10 28 46.093
10 29 3.796
11 12 91.875
11 13 59.622
11 14 36.904
11 15 28.487
11 16 7.615
11 17 51.037
11 18 42.413
11 19 7.365
11 20 67.061
11 21 27.523
11 22 56.287
11 23 22.293
11 24 48.496
11 25 88.521
11 26 70.399
11 27 58.615
11 28 44.231
11 29 75.327
12 13 71.982
12 14 99.568
12 15 48.794
12 16 37.878
12 17 97.804
12 18 17.044
12 19 83.144
12 20 85.55
12 21 22.917
12 22 56.59
12 23 53.727
12 24 63.554
12 25 15.986
12 26 25.087
12 27 57.376
12 28 32.103
12 29 51.055
13 14 14.418
13 15 41.008
13 16 21.144
13 17 91.311
13 18 88.218
13 19 59.754
13 20 72.233
13 21 85.664
13 22 40.037
13 23 15.098
13 24 17.529
13 25 43.102
13 26 9.604
13 27 41.32
13 28 58.292
13 29 52.437
14 15 60.773
14 16 23.55
14 17 8.109
14 18 94.002
14 19 30.603
14 20 81.908
14 21 71.129
14 22 78.254
14 23 22.782
14 24 12.816
14 25 69.768
14 26 51.096
14 27 23.837
14 28 20.9
14 29 69.438
15 16 86.607
15 17 69.649
15 18 15.763
15 19 86.529
15 20 34.893
15 21 44.039
15 22 66.047
15 23 34.54
15 24 97.347
15 25 25.056
15 26 37.189
15 27 15.347
15 28 54.987
15 29 63.656
16 17 98.869
16 18 32.562
16 19 11.16
16 20 89.232
16 21 29.652
16 22 69.103
16 23 83.054
16 24 73.226
16 25 73.853
16 26 89.74
16 27 21.904
16 28 36.061
16 29 51.55
17 18 1.551
17 19 32.123
17 20 87.222
17 21 82.009
17 22 87.085
17 23 13.381
17 24 39.706
17 25 24.426
17 26 83.536
17 27 2.389
17 28 51.86
17 29 92.918
18 19 23.29
18 20 28.05
18 21 11.377
18 22 17.014
18 23 45.083
18 24 82.085
18 25 64.363
18 26 41.802
18 27 29.193
18 28 23.548
18 29 39.991
19 20 66.927
19 21 25.057
19 22 83.05
19 23 52.795
19 24 20.521
19 25 93.887
19 26 27.738
19 27 47.992
19 28 35.2
19 29 68.104
20 21 24.019
20 22 51.908
20 23 71.826
20 24 54.329
20 25 30.296
20 26 92.456
20 27 31.115
20 28 4.274
20 29 21.032
21 22 92.229
21 23 17.959
21 24 46.721
21 25 17.914
21 26 90.479
21 27 47.219
21 28 10.863
21 29 62.212
22 23 91.886
22 24 75.609
22 25 9.606
22 26 86.708
22 27 9.883
22 28 73.506
22 29 43.493
23 24 54.257
23 25 46.86
23 26 55.559
23 27 46.625
23 28 52.853
23 29 93.757
24 25 56.593
24 26 77.44
24 27 41.343
24 28 53.272
24 29 0.063
25 26 40.881
25 27 39.07
25 28 28.556
25 29 64.166
26 27 52.443
26 28 33.731
26 29 38.98
27 28 9.818
27 29 42.898
28 29 68.827