30
0 1 14.538
0 2 17.179
0 3 14.497
0 4 25.07
0 5 45.404
0 6 64.766
0 7 55.463
0 8 89.314
0 9 8.537
0 10 61.761
0 11 73.665
0 12 62.99
0 13 74.515
0 14 44.028
0 15 42.759
0 16 4.038
0 17 9.42
0 18 2.002
0 19 87.192
0 20 83.102
0 21 28.621
0 22 4.566
0 23 99.393
0 24 49.469
0 25 64.797
0 26 7.7
0 27 57.215
0 28 3.772
0 29 34.0
1 2 31.652
1 3 88.411
1 4 3.737
1 5 69.171
1 6 44.344
1 7 81.326
1 8 11.207
1 9 85.057
1 10 33.888
1 11 99.278
1 12 34.775
1 13 52.771
1 14 18.209
1 15 94.929
1 16 44.672
1 17 74.609
1 18 92.243
1 19 69.848
1 20 38.348
1 21 70.121
1 22 78.042
1 23 95.967
1 24 82.889
1 25 70.648
1 26 1.803
1 27 56.478
1 28 80.78
1 29 66.181
2 3 51.061
2 4 87.712
2 5 81.984
2 6 29.498
2 7 91.727
2 8 91.535
2 9 2.52
2 10 46.472
2 11 16.955
2 12 56.014
2 13 49.026
2 14 44.867
2 15 51.226
2 16 72.326
2 17 56.318
2 18 56.5
2 19 57.45
2 20 4.316
2 21 49.06
2 22 71.475
2 23 21.256
2 24 96.333
2 25 38.976
2 26 67.295
2 27 79.521
2 28 41.879
2 29 34.901
3 4 71.312
3 5 20.56
3 6 45.712
3 7 49.909
3 8 65.718
3 9 89.415
3 10 99.981
3 11 95.085
3 12 65.612
3 13 86.125
3 14 78.772
3 15 94.054
3 16 12.877
3 17 78.491
3 18 10.229
3 19 19.088
3 20 54.146
3 21 70.445
3 22 13.858
3 23 21.918
3 24 56.942
3 25 29.427
3 26 84.778
3 27 34.125
3 28 76.893
3 29 82.94
4 5 23.709
4 6 74.359
4 7 0.332
4 8 21.957
4 9 23.058
4 10 42.483
4 11 1.815
4 12 10.9
4 13 48.822
4 14 31.022
4 15 69.484
4 16 33.615
4 17 63.545
4 18 71.728
4 19 46.951
4 20 21.607
4 21 40.92
4 22 71.774
4 23 51.499
4 24 99.071
4 25 6.099
4 26 78.139
4 27 69.389
4 28 21.511
4 29 56.662
5 6 84.431
5 7 51.765
5 8 59.328
5 9 55.384
5 10 39.365
5 11 31.331
5 12 94.066
5 13 93.524
5 14 60.403
5 15 63.235
5 16 42.909
5 17 18.652
5 18 94.611
5 19 2.955
5 20 87.778
5 21 83.283
5 22 39.782
5 23 25.411
5 24 64.884
5 25 16.505
5 26 51.701
5 27 31.02
5 28 31.86
5 29 38.791
6 7 24.463
6 8 11.39
6 9 34.748
6 10 69.086
6 11 14.374
6 12 53.291
6 13 60.62
6 14 85.85
6 15 2.214
6 16 44.025
6 17 73.024
6 18 77.31
6 19 25.759
6 20 11.828
6 21 20.066
6 22 61.781
6 23 17.569
6 24 68.745
6 25 58.894
6 26 15.32
6 27 68.623
6 28 28.512
6 29 48.904
7 8 32.447
7 9 8.165
7 10 71.222
7 11 82.099
7 12 81.537
7 13 80.553
7 14 61.412
7 15 25.655
7 16 8.757
7 17 78.961
7 18 6.117
7 19 63.676
7 20 66.959
7 21 5.446
7 22 47.628
7 23 31.079
7 24 68.239
7 25 93.369
7 26 44.766
7 27 39.138
7 28 51.173
7 29 91.664
8 9 25.645
8 10 38.135
8 11 26.631
8 12 24.198
8 13 37.472
8 14 98.078
8 15 78.97
8 16 69.644
8 17 67.654
8 18 24.309
8 19 12.234
8 20 77.751
8 21 47.72
8 22 56.938
8 23 56.21
8 24 5.047
8 25 17.573
8 26 52.266
8 27 83.014
8 28 56.528
8 29 91.136
9 10 86.641
9 11 60.974
9 12 82.173
9 13 2.529
9 14 45.415
9 15 23.67
9 16 52.203
9 17 56.214
9 18 71.574
9 19 85.098
9 20 68.658
9 21 79.534
9 22 69.791
9 23 51.875
9 24 94.467
9 25 6.211
9 26 91.135
9 27 28.173
9 28 95.657
9 29 71.998
10 11 80.78
10 12 4.778
10 13 67.601
10 14 1.594
10 15 17.816
10 16 15.325
10 17 39.648
10 18 42.797
10 19 29.717
10 20 61.206
10 21 46.26
10 22 55.989
10 23 30.684
10 24 45.921
10 25 16.564
10 26 71.546
10 27 70.587
10 28 90.965
10 29 76.445
11 12 58.557
11 13 28.035
11 14 30.022
11 15 15.127
11 16 28.661
11 17 68.584
11 18 35.953
11 19 3.099
11 20 81.408
11 21 15.933
11 22 81.806
11 23 20.46
11 24 54.302
11 25 58.359
11 26 52.365
11 27 95.57
11 28 92.691
11 29 41.889
12 13 84.512
12 14 10.787
12 15 89.161
12 16 55.058
12 17 43.519
12 18 6.875
12 19 58.456
12 20 51.089
12 21 40.65
12 22 64.399
12 23 19.038
12 24 96.17
12 25 95.231
12 26 23.18
12 27 19.725
12 28 77.984
12 29 31.59
13 14 95.159
13 15 38.72
13 16 1.936
13 17 74.872
13 18 12.561
13 19 75.268
13 20 13.362
13 21 13.045
13 22 19.257
13 23 23.788
13 24 29.738
13 25 5.071
13 26 79.099
13 27 12.548
13 28 72.61
13 29 12.107
14 15 78.611
14 16 1.84
14 17 23.086
14 18 12.245
14 19 10.174
14 20 46.419
14 21 6.845
14 22 95.109
14 23 64.35
14 24 93.969
14 25 61.863
14 26 38.866
14 27 62.055
14 28 83.768
14 29 86.343
15 16 40.325
15 17 25.933
15 18 23.769
15 19 35.135
15 20 16.511
15 21 70.422
15 22 87.045
15 23 13.931
15 24 50.647
15 25 59.426
15 26 3.82
15 27 49.238
15 28 44.155
15 29 50.291
16 17 98.316
16 18 43.567
16 19 71.599
16 20 38.007
16 21 70.067
16 22 11.859
16 23 71.186
16 24 9.519
16 25 94.163
16 26 39.907
16 27 30.552
16 28 66.705
16 29 45.927
17 18 72.563
17 19 18.099
17 20 61.051
17 21 51.932
17 22 63.668
17 23 6.242
17 24 40.5
17 25 51.362
17 26 64.397
17 27 85.968
17 28 69.687
17 29 55.429
18 19 27.382
18 20 59.014
18 21 60.32
18 22 1.235
18 23 43.585
18 24 86.934
18 25 39.788
18 26 40.821
18 27 92.048
18 28 47.378
18 29 83.601
19 20 70.418
19 21 90.699
19 22 55.589
19 23 67.328
19 24 58.931
19 25 22.695
19 26 63.271
19 27 63.904
19 28 43.106
19 29 76.991
20 21 18.525
20 22 66.87
20 23 44.369
20 24 20.431
20 25 62.107
20 26 7.147
20 27 69.326
20 28 31.18
20 29 92.365
21 22 47.244
21 23 94.67
21 24 46.521
21 25 79.526
21 26 90.059
21 27 48.538
21 28 81.349
21 29 60.689
22 23 85.219
22 24 26.072
22 25 60.898
22 26 66.035
22 27 28.691
22 28 93.652
22 29 18.48
23 24 3.655
23 25 76.092
23 26 30.989
23 27 60.765
23 28 99.653
23 29 66.541
24 25 90.253
24 26 92.194
24 27 25.519
24 28 48.696
24 29 8.145
25 26 17.34
25 27 63.112
25 28 71.08
25 29 91.276
26 27 0.794
26 28 10.906
26 29 98.123
27 28 95.266
27 29 18.309
28 29 45.374