30
0 1 46.925
0 2 97.72
0 3 87.459
0 4 21.391
0 5 41.254
0 6 93.005
0 7 13.013
0 8 92.174
0 9 84.594
0 10 95.07
0 11 58.095
0 12 55.108
0 13 34.868
0 14 26.301
0 15 92.618
0 16 99.822
0 17 68.188
0 18 41.589
0 19 42.998
0 20 45.301
0 21 21.218
0 22 74.668
0 23 40.19
0 24 38.737
0 25 96.321
0 26 57.339
0 27 94.612
0 28 5.094
0 29 2.784
1 2 38.242
1 3 21.827
1 4 24.492
1 5 13.18
1 6 40.802
1 7 51.485
1 8 53.462
1 9 72.089
1 10 58.929
1 11 21.601
1 12 42.059
1 13 68.19
1 14 32.356
1 15 52.729
1 16 8.025
1 17 19.694
1 18 89.836
1 19 22.093
1 20 59.677
1 21 33.905
1 22 17.13
1 23 16.268
1 24 85.51
1 25 13.674
1 26 95.563
1 27 97.684
1 28 35.679
1 29 65.992
2 3 68.539
2 4 27.901
2 5 50.768
2 6 73.424
2 7 86.703
2 8 66.677
2 9 49.736
2 10 79.559
2 11 86.364
2 12 40.081
2 13 33.915
2 14 35.803
2 15 78.667
2 16 44.369
2 17 92.969
2 18 93.268
2 19 23.676
2 20 42.916
2 21 14.893
2 22 16.343
2 23 6.527
2 24 55.475
2 25 45.588
2 26 15.904
2 27 93.156
2 28 84.344
2 29 10.992
3 4 64.563
3 5 35.092
3 6 1.364
3 7 24.021
3 8 77.154
3 9 16.098
3 10 18.687
3 11 96.721
3 12 27.281
3 13 3.2
3 14 7.256
3 15 34.675
3 16 5.958
3 17 81.921
3 18 28.076
3 19 1.067
3 20 54.091
3 21 21.23
3 22 73.415
3 23 65.507
3 24 96.036
3 25 63.063
3 26 55.796
3 27 93.168
3 28 73.008
3 29 21.437
4 5 3.019
4 6 88.563
4 7 76.017
4 8 17.593
4 9 54.752
4 10 80.205
4 11 23.226
4 12 39.283
4 13 26.365
4 14 65.909
4 15 28.632
4 16 49.508
4 17 57.865
4 18 61.413
4 19 83.627
4 20 78.472
4 21 92.183
4 22 92.868
4 23 57.698
4 24 73.822
4 25 87.849
4 26 43.227
4 27 36.096
4 28 55.546
4 29 47.644
5 6 20.08
5 7 54.261
5 8 11.883
5 9 86.306
5 10 71.85
5 11 37.982
5 12 48.408
5 13 54.107
5 14 49.962
5 15 30.27
5 16 72.302
5 17 3.809
5 18 65.504
5 19 76.904
5 20 94.128
5 21 96.778
5 22 37.765
5 23 93.595
5 24 64.606
5 25 30.114
5 26 64.953
5 27 40.603
5 28 6.349
5 29 29.642
6 7 94.517
6 8 31.657
6 9 38.164
6 10 61.274
6 11 85.303
6 12 69.078
6 13 23.516
6 14 71.411
6 15 48.479
6 16 16.363
6 17 9.914
6 18 85.663
6 19 17.129
6 20 44.715
6 21 76.377
6 22 50.142
6 23 49.165
6 24 72.341
6 25 31.304
6 26 76.931
6 27 96.307
6 28 90.934
6 29 96.982
7 8 55.227
7 9 76.033
7 10 65.876
7 11 59.961
7 12 93.058
7 13 81.693
7 14 46.033
7 15 16.529
7 16 61.871
7 17 36.652
7 18 41.223
7 19 64.571
7 20 19.432
7 21 38.628
7 22 71.169
7 23 76.542
7 24 50.946
7 25 27.368
7 26 65.603
7 27 27.603
7 28 24.848
7 29 74.913
8 9 66.917
8 10 30.883
8 11 28.353
8 12 33.478
8 13 76.98
8 14 83.326
8 15 29.022
8 16 60.552
8 17 23.156
8 18 18.159
8 19 1.203
8 20 46.304
8 21 43.734
8 22 14.779
8 23 81.741
8 24 44.926
8 25 80.953
8 26 76.393
8 27 14.251
8 28 88.41
8 29 92.144
9 10 76.408
9 11 70.691
9 12 43.166
9 13 3.353
9 14 19.151
9 15 52.578
9 16 42.175
9 17 42.1
9 18 2.508
9 19 2.913
9 20 46.622
9 21 64.034
9 22 75.265
9 23 12.915
9 24 73.762
9 25 14.227
9 26 85.256
9 27 69.13
9 28 99.1
9 29 46.332
10 11 1.038
10 12 81.85
10 13 76.744
10 14 99.168
10 15 75.706
10 16 54.85
10 17 30.32
10 18 69.277
10 19 78.373
10 20 6.972
10 21 11.923
10 22 38.107
10 23 14.457
10 24 1.928
10 25 77.133
10 26 84.332
10 27 44.687
10 28 62.366
10 29 77.935
11 12 95.128
11 13 30.04
11 14 5.423
11 15 27.276
11 16 75.366
11 17 74.366
11 18 80.823
11 19 28.892
11 20 93.802
11 21 27.929
11 22 84.839
11 23 91.152
11 24 41.804
11 25 39.58
11 26 6.404
11 27 50.432
11 28 30.154
11 29 77.164
12 13 73.984
12 14 6.566
12 15 2.45
12 16 1.145
12 17 4.897
12 18 32.569
12 19 16.161
12 20 22.557
12 21 21.438
12 22 82.44
12 23 80.626
12 24 77.229
12 25 28.15
12 26 19.209
12 27 90.006
12 28 28.119
12 29 89.402
13 14 81.0
13 15 12.958
13 16 60.916
13 17 21.129
13 18 1.437
13 19 51.531
13 20 47.646
13 21 58.142
13 22 6.41
13 23 9.352
13 24 9.362
13 25 71.137
13 26 71.043
13 27 24.039
13 28 48.479
13 29 40.221
14 15 23.143
14 16 51.006
14 17 47.271
14 18 74.493
14 19 1.604
14 20 86.871
14 21 13.256
14 22 62.055
14 23 72.043
14 24 35.901
14 25 97.928
14 26 78.884
14 27 1.072
14 28 25.903
14 29 21.826
15 16 92.166
15 17 2.92
15 18 5.705
15 19 71.494
15 20 33.698
15 21 90.874
15 22 29.633
15 23 37.672
15 24 67.077
15 25 83.112
15 26 24.177
15 27 76.656
15 28 81.805
15 29 81.012
16 17 24.166
16 18 27.076
16 19 9.252
16 20 77.559
16 21 98.787
16 22 66.489
16 23 40.479
16 24 42.169
16 25 3.181
16 26 76.768
16 27 31.266
16 28 80.557
16 29 7.551
17 18 96.109
17 19 4.627
17 20 2.243
17 21 4.457
17 22 88.43
17 23 99.809
17 24 74.068
17 25 32.036
17 26 48.995
17 27 12.596
17 28 24.386
17 29 4.66
18 19 84.455
18 20 19.889
18 21 89.065
18 22 35.934
18 23 33.79
18 24 1.219
18 25 51.904
18 26 12.487
18 27 79.538
18 28 58.48
18 29 71.661
19 20 70.615
19 21 33.391
19 22 39.244
19 23 79.489
19 24 24.098
19 25 14.148
19 26 21.322
19 27 50.655
19 28 72.345
19 29 83.843
20 21 1.477
20 22 26.018
20 23 74.121
20 24 97.319
20 25 47.681
20 26 10.169
20 27 14.768
20 28 80.043
20 29 93.476
21 22 18.592
21 23 36.718
21 24 67.752
21 25 83.691
21 26 8.929
21 27 9.544
21 28 82.56
21 29 78.606
22 23 45.521
22 24 10.591
22 25 51.64
22 26 18.569
22 27 15.95
22 28 73.317
22 29 76.831
23 24 50.529
23 25 20.257
23 26 79.412
23 27 45.326
23 28 77.341
23 29 94.899
24 25 31.991
24 26 7.312
24 27 41.733
24 28 98.897
24 29 88.101
25 26 80.522
25 27 92.3
25 28 79.018
25 29 35.303
26 27 16.481
26 28 15.667
26 29 2.012
27 28 17.79
27 29 98.704
28 29 38.412