30
2 1 77.791
2 0 82.504
3 1 64.202
3 0 87.613
4 2 18.649
4 0 42.915
4 1 47.449
5 3 15.3
5 1 71.988
5 4 69.230
5 0 10.59
6 2 75.688
6 0 76.713
6 1 35.4
6 5 96.804
7 4 63.139
7 6 17.598
7 2 70.784
8 2 92.203
8 0 16.838
8 3 39.128
8 4 36.427
8 7 96.0
8 1 25.815
8 6 72.150
8 5 76.783
9 5 5.114
9 6 28.379
9 4 37.714
9 8 15.108
9 2 76.797
9 3 66.990
9 0 95.595
10 2 35.447
10 4 33.380
10 0 35.307
10 6 98.869
10 5 78.973
10 8 64.485
11 8 34.22
11 3 67.742
11 2 5.947
12 8 82.185
12 0 86.818
12 9 97.938
12 5 60.379
12 1 95.97
12 4 60.0
12 7 72.733
12 6 34.395
12 11 41.954
12 2 88.901
13 4 56.845
13 8 76.266
13 6 54.935
13 2 49.275
13 5 84.351
13 9 52.676
13 1 50.430
13 10 32.575
13 3 63.772
14 6 42.650
14 3 10.719
15 10 21.741
15 2 70.903
15 4 81.429
16 1 40.772
16 4 86.771
16 14 87.660
16 3 73.924
16 12 9.301
16 11 22.859
16 9 62.111
16 6 43.838
16 15 63.894
17 13 52.194
17 12 36.909
17 10 97.80
17 11 14.856
17 3 25.705
17 9 2.350
17 7 35.498
17 15 44.459
17 14 2.618
17 5 19.992
17 4 74.401
17 8 89.713
17 1 87.5
17 16 93.640
17 0 72.790
17 6 11.199
17 2 15.285
18 3 54.685
18 2 46.618
18 7 62.664
18 5 98.128
18 10 44.596
18 16 30.867
18 13 28.414
18 11 15.823
19 15 68.718
19 16 17.783
19 4 23.572
19 12 20.876
19 2 61.824
19 5 27.22
19 18 51.535
19 17 33.573
19 7 57.121
19 9 75.811
19 13 4.739
20 7 72.779
20 11 79.245
20 9 7.522
20 6 98.524
20 10 1.853
20 18 95.932
20 15 37.540
20 13 84.341
20 2 61.903
20 14 74.747
20 1 12.724
20 3 61.506
20 4 64.228
20 8 29.360
20 0 30.835
21 18 27.310
21 11 54.374
21 5 28.857
21 15 34.268
21 7 40.784
21 3 93.564
21 9 50.81
21 13 8.674
21 10 8.192
21 16 26.911
21 17 14.503
21 19 25.196
21 20 93.541
21 2 30.94
21 14 28.571
21 6 22.166
21 12 43.695
21 4 52.175
21 1 95.823
21 8 58.609
21 0 97.503
22 18 34.842
22 4 27.627
22 9 65.439
22 8 58.338
22 19 65.834
22 1 52.804
22 2 38.911
22 14 32.306
22 12 99.11
23 10 40.448
23 7 16.564
23 12 20.883
23 13 93.553
23 5 5.882
23 20 93.189
23 6 51.68
23 17 18.419
23 21 32.650
23 18 54.486
23 2 56.477
23 0 81.288
23 11 15.215
23 22 3.517
23 4 47.199
23 3 50.698
23 1 7.560
23 9 27.40
23 15 55.195
23 8 62.673
23 16 89.318
23 14 26.83
23 19 71.913
24 0 42.297
24 21 28.634
24 16 28.576
24 22 86.40
24 17 48.667
24 15 67.202
24 4 50.546
24 5 16.662
24 2 21.213
24 6 83.951
25 0 79.238
25 9 10.114
25 21 80.204
25 15 37.717
25 11 81.327
25 12 44.2
25 5 77.500
25 10 1.935
25 23 61.360
25 8 38.705
25 24 79.749
25 20 81.727
25 19 25.959
25 1 82.67
25 4 26.968
25 22 13.281
25 16 78.57
25 6 36.845
25 17 18.923
25 18 8.191
25 2 3.710
25 3 87.167
25 14 40.948
26 8 53.470
26 2 15.152
26 6 89.970
26 14 98.425
26 19 89.798
26 18 28.982
26 21 74.399
26 16 37.809
26 17 14.500
26 0 64.825
27 6 67.831
27 21 50.627
27 14 58.47
27 7 38.638
27 12 89.924
27 17 89.845
27 16 85.176
27 15 34.144
27 2 67.356
27 24 88.159
27 26 66.895
27 19 91.860
27 18 83.106
27 8 3.730
27 0 91.365
27 23 43.288
28 11 33.296
28 27 3.677
28 0 88.837
28 20 77.58
28 1 9.264
28 4 1.70
28 13 75.416
28 24 55.14
28 10 49.639
28 12 70.297
28 26 60.362
28 22 78.954
28 21 23.451
28 25 70.879
28 16 58.635
28 17 61.933
28 2 31.890
28 19 98.329
28 7 74.228
28 14 41.918
28 15 61.565
28 8 80.280
28 3 26.733
28 18 23.228
28 9 55.628
28 6 41.807
28 5 78.731
29 20 83.956
29 18 85.112
29 13 76.799
29 14 55.972
29 3 18.691
29 10 57.307
29 9 61.525
29 5 99.68
29 16 67.701
29 7 82.922
29 8 82.698
29 2 54.255
29 21 43.767
29 26 10.373
29 12 52.457
29 0 28.371
29 27 64.461
29 15 5.81
29 25 37.993
29 24 99.127
29 11 57.189
29 19 70.779
29 17 61.993
29 23 67.0
29 22 5.293
29 6 68.575
29 28 47.532
