25
0 1 18
0 1 57
0 5 60
5 6 6
5 6 56
5 1 15
5 10 21
10 11 63
10 11 7
10 6 85
10 15 93
15 16 89
15 16 59
15 11 5
15 20 18
20 21 86
20 21 22
20 16 75
1 2 55
1 2 27
1 6 7
6 7 56
6 7 61
6 2 61
6 11 99
11 12 48
11 12 70
11 7 83
11 16 48
16 17 78
16 17 5
16 12 15
16 21 82
21 22 18
21 22 79
21 17 11
2 3 49
2 3 13
2 7 9
7 8 28
7 8 9
7 3 41
7 12 95
12 13 71
12 13 50
12 8 72
12 17 91
17 18 20
17 18 62
17 13 60
17 22 22
22 23 57
22 23 80
22 18 50
3 4 71
3 4 79
3 8 36
8 9 8
8 9 93
8 4 22
8 13 78
13 14 87
13 14 69
13 9 89
13 18 6
18 19 93
18 19 80
18 14 33
18 23 32
23 24 42
23 24 29
23 19 36
4 9 51
9 14 71
14 19 35
19 24 3
