30
0 27 85
0 1 9
0 4 29
0 5 13
0 6 11
0 7 8
0 8 5
0 9 2
0 10 60
0 12 39
0 14 45
0 15 90
0 16 43
0 17 89
0 18 45
0 19 70
0 20 1
0 21 68
0 22 67
0 23 7
0 24 3
1 25 51
1 26 57
1 27 53
1 28 55
1 29 91
1 2 84
1 3 71
1 4 66
2 5 53
2 6 22
2 7 25
3 8 29
3 9 20
3 10 21
4 11 24
4 12 22
4 13 72
4 14 22
5 15 11
5 16 14
5 17 15
5 18 15
6 19 14
6 21 11
6 22 14
7 23 18
7 24 17
7 25 13
7 26 15
7 27 12
8 28 11
8 29 15
8 4 12
8 2 76
8 28 92
9 10 4
9 19 07
9 25 82
9 28 66
10 11 44
10 21 31
10 24 20
10 26 8
11 15 2
11 23 8
11 26 4
12 13 7
12 14 9
12 28 9
13 20 8
14 28 5
15 26 5
16 20 4
16 27 9
16 29 8
17 20 5
17 13 1
17 4 9
17 1 44
18 4 33
19 3 22
20 5 11
20 9 1
20 8 99
20 6 88
21 2 77
21 9 66
22 2 55
24 5 44
24 3 33
24 2 22
26 1 11
