30
0 1 71.256
0 29 93.942
0 2 71.256
0 28 25.985
1 2 91.536
1 3 91.536
1 29 93.942
2 3 35.788
2 4 35.788
3 4 41.228
3 5 41.228
4 5 10.842
4 6 10.842
5 6 35.238
5 7 35.238
6 7 33.179
6 8 33.179
7 8 73.79
7 9 73.79
8 9 57.286
8 10 57.286
9 10 61.796
9 11 61.796
10 11 91.164
10 12 91.164
11 12 18.656
11 13 18.656
12 13 16.474
12 14 16.474
13 14 50.217
13 15 50.217
14 15 77.886
14 16 77.886
15 16 34.558
15 17 34.558
16 17 4.064
16 18 4.064
17 18 51.285
17 19 51.285
18 19 19.228
18 20 19.228
19 20 17.131
19 21 17.131
20 21 18.139
20 22 18.139
21 22 3.442
21 23 3.442
22 23 51.818
22 24 51.818
23 24 3.586
23 25 3.586
24 25 97.204
24 26 97.204
25 26 46.372
25 27 46.372
26 27 19.529
26 28 19.529
27 28 59.884
27 29 59.884
28 29 25.985