25
0 1 95
0 2 35
0 3 96
0 4 57
0 5 7
0 6 90
0 7 14
0 8 46
0 9 38
0 10 74
0 11 40
0 12 81
0 13 74
0 14 18
0 15 98
0 16 76
0 17 83
0 18 11
0 19 78
0 20 50
0 21 54
0 22 63
0 23 96
0 24 40
1 2 43
1 3 36
1 4 43
1 5 60
1 6 51
1 7 36
1 8 16
1 9 14
1 10 88
1 11 74
1 12 74
1 13 62
1 14 27
1 15 56
1 16 51
1 17 26
1 18 8
1 19 23
1 20 78
1 21 58
1 22 37
1 23 10
1 24 39
2 3 97
2 4 77
2 5 65
2 6 5
2 7 45
2 8 97
2 9 10
2 10 45
2 11 51
2 12 57
2 13 17
2 14 76
2 15 85
2 16 67
2 17 58
2 18 23
2 19 58
2 20 87
2 21 28
2 22 64
2 23 91
2 24 28
3 4 9
3 5 6
3 6 81
3 7 88
3 8 45
3 9 86
3 10 8
3 11 66
3 12 17
3 13 56
3 14 70
3 15 57
3 16 68
3 17 4
3 18 87
3 19 48
3 20 41
3 21 29
3 22 41
3 23 52
3 24 78
4 5 57
4 6 34
4 7 5
4 8 3
4 9 12
4 10 21
4 11 96
4 12 28
4 13 52
4 14 32
4 15 94
4 16 84
4 17 55
4 18 24
4 19 63
4 20 84
4 21 93
4 22 93
4 23 33
4 24 9
5 6 62
5 7 37
5 8 95
5 9 87
5 10 56
5 11 94
5 12 21
5 13 23
5 14 50
5 15 44
5 16 13
5 17 10
5 18 3
5 19 56
5 20 19
5 21 95
5 22 96
5 23 15
5 24 17
6 7 47
6 8 52
6 9 53
6 10 27
6 11 21
6 12 54
6 13 6
6 14 4
6 15 96
6 16 15
6 17 11
6 18 72
6 19 60
6 20 1
6 21 70
6 22 56
6 23 31
6 24 19
7 8 88
7 9 2
7 10 21
7 11 37
7 12 26
7 13 53
7 14 34
7 15 50
7 16 12
7 17 75
7 18 81
7 19 36
7 20 58
7 21 27
7 22 44
7 23 11
7 24 53
8 9 69
8 10 4
8 11 70
8 12 71
8 13 85
8 14 91
8 15 32
8 16 1
8 17 85
8 18 99
8 19 19
8 20 67
8 21 32
8 22 87
8 23 12
8 24 83
9 10 10
9 11 26
9 12 28
9 13 3
9 14 89
9 15 26
9 16 13
9 17 96
9 18 23
9 19 47
9 20 10
9 21 86
9 22 85
9 23 65
9 24 72
10 11 17
10 12 5
10 13 22
10 14 37
10 15 82
10 16 12
10 17 76
10 18 50
10 19 64
10 20 43
10 21 81
10 22 18
10 23 91
10 24 23
11 12 34
11 13 27
11 14 38
11 15 46
11 16 4
11 17 54
11 18 25
11 19 22
11 20 39
11 21 70
11 22 66
11 23 56
11 24 72
12 13 59
12 14 26
12 15 18
12 16 51
12 17 56
12 18 40
12 19 40
12 20 39
12 21 9
12 22 71
12 23 88
12 24 65
13 14 36
13 15 89
13 16 46
13 17 30
13 18 13
13 19 72
13 20 14
13 21 23
13 22 34
13 23 15
13 24 61
14 15 8
14 16 94
14 17 60
14 18 45
14 19 77
14 20 3
14 21 65
14 22 96
14 23 5
14 24 67
15 16 26
15 17 49
15 18 18
15 19 1
15 20 55
15 21 23
15 22 17
15 23 44
15 24 73
16 17 92
16 18 74
16 19 9
16 20 53
16 21 50
16 22 99
16 23 53
16 24 91
17 18 21
17 19 94
17 20 37
17 21 19
17 22 30
17 23 3
17 24 96
18 19 44
18 20 28
18 21 11
18 22 75
18 23 21
18 24 7
19 20 74
19 21 97
19 22 50
19 23 44
19 24 44
20 21 30
20 22 12
20 23 90
20 24 21
21 22 98
21 23 89
21 24 20
22 23 44
22 24 52
23 24 17