29
0 1 95
0 2 47
0 3 30
0 4 90
0 5 55
0 6 87
0 7 76
0 8 99
0 9 84
0 10 8
0 11 38
0 12 76
0 13 39
0 14 3
0 15 12
0 16 32
0 17 3
0 18 29
0 19 25
0 20 74
0 21 57
0 22 69
0 23 87
0 24 69
0 25 11
0 26 30
0 27 4
0 28 75
1 2 29
1 3 36
1 4 16
1 5 12
1 6 42
1 7 39
1 8 43
1 9 79
1 10 22
1 11 60
1 12 18
1 13 26
1 14 22
1 15 12
1 16 37
1 17 56
1 18 76
1 19 28
1 20 39
1 21 53
1 22 18
1 23 29
1 24 3
1 25 67
1 26 55
1 27 88
1 28 18
2 3 96
2 4 62
2 5 51
2 6 67
2 7 91
2 8 56
2 9 77
2 10 1
2 11 10
2 12 29
2 13 68
2 14 11
2 15 14
2 16 49
2 17 80
2 18 36
2 19 77
2 20 4
2 21 61
2 22 34
2 23 77
2 24 61
2 25 38
2 26 60
2 27 2
2 28 47
3 4 29
3 5 14
3 6 75
3 7 26
3 8 71
3 9 98
3 10 34
3 11 18
3 12 85
3 13 4
3 14 24
3 15 8
3 16 93
3 17 94
3 18 18
3 19 52
3 20 50
3 21 22
3 22 94
3 23 12
3 24 97
3 25 14
3 26 72
3 27 93
3 28 23
4 5 75
4 6 40
4 7 80
4 8 3
4 9 54
4 10 74
4 11 60
4 12 60
4 13 97
4 14 99
4 15 10
4 16 61
4 17 55
4 18 61
4 19 69
4 20 44
4 21 3
4 22 83
4 23 38
4 24 70
4 25 35
4 26 86
4 27 39
4 28 10
5 6 6
5 7 61
5 8 49
5 9 4
5 10 92
5 11 73
5 12 28
5 13 69
5 14 96
5 15 17
5 16 62
5 17 63
5 18 68
5 19 3
5 20 61
5 21 39
5 22 56
5 23 59
5 24 49
5 25 13
5 26 33
5 27 91
5 28 70
6 7 48
6 8 92
6 9 29
6 10 91
6 11 8
6 12 28
6 13 9
6 14 76
6 15 33
6 16 58
6 17 3
6 18 82
6 19 95
6 20 96
6 21 41
6 22 65
6 23 39
6 24 48
6 25 15
6 26 21
6 27 42
6 28 93
7 8 5
7 9 95
7 10 34
7 11 45
7 12 17
7 13 57
7 14 51
7 15 38
7 16 17
7 17 78
7 18 42
7 19 60
7 20 87
7 21 88
7 22 34
7 23 35
7 24 64
7 25 13
7 26 30
7 27 66
7 28 68
8 9 8
8 10 39
8 11 15
8 12 66
8 13 39
8 14 83
8 15 82
8 16 97
8 17 4
8 18 76
8 19 74
8 20 55
8 21 88
8 22 23
8 23 35
8 24 25
8 25 21
8 26 72
8 27 26
8 28 7
9 10 11
9 11 67
9 12 16
9 13 20
9 14 51
9 15 28
9 16 86
9 17 13
9 18 58
9 19 94
9 20 91
9 21 23
9 22 80
9 23 94
9 24 33
9 25 76
9 26 69
9 27 55
9 28 74
10 11 34
10 12 94
10 13 37
10 14 30
10 15 58
10 16 12
10 17 4
10 18 18
10 19 72
10 20 28
10 21 65
10 22 36
10 23 72
10 24 43
10 25 45
10 26 65
10 27 8
10 28 85
11 12 20
11 13 57
11 14 71
11 15 40
11 16 66
11 17 41
11 18 81
11 19 50
11 20 41
11 21 99
11 22 14
11 23 62
11 24 71
11 25 35
11 26 99
11 27 34
11 28 33
12 13 76
12 14 43
12 15 63
12 16 60
12 17 13
12 18 58
12 19 68
12 20 72
12 21 59
12 22 92
12 23 32
12 24 9
12 25 80
12 26 75
12 27 63
12 28 61
13 14 41
13 15 8
13 16 29
13 17 13
13 18 27
13 19 73
13 20 66
13 21 95
13 22 30
13 23 33
13 24 21
13 25 29
13 26 35
13 27 31
13 28 38
14 15 18
14 16 23
14 17 48
14 18 88
14 19 51
14 20 85
14 21 91
14 22 16
14 23 31
14 24 66
14 25 36
14 26 41
14 27 3
14 28 28
15 16 98
15 17 16
15 18 49
15 19 26
15 20 69
15 21 8
15 22 5
15 23 16
15 24 29
15 25 41
15 26 65
15 27 83
15 28 30
16 17 75
16 18 94
16 19 37
16 20 35
16 21 13
16 22 91
16 23 36
16 24 16
16 25 77
16 26 76
16 27 69
16 28 15
17 18 91
17 19 32
17 20 27
17 21 96
17 22 27
17 23 29
17 24 3
17 25 57
17 26 25
17 27 62
17 28 56
18 19 69
18 20 2
18 21 10
18 22 27
18 23 24
18 24 50
18 25 64
18 26 56
18 27 90
18 28 97
19 20 88
19 21 3
19 22 47
19 23 28
19 24 65
19 25 94
19 26 63
19 27 65
19 28 31
20 21 60
20 22 74
20 23 18
20 24 69
20 25 15
20 26 64
20 27 90
20 28 80
21 22 14
21 23 47
21 24 62
21 25 82
21 26 33
21 27 56
21 28 90
22 23 84
22 24 51
22 25 24
22 26 80
22 27 72
22 28 70
23 24 18
23 25 11
23 26 19
23 27 6
23 28 12
24 25 45
24 26 32
24 27 4
24 28 30
25 26 26
25 27 54
25 28 82
26 27 1
26 28 31
27 28 54