29
0 1 36
0 2 40
0 3 88
0 4 20
0 5 52
0 6 97
0 7 57
0 8 77
0 9 2
0 10 20
0 11 24
0 12 16
0 13 33
0 14 37
0 15 92
0 16 32
0 17 19
0 18 1
0 19 74
0 20 69
0 21 2
0 22 90
0 23 91
0 24 26
0 25 35
0 26 47
0 27 27
0 28 22
1 2 79
1 3 66
1 4 51
1 5 94
1 6 27
1 7 12
1 8 2
1 9 67
1 10 58
1 11 54
1 12 98
1 13 26
1 14 38
1 15 59
1 16 89
1 17 20
1 18 40
1 19 88
1 20 65
1 21 56
1 22 23
1 23 42
1 24 85
1 25 85
1 26 82
1 27 31
1 28 19
2 3 70
2 4 64
2 5 85
2 6 98
2 7 17
2 8 63
2 9 49
2 10 11
2 11 63
2 12 1
2 13 71
2 14 23
2 15 91
2 16 21
2 17 26
2 18 35
2 19 93
2 20 63
2 21 71
2 22 70
2 23 10
2 24 82
2 25 44
2 26 3
2 27 26
2 28 45
3 4 70
3 5 69
3 6 46
3 7 78
3 8 59
3 9 17
3 10 94
3 11 98
3 12 85
3 13 45
3 14 5
3 15 90
3 16 72
3 17 53
3 18 48
3 19 1
3 20 43
3 21 30
3 22 23
3 23 18
3 24 36
3 25 14
3 26 74
3 27 79
3 28 67
4 5 37
4 6 88
4 7 56
4 8 90
4 9 63
4 10 29
4 11 64
4 12 18
4 13 69
4 14 70
4 15 28
4 16 18
4 17 66
4 18 34
4 19 57
4 20 90
4 21 78
4 22 26
4 23 35
4 24 7
4 25 22
4 26 7
4 27 75
4 28 68
5 6 1
5 7 68
5 8 92
5 9 19
5 10 38
5 11 88
5 12 36
5 13 48
5 14 48
5 15 63
5 16 85
5 17 67
5 18 24
5 19 20
5 20 9
5 21 33
5 22 65
5 23 69
5 24 58
5 25 53
5 26 58
5 27 94
5 28 81
6 7 79
6 8 59
6 9 23
6 10 19
6 11 79
6 12 60
6 13 32
6 14 94
6 15 29
6 16 39
6 17 84
6 18 97
6 19 84
6 20 22
6 21 44
6 22 76
6 23 57
6 24 13
6 25 6
6 26 93
6 27 25
6 28 57
7 8 45
7 9 14
7 10 75
7 11 87
7 12 56
7 13 38
7 14 76
7 15 64
7 16 4
7 17 72
7 18 10
7 19 69
7 20 28
7 21 33
7 22 43
7 23 18
7 24 9
7 25 90
7 26 85
7 27 6
7 28 27
8 9 93
8 10 11
8 11 40
8 12 40
8 13 68
8 14 38
8 15 75
8 16 86
8 17 30
8 18 3
8 19 96
8 20 31
8 21 89
8 22 98
8 23 61
8 24 29
8 25 18
8 26 36
8 27 42
8 28 14
9 10 35
9 11 64
9 12 36
9 13 57
9 14 6
9 15 38
9 16 39
9 17 47
9 18 29
9 19 58
9 20 54
9 21 22
9 22 28
9 23 51
9 24 31
9 25 9
9 26 35
9 27 90
9 28 97
10 11 37
10 12 69
10 13 91
10 14 7
10 15 38
10 16 14
10 17 3
10 18 28
10 19 8
10 20 55
10 21 98
10 22 1
10 23 35
10 24 17
10 25 18
10 26 87
10 27 71
10 28 6
11 12 12
11 13 34
11 14 36
11 15 13
11 16 22
11 17 45
11 18 27
11 19 57
11 20 93
11 21 82
11 22 86
11 23 5
11 24 47
11 25 29
11 26 82
11 27 45
11 28 25
12 13 88
12 14 97
12 15 34
12 16 44
12 17 79
12 18 98
12 19 93
12 20 16
12 21 5
12 22 46
12 23 38
12 24 28
12 25 33
12 26 69
12 27 87
12 28 13
13 14 20
13 15 48
13 16 10
13 17 14
13 18 52
13 19 56
13 20 58
13 21 12
13 22 7
13 23 49
13 24 97
13 25 29
13 26 5
13 27 25
13 28 81
14 15 25
14 16 72
14 17 66
14 18 36
14 19 27
14 20 9
14 21 12
14 22 40
14 23 2
14 24 23
14 25 45
14 26 79
14 27 5
14 28 14
15 16 65
15 17 59
15 18 38
15 19 70
15 20 96
15 21 90
15 22 38
15 23 41
15 24 48
15 25 38
15 26 45
15 27 39
15 28 99
16 17 92
16 18 93
16 19 61
16 20 88
16 21 23
16 22 28
16 23 63
16 24 24
16 25 16
16 26 14
16 27 79
16 28 13
17 18 9
17 19 33
17 20 56
17 21 76
17 22 27
17 23 24
17 24 87
17 25 83
17 26 90
17 27 78
17 28 49
18 19 58
18 20 97
18 21 5
18 22 87
18 23 6
18 24 99
18 25 66
18 26 30
18 27 97
18 28 14
19 20 25
19 21 54
19 22 27
19 23 93
19 24 52
19 25 23
19 26 80
19 27 25
19 28 26
20 21 5
20 22 8
20 23 49
20 24 19
20 25 75
20 26 38
20 27 99
20 28 12
21 22 47
21 23 21
21 24 47
21 25 24
21 26 47
21 27 10
21 28 61
22 23 9
22 24 86
22 25 76
22 26 1
22 27 22
22 28 9
23 24 73
23 25 95
23 26 36
23 27 25
23 28 73
24 25 46
24 26 53
24 27 11
24 28 7
25 26 64
25 27 57
25 28 45
26 27 38
26 28 45
27 28 46