27
0 2 54.3
0 4 27.043
0 6 96.64
0 7 74.759
0 8 6.0
0 9 54.7
0 10 78.0
0 11 59.696
0 12 21.0
0 13 90.0
0 16 70.68
0 17 22.0
0 19 85.0
0 20 53.0
0 24 25.377
1 3 62.0
1 4 82.39
1 6 7.7
1 8 90.4
1 10 77.673
1 11 3.9
1 15 83.787
1 16 13.557
1 18 13.0
1 19 94.0
1 20 73.042
1 24 25.04
1 25 74.0
1 26 63.407
2 6 56.299
2 7 18.193
2 8 62.974
2 9 36.7
2 10 24.397
2 12 67.888
2 14 35.274
2 15 10.0
2 16 23.0
2 26 75.733
3 5 21.0
3 7 56.297
3 10 8.48
3 13 65.018
3 15 2.1
3 21 94.4
3 22 30.028
3 25 99.572
3 26 60.0
4 6 65.638
4 11 25.86
4 13 76.39
4 16 34.6
4 18 12.29
4 20 80.2
4 23 5.147
4 26 64.68
5 6 41.95
5 7 63.29
5 8 12.99
5 9 50.9
5 10 43.7
5 11 91.0
5 12 30.85
5 15 72.0
5 17 77.1
5 18 9.64
5 19 59.7
5 20 10.8
5 21 75.18
5 23 12.1
6 7 24.0
6 8 5.0
6 10 20.848
6 12 46.0
6 14 91.34
6 16 93.2
6 17 52.0
6 21 64.5
6 22 19.174
6 23 18.97
6 24 54.4
6 25 99.18
6 26 26.0
7 8 88.55
7 9 5.3
7 12 99.0
7 14 18.7
7 15 86.8
7 16 18.313
7 17 53.067
7 18 0.691
7 21 57.3
7 23 25.6
7 25 49.786
8 10 90.8
8 13 20.0
8 16 78.14
8 18 47.6
8 21 52.0
8 22 86.76
8 23 98.64
8 24 58.0
8 26 77.1
9 10 42.447
9 11 77.69
9 12 32.0
9 13 90.0
9 14 84.3
9 15 48.0
9 16 2.0
9 18 29.33
9 21 83.6
9 23 89.9
9 26 98.0
10 11 34.4
10 12 87.12
10 13 7.1
10 17 15.0
10 18 11.0
10 19 5.2
10 20 96.7
10 21 18.0
10 22 3.49
10 23 48.7
10 24 65.6
10 26 44.0
11 13 2.0
11 15 29.07
11 16 84.99
11 19 83.713
11 22 40.648
12 13 1.046
12 14 3.8
12 15 76.403
12 16 38.1
12 19 15.0
12 20 41.81
12 25 68.53
13 15 87.581
13 19 28.1
13 20 95.2
13 21 19.473
13 24 25.0
13 25 36.28
14 17 66.48
14 18 63.9
14 21 45.0
14 23 81.525
15 16 66.86
15 17 90.91
15 18 53.182
15 19 13.7
15 20 19.79
15 21 10.29
15 23 88.314
15 24 75.7
15 25 47.0
15 26 11.1
16 19 2.0
16 21 4.953
16 24 58.434
16 25 56.0
17 19 37.952
17 23 53.9
17 24 20.0
17 25 86.093
18 20 33.0
18 23 7.0
19 20 67.39
19 21 78.0
19 23 22.3
19 24 86.8
19 25 62.468
20 22 43.1
20 26 82.216
21 22 49.0
21 23 82.32
21 25 57.6
22 26 81.51
23 25 66.12
24 25 22.0
25 26 71.0