30
0 1 1
0 2 1
0 3 1
0 4 99
0 5 99
0 6 1
0 7 1
0 8 1
0 9 1
0 10 1
0 11 1
0 12 1
0 13 1
0 14 1
0 15 1
0 16 1
0 17 1
0 18 1
0 19 1
0 20 99
0 21 1
0 22 1
0 23 1
0 24 1
0 25 99
0 26 1
0 27 1
0 28 99
0 29 1
1 2 1
1 3 99
1 4 1
1 5 1
1 6 1
1 7 99
1 8 99
1 9 1
1 10 1
1 11 1
1 12 1
1 13 99
1 14 1
1 15 1
1 16 1
1 17 1
1 18 1
1 19 1
1 20 99
1 21 1
1 22 1
1 23 99
1 24 1
1 25 1
1 26 1
1 27 1
1 28 1
1 29 1
2 3 1
2 4 99
2 5 1
2 6 1
2 7 1
2 8 1
2 9 99
2 10 1
2 11 1
2 12 1
2 13 1
2 14 99
2 15 1
2 16 1
2 17 1
2 18 99
2 19 1
2 20 1
2 21 1
2 22 1
2 23 1
2 24 1
2 25 1
2 26 99
2 27 99
2 28 1
2 29 1
3 4 99
3 5 1
3 6 1
3 7 1
3 8 1
3 9 1
3 10 99
3 11 1
3 12 99
3 13 1
3 14 99
3 15 1
3 16 1
3 17 1
3 18 1
3 19 99
3 20 99
3 21 1
3 22 99
3 23 1
3 24 1
3 25 1
3 26 1
3 27 1
3 28 1
3 29 99
4 5 99
4 6 1
4 7 1
4 8 1
4 9 1
4 10 1
4 11 1
4 12 1
4 13 1
4 14 1
4 15 1
4 16 1
4 17 1
4 18 99
4 19 99
4 20 1
4 21 99
4 22 1
4 23 1
4 24 99
4 25 1
4 26 1
4 27 1
4 28 99
4 29 1
5 6 1
5 7 1
5 8 1
5 9 1
5 10 1
5 11 99
5 12 99
5 13 1
5 14 1
5 15 99
5 16 1
5 17 1
5 18 1
5 19 1
5 20 1
5 21 1
5 22 1
5 23 99
5 24 1
5 25 1
5 26 1
5 27 1
5 28 1
5 29 1
6 7 1
6 8 1
6 9 1
6 10 1
6 11 99
6 12 1
6 13 1
6 14 1
6 15 1
6 16 1
6 17 1
6 18 1
6 19 1
6 20 1
6 21 1
6 22 1
6 23 1
6 24 1
6 25 99
6 26 1
6 27 99
6 28 1
6 29 1
7 8 1
7 9 1
7 10 1
7 11 1
7 12 99
7 13 99
7 14 1
7 15 1
7 16 1
7 17 99
7 18 1
7 19 1
7 20 1
7 21 1
7 22 1
7 23 1
7 24 99
7 25 99
7 26 1
7 27 99
7 28 1
7 29 1
8 9 1
8 10 1
8 11 1
8 12 99
8 13 1
8 14 1
8 15 1
8 16 99
8 17 99
8 18 1
8 19 1
8 20 99
8 21 1
8 22 99
8 23 99
8 24 1
8 25 1
8 26 1
8 27 99
8 28 1
8 29 99
9 10 1
9 11 99
9 12 1
9 13 1
9 14 1
9 15 1
9 16 1
9 17 1
9 18 1
9 19 1
9 20 99
9 21 1
9 22 1
9 23 1
9 24 1
9 25 1
9 26 1
9 27 99
9 28 1
9 29 99
10 11 1
10 12 1
10 13 1
10 14 1
10 15 1
10 16 99
10 17 1
10 18 1
10 19 1
10 20 1
10 21 1
10 22 1
10 23 1
10 24 1
10 25 99
10 26 1
10 27 1
10 28 1
10 29 1
11 12 1
11 13 1
11 14 1
11 15 1
11 16 1
11 17 1
11 18 1
11 19 99
11 20 99
11 21 1
11 22 1
11 23 1
11 24 99
11 25 99
11 26 1
11 27 99
11 28 1
11 29 1
12 13 1
12 14 1
12 15 1
12 16 99
12 17 1
12 18 99
12 19 1
12 20 1
12 21 1
12 22 1
12 23 1
12 24 99
12 25 1
12 26 1
12 27 1
12 28 1
12 29 99
13 14 1
13 15 99
13 16 1
13 17 1
13 18 1
13 19 1
13 20 1
13 21 1
13 22 99
13 23 1
13 24 1
13 25 1
13 26 99
13 27 1
13 28 1
13 29 99
14 15 99
14 16 1
14 17 99
14 18 1
14 19 99
14 20 1
14 21 1
14 22 1
14 23 1
14 24 99
14 25 1
14 26 1
14 27 1
14 28 99
14 29 1
15 16 99
15 17 1
15 18 1
15 19 1
15 20 1
15 21 1
15 22 1
15 23 99
15 24 1
15 25 99
15 26 1
15 27 1
15 28 1
15 29 99
16 17 99
16 18 1
16 19 1
16 20 1
16 21 1
16 22 99
16 23 1
16 24 1
16 25 1
16 26 1
16 27 1
16 28 1
16 29 1
17 18 1
17 19 1
17 20 1
17 21 1
17 22 1
17 23 1
17 24 1
17 25 1
17 26 1
17 27 1
17 28 1
17 29 1
18 19 1
18 20 99
18 21 99
18 22 1
18 23 1
18 24 1
18 25 99
18 26 1
18 27 1
18 28 1
18 29 1
19 20 1
19 21 1
19 22 1
19 23 1
19 24 99
19 25 1
19 26 1
19 27 1
19 28 99
19 29 99
20 21 1
20 22 1
20 23 99
20 24 1
20 25 1
20 26 99
20 27 1
20 28 1
20 29 1
21 22 1
21 23 99
21 24 99
21 25 1
21 26 1
21 27 99
21 28 1
21 29 1
22 23 1
22 24 1
22 25 1
22 26 99
22 27 1
22 28 1
22 29 1
23 24 1
23 25 1
23 26 1
23 27 1
23 28 1
23 29 1
24 25 1
24 26 1
24 27 1
24 28 99
24 29 1
25 26 1
25 27 1
25 28 1
25 29 1
26 27 1
26 28 1
26 29 1
27 28 99
27 29 1
28 29 1